235925 19.187 10.0 65.675 0
235955 19.187 10.0 65.737 0
000025 19.125 10.0 65.862 0
000056 19.125 10.0 65.925 0
000126 19.125 10.0 65.987 0
000156 19.125 10.0 65.987 0
000226 19.125 10.0 65.987 0
000256 19.125 10.0 65.987 0
000326 19.125 10.0 65.987 0
000357 19.125 10.0 65.987 0
000427 19.125 10.0 65.987 0
000457 19.125 10.0 65.987 0
000527 19.125 10.0 65.987 0
000557 19.125 10.0 65.987 0
000628 19.125 10.0 65.987 0
000658 19.125 10.0 65.987 0
000729 19.125 10.0 65.925 0
000759 19.062 10.0 65.925 0
000829 19.062 10.0 65.925 0
000859 19.062 10.0 65.925 0
000929 19.062 10.0 65.925 0
000959 19.062 10.0 65.862 0
001030 19.062 10.0 65.862 0
001100 19.062 10.0 65.862 0
001130 19.062 10.0 65.862 0
001200 19.062 10.0 65.862 0
001230 19.062 10.0 65.8 0
001301 19.062 10.0 65.8 0
001332 19.062 10.0 65.8 0
001403 19.062 10.0 65.862 0
001433 19.062 10.0 66.05 0
001503 19.062 10.0 66.112 0
001534 18.687 10.0 66.112 0
001604 18.687 10.0 66.112 0
001634 18.687 10.0 66.112 0
001704 18.687 10.0 66.112 0
001735 18.687 10.0 66.112 0
001805 18.375 10.0 66.112 0
001836 18.375 10.0 66.112 0
001906 18.375 10.0 66.112 0
001936 18.375 10.0 66.05 0
002007 18.375 10.0 66.05 0
002037 18.062 10.0 66.05 0
002107 18.062 10.0 66.05 0
002138 18.062 10.0 66.05 0
002208 18.062 10.0 66.05 0
002238 18.062 10.0 65.987 0
002309 17.875 10.0 65.987 0
002339 17.875 10.0 65.987 0
002410 17.875 10.0 65.925 0
002440 17.875 10.0 65.925 0
002510 17.875 10.0 65.925 0
002540 17.687 10.0 65.925 0
002611 17.687 10.0 65.862 0
002641 17.687 10.0 65.862 0
002712 17.687 10.0 65.8 0
002743 17.687 10.0 65.8 0
002813 17.625 10.0 65.8 0
002843 17.625 10.0 65.737 0
002913 17.625 10.0 65.737 0
002944 17.625 10.0 65.737 0
003014 17.625 10.0 65.737 0
003044 17.5 10.0 65.737 0
003115 17.5 10.0 65.675 0
003145 17.5 10.0 65.675 0
003216 17.5 10.0 65.675 0
003246 17.5 10.0 65.675 0
003317 17.437 10.0 65.612 0
003347 17.437 10.0 65.612 0
003417 17.437 10.0 65.612 0
003447 17.437 10.0 65.55 0
003518 17.437 10.0 65.55 0
003548 17.312 10.0 65.55 0
003618 17.312 10.0 65.55 0
003648 17.312 10.0 65.487 0
003719 17.312 10.0 65.487 0
003750 17.312 10.0 65.487 0
003820 17.25 10.0 65.487 0
003851 17.25 10.0 65.425 0
003921 17.25 10.0 65.425 0
003951 17.25 10.0 65.425 0
004024 17.187 10.0 65.362 0
004054 17.187 10.0 65.362 0
004124 17.187 10.0 65.362 0
004154 17.187 10.0 65.3 0
004224 17.187 10.0 65.3 0
004254 17.125 10.0 65.3 0
004325 17.125 10.0 65.3 0
004355 17.125 10.0 65.237 0
004426 17.125 10.0 65.237 0
004456 17.125 10.0 65.175 0
004526 17.062 10.0 65.175 0
004557 17.062 10.0 65.112 0
004627 17.062 10.0 65.112 0
004657 17.062 10.0 65.112 0
004727 17.062 10.0 65.05 0
004758 17.062 10.0 65.05 0
004828 17.062 10.0 64.987 0
004859 17.062 10.0 64.987 0
004929 17.062 10.0 64.987 0
005000 17.062 10.0 64.925 0
005030 17.0 10.0 64.925 0
005101 17.0 10.0 64.925 0
005131 17.0 10.0 64.862 0
005201 17.0 10.0 64.862 0
005231 17.0 10.0 64.862 0
005301 16.937 10.0 64.8 0
005331 16.937 10.0 64.8 0
005402 16.937 10.0 64.737 0
005433 16.937 10.0 64.737 0
005503 16.937 10.0 64.737 0
005533 16.875 10.0 64.675 0
005603 16.875 10.0 64.675 0
005633 16.875 10.0 64.675 0
005703 16.875 10.0 64.612 0
005734 16.875 10.0 64.612 0
005804 16.875 10.0 64.612 0
005834 16.875 10.0 64.55 0
005904 16.875 10.0 64.55 0
005935 16.875 10.0 64.487 0
010005 16.875 10.0 64.487 0
010035 16.812 10.0 64.487 0
010106 16.812 10.0 64.55 0
010136 16.812 10.0 64.612 0
010207 16.812 10.0 64.675 0
010237 16.812 10.0 64.737 0
010307 16.75 10.0 64.737 0
010337 16.75 10.0 64.8 0
010408 16.75 10.0 64.8 0
010438 16.75 10.0 64.8 0
010508 16.75 10.0 64.8 0
010539 16.75 10.0 64.8 0
010609 16.75 10.0 64.737 0
010640 16.75 10.0 64.737 0
010710 16.75 10.0 64.737 0
010740 16.75 10.0 64.737 0
010811 16.687 10.0 64.675 0
010841 16.687 10.0 64.675 0
010912 16.687 10.0 64.612 0
010942 16.687 10.0 64.612 0
011013 16.687 10.0 64.55 0
011043 16.687 10.0 64.55 0
011113 16.687 10.0 64.55 0
011144 16.687 10.0 64.487 0
011214 16.687 10.0 64.487 0
011245 16.687 10.0 64.487 0
011316 16.625 10.0 64.425 0
011346 16.625 10.0 64.425 0
011416 16.625 10.0 64.362 0
011446 16.625 10.0 64.362 0
011517 16.625 10.0 64.362 0
011547 16.562 10.0 64.3 0
011617 16.562 10.0 64.3 0
011647 16.562 10.0 64.3 0
011717 16.562 10.0 64.237 0
011747 16.562 10.0 64.237 0
011818 16.562 10.0 64.237 0
011848 16.562 10.0 64.175 0
011919 16.562 10.0 64.175 0
011949 16.562 10.0 64.175 0
012020 16.562 10.0 64.112 0
012050 16.562 10.0 64.112 0
012120 16.562 10.0 64.05 0
012151 16.562 10.0 64.05 0
012221 16.562 10.0 64.05 0
012252 16.562 10.0 64.05 0
012322 16.5 10.0 63.987 0
012352 16.5 10.0 63.987 0
012423 16.5 10.0 63.925 0
012454 16.5 10.0 63.925 0
012524 16.5 10.0 63.925 0
012554 16.5 10.0 63.925 0
012624 16.5 10.0 63.862 0
012655 16.5 10.0 63.862 0
012725 16.5 10.0 63.8 0
012755 16.5 10.0 63.8 0
012825 16.437 10.0 63.8 0
012855 16.437 10.0 63.737 0
012926 16.437 10.0 63.737 0
012956 16.437 10.0 63.737 0
013026 16.437 10.0 63.675 0
013056 16.437 10.0 63.675 0
013126 16.437 10.0 63.612 0
013157 16.437 10.0 63.55 0
013227 16.437 10.0 63.55 0
013300 16.375 10.0 63.487 0
013330 16.375 10.0 63.487 0
013400 16.375 10.0 63.425 0
013430 16.375 10.0 63.425 0
013501 16.375 10.0 63.425 0
013531 16.375 10.0 63.362 0
013601 16.375 10.0 63.362 0
013631 16.375 10.0 63.3 0
013701 16.375 10.0 63.3 0
013732 16.375 10.0 63.3 0
013802 16.375 10.0 63.237 0
013832 16.375 10.0 63.237 0
013902 16.375 10.0 63.175 0
013932 16.375 10.0 63.175 0
014003 16.375 10.0 63.112 0
014033 16.312 10.0 63.112 0
014103 16.312 10.0 63.112 0
014133 16.312 10.0 63.05 0
014204 16.312 10.0 63.05 0
014235 16.312 10.0 62.987 0
014305 16.312 10.0 62.987 0
014335 16.312 10.0 62.987 0
014405 16.312 10.0 62.925 0
014436 16.312 10.0 62.925 0
014506 16.312 10.0 62.925 0
014536 16.25 10.0 62.862 0
014606 16.25 10.0 62.862 0
014636 16.25 10.0 62.8 0
014706 16.25 10.0 62.8 0
014737 16.25 10.0 62.737 0
014807 16.25 10.0 62.737 0
014837 16.25 10.0 62.737 0
014907 16.25 10.0 62.675 0
014937 16.25 10.0 62.675 0
015007 16.25 10.0 62.612 0
015038 16.25 10.0 62.612 0
015108 16.25 10.0 62.55 0
015138 16.25 10.0 62.55 0
015208 16.25 10.0 62.55 0
015238 16.25 10.0 62.487 0
015309 16.187 10.0 62.425 0
015340 16.187 10.0 62.425 0
015410 16.187 10.0 62.362 0
015441 16.187 10.0 62.3 0
015511 16.187 10.0 62.237 0
015542 16.187 10.0 62.175 0
015612 16.187 10.0 62.175 0
015643 16.187 10.0 62.112 0
015714 16.187 10.0 62.112 0
015745 16.187 10.0 62.05 0
015815 16.125 10.0 62.05 0
015845 16.125 10.0 61.987 0
015915 16.125 10.0 61.987 0
015945 16.125 10.0 61.925 0
020016 16.125 10.0 61.925 0
020046 16.187 10.0 61.862 0
020116 16.187 10.0 61.862 0
020147 16.187 10.0 61.8 0
020217 16.187 10.0 61.8 0
020248 16.187 10.0 61.8 0
020318 16.125 10.0 61.8 0
020348 16.125 10.0 61.862 0
020419 16.125 10.0 61.862 0
020450 16.125 10.0 61.925 0
020520 16.125 10.0 61.925 0
020550 16.125 10.0 61.925 0
020621 16.125 10.0 61.925 0
020651 16.125 10.0 61.862 0
020722 16.125 10.0 61.862 0
020752 16.125 10.0 61.862 0
020823 16.062 10.0 61.862 0
020853 16.062 10.0 61.8 0
020923 16.062 10.0 61.8 0
020954 16.062 10.0 61.8 0
021024 16.062 10.0 61.737 0
021054 16.062 10.0 61.737 0
021124 16.062 10.0 61.737 0
021154 16.062 10.0 61.675 0
021225 16.062 10.0 61.675 0
021255 16.062 10.0 61.675 0
021325 16.062 10.0 61.612 0
021355 16.062 10.0 61.612 0
021426 16.062 10.0 61.55 0
021456 16.062 10.0 61.55 0
021526 16.062 10.0 61.487 0
021557 16.0 10.0 61.487 0
021627 16.0 10.0 61.425 0
021658 16.0 10.0 61.362 0
021728 16.0 10.0 61.3 0
021758 16.0 10.0 61.237 0
021828 16.0 10.0 61.237 0
021859 16.0 10.0 61.112 0
021929 16.0 10.0 61.112 0
021959 16.0 10.0 61.112 0
022030 16.0 10.0 61.05 0
022100 16.0 10.0 61.05 0
022130 16.0 10.0 60.987 0
022200 16.0 10.0 60.987 0
022230 16.0 10.0 60.925 0
022301 16.0 10.0 60.925 0
022331 16.0 10.0 60.862 0
022402 16.0 10.0 60.862 0
022432 16.0 10.0 60.8 0
022503 16.0 10.0 60.8 0
022533 16.0 10.0 60.8 0
022603 15.937 10.0 60.737 0
022633 15.937 10.0 60.675 0
022704 15.937 10.0 60.675 0
022734 15.937 10.0 60.675 0
022805 15.937 10.0 60.612 0
022835 15.937 10.0 60.612 0
022906 15.937 10.0 60.55 0
022936 15.937 10.0 60.55 0
023007 15.937 10.0 60.487 0
023039 15.937 10.0 60.425 0
023110 15.937 10.0 60.425 0
023140 15.937 10.0 60.425 0
023211 15.937 10.0 60.362 0
023241 15.937 10.0 60.3 0
023311 16.0 10.0 60.3 0
023341 16.0 10.0 60.237 0
023411 16.0 10.0 60.237 0
023441 16.0 10.0 60.237 0
023512 16.0 10.0 60.175 0
023542 16.125 10.0 60.112 0
023613 16.125 10.0 60.05 0
023643 16.125 10.0 59.987 0
023713 16.125 10.0 59.987 0
023743 16.125 10.0 59.925 0
023814 16.125 10.0 59.8 0
023844 16.125 10.0 59.737 0
023915 16.125 10.0 59.675 0
023945 16.125 10.0 59.675 0
024015 16.125 10.0 59.612 0
024045 16.187 10.0 59.55 0
024115 16.187 10.0 59.55 0
024146 16.187 10.0 59.487 0
024216 16.187 10.0 59.425 0
024246 16.187 10.0 59.425 0
024316 16.25 10.0 59.362 0
024346 16.25 10.0 59.362 0
024416 16.25 10.0 59.3 0
024447 16.25 10.0 59.237 0
024517 16.25 10.0 59.237 0
024547 16.25 10.0 59.175 0
024618 16.25 10.0 59.175 0
024648 16.25 10.0 59.112 0
024718 16.25 10.0 59.112 0
024749 16.25 10.0 59.05 0
024819 16.312 10.0 59.05 0
024849 16.312 10.0 58.987 0
024919 16.312 10.0 58.987 0
024949 16.312 10.0 58.925 0
025020 16.312 10.0 58.925 0
025050 16.312 10.0 58.862 0
025120 16.312 10.0 58.862 0
025150 16.312 10.0 58.8 0
025220 16.312 10.0 58.8 0
025250 16.312 10.0 58.737 0
025321 16.312 10.0 58.675 0
025351 16.312 10.0 58.675 0
025421 16.312 10.0 58.675 0
025451 16.312 10.0 58.612 0
025521 16.312 10.0 58.55 0
025551 16.375 10.0 58.55 0
025621 16.375 10.0 58.487 0
025652 16.375 10.0 58.487 0
025722 16.375 10.0 58.425 0
025752 16.375 10.0 58.425 0
025822 16.375 10.0 58.362 0
025852 16.375 10.0 58.3 0
025922 16.375 10.0 58.175 0
025952 16.375 10.0 58.05 0
030023 16.375 10.0 57.987 0
030053 16.375 10.0 57.862 0
030123 16.375 10.0 57.8 0
030154 16.375 10.0 57.8 0
030224 16.375 10.0 57.737 0
030255 16.375 10.0 57.675 0
030325 16.375 10.0 57.612 0
030355 16.375 10.0 57.612 0
030426 16.375 10.0 57.612 0
030456 16.375 10.0 57.612 0
030526 16.375 10.0 57.612 0
030557 16.375 10.0 57.612 0
030627 16.375 10.0 57.612 0
030657 16.375 10.0 57.612 0
030727 16.375 10.0 57.55 0
030757 16.375 10.0 57.55 0
030828 16.437 10.0 57.55 0
030858 16.437 10.0 57.487 0
030928 16.437 10.0 57.487 0
030958 16.437 10.0 57.487 0
031028 16.437 10.0 57.425 0
031058 16.375 10.0 57.425 0
031129 16.375 10.0 57.362 0
031159 16.375 10.0 57.362 0
031229 16.375 10.0 57.362 0
031300 16.375 10.0 57.3 0
031330 16.437 10.0 57.3 0
031400 16.437 10.0 57.237 0
031430 16.437 10.0 57.237 0
031500 16.437 10.0 57.237 0
031530 16.437 10.0 57.175 0
031601 16.437 10.0 57.175 0
031632 16.437 10.0 57.112 0
031703 16.437 10.0 57.112 0
031733 16.437 10.0 57.05 0
031803 16.437 10.0 57.05 0
031833 16.437 10.0 57.05 0
031903 16.437 10.0 56.987 0
031933 16.437 10.0 56.987 0
032003 16.437 10.0 57.05 0
032034 16.437 10.0 57.175 0
032104 16.437 10.0 57.3 0
032134 16.437 10.0 57.55 0
032204 16.437 10.0 57.8 0
032234 16.437 10.0 58.175 0
032304 16.437 10.0 58.55 0
032334 16.5 10.0 58.987 0
032405 16.5 10.0 59.675 0
032435 16.5 10.0 60.425 0
032506 16.5 10.0 61.3 0
032536 16.5 10.0 62.112 0
032606 16.5 10.0 62.862 0
032636 16.5 10.0 63.425 0
032706 16.5 10.0 63.925 0
032736 16.5 10.0 64.237 0
032807 16.5 10.0 64.55 0
032837 16.5 10.0 64.737 0
032907 16.5 10.0 64.925 0
032937 16.5 10.0 65.112 0
033007 16.5 10.0 65.237 0
033037 16.5 10.0 65.3 0
033108 16.5 10.0 65.425 0
033138 16.5 10.0 65.487 0
033209 16.5 10.0 65.55 0
033239 16.5 10.0 65.612 0
033309 16.5 10.0 65.612 0
033339 16.437 10.0 65.675 0
033409 16.437 10.0 65.737 0
033439 16.437 10.0 65.737 0
033509 16.437 10.0 65.737 0
033540 16.437 10.0 65.8 0
033611 16.437 10.0 65.8 0
033641 16.437 10.0 65.862 0
033711 16.437 10.0 65.862 0
033742 16.437 10.0 65.925 0
033812 16.437 10.0 65.925 0
033843 16.437 10.0 65.925 0
033913 16.437 10.0 65.925 0
033944 16.437 10.0 65.987 0
034014 16.437 10.0 65.987 0
034044 16.437 10.0 65.987 0
034115 16.437 10.0 66.05 0
034145 16.437 10.0 66.05 0
034215 16.437 10.0 66.05 0
034246 16.437 10.0 66.05 0
034318 16.437 10.0 66.05 0
034349 16.437 10.0 66.05 0
034419 16.437 10.0 66.05 0
034449 16.437 10.0 66.05 0
034519 16.437 10.0 66.05 0
034550 16.437 10.0 66.05 0
034620 16.437 10.0 66.05 0
034650 16.437 10.0 66.05 0
034720 16.437 10.0 66.05 0
034750 16.437 10.0 66.05 0
034820 16.437 10.0 66.05 0
034851 16.437 10.0 66.05 0
034921 16.437 10.0 66.05 0
034951 16.437 10.0 66.05 0
035021 16.437 10.0 66.05 0
035051 16.437 10.0 66.05 0
035121 16.437 10.0 66.05 0
035152 16.437 10.0 66.05 0
035223 16.437 10.0 65.987 0
035254 16.437 10.0 65.987 0
035324 16.437 10.0 65.987 0
035354 16.437 10.0 65.987 0
035424 16.437 10.0 65.987 0
035454 16.437 10.0 65.987 0
035525 16.437 10.0 65.987 0
035555 16.437 10.0 65.987 0
035626 16.437 10.0 65.987 0
035656 16.437 10.0 65.925 0
035726 16.437 10.0 65.925 0
035756 16.437 10.0 65.925 0
035827 16.437 10.0 65.925 0
035857 16.437 10.0 65.925 0
035927 16.437 10.0 65.925 0
035957 16.437 10.0 65.862 0
040028 16.437 10.0 65.862 0
040058 16.437 10.0 65.862 0
040128 16.437 10.0 65.862 0
040159 16.437 10.0 65.862 0
040229 16.437 10.0 65.862 0
040259 16.437 10.0 65.8 0
040329 16.437 10.0 65.8 0
040359 16.437 10.0 65.8 0
040429 16.437 10.0 65.8 0
040459 16.437 10.0 65.737 0
040530 16.437 10.0 65.737 0
040600 16.437 10.0 65.737 0
040630 16.437 10.0 65.737 0
040700 16.437 10.0 65.675 0
040731 16.437 10.0 65.675 0
040801 16.437 10.0 65.675 0
040831 16.5 10.0 65.675 0
040902 16.5 10.0 65.675 0
040932 16.5 10.0 65.675 0
041002 16.5 10.0 65.612 0
041032 16.5 10.0 65.612 0
041103 16.437 10.0 65.612 0
041133 16.437 10.0 65.612 0
041203 16.437 10.0 65.55 0
041234 16.437 10.0 65.55 0
041304 16.437 10.0 65.55 0
041334 16.437 10.0 65.55 0
041404 16.437 10.0 65.55 0
041434 16.437 10.0 65.487 0
041505 16.437 10.0 65.487 0
041535 16.437 10.0 65.487 0
041605 16.5 10.0 65.425 0
041635 16.5 10.0 65.425 0
041705 16.5 10.0 65.425 0
041736 16.5 10.0 65.425 0
041806 16.5 10.0 65.425 0
041836 16.437 10.0 65.362 0
041907 16.437 10.0 65.362 0
041937 16.437 10.0 65.362 0
042007 16.437 10.0 65.3 0
042038 16.437 10.0 65.3 0
042108 16.437 10.0 65.3 0
042139 16.437 10.0 65.3 0
042209 16.437 10.0 65.237 0
042239 16.437 10.0 65.237 0
042310 16.437 10.0 65.237 0
042340 16.437 10.0 65.175 0
042411 16.437 10.0 65.175 0
042441 16.437 10.0 65.175 0
042511 16.437 10.0 65.175 0
042541 16.437 10.0 65.112 0
042611 16.437 10.0 65.112 0
042642 16.437 10.0 65.112 0
042712 16.437 10.0 65.112 0
042742 16.437 10.0 65.175 0
042812 16.437 10.0 65.3 0
042843 16.437 10.0 65.425 0
042913 16.437 10.0 65.487 0
042943 16.437 10.0 65.487 0
043013 16.437 10.0 65.487 0
043043 16.437 10.0 65.487 0
043113 16.437 10.0 65.487 0
043144 16.437 10.0 65.487 0
043214 16.437 10.0 65.487 0
043245 16.437 10.0 65.487 0
043315 16.437 10.0 65.487 0
043345 16.437 10.0 65.487 0
043415 16.437 10.0 65.425 0
043445 16.437 10.0 65.425 0
043515 16.437 10.0 65.425 0
043545 16.437 10.0 65.425 0
043616 16.437 10.0 65.425 0
043646 16.437 10.0 65.362 0
043716 16.437 10.0 65.362 0
043747 16.437 10.0 65.362 0
043818 16.437 10.0 65.362 0
043848 16.437 10.0 65.3 0
043918 16.437 10.0 65.3 0
043948 16.437 10.0 65.3 0
044019 16.437 10.0 65.3 0
044050 16.437 10.0 65.237 0
044120 16.437 10.0 65.237 0
044151 16.437 10.0 65.237 0
044221 16.437 10.0 65.237 0
044251 16.437 10.0 65.237 0
044321 16.437 10.0 65.175 0
044351 16.437 10.0 65.175 0
044421 16.437 10.0 65.175 0
044451 16.437 10.0 65.175 0
044522 16.437 10.0 65.112 0
044552 16.437 10.0 65.112 0
044622 16.437 10.0 65.112 0
044652 16.437 10.0 65.112 0
044722 16.437 10.0 65.05 0
044752 16.437 10.0 65.05 0
044823 16.437 10.0 65.05 0
044853 16.437 10.0 65.05 0
044923 16.437 10.0 64.987 0
044954 16.437 10.0 64.987 0
045024 16.437 10.0 64.925 0
045054 16.437 10.0 64.925 0
045124 16.437 10.0 64.925 0
045154 16.437 10.0 64.925 0
045224 16.437 10.0 64.862 0
045255 16.437 10.0 64.862 0
045325 16.437 10.0 64.8 0
045356 16.437 10.0 64.8 0
045426 16.437 10.0 64.8 0
045456 16.437 10.0 64.8 0
045526 16.437 10.0 64.737 0
045558 16.437 10.0 64.737 0
045629 16.437 10.0 64.737 0
045659 16.437 10.0 64.675 0
045729 16.437 10.0 64.675 0
045759 16.437 10.0 64.675 0
045830 16.5 10.0 64.612 0
045900 16.5 10.0 64.612 0
045931 16.5 10.0 64.612 0
050001 16.5 10.0 64.55 0
050031 16.5 10.0 64.55 0
050101 16.437 10.0 64.55 0
050131 16.437 10.0 64.487 0
050201 16.437 10.0 64.487 0
050232 16.437 10.0 64.487 0
050302 16.437 10.0 64.487 0
050332 16.437 10.0 64.425 0
050403 16.437 10.0 64.425 0
050433 16.437 10.0 64.425 0
050503 16.437 10.0 64.362 0
050533 16.437 10.0 64.362 0
050603 16.437 10.0 64.362 0
050633 16.437 10.0 64.3 0
050704 16.437 10.0 64.3 0
050734 16.437 10.0 64.3 0
050805 16.437 10.0 64.237 0
050835 16.5 10.0 64.237 0
050905 16.5 10.0 64.237 0
050936 16.5 10.0 64.175 0
051006 16.5 10.0 64.175 0
051036 16.5 10.0 64.112 0
051106 16.5 10.0 64.112 0
051136 16.5 10.0 64.112 0
051207 16.5 10.0 64.05 0
051237 16.5 10.0 64.05 0
051307 16.5 10.0 64.05 0
051338 16.437 10.0 63.987 0
051408 16.437 10.0 63.925 0
051439 16.437 10.0 63.925 0
051509 16.437 10.0 63.925 0
051539 16.437 10.0 63.862 0
051610 16.5 10.0 63.862 0
051640 16.5 10.0 63.8 0
051710 16.5 10.0 63.8 0
051740 16.5 10.0 63.737 0
051810 16.5 10.0 63.737 0
051840 16.437 10.0 63.737 0
051911 16.437 10.0 63.675 0
051941 16.437 10.0 63.675 0
052011 16.437 10.0 63.612 0
052042 16.437 10.0 63.612 0
052112 16.437 10.0 63.612 0
052142 16.437 10.0 63.55 0
052212 16.437 10.0 63.55 0
052243 16.437 10.0 63.487 0
052313 16.437 10.0 63.487 0
052343 16.437 10.0 63.487 0
052413 16.437 10.0 63.425 0
052443 16.437 10.0 63.425 0
052513 16.437 10.0 63.425 0
052544 16.437 10.0 63.362 0
052614 16.437 10.0 63.362 0
052644 16.437 10.0 63.3 0
052714 16.437 10.0 63.3 0
052744 16.437 10.0 63.3 0
052814 16.437 10.0 63.237 0
052845 16.437 10.0 63.237 0
052915 16.437 10.0 63.3 0
052945 16.437 10.0 63.362 0
053015 16.437 10.0 63.425 0
053045 16.437 10.0 63.425 0
053116 16.437 10.0 63.425 0
053146 16.437 10.0 63.425 0
053216 16.437 10.0 63.425 0
053246 16.437 10.0 63.425 0
053316 16.437 10.0 63.425 0
053347 16.437 10.0 63.425 0
053417 16.437 10.0 63.425 0
053447 16.437 10.0 63.425 0
053517 16.437 10.0 63.362 0
053548 16.437 10.0 63.362 0
053618 16.437 10.0 63.3 0
053648 16.437 10.0 62.987 0
053718 16.437 10.0 63.237 0
053748 16.437 10.0 63.237 0
053819 16.437 10.0 63.175 0
053849 16.437 10.0 63.175 0
053919 16.437 10.0 63.175 0
053949 16.437 10.0 63.112 0
054020 16.437 10.0 63.112 0
054050 16.437 10.0 63.05 0
054120 16.375 10.0 63.05 0
054151 16.375 10.0 63.05 0
054221 16.375 10.0 62.987 0
054252 16.375 10.0 62.987 0
054322 16.375 10.0 62.987 0
054352 16.375 10.0 62.925 0
054423 16.375 10.0 62.925 0
054453 16.375 10.0 62.862 0
054523 16.375 10.0 62.862 0
054553 16.375 10.0 62.8 0
054623 16.437 10.0 62.8 0
054653 16.437 10.0 62.8 0
054723 16.437 10.0 62.737 0
054754 16.437 10.0 62.737 0
054824 16.437 10.0 62.737 0
054854 16.437 10.0 62.675 0
054924 16.437 10.0 62.675 0
054954 16.437 10.0 62.675 0
055025 16.437 10.0 62.612 0
055055 16.437 10.0 62.612 0
055125 16.437 10.0 62.55 0
055155 16.437 10.0 62.55 0
055226 16.437 10.0 62.487 0
055256 16.437 10.0 62.487 0
055326 16.437 10.0 62.487 0
055356 16.375 10.0 62.425 0
055427 16.375 10.0 62.425 0
055457 16.375 10.0 62.425 0
055527 16.375 10.0 62.362 0
055558 16.375 10.0 62.362 0
055628 16.437 10.0 62.362 0
055658 16.437 10.0 62.3 0
055728 16.437 10.0 62.237 0
055759 16.437 10.0 62.237 0
055829 16.437 10.0 62.175 0
055859 16.375 10.0 62.175 0
055929 16.375 10.0 62.112 0
055959 16.375 10.0 62.05 0
060030 16.375 10.0 62.05 0
060100 16.375 10.0 61.987 0
060130 16.437 10.0 61.987 0
060200 16.437 10.0 61.925 0
060230 16.437 10.0 61.925 0
060301 16.437 10.0 61.862 0
060331 16.437 10.0 61.862 0
060401 16.437 10.0 61.8 0
060432 16.437 10.0 61.8 0
060502 16.437 10.0 61.737 0
060532 16.437 10.0 61.737 0
060602 16.437 10.0 61.675 0
060632 16.437 10.0 61.675 0
060702 16.437 10.0 61.612 0
060733 16.437 10.0 61.612 0
060803 16.437 10.0 61.55 0
060833 16.437 10.0 61.55 0
060903 16.375 10.0 61.55 0
060933 16.375 10.0 61.487 0
061003 16.375 10.0 61.487 0
061034 16.375 10.0 61.425 0
061104 16.375 10.0 61.425 0
061134 16.375 10.0 61.425 0
061204 16.375 10.0 61.362 0
061234 16.375 10.0 61.362 0
061304 16.375 10.0 61.3 0
061335 16.375 10.0 61.3 0
061405 16.375 10.0 61.237 0
061436 16.375 10.0 61.237 0
061506 16.375 10.0 61.175 0
061537 16.375 10.0 61.175 0
061608 16.437 10.0 61.112 0
061639 16.437 10.0 61.112 0
061709 16.437 10.0 60.675 0
061740 16.437 10.0 60.612 0
061810 16.437 10.0 60.8 0
061840 16.375 10.0 60.925 0
061910 16.375 10.0 60.925 0
061941 16.375 10.0 60.925 0
062011 16.375 10.0 60.862 0
062041 16.375 10.0 60.8 0
062111 16.437 10.0 60.737 0
062141 16.437 10.0 60.675 0
062211 16.437 10.0 60.612 0
062242 16.437 10.0 60.612 0
062312 16.437 10.0 60.55 0
062342 16.375 10.0 60.487 0
062412 16.375 10.0 60.487 0
062442 16.375 10.0 60.425 0
062512 16.375 10.0 60.362 0
062543 16.375 10.0 60.362 0
062613 16.375 10.0 60.3 0
062643 16.375 10.0 60.3 0
062713 16.375 10.0 60.237 0
062743 16.375 10.0 60.237 0
062813 16.375 10.0 60.175 0
062844 16.375 10.0 60.175 0
062914 16.375 10.0 60.112 0
062944 16.375 10.0 60.112 0
063014 16.375 10.0 60.112 0
063044 16.375 10.0 60.112 0
063115 16.375 10.0 60.112 0
063145 16.375 10.0 60.112 0
063215 16.375 10.0 60.112 0
063246 16.375 10.0 60.112 0
063316 16.375 10.0 60.112 0
063346 16.375 10.0 60.112 0
063417 16.375 10.0 60.05 0
063447 16.375 10.0 60.05 0
063518 16.375 10.0 60.05 0
063549 16.375 10.0 60.05 0
063619 16.375 10.0 59.987 0
063649 16.375 10.0 59.987 0
063719 16.375 10.0 59.925 0
063749 16.375 10.0 59.925 0
063820 16.375 10.0 59.925 0
063850 16.437 10.0 59.862 0
063920 16.437 10.0 59.862 0
063951 16.437 10.0 59.862 0
064022 16.437 10.0 59.8 0
064052 16.437 10.0 59.8 0
064122 16.437 10.0 59.8 0
064152 16.437 10.0 59.737 0
064222 16.437 10.0 59.675 0
064253 16.437 10.0 59.675 0
064323 16.437 10.0 59.612 0
064354 16.437 10.0 59.487 0
064424 16.437 10.0 59.487 0
064454 16.437 10.0 59.425 0
064524 16.437 10.0 59.362 0
064555 16.437 10.0 59.362 0
064625 16.375 10.0 59.3 0
064656 16.375 10.0 59.237 0
064726 16.375 10.0 59.237 0
064757 16.375 10.0 59.175 0
064827 16.375 10.0 59.175 0
064857 16.375 10.0 59.112 0
064928 16.375 10.0 59.112 0
064958 16.375 10.0 59.05 0
065028 16.375 10.0 59.05 0
065059 16.375 10.0 58.987 0
065129 16.437 10.0 58.987 0
065159 16.437 10.0 58.925 0
065230 16.437 10.0 58.925 0
065301 16.437 10.0 58.862 0
065331 16.437 10.0 58.862 0
065401 16.375 10.0 58.8 0
065432 16.375 10.0 58.8 0
065502 16.375 10.0 58.737 0
065532 16.375 10.0 58.737 0
065603 16.375 10.0 58.675 0
065633 16.375 10.0 58.675 0
065703 16.375 10.0 58.612 0
065733 16.375 10.0 58.612 0
065803 16.375 10.0 58.55 0
065833 16.375 10.0 58.55 0
065904 16.437 10.0 58.487 0
065934 16.437 10.0 58.487 0
070005 16.437 10.0 58.425 0
070035 16.437 10.0 58.425 0
070105 16.437 10.0 58.362 0
070136 16.437 10.0 58.362 0
070206 16.437 10.0 58.3 0
070237 16.437 10.0 58.3 0
070307 16.437 10.0 58.237 0
070337 16.437 10.0 58.237 0
070408 16.437 10.0 58.175 0
070438 16.437 10.0 58.05 0
070508 16.437 10.0 57.925 0
070538 16.437 10.0 57.862 0
070609 16.437 10.0 57.8 0
070639 16.437 10.0 57.737 0
070710 16.437 10.0 57.675 0
070740 16.437 10.0 57.612 0
070810 16.437 10.0 57.55 0
070840 16.437 10.0 57.55 0
070910 16.437 10.0 57.487 0
070941 16.437 10.0 57.487 0
071011 16.437 10.0 57.425 0
071041 16.437 10.0 57.362 0
071111 16.437 10.0 57.362 0
071141 16.437 10.0 57.3 0
071212 16.437 10.0 57.3 0
071242 16.437 10.0 57.237 0
071312 16.437 10.0 57.237 0
071342 16.437 10.0 57.175 0
071412 16.437 10.0 57.175 0
071442 16.437 10.0 57.112 0
071512 16.437 10.0 57.112 0
071543 16.437 10.0 57.112 0
071613 16.437 10.0 57.05 0
071643 16.375 10.0 57.112 0
071713 16.375 10.0 57.175 0
071743 16.375 10.0 57.362 0
071813 16.375 10.0 57.612 0
071843 16.375 10.0 57.925 0
071914 16.375 10.0 58.3 0
071944 16.375 10.0 58.737 0
072014 16.375 10.0 59.237 0
072044 16.375 10.0 59.862 0
072114 16.375 10.0 60.612 0
072145 16.375 10.0 61.487 0
072215 16.375 10.0 62.3 0
072245 16.375 10.0 62.987 0
072315 16.375 10.0 63.612 0
072348 16.437 10.0 64.05 0
072419 16.437 10.0 64.425 0
072450 16.437 10.0 64.675 0
072520 16.437 10.0 64.925 0
072550 16.437 10.0 65.05 0
072621 16.375 10.0 65.175 0
072651 16.375 10.0 65.237 0
072721 16.375 10.0 65.3 0
072752 16.375 10.0 65.3 0
072823 16.375 10.0 65.362 0
072853 16.375 10.0 65.425 0
072923 16.375 10.0 65.425 0
072953 16.375 10.0 65.487 0
073023 16.375 10.0 65.487 0
073054 16.375 10.0 65.425 0
073124 16.437 10.0 65.487 0
073154 16.437 10.0 65.55 0
073224 16.437 10.0 65.425 0
073255 16.437 10.0 65.55 0
073325 16.437 10.0 65.612 0
073355 16.375 10.0 65.487 0
073425 16.375 10.0 65.612 0
073456 16.375 10.0 65.675 0
073526 16.375 10.0 65.675 0
073556 16.375 10.0 65.675 0
073626 16.375 10.0 65.675 0
073656 16.375 10.0 65.425 0
073726 16.375 10.0 65.237 0
073757 16.375 10.0 65.55 0
073827 16.375 10.0 65.362 0
073857 16.375 10.0 65.3 0
073928 16.375 10.0 65.487 0
073958 16.375 10.0 65.675 0
074028 16.375 10.0 65.3 0
074058 16.375 10.0 65.55 0
074129 16.437 10.0 65.675 0
074159 16.437 10.0 65.737 0
074229 16.437 10.0 65.737 0
074259 16.437 10.0 65.737 0
074329 16.437 10.0 65.8 0
074359 16.375 10.0 65.8 0
074430 16.375 10.0 65.8 0
074500 16.375 10.0 65.8 0
074531 16.375 10.0 65.8 0
074601 16.375 10.0 65.8 0
074631 16.375 10.0 65.8 0
074701 16.375 10.0 65.8 0
074732 16.375 10.0 65.8 0
074802 16.375 10.0 65.8 0
074832 16.375 10.0 65.8 0
074902 16.375 10.0 65.8 0
074932 16.375 10.0 65.8 0
075002 16.375 10.0 65.8 0
075033 16.375 10.0 65.8 0
075104 16.375 10.0 65.8 0
075134 16.375 10.0 65.862 0
075204 16.375 10.0 65.8 0
075235 16.375 10.0 65.8 0
075305 16.375 10.0 65.8 0
075336 16.375 10.0 65.8 0
075406 16.375 10.0 65.8 0
075437 16.375 10.0 65.8 0
075507 16.375 10.0 65.737 0
075538 16.375 10.0 65.8 0
075608 16.375 10.0 65.8 0
075638 16.375 10.0 65.8 0
075708 16.375 10.0 65.8 0
075738 16.375 10.0 65.737 0
075809 16.375 10.0 65.737 0
075839 16.375 10.0 65.737 0
075909 16.375 10.0 65.737 0
075940 16.375 10.0 65.737 0
080010 16.375 10.0 65.737 0
080040 16.375 10.0 65.737 0
080110 16.375 10.0 65.737 0
080140 16.375 10.0 65.675 0
080210 16.375 10.0 65.675 0
080241 16.375 10.0 65.675 0
080311 16.375 10.0 65.675 0
080341 16.375 10.0 65.675 0
080411 16.375 10.0 65.675 0
080441 16.375 10.0 65.612 0
080511 16.375 10.0 65.612 0
080541 16.375 10.0 65.612 0
080612 16.375 10.0 65.612 0
080642 16.375 10.0 65.612 0
080712 16.375 10.0 65.55 0
080743 16.375 10.0 65.55 0
080813 16.375 10.0 65.55 0
080843 16.375 10.0 65.55 0
080913 16.375 10.0 65.55 0
080943 16.375 10.0 65.487 0
081014 16.375 10.0 65.487 0
081045 16.375 10.0 65.487 0
081115 16.375 10.0 65.487 0
081145 16.375 10.0 65.425 0
081216 16.375 10.0 65.425 0
081246 16.375 10.0 65.425 0
081317 16.375 10.0 65.362 0
081347 16.375 10.0 65.362 0
081417 16.375 10.0 65.362 0
081447 16.375 10.0 65.362 0
081517 16.375 10.0 65.3 0
081548 16.375 10.0 65.3 0
081618 16.375 10.0 65.3 0
081648 16.375 10.0 65.3 0
081718 16.375 10.0 65.237 0
081748 16.375 10.0 65.237 0
081818 16.375 10.0 65.237 0
081849 16.375 10.0 65.237 0
081919 16.375 10.0 65.175 0
081949 16.375 10.0 65.175 0
082019 16.375 10.0 65.175 0
082049 16.375 10.0 65.112 0
082119 16.375 10.0 65.112 0
082150 16.375 10.0 65.112 0
082220 16.375 10.0 65.112 0
082250 16.375 10.0 65.05 0
082320 16.375 10.0 65.05 0
082350 16.375 10.0 65.112 0
082421 16.312 10.0 65.175 0
082451 16.312 10.0 65.237 0
082521 16.312 10.0 65.3 0
082551 16.312 10.0 65.3 0
082621 16.312 10.0 65.362 0
082651 16.312 10.0 65.362 0
082722 16.312 10.0 65.362 0
082752 16.312 10.0 65.362 0
082822 16.312 10.0 65.362 0
082852 16.312 10.0 65.362 0
082922 16.312 10.0 65.362 0
082952 16.312 10.0 65.362 0
083022 16.312 10.0 65.3 0
083053 16.312 10.0 65.3 0
083123 16.312 10.0 65.3 0
083153 16.312 10.0 65.3 0
083223 16.312 10.0 65.3 0
083253 16.312 10.0 65.237 0
083324 16.312 10.0 65.237 0
083356 16.312 10.0 65.237 0
083426 16.312 10.0 65.237 0
083456 16.312 10.0 65.175 0
083526 16.312 10.0 65.175 0
083556 16.312 10.0 65.175 0
083627 16.312 10.0 65.175 0
083657 16.312 10.0 65.175 0
083727 16.312 10.0 65.112 0
083758 16.312 10.0 65.112 0
083828 16.312 10.0 65.05 0
083858 16.312 10.0 65.05 0
083928 16.312 10.0 65.05 0
083958 16.312 10.0 65.05 0
084029 16.312 10.0 65.05 0
084059 16.312 10.0 64.987 0
084129 16.312 10.0 64.987 0
084159 16.312 10.0 64.987 0
084230 16.312 10.0 64.987 0
084300 16.312 10.0 64.925 0
084330 16.312 10.0 64.925 0
084400 16.312 10.0 64.925 0
084430 16.312 10.0 64.925 0
084500 16.312 10.0 64.862 0
084530 16.312 10.0 64.862 0
084601 16.312 10.0 64.862 0
084631 16.312 10.0 64.8 0
084701 16.312 10.0 64.8 0
084731 16.312 10.0 64.8 0
084801 16.312 10.0 64.8 0
084831 16.312 10.0 64.737 0
084902 16.312 10.0 64.737 0
084932 16.312 10.0 64.737 0
085002 16.312 10.0 64.675 0
085032 16.312 10.0 64.675 0
085102 16.312 10.0 64.675 0
085132 16.312 10.0 64.675 0
085203 16.312 10.0 64.612 0
085233 16.312 10.0 64.612 0
085303 16.312 10.0 64.612 0
085333 16.312 10.0 64.55 0
085403 16.312 10.0 64.55 0
085434 16.312 10.0 64.55 0
085504 16.312 10.0 64.487 0
085534 16.312 10.0 64.487 0
085604 16.312 10.0 64.487 0
085634 16.312 10.0 64.425 0
085705 16.312 10.0 64.425 0
085735 16.312 10.0 64.425 0
085806 16.312 10.0 64.425 0
085836 16.312 10.0 64.362 0
085906 16.312 10.0 64.362 0
085936 16.312 10.0 64.3 0
090006 16.312 10.0 64.3 0
090037 16.312 10.0 64.237 0
090107 16.312 10.0 64.237 0
090137 16.312 10.0 64.175 0
090207 16.312 10.0 64.175 0
090237 16.312 10.0 64.112 0
090307 16.312 10.0 64.112 0
090338 16.312 10.0 64.112 0
090409 16.312 10.0 64.05 0
090439 16.312 10.0 64.05 0
090509 16.312 10.0 64.05 0
090539 16.312 10.0 63.987 0
090609 16.312 10.0 63.987 0
090639 16.312 10.0 63.987 0
090710 16.312 10.0 63.925 0
090740 16.312 10.0 63.925 0
090810 16.312 10.0 63.862 0
090841 16.312 10.0 63.862 0
090911 16.312 10.0 63.8 0
090941 16.312 10.0 63.8 0
091012 16.312 10.0 63.8 0
091042 16.312 10.0 63.8 0
091112 16.312 10.0 63.737 0
091142 16.312 10.0 63.737 0
091212 16.312 10.0 63.675 0
091242 16.312 10.0 63.675 0
091313 16.312 10.0 63.675 0
091343 16.312 10.0 63.612 0
091413 16.312 10.0 63.612 0
091443 16.312 10.0 63.55 0
091514 16.312 10.0 63.55 0
091544 16.312 10.0 63.55 0
091614 16.312 10.0 63.487 0
091644 16.312 10.0 63.487 0
091715 16.312 10.0 63.425 0
091745 16.312 10.0 63.425 0
091815 16.312 10.0 63.425 0
091846 16.312 10.0 63.362 0
091916 16.312 10.0 63.362 0
091946 16.312 10.0 63.3 0
092016 16.312 10.0 63.3 0
092046 16.312 10.0 63.3 0
092117 16.312 10.0 63.237 0
092147 16.312 10.0 63.237 0
092217 16.312 10.0 63.175 0
092248 16.312 10.0 63.112 0
092318 16.312 10.0 63.112 0
092348 16.312 10.0 63.05 0
092419 16.312 10.0 62.987 0
092449 16.312 10.0 62.987 0
092520 16.312 10.0 62.987 0
092550 16.312 10.0 62.987 0
092621 16.312 10.0 63.05 0
092651 16.312 10.0 63.05 0
092721 16.312 10.0 63.112 0
092752 16.312 10.0 63.112 0
092822 16.312 10.0 63.112 0
092852 16.312 10.0 63.112 0
092922 16.312 10.0 63.112 0
092952 16.312 10.0 63.112 0
093022 16.312 10.0 63.05 0
093052 16.312 10.0 63.05 0
093123 16.312 10.0 63.05 0
093153 16.312 10.0 63.05 0
093224 16.312 10.0 62.987 0
093254 16.312 10.0 62.987 0
093324 16.312 10.0 62.987 0
093354 16.312 10.0 62.925 0
093424 16.312 10.0 62.925 0
093454 16.312 10.0 62.925 0
093525 16.312 10.0 62.862 0
093555 16.312 10.0 62.862 0
093625 16.312 10.0 62.862 0
093655 16.312 10.0 62.8 0
093725 16.312 10.0 62.8 0
093756 16.312 10.0 62.8 0
093826 16.312 10.0 62.737 0
093856 16.312 10.0 62.737 0
093926 16.312 10.0 62.737 0
093957 16.312 10.0 62.675 0
094027 16.312 10.0 62.675 0
094057 16.312 10.0 62.675 0
094128 16.312 10.0 62.55 0
094158 16.312 10.0 62.612 0
094228 16.312 10.0 62.55 0
094258 16.312 10.0 62.55 0
094329 16.312 10.0 62.55 0
094400 16.312 10.0 62.487 0
094430 16.312 10.0 62.487 0
094501 16.312 10.0 62.487 0
094532 16.312 10.0 62.425 0
094602 16.312 10.0 62.362 0
094632 16.312 10.0 62.362 0
094703 16.312 10.0 62.3 0
094733 16.312 10.0 62.237 0
094803 16.312 10.0 62.237 0
094834 16.312 10.0 62.175 0
094906 16.312 10.0 62.175 0
094937 16.312 10.0 62.175 0
095007 16.312 10.0 62.112 0
095037 16.312 10.0 62.112 0
095108 16.312 10.0 62.05 0
095138 16.375 10.0 62.05 0
095209 16.375 10.0 61.987 0
095239 16.375 10.0 61.987 0
095310 16.375 10.0 61.925 0
095341 16.375 10.0 61.925 0
095412 16.375 10.0 61.862 0
095442 16.375 10.0 61.862 0
095512 16.375 10.0 61.8 0
095543 16.375 10.0 61.8 0
095613 16.375 10.0 61.737 0
095644 16.375 10.0 61.737 0
095715 16.375 10.0 61.737 0
095746 16.375 10.0 61.675 0
095816 16.375 10.0 61.675 0
095846 16.375 10.0 61.612 0
095916 16.375 10.0 61.612 0
095946 16.375 10.0 61.55 0
100016 16.375 10.0 61.55 0
100046 16.375 10.0 61.55 0
100117 16.375 10.0 61.487 0
100147 16.375 10.0 61.487 0
100218 16.375 10.0 61.425 0
100248 16.375 10.0 61.425 0
100318 16.375 10.0 61.362 0
100348 16.375 10.0 61.362 0
100418 16.312 10.0 61.3 0
100449 16.312 10.0 61.3 0
100519 16.312 10.0 61.237 0
100549 16.312 10.0 61.237 0
100619 16.312 10.0 61.175 0
100649 16.312 10.0 61.175 0
100720 16.312 10.0 61.112 0
100751 16.312 10.0 60.987 0
100821 16.312 10.0 60.987 0
100851 16.312 10.0 60.925 0
100921 16.312 10.0 60.862 0
100952 16.312 10.0 60.8 0
101022 16.312 10.0 60.737 0
101053 16.312 10.0 60.737 0
101123 16.312 10.0 60.675 0
101153 16.375 10.0 60.675 0
101224 16.375 10.0 60.612 0
101254 16.375 10.0 60.612 0
101325 16.375 10.0 60.55 0
101355 16.375 10.0 60.55 0
101425 16.375 10.0 60.487 0
101455 16.375 10.0 60.425 0
101525 16.375 10.0 60.425 0
101555 16.375 10.0 60.362 0
101625 16.375 10.0 60.362 0
101656 16.312 10.0 60.3 0
101726 16.312 10.0 60.237 0
101756 16.312 10.0 60.237 0
101826 16.312 10.0 60.237 0
101856 16.312 10.0 60.175 0
101926 16.312 10.0 60.175 0
101957 16.312 10.0 60.175 0
102027 16.312 10.0 60.112 0
102057 16.312 10.0 60.05 0
102127 16.312 10.0 60.05 0
102158 16.312 10.0 59.987 0
102228 16.312 10.0 59.987 0
102259 16.312 10.0 59.925 0
102329 16.312 10.0 59.925 0
102359 16.312 10.0 59.862 0
102429 16.312 10.0 59.862 0
102459 16.312 10.0 59.8 0
102529 16.312 10.0 59.8 0
102559 16.312 10.0 59.737 0
102630 16.312 10.0 59.737 0
102700 16.375 10.0 59.737 0
102730 16.375 10.0 59.737 0
102800 16.375 10.0 59.737 0
102831 16.375 10.0 59.737 0
102901 16.375 10.0 59.737 0
102931 16.375 10.0 59.675 0
103001 16.375 10.0 59.675 0
103032 16.375 10.0 59.612 0
103102 16.375 10.0 59.612 0
103133 16.375 10.0 59.55 0
103203 16.5 10.0 59.487 0
103234 16.5 10.0 59.487 0
103304 16.5 10.0 59.425 0
103334 16.5 10.0 59.425 0
103404 16.5 10.0 59.362 0
103434 16.5 10.0 59.362 0
103504 16.5 10.0 59.3 0
103535 16.5 10.0 59.3 0
103605 16.5 10.0 59.237 0
103635 16.5 10.0 59.237 0
103705 16.625 10.0 59.175 0
103735 16.625 10.0 59.175 0
103806 16.625 10.0 59.175 0
103837 16.625 10.0 59.112 0
103907 16.625 10.0 59.112 0
103937 16.625 10.0 59.05 0
104008 16.625 10.0 59.05 0
104038 16.625 10.0 58.987 0
104108 16.625 10.0 58.987 0
104138 16.625 10.0 58.925 0
104208 16.625 10.0 58.925 0
104239 16.625 10.0 58.862 0
104309 16.625 10.0 58.862 0
104339 16.625 10.0 58.8 0
104409 16.625 10.0 58.8 0
104440 16.625 10.0 58.737 0
104510 16.625 10.0 58.737 0
104541 16.625 10.0 58.675 0
104611 16.625 10.0 58.675 0
104642 16.625 10.0 58.612 0
104712 16.625 10.0 58.612 0
104742 16.625 10.0 58.55 0
104812 16.625 10.0 58.55 0
104842 16.625 10.0 58.487 0
104915 16.687 10.0 58.487 0
104945 16.687 10.0 58.425 0
105016 16.687 10.0 58.362 0
105047 16.687 10.0 58.3 0
105117 16.687 10.0 58.175 0
105147 16.75 10.0 58.05 0
105218 16.75 10.0 57.987 0
105248 16.75 10.0 57.925 0
105318 16.75 10.0 57.925 0
105348 16.75 10.0 57.862 0
105418 16.75 10.0 57.8 0
105448 16.75 10.0 57.8 0
105518 16.75 10.0 57.737 0
105549 16.75 10.0 57.675 0
105619 16.75 10.0 57.675 0
105649 16.812 10.0 57.612 0
105719 16.812 10.0 57.612 0
105750 16.812 10.0 57.55 0
105820 16.812 10.0 57.55 0
105850 16.812 10.0 57.487 0
105920 16.875 10.0 57.487 0
105951 16.875 10.0 57.425 0
110021 16.875 10.0 57.425 0
110052 16.875 10.0 57.362 0
110122 16.875 10.0 57.3 0
110152 16.937 10.0 57.3 0
110222 16.937 10.0 57.237 0
110253 16.937 10.0 57.237 0
110323 16.937 10.0 57.175 0
110353 16.937 10.0 57.175 0
110423 16.937 10.0 57.112 0
110453 16.937 10.0 57.112 0
110523 16.937 10.0 57.112 0
110554 16.937 10.0 57.175 0
110624 16.937 10.0 57.237 0
110654 16.937 10.0 57.487 0
110724 16.937 10.0 57.8 0
110754 16.937 10.0 58.112 0
110825 16.937 10.0 58.487 0
110855 16.937 10.0 58.925 0
110925 16.937 10.0 59.487 0
110955 16.937 10.0 60.112 0
111025 16.937 10.0 60.862 0
111056 16.937 10.0 61.8 0
111127 16.937 10.0 62.675 0
111157 16.875 10.0 63.362 0
111227 16.875 10.0 63.862 0
111258 16.875 10.0 64.237 0
111328 16.875 10.0 64.487 0
111358 16.875 10.0 64.675 0
111429 16.875 10.0 64.8 0
111459 16.875 10.0 64.925 0
111529 16.875 10.0 65.05 0
111600 16.875 10.0 65.112 0
111630 16.875 10.0 65.175 0
111701 16.875 10.0 65.237 0
111731 16.875 10.0 65.3 0
111801 16.875 10.0 65.362 0
111831 16.875 10.0 65.425 0
111902 16.875 10.0 65.425 0
111932 16.875 10.0 65.487 0
112002 16.875 10.0 65.487 0
112033 16.875 10.0 65.55 0
112103 16.875 10.0 65.55 0
112133 16.875 10.0 65.612 0
112204 16.875 10.0 65.675 0
112234 16.875 10.0 65.675 0
112304 16.875 10.0 65.737 0
112335 16.875 10.0 65.737 0
112405 16.875 10.0 65.737 0
112435 16.875 10.0 65.8 0
112505 16.875 10.0 65.8 0
112536 16.875 10.0 65.8 0
112606 16.875 10.0 65.8 0
112636 16.875 10.0 65.8 0
112707 16.875 10.0 65.862 0
112737 16.875 10.0 65.862 0
112807 16.875 10.0 65.925 0
112837 16.875 10.0 65.925 0
112908 16.875 10.0 65.925 0
112938 16.875 21.0 65.925 0
113008 16.875 21.0 65.925 50
113038 16.875 21.0 65.987 50
113109 16.875 21.0 65.987 50
113139 16.875 21.0 65.987 50
113209 16.875 21.0 65.987 50
113240 16.875 21.0 65.987 50
113310 16.875 21.0 65.987 50
113340 16.875 21.0 65.987 50
113410 16.875 21.0 65.987 50
113440 16.937 21.0 65.925 50
113510 16.937 21.0 65.862 50
113541 16.937 21.0 65.862 50
113611 16.937 21.0 65.8 50
113642 16.937 21.0 65.737 50
113712 17.125 21.0 65.675 50
113743 17.125 21.0 65.612 50
113813 17.125 21.0 65.55 50
113843 17.125 21.0 65.425 50
113913 17.125 21.0 65.175 50
113944 17.437 21.0 64.55 50
114014 17.437 21.0 63.487 50
114045 17.437 21.0 61.737 50
114115 17.437 21.0 59.3 0
114145 17.437 21.0 56.737 0
114215 17.687 21.0 55.112 0
114245 17.687 21.0 54.112 0
114315 17.687 21.0 53.425 0
114345 17.687 21.0 52.987 0
114416 17.687 21.0 52.737 0
114446 17.875 21.0 52.55 0
114517 17.875 21.0 52.425 0
114547 17.875 21.0 52.362 0
114618 17.875 21.0 52.237 0
114648 17.875 21.0 52.3 0
114718 18.062 21.0 52.3 0
114749 18.062 21.0 52.3 0
114820 18.062 21.0 52.362 0
114851 18.062 21.0 52.55 0
114923 18.187 21.0 52.8 0
114953 18.187 21.0 53.237 0
115023 18.187 21.0 53.737 0
115053 18.187 21.0 54.362 0
115124 18.187 21.0 55.05 0
115154 18.187 21.0 56.05 0
115224 18.187 21.0 57.175 0
115255 18.187 21.0 58.237 0
115325 18.187 21.0 59.3 0
115355 18.187 21.0 60.3 50
115426 18.187 21.0 61.55 50
115456 18.187 21.0 62.8 50
115526 18.187 21.0 63.925 50
115556 18.187 21.0 64.737 50
115626 18.187 21.0 65.3 50
115656 18.187 21.0 65.612 50
115727 18.187 21.0 65.862 50
115757 18.187 21.0 66.05 50
115827 18.187 21.0 66.237 50
115857 18.187 21.0 66.3 50
115927 18.187 21.0 66.425 50
115959 18.187 21.0 66.487 50
120029 18.187 21.0 66.487 50
120100 18.187 21.0 66.487 50
120130 18.187 21.0 66.487 50
120200 18.312 21.0 66.487 50
120230 18.312 21.0 66.425 50
120300 18.312 21.0 66.3 50
120331 18.312 21.0 66.175 50
120401 18.312 21.0 65.8 50
120431 18.5 21.0 65.175 50
120501 18.5 21.0 64.05 50
120532 18.5 21.0 62.425 50
120602 18.5 21.0 60.175 50
120632 18.5 21.0 58.3 0
120702 18.625 21.0 56.8 0
120733 18.625 21.0 55.862 0
120804 18.625 21.0 55.3 0
120834 18.625 21.0 54.925 0
120904 18.625 21.0 54.737 0
120935 18.687 21.0 54.675 0
121005 18.687 21.0 54.675 0
121035 18.687 21.0 54.737 0
121105 18.687 21.0 54.987 0
121136 18.687 21.0 55.425 0
121206 18.625 21.0 56.112 0
121237 18.625 21.0 57.175 0
121307 18.625 21.0 58.175 0
121337 18.625 21.0 59.175 0
121408 18.625 21.0 60.3 50
121438 18.562 21.0 61.425 50
121508 18.562 21.0 62.55 50
121538 18.562 21.0 63.612 50
121608 18.562 21.0 64.487 50
121639 18.562 21.0 65.175 50
121709 18.562 21.0 65.612 50
121739 18.562 21.0 65.925 50
121810 18.562 21.0 66.175 50
121840 18.562 21.0 66.362 50
121910 18.562 21.0 66.487 50
121940 18.562 21.0 66.55 50
122011 18.562 21.0 66.675 50
122041 18.562 21.0 66.737 50
122111 18.562 21.0 66.737 50
122142 18.562 21.0 66.737 50
122212 18.75 21.0 66.8 50
122243 18.75 21.0 66.737 50
122313 18.75 21.0 66.737 50
122343 18.75 21.0 66.612 50
122414 18.75 21.0 66.487 50
122444 18.812 21.0 66.3 50
122514 18.812 21.0 65.862 50
122545 18.812 21.0 65.175 50
122615 18.812 21.0 64.175 50
122646 18.812 21.0 62.8 50
122716 19.0 21.0 61.3 50
122746 19.0 21.0 59.675 0
122817 19.0 21.0 58.362 0
122847 19.0 21.0 57.425 0
122918 19.0 21.0 56.8 0
122948 19.062 21.0 56.425 50
123018 19.062 21.0 55.987 50
123048 19.062 21.0 55.237 50
123118 19.062 21.0 54.737 50
123149 19.062 21.0 54.487 50
123219 19.062 21.0 54.612 50
123250 19.062 21.0 54.987 50
123320 19.062 21.0 55.675 50
123350 19.062 21.0 56.425 50
123420 19.062 21.0 57.3 50
123450 19.062 21.0 58.362 50
123520 19.062 21.0 59.425 50
123551 19.062 21.0 60.487 50
123622 19.062 21.0 61.425 50
123652 19.062 21.0 62.362 50
123722 19.125 21.0 63.112 50
123753 19.125 21.0 63.675 50
123823 19.125 21.0 64.112 50
123853 19.125 21.0 64.425 50
123923 19.125 21.0 64.675 50
123953 19.062 21.0 64.862 50
124023 19.062 21.0 64.987 50
124054 19.062 21.0 65.05 50
124124 19.062 21.0 65.112 50
124154 19.062 21.0 65.175 50
124224 19.062 21.0 65.175 50
124254 19.062 21.0 65.237 50
124325 19.062 21.0 65.237 50
124355 19.062 21.0 65.175 50
124425 19.062 21.0 65.112 50
124455 19.125 21.0 65.05 50
124526 19.125 21.0 64.987 50
124556 19.125 21.0 64.862 50
124626 19.125 21.0 64.612 50
124656 19.125 21.0 64.3 50
124726 19.187 21.0 63.8 50
124756 19.187 21.0 63.175 50
124826 19.187 21.0 62.362 50
124857 19.187 21.0 61.487 50
124929 19.125 21.0 60.55 50
125000 19.125 21.0 59.55 50
125030 19.125 21.0 58.55 50
125100 19.125 21.0 57.675 50
125130 19.125 21.0 56.862 50
125201 19.062 21.0 56.237 50
125231 19.062 21.0 55.8 50
125301 19.062 21.0 55.487 50
125332 19.062 21.0 55.237 50
125402 19.062 21.0 55.175 50
125432 19.062 21.0 55.175 50
125502 19.062 21.0 55.237 50
125532 19.062 21.0 55.55 50
125603 19.062 21.0 56.3 50
125633 19.062 21.0 57.175 50
125703 19.125 21.0 58.112 50
125733 19.125 21.0 59.05 50
125803 19.125 21.0 59.925 50
125833 19.125 21.0 60.925 50
125903 19.125 21.0 61.862 50
125933 19.125 21.0 62.612 50
130004 19.125 21.0 63.237 50
130034 19.125 21.0 63.737 50
130104 19.125 21.0 64.05 50
130134 19.125 21.0 64.362 50
130204 19.187 21.0 64.487 50
130234 19.187 21.0 64.675 50
130305 19.187 21.0 64.8 50
130335 19.187 21.0 64.862 50
130406 19.187 21.0 64.925 50
130436 19.187 21.0 64.925 50
130506 19.187 21.0 64.987 50
130537 19.187 21.0 64.925 50
130607 19.187 21.0 64.925 50
130637 19.187 21.0 64.925 50
130708 19.25 21.0 64.862 50
130738 19.25 21.0 64.8 50
130808 19.25 21.0 64.675 50
130838 19.25 21.0 64.487 50
130908 19.25 21.0 64.3 50
130938 19.25 21.0 63.925 50
131009 19.25 21.0 63.425 50
131039 19.25 21.0 62.737 50
131109 19.25 21.0 61.925 50
131140 19.25 21.0 60.987 50
131210 19.312 21.0 60.112 50
131241 19.312 21.0 59.237 50
131311 19.312 21.0 58.425 50
131341 19.312 21.0 57.675 50
131411 19.312 21.0 57.05 50
131441 19.312 21.0 56.425 50
131511 19.312 21.0 55.925 50
131541 19.312 21.0 55.55 50
131612 19.312 21.0 55.3 50
131642 19.312 21.0 55.175 50
131713 19.312 21.0 55.112 50
131743 19.312 21.0 55.237 50
131813 19.312 21.0 55.487 50
131843 19.312 21.0 55.987 50
131913 19.312 21.0 56.8 50
131944 19.25 21.0 57.737 50
132014 19.25 21.0 58.612 50
132044 19.25 21.0 59.487 50
132114 19.25 21.0 60.362 50
132145 19.25 21.0 61.175 50
132215 19.25 21.0 61.987 50
132245 19.25 21.0 62.675 50
132315 19.25 21.0 63.237 50
132345 19.25 21.0 63.675 50
132416 19.25 21.0 63.925 50
132446 19.125 21.0 64.175 50
132516 19.125 21.0 64.3 50
132546 19.125 21.0 64.425 50
132616 19.125 21.0 64.487 50
132646 19.125 21.0 64.55 50
132716 19.062 21.0 64.612 50
132747 19.062 21.0 64.612 50
132817 19.062 21.0 64.675 50
132847 19.062 21.0 64.675 50
132917 19.062 21.0 64.675 50
132947 19.062 21.0 64.612 50
133018 19.062 21.0 64.55 50
133048 19.062 21.0 64.487 50
133118 19.062 21.0 64.425 50
133148 19.062 21.0 64.237 50
133218 19.125 21.0 64.05 50
133248 19.125 21.0 63.675 50
133318 19.125 21.0 63.237 50
133349 19.125 21.0 62.55 50
133419 19.125 21.0 61.737 50
133449 19.125 21.0 60.8 50
133519 19.125 21.0 59.862 50
133549 19.125 21.0 58.925 50
133619 19.125 21.0 57.987 50
133650 19.125 21.0 57.112 50
133720 19.125 21.0 56.362 50
133750 19.125 21.0 55.737 50
133820 19.125 21.0 55.237 50
133850 19.125 21.0 54.925 50
133921 19.125 21.0 54.737 50
133951 19.125 21.0 54.675 50
134021 19.125 21.0 54.737 50
134051 19.125 21.0 54.925 50
134122 19.125 21.0 55.425 50
134152 19.125 21.0 56.175 50
134222 19.125 21.0 57.112 50
134252 19.125 21.0 58.05 50
134322 19.125 21.0 58.987 50
134353 19.125 21.0 59.925 50
134423 19.125 21.0 60.737 50
134453 19.062 21.0 61.55 50
134523 19.062 21.0 62.362 50
134554 19.062 21.0 62.925 50
134624 19.062 21.0 63.425 50
134654 19.062 21.0 63.737 50
134724 19.062 21.0 63.987 50
134755 19.062 21.0 64.175 50
134825 19.062 21.0 64.3 50
134855 19.062 21.0 64.425 50
134926 19.062 21.0 64.487 50
134956 19.062 21.0 64.55 50
135027 19.062 21.0 64.55 50
135057 19.062 21.0 64.612 50
135127 19.062 21.0 64.612 50
135157 19.062 21.0 64.55 50
135227 19.0 21.0 64.55 50
135257 19.0 21.0 64.487 50
135328 19.0 21.0 64.425 50
135358 19.0 21.0 64.362 50
135428 19.0 21.0 64.237 50
135459 19.062 21.0 63.987 50
135529 19.062 21.0 63.675 50
135600 19.062 21.0 63.175 50
135630 19.062 21.0 62.55 50
135700 19.062 21.0 61.737 50
135730 19.125 21.0 60.862 50
135800 19.125 21.0 59.925 50
135830 19.125 21.0 59.05 50
135900 19.125 21.0 58.175 50
135931 19.125 21.0 57.3 50
140001 19.187 21.0 56.55 50
140031 19.187 21.0 55.987 50
140102 19.187 21.0 55.487 50
140132 19.187 21.0 55.175 50
140202 19.187 21.0 54.987 50
140232 19.125 21.0 54.925 50
140303 19.125 21.0 54.925 50
140333 19.125 21.0 55.05 50
140403 19.125 21.0 55.487 50
140433 19.125 21.0 56.112 50
140504 19.187 21.0 56.987 50
140534 19.187 21.0 57.862 50
140604 19.187 21.0 58.8 50
140635 19.187 21.0 59.675 50
140705 19.187 21.0 60.612 50
140735 19.25 21.0 61.425 50
140805 19.25 21.0 62.237 50
140836 19.25 21.0 62.862 50
140907 19.25 21.0 63.362 50
140939 19.312 21.0 63.675 50
141009 19.312 21.0 63.925 50
141039 19.312 21.0 64.112 50
141109 19.312 21.0 64.237 50
141139 19.312 21.0 64.362 50
141210 19.375 21.0 64.425 50
141240 19.375 21.0 64.425 50
141310 19.375 21.0 64.487 50
141341 19.375 21.0 64.487 50
141411 19.375 21.0 64.487 50
141441 19.437 21.0 64.487 50
141511 19.437 21.0 64.425 50
141541 19.437 21.0 64.362 50
141611 19.437 21.0 64.3 50
141642 19.437 21.0 64.175 50
141712 19.5 21.0 64.05 50
141742 19.5 21.0 63.8 50
141813 19.5 21.0 63.425 50
141843 19.5 21.0 62.862 50
141913 19.5 21.0 62.112 50
141943 19.562 21.0 61.175 50
142014 19.562 21.0 60.175 50
142045 19.562 21.0 59.175 50
142115 19.562 21.0 58.237 50
142145 19.562 21.0 57.425 50
142215 19.625 21.0 56.737 50
142246 19.625 21.0 56.05 50
142317 19.625 21.0 55.487 50
142347 19.625 21.0 55.112 50
142417 19.625 21.0 54.925 50
142447 19.687 21.0 54.8 50
142517 19.687 21.0 54.862 50
142547 19.687 21.0 55.05 50
142618 19.687 21.0 55.487 50
142648 19.687 21.0 56.3 50
142718 19.687 21.0 57.112 50
142749 19.687 21.0 58.05 50
142819 19.687 21.0 58.925 50
142849 19.687 21.0 59.8 50
142919 19.687 21.0 60.612 50
142949 19.625 21.0 61.362 50
143019 19.625 21.0 62.05 50
143050 19.625 21.0 62.737 50
143120 19.625 21.0 63.237 50
143150 19.625 21.0 63.612 50
143220 19.562 21.0 63.862 50
143250 19.562 21.0 63.987 50
143320 19.562 21.0 64.175 50
143351 19.562 21.0 64.237 50
143421 19.562 21.0 64.3 50
143452 19.562 21.0 64.362 50
143522 19.562 21.0 64.362 50
143552 19.562 21.0 64.425 50
143622 19.562 21.0 64.425 50
143652 19.562 21.0 64.425 50
143722 19.5 21.0 64.362 50
143752 19.5 21.0 64.3 50
143823 19.5 21.0 64.237 50
143854 19.5 21.0 64.112 50
143924 19.5 21.0 63.925 50
143954 19.437 21.0 63.675 50
144024 19.437 21.0 63.237 50
144055 19.437 21.0 62.675 50
144125 19.437 21.0 61.862 50
144156 19.437 21.0 60.987 50
144226 19.437 21.0 60.05 50
144256 19.437 21.0 59.112 50
144326 19.437 21.0 58.3 50
144356 19.437 21.0 57.55 50
144426 19.437 21.0 56.862 50
144456 19.375 21.0 56.3 50
144527 19.375 21.0 55.8 50
144557 19.375 21.0 55.425 50
144627 19.375 21.0 55.175 50
144657 19.375 21.0 55.05 50
144727 19.375 21.0 55.05 50
144757 19.375 21.0 55.3 50
144828 19.375 21.0 55.737 50
144858 19.375 21.0 56.362 50
144928 19.375 21.0 57.175 50
144959 19.312 21.0 58.05 50
145029 19.312 21.0 58.925 50
145100 19.312 21.0 59.8 50
145130 19.312 21.0 60.612 50
145200 19.312 21.0 61.487 50
145231 19.25 21.0 62.175 50
145301 19.25 21.0 62.737 50
145331 19.25 21.0 63.237 50
145401 19.25 21.0 63.612 50
145431 19.25 21.0 63.862 50
145501 19.187 21.0 64.05 50
145532 19.187 21.0 64.175 50
145602 19.187 21.0 64.3 50
145632 19.187 21.0 64.362 50
145702 19.187 21.0 64.425 50
145732 19.25 21.0 64.487 50
145802 19.25 21.0 64.487 50
145832 19.25 21.0 64.487 50
145903 19.25 21.0 64.487 50
145933 19.25 21.0 64.425 50
150003 19.25 21.0 64.362 50
150034 19.25 21.0 64.3 50
150104 19.25 21.0 64.237 50
150134 19.25 21.0 64.05 50
150205 19.25 21.0 63.8 50
150235 19.187 21.0 63.425 50
150305 19.187 21.0 62.862 50
150336 19.187 21.0 62.112 50
150406 19.187 21.0 61.237 50
150437 19.187 21.0 60.362 50
150507 19.187 21.0 59.425 50
150537 19.187 21.0 58.612 50
150607 19.187 21.0 57.862 50
150638 19.187 21.0 57.237 50
150708 19.187 21.0 56.737 50
150739 19.187 21.0 56.3 50
150809 19.187 21.0 55.925 50
150839 19.187 21.0 55.612 50
150909 19.187 21.0 55.487 50
150939 19.187 21.0 55.362 50
151009 19.25 21.0 55.425 50
151040 19.25 21.0 55.737 50
151110 19.25 21.0 56.175 50
151141 19.25 21.0 56.862 50
151212 19.25 21.0 57.675 50
151242 19.25 21.0 58.487 50
151312 19.25 21.0 59.425 50
151342 19.25 21.0 60.3 50
151413 19.25 21.0 61.175 50
151443 19.25 21.0 61.925 50
151513 19.187 21.0 62.612 50
151543 19.187 21.0 63.112 50
151614 19.187 21.0 63.487 50
151644 19.187 21.0 63.737 50
151714 19.187 21.0 63.925 50
151745 19.187 21.0 64.112 50
151815 19.187 21.0 64.237 50
151846 19.187 21.0 64.3 50
151916 19.187 21.0 64.362 50
151949 19.187 21.0 64.425 50
152020 19.187 21.0 64.425 50
152050 19.187 21.0 64.425 50
152120 19.187 21.0 64.425 50
152150 19.187 21.0 64.425 50
152220 19.187 21.0 64.362 50
152250 19.187 21.0 64.3 50
152320 19.187 21.0 64.237 50
152350 19.187 21.0 64.112 50
152420 19.187 21.0 63.862 50
152451 19.25 21.0 63.55 50
152522 19.25 21.0 63.05 50
152552 19.25 21.0 62.425 50
152623 19.25 21.0 61.612 50
152654 19.25 21.0 60.675 50
152724 19.25 21.0 59.737 50
152754 19.25 21.0 58.862 50
152824 19.25 21.0 58.112 50
152855 19.25 21.0 57.425 50
152925 19.25 21.0 56.8 50
152955 19.25 21.0 56.362 50
153025 19.25 21.0 55.987 50
153055 19.25 21.0 55.675 50
153126 19.25 21.0 55.487 50
153156 19.25 21.0 55.362 50
153226 19.25 21.0 55.362 50
153256 19.25 21.0 55.612 50
153326 19.25 21.0 55.987 50
153357 19.25 21.0 56.612 50
153427 19.25 21.0 57.362 50
153457 19.312 21.0 58.175 50
153528 19.312 21.0 59.05 50
153558 19.312 21.0 59.862 50
153628 19.312 21.0 60.737 50
153659 19.312 21.0 61.612 50
153729 19.25 21.0 62.362 50
153759 19.25 21.0 62.987 50
153830 19.25 21.0 63.487 50
153900 19.25 21.0 63.8 50
153930 19.25 21.0 64.05 50
154000 19.312 21.0 64.237 50
154030 19.312 21.0 64.425 50
154101 19.312 21.0 64.487 50
154131 19.312 21.0 64.55 50
154201 19.312 21.0 64.612 50
154232 19.312 21.0 64.612 50
154302 19.312 21.0 64.675 50
154332 19.312 21.0 64.675 50
154403 19.312 21.0 64.612 50
154433 19.312 21.0 64.612 50
154503 19.375 21.0 64.55 50
154534 19.375 21.0 64.425 50
154604 19.375 21.0 64.362 50
154634 19.375 21.0 64.175 50
154704 19.375 21.0 63.862 50
154734 19.437 21.0 63.425 50
154805 19.437 21.0 62.8 50
154835 19.437 21.0 62.05 50
154905 19.437 21.0 61.175 50
154935 19.437 21.0 60.3 50
155005 19.437 21.0 59.425 50
155036 19.437 21.0 58.612 50
155106 19.437 21.0 57.862 50
155136 19.437 21.0 57.237 50
155207 19.437 21.0 56.737 50
155237 19.5 21.0 56.362 50
155307 19.5 21.0 56.05 50
155337 19.5 21.0 55.8 50
155407 19.5 21.0 55.612 50
155437 19.5 21.0 55.55 50
155507 19.437 21.0 55.675 50
155538 19.437 21.0 55.925 50
155608 19.437 21.0 56.487 50
155638 19.437 21.0 57.112 50
155709 19.437 21.0 57.925 50
155739 19.375 21.0 58.737 50
155809 19.375 21.0 59.612 50
155839 19.375 21.0 60.362 50
155909 19.375 21.0 61.175 50
155940 19.375 21.0 62.112 50
160010 19.375 21.0 62.737 50
160040 19.375 21.0 63.237 50
160110 19.375 21.0 63.55 50
160141 19.375 21.0 63.8 50
160211 19.375 21.0 63.987 50
160242 19.312 21.0 64.112 50
160312 19.312 21.0 64.237 50
160342 19.312 21.0 64.3 50
160412 19.312 21.0 64.362 50
160442 19.312 21.0 64.425 50
160512 19.375 21.0 64.425 50
160542 19.375 21.0 64.425 50
160613 19.375 21.0 64.425 50
160643 19.375 21.0 64.362 50
160713 19.375 21.0 64.362 50
160743 19.375 21.0 64.3 50
160814 19.375 21.0 64.175 50
160844 19.375 21.0 64.05 50
160914 19.375 21.0 63.8 50
160944 19.375 21.0 63.487 50
161015 19.437 21.0 62.925 50
161045 19.437 21.0 62.237 50
161115 19.437 21.0 61.425 50
161145 19.437 21.0 60.487 50
161215 19.437 21.0 59.612 50
161245 19.562 21.0 58.8 50
161316 19.562 21.0 58.05 50
161346 19.562 21.0 57.425 50
161416 19.562 21.0 56.862 50
161446 19.562 21.0 56.487 50
161516 19.625 21.0 56.175 50
161546 19.625 21.0 55.925 50
161617 19.625 21.0 55.737 50
161648 19.625 21.0 55.675 50
161719 19.625 21.0 55.737 50
161749 19.625 21.0 55.987 50
161819 19.625 21.0 56.425 50
161849 19.625 21.0 56.987 50
161919 19.625 21.0 57.737 50
161949 19.625 21.0 58.55 50
162020 19.625 21.0 59.487 50
162050 19.625 21.0 60.3 50
162120 19.625 21.0 61.175 50
162150 19.625 21.0 61.987 50
162220 19.625 21.0 62.737 50
162250 19.562 21.0 63.237 50
162320 19.562 21.0 63.675 50
162351 19.562 21.0 64.05 50
162421 19.562 21.0 64.237 50
162451 19.562 21.0 64.425 50
162521 19.562 21.0 64.55 50
162552 19.562 21.0 64.675 50
162622 19.562 21.0 64.737 50
162652 19.562 21.0 64.8 50
162722 19.562 21.0 64.862 50
162753 19.562 21.0 64.862 50
162823 19.562 21.0 64.862 50
162853 19.562 21.0 64.8 50
162923 19.562 21.0 64.8 50
162954 19.562 21.0 64.737 50
163024 19.75 21.0 64.675 50
163054 19.75 21.0 64.55 50
163125 19.75 21.0 64.362 50
163155 19.75 21.0 64.112 50
163226 19.75 21.0 63.737 50
163256 19.875 21.0 63.237 50
163326 19.875 21.0 62.55 50
163356 19.875 21.0 61.8 50
163426 19.875 21.0 60.987 50
163456 19.875 21.0 60.112 50
163527 20.062 21.0 59.362 50
163557 20.062 21.0 58.675 50
163628 20.062 21.0 58.05 50
163658 20.062 21.0 57.487 50
163728 20.062 21.0 57.05 50
163758 20.312 21.0 56.737 50
163828 20.312 21.0 56.425 50
163858 20.312 21.0 56.237 50
163928 20.312 21.0 56.112 50
163959 20.312 21.0 56.05 50
164029 20.375 21.0 56.05 50
164059 20.375 21.0 56.237 50
164130 20.375 21.0 56.55 50
164200 20.375 21.0 57.05 50
164232 20.375 21.0 57.737 50
164302 20.375 21.0 58.55 50
164332 20.375 21.0 59.425 50
164402 20.375 21.0 60.237 50
164433 20.375 21.0 61.112 50
164503 20.312 21.0 62.05 50
164534 20.312 21.0 62.925 50
164604 20.312 21.0 63.55 50
164634 20.312 21.0 63.987 50
164705 20.312 21.0 64.3 50
164736 20.312 21.0 64.55 50
164806 20.312 21.0 64.737 50
164836 20.312 21.0 64.925 50
164906 20.312 21.0 65.05 50
164936 20.312 21.0 65.112 50
165007 20.25 21.0 65.175 50
165037 20.25 21.0 65.237 50
165107 20.25 21.0 65.237 50
165138 20.25 21.0 65.3 50
165208 20.25 21.0 65.237 50
165238 20.312 21.0 65.237 50
165309 20.312 21.0 65.175 50
165339 20.312 21.0 65.112 50
165409 20.312 21.0 65.05 50
165439 20.312 21.0 64.925 50
165510 20.375 21.0 64.675 50
165540 20.375 21.0 64.362 50
165610 20.375 21.0 63.862 50
165640 20.375 21.0 63.237 50
165710 20.375 21.0 62.487 50
165740 20.375 21.0 61.675 50
165811 20.375 21.0 60.862 50
165841 20.375 21.0 60.112 50
165911 20.375 21.0 59.425 50
165942 20.375 21.0 58.8 50
170012 20.437 21.0 58.362 50
170042 20.437 21.0 57.987 50
170112 20.437 21.0 57.675 50
170142 20.437 21.0 57.425 50
170212 20.437 21.0 57.237 50
170243 20.437 21.0 57.112 50
170313 20.437 21.0 56.987 50
170343 20.437 21.0 56.925 50
170414 20.437 21.0 56.8 50
170444 20.437 21.0 56.8 50
170514 20.437 21.0 56.862 50
170544 20.437 21.0 56.925 50
170614 20.437 21.0 57.05 50
170644 20.437 21.0 57.237 50
170714 20.437 21.0 57.487 50
170744 20.437 21.0 57.925 50
170815 20.437 21.0 58.487 50
170845 20.437 21.0 59.175 50
170915 20.437 21.0 59.987 50
170945 20.437 21.0 60.862 50
171015 20.375 21.0 61.737 50
171046 20.375 21.0 62.425 50
171117 20.375 21.0 62.987 50
171147 20.375 21.0 63.425 50
171218 20.375 21.0 63.737 50
171248 20.375 21.0 63.925 50
171318 20.375 21.0 64.112 50
171349 20.375 21.0 64.237 50
171419 20.375 21.0 64.3 50
171449 20.375 21.0 64.425 50
171519 20.312 21.0 64.425 50
171549 20.312 21.0 64.487 50
171620 20.312 21.0 64.487 50
171651 20.312 21.0 64.487 50
171721 20.312 21.0 64.487 50
171752 20.5 21.0 64.425 50
171822 20.5 21.0 64.362 50
171852 20.5 21.0 64.3 50
171922 20.5 21.0 64.237 50
171952 20.5 21.0 64.05 50
172022 20.375 21.0 63.8 50
172052 20.375 21.0 63.487 50
172122 20.375 21.0 62.987 50
172153 20.375 21.0 62.362 50
172223 20.375 21.0 61.55 50
172253 20.5 21.0 60.8 50
172324 20.5 21.0 59.987 50
172354 20.5 21.0 59.175 50
172424 20.5 21.0 58.487 50
172454 20.5 21.0 57.925 50
172524 20.375 21.0 57.425 50
172555 20.375 21.0 56.987 50
172626 20.375 21.0 56.612 50
172656 20.375 21.0 56.362 50
172726 20.375 21.0 56.112 50
172757 20.437 21.0 55.987 50
172827 20.437 21.0 55.987 50
172857 20.437 21.0 55.987 50
172927 20.437 21.0 56.237 50
172957 20.437 21.0 56.675 50
173027 20.5 21.0 57.237 50
173058 20.5 21.0 57.925 50
173128 20.5 21.0 58.675 50
173158 20.5 21.0 59.55 50
173228 20.5 21.0 60.362 50
173258 20.5 21.0 61.237 50
173329 20.5 21.0 61.987 50
173359 20.5 21.0 62.675 50
173429 20.5 21.0 63.175 50
173500 20.5 21.0 63.55 50
173530 20.5 21.0 63.862 50
173601 20.5 21.0 64.05 50
173631 20.5 21.0 64.175 50
173701 20.5 21.0 64.3 50
173731 20.5 21.0 64.425 50
173801 20.437 21.0 64.487 50
173832 20.437 21.0 64.55 50
173902 20.437 21.0 64.55 50
173932 20.437 21.0 64.55 50
174002 20.437 21.0 64.55 50
174032 20.625 21.0 64.55 50
174103 20.625 21.0 64.55 50
174133 20.625 21.0 64.487 50
174203 20.625 21.0 64.425 50
174233 20.625 21.0 64.3 50
174303 20.625 21.0 64.175 50
174333 20.625 21.0 63.925 50
174404 20.625 21.0 63.612 50
174434 20.625 21.0 63.175 50
174504 20.625 21.0 62.612 50
174535 20.625 21.0 61.862 50
174605 20.625 21.0 61.112 50
174636 20.625 21.0 60.237 50
174706 20.625 21.0 59.487 50
174736 20.625 21.0 58.737 50
174806 20.687 21.0 58.05 50
174836 20.687 21.0 57.487 50
174906 20.687 21.0 57.05 50
174937 20.687 21.0 56.675 50
175007 20.687 21.0 56.3 50
175037 20.75 21.0 56.112 50
175108 20.75 21.0 55.925 50
175138 20.75 21.0 55.862 50
175208 20.75 21.0 55.8 50
175239 20.75 21.0 55.925 50
175309 20.562 21.0 56.175 50
175339 20.562 21.0 56.737 50
175409 20.562 21.0 57.425 50
175439 20.562 21.0 58.112 50
175510 20.562 21.0 58.925 50
175540 20.437 21.0 59.612 50
175611 20.437 21.0 60.425 50
175641 20.437 21.0 61.237 50
175711 20.437 21.0 61.987 50
175742 20.437 21.0 62.675 50
175813 20.437 21.0 63.175 50
175844 20.437 21.0 63.487 50
175914 20.437 21.0 63.8 50
175944 20.437 21.0 63.987 50
180017 20.375 21.0 64.112 50
180047 20.375 21.0 64.175 50
180117 20.375 21.0 64.237 50
180148 20.375 21.0 64.3 50
180218 20.375 21.0 64.362 50
180248 20.437 21.0 64.362 50
180318 20.437 21.0 64.362 50
180349 20.437 21.0 64.362 50
180420 20.437 21.0 64.3 50
180450 20.437 21.0 64.237 50
180521 20.437 21.0 64.175 50
180551 20.437 21.0 64.05 50
180621 20.437 21.0 63.925 50
180652 20.437 21.0 63.612 50
180722 20.437 21.0 63.237 50
180753 20.5 21.0 62.675 50
180823 20.5 21.0 61.987 50
180853 20.5 21.0 61.175 50
180923 20.5 21.0 60.362 50
180954 20.5 21.0 59.487 50
181024 20.687 21.0 58.737 50
181054 20.687 21.0 58.05 50
181124 20.687 21.0 57.425 50
181154 20.687 21.0 56.987 50
181224 20.687 21.0 56.55 50
181255 20.687 21.0 56.237 50
181325 20.687 21.0 56.05 50
181355 20.687 21.0 55.862 50
181426 20.687 21.0 55.862 50
181456 20.687 21.0 55.925 50
181527 20.75 21.0 56.175 50
181557 20.75 21.0 56.612 50
181627 20.75 21.0 57.237 50
181658 20.75 21.0 57.987 50
181728 20.75 21.0 58.8 50
181759 20.687 21.0 59.612 50
181829 20.687 21.0 60.237 50
181859 20.687 21.0 60.925 50
181929 20.687 21.0 61.675 50
181959 20.687 21.0 62.237 50
182030 20.625 21.0 62.737 50
182100 20.625 21.0 63.112 50
182130 20.625 21.0 63.362 50
182200 20.625 21.0 63.55 50
182231 20.625 21.0 63.675 50
182301 20.75 21.0 63.737 50
182331 20.75 21.0 63.8 50
182402 20.75 21.0 63.862 50
182432 20.75 21.0 63.925 50
182502 20.75 21.0 63.925 50
182532 20.687 21.0 63.925 50
182602 20.687 21.0 63.925 50
182632 20.687 21.0 63.862 50
182702 20.687 21.0 63.8 50
182733 20.687 21.0 63.737 50
182803 20.812 21.0 63.675 50
182834 20.812 21.0 63.487 50
182904 20.812 21.0 63.3 50
182934 20.812 21.0 62.925 50
183004 20.812 21.0 62.425 50
183034 20.75 21.0 61.8 50
183104 20.75 21.0 61.05 50
183134 20.75 21.0 60.237 50
183205 20.75 21.0 59.487 50
183235 20.75 21.0 58.737 50
183305 20.687 21.0 58.05 50
183335 20.687 21.0 57.425 50
183406 20.687 21.0 56.925 50
183437 20.687 21.0 56.55 50
183507 20.687 21.0 56.175 50
183538 20.687 21.0 55.925 50
183608 20.687 21.0 55.8 50
183638 20.687 21.0 55.737 50
183709 20.687 21.0 55.862 50
183739 20.687 21.0 56.175 50
183809 20.562 21.0 56.675 50
183840 20.562 21.0 57.362 50
183910 20.562 21.0 58.175 50
183940 20.562 21.0 58.987 50
184010 20.562 21.0 59.862 50
184040 20.562 21.0 60.675 50
184110 20.562 21.0 61.55 50
184140 20.562 21.0 62.237 50
184210 20.562 21.0 62.8 50
184241 20.562 21.0 63.237 50
184311 20.687 21.0 63.55 50
184342 20.687 21.0 63.737 50
184412 20.687 21.0 63.925 50
184442 20.687 21.0 64.05 50
184512 20.687 21.0 64.112 50
184542 20.687 21.0 64.175 50
184612 20.687 21.0 64.237 50
184643 20.687 21.0 64.237 50
184713 20.687 21.0 64.237 50
184743 20.687 21.0 64.175 50
184814 20.812 21.0 64.175 50
184844 20.812 21.0 64.112 50
184914 20.812 21.0 63.987 50
184944 20.812 21.0 63.862 50
185015 20.812 21.0 63.737 50
185046 20.875 21.0 63.425 50
185116 20.875 21.0 62.987 50
185146 20.875 21.0 62.3 50
185216 20.875 21.0 61.487 50
185246 20.875 21.0 60.55 50
185317 20.937 21.0 59.612 50
185347 20.937 21.0 58.737 50
185417 20.937 21.0 57.862 50
185447 20.937 21.0 57.175 50
185518 20.937 21.0 56.55 50
185548 21.0 21.0 56.05 50
185618 21.0 21.0 55.675 50
185648 21.0 21.0 55.487 50
185718 21.0 21.0 55.362 50
185749 21.0 21.0 55.425 50
185819 20.875 21.0 55.8 50
185849 20.875 21.0 56.425 50
185919 20.875 21.0 57.05 50
185949 20.875 21.0 57.8 50
190019 20.875 21.0 58.55 50
190049 20.75 21.0 59.362 50
190119 20.75 21.0 60.175 50
190150 20.75 21.0 61.05 50
190220 20.75 21.0 61.925 50
190250 20.75 21.0 62.737 50
190320 20.875 21.0 63.3 50
190350 20.875 21.0 63.675 50
190420 20.875 21.0 63.925 50
190451 20.875 21.0 64.05 50
190521 20.875 21.0 64.175 50
190552 20.937 21.0 64.3 50
190622 20.937 21.0 64.362 50
190652 20.937 21.0 64.425 50
190723 20.937 21.0 64.425 50
190753 20.937 21.0 64.425 50
190823 20.875 21.0 64.425 50
190853 20.875 21.0 64.425 50
190923 20.875 21.0 64.425 50
190954 20.875 21.0 64.362 50
191024 20.875 21.0 64.3 50
191054 20.937 21.0 64.175 50
191124 20.937 21.0 63.862 50
191155 20.937 21.0 63.487 50
191225 20.937 21.0 62.862 50
191257 21.0 21.0 62.05 50
191327 21.0 21.0 61.05 50
191357 21.0 21.0 60.05 50
191428 21.0 21.0 59.05 50
191458 21.0 21.0 58.237 50
191528 21.062 21.0 57.487 0
191558 21.062 21.0 56.862 0
191629 21.062 21.0 56.425 0
191700 21.062 21.0 56.175 0
191730 21.062 21.0 55.987 0
191800 21.0 21.0 55.925 0
191830 21.0 21.0 55.925 0
191901 21.0 21.0 56.175 0
191931 21.0 21.0 56.612 0
192001 21.0 21.0 57.237 0
192032 20.875 21.0 58.112 0
192102 20.875 21.0 59.112 0
192132 20.875 21.0 60.175 50
192203 20.875 21.0 61.362 50
192233 20.875 21.0 62.487 50
192303 20.812 21.0 63.362 50
192333 20.812 21.0 63.987 50
192404 20.812 21.0 64.487 50
192434 20.812 21.0 64.8 50
192505 20.812 21.0 64.987 50
192535 20.687 21.0 65.112 50
192605 20.687 21.0 65.175 50
192636 20.687 21.0 65.3 50
192706 20.687 21.0 65.362 50
192736 20.687 21.0 65.362 50
192807 20.75 21.0 65.425 50
192837 20.75 21.0 65.425 50
192907 20.75 21.0 65.425 50
192938 20.75 21.0 65.425 50
193008 20.75 21.0 65.425 50
193038 20.687 21.0 65.362 50
193108 20.687 21.0 65.3 50
193138 20.687 21.0 65.237 50
193209 20.687 21.0 65.175 50
193239 20.687 21.0 64.987 50
193310 20.687 21.0 64.675 50
193340 20.687 21.0 64.175 50
193410 20.687 21.0 63.3 50
193441 20.687 21.0 62.237 50
193511 20.687 21.0 60.987 50
193542 20.875 21.0 59.737 0
193612 20.875 21.0 58.675 0
193642 20.875 21.0 57.862 0
193713 20.875 21.0 57.3 0
193743 20.875 21.0 56.675 0
193813 20.875 21.0 55.862 0
193844 20.875 21.0 55.675 0
193914 20.875 21.0 55.55 0
193945 20.875 21.0 55.55 0
194015 20.875 21.0 55.675 0
194045 20.812 21.0 56.05 0
194115 20.812 21.0 56.612 0
194145 20.812 21.0 57.362 0
194215 20.812 21.0 58.237 0
194246 20.812 21.0 59.237 0
194316 20.812 21.0 60.237 50
194347 20.812 21.0 61.362 50
194417 20.812 21.0 62.425 50
194448 20.812 21.0 63.237 50
194518 20.812 21.0 63.862 50
194548 20.75 21.0 64.362 50
194619 20.75 21.0 64.675 50
194649 20.75 21.0 64.925 50
194719 20.75 21.0 65.05 50
194749 20.75 21.0 65.175 50
194820 20.687 21.0 65.237 50
194850 20.687 21.0 65.3 50
194920 20.687 21.0 65.3 50
194950 20.687 21.0 65.362 50
195021 20.687 21.0 65.3 50
195051 20.687 21.0 65.362 50
195121 20.687 21.0 65.362 50
195151 20.687 21.0 65.3 50
195221 20.687 21.0 65.237 50
195251 20.687 21.0 65.175 50
195322 20.812 21.0 65.112 50
195352 20.812 21.0 64.987 50
195422 20.812 21.0 64.8 50
195453 20.812 21.0 64.362 50
195523 20.812 21.0 63.612 50
195553 20.812 21.0 62.55 50
195623 20.812 21.0 61.362 50
195654 20.812 21.0 59.925 0
195724 20.812 21.0 58.612 0
195754 20.812 21.0 57.737 0
195825 20.875 21.0 57.112 0
195855 20.875 21.0 56.8 0
195925 20.875 21.0 56.487 0
195956 20.875 21.0 56.362 0
200026 20.875 21.0 56.3 0
200056 21.0 21.0 56.175 0
200126 21.0 21.0 56.425 0
200157 21.0 21.0 56.737 0
200227 21.0 21.0 57.175 0
200257 21.0 21.0 57.8 0
200327 20.812 21.0 58.55 0
200357 20.812 21.0 59.487 0
200427 20.812 21.0 60.425 50
200457 20.812 21.0 61.487 50
200528 20.812 21.0 62.55 50
200558 20.875 21.0 63.425 50
200628 20.875 21.0 64.05 50
200658 20.875 21.0 64.55 50
200728 20.875 21.0 64.925 50
200759 20.875 21.0 65.112 50
200829 20.812 21.0 65.3 50
200859 20.812 21.0 65.425 50
200929 20.812 21.0 65.487 50
200959 20.812 21.0 65.55 50
201029 20.812 21.0 65.612 50
201100 20.75 21.0 65.612 50
201130 20.75 21.0 65.675 50
201200 20.75 21.0 65.612 50
201230 20.75 21.0 65.612 50
201300 20.75 21.0 65.612 50
201330 20.812 21.0 65.55 50
201401 20.812 21.0 65.487 50
201431 20.812 21.0 65.425 50
201501 20.812 21.0 65.3 50
201532 20.812 21.0 65.112 50
201602 20.812 21.0 64.737 50
201632 20.812 21.0 64.112 50
201702 20.812 21.0 63.237 50
201733 20.812 21.0 62.112 50
201805 20.875 21.0 60.862 50
201836 20.875 21.0 59.487 50
201906 20.875 21.0 58.237 50
201936 20.875 21.0 57.05 50
202006 20.875 21.0 56.05 50
202037 21.062 21.0 55.3 0
202107 21.062 21.0 54.8 0
202137 21.062 21.0 54.612 0
202208 21.062 21.0 54.55 0
202238 21.062 21.0 54.8 0
202308 21.062 21.0 55.3 0
202339 21.062 21.0 55.925 0
202409 21.062 21.0 56.8 0
202439 21.062 21.0 57.8 0
202510 21.062 21.0 58.862 0
202540 20.937 21.0 59.925 0
202610 20.937 21.0 60.987 50
202640 20.937 21.0 61.987 50
202710 20.937 21.0 62.925 50
202741 20.937 21.0 63.55 50
202811 21.0 21.0 63.987 50
202841 21.0 21.0 64.237 50
202911 21.0 21.0 64.425 50
202941 21.0 21.0 64.55 50
203012 21.0 21.0 64.675 50
203042 20.937 21.0 64.737 50
203112 20.937 21.0 64.8 50
203143 20.937 21.0 64.8 50
203213 20.937 21.0 64.8 50
203243 20.937 21.0 64.862 50
203314 20.937 21.0 64.8 50
203344 20.937 21.0 64.737 50
203414 20.937 21.0 64.737 50
203444 20.937 21.0 64.675 50
203514 20.937 21.0 64.55 50
203545 21.062 21.0 64.425 0
203616 21.062 21.0 64.3 0
203646 21.062 21.0 64.175 0
203717 21.062 21.0 64.05 0
203747 21.062 21.0 63.987 0
203817 21.187 21.0 63.925 0
203847 21.187 21.0 63.862 0
203917 21.187 21.0 63.8 0
203948 21.187 21.0 63.737 0
204018 21.187 21.0 63.737 0
204048 21.062 21.0 63.675 0
204119 21.062 21.0 63.612 0
204149 21.062 21.0 63.612 0
204219 21.062 21.0 63.55 0
204249 21.062 21.0 63.487 0
204319 21.0 21.0 63.487 0
204349 21.0 21.0 63.425 0
204420 21.0 21.0 63.362 0
204450 21.0 21.0 63.362 0
204520 21.0 21.0 63.3 0
204550 20.937 21.0 63.237 50
204620 20.937 21.0 63.175 50
204650 20.937 21.0 62.987 50
204721 20.937 21.0 62.675 50
204751 20.937 21.0 62.112 50
204821 20.875 21.0 61.175 50
204851 20.875 21.0 59.987 50
204922 20.875 21.0 58.862 0
204952 20.875 21.0 58.112 0
205023 20.875 21.0 57.487 0
205053 20.75 21.0 57.05 0
205123 20.75 21.0 56.737 0
205153 20.75 21.0 56.55 0
205223 20.75 21.0 56.425 0
205253 20.75 21.0 56.362 0
205324 20.687 21.0 56.362 0
205354 20.687 21.0 56.425 0
205424 20.687 21.0 56.55 0
205454 20.687 21.0 56.8 0
205524 20.687 21.0 57.237 0
205554 20.5 21.0 57.675 0
205625 20.5 21.0 58.3 0
205655 20.5 21.0 59.05 0
205726 20.5 21.0 59.987 0
205756 20.5 21.0 60.987 50
205826 20.5 21.0 61.987 50
205856 20.5 21.0 62.862 50
205927 20.5 21.0 63.55 50
205957 20.5 21.0 63.987 50
210027 20.5 21.0 64.362 50
210057 20.437 21.0 64.612 50
210127 20.437 21.0 64.737 50
210157 20.437 21.0 64.862 50
210227 20.437 21.0 64.987 50
210257 20.437 21.0 65.05 50
210327 20.437 21.0 65.05 50
210358 20.437 21.0 65.112 50
210428 20.437 21.0 65.112 50
210459 20.437 21.0 65.112 50
210529 20.437 21.0 65.05 50
210559 20.562 21.0 64.987 50
210629 20.562 21.0 64.987 50
210659 20.562 21.0 64.862 50
210730 20.562 21.0 64.737 50
210800 20.562 21.0 64.175 50
210830 20.625 21.0 63.05 50
210900 20.625 21.0 61.675 50
210931 20.625 21.0 59.925 0
211001 20.625 21.0 58.3 0
211032 20.625 21.0 57.112 0
211102 20.687 21.0 56.425 0
211132 20.687 21.0 55.987 0
211202 20.687 21.0 55.675 0
211233 20.687 21.0 55.3 0
211303 20.687 21.0 54.987 0
211333 20.75 21.0 54.862 0
211403 20.75 21.0 55.05 0
211433 20.75 21.0 55.3 0
211503 20.75 21.0 55.675 0
211533 20.75 21.0 56.3 0
211604 20.75 21.0 56.987 0
211634 20.75 21.0 57.925 0
211705 20.75 21.0 58.8 0
211735 20.75 21.0 59.862 0
211805 20.75 21.0 60.987 50
211835 20.75 21.0 62.112 50
211905 20.75 21.0 63.112 50
211935 20.75 21.0 63.925 50
212006 20.75 21.0 64.55 50
212036 20.75 21.0 64.987 50
212106 20.75 21.0 65.3 50
212137 20.75 21.0 65.487 50
212207 20.75 21.0 65.612 50
212238 20.75 21.0 65.737 50
212308 20.75 21.0 65.8 50
212338 20.687 21.0 65.862 50
212408 20.687 21.0 65.925 50
212438 20.687 21.0 65.987 50
212508 20.687 21.0 65.987 50
212538 20.687 21.0 65.987 50
212609 20.812 21.0 65.925 50
212639 20.812 21.0 65.925 50
212710 20.812 21.0 65.862 50
212741 20.812 21.0 65.737 50
212811 20.812 21.0 65.55 50
212841 20.812 21.0 64.862 50
212912 20.812 21.0 63.675 50
212943 20.812 21.0 62.3 50
213013 20.812 21.0 60.8 50
213045 20.875 21.0 59.3 0
213115 20.875 21.0 58.05 0
213145 20.875 21.0 57.3 0
213216 20.875 21.0 56.8 0
213246 20.875 21.0 56.487 0
213316 20.937 21.0 56.3 0
213347 20.937 21.0 56.175 0
213417 20.937 21.0 56.112 0
213448 20.937 21.0 55.987 0
213518 20.937 21.0 56.05 0
213548 21.062 21.0 56.362 0
213618 21.062 21.0 56.987 0
213648 21.062 21.0 57.8 0
213718 21.062 21.0 58.737 0
213749 21.062 21.0 59.675 0
213819 20.937 21.0 60.737 50
213850 20.937 21.0 61.862 50
213920 20.937 21.0 62.987 50
213950 20.937 21.0 63.8 50
214020 20.937 21.0 64.55 50
214051 20.937 21.0 65.05 50
214121 20.937 21.0 65.425 50
214151 20.937 21.0 65.675 50
214222 20.937 21.0 65.862 50
214252 20.937 21.0 65.987 50
214322 21.0 21.0 66.05 50
214352 21.0 21.0 66.175 50
214422 21.0 21.0 66.175 50
214452 21.0 21.0 66.237 50
214522 21.0 21.0 66.237 50
214553 20.937 21.0 66.237 50
214623 20.937 21.0 66.237 50
214653 20.937 21.0 66.237 50
214723 20.937 21.0 66.237 50
214753 20.937 21.0 66.175 50
214824 20.937 21.0 66.112 50
214854 20.937 21.0 65.987 50
214924 20.937 21.0 65.862 50
214954 20.937 21.0 65.55 50
215024 20.937 21.0 64.925 50
215055 21.0 21.0 63.675 50
215125 21.0 21.0 61.925 50
215155 21.0 21.0 60.112 50
215225 21.0 21.0 58.55 0
215255 21.0 21.0 57.487 0
215326 20.875 21.0 56.8 0
215356 20.875 21.0 56.362 0
215427 20.875 21.0 56.05 0
215457 20.875 21.0 55.925 0
215527 20.875 21.0 55.8 0
215558 20.75 21.0 55.8 0
215628 20.75 21.0 55.925 0
215658 20.75 21.0 56.175 0
215728 20.75 21.0 56.8 0
215758 20.75 21.0 57.237 0
215828 20.75 21.0 58.362 0
215859 20.75 21.0 59.425 0
215929 20.75 21.0 60.425 50
215959 20.75 21.0 61.425 50
220029 20.75 21.0 62.487 50
220100 20.625 21.0 63.487 50
220131 20.625 21.0 64.112 50
220201 20.625 21.0 64.612 50
220232 20.625 21.0 64.925 50
220302 20.625 21.0 65.112 50
220332 20.562 21.0 65.175 50
220402 20.562 21.0 65.3 50
220432 20.562 21.0 65.362 50
220502 20.562 21.0 65.425 50
220532 20.562 21.0 65.425 50
220603 20.562 21.0 65.487 50
220633 20.562 21.0 65.487 50
220703 20.562 21.0 65.487 50
220734 20.562 21.0 65.487 50
220804 20.562 21.0 65.362 50
220834 20.562 21.0 65.425 50
220905 20.562 21.0 65.362 50
220936 20.562 21.0 65.3 50
221007 20.562 21.0 64.862 50
221037 20.562 21.0 64.487 50
221107 20.75 21.0 63.987 50
221137 20.75 21.0 63.175 50
221207 20.75 21.0 62.112 50
221238 20.75 21.0 60.862 50
221308 20.75 21.0 59.362 0
221338 20.75 16.0 57.862 0
221409 20.75 16.0 56.487 0
221440 20.75 16.0 55.675 0
221511 20.75 16.0 55.05 0
221542 20.75 16.0 54.737 0
221612 20.625 16.0 54.55 0
221642 20.625 16.0 54.487 0
221713 20.625 16.0 54.675 0
221743 20.625 16.0 55.175 0
221813 20.625 16.0 55.987 0
221843 20.437 16.0 56.862 0
221914 20.437 16.0 57.8 0
221944 20.437 16.0 58.8 0
222015 20.437 16.0 59.862 0
222045 20.437 16.0 60.987 0
222115 20.25 16.0 62.112 0
222146 20.25 16.0 63.05 0
222216 20.25 16.0 63.862 0
222247 20.25 16.0 64.425 0
222317 20.25 16.0 64.925 0
222348 20.125 16.0 65.237 0
222418 20.125 16.0 65.612 0
222448 20.125 16.0 65.737 0
222519 20.125 16.0 65.987 0
222549 20.125 16.0 66.175 0
222620 20.0 16.0 66.362 0
222650 20.0 16.0 66.487 0
222721 20.0 16.0 66.612 0
222752 20.0 16.0 66.737 0
222824 19.875 16.0 66.8 0
222855 19.875 16.0 66.925 0
222926 19.875 16.0 67.05 0
222956 19.875 16.0 67.112 0
223027 19.875 16.0 67.237 0
223057 19.687 16.0 67.3 0
223128 19.687 16.0 67.425 0
223159 19.687 16.0 67.487 0
223229 19.687 16.0 67.612 0
223259 19.687 16.0 67.675 0
223329 19.625 16.0 67.737 0
223400 19.625 16.0 67.8 0
223430 19.625 16.0 67.862 0
223501 19.625 16.0 67.862 0
223531 19.625 16.0 67.925 0
223602 19.5 16.0 67.925 0
223632 19.5 16.0 67.987 0
223702 19.5 16.0 67.987 0
223732 19.5 16.0 67.987 0
223803 19.5 16.0 67.987 0
223833 19.375 16.0 67.987 0
223903 19.375 16.0 68.05 0
223934 19.375 16.0 68.05 0
224004 19.375 16.0 68.05 0
224034 19.375 16.0 68.112 0
224104 19.25 16.0 68.175 0
224134 19.25 16.0 68.175 0
224204 19.25 16.0 68.237 0
224235 19.25 16.0 68.237 0
224305 19.25 16.0 68.3 0
224336 19.125 16.0 68.362 0
224406 19.125 16.0 68.362 0
224437 19.125 16.0 68.425 0
224507 19.125 16.0 68.425 0
224537 19.125 16.0 68.487 0
224608 19.0 16.0 68.487 0
224638 19.0 16.0 68.487 0
224709 19.0 16.0 68.55 0
224739 19.0 16.0 68.55 0
224809 19.0 16.0 68.55 0
224840 18.937 16.0 68.612 0
224910 18.937 16.0 68.675 0
224940 18.937 16.0 68.675 0
225011 18.937 16.0 68.675 0
225041 18.937 16.0 68.737 0
225112 18.875 16.0 68.8 0
225142 18.875 16.0 68.8 0
225213 18.875 16.0 68.862 0
225243 18.875 16.0 68.862 0
225314 18.875 16.0 68.925 0
225344 18.75 16.0 68.925 0
225414 18.75 16.0 68.987 0
225444 18.75 16.0 69.05 0
225515 18.75 16.0 69.05 0
225545 18.75 16.0 69.112 0
225615 18.75 16.0 69.112 0
225645 18.75 16.0 69.175 0
225715 18.75 16.0 69.175 0
225745 18.75 16.0 69.237 0
225816 18.75 16.0 69.237 0
225846 18.687 16.0 69.237 0
225916 18.687 16.0 69.3 0
225946 18.687 16.0 69.3 0
230016 18.687 10.0 69.3 0
230046 18.687 10.0 69.3 0
230117 18.625 10.0 69.3 0
230147 18.625 10.0 69.3 0
230218 18.625 10.0 69.3 0
230248 18.625 10.0 69.3 0
230318 18.625 10.0 69.3 0
230349 18.562 10.0 69.362 0
230420 18.562 10.0 69.3 0
230450 18.562 10.0 69.362 0
230520 18.562 10.0 69.362 0
230550 18.562 10.0 69.362 0
230620 18.5 10.0 69.362 0
230651 18.5 10.0 69.362 0
230721 18.5 10.0 69.362 0
230751 18.5 10.0 69.425 0
230822 18.5 10.0 69.425 0
230852 18.437 10.0 69.425 0
230922 18.437 10.0 69.362 0
230953 18.437 10.0 69.362 0
231023 18.437 10.0 69.362 0
231053 18.437 10.0 69.362 0
231124 18.437 10.0 69.362 0
231154 18.437 10.0 69.425 0
231224 18.437 10.0 69.425 0
231254 18.437 10.0 69.487 0
231325 18.437 10.0 69.487 0
231355 18.375 10.0 69.487 0
231425 18.375 10.0 69.55 0
231456 18.375 10.0 69.55 0
231526 18.375 10.0 69.612 0
231557 18.375 10.0 69.612 0
231627 18.312 10.0 69.612 0
231657 18.312 10.0 69.675 0
231728 18.312 10.0 69.675 0
231758 18.312 10.0 69.737 0
231828 18.312 10.0 69.737 0
231858 18.312 10.0 69.8 0
231928 18.312 10.0 69.8 0
231958 18.312 10.0 69.862 0
232029 18.312 10.0 69.862 0
232059 18.312 10.0 69.862 0
232129 18.25 10.0 69.862 0
232200 18.25 10.0 69.925 0
232231 18.25 10.0 69.925 0
232301 18.25 10.0 70.05 50
232334 18.187 10.0 70.237 50
232404 18.187 10.0 70.425 50
232435 18.187 10.0 70.487 50
232505 18.187 10.0 70.612 50
232535 18.187 10.0 70.675 50
232605 18.187 10.0 70.675 50
232635 18.187 10.0 70.675 50
232706 18.187 10.0 70.737 50
232736 18.187 10.0 70.675 50
232806 18.187 10.0 70.675 50
232837 18.187 10.0 70.675 50
232907 18.187 10.0 70.612 50
232937 18.187 10.0 70.55 50
233007 18.187 10.0 70.487 50
233037 18.187 10.0 70.425 50
233108 18.187 10.0 70.362 50
233138 18.187 10.0 70.237 50
233208 18.187 10.0 69.987 0
233238 18.187 10.0 69.612 0
233309 18.187 10.0 69.362 0
233339 18.312 10.0 69.112 0
233409 18.312 10.0 68.987 0
233440 18.312 10.0 68.8 0
233510 18.312 10.0 68.737 0
233540 18.312 10.0 68.612 0
233610 18.437 10.0 68.55 0
233640 18.437 10.0 68.425 0
233710 18.437 10.0 68.362 0
233740 18.437 10.0 68.3 0
233811 18.437 10.0 68.237 0
233841 18.5 10.0 68.112 0
233911 18.5 10.0 68.05 0
233941 18.5 10.0 67.987 0
234012 18.5 10.0 67.925 0
234043 18.5 10.0 67.8 0
234113 18.5 10.0 67.737 0
234143 18.5 10.0 67.675 0
234214 18.5 10.0 67.55 0
234245 18.5 10.0 67.487 0
234315 18.5 10.0 67.425 0
234346 18.5 10.0 67.362 0
234416 18.5 10.0 67.112 0
234447 18.5 10.0 66.487 0
234517 18.5 10.0 65.55 0
234548 18.5 10.0 64.675 0
234618 18.5 10.0 64.112 0
234649 18.5 10.0 63.737 0
234719 18.5 10.0 63.425 0
234750 18.5 10.0 63.237 0
234820 18.5 10.0 63.112 0
234850 18.5 10.0 62.987 0
234921 18.5 10.0 62.862 0
234951 18.5 10.0 62.8 0
235022 18.5 10.0 62.675 0
235052 18.5 10.0 62.612 0
235123 18.437 10.0 62.487 0
235153 18.437 10.0 62.425 0
235224 18.437 10.0 62.3 0
235254 18.437 10.0 62.237 0
235324 18.437 10.0 62.175 0
235354 18.375 10.0 62.112 0
235425 18.375 10.0 62.05 0
235455 18.375 10.0 61.925 0
235526 18.375 10.0 61.862 0
235556 18.375 10.0 61.8 0
235626 18.312 10.0 61.675 0
235657 18.312 10.0 61.612 0
235728 18.312 10.0 61.55 0
235758 18.312 10.0 61.487 0
235828 18.312 10.0 61.362 0
235858 18.25 10.0 61.3 0
