235923 20.562 10.0 65.737 0
235953 20.562 10.0 65.675 0
000023 20.562 10.0 65.675 0
000054 20.562 10.0 65.675 0
000125 20.562 10.0 65.612 0
000155 20.562 10.0 65.612 0
000226 20.562 10.0 65.612 0
000256 20.562 10.0 65.55 0
000327 20.562 10.0 65.55 0
000357 20.562 10.0 65.55 0
000428 20.562 10.0 65.487 0
000458 20.562 10.0 65.487 0
000529 20.562 10.0 65.425 0
000600 20.562 10.0 65.425 0
000630 20.562 10.0 65.362 0
000700 20.562 10.0 65.362 0
000730 20.562 10.0 65.3 0
000801 20.562 10.0 65.3 0
000832 20.562 10.0 65.237 0
000902 20.562 10.0 65.237 0
000933 20.562 10.0 65.175 0
001003 20.5 10.0 65.175 0
001033 20.5 10.0 65.112 0
001104 20.5 10.0 65.112 0
001134 20.5 10.0 65.05 0
001205 20.5 10.0 65.05 0
001235 20.5 10.0 65.05 0
001306 20.5 10.0 64.987 0
001336 20.5 10.0 64.987 0
001407 20.5 10.0 64.925 0
001439 20.437 10.0 64.925 0
001509 20.437 10.0 64.925 0
001540 20.437 10.0 64.862 0
001610 20.437 10.0 64.862 0
001641 20.437 10.0 64.8 0
001711 20.437 10.0 64.8 0
001741 20.437 10.0 64.8 0
001812 20.437 10.0 64.737 0
001843 20.437 10.0 64.737 0
001914 20.437 10.0 64.675 0
001944 20.375 10.0 64.675 0
002014 20.375 10.0 64.612 0
002045 20.375 10.0 64.612 0
002116 20.375 10.0 64.612 0
002146 20.375 10.0 64.55 0
002217 20.375 10.0 64.55 0
002247 20.375 10.0 64.487 0
002318 20.375 10.0 64.487 0
002348 20.375 10.0 64.487 0
002419 20.375 10.0 64.425 0
002449 20.375 10.0 64.425 0
002520 20.375 10.0 64.362 0
002551 20.375 10.0 64.362 0
002622 20.375 10.0 64.3 0
002652 20.375 10.0 64.3 0
002722 20.312 10.0 64.237 0
002752 20.312 10.0 64.237 0
002822 20.312 10.0 64.175 0
002852 20.312 10.0 64.112 0
002923 20.312 10.0 64.05 0
002953 20.312 10.0 64.05 0
003024 20.312 10.0 63.987 0
003054 20.312 10.0 63.925 0
003125 20.312 10.0 63.925 0
003155 20.312 10.0 63.862 0
003226 20.25 10.0 63.862 0
003256 20.25 10.0 63.8 0
003326 20.25 10.0 63.8 0
003357 20.25 10.0 63.737 0
003427 20.25 10.0 63.737 0
003458 20.25 10.0 63.675 0
003528 20.25 10.0 63.675 0
003559 20.25 10.0 63.612 0
003629 20.25 10.0 63.612 0
003659 20.25 10.0 63.55 0
003729 20.187 10.0 63.55 0
003800 20.187 10.0 63.55 0
003830 20.187 10.0 63.55 0
003900 20.187 10.0 63.55 0
003930 20.187 10.0 63.55 0
004001 20.187 10.0 63.55 0
004031 20.187 10.0 63.55 0
004101 20.187 10.0 63.55 0
004132 20.187 10.0 63.55 0
004202 20.187 10.0 63.55 0
004232 20.187 10.0 63.487 0
004302 20.187 10.0 63.487 0
004333 20.187 10.0 63.487 0
004403 20.187 10.0 63.487 0
004434 20.187 10.0 63.425 0
004504 20.125 10.0 63.425 0
004534 20.125 10.0 63.425 0
004605 20.125 10.0 63.362 0
004636 20.125 10.0 63.362 0
004706 20.125 10.0 63.362 0
004737 20.125 10.0 63.3 0
004808 20.125 10.0 63.3 0
004838 20.125 10.0 63.237 0
004908 20.125 10.0 63.237 0
004939 20.125 10.0 63.237 0
005010 20.062 10.0 63.175 0
005040 20.062 10.0 63.175 0
005110 20.062 10.0 63.112 0
005141 20.062 10.0 63.05 0
005214 20.125 10.0 62.987 0
005244 20.125 10.0 62.925 0
005315 20.125 10.0 62.925 0
005346 20.125 10.0 62.862 0
005416 20.125 10.0 62.862 0
005447 20.062 10.0 62.8 0
005517 20.062 10.0 62.8 0
005547 20.062 10.0 62.737 0
005618 20.062 10.0 62.737 0
005649 20.062 10.0 62.675 0
005719 20.062 10.0 62.675 0
005750 20.062 10.0 62.612 0
005820 20.062 10.0 62.612 0
005851 20.062 10.0 62.55 0
005921 20.062 10.0 62.55 0
005952 20.062 10.0 62.55 0
010022 20.062 10.0 62.487 0
010053 20.062 10.0 62.425 0
010123 20.062 10.0 62.425 0
010154 20.062 10.0 62.425 0
010224 20.0 10.0 62.362 0
010254 20.0 10.0 62.362 0
010325 20.0 10.0 62.3 0
010355 20.0 10.0 62.3 0
010425 20.0 10.0 62.237 0
010456 20.0 10.0 62.237 0
010527 20.0 10.0 62.175 0
010557 20.0 10.0 62.175 0
010628 20.0 10.0 62.175 0
010658 20.0 10.0 62.112 0
010729 20.0 10.0 62.112 0
010759 20.0 10.0 62.05 0
010830 20.0 10.0 62.05 0
010900 20.0 10.0 61.987 0
010930 20.0 10.0 61.987 0
011001 20.0 10.0 61.925 0
011031 20.0 10.0 61.925 0
011101 20.0 10.0 61.925 0
011131 20.0 10.0 61.862 0
011201 20.0 10.0 61.8 0
011232 20.0 10.0 61.8 0
011303 20.0 10.0 61.737 0
011333 20.0 10.0 61.612 0
011404 20.0 10.0 61.55 0
011435 20.0 10.0 61.487 0
011505 19.937 10.0 61.425 0
011535 19.937 10.0 61.425 0
011606 19.937 10.0 61.362 0
011637 19.937 10.0 61.3 0
011707 19.937 10.0 61.3 0
011738 19.937 10.0 61.237 0
011808 19.937 10.0 61.237 0
011839 19.937 10.0 61.175 0
011910 19.937 10.0 61.175 0
011940 19.937 10.0 61.112 0
012011 19.937 10.0 61.112 0
012041 19.937 10.0 61.05 0
012111 19.937 10.0 61.05 0
012142 19.937 10.0 60.987 0
012212 19.937 10.0 60.925 0
012242 19.937 10.0 60.925 0
012312 19.937 10.0 60.862 0
012343 19.937 10.0 60.862 0
012414 19.937 10.0 60.8 0
012444 19.937 10.0 60.8 0
012514 19.937 10.0 60.737 0
012545 19.937 10.0 60.737 0
012616 19.937 10.0 60.675 0
012646 19.937 10.0 60.675 0
012717 19.937 10.0 60.675 0
012747 19.875 10.0 60.612 0
012817 19.875 10.0 60.55 0
012848 19.875 10.0 60.55 0
012919 19.875 10.0 60.487 0
012951 19.875 10.0 60.487 0
013021 19.875 10.0 60.425 0
013051 19.875 10.0 60.425 0
013122 19.875 10.0 60.425 0
013153 19.875 10.0 60.362 0
013223 19.875 10.0 60.3 0
013254 19.875 10.0 60.3 0
013324 19.875 10.0 60.237 0
013355 19.875 10.0 60.175 0
013426 19.875 10.0 60.05 0
013456 19.875 10.0 59.987 0
013527 19.875 10.0 59.862 0
013558 19.875 10.0 59.8 0
013628 19.875 10.0 59.737 0
013658 19.875 10.0 59.675 0
013728 19.875 10.0 59.675 0
013758 19.875 10.0 59.612 0
013829 19.875 10.0 59.55 0
013900 19.875 10.0 59.55 0
013930 19.875 10.0 59.55 0
014000 19.875 10.0 59.55 0
014030 19.875 10.0 59.487 0
014101 19.875 10.0 59.487 0
014131 19.875 10.0 59.487 0
014201 19.875 10.0 59.487 0
014232 19.812 10.0 59.487 0
014302 19.812 10.0 59.487 0
014332 19.812 10.0 59.425 0
014402 19.812 10.0 59.425 0
014433 19.812 10.0 59.425 0
014503 19.812 10.0 59.362 0
014534 19.812 10.0 59.362 0
014604 19.812 10.0 59.362 0
014635 19.812 10.0 59.3 0
014706 19.812 10.0 59.3 0
014736 19.812 10.0 59.3 0
014806 19.812 10.0 59.237 0
014836 19.812 10.0 59.237 0
014907 19.812 10.0 59.237 0
014938 19.812 10.0 59.175 0
015008 19.812 10.0 59.175 0
015039 19.812 10.0 59.112 0
015110 19.812 10.0 59.112 0
015140 19.812 10.0 59.112 0
015210 19.812 10.0 59.05 0
015241 19.812 10.0 59.05 0
015311 19.812 10.0 59.05 0
015341 19.812 10.0 58.987 0
015412 19.812 10.0 58.925 0
015443 19.812 10.0 58.862 0
015513 19.812 10.0 58.8 0
015544 19.812 10.0 58.737 0
015614 19.812 10.0 58.675 0
015645 19.812 10.0 58.612 0
015715 19.812 10.0 58.55 0
015745 19.75 10.0 58.55 0
015816 19.75 10.0 58.487 0
015847 19.75 10.0 58.425 0
015917 19.75 10.0 58.425 0
015948 19.75 10.0 58.362 0
020019 19.812 10.0 58.362 0
020050 19.812 10.0 58.3 0
020120 19.812 10.0 58.3 0
020150 19.812 10.0 58.237 0
020221 19.812 10.0 58.237 0
020252 19.75 10.0 58.175 0
020322 19.75 10.0 58.175 0
020353 19.75 10.0 58.112 0
020423 19.75 10.0 58.112 0
020455 19.75 10.0 58.05 0
020526 19.75 10.0 58.05 0
020556 19.75 10.0 57.987 0
020627 19.75 10.0 57.987 0
020657 19.75 10.0 57.925 0
020728 19.75 10.0 57.925 0
020759 19.75 10.0 57.925 0
020829 19.75 10.0 57.862 0
020900 19.75 10.0 57.862 0
020931 19.75 10.0 57.8 0
021001 19.75 10.0 57.8 0
021031 19.75 10.0 57.737 0
021102 19.75 10.0 57.737 0
021133 19.75 10.0 57.675 0
021203 19.75 10.0 57.675 0
021233 19.75 10.0 57.675 0
021304 19.75 10.0 57.612 0
021334 19.75 10.0 57.55 0
021404 19.75 10.0 57.487 0
021434 19.75 10.0 57.425 0
021505 19.75 10.0 57.3 0
021535 19.75 10.0 57.237 0
021606 19.75 10.0 57.112 0
021636 19.75 10.0 57.05 0
021707 19.75 10.0 56.987 0
021738 19.75 10.0 56.925 0
021808 19.75 10.0 56.925 0
021839 19.75 10.0 56.862 0
021909 19.75 10.0 56.862 0
021940 19.75 10.0 56.862 0
022011 19.687 10.0 56.862 0
022041 19.687 10.0 56.925 0
022111 19.687 10.0 57.112 0
022142 19.687 10.0 57.425 0
022212 19.687 10.0 57.925 0
022242 19.687 10.0 58.487 0
022313 19.687 10.0 59.3 0
022344 19.687 10.0 60.425 0
022414 19.687 10.0 61.612 0
022445 19.687 10.0 62.675 0
022515 19.687 10.0 63.55 0
022546 19.687 10.0 64.175 0
022617 19.687 10.0 64.737 0
022647 19.687 10.0 65.112 0
022718 19.687 10.0 65.425 0
022748 19.687 10.0 65.612 0
022819 19.687 10.0 65.8 0
022849 19.687 10.0 65.925 0
022919 19.687 10.0 66.05 0
022950 19.687 10.0 66.175 0
023021 19.687 10.0 66.3 0
023051 19.687 10.0 66.362 0
023122 19.687 10.0 66.425 0
023152 19.687 10.0 66.487 0
023222 19.687 10.0 66.55 0
023253 19.687 10.0 66.612 0
023323 19.687 10.0 66.675 0
023354 19.687 10.0 66.737 0
023425 19.687 10.0 66.737 0
023455 19.687 10.0 66.8 0
023525 19.687 10.0 66.8 0
023556 19.687 10.0 66.862 0
023627 19.687 10.0 66.862 0
023657 19.687 10.0 66.862 0
023730 19.687 10.0 66.862 0
023800 19.687 10.0 66.862 0
023831 19.687 10.0 66.925 0
023901 19.687 10.0 66.925 0
023932 19.687 10.0 66.925 0
024002 19.687 10.0 66.925 0
024033 19.687 10.0 66.925 0
024104 19.687 10.0 66.925 0
024134 19.687 10.0 66.925 0
024205 19.687 10.0 66.925 0
024236 19.625 10.0 66.925 0
024306 19.625 10.0 66.925 0
024337 19.625 10.0 66.987 0
024407 19.625 10.0 66.987 0
024438 19.625 10.0 66.987 0
024509 19.625 10.0 66.987 0
024539 19.625 10.0 66.987 0
024609 19.625 10.0 66.987 0
024639 19.625 10.0 66.987 0
024710 19.625 10.0 66.987 0
024740 19.625 10.0 66.987 0
024811 19.625 10.0 66.987 0
024842 19.625 10.0 66.987 0
024912 19.625 10.0 66.987 0
024943 19.625 10.0 66.987 0
025013 19.625 10.0 66.987 0
025044 19.625 10.0 66.987 0
025115 19.625 10.0 66.925 0
025145 19.625 10.0 66.987 0
025216 19.625 10.0 66.925 0
025246 19.625 10.0 66.925 0
025316 19.625 10.0 66.925 0
025347 19.625 10.0 66.925 0
025417 19.625 10.0 66.925 0
025447 19.625 10.0 66.925 0
025517 19.625 10.0 66.925 0
025548 19.625 10.0 66.925 0
025619 19.625 10.0 66.925 0
025649 19.625 10.0 66.925 0
025720 19.625 10.0 66.862 0
025751 19.625 10.0 66.862 0
025821 19.625 10.0 66.862 0
025852 19.625 10.0 66.862 0
025922 19.625 10.0 66.862 0
025953 19.625 10.0 66.862 0
030023 19.625 10.0 66.862 0
030054 19.625 10.0 66.862 0
030125 19.625 10.0 66.8 0
030155 19.625 10.0 66.8 0
030225 19.625 10.0 66.8 0
030255 19.562 10.0 66.8 0
030326 19.562 10.0 66.8 0
030356 19.562 10.0 66.737 0
030427 19.562 10.0 66.737 0
030458 19.562 10.0 66.737 0
030528 19.562 10.0 66.737 0
030559 19.562 10.0 66.737 0
030629 19.562 10.0 66.737 0
030700 19.562 10.0 66.675 0
030730 19.562 10.0 66.675 0
030800 19.562 10.0 66.675 0
030831 19.562 10.0 66.675 0
030901 19.562 10.0 66.675 0
030932 19.562 10.0 66.675 0
031004 19.562 10.0 66.612 0
031034 19.562 10.0 66.612 0
031105 19.562 10.0 66.612 0
031135 19.562 10.0 66.612 0
031206 19.562 10.0 66.612 0
031236 19.562 10.0 66.55 0
031306 19.562 10.0 66.55 0
031337 19.562 10.0 66.55 0
031408 19.562 10.0 66.55 0
031438 19.562 10.0 66.55 0
031509 19.562 10.0 66.487 0
031540 19.562 10.0 66.487 0
031610 19.562 10.0 66.487 0
031641 19.562 10.0 66.487 0
031712 19.562 10.0 66.425 0
031742 19.562 10.0 66.425 0
031812 19.562 10.0 66.425 0
031843 19.562 10.0 66.425 0
031913 19.562 10.0 66.425 0
031944 19.562 10.0 66.362 0
032014 19.562 10.0 66.362 0
032044 19.562 10.0 66.362 0
032114 19.562 10.0 66.3 0
032145 19.562 10.0 66.3 0
032215 19.562 10.0 66.3 0
032245 19.562 10.0 66.3 0
032316 19.562 10.0 66.237 0
032346 19.562 10.0 66.237 0
032416 19.562 10.0 66.237 0
032447 19.562 10.0 66.237 0
032518 19.5 10.0 66.175 0
032548 19.5 10.0 66.175 0
032619 19.5 10.0 66.237 0
032649 19.5 10.0 66.3 0
032719 19.5 10.0 66.425 0
032750 19.5 10.0 66.487 0
032821 19.5 10.0 66.55 0
032851 19.5 10.0 66.612 0
032922 19.5 10.0 66.675 0
032952 19.5 10.0 66.675 0
033023 19.5 10.0 66.675 0
033053 19.5 10.0 66.737 0
033124 19.5 10.0 66.675 0
033155 19.5 10.0 66.675 0
033225 19.5 10.0 66.675 0
033256 19.5 10.0 66.675 0
033326 19.5 10.0 66.675 0
033357 19.5 10.0 66.675 0
033427 19.5 10.0 66.675 0
033457 19.5 10.0 66.675 0
033528 19.5 10.0 66.675 0
033558 19.5 10.0 66.612 0
033628 19.5 10.0 66.612 0
033658 19.5 10.0 66.612 0
033729 19.5 10.0 66.612 0
033759 19.5 10.0 66.612 0
033830 19.5 10.0 66.612 0
033900 19.5 10.0 66.55 0
033931 19.5 10.0 66.55 0
034002 19.5 10.0 66.55 0
034032 19.5 10.0 66.55 0
034103 19.5 10.0 66.55 0
034134 19.5 10.0 66.487 0
034204 19.5 10.0 66.487 0
034234 19.5 10.0 66.487 0
034305 19.5 10.0 66.487 0
034335 19.5 10.0 66.487 0
034406 19.5 10.0 66.487 0
034436 19.5 10.0 66.425 0
034508 19.5 10.0 66.425 0
034539 19.5 10.0 66.425 0
034609 19.5 10.0 66.362 0
034640 19.5 10.0 66.362 0
034710 19.5 10.0 66.362 0
034740 19.5 10.0 66.362 0
034810 19.5 10.0 66.3 0
034841 19.5 10.0 66.3 0
034912 19.5 10.0 66.3 0
034943 19.5 10.0 66.237 0
035013 19.437 10.0 66.237 0
035043 19.437 10.0 66.237 0
035114 19.437 10.0 66.237 0
035145 19.437 10.0 66.175 0
035215 19.437 10.0 66.175 0
035246 19.5 10.0 66.175 0
035316 19.5 10.0 66.175 0
035347 19.5 10.0 66.112 0
035417 19.5 10.0 66.112 0
035447 19.5 10.0 66.112 0
035518 19.437 10.0 66.112 0
035548 19.437 10.0 66.05 0
035618 19.437 10.0 66.05 0
035649 19.437 10.0 66.05 0
035720 19.437 10.0 65.987 0
035750 19.437 10.0 65.987 0
035821 19.437 10.0 65.987 0
035851 19.437 10.0 65.987 0
035922 19.437 10.0 65.925 0
035953 19.437 10.0 65.925 0
040024 19.437 10.0 65.925 0
040054 19.437 10.0 65.862 0
040125 19.437 10.0 65.862 0
040156 19.437 10.0 65.862 0
040226 19.437 10.0 65.8 0
040257 19.437 10.0 65.8 0
040328 19.437 10.0 65.8 0
040358 19.437 10.0 65.8 0
040429 19.437 10.0 65.737 0
040459 19.437 10.0 65.737 0
040530 19.437 10.0 65.737 0
040601 19.437 10.0 65.675 0
040631 19.437 10.0 65.675 0
040701 19.437 10.0 65.612 0
040732 19.437 10.0 65.612 0
040803 19.437 10.0 65.55 0
040833 19.437 10.0 65.55 0
040904 19.437 10.0 65.487 0
040935 19.437 10.0 65.487 0
041005 19.437 10.0 65.487 0
041035 19.437 10.0 65.425 0
041106 19.437 10.0 65.425 0
041137 19.437 10.0 65.425 0
041207 19.437 10.0 65.362 0
041237 19.437 10.0 65.362 0
041307 19.437 10.0 65.3 0
041338 19.437 10.0 65.3 0
041408 19.437 10.0 65.3 0
041439 19.437 10.0 65.237 0
041510 19.437 10.0 65.237 0
041540 19.437 10.0 65.237 0
041611 19.437 10.0 65.175 0
041641 19.437 10.0 65.175 0
041711 19.437 10.0 65.175 0
041744 19.437 10.0 65.112 0
041814 19.437 10.0 65.112 0
041845 19.437 10.0 65.05 0
041915 19.437 10.0 65.05 0
041946 19.437 10.0 65.05 0
042016 19.437 10.0 64.987 0
042047 19.437 10.0 64.987 0
042117 19.437 10.0 64.987 0
042148 19.437 10.0 64.925 0
042219 19.437 10.0 64.925 0
042249 19.437 10.0 64.862 0
042319 19.437 10.0 64.862 0
042350 19.437 10.0 64.862 0
042420 19.437 10.0 64.8 0
042451 19.437 10.0 64.8 0
042521 19.375 10.0 64.737 0
042551 19.375 10.0 64.737 0
042621 19.375 10.0 64.737 0
042652 19.375 10.0 64.675 0
042723 19.375 10.0 64.675 0
042753 19.375 10.0 64.675 0
042823 19.375 10.0 64.675 0
042854 19.375 10.0 64.737 0
042925 19.375 10.0 64.737 0
042955 19.375 10.0 64.737 0
043026 19.375 10.0 64.737 0
043056 19.375 10.0 64.737 0
043127 19.375 10.0 64.737 0
043157 19.375 10.0 64.737 0
043228 19.375 10.0 64.737 0
043258 19.375 10.0 64.737 0
043329 19.375 10.0 64.737 0
043359 19.375 10.0 64.675 0
043429 19.375 10.0 64.675 0
043500 19.375 10.0 64.675 0
043530 19.375 10.0 64.675 0
043601 19.375 10.0 64.612 0
043631 19.375 10.0 64.612 0
043701 19.375 10.0 64.55 0
043731 19.375 10.0 64.55 0
043801 19.375 10.0 64.55 0
043832 19.375 10.0 64.55 0
043902 19.375 10.0 64.487 0
043932 19.375 10.0 64.487 0
044003 19.375 10.0 64.425 0
044033 19.375 10.0 64.425 0
044104 19.375 10.0 64.425 0
044134 19.375 10.0 64.362 0
044205 19.375 10.0 64.362 0
044236 19.375 10.0 64.362 0
044306 19.375 10.0 64.3 0
044337 19.375 10.0 64.3 0
044407 19.375 10.0 64.3 0
044437 19.375 10.0 64.237 0
044507 19.375 10.0 64.237 0
044538 19.375 10.0 64.237 0
044609 19.375 10.0 64.175 0
044640 19.375 10.0 64.175 0
044710 19.375 10.0 64.112 0
044740 19.375 10.0 64.112 0
044810 19.375 10.0 64.112 0
044841 19.375 10.0 64.05 0
044911 19.375 10.0 64.05 0
044941 19.375 10.0 64.05 0
045012 19.375 10.0 63.987 0
045043 19.375 10.0 63.987 0
045113 19.375 10.0 63.925 0
045144 19.375 10.0 63.925 0
045215 19.375 10.0 63.862 0
045247 19.312 10.0 63.8 0
045318 19.312 10.0 63.8 0
045349 19.312 10.0 63.737 0
045420 19.312 10.0 63.737 0
045450 19.312 10.0 63.675 0
045520 19.312 10.0 63.675 0
045550 19.312 10.0 63.612 0
045621 19.312 10.0 63.612 0
045651 19.312 10.0 63.612 0
045722 19.312 10.0 63.55 0
045752 19.312 10.0 63.55 0
045823 19.312 10.0 63.487 0
045853 19.312 10.0 63.487 0
045923 19.312 10.0 63.425 0
045953 19.312 10.0 63.425 0
050024 19.312 10.0 63.425 0
050054 19.312 10.0 63.362 0
050124 19.312 10.0 63.362 0
050154 19.312 10.0 63.3 0
050225 19.312 10.0 63.3 0
050255 19.312 10.0 63.3 0
050326 19.312 10.0 63.237 0
050356 19.312 10.0 63.237 0
050427 19.312 10.0 63.175 0
050458 19.312 10.0 63.175 0
050529 19.312 10.0 63.112 0
050559 19.312 10.0 63.112 0
050630 19.312 10.0 63.05 0
050700 19.312 10.0 63.05 0
050730 19.312 10.0 62.987 0
050801 19.312 10.0 62.987 0
050831 19.312 10.0 62.987 0
050901 19.312 10.0 62.925 0
050932 19.312 10.0 62.925 0
051003 19.312 10.0 62.862 0
051033 19.312 10.0 62.862 0
051104 19.312 10.0 62.8 0
051134 19.312 10.0 62.8 0
051205 19.312 10.0 62.737 0
051235 19.312 10.0 62.737 0
051306 19.312 10.0 62.675 0
051336 19.312 10.0 62.612 0
051406 19.312 10.0 62.55 0
051436 19.312 10.0 62.487 0
051507 19.312 10.0 62.425 0
051537 19.312 10.0 62.425 0
051607 19.312 10.0 62.362 0
051638 19.312 10.0 62.3 0
051709 19.312 10.0 62.3 0
051739 19.312 10.0 62.237 0
051810 19.312 10.0 62.237 0
051840 19.312 10.0 62.175 0
051911 19.312 10.0 62.175 0
051942 19.312 10.0 62.112 0
052012 19.312 10.0 62.112 0
052043 19.312 10.0 62.05 0
052113 19.312 10.0 61.987 0
052144 19.312 10.0 61.987 0
052214 19.312 10.0 61.987 0
052245 19.312 10.0 61.925 0
052316 19.25 10.0 61.925 0
052346 19.25 10.0 61.862 0
052416 19.25 10.0 61.862 0
052447 19.25 10.0 61.8 0
052518 19.25 10.0 61.8 0
052548 19.312 10.0 61.737 0
052619 19.312 10.0 61.737 0
052649 19.312 10.0 61.675 0
052720 19.312 10.0 61.675 0
052751 19.312 10.0 61.612 0
052821 19.25 10.0 61.612 0
052852 19.25 10.0 61.55 0
052923 19.25 10.0 61.55 0
052953 19.25 10.0 61.55 0
053025 19.312 10.0 61.487 0
053055 19.312 10.0 61.55 0
053125 19.312 10.0 61.55 0
053156 19.312 10.0 61.55 0
053226 19.312 10.0 61.55 0
053256 19.312 10.0 61.55 0
053327 19.312 10.0 61.55 0
053357 19.312 10.0 61.55 0
053428 19.312 10.0 61.487 0
053458 19.312 10.0 61.425 0
053528 19.25 10.0 61.425 0
053559 19.25 10.0 61.362 0
053630 19.25 10.0 61.3 0
053700 19.25 10.0 61.3 0
053731 19.25 10.0 61.237 0
053801 19.25 10.0 61.237 0
053832 19.25 10.0 61.175 0
053903 19.25 10.0 61.112 0
053933 19.25 10.0 61.112 0
054004 19.25 10.0 61.05 0
054034 19.25 10.0 61.05 0
054105 19.25 10.0 60.987 0
054136 19.25 10.0 60.987 0
054206 19.25 10.0 60.987 0
054236 19.25 10.0 60.925 0
054306 19.25 10.0 60.925 0
054337 19.25 10.0 60.862 0
054407 19.25 10.0 60.862 0
054437 19.25 10.0 60.8 0
054508 19.25 10.0 60.8 0
054538 19.25 10.0 60.737 0
054608 19.25 10.0 60.737 0
054639 19.25 10.0 60.675 0
054709 19.25 10.0 60.675 0
054740 19.25 10.0 60.612 0
054811 19.25 10.0 60.612 0
054841 19.25 10.0 60.55 0
054912 19.25 10.0 60.55 0
054942 19.25 10.0 60.487 0
055012 19.25 10.0 60.487 0
055043 19.25 10.0 60.425 0
055113 19.25 10.0 60.425 0
055144 19.25 10.0 60.362 0
055214 19.25 10.0 60.362 0
055245 19.25 10.0 60.3 0
055315 19.25 10.0 60.3 0
055346 19.25 10.0 60.237 0
055417 19.25 10.0 60.237 0
055447 19.25 10.0 60.175 0
055518 19.25 10.0 60.112 0
055548 19.25 10.0 59.987 0
055619 19.25 10.0 59.925 0
055649 19.25 10.0 59.8 0
055719 19.25 10.0 59.737 0
055750 19.25 10.0 59.675 0
055821 19.187 10.0 59.675 0
055851 19.187 10.0 59.612 0
055922 19.187 10.0 59.55 0
055953 19.187 10.0 59.55 0
060023 19.187 10.0 59.487 0
060054 19.187 10.0 59.425 0
060124 19.187 10.0 59.425 0
060154 19.187 10.0 59.362 0
060225 19.187 10.0 59.362 0
060255 19.187 10.0 59.3 0
060326 19.187 10.0 59.3 0
060356 19.187 10.0 59.237 0
060426 19.187 10.0 59.237 0
060457 19.187 10.0 59.175 0
060527 19.187 10.0 59.175 0
060558 19.187 10.0 59.112 0
060628 19.187 10.0 59.112 0
060659 19.187 10.0 59.05 0
060730 19.187 10.0 59.05 0
060802 19.187 10.0 58.987 0
060833 19.187 10.0 58.987 0
060903 19.187 10.0 58.925 0
060934 19.187 10.0 58.862 0
061005 19.187 10.0 58.862 0
061035 19.187 10.0 58.8 0
061105 19.187 10.0 58.8 0
061135 19.187 10.0 58.737 0
061205 19.187 10.0 58.737 0
061236 19.187 10.0 58.675 0
061306 19.187 10.0 58.675 0
061336 19.187 10.0 58.612 0
061406 19.187 10.0 58.612 0
061437 19.187 10.0 58.55 0
061508 19.187 10.0 58.487 0
061538 19.187 10.0 58.425 0
061608 19.187 10.0 58.3 0
061639 19.187 10.0 58.175 0
061709 19.187 10.0 58.05 0
061740 19.187 10.0 57.987 0
061810 19.187 10.0 57.925 0
061840 19.187 10.0 57.862 0
061910 19.187 10.0 57.862 0
061941 19.187 10.0 57.8 0
062011 19.187 10.0 57.737 0
062041 19.187 10.0 57.737 0
062111 19.187 10.0 57.675 0
062142 19.187 10.0 57.675 0
062212 19.187 10.0 57.612 0
062243 19.187 10.0 57.612 0
062313 19.187 10.0 57.55 0
062344 19.187 10.0 57.55 0
062414 19.187 10.0 57.487 0
062444 19.187 10.0 57.487 0
062515 19.187 10.0 57.425 0
062545 19.187 10.0 57.425 0
062616 19.187 10.0 57.362 0
062646 19.187 10.0 57.362 0
062717 19.187 10.0 57.3 0
062747 19.187 10.0 57.237 0
062817 19.187 10.0 57.237 0
062848 19.187 10.0 57.175 0
062918 19.187 10.0 57.175 0
062948 19.187 10.0 57.175 0
063018 19.187 10.0 57.112 0
063048 19.187 10.0 57.112 0
063119 19.187 10.0 57.05 0
063149 19.187 10.0 57.05 0
063220 19.187 10.0 57.05 0
063250 19.187 10.0 57.05 0
063320 19.187 10.0 57.05 0
063351 19.187 10.0 57.05 0
063422 19.187 10.0 57.05 0
063453 19.187 10.0 56.987 0
063523 19.187 10.0 56.925 0
063553 19.125 10.0 56.925 0
063624 19.125 10.0 56.8 0
063655 19.125 10.0 56.8 0
063726 19.125 10.0 56.737 0
063756 19.125 10.0 56.737 0
063826 19.125 10.0 56.737 0
063857 19.125 10.0 56.8 0
063927 19.125 10.0 56.987 0
063958 19.125 10.0 57.362 0
064028 19.125 10.0 57.862 0
064059 19.125 10.0 58.675 0
064129 19.125 10.0 59.55 0
064159 19.125 10.0 60.55 0
064230 19.125 10.0 61.612 0
064300 19.125 10.0 62.55 0
064330 19.125 10.0 63.425 0
064401 19.125 10.0 64.175 0
064431 19.125 10.0 64.675 0
064502 19.125 10.0 65.112 0
064532 19.125 10.0 65.425 0
064603 19.125 10.0 65.675 0
064634 19.125 10.0 65.862 0
064704 19.125 10.0 65.987 0
064735 19.125 10.0 66.112 0
064807 19.125 10.0 66.237 0
064837 19.125 10.0 66.3 0
064908 19.125 10.0 66.425 0
064938 19.125 10.0 66.487 0
065009 19.125 10.0 66.55 0
065039 19.125 10.0 66.612 0
065109 19.125 10.0 66.675 0
065140 19.125 10.0 66.737 0
065211 19.125 10.0 66.8 0
065241 19.125 10.0 66.8 0
065312 19.125 10.0 66.862 0
065342 19.125 10.0 66.862 0
065413 19.125 10.0 66.925 0
065443 19.125 10.0 66.987 0
065514 19.125 10.0 66.987 0
065544 19.125 10.0 66.987 0
065614 19.125 10.0 67.05 0
065645 19.125 10.0 67.05 0
065715 19.125 10.0 67.05 0
065745 19.125 10.0 67.05 0
065816 19.125 10.0 67.05 0
065846 19.125 10.0 67.05 0
065917 19.125 10.0 67.05 0
065947 19.125 10.0 67.05 0
070017 19.125 10.0 67.112 0
070048 19.125 10.0 67.112 0
070118 19.125 10.0 67.112 0
070149 19.125 10.0 67.112 0
070219 19.125 10.0 67.112 0
070250 19.125 10.0 67.112 0
070320 19.125 10.0 67.112 0
070350 19.125 10.0 67.112 0
070420 19.125 10.0 67.112 0
070451 19.125 10.0 67.112 0
070521 19.125 10.0 67.112 0
070552 19.062 10.0 67.112 0
070622 19.062 10.0 67.112 0
070652 19.062 10.0 67.112 0
070722 19.062 10.0 67.112 0
070753 19.062 10.0 67.112 0
070823 19.125 10.0 67.112 0
070854 19.125 10.0 67.112 0
070924 19.125 10.0 67.112 0
070955 19.125 10.0 67.112 0
071026 19.125 10.0 67.112 0
071056 19.125 10.0 67.112 0
071126 19.125 10.0 67.112 0
071156 19.125 10.0 67.112 0
071227 19.125 10.0 67.112 0
071258 19.125 10.0 67.112 0
071328 19.062 10.0 67.112 0
071359 19.062 10.0 67.112 0
071429 19.062 10.0 67.05 0
071500 19.062 10.0 67.05 0
071531 19.062 10.0 67.05 0
071601 19.062 10.0 67.05 0
071632 19.062 10.0 67.05 0
071703 19.062 10.0 67.05 0
071733 19.062 10.0 67.05 0
071803 19.062 10.0 67.05 0
071834 19.062 10.0 67.05 0
071904 19.062 10.0 66.987 0
071935 19.062 10.0 66.987 0
072005 19.062 10.0 66.987 0
072035 19.062 10.0 66.987 0
072105 19.062 10.0 66.987 0
072135 19.062 10.0 66.987 0
072205 19.062 10.0 66.987 0
072236 19.062 10.0 66.987 0
072306 19.062 10.0 66.987 0
072336 19.062 10.0 66.925 0
072407 19.062 10.0 66.925 0
072438 19.062 10.0 66.925 0
072508 19.062 10.0 66.925 0
072541 19.062 10.0 66.925 0
072611 19.062 10.0 66.862 0
072642 19.062 10.0 66.862 0
072712 19.062 10.0 66.862 0
072743 19.062 10.0 66.862 0
072813 19.062 10.0 66.862 0
072843 19.062 10.0 66.862 0
072913 19.062 10.0 66.8 0
072944 19.062 10.0 66.8 0
073014 19.062 10.0 66.8 0
073044 19.062 10.0 66.8 0
073115 19.062 10.0 66.8 0
073145 19.062 10.0 66.8 0
073216 19.062 10.0 66.8 0
073247 19.062 10.0 66.737 0
073317 19.062 10.0 66.737 0
073348 19.062 10.0 66.737 0
073418 19.062 10.0 66.737 0
073449 19.062 10.0 66.675 0
073519 19.062 10.0 66.675 0
073550 19.0 10.0 66.675 0
073621 19.0 10.0 66.675 0
073651 19.0 10.0 66.675 0
073722 19.0 10.0 66.612 0
073753 19.0 10.0 66.612 0
073823 19.062 10.0 66.612 0
073854 19.062 10.0 66.612 0
073924 19.062 10.0 66.55 0
073954 19.062 10.0 66.55 0
074025 19.062 10.0 66.55 0
074056 19.062 10.0 66.55 0
074127 19.062 10.0 66.487 0
074157 19.062 10.0 66.487 0
074227 19.062 10.0 66.487 0
074258 19.062 10.0 66.487 0
074328 19.062 10.0 66.425 0
074359 19.062 10.0 66.425 0
074430 19.062 10.0 66.487 0
074500 19.062 10.0 66.55 0
074530 19.062 10.0 66.612 0
074601 19.062 10.0 66.675 0
074631 19.062 10.0 66.737 0
074701 19.062 10.0 66.737 0
074731 19.062 10.0 66.8 0
074802 19.062 10.0 66.8 0
074832 19.0 10.0 66.8 0
074903 19.0 10.0 66.8 0
074933 19.0 10.0 66.8 0
075004 19.0 10.0 66.8 0
075035 19.0 10.0 66.8 0
075105 19.0 10.0 66.8 0
075136 19.0 10.0 66.737 0
075207 19.0 10.0 66.737 0
075237 19.0 10.0 66.737 0
075308 19.0 10.0 66.737 0
075338 19.0 10.0 66.737 0
075408 19.0 10.0 66.675 0
075439 19.0 10.0 66.675 0
075509 19.0 10.0 66.675 0
075540 19.0 10.0 66.675 0
075610 19.0 10.0 66.675 0
075641 19.0 10.0 66.675 0
075711 19.0 10.0 66.675 0
075741 19.0 10.0 66.612 0
075811 19.0 10.0 66.612 0
075842 19.0 10.0 66.612 0
075912 19.0 10.0 66.612 0
075942 19.0 10.0 66.612 0
080012 19.0 10.0 66.55 0
080042 19.0 10.0 66.55 0
080113 19.0 10.0 66.55 0
080144 19.0 10.0 66.55 0
080214 19.0 10.0 66.55 0
080245 19.0 10.0 66.487 0
080317 19.0 10.0 66.487 0
080347 19.0 10.0 66.487 0
080418 19.0 10.0 66.425 0
080448 19.0 10.0 66.425 0
080519 19.0 10.0 66.425 0
080550 19.0 10.0 66.425 0
080620 19.0 10.0 66.425 0
080651 19.0 10.0 66.362 0
080721 19.0 10.0 66.362 0
080752 19.0 10.0 66.362 0
080822 19.0 10.0 66.362 0
080853 19.0 10.0 66.3 0
080923 19.0 10.0 66.3 0
080954 19.0 10.0 66.3 0
081024 19.0 10.0 66.3 0
081054 19.0 10.0 66.237 0
081125 19.0 10.0 66.237 0
081155 19.0 10.0 66.237 0
081225 19.0 10.0 66.237 0
081255 19.0 10.0 66.175 0
081326 19.0 10.0 66.175 0
081356 19.0 10.0 66.175 0
081427 19.0 10.0 66.175 0
081457 19.0 10.0 66.112 0
081528 19.0 10.0 66.112 0
081558 18.937 10.0 66.112 0
081629 18.937 10.0 66.05 0
081659 18.937 10.0 66.05 0
081729 18.937 10.0 66.05 0
081759 18.937 10.0 66.05 0
081829 19.0 10.0 65.987 0
081900 19.0 10.0 65.987 0
081930 19.0 10.0 65.987 0
082001 19.0 10.0 65.925 0
082032 19.0 10.0 65.925 0
082102 18.937 10.0 65.925 0
082132 18.937 10.0 65.925 0
082202 18.937 10.0 65.862 0
082233 18.937 10.0 65.862 0
082303 18.937 10.0 65.862 0
082334 18.937 10.0 65.8 0
082404 18.937 10.0 65.8 0
082435 18.937 10.0 65.737 0
082505 18.937 10.0 65.737 0
082536 18.937 10.0 65.737 0
082606 18.937 10.0 65.675 0
082636 18.937 10.0 65.675 0
082707 18.937 10.0 65.612 0
082738 18.937 10.0 65.612 0
082808 18.937 10.0 65.612 0
082839 18.937 10.0 65.55 0
082909 18.937 10.0 65.55 0
082940 18.937 10.0 65.55 0
083011 18.937 10.0 65.487 0
083041 18.937 10.0 65.487 0
083111 18.937 10.0 65.425 0
083142 18.937 10.0 65.425 0
083212 18.937 10.0 65.425 0
083243 18.937 10.0 65.425 0
083313 18.937 10.0 65.362 0
083343 18.937 10.0 65.362 0
083414 18.937 10.0 65.3 0
083444 18.937 10.0 65.3 0
083514 18.937 10.0 65.3 0
083545 18.937 10.0 65.237 0
083615 18.937 10.0 65.237 0
083646 18.937 10.0 65.237 0
083717 18.937 10.0 65.175 0
083747 18.937 10.0 65.175 0
083817 18.937 10.0 65.112 0
083848 18.937 10.0 65.112 0
083919 18.937 10.0 65.112 0
083949 18.937 10.0 65.05 0
084019 18.937 10.0 65.05 0
084052 18.937 10.0 65.05 0
084122 18.937 10.0 64.987 0
084152 18.937 10.0 64.987 0
084223 18.937 10.0 64.925 0
084253 18.937 10.0 64.925 0
084323 18.937 10.0 64.925 0
084354 18.937 10.0 64.862 0
084424 18.937 10.0 64.862 0
084454 18.937 10.0 64.862 0
084525 18.937 10.0 64.8 0
084556 18.937 10.0 64.8 0
084626 18.937 10.0 64.8 0
084657 18.937 10.0 64.8 0
084728 18.937 10.0 64.862 0
084758 18.937 10.0 64.862 0
084829 18.937 10.0 64.862 0
084859 18.937 10.0 64.862 0
084930 18.937 10.0 64.862 0
085000 18.937 10.0 64.8 0
085030 18.937 10.0 64.8 0
085100 18.937 10.0 64.8 0
085131 18.937 10.0 64.8 0
085201 18.937 10.0 64.8 0
085232 18.937 10.0 64.737 0
085302 18.937 10.0 64.737 0
085333 18.875 10.0 64.737 0
085403 18.875 10.0 64.737 0
085433 18.875 10.0 64.675 0
085503 18.875 10.0 64.675 0
085534 18.875 10.0 64.675 0
085604 18.937 10.0 64.675 0
085635 18.937 10.0 64.612 0
085705 18.937 10.0 64.612 0
085735 18.937 10.0 64.55 0
085806 18.937 10.0 64.55 0
085836 18.875 10.0 64.55 0
085906 18.875 10.0 64.55 0
085937 18.875 10.0 64.487 0
090007 18.875 10.0 64.487 0
090038 18.875 10.0 64.487 0
090108 18.875 10.0 64.425 0
090139 18.875 10.0 64.425 0
090209 18.875 10.0 64.362 0
090239 18.875 10.0 64.362 0
090309 18.875 10.0 64.362 0
090340 18.937 10.0 64.3 0
090410 18.937 10.0 64.3 0
090441 18.937 10.0 64.3 0
090511 18.937 10.0 64.237 0
090542 18.937 10.0 64.237 0
090612 18.937 10.0 64.237 0
090643 18.937 10.0 64.237 0
090713 18.937 10.0 64.175 0
090744 18.937 10.0 64.175 0
090815 18.937 10.0 64.112 0
090845 18.875 10.0 64.05 0
090916 18.875 10.0 64.05 0
090947 18.875 10.0 63.987 0
091017 18.875 10.0 63.987 0
091048 18.875 10.0 63.925 0
091118 18.875 10.0 63.925 0
091149 18.875 10.0 63.862 0
091220 18.875 10.0 63.862 0
091250 18.875 10.0 63.8 0
091321 18.875 10.0 63.8 0
091351 18.875 10.0 63.737 0
091422 18.875 10.0 63.737 0
091452 18.875 10.0 63.737 0
091523 18.875 10.0 63.675 0
091554 18.875 10.0 63.675 0
091624 18.875 10.0 63.612 0
091655 18.875 10.0 63.612 0
091725 18.875 10.0 63.55 0
091756 18.875 10.0 63.55 0
091828 18.875 10.0 63.55 0
091859 18.875 10.0 63.487 0
091930 18.875 10.0 63.487 0
092000 18.875 10.0 63.425 0
092031 18.875 10.0 63.425 0
092101 18.875 10.0 63.425 0
092132 18.875 10.0 63.362 0
092202 18.875 10.0 63.362 0
092233 18.875 10.0 63.3 0
092303 18.875 10.0 63.3 0
092334 18.875 10.0 63.237 0
092404 18.875 10.0 63.237 0
092435 18.875 10.0 63.237 0
092505 18.875 10.0 63.175 0
092535 18.875 10.0 63.175 0
092605 18.875 10.0 63.112 0
092636 18.875 10.0 63.112 0
092706 18.875 10.0 63.05 0
092736 18.875 10.0 63.05 0
092807 18.875 10.0 63.05 0
092837 18.875 10.0 62.987 0
092908 18.875 10.0 62.925 0
092938 18.875 10.0 62.925 0
093009 18.875 10.0 62.862 0
093039 18.875 10.0 62.8 0
093110 18.875 10.0 62.737 0
093141 18.875 10.0 62.675 0
093211 18.875 10.0 62.675 0
093242 18.875 10.0 62.612 0
093312 18.875 10.0 62.612 0
093342 18.875 10.0 62.55 0
093412 18.875 10.0 62.55 0
093443 18.875 10.0 62.487 0
093513 18.875 10.0 62.487 0
093544 18.875 10.0 62.425 0
093614 18.875 10.0 62.362 0
093645 18.875 10.0 62.362 0
093715 18.875 10.0 62.362 0
093746 18.875 10.0 62.3 0
093816 18.875 10.0 62.3 0
093847 18.875 10.0 62.237 0
093917 18.875 10.0 62.237 0
093948 18.875 10.0 62.175 0
094018 18.875 10.0 62.175 0
094049 18.875 10.0 62.112 0
094120 18.875 10.0 62.112 0
094150 18.875 10.0 62.05 0
094221 18.875 10.0 62.05 0
094252 18.875 10.0 61.987 0
094322 18.875 10.0 61.987 0
094352 18.937 10.0 61.925 0
094422 18.937 10.0 61.925 0
094453 18.937 10.0 61.862 0
094524 18.937 10.0 61.862 0
094554 18.937 10.0 61.8 0
094625 18.875 10.0 61.8 0
094656 18.875 10.0 61.8 0
094726 18.875 10.0 61.737 0
094757 18.875 10.0 61.737 0
094827 18.875 10.0 61.737 0
094858 18.812 10.0 61.737 0
094928 18.812 10.0 61.675 0
094958 18.812 10.0 61.675 0
095029 18.812 10.0 61.675 0
095100 18.812 10.0 61.675 0
095130 18.75 10.0 61.612 0
095201 18.75 10.0 61.612 0
095232 18.75 10.0 61.55 0
095302 18.75 10.0 61.487 0
095334 18.687 10.0 61.487 0
095404 18.687 10.0 61.425 0
095434 18.687 10.0 61.425 0
095505 18.687 10.0 61.425 0
095536 18.687 10.0 61.362 0
095607 18.687 10.0 61.362 0
095637 18.687 10.0 61.3 0
095708 18.687 10.0 61.3 0
095738 18.687 10.0 61.237 0
095809 18.687 10.0 61.237 0
095840 18.625 10.0 61.175 0
095910 18.625 10.0 61.175 0
095941 18.625 10.0 61.112 0
100011 18.625 10.0 61.112 0
100042 18.625 10.0 61.05 0
100112 18.625 10.0 61.05 0
100143 18.625 10.0 60.987 0
100213 18.625 10.0 60.987 0
100244 18.625 10.0 60.987 0
100314 18.625 10.0 60.925 0
100345 18.562 10.0 60.925 0
100416 18.562 10.0 60.862 0
100446 18.562 10.0 60.862 0
100516 18.562 10.0 60.8 0
100546 18.562 10.0 60.8 0
100616 18.687 10.0 60.8 0
100647 18.687 10.0 60.737 0
100717 18.687 10.0 60.737 0
100747 18.687 10.0 60.675 0
100817 18.687 10.0 60.675 0
100847 18.625 10.0 60.675 0
100917 18.625 10.0 60.612 0
100948 18.625 10.0 60.612 0
101018 18.625 10.0 60.55 0
101049 18.625 10.0 60.487 0
101119 18.562 10.0 60.487 0
101149 18.562 10.0 60.362 0
101219 18.562 10.0 60.3 0
101249 18.562 10.0 60.237 0
101320 18.562 10.0 60.175 0
101350 18.562 10.0 60.112 0
101421 18.562 10.0 60.05 0
101451 18.562 10.0 60.05 0
101522 18.562 10.0 59.987 0
101552 18.562 10.0 59.925 0
101623 18.312 10.0 59.925 0
101653 18.312 10.0 59.862 0
101724 18.312 10.0 59.862 0
101754 18.312 10.0 59.8 0
101825 18.312 10.0 59.8 0
101855 18.062 10.0 59.737 0
101926 18.062 10.0 59.737 0
101956 18.062 10.0 59.675 0
102027 18.062 10.0 59.675 0
102057 18.062 10.0 59.612 0
102128 18.187 10.0 59.612 0
102158 18.187 10.0 59.55 0
102228 18.187 10.0 59.55 0
102258 18.187 10.0 59.487 0
102329 18.187 10.0 59.487 0
102359 18.312 10.0 59.425 0
102430 18.312 10.0 59.425 0
102500 18.312 10.0 59.425 0
102531 18.312 10.0 59.362 0
102601 18.312 10.0 59.3 0
102632 18.375 10.0 59.3 0
102702 18.375 10.0 59.237 0
102733 18.375 10.0 59.237 0
102803 18.375 10.0 59.237 0
102834 18.375 10.0 59.175 0
102904 18.437 10.0 59.175 0
102934 18.437 10.0 59.112 0
103004 18.437 10.0 59.05 0
103035 18.437 10.0 59.05 0
103105 18.437 10.0 58.987 0
103136 18.375 10.0 58.925 0
103206 18.375 10.0 58.8 0
103237 18.375 10.0 58.675 0
103307 18.375 10.0 58.55 0
103339 18.437 10.0 58.362 0
103409 18.437 10.0 58.3 0
103440 18.437 10.0 58.175 0
103510 18.437 10.0 58.112 0
103540 18.437 10.0 58.05 0
103611 18.562 10.0 57.987 0
103641 18.562 10.0 57.987 0
103711 18.562 10.0 57.925 0
103742 18.562 10.0 57.925 0
103812 18.562 10.0 57.862 0
103843 18.812 10.0 57.8 0
103914 18.812 10.0 57.8 0
103944 18.812 10.0 57.737 0
104014 18.812 10.0 57.737 0
104045 18.812 10.0 57.675 0
104116 19.125 10.0 57.675 0
104147 19.125 10.0 57.612 0
104217 19.125 10.0 57.612 0
104247 19.125 10.0 57.55 0
104318 19.125 10.0 57.55 0
104348 19.437 10.0 57.487 0
104419 19.437 10.0 57.425 0
104449 19.437 10.0 57.425 0
104519 19.437 10.0 57.425 0
104550 19.437 10.0 57.362 0
104620 19.687 10.0 57.3 0
104650 19.687 10.0 57.3 0
104721 19.687 10.0 57.237 0
104751 19.687 10.0 57.175 0
104822 19.687 10.0 57.112 0
104852 19.75 10.0 56.987 0
104923 19.75 10.0 56.862 0
104953 19.75 10.0 56.737 0
105023 19.75 10.0 56.612 0
105054 19.75 10.0 56.55 0
105124 20.0 10.0 56.55 0
105154 20.0 10.0 56.55 0
105225 20.0 10.0 56.675 0
105255 20.0 10.0 56.925 0
105326 20.0 10.0 57.3 0
105356 20.0 10.0 57.8 0
105426 20.0 10.0 58.55 0
105457 20.0 10.0 59.55 0
105527 20.0 10.0 60.487 0
105558 20.0 10.0 61.487 0
105629 20.062 10.0 62.487 0
105659 20.062 10.0 63.362 0
105730 20.062 10.0 64.05 0
105801 20.062 10.0 64.612 0
105831 20.062 10.0 65.05 0
105902 20.187 10.0 65.425 0
105933 20.187 10.0 65.737 0
110004 20.187 10.0 65.925 0
110034 20.187 10.0 66.112 0
110105 20.187 10.0 66.237 0
110135 20.125 10.0 66.362 0
110206 20.125 10.0 66.487 0
110237 20.125 10.0 66.55 0
110307 20.125 10.0 66.612 0
110338 20.125 10.0 66.675 0
110408 20.25 10.0 66.737 0
110438 20.25 10.0 66.8 0
110509 20.25 10.0 66.8 0
110539 20.25 10.0 66.862 0
110609 20.25 10.0 66.925 0
110640 20.312 10.0 66.925 0
110711 20.312 10.0 66.925 0
110741 20.312 10.0 66.925 0
110811 20.312 10.0 66.987 0
110844 20.312 10.0 66.987 0
110914 20.312 10.0 66.987 0
110945 20.312 10.0 66.987 0
111016 20.312 10.0 66.987 0
111047 20.312 10.0 66.987 0
111117 20.312 10.0 66.987 0
111148 20.312 10.0 66.987 0
111218 20.312 10.0 67.05 0
111249 20.312 10.0 67.05 0
111320 20.312 10.0 67.05 0
111350 20.375 10.0 67.05 0
111421 20.375 10.0 67.05 0
111451 20.375 10.0 67.05 0
111522 20.375 10.0 67.112 0
111553 20.375 10.0 67.112 0
111624 20.437 10.0 67.112 0
111654 20.437 10.0 67.112 0
111725 20.437 10.0 67.112 0
111755 20.437 10.0 67.112 0
111826 20.437 10.0 67.112 0
111856 20.5 10.0 67.112 0
111927 20.5 10.0 67.112 0
111958 20.5 10.0 67.112 0
112029 20.5 10.0 67.05 0
112059 20.5 10.0 67.05 0
112129 20.5 10.0 67.05 0
112200 20.5 10.0 67.05 0
112230 20.5 10.0 67.05 0
112301 20.5 10.0 67.05 0
112331 20.5 10.0 67.05 0
112401 20.5 10.0 67.05 0
112432 20.5 10.0 67.05 0
112503 20.5 10.0 67.05 0
112533 20.5 10.0 67.05 0
112604 20.5 10.0 67.05 0
112634 20.437 10.0 66.987 0
112705 20.437 10.0 66.987 0
112735 20.437 10.0 66.987 0
112806 20.437 10.0 66.987 0
112837 20.437 10.0 66.987 0
112907 20.437 10.0 66.987 0
112938 20.437 10.0 66.925 0
113008 20.437 10.0 66.925 0
113038 20.437 10.0 66.925 0
113109 20.437 10.0 66.925 0
113140 20.437 10.0 66.925 0
113211 20.437 10.0 66.925 0
113241 20.437 10.0 66.925 0
113311 20.437 10.0 66.925 0
113341 20.437 10.0 66.862 0
113411 20.562 10.0 66.862 0
113442 20.562 10.0 66.862 0
113512 20.562 10.0 66.862 0
113542 20.562 10.0 66.862 0
113613 20.562 10.0 66.8 0
113643 20.562 10.0 66.8 0
113713 20.562 10.0 66.8 0
113744 20.562 10.0 66.8 0
113814 20.562 10.0 66.8 0
113847 20.75 10.0 66.737 0
113918 20.75 10.0 66.737 0
113948 20.75 10.0 66.737 0
114018 20.75 10.0 66.737 0
114048 20.75 10.0 66.737 0
114119 20.75 10.0 66.737 0
114149 20.75 10.0 66.675 0
114220 20.75 10.0 66.675 0
114251 20.75 10.0 66.675 0
114321 20.75 10.0 66.675 0
114351 20.687 10.0 66.675 0
114422 20.687 10.0 66.675 0
114452 20.687 10.0 66.612 0
114523 20.687 10.0 66.612 0
114554 20.687 10.0 66.612 0
114624 21.0 10.0 66.612 0
114655 21.0 10.0 66.55 0
114725 21.0 10.0 66.55 0
114756 21.0 10.0 66.55 0
114826 21.0 10.0 66.487 0
114856 21.0 10.0 66.487 0
114927 21.0 10.0 66.487 0
114958 21.0 10.0 66.487 0
115028 21.0 10.0 66.425 0
115058 21.0 10.0 66.425 0
115128 21.062 10.0 66.425 0
115159 21.062 10.0 66.425 0
115230 21.062 10.0 66.425 0
115300 21.062 10.0 66.362 0
115331 21.062 10.0 66.362 0
115401 20.937 10.0 66.362 0
115432 20.937 10.0 66.3 0
115502 20.937 10.0 66.3 0
115533 20.937 10.0 66.3 0
115603 20.937 10.0 66.3 0
115634 20.937 10.0 66.237 0
115705 20.937 10.0 66.237 0
115735 20.937 10.0 66.237 0
115806 20.937 10.0 66.237 0
115836 20.937 10.0 66.3 0
115907 20.937 10.0 66.362 0
115937 20.937 10.0 66.425 0
120008 20.937 10.0 66.487 0
120039 20.937 10.0 66.487 0
120109 20.937 10.0 66.55 0
120140 21.062 10.0 66.55 0
120210 21.062 10.0 66.55 0
120241 21.062 10.0 66.55 0
120312 21.062 10.0 66.55 0
120342 21.062 10.0 66.487 0
120412 21.062 10.0 66.487 0
120443 21.062 10.0 66.487 0
120513 21.062 10.0 66.487 0
120544 21.062 10.0 66.487 0
120614 21.062 10.0 66.487 0
120644 21.062 10.0 66.425 0
120715 21.062 10.0 66.425 0
120745 21.062 10.0 66.425 0
120815 21.062 10.0 66.362 0
120846 21.062 10.0 66.362 0
120916 21.062 10.0 66.362 0
120947 21.062 10.0 66.362 0
121017 21.062 10.0 66.3 0
121048 21.062 10.0 66.3 0
121118 21.062 10.0 66.3 0
121149 21.125 10.0 66.237 0
121219 21.125 10.0 66.237 0
121249 21.125 10.0 66.237 0
121319 21.125 10.0 66.237 0
121352 21.25 10.0 66.175 0
121422 21.25 10.0 66.175 0
121452 21.25 10.0 66.175 0
121523 21.25 10.0 66.175 0
121554 21.25 10.0 66.112 0
121624 21.187 10.0 66.112 0
121655 21.187 10.0 66.112 0
121725 21.187 10.0 66.05 0
121755 21.187 10.0 66.05 0
121826 21.187 10.0 66.05 0
121856 21.25 10.0 66.05 0
121927 21.25 10.0 66.05 0
121957 21.25 10.0 65.987 0
122028 21.25 10.0 65.987 0
122059 21.25 10.0 65.987 0
122129 21.125 10.0 65.925 0
122200 21.125 10.0 65.925 0
122230 21.125 10.0 65.925 0
122300 21.125 10.0 65.925 0
122330 21.125 10.0 65.862 0
122401 21.187 10.0 65.862 0
122431 21.187 10.0 65.862 0
122502 21.187 10.0 65.8 0
122533 21.187 10.0 65.8 0
122603 21.187 10.0 65.8 0
122634 21.125 10.0 65.737 0
122705 21.125 10.0 65.737 0
122735 21.125 10.0 65.737 0
122806 21.125 10.0 65.675 0
122837 21.125 10.0 65.675 0
122907 21.062 10.0 65.612 0
122938 21.062 10.0 65.612 0
123008 21.062 10.0 65.612 0
123038 21.062 10.0 65.55 0
123108 21.062 10.0 65.55 0
123139 21.25 10.0 65.487 0
123209 21.25 10.0 65.487 0
123239 21.25 10.0 65.487 0
123309 21.25 10.0 65.425 0
123339 21.25 10.0 65.425 0
123410 21.25 10.0 65.362 0
123440 21.25 10.0 65.362 0
123511 21.25 10.0 65.362 0
123542 21.25 10.0 65.3 0
123612 21.25 10.0 65.3 0
123643 21.187 10.0 65.3 0
123713 21.187 10.0 65.237 0
123744 21.187 10.0 65.237 0
123815 21.187 10.0 65.175 0
123845 21.187 10.0 65.175 0
123915 21.187 10.0 65.175 0
123945 21.187 10.0 65.112 0
124016 21.187 10.0 65.112 0
124046 21.187 10.0 65.05 0
124117 21.187 10.0 65.05 0
124147 21.25 10.0 65.05 0
124218 21.25 10.0 64.987 0
124249 21.25 10.0 64.987 0
124319 21.25 10.0 64.925 0
124349 21.25 10.0 64.925 0
124420 21.25 10.0 64.925 0
124451 21.25 10.0 64.862 0
124522 21.25 10.0 64.862 0
124552 21.25 10.0 64.8 0
124622 21.25 10.0 64.8 0
124652 21.312 10.0 64.8 0
124723 21.312 10.0 64.737 0
124753 21.312 10.0 64.737 0
124824 21.312 10.0 64.675 0
124857 21.375 10.0 64.612 0
124928 21.375 10.0 64.55 0
124958 21.375 10.0 64.55 0
125029 21.375 10.0 64.487 0
125059 21.375 10.0 64.487 0
125130 21.375 10.0 64.425 0
125200 21.375 10.0 64.425 0
125231 21.375 10.0 64.362 0
125301 21.375 10.0 64.3 0
125331 21.375 10.0 64.3 0
125401 21.375 10.0 64.3 0
125432 21.375 10.0 64.237 0
125502 21.375 10.0 64.237 0
125533 21.375 10.0 64.175 0
125603 21.375 10.0 64.175 0
125634 21.562 10.0 64.112 0
125705 21.562 10.0 64.112 0
125735 21.562 10.0 64.112 0
125805 21.562 10.0 64.05 0
125836 21.562 10.0 63.987 0
125906 21.562 10.0 63.987 0
125937 21.562 10.0 63.987 0
130007 21.562 10.0 63.987 0
130038 21.562 10.0 63.987 0
130109 21.562 10.0 63.987 0
130139 21.5 10.0 63.987 0
130209 21.5 10.0 63.987 0
130240 21.5 10.0 63.987 0
130310 21.5 10.0 63.987 0
130340 21.5 10.0 63.987 0
130411 21.375 10.0 63.987 0
130442 21.375 10.0 63.987 0
130513 21.375 10.0 63.987 0
130543 21.375 10.0 63.987 0
130614 21.375 10.0 63.925 0
130645 21.312 10.0 63.925 0
130715 21.312 10.0 -0.2 0
130746 21.312 10.0 -0.2 0
130817 21.312 10.0 -0.2 0
130847 21.312 10.0 -0.2 0
130917 21.25 10.0 63.862 0
130947 21.25 10.0 63.737 0
131017 21.25 10.0 63.675 0
131048 21.25 10.0 63.612 0
131118 21.25 10.0 63.612 0
131148 21.187 10.0 63.55 0
131219 21.187 10.0 63.55 0
131250 21.187 10.0 63.487 0
131320 21.187 10.0 63.487 0
131350 21.187 10.0 63.425 0
131421 21.125 10.0 63.425 0
131451 21.125 10.0 63.362 0
131522 21.125 10.0 63.362 0
131552 21.125 10.0 63.3 0
131623 21.125 10.0 63.3 0
131653 21.0 10.0 63.237 0
131724 21.0 10.0 63.237 0
131755 21.0 10.0 63.175 0
131826 21.0 10.0 63.175 0
131856 21.0 10.0 63.112 0
131927 20.937 10.0 63.112 0
131957 20.937 10.0 63.05 0
132028 20.937 10.0 63.05 0
132058 20.937 10.0 62.987 0
132131 21.0 10.0 62.987 0
132202 21.0 10.0 62.987 0
132233 21.0 10.0 62.925 0
132303 21.0 10.0 62.925 0
132333 21.0 10.0 62.862 0
132404 20.937 10.0 62.8 0
132435 20.937 10.0 62.8 0
132505 20.937 10.0 62.8 0
132535 20.937 10.0 62.737 0
132606 20.937 10.0 62.737 0
132637 20.812 10.0 62.675 0
132707 20.812 10.0 62.675 0
132737 20.812 10.0 62.612 0
132807 20.812 10.0 62.55 0
132838 20.812 10.0 62.55 0
132908 20.75 10.0 62.425 0
132939 20.75 10.0 62.362 0
133009 20.75 10.0 62.3 0
133040 20.75 10.0 62.237 0
133110 20.75 10.0 62.175 0
133141 20.687 10.0 62.112 0
133212 20.687 10.0 62.05 0
133242 20.687 10.0 62.05 0
133313 20.687 10.0 61.987 0
133344 20.687 10.0 61.925 0
133415 20.625 10.0 61.925 0
133445 20.625 10.0 61.862 0
133515 20.625 10.0 61.8 0
133546 20.625 10.0 61.8 0
133617 20.625 10.0 61.737 0
133648 20.562 10.0 61.737 0
133718 20.562 10.0 61.675 0
133749 20.562 10.0 61.675 0
133820 20.562 10.0 61.612 0
133850 20.562 10.0 61.612 0
133921 20.5 10.0 61.55 0
133951 20.5 10.0 61.55 0
134022 20.5 10.0 61.487 0
134052 20.5 10.0 61.487 0
134122 20.5 10.0 61.425 0
134152 20.437 10.0 61.362 0
134223 20.437 10.0 61.362 0
134253 20.437 10.0 61.3 0
134323 20.437 10.0 61.3 0
134353 20.437 10.0 61.237 0
134424 20.437 10.0 61.237 0
134454 20.437 10.0 61.175 0
134524 20.437 10.0 61.175 0
134555 20.437 10.0 61.112 0
134625 20.437 10.0 61.112 0
134656 20.437 10.0 61.05 0
134727 20.437 10.0 60.987 0
134757 20.437 10.0 60.925 0
134828 20.437 10.0 60.862 0
134859 20.437 10.0 60.737 0
134929 20.375 10.0 60.612 0
135000 20.375 10.0 60.487 0
135031 20.375 10.0 60.425 0
135101 20.375 10.0 60.362 0
135132 20.375 10.0 60.3 0
135203 20.375 10.0 60.237 0
135233 20.375 10.0 60.175 0
135304 20.375 10.0 60.112 0
135335 20.375 10.0 60.112 0
135406 20.375 10.0 60.05 0
135436 20.375 10.0 60.05 0
135506 20.375 10.0 59.987 0
135537 20.375 10.0 59.987 0
135608 20.375 10.0 59.925 0
135638 20.375 10.0 59.862 0
135709 20.375 10.0 59.862 0
135739 20.375 10.0 59.8 0
135809 20.375 10.0 59.8 0
135840 20.375 10.0 59.737 0
135910 20.312 10.0 59.675 0
135940 20.312 10.0 59.675 0
140011 20.312 10.0 59.612 0
140041 20.312 10.0 59.612 0
140112 20.312 10.0 59.55 0
140143 20.312 10.0 59.55 0
140213 20.312 10.0 59.55 0
140243 20.312 10.0 59.487 0
140314 20.312 10.0 59.487 0
140344 20.312 10.0 59.487 0
140415 20.25 10.0 59.425 0
140446 20.25 10.0 59.425 0
140516 20.25 10.0 59.425 0
140547 20.25 10.0 59.425 0
140618 20.25 10.0 59.362 0
140648 20.25 10.0 59.3 0
140718 20.25 10.0 59.237 0
140748 20.25 10.0 59.175 0
140819 20.25 10.0 59.05 0
140849 20.25 10.0 58.987 0
140920 20.25 10.0 58.862 0
140950 20.25 10.0 58.8 0
141020 20.25 10.0 58.737 0
141051 20.25 10.0 58.737 0
141121 20.25 10.0 58.675 0
141151 20.312 10.0 58.612 0
141222 20.312 10.0 58.612 0
141252 20.312 10.0 58.55 0
141323 20.312 10.0 58.55 0
141353 20.312 10.0 58.487 0
141424 20.187 10.0 58.487 0
141454 20.187 10.0 58.425 0
141524 20.187 10.0 58.425 0
141554 20.187 10.0 58.362 0
141624 20.187 10.0 58.3 0
141655 20.187 10.0 58.3 0
141725 20.187 10.0 58.3 0
141756 20.187 10.0 58.237 0
141826 20.187 10.0 58.175 0
141856 20.187 10.0 58.175 0
141927 20.187 10.0 58.112 0
141958 20.187 10.0 58.112 0
142028 20.187 10.0 58.05 0
142058 20.187 10.0 58.05 0
142129 20.187 10.0 57.987 0
142159 20.187 10.0 57.987 0
142229 20.187 10.0 57.925 0
142300 20.187 10.0 57.925 0
142330 20.187 10.0 57.862 0
142401 20.187 10.0 57.862 0
142431 20.187 10.0 57.8 0
142502 20.187 10.0 57.737 0
142532 20.187 10.0 57.612 0
142602 20.187 10.0 57.487 0
142633 20.187 10.0 57.362 0
142704 20.187 10.0 57.237 0
142734 20.187 10.0 57.112 0
142805 20.187 10.0 57.05 0
142835 20.187 10.0 56.987 0
142906 20.187 10.0 56.987 0
142936 20.25 10.0 56.925 0
143007 20.25 10.0 56.862 0
143037 20.25 10.0 56.862 0
143107 20.25 10.0 56.8 0
143138 20.25 10.0 56.8 0
143208 20.375 10.0 56.8 0
143239 20.375 10.0 56.862 0
143309 20.375 10.0 56.987 0
143339 20.375 10.0 57.175 0
143409 20.375 10.0 57.487 0
143440 20.375 10.0 57.987 0
143510 20.375 10.0 58.737 0
143541 20.375 10.0 59.612 0
143612 20.375 10.0 60.675 0
143643 20.375 10.0 61.55 0
143713 20.375 10.0 62.487 0
143744 20.375 10.0 63.3 0
143814 20.375 10.0 63.862 0
143845 20.375 10.0 64.487 0
143916 20.375 10.0 64.987 0
143946 20.375 10.0 65.3 0
144016 20.375 10.0 65.612 0
144046 20.375 10.0 65.8 0
144117 20.375 10.0 66.05 0
144148 20.437 10.0 66.175 0
144218 20.437 10.0 66.3 0
144249 20.437 10.0 66.425 0
144319 20.437 10.0 66.487 0
144350 20.437 10.0 66.612 0
144420 20.437 10.0 66.675 0
144451 20.437 10.0 66.675 0
144522 20.437 10.0 66.737 0
144552 20.437 10.0 66.737 0
144623 20.437 10.0 66.8 0
144653 20.5 10.0 66.8 0
144723 20.5 10.0 66.862 0
144754 20.5 10.0 66.862 0
144824 20.5 10.0 66.862 0
144855 20.5 10.0 66.925 0
144925 20.437 10.0 66.925 0
144956 20.437 10.0 66.925 0
145026 20.437 10.0 66.925 0
145056 20.437 10.0 66.925 0
145127 20.437 10.0 66.925 0
145157 20.437 10.0 66.987 0
145228 20.437 10.0 66.987 0
145259 20.437 10.0 67.05 0
145329 20.437 10.0 67.05 0
145400 20.437 10.0 67.05 0
145430 20.375 10.0 67.05 0
145501 20.375 10.0 67.112 0
145531 20.375 10.0 67.112 0
145602 20.375 10.0 67.112 0
145633 20.375 10.0 67.112 0
145703 20.375 10.0 67.175 0
145734 20.375 10.0 67.175 0
145804 20.375 10.0 67.175 0
145835 20.375 10.0 67.175 0
145906 20.375 10.0 67.175 0
145936 20.312 10.0 67.237 0
150006 20.312 10.0 67.237 0
150036 20.312 10.0 67.237 0
150107 20.312 10.0 67.237 0
150137 20.312 10.0 67.237 0
150207 20.312 10.0 67.237 0
150237 20.312 10.0 67.237 0
150308 20.312 10.0 67.3 0
150338 20.312 10.0 67.3 0
150408 20.312 10.0 67.3 0
150439 20.312 10.0 67.3 0
150509 20.312 10.0 67.362 0
150540 20.312 10.0 67.362 0
150610 20.312 10.0 67.362 0
150641 20.312 10.0 67.362 0
150711 20.312 10.0 67.362 0
150741 20.312 10.0 67.362 0
150811 20.312 10.0 67.362 0
150842 20.312 10.0 67.362 0
150912 20.312 10.0 67.362 0
150943 20.312 10.0 67.362 0
151014 20.312 10.0 67.362 0
151044 20.312 10.0 67.362 0
151115 20.312 10.0 67.362 0
151147 20.312 10.0 67.362 0
151218 20.312 10.0 67.362 0
151248 20.312 10.0 67.3 0
151318 20.312 10.0 67.3 0
151349 20.312 10.0 67.3 0
151419 20.312 10.0 67.3 0
151449 20.312 10.0 67.3 0
151520 20.312 10.0 67.3 0
151551 20.312 10.0 67.3 0
151621 20.312 10.0 67.237 0
151652 20.312 10.0 67.237 0
151722 20.312 10.0 67.237 0
151753 20.312 10.0 67.237 0
151823 20.312 10.0 67.237 0
151854 20.312 10.0 67.237 0
151925 20.25 10.0 67.237 0
151955 20.25 10.0 67.175 0
152026 20.25 10.0 67.175 0
152056 20.25 10.0 67.175 0
152127 20.25 10.0 67.175 0
152157 20.25 10.0 67.175 0
152228 20.25 10.0 67.175 0
152258 20.25 10.0 67.112 0
152329 20.25 10.0 67.112 0
152359 20.25 10.0 67.112 0
152430 20.312 10.0 67.112 0
152500 20.312 10.0 67.112 0
152530 20.312 10.0 67.112 0
152600 20.312 10.0 67.05 0
152631 20.312 10.0 67.05 0
152701 20.375 10.0 67.05 0
152732 20.375 10.0 67.05 0
152803 20.375 10.0 66.987 0
152833 20.375 10.0 66.987 0
152904 20.375 10.0 66.987 0
152934 20.375 10.0 66.987 0
153005 20.375 10.0 66.925 0
153035 20.375 10.0 66.925 0
153106 20.375 10.0 66.925 0
153136 20.375 10.0 66.925 0
153206 20.312 10.0 66.925 0
153237 20.312 10.0 66.862 0
153307 20.312 10.0 66.862 0
153338 20.312 10.0 66.862 0
153408 20.312 10.0 66.862 0
153439 20.25 10.0 66.8 0
153510 20.25 10.0 66.8 0
153540 20.25 10.0 66.8 0
153610 20.25 10.0 66.8 0
153641 20.25 10.0 66.737 0
153712 20.312 10.0 66.737 0
153742 20.312 10.0 66.737 0
153812 20.312 10.0 66.737 0
153843 20.312 10.0 66.737 0
153914 20.312 10.0 66.8 0
153944 20.25 10.0 66.862 0
154014 20.25 10.0 66.925 0
154045 20.25 10.0 66.987 0
154116 20.25 10.0 67.05 0
154146 20.25 10.0 67.05 0
154217 20.25 10.0 67.112 0
154247 20.25 10.0 67.112 0
154317 20.25 10.0 67.112 0
154348 20.25 10.0 67.112 0
154420 20.187 10.0 67.112 0
154451 20.187 10.0 67.112 0
154522 20.187 10.0 67.05 0
154552 20.187 10.0 67.05 0
154623 20.187 10.0 67.05 0
154654 20.187 10.0 67.05 0
154724 20.187 10.0 67.05 0
154754 20.187 10.0 67.05 0
154825 20.187 10.0 66.987 0
154855 20.187 10.0 66.987 0
154925 20.25 10.0 66.987 0
154956 20.25 10.0 66.987 0
155026 20.25 10.0 66.925 0
155057 20.25 10.0 66.925 0
155127 20.25 10.0 66.925 0
155158 20.187 10.0 66.925 0
155229 20.187 10.0 66.925 0
155259 20.187 10.0 66.925 0
155329 20.187 10.0 66.925 0
155400 20.187 10.0 66.862 0
155430 20.187 10.0 66.862 0
155501 20.187 10.0 66.862 0
155531 20.187 10.0 66.862 0
155601 20.187 10.0 66.8 0
155631 20.187 10.0 66.8 0
155701 20.187 10.0 66.8 0
155732 20.187 10.0 66.8 0
155802 20.187 10.0 66.8 0
155833 20.187 10.0 66.8 0
155903 20.187 10.0 66.737 0
155934 20.125 10.0 66.737 0
160005 20.125 10.0 66.737 0
160035 20.125 10.0 66.737 0
160106 20.125 10.0 66.675 0
160136 20.125 10.0 66.675 0
160207 20.187 10.0 66.675 0
160237 20.187 10.0 66.675 0
160307 20.187 10.0 66.612 0
160338 20.187 10.0 66.612 0
160408 20.187 10.0 66.612 0
160439 20.187 10.0 66.612 0
160510 20.187 10.0 66.55 0
160540 20.187 10.0 66.55 0
160610 20.187 10.0 66.55 0
160641 20.187 10.0 66.55 0
160712 20.187 10.0 66.487 0
160742 20.187 10.0 66.487 0
160812 20.187 10.0 66.487 0
160843 20.187 10.0 66.425 0
160913 20.187 10.0 66.425 0
160943 20.125 10.0 66.425 0
161014 20.125 10.0 66.362 0
161044 20.125 10.0 66.362 0
161115 20.125 10.0 66.3 0
161145 20.125 10.0 66.3 0
161215 20.125 10.0 66.3 0
161246 20.125 10.0 66.237 0
161316 20.125 10.0 66.237 0
161347 20.125 10.0 66.237 0
161418 20.125 10.0 66.175 0
161448 20.125 10.0 66.175 0
161519 20.125 10.0 66.175 0
161549 20.125 10.0 66.112 0
161620 20.125 10.0 66.112 0
161650 20.125 10.0 66.112 0
161721 20.125 10.0 66.112 0
161752 20.125 10.0 66.05 0
161822 20.125 10.0 66.05 0
161853 20.125 10.0 66.05 0
161923 20.125 10.0 65.987 0
161953 20.125 10.0 65.987 0
162024 20.125 10.0 65.987 0
162054 20.125 10.0 65.925 0
162124 20.125 10.0 65.925 0
162157 20.125 10.0 65.925 0
162228 20.125 10.0 65.862 0
162258 20.125 10.0 65.862 0
162329 20.125 10.0 65.862 0
162400 20.125 10.0 65.8 0
162430 20.125 10.0 65.8 0
162500 20.125 10.0 65.8 0
162530 20.125 10.0 65.737 0
162601 20.125 10.0 65.737 0
162632 20.125 10.0 65.737 0
162702 20.125 10.0 65.675 0
162732 20.125 10.0 65.675 0
162802 20.125 10.0 65.612 0
162832 20.125 10.0 65.612 0
162902 20.125 10.0 65.612 0
162933 20.125 10.0 65.55 0
163004 20.125 10.0 65.55 0
163034 20.125 10.0 65.487 0
163105 20.125 10.0 65.487 0
163135 20.125 10.0 65.425 0
163206 20.125 10.0 65.425 0
163236 20.125 10.0 65.362 0
163307 20.125 10.0 65.362 0
163337 20.125 10.0 65.3 0
163407 20.125 10.0 65.3 0
163438 20.125 10.0 65.3 0
163509 20.125 10.0 65.237 0
163539 20.125 10.0 65.237 0
163610 20.125 10.0 65.175 0
163641 20.125 10.0 65.175 0
163711 20.125 10.0 65.175 0
163741 20.125 10.0 65.112 0
163812 20.125 10.0 65.112 0
163842 20.125 10.0 65.05 0
163912 20.125 10.0 65.05 0
163943 20.125 10.0 64.987 0
164014 20.125 10.0 64.987 0
164044 20.125 10.0 64.987 0
164115 20.125 10.0 65.05 0
164145 20.125 10.0 65.05 0
164216 20.125 10.0 65.05 0
164247 20.125 10.0 65.05 0
164317 20.125 10.0 65.112 0
164348 20.125 10.0 65.112 0
164419 20.125 10.0 65.05 0
164449 20.125 10.0 65.112 0
164520 20.125 10.0 65.05 0
164551 20.125 10.0 65.05 0
164621 20.125 10.0 65.05 0
164652 20.125 10.0 65.05 0
164723 20.125 10.0 64.987 0
164754 20.125 10.0 64.987 0
164824 20.125 10.0 64.987 0
164855 20.125 10.0 64.987 0
164926 20.125 10.0 64.925 0
164956 20.125 10.0 64.925 0
165026 20.125 10.0 64.925 0
165057 20.125 10.0 64.862 0
165127 20.125 10.0 64.862 0
165158 20.125 10.0 64.8 0
165228 20.125 10.0 64.8 0
165259 20.125 10.0 64.737 0
165329 20.125 10.0 64.737 0
165400 20.125 10.0 64.675 0
165432 20.125 10.0 64.675 0
165502 20.125 10.0 64.612 0
165532 20.125 10.0 64.612 0
165602 20.125 10.0 64.612 0
165632 20.125 10.0 64.55 0
165703 20.062 10.0 64.55 0
165733 20.062 10.0 64.487 0
165804 20.062 10.0 64.487 0
165834 20.062 10.0 64.487 0
165904 20.062 10.0 64.425 0
165935 20.062 10.0 64.425 0
170006 20.062 10.0 64.362 0
170036 20.062 10.0 64.362 0
170107 20.062 10.0 64.362 0
170137 20.062 10.0 64.3 0
170208 20.125 10.0 64.3 0
170238 20.125 10.0 64.237 0
170309 20.125 10.0 64.237 0
170339 20.125 10.0 64.237 0
170410 20.125 10.0 64.175 0
170441 20.125 10.0 64.175 0
170512 20.125 10.0 64.112 0
170542 20.125 10.0 64.112 0
170612 20.125 10.0 64.112 0
170643 20.125 10.0 64.05 0
170713 20.125 10.0 64.05 0
170743 20.125 10.0 63.987 0
170814 20.125 10.0 63.987 0
170844 20.125 10.0 63.987 0
170914 20.125 10.0 63.925 0
170944 20.125 10.0 63.925 0
171014 20.125 10.0 63.862 0
171045 20.125 10.0 63.862 0
171116 20.125 10.0 63.8 0
171146 20.125 10.0 63.737 0
171217 20.125 10.0 63.675 0
171248 20.125 10.0 63.675 0
171318 20.125 10.0 63.612 0
171349 20.125 10.0 63.55 0
171419 20.125 10.0 63.55 0
171450 20.062 10.0 63.487 0
171520 20.062 10.0 63.425 0
171551 20.062 10.0 63.425 0
171621 20.062 10.0 63.362 0
171652 20.062 10.0 63.362 0
171722 20.125 10.0 63.3 0
171753 20.125 10.0 63.3 0
171824 20.125 10.0 63.237 0
171854 20.125 10.0 63.237 0
171924 20.125 10.0 63.237 0
171955 20.125 10.0 63.175 0
172025 20.125 10.0 63.175 0
172056 20.125 10.0 63.112 0
172127 20.125 10.0 63.112 0
172157 20.125 10.0 63.05 0
172228 20.125 10.0 63.05 0
172258 20.125 10.0 62.987 0
172329 20.125 10.0 62.987 0
172359 20.125 10.0 62.925 0
172430 20.125 10.0 62.925 0
172500 20.062 10.0 62.925 0
172530 20.062 10.0 62.862 0
172600 20.062 10.0 62.862 0
172631 20.062 10.0 62.8 0
172702 20.062 10.0 62.8 0
172732 20.062 10.0 62.737 0
172802 20.062 10.0 62.737 0
172833 20.062 10.0 62.675 0
172903 20.062 10.0 62.675 0
172933 20.062 10.0 62.612 0
173003 20.062 10.0 62.612 0
173034 20.062 10.0 62.55 0
173105 20.062 10.0 62.55 0
173135 20.062 10.0 62.487 0
173207 20.062 10.0 62.425 0
173238 20.062 10.0 62.362 0
173308 20.062 10.0 62.237 0
173339 20.062 10.0 62.175 0
173409 20.062 10.0 62.112 0
173440 20.125 10.0 62.05 0
173510 20.125 10.0 62.05 0
173541 20.125 10.0 61.987 0
173612 20.125 10.0 61.987 0
173642 20.125 10.0 61.925 0
173712 20.125 10.0 61.862 0
173743 20.125 10.0 61.862 0
173813 20.125 10.0 61.8 0
173844 20.125 10.0 61.8 0
173915 20.125 10.0 61.737 0
173945 20.125 10.0 61.737 0
174016 20.125 10.0 61.675 0
174046 20.125 10.0 61.612 0
174117 20.125 10.0 61.612 0
174147 20.125 10.0 61.55 0
174217 20.125 10.0 61.55 0
174248 20.125 10.0 61.55 0
174319 20.125 10.0 61.55 0
174349 20.125 10.0 61.55 0
174419 20.125 10.0 61.55 0
174450 20.125 10.0 61.55 0
174520 20.125 10.0 61.487 0
174551 20.125 10.0 61.487 0
174621 20.125 10.0 61.487 0
174652 20.125 10.0 61.487 0
174722 20.062 10.0 61.425 0
174753 20.062 10.0 61.425 0
174823 20.062 10.0 61.425 0
174854 20.062 10.0 61.362 0
174925 20.062 10.0 61.362 0
174955 20.125 10.0 61.3 0
175026 20.125 10.0 61.3 0
175056 20.125 10.0 61.3 0
175127 20.125 10.0 61.237 0
175157 20.125 10.0 61.237 0
175228 20.062 10.0 61.175 0
175258 20.062 10.0 61.112 0
175329 20.062 10.0 61.05 0
175359 20.062 10.0 60.925 0
175430 20.062 10.0 60.925 0
175500 20.062 10.0 60.862 0
175531 20.062 10.0 60.8 0
175601 20.062 10.0 60.8 0
175632 20.062 10.0 60.737 0
175702 20.062 10.0 60.737 0
175732 20.125 10.0 60.675 0
175803 20.125 10.0 60.612 0
175833 20.125 10.0 60.612 0
175904 20.125 10.0 60.55 0
175934 20.125 10.0 60.55 0
180004 20.125 10.0 60.487 0
180034 20.125 10.0 60.487 0
180105 20.125 10.0 60.425 0
180135 20.125 10.0 60.425 0
180206 20.125 10.0 60.362 0
180236 20.125 10.0 60.362 0
180307 20.125 10.0 60.3 0
180337 20.125 10.0 60.3 0
180408 20.125 10.0 60.237 0
180438 20.125 10.0 60.237 0
180508 20.062 10.0 60.175 0
180538 20.062 10.0 60.175 0
180609 20.062 10.0 60.112 0
180639 20.062 10.0 60.112 0
180710 20.062 10.0 60.05 0
180740 20.062 10.0 60.05 0
180811 20.062 10.0 59.987 0
180841 20.062 10.0 59.987 0
180911 20.062 10.0 59.925 0
180944 20.062 10.0 59.925 0
181014 20.062 10.0 59.925 0
181045 20.062 10.0 59.862 0
181115 20.062 10.0 59.8 0
181146 20.062 10.0 59.737 0
181216 20.062 10.0 59.675 0
181246 20.062 10.0 59.55 0
181317 20.062 10.0 59.487 0
181348 20.062 10.0 59.362 0
181418 20.062 10.0 59.3 0
181448 20.062 10.0 59.237 0
181519 20.062 10.0 59.175 0
181549 20.062 10.0 59.112 0
181619 20.062 10.0 59.112 0
181650 20.062 10.0 58.987 0
181720 20.062 10.0 58.987 0
181751 20.062 10.0 58.987 0
181821 20.062 10.0 58.925 0
181851 20.062 10.0 58.925 0
181922 20.062 10.0 58.862 0
181952 20.062 10.0 58.862 0
182023 20.062 10.0 58.8 0
182053 20.062 10.0 58.8 0
182123 20.062 10.0 58.737 0
182153 20.062 10.0 58.737 0
182223 20.0 10.0 58.675 0
182253 20.0 10.0 58.675 0
182324 20.0 10.0 58.612 0
182354 20.0 10.0 58.612 0
182425 20.0 10.0 58.55 0
182455 20.0 10.0 58.487 0
182525 20.0 10.0 58.487 0
182556 20.0 10.0 58.425 0
182626 20.0 10.0 58.425 0
182656 20.0 10.0 58.425 0
182727 20.0 10.0 58.362 0
182757 20.0 10.0 58.3 0
182827 20.0 10.0 58.3 0
182858 20.0 10.0 58.237 0
182928 20.0 10.0 58.237 0
182958 20.0 10.0 58.175 0
183029 20.0 10.0 58.112 0
183059 20.0 10.0 58.05 0
183130 20.0 10.0 57.925 0
183200 20.0 10.0 57.8 0
183230 20.0 10.0 57.675 0
183301 20.0 10.0 57.55 0
183332 20.0 10.0 57.487 0
183402 20.0 10.0 57.425 0
183433 20.0 10.0 57.362 0
183503 20.0 10.0 57.3 0
183533 20.0 10.0 57.3 0
183604 20.0 10.0 57.237 0
183634 20.0 10.0 57.237 0
183704 20.0 10.0 57.175 0
183735 20.0 10.0 57.175 0
183806 20.0 10.0 57.112 0
183836 20.0 10.0 57.05 0
183907 20.0 10.0 57.05 0
183937 20.0 10.0 56.987 0
184008 20.0 10.0 56.987 0
184038 20.0 10.0 56.925 0
184109 20.0 10.0 56.925 0
184140 20.0 10.0 56.862 0
184210 20.0 10.0 56.862 0
184241 20.0 10.0 56.8 0
184311 20.0 10.0 56.8 0
184342 20.0 10.0 56.8 0
184412 20.0 10.0 56.862 0
184443 20.0 10.0 56.987 0
184513 20.0 10.0 57.175 0
184544 20.0 10.0 57.55 0
184615 20.0 10.0 57.987 0
184645 20.0 10.0 58.55 0
184715 20.0 10.0 59.425 0
184746 20.0 10.0 60.425 0
184817 20.0 10.0 61.425 0
184847 20.0 10.0 62.3 0
184918 20.0 10.0 63.175 0
184949 20.0 10.0 63.8 0
185020 20.0 10.0 64.237 0
185051 20.0 10.0 64.55 0
185121 20.0 10.0 64.8 0
185152 20.0 10.0 65.05 0
185223 19.937 10.0 65.175 0
185253 19.937 10.0 65.362 0
185324 19.937 10.0 65.487 0
185354 19.937 10.0 65.612 0
185425 19.937 10.0 65.675 0
185456 19.937 10.0 65.737 0
185526 19.937 10.0 65.8 0
185557 19.937 10.0 65.8 0
185627 19.937 10.0 65.862 0
185658 19.937 10.0 65.925 0
185729 19.937 10.0 65.925 0
185759 19.937 10.0 65.987 0
185830 19.937 10.0 65.987 0
185900 19.937 10.0 66.05 0
185930 19.937 10.0 66.05 0
190000 19.937 10.0 66.112 0
190031 19.937 10.0 66.112 0
190101 19.937 10.0 66.175 0
190131 19.937 10.0 66.175 0
190202 19.937 10.0 66.175 0
190232 19.875 10.0 66.175 0
190303 19.875 10.0 66.175 0
190333 19.875 10.0 66.237 0
190404 19.875 10.0 66.237 0
190435 19.875 10.0 66.237 0
190505 19.937 10.0 66.3 0
190535 19.937 10.0 66.3 0
190605 19.937 10.0 66.175 0
190635 19.937 10.0 66.3 0
190706 19.937 10.0 66.3 0
190737 19.937 10.0 66.362 0
190807 19.937 10.0 66.362 0
190837 19.937 10.0 66.362 0
190908 19.937 10.0 66.362 0
190938 19.937 10.0 66.362 0
191008 19.937 10.0 66.362 0
191039 19.937 10.0 66.362 0
191109 19.937 10.0 66.425 0
191140 19.937 10.0 66.425 0
191210 19.937 10.0 66.425 0
191241 20.0 10.0 66.425 0
191311 20.0 10.0 66.425 0
191342 20.0 10.0 66.362 0
191413 20.0 10.0 66.362 0
191443 20.0 10.0 66.362 0
191513 20.0 10.0 66.362 0
191544 20.0 10.0 66.362 0
191614 20.0 10.0 66.362 0
191645 20.0 10.0 66.362 0
191716 20.0 10.0 66.362 0
191747 20.0 10.0 66.362 0
191817 20.0 10.0 66.362 0
191847 20.0 10.0 66.362 0
191918 20.0 10.0 66.362 0
191948 20.0 10.0 66.362 0
192019 20.125 10.0 66.362 0
192049 20.125 10.0 66.362 0
192119 20.125 10.0 66.362 0
192150 20.125 10.0 66.362 0
192222 20.187 10.0 66.3 0
192252 20.187 10.0 66.3 0
192323 20.187 10.0 66.3 0
192354 20.187 10.0 66.3 0
192424 20.187 10.0 66.3 0
192454 20.312 10.0 66.3 0
192525 20.312 10.0 66.237 0
192556 20.312 10.0 66.237 0
192627 20.312 10.0 66.237 0
192657 20.312 10.0 66.237 0
192728 20.375 10.0 66.237 0
192758 20.375 10.0 66.237 0
192829 20.375 10.0 66.175 0
192859 20.375 10.0 66.175 0
192930 20.375 10.0 66.175 0
193000 20.437 10.0 66.175 0
193030 20.437 10.0 66.175 0
193101 20.437 10.0 66.112 0
193132 20.437 10.0 66.112 0
193202 20.437 10.0 66.112 0
193232 20.5 10.0 66.112 0
193303 20.5 10.0 66.112 0
193334 20.5 10.0 66.05 0
193404 20.5 10.0 66.05 0
193434 20.5 10.0 66.05 0
193504 20.562 10.0 66.05 0
193534 20.562 10.0 66.05 0
193605 20.562 10.0 65.987 0
193635 20.562 10.0 65.987 0
193705 20.562 10.0 65.987 0
193735 20.562 10.0 65.925 0
193805 20.562 10.0 65.925 0
193836 20.562 10.0 65.925 0
193906 20.562 10.0 65.925 0
193936 20.562 10.0 65.925 0
194007 20.562 10.0 65.862 0
194038 20.562 10.0 65.862 0
194108 20.562 10.0 65.862 0
194138 20.562 10.0 65.862 0
194209 20.562 10.0 65.8 0
194239 20.625 10.0 65.8 0
194310 20.625 10.0 65.8 0
194340 20.625 10.0 65.8 0
194410 20.625 10.0 65.8 0
194440 20.625 10.0 65.737 0
194510 20.687 10.0 65.737 0
194541 20.687 10.0 65.737 0
194612 20.687 10.0 65.675 0
194642 20.687 10.0 65.675 0
194713 20.687 10.0 65.675 0
194743 20.812 10.0 65.675 0
194813 20.812 10.0 65.675 0
194843 20.812 10.0 65.612 0
194914 20.812 10.0 65.612 0
194944 20.812 10.0 65.612 0
195015 20.812 10.0 65.612 0
195045 20.812 10.0 65.612 0
195115 20.812 10.0 65.675 0
195146 20.812 10.0 65.737 0
195216 20.812 10.0 65.8 0
195246 20.687 10.0 65.862 0
195317 20.687 10.0 65.862 0
195347 20.687 10.0 65.862 0
195418 20.687 10.0 65.862 0
195449 20.687 10.0 65.862 0
195519 20.625 10.0 65.862 0
195550 20.625 10.0 65.862 0
195620 20.625 10.0 65.862 0
195651 20.625 10.0 65.8 0
195722 20.625 10.0 65.8 0
195752 20.625 10.0 65.8 0
195823 20.625 10.0 65.8 0
195853 20.625 10.0 65.8 0
195924 20.625 10.0 65.737 0
195955 20.625 10.0 65.737 0
200025 20.562 10.0 65.737 0
200056 20.562 10.0 65.737 0
200127 20.562 10.0 65.737 0
200157 20.562 10.0 65.675 0
200229 20.562 10.0 65.675 0
200259 20.562 10.0 65.675 0
200330 20.562 10.0 65.675 0
200400 20.562 10.0 65.675 0
200431 20.562 10.0 65.612 0
200502 20.562 10.0 65.612 0
200532 20.562 10.0 65.612 0
200603 20.562 10.0 65.612 0
200634 20.562 10.0 65.55 0
200704 20.562 10.0 65.55 0
200735 20.562 10.0 65.55 0
200806 20.562 10.0 65.55 0
200836 20.562 10.0 65.55 0
200907 20.562 10.0 65.487 0
200938 20.562 10.0 65.487 0
201008 20.5 10.0 65.487 0
201039 20.5 10.0 65.487 0
201109 20.5 10.0 65.425 0
201139 20.5 10.0 65.425 0
201209 20.5 10.0 65.425 0
201240 20.562 10.0 65.425 0
201310 20.562 10.0 65.362 0
201341 20.562 10.0 65.362 0
201411 20.562 10.0 65.362 0
201441 20.562 10.0 65.3 0
201511 20.5 10.0 65.3 0
201542 20.5 10.0 65.3 0
201612 20.5 10.0 65.237 0
201642 20.5 10.0 65.237 0
201712 20.5 10.0 65.175 0
201743 20.562 10.0 65.175 0
201814 20.562 10.0 65.175 0
201844 20.562 10.0 65.175 0
201914 20.562 10.0 65.112 0
201945 20.562 10.0 65.112 0
202015 20.562 10.0 65.112 0
202045 20.562 10.0 65.05 0
202116 20.562 10.0 65.05 0
202146 20.562 10.0 65.05 0
202217 20.562 10.0 64.987 0
202247 20.562 10.0 64.987 0
202318 20.562 10.0 64.987 0
202348 20.562 10.0 64.925 0
202419 20.562 10.0 64.925 0
202450 20.562 10.0 64.925 0
202520 20.5 10.0 64.862 0
202551 20.5 10.0 64.862 0
202622 20.5 10.0 64.862 0
202653 20.5 10.0 64.8 0
202723 20.5 10.0 64.8 0
202754 20.375 10.0 64.8 0
202825 20.375 10.0 64.737 0
202855 20.375 10.0 64.737 0
202926 20.375 10.0 64.737 0
202957 20.375 10.0 64.675 0
203027 20.375 10.0 64.675 0
203057 20.375 10.0 64.675 0
203128 20.375 10.0 64.612 0
203158 20.375 10.0 64.612 0
203228 20.375 10.0 64.612 0
203259 20.375 10.0 64.55 0
203329 20.375 10.0 64.55 0
203359 20.375 10.0 64.55 0
203429 20.375 10.0 64.487 0
203500 20.375 10.0 64.487 0
203530 20.312 10.0 64.425 0
203600 20.312 10.0 64.425 0
203631 20.312 10.0 64.362 0
203701 20.312 10.0 64.362 0
203734 20.312 10.0 64.3 0
203804 20.312 10.0 64.3 0
203834 20.312 10.0 64.237 0
203904 20.312 10.0 64.237 0
203935 20.312 10.0 64.175 0
204006 20.25 10.0 64.175 0
204036 20.25 10.0 64.112 0
204106 20.25 10.0 64.112 0
204136 20.25 10.0 64.05 0
204206 20.25 10.0 64.05 0
204237 20.25 10.0 64.05 0
204308 20.25 10.0 63.987 0
204338 20.25 10.0 63.987 0
204409 20.25 10.0 63.987 0
204440 20.25 10.0 63.925 0
204510 20.25 10.0 63.925 0
204541 20.25 10.0 63.862 0
204612 20.25 10.0 63.862 0
204642 20.25 10.0 63.862 0
204712 20.25 10.0 63.8 0
204743 20.25 10.0 63.8 0
204813 20.25 10.0 63.737 0
204843 20.25 10.0 63.737 0
204913 20.25 10.0 63.675 0
204943 20.25 10.0 63.675 0
205014 20.25 10.0 63.675 0
205044 20.25 10.0 63.612 0
205115 20.25 10.0 63.612 0
205145 20.25 10.0 63.612 0
205216 20.25 10.0 63.55 0
205246 20.25 10.0 63.612 0
205316 20.25 10.0 63.675 0
205346 20.25 10.0 63.675 0
205416 20.25 10.0 63.737 0
205447 20.25 10.0 63.737 0
205517 20.25 10.0 63.737 0
205548 20.25 10.0 63.737 0
205618 20.25 10.0 63.737 0
205648 20.25 10.0 63.737 0
205718 20.25 10.0 63.737 0
205749 20.25 10.0 63.675 0
205820 20.25 10.0 63.675 0
205851 20.25 10.0 63.675 0
205921 20.25 10.0 63.612 0
205951 20.25 10.0 63.612 0
210022 20.312 10.0 63.55 0
210053 20.312 10.0 63.55 0
210123 20.312 10.0 63.55 0
210154 20.312 10.0 63.487 0
210225 20.312 10.0 63.487 0
210255 20.312 10.0 63.487 0
210325 20.312 10.0 63.487 0
210356 20.312 10.0 63.425 0
210426 20.312 10.0 63.425 0
210457 20.312 10.0 63.362 0
210527 20.375 10.0 63.362 0
210557 20.375 10.0 63.362 0
210628 20.375 10.0 63.3 0
210659 20.375 10.0 63.3 0
210729 20.375 10.0 63.237 0
210800 20.312 10.0 63.237 0
210830 20.312 10.0 63.237 0
210900 20.312 10.0 63.237 0
210930 20.312 10.0 63.175 0
211000 20.312 10.0 63.175 0
211031 20.375 10.0 63.112 0
211101 20.375 10.0 63.112 0
211132 20.375 10.0 63.112 0
211203 20.375 10.0 63.05 0
211233 20.375 10.0 63.05 0
211304 20.312 10.0 62.987 0
211335 20.312 10.0 62.987 0
211406 20.312 10.0 62.987 0
211436 20.312 10.0 62.925 0
211507 20.312 10.0 62.925 0
211537 20.312 10.0 62.925 0
211608 20.312 10.0 62.862 0
211638 20.312 10.0 62.8 0
211709 20.312 10.0 62.8 0
211741 20.312 10.0 62.737 0
211811 20.312 10.0 62.675 0
211841 20.312 10.0 62.675 0
211911 20.312 10.0 62.612 0
211941 20.312 10.0 62.55 0
212012 20.312 10.0 62.55 0
212042 20.312 10.0 62.487 0
212113 20.312 10.0 62.487 0
212143 20.312 10.0 62.425 0
212214 20.312 10.0 62.425 0
212244 20.312 10.0 62.362 0
212315 20.312 10.0 62.362 0
212345 20.312 10.0 62.3 0
212415 20.312 10.0 62.3 0
212445 20.312 10.0 62.237 0
212516 20.25 10.0 62.237 0
212547 20.25 10.0 62.175 0
212617 20.25 10.0 62.175 0
212647 20.25 10.0 62.112 0
212718 20.25 10.0 62.112 0
212748 20.25 10.0 62.112 0
212818 20.25 10.0 62.05 0
212849 20.25 10.0 62.05 0
212920 20.25 10.0 61.987 0
212951 20.25 10.0 61.987 0
213021 20.25 10.0 61.925 0
213052 20.25 10.0 61.925 0
213123 20.25 10.0 61.925 0
213154 20.25 10.0 61.862 0
213224 20.25 10.0 61.862 0
213255 20.312 10.0 61.8 0
213326 20.312 10.0 61.8 0
213356 20.312 10.0 61.737 0
213427 20.312 10.0 61.737 0
213458 20.312 10.0 61.675 0
213528 20.25 10.0 61.675 0
213559 20.25 10.0 61.612 0
213629 20.25 10.0 61.612 0
213659 20.25 10.0 61.55 0
213730 20.25 10.0 61.55 0
213800 20.312 10.0 61.487 0
213830 20.312 10.0 61.362 0
213900 20.312 10.0 61.3 0
213931 20.312 10.0 61.237 0
214002 20.312 10.0 61.175 0
214032 20.312 10.0 61.112 0
214102 20.312 10.0 61.112 0
214133 20.312 10.0 61.05 0
214203 20.312 10.0 60.987 0
214233 20.312 10.0 60.987 0
214303 20.312 10.0 60.925 0
214333 20.312 10.0 60.925 0
214404 20.312 10.0 60.925 0
214434 20.312 10.0 60.862 0
214505 20.312 10.0 60.8 0
214536 20.312 10.0 60.8 0
214606 20.312 10.0 60.737 0
214637 20.312 10.0 60.737 0
214707 20.312 10.0 60.737 0
214737 20.312 10.0 60.675 0
214808 20.312 10.0 60.612 0
214839 20.312 10.0 60.612 0
214909 20.312 10.0 60.55 0
214940 20.312 10.0 60.55 0
215010 20.312 10.0 60.487 0
215041 20.312 10.0 60.487 0
215112 20.312 10.0 60.425 0
215142 20.312 10.0 60.425 0
215213 20.312 10.0 60.362 0
215245 20.312 10.0 60.362 0
215315 20.312 10.0 60.3 0
215346 20.312 10.0 60.3 0
215417 20.312 10.0 60.3 0
215448 20.312 10.0 60.3 0
215518 20.312 10.0 60.237 0
215548 20.312 10.0 60.237 0
215618 20.312 10.0 60.237 0
215649 20.312 10.0 60.237 0
215719 20.312 10.0 60.237 0
215750 20.312 10.0 60.175 0
215820 20.312 10.0 60.175 0
215851 20.312 10.0 60.112 0
215921 20.312 10.0 60.05 0
215952 20.312 10.0 59.987 0
220022 20.375 10.0 59.925 0
220053 20.375 10.0 59.925 0
220124 20.375 10.0 59.862 0
220154 20.375 10.0 59.8 0
220224 20.375 10.0 59.8 0
220255 20.437 10.0 59.737 0
220325 20.437 10.0 59.737 0
220355 20.437 10.0 59.675 0
220426 20.437 10.0 59.675 0
220457 20.437 10.0 59.612 0
220527 20.437 10.0 59.612 0
220558 20.437 10.0 59.55 0
220629 20.437 10.0 59.55 0
220659 20.437 10.0 59.487 0
220729 20.437 10.0 59.487 0
220800 20.437 10.0 59.487 0
220830 20.437 10.0 59.425 0
220901 20.437 10.0 59.425 0
220931 20.437 10.0 59.362 0
221002 20.437 10.0 59.362 0
221032 20.5 10.0 59.3 0
221103 20.5 10.0 59.3 0
221133 20.5 10.0 59.237 0
221204 20.5 10.0 59.237 0
221234 20.5 10.0 59.175 0
221304 20.5 10.0 59.175 0
221335 20.5 10.0 59.112 0
221405 20.5 10.0 59.112 0
221436 20.5 10.0 59.112 0
221507 20.5 10.0 59.05 0
221537 20.5 10.0 59.05 0
221607 20.5 10.0 58.987 0
221637 20.5 10.0 58.987 0
221708 20.5 10.0 58.925 0
221739 20.5 10.0 58.8 0
221810 20.437 10.0 58.737 0
221840 20.437 10.0 58.612 0
221910 20.437 10.0 58.55 0
221941 20.437 10.0 58.487 0
222012 20.437 10.0 58.425 0
222042 20.375 10.0 58.362 0
222113 20.375 10.0 58.362 0
222143 20.375 10.0 58.3 0
222214 20.375 10.0 58.3 0
222244 20.375 10.0 58.237 0
222314 20.375 10.0 58.175 0
222345 20.375 10.0 58.175 0
222415 20.375 10.0 58.112 0
222445 20.375 10.0 58.112 0
222515 20.375 10.0 58.05 0
222545 20.375 10.0 58.05 0
222616 20.375 10.0 57.987 0
222647 20.375 10.0 57.987 0
222717 20.375 10.0 57.925 0
222749 20.375 10.0 57.925 0
222819 20.375 10.0 57.862 0
222850 20.375 10.0 57.862 0
222921 20.375 10.0 57.8 0
222951 20.375 10.0 57.8 0
223022 20.312 10.0 57.8 0
223052 20.312 10.0 57.675 0
223123 20.312 10.0 57.675 0
223153 20.312 10.0 57.675 0
223224 20.312 10.0 57.612 0
223254 20.375 10.0 57.612 0
223324 20.375 10.0 57.55 0
223354 20.375 10.0 57.55 0
223425 20.375 10.0 57.55 0
223455 20.375 10.0 57.487 0
223525 20.375 10.0 57.425 0
223556 20.375 10.0 57.362 0
223626 20.375 10.0 57.3 0
223656 20.375 10.0 57.175 0
223727 20.375 10.0 57.05 0
223757 20.375 10.0 56.987 0
223828 20.375 10.0 56.925 0
223858 20.375 10.0 56.862 0
223929 20.375 10.0 56.8 0
224000 20.375 10.0 56.737 0
224030 20.375 10.0 56.737 0
224101 20.375 10.0 56.737 0
224131 20.375 10.0 56.737 0
224201 20.375 10.0 56.737 0
224232 20.375 10.0 56.862 0
224302 20.375 10.0 56.987 0
224333 20.375 10.0 57.237 0
224403 20.375 10.0 57.737 0
224434 20.375 10.0 58.3 0
224504 20.375 10.0 59.05 0
224535 20.312 10.0 59.987 0
224606 20.312 10.0 60.987 0
224636 20.312 10.0 61.925 0
224706 20.312 10.0 62.925 0
224736 20.312 10.0 63.612 0
224807 20.312 10.0 64.175 0
224838 20.312 10.0 64.612 0
224908 20.312 10.0 64.987 0
224939 20.312 10.0 65.3 0
225009 20.312 10.0 65.55 0
225039 20.312 10.0 65.737 0
225109 20.312 10.0 65.862 0
225139 20.312 10.0 65.987 0
225210 20.312 10.0 66.112 0
225240 20.312 10.0 66.175 0
225311 20.312 10.0 66.237 0
225341 20.312 10.0 66.3 0
225411 20.312 10.0 66.362 0
225442 20.312 10.0 66.425 0
225512 20.312 10.0 66.487 0
225543 20.312 10.0 66.487 0
225613 20.312 10.0 66.55 0
225643 20.312 10.0 66.55 0
225714 20.312 10.0 66.55 0
225745 20.312 10.0 66.55 0
225815 20.25 10.0 66.612 0
225846 20.25 10.0 66.612 0
225917 20.25 10.0 66.612 0
225947 20.25 10.0 66.612 0
230017 20.25 10.0 66.612 0
230047 20.187 10.0 66.612 0
230118 20.187 10.0 66.612 0
230149 20.187 10.0 66.612 0
230219 20.187 10.0 66.612 0
230250 20.187 10.0 66.612 0
230321 20.125 10.0 66.55 0
230351 20.125 10.0 66.675 0
230422 20.125 10.0 66.675 0
230453 20.125 10.0 66.675 0
230525 20.062 10.0 66.675 0
230555 20.062 10.0 66.612 0
230626 20.062 10.0 66.612 0
230656 20.062 10.0 66.675 0
230727 20.062 10.0 66.612 0
230757 20.062 10.0 66.612 0
230827 20.062 10.0 66.675 0
230857 20.062 10.0 66.612 0
230928 20.062 10.0 66.612 0
230958 20.062 10.0 66.612 0
231029 20.0 10.0 66.612 0
231059 20.0 10.0 66.612 0
231130 20.0 10.0 66.612 0
231201 20.0 10.0 66.612 0
231231 20.0 10.0 66.612 0
231302 20.062 10.0 66.612 0
231332 20.062 10.0 66.612 0
231402 20.062 10.0 66.612 0
231433 20.062 10.0 66.612 0
231503 20.062 10.0 66.487 0
231533 20.062 10.0 66.612 0
231604 20.062 10.0 66.612 0
231634 20.062 10.0 66.612 0
231705 20.062 10.0 66.612 0
231735 20.062 10.0 66.612 0
231806 20.125 10.0 66.612 0
231836 20.125 10.0 66.55 0
231906 20.125 10.0 66.487 0
231936 20.125 10.0 66.487 0
232007 20.125 10.0 66.55 0
232037 20.125 10.0 66.55 0
232108 20.125 10.0 66.55 0
232139 20.125 10.0 66.55 0
232210 20.125 10.0 66.55 0
232240 20.125 10.0 66.55 0
232310 20.25 10.0 66.55 0
232341 20.25 10.0 66.55 0
232411 20.25 10.0 66.55 0
232442 20.25 10.0 66.487 0
232512 20.25 10.0 66.487 0
232543 20.25 10.0 66.487 0
232614 20.25 10.0 66.487 0
232644 20.25 10.0 66.487 0
232715 20.25 10.0 66.487 0
232745 20.25 10.0 66.425 0
232816 20.312 10.0 66.425 0
232846 20.312 10.0 66.425 0
232917 20.312 10.0 66.425 0
232947 20.312 10.0 66.425 0
233018 20.312 10.0 66.362 0
233049 20.312 10.0 66.362 0
233119 20.312 10.0 66.362 0
233149 20.312 10.0 66.362 0
233219 20.312 10.0 66.362 0
233249 20.312 10.0 66.362 0
233320 20.312 10.0 66.3 0
233350 20.312 10.0 66.3 0
233420 20.312 10.0 66.3 0
233450 20.312 10.0 66.3 0
233521 20.312 10.0 66.3 0
233551 20.375 10.0 66.237 0
233622 20.375 10.0 66.237 0
233652 20.375 10.0 66.237 0
233722 20.375 10.0 66.237 0
233753 20.375 10.0 66.175 0
233823 20.375 10.0 66.175 0
233853 20.375 10.0 66.112 0
233924 20.375 10.0 66.112 0
233954 20.375 10.0 66.112 0
234025 20.375 10.0 66.05 0
234055 20.312 10.0 66.05 0
234126 20.312 10.0 66.05 0
234157 20.312 10.0 66.05 0
234227 20.312 10.0 66.05 0
234300 20.312 10.0 66.05 0
234330 20.312 10.0 65.987 0
234401 20.312 10.0 65.987 0
234431 20.312 10.0 65.987 0
234502 20.312 10.0 65.987 0
234532 20.312 10.0 65.925 0
234603 20.312 10.0 65.925 0
234633 20.312 10.0 65.862 0
234704 20.312 10.0 65.925 0
234734 20.312 10.0 65.925 0
234804 20.312 10.0 65.862 0
234835 20.312 10.0 65.862 0
234905 20.312 10.0 65.925 0
234935 20.312 10.0 65.987 0
235006 20.312 10.0 66.05 0
235036 20.312 10.0 66.112 0
235107 20.312 10.0 66.112 0
235137 20.312 10.0 66.112 0
235208 20.312 10.0 66.112 0
235238 20.312 10.0 66.112 0
235309 20.25 10.0 66.112 0
235339 20.25 10.0 66.112 0
235410 20.25 10.0 66.112 0
235440 20.25 10.0 66.112 0
235511 20.25 10.0 66.05 0
235541 20.187 10.0 66.05 0
235612 20.187 10.0 66.05 0
235643 20.187 10.0 66.05 0
235713 20.187 10.0 66.05 0
235744 20.187 10.0 65.987 0
235815 20.187 10.0 65.987 0
235845 20.187 10.0 65.987 0
