235923 23.312 10.0 20.55 0
235953 23.312 10.0 20.55 0
000023 23.312 10.0 20.55 0
000053 23.312 10.0 20.55 0
000124 23.312 10.0 20.55 0
000154 23.312 10.0 20.55 0
000224 23.312 10.0 20.55 0
000255 23.312 10.0 20.55 0
000325 23.312 10.0 20.55 0
000355 23.25 10.0 20.55 0
000426 23.25 10.0 20.55 0
000456 23.25 10.0 20.55 0
000527 23.25 10.0 20.55 0
000557 23.25 10.0 20.55 0
000628 23.312 10.0 20.55 0
000659 23.312 10.0 20.55 0
000729 23.312 10.0 20.55 0
000759 23.312 10.0 20.55 0
000830 23.312 10.0 20.55 0
000900 23.312 10.0 20.55 0
000931 23.312 10.0 20.55 0
001001 23.312 10.0 20.55 0
001031 23.312 10.0 20.55 0
001101 23.312 10.0 20.55 0
001132 23.25 10.0 20.55 0
001203 23.25 10.0 20.55 0
001233 23.25 10.0 20.55 0
001303 23.25 10.0 20.55 0
001333 23.25 10.0 20.55 0
001403 23.25 10.0 20.55 0
001434 23.25 10.0 20.55 0
001504 23.25 10.0 20.55 0
001535 23.25 10.0 20.55 0
001605 23.25 10.0 20.55 0
001635 23.187 10.0 20.55 0
001705 23.187 10.0 20.55 0
001735 23.187 10.0 20.55 0
001806 23.187 10.0 20.55 0
001836 23.187 10.0 20.55 0
001906 23.187 10.0 20.55 0
001937 23.187 10.0 20.55 0
002008 23.187 10.0 20.55 0
002038 23.187 10.0 20.55 0
002110 23.187 10.0 20.55 0
002140 23.187 10.0 20.55 0
002211 23.187 10.0 20.55 0
002241 23.187 10.0 20.55 0
002311 23.187 10.0 20.55 0
002341 23.187 10.0 20.55 0
002412 23.187 10.0 20.55 0
002442 23.187 10.0 20.55 0
002512 23.187 10.0 20.55 0
002543 23.187 10.0 20.55 0
002613 23.187 10.0 20.55 0
002643 23.187 10.0 20.55 0
002713 23.187 10.0 20.55 0
002744 23.187 10.0 20.55 0
002814 23.187 10.0 20.55 0
002844 23.187 10.0 20.55 0
002914 23.187 10.0 20.55 0
002945 23.187 10.0 20.55 0
003015 23.187 10.0 20.55 0
003045 23.187 10.0 20.55 0
003115 23.187 10.0 20.55 0
003146 23.187 10.0 20.55 0
003216 23.187 10.0 20.55 0
003247 23.187 10.0 20.55 0
003317 23.187 10.0 20.55 0
003347 23.187 10.0 20.55 0
003417 23.187 10.0 20.55 0
003447 23.187 10.0 20.55 0
003518 23.187 10.0 20.55 0
003548 23.187 10.0 20.55 0
003619 23.187 10.0 20.55 0
003650 23.187 10.0 20.55 0
003720 23.187 10.0 20.55 0
003751 23.187 10.0 20.55 0
003821 23.187 10.0 20.55 0
003851 23.187 10.0 20.55 0
003922 23.187 10.0 20.55 0
003952 23.187 10.0 20.55 0
004023 23.187 10.0 20.55 0
004054 23.187 10.0 20.55 0
004124 23.187 10.0 20.55 0
004155 23.187 10.0 20.55 0
004225 23.187 10.0 20.55 0
004256 23.187 10.0 20.55 0
004326 23.187 10.0 20.55 0
004357 23.187 10.0 20.55 0
004427 23.187 10.0 20.55 0
004458 23.187 10.0 20.55 0
004528 23.187 10.0 20.55 0
004559 23.187 10.0 20.55 0
004629 23.187 10.0 20.55 0
004659 23.187 10.0 20.55 0
004729 23.187 10.0 20.55 0
004800 23.187 10.0 20.55 0
004830 23.187 10.0 20.55 0
004901 23.187 10.0 20.55 0
004931 23.187 10.0 20.55 0
005002 23.187 10.0 20.55 0
005033 23.187 10.0 20.55 0
005103 23.187 10.0 20.55 0
005133 23.187 10.0 20.55 0
005203 23.187 10.0 20.55 0
005234 23.187 10.0 20.55 0
005304 23.187 10.0 20.55 0
005334 23.187 10.0 20.55 0
005405 23.187 10.0 20.55 0
005435 23.187 10.0 20.55 0
005506 23.187 10.0 20.55 0
005537 23.187 10.0 20.55 0
005607 23.187 10.0 20.55 0
005637 23.187 10.0 20.55 0
005707 23.187 10.0 20.55 0
005738 23.187 10.0 20.55 0
005809 23.187 10.0 20.55 0
005839 23.187 10.0 20.55 0
005909 23.187 10.0 20.55 0
005940 23.187 10.0 20.55 0
010010 23.187 10.0 20.55 0
010041 23.187 10.0 20.55 0
010112 23.187 10.0 20.55 0
010142 23.187 10.0 20.55 0
010213 23.187 10.0 20.55 0
010243 23.187 10.0 20.55 0
010313 23.187 10.0 20.55 0
010343 23.187 10.0 20.55 0
010413 23.187 10.0 20.55 0
010443 23.187 10.0 20.55 0
010514 23.187 10.0 20.55 0
010544 23.187 10.0 20.55 0
010617 23.187 10.0 20.55 0
010648 23.187 10.0 20.55 0
010718 23.187 10.0 20.55 0
010748 23.187 10.0 20.55 0
010818 23.187 10.0 20.55 0
010849 23.125 10.0 20.55 0
010920 23.125 10.0 20.55 0
010950 23.125 10.0 20.55 0
011021 23.125 10.0 20.55 0
011052 23.125 10.0 20.55 0
011122 23.125 10.0 20.55 0
011153 23.125 10.0 20.55 0
011223 23.125 10.0 20.55 0
011254 23.125 10.0 20.55 0
011324 23.125 10.0 20.55 0
011354 23.187 10.0 20.55 0
011425 23.187 10.0 20.55 0
011455 23.187 10.0 20.55 0
011525 23.187 10.0 20.55 0
011556 23.187 10.0 20.55 0
011626 23.187 10.0 20.55 0
011656 23.187 10.0 20.55 0
011727 23.187 10.0 20.55 0
011757 23.187 10.0 20.55 0
011828 23.187 10.0 20.55 0
011859 23.187 10.0 20.55 0
011929 23.187 10.0 20.55 0
011959 23.187 10.0 20.55 0
012030 23.187 10.0 20.55 0
012101 23.187 10.0 20.55 0
012131 23.187 10.0 20.55 0
012201 23.187 10.0 20.55 0
012231 23.187 10.0 20.55 0
012302 23.187 10.0 20.55 0
012333 23.187 10.0 20.55 0
012403 23.125 10.0 20.55 0
012433 23.125 10.0 20.55 0
012504 23.125 10.0 20.55 0
012534 23.125 10.0 20.55 0
012604 23.125 10.0 20.55 0
012635 23.125 10.0 20.55 0
012705 23.125 10.0 20.55 0
012735 23.125 10.0 20.55 0
012806 23.125 10.0 20.55 0
012836 23.125 10.0 20.55 0
012906 23.125 10.0 20.55 0
012937 23.125 10.0 20.55 0
013007 23.125 10.0 20.55 0
013037 23.125 10.0 20.55 0
013108 23.125 10.0 20.55 0
013138 23.125 10.0 20.55 0
013209 23.125 10.0 20.55 0
013240 23.125 10.0 20.55 0
013310 23.125 10.0 20.55 0
013341 23.125 10.0 20.55 0
013411 23.125 10.0 20.55 0
013441 23.125 10.0 20.55 0
013511 23.125 10.0 20.55 0
013541 23.125 10.0 20.55 0
013611 23.125 10.0 20.55 0
013642 23.125 10.0 20.55 0
013713 23.125 10.0 20.55 0
013744 23.125 10.0 20.55 0
013814 23.125 10.0 20.55 0
013844 23.125 10.0 20.55 0
013914 23.125 10.0 20.55 0
013945 23.125 10.0 20.55 0
014015 23.125 10.0 20.55 0
014045 23.125 10.0 20.55 0
014116 23.125 10.0 20.55 0
014146 23.125 10.0 20.55 0
014217 23.125 10.0 20.55 0
014248 23.125 10.0 20.55 0
014318 23.125 10.0 20.55 0
014348 23.125 10.0 20.55 0
014419 23.125 10.0 20.55 0
014449 23.125 10.0 20.55 0
014520 23.125 10.0 20.55 0
014550 23.125 10.0 20.55 0
014622 23.125 10.0 20.55 0
014653 23.125 10.0 20.55 0
014723 23.125 10.0 20.55 0
014753 23.125 10.0 20.55 0
014823 23.125 10.0 20.55 0
014853 23.125 10.0 20.55 0
014923 23.125 10.0 20.55 0
014953 23.125 10.0 20.55 0
015024 23.125 10.0 20.55 0
015054 23.125 10.0 20.55 0
015124 23.125 10.0 20.55 0
015154 23.125 10.0 20.55 0
015225 23.125 10.0 20.55 0
015255 23.125 10.0 20.55 0
015325 23.125 10.0 20.55 0
015355 23.125 10.0 20.55 0
015426 23.125 10.0 20.55 0
015456 23.125 10.0 20.55 0
015527 23.125 10.0 20.55 0
015557 23.125 10.0 20.55 0
015627 23.125 10.0 20.55 0
015658 23.125 10.0 20.55 0
015728 23.125 10.0 20.55 0
015759 23.125 10.0 20.55 0
015829 23.125 10.0 20.55 0
015859 23.125 10.0 20.55 0
015930 23.125 10.0 20.55 0
020000 23.125 10.0 20.55 0
020031 23.125 10.0 20.55 0
020102 23.125 10.0 20.55 0
020133 23.062 10.0 20.55 0
020203 23.062 10.0 20.55 0
020233 23.062 10.0 20.55 0
020303 23.062 10.0 20.55 0
020334 23.062 10.0 20.55 0
020404 23.062 10.0 20.55 0
020434 23.062 10.0 20.55 0
020505 23.062 10.0 20.55 0
020535 23.062 10.0 20.55 0
020606 23.062 10.0 20.55 0
020637 23.062 10.0 20.55 0
020707 23.062 10.0 20.55 0
020737 23.062 10.0 20.55 0
020808 23.062 10.0 20.55 0
020838 23.062 10.0 20.55 0
020908 23.062 10.0 20.55 0
020938 23.062 10.0 20.55 0
021008 23.062 10.0 20.55 0
021039 23.062 10.0 20.55 0
021109 23.062 10.0 20.55 0
021139 23.125 10.0 20.55 0
021210 23.125 10.0 20.55 0
021240 23.125 10.0 20.55 0
021310 23.125 10.0 20.55 0
021341 23.125 10.0 20.55 0
021411 23.062 10.0 20.55 0
021441 23.062 10.0 20.55 0
021511 23.062 10.0 20.55 0
021542 23.062 10.0 20.55 0
021613 23.062 10.0 20.55 0
021643 23.062 10.0 20.55 0
021714 23.062 10.0 20.55 0
021744 23.062 10.0 20.55 0
021814 23.062 10.0 20.55 0
021844 23.062 10.0 20.55 0
021915 23.062 10.0 20.55 0
021945 23.062 10.0 20.55 0
022015 23.062 10.0 20.55 0
022045 23.062 10.0 20.55 0
022116 23.062 10.0 20.55 0
022146 23.062 10.0 20.55 0
022216 23.062 10.0 20.55 0
022246 23.062 10.0 20.55 0
022316 23.062 10.0 20.55 0
022347 23.062 10.0 20.55 0
022417 23.062 10.0 20.55 0
022448 23.062 10.0 20.55 0
022518 23.062 10.0 20.55 0
022549 23.062 10.0 20.55 0
022620 23.062 10.0 20.55 0
022651 23.062 10.0 20.55 0
022722 23.062 10.0 20.55 0
022752 23.062 10.0 20.55 0
022822 23.062 10.0 20.55 0
022853 23.062 10.0 20.55 0
022924 23.062 10.0 20.55 0
022955 23.062 10.0 20.55 0
023026 23.062 10.0 20.55 0
023056 23.062 10.0 20.55 0
023126 23.062 10.0 20.55 0
023157 23.062 10.0 20.55 0
023227 23.062 10.0 20.55 0
023258 23.062 10.0 20.55 0
023328 23.062 10.0 20.55 0
023400 23.0 10.0 20.55 0
023431 23.0 10.0 20.55 0
023501 23.0 10.0 20.55 0
023531 23.0 10.0 20.55 0
023601 23.0 10.0 20.55 0
023632 23.0 10.0 20.55 0
023702 23.0 10.0 20.55 0
023733 23.0 10.0 20.55 0
023803 23.0 10.0 20.55 0
023833 23.0 10.0 20.55 0
023904 23.0 10.0 20.55 0
023934 23.0 10.0 20.55 0
024005 23.0 10.0 20.55 0
024035 23.0 10.0 20.55 0
024105 23.0 10.0 20.55 0
024136 23.0 10.0 20.55 0
024206 23.0 10.0 20.55 0
024236 23.0 10.0 20.55 0
024306 23.0 10.0 20.55 0
024337 23.0 10.0 20.55 0
024407 23.0 10.0 20.55 0
024437 23.0 10.0 20.55 0
024507 23.0 10.0 20.55 0
024538 23.0 10.0 20.55 0
024608 23.0 10.0 20.55 0
024638 23.0 10.0 20.55 0
024709 23.0 10.0 20.55 0
024740 23.0 10.0 20.55 0
024811 23.0 10.0 20.55 0
024841 23.0 10.0 20.55 0
024912 23.0 10.0 20.55 0
024942 23.0 10.0 20.55 0
025013 23.0 10.0 20.55 0
025044 23.0 10.0 20.55 0
025114 23.0 10.0 20.55 0
025144 23.0 10.0 20.55 0
025215 23.0 10.0 20.55 0
025245 23.0 10.0 20.55 0
025316 23.0 10.0 20.55 0
025346 23.0 10.0 20.55 0
025417 23.0 10.0 20.55 0
025447 23.0 10.0 20.55 0
025517 23.0 10.0 20.55 0
025547 23.0 10.0 20.55 0
025617 23.0 10.0 20.55 0
025648 23.0 10.0 20.55 0
025718 23.0 10.0 20.55 0
025749 23.0 10.0 20.55 0
025819 23.0 10.0 20.55 0
025850 23.0 10.0 20.55 0
025920 23.0 10.0 20.55 0
025951 23.0 10.0 20.55 0
030021 23.0 10.0 20.55 0
030052 23.0 10.0 20.55 0
030122 23.0 10.0 20.55 0
030152 23.0 10.0 20.55 0
030222 23.0 10.0 20.55 0
030252 23.0 10.0 20.55 0
030323 23.0 10.0 20.55 0
030354 23.0 10.0 20.55 0
030424 23.0 10.0 20.55 0
030455 23.0 10.0 20.55 0
030526 23.0 10.0 20.55 0
030557 23.0 10.0 20.55 0
030627 23.0 10.0 20.55 0
030657 23.0 10.0 20.55 0
030728 23.0 10.0 20.55 0
030758 23.0 10.0 20.55 0
030828 23.0 10.0 20.55 0
030858 23.0 10.0 20.55 0
030929 23.0 10.0 20.55 0
031000 23.0 10.0 20.55 0
031031 23.0 10.0 20.55 0
031101 23.0 10.0 20.55 0
031131 23.0 10.0 20.55 0
031202 23.0 10.0 20.55 0
031232 23.0 10.0 20.55 0
031302 23.0 10.0 20.55 0
031333 23.0 10.0 20.55 0
031405 23.0 10.0 20.55 0
031436 23.0 10.0 20.55 0
031506 23.0 10.0 20.55 0
031537 23.0 10.0 20.55 0
031607 23.0 10.0 20.55 0
031637 23.0 10.0 20.55 0
031708 23.0 10.0 20.55 0
031738 23.0 10.0 20.55 0
031809 23.0 10.0 20.55 0
031839 23.0 10.0 20.55 0
031909 23.0 10.0 20.55 0
031940 23.0 10.0 20.55 0
032010 23.0 10.0 20.55 0
032041 23.0 10.0 20.55 0
032111 23.0 10.0 20.55 0
032142 23.0 10.0 20.55 0
032212 23.0 10.0 20.55 0
032243 23.0 10.0 20.55 0
032313 23.0 10.0 20.55 0
032344 23.0 10.0 20.55 0
032414 23.0 10.0 20.55 0
032445 23.0 10.0 20.55 0
032516 23.0 10.0 20.55 0
032547 23.0 10.0 20.55 0
032617 23.0 10.0 20.55 0
032648 23.0 10.0 20.55 0
032718 23.0 10.0 20.55 0
032748 23.0 10.0 20.55 0
032819 23.0 10.0 20.55 0
032849 23.0 10.0 20.55 0
032919 23.0 10.0 20.55 0
032949 23.0 10.0 20.487 0
033019 23.0 10.0 20.55 0
033050 23.0 10.0 20.55 0
033120 23.0 10.0 20.55 0
033150 23.0 10.0 20.55 0
033221 23.0 10.0 20.55 0
033251 23.0 10.0 20.55 0
033322 23.0 10.0 20.55 0
033353 23.0 10.0 20.55 0
033424 22.937 10.0 20.55 0
033454 22.937 10.0 20.55 0
033524 22.937 10.0 20.55 0
033554 22.937 10.0 20.55 0
033625 22.937 10.0 20.55 0
033656 23.0 10.0 20.55 0
033726 23.0 10.0 20.55 0
033756 23.0 10.0 20.55 0
033827 23.0 10.0 20.55 0
033857 23.0 10.0 20.55 0
033928 23.0 10.0 20.55 0
033958 23.0 10.0 20.55 0
034028 23.0 10.0 20.55 0
034058 23.0 10.0 20.55 0
034129 23.0 10.0 20.55 0
034200 23.0 10.0 20.55 0
034230 23.0 10.0 20.55 0
034300 23.0 10.0 20.55 0
034331 23.0 10.0 20.55 0
034401 23.0 10.0 20.55 0
034432 22.937 10.0 20.55 0
034502 22.937 10.0 20.55 0
034532 22.937 10.0 20.55 0
034603 22.937 10.0 20.55 0
034633 22.937 10.0 20.55 0
034704 22.937 10.0 20.55 0
034734 22.937 10.0 20.55 0
034804 22.937 10.0 20.55 0
034835 22.937 10.0 20.55 0
034905 22.937 10.0 20.55 0
034936 23.0 10.0 20.55 0
035006 23.0 10.0 20.55 0
035037 23.0 10.0 20.55 0
035107 23.0 10.0 20.55 0
035140 22.937 10.0 20.55 0
035210 22.937 10.0 20.55 0
035241 22.937 10.0 20.55 0
035312 22.937 10.0 20.55 0
035342 22.937 10.0 20.55 0
035413 22.937 10.0 20.55 0
035443 22.937 10.0 20.55 0
035513 22.937 10.0 20.55 0
035544 22.937 10.0 20.55 0
035614 22.937 10.0 20.55 0
035645 22.937 10.0 20.55 0
035715 22.937 10.0 20.55 0
035745 22.937 10.0 20.55 0
035816 22.937 10.0 20.55 0
035846 22.937 10.0 20.55 0
035916 22.937 10.0 20.55 0
035947 22.937 10.0 20.55 0
040017 22.937 10.0 20.55 0
040047 22.937 10.0 20.55 0
040118 22.937 10.0 20.55 0
040148 22.937 10.0 20.55 0
040219 22.937 10.0 20.55 0
040250 22.937 10.0 20.55 0
040320 22.937 10.0 20.55 0
040351 22.937 10.0 20.55 0
040421 22.937 10.0 20.55 0
040452 22.937 10.0 20.55 0
040522 22.937 10.0 20.55 0
040552 22.937 10.0 20.55 0
040623 22.937 10.0 20.55 0
040654 22.937 10.0 20.55 0
040724 22.937 10.0 20.55 0
040754 22.937 10.0 20.55 0
040825 22.937 10.0 20.55 0
040855 22.937 10.0 20.55 0
040925 23.0 10.0 20.55 0
040956 23.0 10.0 20.55 0
041026 23.0 10.0 20.55 0
041056 23.0 10.0 20.55 0
041127 23.0 10.0 20.55 0
041157 23.0 10.0 20.55 0
041227 23.0 10.0 20.55 0
041258 23.0 10.0 20.55 0
041328 23.0 10.0 20.55 0
041359 23.0 10.0 20.55 0
041429 22.937 10.0 20.55 0
041459 22.937 10.0 20.55 0
041530 22.937 10.0 20.55 0
041600 22.937 10.0 20.55 0
041631 22.937 10.0 20.55 0
041701 23.0 10.0 20.55 0
041731 23.0 10.0 20.55 0
041802 23.0 10.0 20.55 0
041833 23.0 10.0 20.55 0
041903 23.0 10.0 20.55 0
041934 22.937 10.0 20.55 0
042005 22.937 10.0 20.55 0
042035 22.937 10.0 20.55 0
042105 22.937 10.0 20.55 0
042135 22.937 10.0 20.55 0
042206 22.937 10.0 20.55 0
042236 22.937 10.0 20.55 0
042306 22.937 10.0 20.55 0
042336 22.937 10.0 20.55 0
042407 22.937 10.0 20.55 0
042437 23.0 10.0 20.55 0
042508 23.0 10.0 20.55 0
042538 23.0 10.0 20.55 0
042609 23.0 10.0 20.55 0
042640 23.0 10.0 20.55 0
042710 23.0 10.0 20.55 0
042741 23.0 10.0 20.55 0
042812 23.0 10.0 20.55 0
042842 23.0 10.0 20.55 0
042915 22.937 10.0 20.55 0
042946 22.937 10.0 20.55 0
043017 22.937 10.0 20.55 0
043047 22.937 10.0 20.55 0
043118 22.937 10.0 20.55 0
043148 23.0 10.0 20.55 0
043218 23.0 10.0 20.55 0
043248 23.0 10.0 20.55 0
043319 23.0 10.0 20.55 0
043349 23.0 10.0 20.55 0
043419 22.937 10.0 20.55 0
043449 22.937 10.0 20.55 0
043519 22.937 10.0 20.55 0
043550 22.937 10.0 20.55 0
043621 22.937 10.0 20.55 0
043651 22.937 10.0 20.55 0
043721 22.937 10.0 20.55 0
043752 22.937 10.0 20.55 0
043822 22.937 10.0 20.55 0
043852 22.937 10.0 20.55 0
043923 22.937 10.0 20.55 0
043953 22.937 10.0 20.55 0
044024 22.937 10.0 20.55 0
044054 22.937 10.0 20.55 0
044124 22.937 10.0 20.55 0
044154 22.937 10.0 20.55 0
044224 22.937 10.0 20.55 0
044255 22.937 10.0 20.55 0
044325 22.937 10.0 20.55 0
044356 22.937 10.0 20.55 0
044426 22.937 10.0 20.55 0
044456 22.937 10.0 20.55 0
044527 22.937 10.0 20.55 0
044557 22.937 10.0 20.55 0
044627 22.937 10.0 20.55 0
044657 22.937 10.0 20.55 0
044727 22.937 10.0 20.55 0
044758 22.937 10.0 20.55 0
044829 22.937 10.0 20.55 0
044859 22.937 10.0 20.55 0
044929 22.937 10.0 20.55 0
045000 22.937 10.0 20.55 0
045030 22.937 10.0 20.55 0
045100 22.937 10.0 20.55 0
045130 22.937 10.0 20.55 0
045201 22.937 10.0 20.55 0
045231 22.937 10.0 20.55 0
045302 22.937 10.0 20.55 0
045332 22.937 10.0 20.55 0
045403 22.937 10.0 20.55 0
045433 22.937 10.0 20.55 0
045504 22.937 10.0 20.55 0
045535 22.937 10.0 20.55 0
045605 22.937 10.0 20.55 0
045635 22.937 10.0 20.55 0
045706 22.937 10.0 20.55 0
045736 22.937 10.0 20.55 0
045806 22.937 10.0 20.55 0
045837 22.937 10.0 20.55 0
045907 22.937 10.0 20.55 0
045937 22.875 10.0 20.55 0
050008 22.875 10.0 20.55 0
050039 22.875 10.0 20.55 0
050110 22.875 10.0 20.55 0
050140 22.875 10.0 20.55 0
050210 22.875 10.0 20.55 0
050241 22.875 10.0 20.55 0
050311 22.875 10.0 20.487 0
050341 22.875 10.0 20.55 0
050411 22.875 10.0 20.55 0
050441 22.875 10.0 20.487 0
050512 22.875 10.0 20.55 0
050542 22.875 10.0 20.55 0
050612 22.875 10.0 20.55 0
050643 22.875 10.0 20.55 0
050713 22.937 10.0 20.487 0
050744 22.937 10.0 20.55 0
050815 22.937 10.0 20.55 0
050845 22.937 10.0 20.55 0
050915 22.937 10.0 20.55 0
050946 22.875 10.0 20.55 0
051017 22.875 10.0 20.55 0
051048 22.875 10.0 20.55 0
051118 22.875 10.0 20.55 0
051150 22.875 10.0 20.55 0
051221 22.875 10.0 20.55 0
051252 22.875 10.0 20.55 0
051322 22.875 10.0 20.55 0
051352 22.875 10.0 20.55 0
051423 22.875 10.0 20.55 0
051453 22.875 10.0 20.55 0
051523 22.875 10.0 20.55 0
051553 22.875 10.0 20.55 0
051624 22.875 10.0 20.487 0
051654 22.875 10.0 20.55 0
051724 22.875 10.0 20.55 0
051754 22.875 10.0 20.55 0
051824 22.875 10.0 20.55 0
051855 22.875 10.0 20.55 0
051925 22.875 10.0 20.487 0
051955 22.875 10.0 20.55 0
052026 22.875 10.0 20.55 0
052056 22.875 10.0 20.55 0
052126 22.875 10.0 20.55 0
052156 22.875 10.0 20.55 0
052227 22.875 10.0 20.55 0
052257 22.875 10.0 20.55 0
052328 22.875 10.0 20.55 0
052358 22.875 10.0 20.55 0
052429 22.875 10.0 20.55 0
052459 22.875 10.0 20.55 0
052529 22.875 10.0 20.55 0
052600 22.875 10.0 20.55 0
052630 22.875 10.0 20.487 0
052701 22.875 10.0 20.55 0
052731 22.875 10.0 20.55 0
052801 22.875 10.0 20.55 0
052832 22.875 10.0 20.55 0
052902 22.875 10.0 20.55 0
052932 22.875 10.0 20.55 0
053002 22.875 10.0 20.55 0
053032 22.875 10.0 20.55 0
053103 22.875 10.0 20.55 0
053133 22.875 10.0 20.55 0
053203 22.875 10.0 20.487 0
053234 22.875 10.0 20.487 0
053304 22.875 10.0 20.55 0
053335 22.875 10.0 20.55 0
053405 22.875 10.0 20.55 0
053435 22.875 10.0 20.55 0
053505 22.875 10.0 20.55 0
053536 22.875 10.0 20.55 0
053606 22.875 10.0 20.55 0
053637 22.875 10.0 20.55 0
053708 22.875 10.0 20.55 0
053738 22.875 10.0 20.487 0
053808 22.875 10.0 20.55 0
053838 22.875 10.0 20.55 0
053909 22.875 10.0 20.487 0
053939 22.875 10.0 20.487 0
054009 22.875 10.0 20.55 0
054040 22.875 10.0 20.55 0
054111 22.875 10.0 20.487 0
054141 22.875 10.0 20.487 0
054211 22.812 10.0 20.55 0
054242 22.812 10.0 20.55 0
054312 22.812 10.0 20.55 0
054343 22.812 10.0 20.55 0
054414 22.812 10.0 20.55 0
054445 22.812 10.0 20.55 0
054515 22.812 10.0 20.55 0
054545 22.812 10.0 20.55 0
054616 22.812 10.0 20.55 0
054646 22.812 10.0 20.487 0
054716 22.812 10.0 20.487 0
054747 22.812 10.0 20.55 0
054817 22.812 10.0 20.55 0
054847 22.812 10.0 20.55 0
054917 22.812 10.0 20.55 0
054948 22.812 10.0 20.55 0
055018 22.812 10.0 20.55 0
055048 22.812 10.0 20.55 0
055119 22.812 10.0 20.55 0
055149 22.812 10.0 20.55 0
055219 22.812 10.0 20.55 0
055249 22.812 10.0 20.55 0
055320 22.812 10.0 20.55 0
055351 22.812 10.0 20.55 0
055421 22.812 10.0 20.55 0
055452 22.812 10.0 20.55 0
055522 22.812 10.0 20.55 0
055552 22.812 10.0 20.55 0
055623 22.812 10.0 20.55 0
055653 22.812 10.0 20.55 0
055723 22.812 10.0 20.55 0
055753 22.812 10.0 20.55 0
055824 22.812 10.0 20.55 0
055854 22.812 10.0 20.55 0
055926 22.812 10.0 20.487 0
055957 22.812 10.0 20.55 0
060027 22.812 10.0 20.55 0
060058 22.812 10.0 20.487 0
060128 22.812 10.0 20.55 0
060159 22.812 10.0 20.487 0
060229 22.812 10.0 20.55 0
060259 22.812 10.0 20.487 0
060329 22.812 10.0 20.487 0
060400 22.812 10.0 20.487 0
060430 22.812 10.0 20.487 0
060500 22.812 10.0 20.487 0
060531 22.812 10.0 20.487 0
060601 22.812 10.0 20.55 0
060632 22.812 10.0 20.55 0
060702 22.812 10.0 20.487 0
060732 22.812 10.0 20.487 0
060803 22.812 10.0 20.487 0
060833 22.812 10.0 20.55 0
060903 22.812 10.0 20.55 0
060934 22.812 10.0 20.487 0
061004 22.812 10.0 20.55 0
061035 22.812 10.0 20.487 0
061105 22.812 10.0 20.55 0
061135 22.812 10.0 20.487 0
061206 22.812 10.0 20.487 0
061236 22.812 10.0 20.55 0
061307 22.812 10.0 20.487 0
061338 22.812 10.0 20.55 0
061408 22.812 10.0 20.55 0
061439 22.875 10.0 20.487 0
061509 22.875 10.0 20.55 0
061540 22.875 10.0 20.487 0
061611 22.875 10.0 20.487 0
061641 22.875 10.0 20.55 0
061711 22.875 10.0 20.487 0
061742 22.875 10.0 20.487 0
061812 22.875 10.0 20.487 0
061843 22.875 10.0 20.487 0
061913 22.875 10.0 20.55 0
061944 22.875 10.0 20.487 0
062014 22.875 10.0 20.487 0
062044 22.875 10.0 20.55 0
062115 22.875 10.0 20.55 0
062145 22.875 10.0 20.487 0
062216 22.875 10.0 20.487 0
062246 22.875 10.0 20.487 0
062316 22.875 10.0 20.55 0
062347 22.875 10.0 20.487 0
062417 22.875 10.0 20.55 0
062448 22.875 10.0 20.55 0
062518 22.875 10.0 20.487 0
062548 22.875 10.0 20.487 0
062619 22.875 10.0 20.55 0
062649 22.875 10.0 20.55 0
062719 22.875 10.0 20.55 0
062750 22.875 10.0 20.487 0
062820 22.875 10.0 20.55 0
062850 22.875 10.0 20.487 0
062920 22.875 10.0 20.55 0
062950 22.875 10.0 20.487 0
063021 22.875 10.0 20.487 0
063051 22.875 10.0 20.487 0
063121 22.875 10.0 20.55 0
063152 22.875 10.0 20.487 0
063222 22.875 10.0 20.55 0
063252 22.875 10.0 20.55 0
063323 22.875 10.0 20.487 0
063354 22.875 10.0 20.55 0
063425 22.875 10.0 20.487 0
063455 22.875 10.0 20.487 0
063526 22.875 10.0 20.55 0
063556 22.875 10.0 20.487 0
063627 22.875 10.0 20.55 0
063657 22.875 10.0 20.487 0
063728 22.875 10.0 20.487 0
063758 22.875 10.0 20.487 0
063829 22.875 10.0 20.487 0
063859 22.875 10.0 20.487 0
063931 22.875 10.0 20.487 0
064002 22.875 10.0 20.487 0
064032 22.875 10.0 20.487 0
064102 22.875 10.0 20.55 0
064133 22.875 10.0 20.487 0
064203 22.937 10.0 20.487 0
064233 22.937 10.0 20.55 0
064303 22.937 10.0 20.55 0
064334 22.937 10.0 20.487 0
064404 22.937 10.0 20.487 0
064434 22.875 10.0 20.487 0
064505 22.875 10.0 20.487 0
064535 22.875 10.0 20.487 0
064606 22.875 10.0 20.487 0
064636 22.875 10.0 20.487 0
064706 22.875 10.0 20.487 0
064736 22.875 10.0 20.55 0
064806 22.875 10.0 20.55 0
064836 22.875 10.0 20.487 0
064907 22.875 10.0 20.487 0
064937 22.875 10.0 20.487 0
065007 22.875 10.0 20.487 0
065037 22.875 10.0 20.487 0
065108 22.875 10.0 20.487 0
065138 22.875 10.0 20.487 0
065209 22.875 10.0 20.487 0
065239 22.875 10.0 20.55 0
065309 22.875 10.0 20.487 0
065339 22.875 10.0 20.55 0
065410 22.875 10.0 20.487 0
065440 22.875 10.0 20.487 0
065510 22.875 10.0 20.487 0
065540 22.875 10.0 20.487 0
065610 22.875 10.0 20.487 0
065640 22.875 10.0 20.487 0
065711 22.875 10.0 20.487 0
065741 22.875 10.0 20.487 0
065812 22.875 10.0 20.487 0
065842 22.875 10.0 20.487 0
065912 22.875 10.0 20.487 0
065942 22.812 10.0 20.487 0
070013 22.812 10.0 20.487 0
070043 22.812 10.0 20.487 0
070114 22.812 10.0 20.487 0
070144 22.812 10.0 20.487 0
070214 22.875 10.0 20.487 0
070245 22.875 10.0 20.487 0
070315 22.875 10.0 20.487 0
070346 22.875 10.0 20.487 0
070416 22.875 10.0 20.487 0
070447 22.812 10.0 20.487 0
070517 22.812 10.0 20.487 0
070547 22.812 10.0 20.487 0
070617 22.812 10.0 20.487 0
070648 22.812 10.0 20.487 0
070719 22.812 10.0 20.487 0
070749 22.812 10.0 20.487 0
070820 22.812 10.0 20.487 0
070851 22.812 10.0 20.487 0
070921 22.812 10.0 20.487 0
070952 22.812 10.0 20.487 0
071022 22.812 10.0 20.487 0
071052 22.812 10.0 20.487 0
071122 22.812 10.0 20.487 0
071153 22.812 10.0 20.487 0
071223 22.812 10.0 20.487 0
071253 22.812 10.0 20.487 0
071323 22.812 10.0 20.487 0
071354 22.812 10.0 20.487 0
071425 22.812 10.0 20.487 0
071456 22.812 10.0 20.487 0
071526 22.812 10.0 20.487 0
071557 22.812 10.0 20.487 0
071627 22.812 10.0 20.487 0
071657 22.812 10.0 20.487 0
071728 22.812 10.0 20.487 0
071758 22.812 10.0 20.487 0
071828 22.812 10.0 20.487 0
071858 22.812 10.0 20.487 0
071929 22.812 10.0 20.487 0
071959 22.812 10.0 20.487 0
072029 22.812 10.0 20.487 0
072101 22.812 10.0 20.487 0
072131 22.812 10.0 20.487 0
072202 22.812 10.0 20.487 0
072232 22.812 10.0 20.487 0
072302 22.812 10.0 20.487 0
072333 22.812 10.0 20.487 0
072403 22.812 10.0 20.487 0
072434 22.812 10.0 20.487 0
072504 22.812 10.0 20.487 0
072534 22.812 10.0 20.487 0
072605 22.812 10.0 20.487 0
072636 22.812 10.0 20.487 0
072708 22.812 10.0 20.487 0
072739 22.812 10.0 20.55 0
072809 22.812 10.0 20.487 0
072839 22.812 10.0 20.487 0
072909 22.812 10.0 20.487 0
072940 22.812 10.0 20.487 0
073010 22.812 10.0 20.487 0
073041 22.812 10.0 20.487 0
073111 22.812 10.0 20.487 0
073141 22.812 10.0 20.487 0
073212 22.875 10.0 20.487 0
073243 22.875 10.0 20.487 0
073313 22.875 10.0 20.487 0
073343 22.875 10.0 20.487 0
073414 22.875 10.0 20.487 0
073445 22.875 10.0 20.487 0
073515 22.875 10.0 20.487 0
073545 22.875 10.0 20.487 0
073616 22.875 10.0 20.487 0
073646 22.875 10.0 20.487 0
073716 22.875 10.0 20.487 0
073747 22.875 10.0 20.487 0
073817 22.875 10.0 20.487 0
073848 22.875 10.0 20.487 0
073919 22.875 10.0 20.487 0
073950 22.812 10.0 20.487 0
074020 22.812 10.0 20.487 0
074051 22.812 10.0 20.487 0
074121 22.812 10.0 20.487 0
074151 22.812 10.0 20.487 0
074222 22.875 10.0 20.487 0
074253 22.875 10.0 20.487 0
074323 22.875 10.0 20.487 0
074353 22.875 10.0 20.487 0
074424 22.875 10.0 20.487 0
074454 22.875 10.0 20.487 0
074525 22.875 10.0 20.487 0
074556 22.875 10.0 20.487 0
074626 22.875 10.0 20.487 0
074657 22.875 10.0 20.487 0
074727 22.875 10.0 20.487 0
074758 22.875 10.0 20.487 0
074829 22.875 10.0 20.487 0
074900 22.875 10.0 20.487 0
074930 22.875 10.0 20.487 0
075001 22.875 10.0 20.487 0
075031 22.875 10.0 20.487 0
075102 22.875 10.0 20.487 0
075133 22.875 10.0 20.487 0
075203 22.875 10.0 20.487 0
075234 22.875 10.0 20.487 0
075304 22.875 10.0 20.487 0
075335 22.875 10.0 20.487 0
075405 22.875 10.0 20.487 0
075435 22.875 10.0 20.487 0
075506 22.875 10.0 20.487 0
075536 22.875 10.0 20.487 0
075606 22.875 10.0 20.487 0
075636 22.875 10.0 20.487 0
075706 22.875 10.0 20.487 0
075737 22.812 10.0 20.487 0
075807 22.812 10.0 20.487 0
075838 22.812 10.0 20.487 0
075908 22.812 10.0 20.487 0
075939 22.812 10.0 20.487 0
080009 22.812 10.0 20.487 0
080039 22.812 10.0 20.487 0
080109 22.812 10.0 20.487 0
080140 22.812 10.0 20.487 0
080213 22.812 10.0 20.487 0
080243 22.812 10.0 20.487 0
080314 22.812 10.0 20.487 0
080344 22.812 10.0 20.487 0
080415 22.812 10.0 20.487 0
080445 22.812 10.0 20.487 0
080515 22.812 10.0 20.487 0
080546 22.812 10.0 20.487 0
080616 22.812 10.0 20.487 0
080646 22.812 10.0 20.487 0
080716 22.812 10.0 20.487 0
080747 22.812 10.0 20.487 0
080817 22.812 10.0 20.487 0
080847 22.812 10.0 20.487 0
080918 22.812 10.0 20.487 0
080948 22.812 10.0 20.487 0
081018 22.812 10.0 20.487 0
081048 22.812 10.0 20.487 0
081119 22.812 10.0 20.487 0
081149 22.812 10.0 20.487 0
081220 22.812 10.0 20.487 0
081250 22.812 10.0 20.487 0
081320 22.812 10.0 20.487 0
081350 22.812 10.0 20.487 0
081420 22.812 10.0 20.487 0
081451 22.812 10.0 20.487 0
081521 22.812 10.0 20.487 0
081551 22.812 10.0 20.487 0
081622 22.812 10.0 20.487 0
081652 22.812 10.0 20.487 0
081722 22.812 10.0 20.487 0
081753 22.812 10.0 20.487 0
081823 22.812 10.0 20.487 0
081853 22.812 10.0 20.487 0
081924 22.812 10.0 20.487 0
081955 22.812 10.0 20.487 0
082025 22.812 10.0 20.487 0
082056 22.812 10.0 20.487 0
082126 22.812 10.0 20.487 0
082156 22.812 10.0 20.487 0
082226 22.812 10.0 20.487 0
082257 22.812 10.0 20.487 0
082327 22.812 10.0 20.487 0
082358 22.812 10.0 20.487 0
082428 22.812 10.0 20.487 0
082459 22.812 10.0 20.487 0
082529 22.812 10.0 20.487 0
082600 22.812 10.0 20.487 0
082631 22.812 10.0 20.487 0
082701 22.812 10.0 20.487 0
082731 22.812 10.0 20.487 0
082802 22.812 10.0 20.487 0
082832 22.812 10.0 20.487 0
082902 22.812 10.0 20.487 0
082932 22.812 10.0 20.487 0
083003 22.812 10.0 20.487 0
083033 22.812 10.0 20.487 0
083103 22.812 10.0 20.487 0
083134 22.812 10.0 20.487 0
083204 22.812 10.0 20.487 0
083234 22.812 10.0 20.487 0
083304 22.812 10.0 20.487 0
083335 22.812 10.0 20.487 0
083405 22.812 10.0 20.487 0
083436 22.812 10.0 20.487 0
083506 22.812 10.0 20.487 0
083536 22.812 10.0 20.487 0
083607 22.812 10.0 20.487 0
083637 22.812 10.0 20.487 0
083708 22.812 10.0 20.487 0
083738 22.812 10.0 20.487 0
083808 22.812 10.0 20.487 0
083839 22.812 10.0 20.487 0
083910 22.812 10.0 20.487 0
083940 22.812 10.0 20.487 0
084011 22.812 10.0 20.487 0
084042 22.812 10.0 20.487 0
084112 22.812 10.0 20.487 0
084142 22.812 10.0 20.487 0
084213 22.812 10.0 20.487 0
084243 22.812 10.0 20.487 0
084313 22.812 10.0 20.487 0
084343 22.812 10.0 20.487 0
084413 22.812 10.0 20.487 0
084444 22.812 10.0 20.487 0
084514 22.812 10.0 20.487 0
084545 22.812 10.0 20.487 0
084615 22.812 10.0 20.487 0
084646 22.812 10.0 20.487 0
084718 22.812 10.0 20.487 0
084748 22.812 10.0 20.487 0
084819 22.812 10.0 20.487 0
084849 22.812 10.0 20.487 0
084920 22.812 10.0 20.487 0
084950 22.875 10.0 20.487 0
085020 22.875 10.0 20.487 0
085050 22.875 10.0 20.487 0
085120 22.875 10.0 20.487 0
085151 22.875 10.0 20.487 0
085221 22.812 10.0 20.487 0
085251 22.812 10.0 20.487 0
085322 22.812 10.0 20.487 0
085352 22.812 10.0 20.487 0
085422 22.812 10.0 20.487 0
085453 22.875 10.0 20.487 0
085523 22.875 10.0 20.487 0
085554 22.875 10.0 20.487 0
085624 22.875 10.0 20.487 0
085654 22.875 10.0 20.487 0
085725 22.875 10.0 20.487 0
085755 22.875 10.0 20.487 0
085825 22.875 10.0 20.487 0
085855 22.875 10.0 20.487 0
085926 22.875 10.0 20.487 0
085956 22.875 10.0 20.487 0
090027 22.875 10.0 20.487 0
090057 22.875 10.0 20.487 0
090128 22.875 10.0 20.487 0
090158 22.875 10.0 20.487 0
090228 22.875 10.0 20.487 0
090259 22.875 10.0 20.487 0
090329 22.875 10.0 20.487 0
090400 22.875 10.0 20.487 0
090430 22.875 10.0 20.487 0
090501 22.875 10.0 20.487 0
090531 22.875 10.0 20.487 0
090602 22.875 10.0 20.487 0
090632 22.875 10.0 20.487 0
090703 22.875 10.0 20.487 0
090733 22.875 10.0 20.487 0
090804 22.875 10.0 20.487 0
090834 22.875 10.0 20.487 0
090905 22.875 10.0 20.487 0
090935 22.875 10.0 20.487 0
091005 22.812 10.0 20.487 0
091035 22.812 10.0 20.487 0
091106 22.812 10.0 20.487 0
091136 22.812 10.0 20.487 0
091206 22.812 10.0 20.487 0
091236 22.812 10.0 20.487 0
091306 22.812 10.0 20.487 0
091337 22.812 10.0 20.487 0
091407 22.812 10.0 20.487 0
091437 22.812 10.0 20.487 0
091508 22.875 10.0 20.487 0
091539 22.875 10.0 20.487 0
091610 22.875 10.0 20.487 0
091640 22.875 10.0 20.487 0
091710 22.875 10.0 20.487 0
091741 22.875 10.0 20.487 0
091812 22.875 10.0 20.487 0
091843 22.875 10.0 20.487 0
091913 22.875 10.0 20.487 0
091944 22.875 10.0 20.487 0
092015 22.875 10.0 20.487 0
092045 22.875 10.0 20.487 0
092115 22.875 10.0 20.487 0
092145 22.875 10.0 20.487 0
092215 22.875 10.0 20.487 0
092246 22.875 10.0 20.487 0
092316 22.875 10.0 20.487 0
092346 22.875 10.0 20.487 0
092417 22.875 10.0 20.487 0
092447 22.875 10.0 20.487 0
092517 22.875 10.0 20.487 0
092548 22.875 10.0 20.487 0
092618 22.875 10.0 20.487 0
092649 22.875 10.0 20.487 0
092719 22.875 10.0 20.487 0
092749 22.875 10.0 20.487 0
092820 22.875 10.0 20.487 0
092850 22.875 10.0 20.487 0
092921 22.875 10.0 20.487 0
092954 22.875 10.0 20.487 0
093024 22.875 10.0 20.487 0
093054 22.875 10.0 20.487 0
093125 22.875 10.0 20.487 0
093155 22.875 10.0 20.487 0
093225 22.812 10.0 20.487 0
093255 22.812 10.0 20.487 0
093326 22.812 10.0 20.487 0
093357 22.812 10.0 20.487 0
093427 22.812 10.0 20.487 0
093457 22.812 10.0 20.487 0
093527 22.812 10.0 20.487 0
093557 22.812 10.0 20.487 0
093627 22.812 10.0 20.487 0
093658 22.812 10.0 20.487 0
093728 22.812 10.0 20.487 0
093758 22.812 10.0 20.487 0
093829 22.812 10.0 20.487 0
093859 22.812 10.0 20.487 0
093929 22.812 10.0 20.487 0
094000 22.75 10.0 20.487 0
094031 22.75 10.0 20.487 0
094101 22.75 10.0 20.487 0
094131 22.75 10.0 20.487 0
094202 22.75 10.0 20.487 0
094232 22.75 10.0 20.487 0
094303 22.75 10.0 20.487 0
094333 22.75 10.0 20.487 0
094403 22.75 10.0 20.487 0
094434 22.75 10.0 20.487 0
094504 22.75 10.0 20.487 0
094535 22.75 10.0 20.487 0
094605 22.75 10.0 20.487 0
094635 22.75 10.0 20.487 0
094706 22.75 10.0 20.487 0
094736 22.75 10.0 20.487 0
094806 22.75 10.0 20.487 0
094836 22.75 10.0 20.487 0
094907 22.75 10.0 20.487 0
094937 22.75 10.0 20.487 0
095007 22.812 10.0 20.487 0
095038 22.812 10.0 20.487 0
095108 22.812 10.0 20.487 0
095139 22.812 10.0 20.487 0
095209 22.812 10.0 20.487 0
095239 22.812 10.0 20.487 0
095310 22.812 10.0 20.487 0
095340 22.812 10.0 20.487 0
095411 22.812 10.0 20.487 0
095441 22.812 10.0 20.487 0
095511 22.812 10.0 20.487 0
095541 22.812 10.0 20.487 0
095612 22.812 10.0 20.487 0
095642 22.812 10.0 20.487 0
095712 22.812 10.0 20.487 0
095743 22.812 10.0 20.487 0
095813 22.812 10.0 20.487 0
095844 22.812 10.0 20.487 0
095914 22.812 10.0 20.487 0
095945 22.812 10.0 20.487 0
100015 22.812 10.0 20.487 0
100046 22.812 10.0 20.487 0
100116 22.812 10.0 20.487 0
100146 22.812 10.0 20.487 0
100217 22.812 10.0 20.487 0
100248 22.812 10.0 20.487 0
100318 22.812 10.0 20.487 0
100349 22.812 10.0 20.487 0
100419 22.812 10.0 20.487 0
100449 22.812 10.0 20.487 0
100519 22.812 10.0 20.487 0
100550 22.812 10.0 20.487 0
100620 22.812 10.0 20.487 0
100650 22.812 10.0 20.487 0
100721 22.812 10.0 20.487 0
100751 22.812 10.0 20.487 0
100822 22.812 10.0 20.487 0
100852 22.812 10.0 20.487 0
100922 22.812 10.0 20.487 0
100953 22.812 10.0 20.487 0
101023 22.812 10.0 20.487 0
101053 22.812 10.0 20.487 0
101124 22.812 10.0 20.487 0
101154 22.812 10.0 20.487 0
101224 22.812 10.0 20.487 0
101254 22.75 10.0 20.487 0
101325 22.75 10.0 20.487 0
101356 22.75 10.0 20.487 0
101426 22.75 10.0 20.487 0
101457 22.75 10.0 20.487 0
101527 22.687 10.0 20.487 0
101558 22.687 10.0 20.487 0
101628 22.687 10.0 20.487 0
101659 22.687 10.0 20.487 0
101731 22.687 10.0 20.487 0
101801 22.687 10.0 20.487 0
101832 22.687 10.0 20.487 0
101902 22.687 10.0 20.487 0
101933 22.687 10.0 20.487 0
102003 22.75 10.0 20.487 0
102033 22.75 10.0 20.487 0
102104 22.75 10.0 20.487 0
102134 22.75 10.0 20.487 0
102204 22.75 10.0 20.487 0
102235 22.75 10.0 20.487 0
102305 22.75 10.0 20.487 0
102335 22.75 10.0 20.487 0
102406 22.75 10.0 20.487 0
102437 22.75 10.0 20.487 0
102507 22.812 10.0 20.487 0
102537 22.812 10.0 20.487 0
102608 22.812 10.0 20.487 0
102638 22.812 10.0 20.487 0
102708 22.812 10.0 20.487 0
102739 22.75 10.0 20.487 0
102809 22.75 10.0 20.487 0
102840 22.75 10.0 20.487 0
102910 22.75 10.0 20.487 0
102940 22.75 10.0 20.487 0
103010 22.75 10.0 20.487 0
103040 22.75 10.0 20.487 0
103111 22.75 10.0 20.487 0
103141 22.75 10.0 20.487 0
103211 22.75 10.0 20.487 0
103242 22.75 10.0 20.487 0
103312 22.75 10.0 20.487 0
103343 22.75 10.0 20.487 0
103413 22.75 10.0 20.487 0
103444 22.75 10.0 20.487 0
103515 22.687 10.0 20.487 0
103546 22.687 10.0 20.487 0
103616 22.687 10.0 20.487 0
103646 22.687 10.0 20.487 0
103717 22.687 10.0 20.487 0
103748 22.625 10.0 20.487 0
103819 22.625 10.0 20.487 0
103849 22.625 10.0 20.487 0
103920 22.625 10.0 20.487 0
103950 22.625 10.0 20.487 0
104021 22.625 10.0 20.487 0
104051 22.625 10.0 20.487 0
104121 22.625 10.0 20.487 0
104152 22.625 10.0 20.487 0
104222 22.625 10.0 20.487 0
104252 22.5 10.0 20.487 0
104322 22.5 10.0 20.487 0
104353 22.5 10.0 20.487 0
104423 22.5 10.0 20.487 0
104453 22.5 10.0 20.487 0
104524 22.5 10.0 20.487 0
104554 22.5 10.0 20.487 0
104625 22.5 10.0 20.487 0
104655 22.5 10.0 20.487 0
104725 22.5 10.0 20.487 0
104755 22.5 10.0 20.487 0
104826 22.5 10.0 20.487 0
104856 22.5 10.0 20.487 0
104927 22.5 10.0 20.487 0
104958 22.5 10.0 20.487 0
105028 22.5 10.0 20.487 0
105059 22.5 10.0 20.487 0
105129 22.5 10.0 20.487 0
105200 22.5 10.0 20.487 0
105230 22.5 10.0 20.487 0
105301 22.562 10.0 20.487 0
105331 22.562 10.0 20.487 0
105402 22.562 10.0 20.487 0
105432 22.562 10.0 20.487 0
105502 22.562 10.0 20.487 0
105533 22.5 10.0 20.487 0
105603 22.5 10.0 20.487 0
105634 22.5 10.0 20.487 0
105704 22.5 10.0 20.487 0
105734 22.5 10.0 20.487 0
105804 22.5 10.0 20.487 0
105835 22.5 10.0 20.487 0
105906 22.5 10.0 20.487 0
105936 22.5 10.0 20.487 0
110008 22.5 10.0 20.487 0
110039 22.5 10.0 20.487 0
110110 22.5 10.0 20.487 0
110140 22.5 10.0 20.487 0
110210 22.5 10.0 20.487 0
110240 22.562 10.0 20.487 0
110311 22.562 10.0 20.487 0
110342 22.562 10.0 20.487 0
110413 22.562 10.0 20.487 0
110443 22.562 10.0 20.487 0
110513 22.625 10.0 20.487 0
110544 22.625 10.0 20.487 0
110614 22.625 10.0 20.487 0
110644 22.625 10.0 20.487 0
110714 22.625 10.0 20.487 0
110745 22.562 10.0 20.487 0
110815 22.562 10.0 20.487 0
110845 22.562 10.0 20.487 0
110916 22.562 10.0 20.487 0
110946 22.562 10.0 20.487 0
111016 22.562 10.0 20.487 0
111047 22.562 10.0 20.487 0
111117 22.562 10.0 20.487 0
111148 22.562 10.0 20.487 0
111218 22.562 10.0 20.487 0
111248 22.562 10.0 20.487 0
111319 22.562 10.0 20.487 0
111349 22.562 10.0 20.487 0
111419 22.562 10.0 20.487 0
111450 22.562 10.0 20.487 0
111520 22.562 10.0 20.487 0
111550 22.562 10.0 20.487 0
111620 22.562 10.0 20.487 0
111650 22.562 10.0 20.487 0
111720 22.562 10.0 20.487 0
111751 22.562 10.0 20.487 0
111821 22.562 10.0 20.487 0
111852 22.562 10.0 20.487 0
111922 22.562 10.0 20.487 0
111952 22.562 10.0 20.487 0
112022 22.625 10.0 20.487 0
112052 22.625 10.0 20.487 0
112123 22.625 10.0 20.487 0
112153 22.625 10.0 20.487 0
112223 22.625 10.0 20.487 0
112254 22.625 10.0 20.487 0
112325 22.625 10.0 20.487 0
112355 22.625 10.0 20.487 0
112426 22.625 10.0 20.487 0
112456 22.625 10.0 20.487 0
112527 22.625 10.0 20.487 0
112558 22.625 10.0 20.487 0
112628 22.625 10.0 20.487 0
112659 22.625 10.0 20.487 0
112729 22.625 10.0 20.487 0
112759 22.625 10.0 20.487 0
112829 22.625 10.0 20.487 0
112900 22.625 10.0 20.487 0
112930 22.625 10.0 20.487 0
113000 22.625 10.0 20.487 0
113031 22.562 10.0 20.487 0
113101 22.562 10.0 20.487 0
113132 22.562 10.0 20.487 0
113202 22.562 10.0 20.487 0
113233 22.562 10.0 20.487 0
113303 22.562 10.0 20.487 0
113333 22.562 10.0 20.487 0
113404 22.562 10.0 20.487 0
113434 22.562 10.0 20.487 0
113504 22.562 10.0 20.487 0
113535 22.562 10.0 20.487 0
113605 22.562 10.0 20.487 0
113635 22.562 10.0 20.487 0
113705 22.562 10.0 20.487 0
113736 22.562 10.0 20.487 0
113806 22.562 10.0 20.487 0
113836 22.562 10.0 20.487 0
113906 22.562 10.0 20.487 0
113937 22.562 10.0 20.487 0
114008 22.562 10.0 20.487 0
114038 22.562 10.0 20.487 0
114109 22.562 10.0 20.487 0
114139 22.562 10.0 20.487 0
114210 22.562 10.0 20.487 0
114240 22.562 10.0 20.487 0
114310 22.562 10.0 20.487 0
114340 22.562 10.0 20.487 0
114411 22.562 10.0 20.487 0
114441 22.562 10.0 20.487 0
114513 22.562 10.0 20.487 0
114544 22.562 10.0 20.487 0
114615 22.562 10.0 20.487 0
114645 22.562 10.0 20.487 0
114715 22.562 10.0 20.487 0
114746 22.562 10.0 20.487 0
114816 22.562 10.0 20.487 0
114846 22.562 10.0 20.487 0
114917 22.562 10.0 20.487 0
114947 22.562 10.0 20.487 0
115017 22.562 10.0 20.487 0
115048 22.562 10.0 20.487 0
115118 22.562 10.0 20.487 0
115148 22.562 10.0 20.487 0
115218 22.562 10.0 20.487 0
115248 22.562 10.0 20.487 0
115318 22.562 10.0 20.487 0
115349 22.562 10.0 20.487 0
115419 22.562 10.0 20.487 0
115449 22.562 10.0 20.487 0
115520 22.562 10.0 20.487 0
115550 22.562 10.0 20.487 0
115620 22.562 10.0 20.487 0
115650 22.562 10.0 20.487 0
115721 22.562 10.0 20.487 0
115751 22.562 10.0 20.487 0
115822 22.562 10.0 20.487 0
115852 22.562 10.0 20.487 0
115923 22.562 10.0 20.487 0
115953 22.562 10.0 20.487 0
120023 22.562 10.0 20.487 0
120054 22.562 10.0 20.487 0
120124 22.562 10.0 20.487 0
120155 22.562 10.0 20.487 0
120225 22.562 10.0 20.487 0
120255 22.625 10.0 20.487 0
120326 22.625 10.0 20.487 0
120357 22.625 10.0 20.487 0
120427 22.625 10.0 20.487 0
120458 22.625 10.0 20.487 0
120528 22.625 10.0 20.487 0
120559 22.625 10.0 20.487 0
120629 22.625 10.0 20.487 0
120659 22.625 10.0 20.487 0
120729 22.625 10.0 20.487 0
120759 22.562 10.0 20.487 0
120830 22.562 10.0 20.487 0
120900 22.562 10.0 20.487 0
120930 22.562 10.0 20.487 0
121001 22.562 10.0 20.487 0
121031 22.625 10.0 20.487 0
121101 22.625 10.0 20.487 0
121132 22.625 10.0 20.487 0
121202 22.625 10.0 20.487 0
121233 22.625 10.0 20.487 0
121303 22.625 10.0 20.487 0
121333 22.625 10.0 20.487 0
121403 22.625 10.0 20.487 0
121433 22.625 10.0 20.487 0
121504 22.625 10.0 20.487 0
121534 22.625 10.0 20.487 0
121605 22.625 10.0 20.487 0
121636 22.625 10.0 20.487 0
121707 22.625 10.0 20.487 0
121737 22.625 10.0 20.487 0
121807 22.625 10.0 20.487 0
121838 22.625 10.0 20.487 0
121908 22.625 10.0 20.487 0
121939 22.625 10.0 20.487 0
122010 22.625 10.0 20.487 0
122040 22.625 10.0 20.487 0
122110 22.625 10.0 20.487 0
122141 22.625 10.0 20.487 0
122211 22.625 10.0 20.487 0
122242 22.625 10.0 20.487 0
122312 22.562 10.0 20.487 0
122342 22.562 10.0 20.487 0
122413 22.562 10.0 20.487 0
122443 22.562 10.0 20.487 0
122514 22.562 10.0 20.487 0
122544 22.562 10.0 20.487 0
122615 22.562 10.0 20.487 0
122645 22.562 10.0 20.487 0
122715 22.562 10.0 20.487 0
122745 22.562 10.0 20.487 0
122816 22.625 10.0 20.487 0
122846 22.625 10.0 20.487 0
122917 22.625 10.0 20.487 0
122948 22.625 10.0 20.487 0
123020 22.625 10.0 20.487 0
123051 22.625 10.0 20.487 0
123121 22.625 10.0 20.487 0
123151 22.625 10.0 20.487 0
123221 22.625 10.0 20.487 0
123252 22.687 10.0 20.487 0
123322 22.687 10.0 20.487 0
123352 22.687 10.0 20.487 0
123422 22.687 10.0 20.487 0
123453 22.687 10.0 20.487 0
123523 22.687 10.0 20.487 0
123554 22.687 10.0 20.487 0
123624 22.687 10.0 20.487 0
123655 22.687 10.0 20.487 0
123725 22.687 10.0 20.487 0
123755 22.687 10.0 20.487 0
123825 22.687 10.0 20.487 0
123856 22.687 10.0 20.487 0
123927 22.687 10.0 20.487 0
123957 22.687 10.0 20.487 0
124027 22.687 10.0 20.487 0
124058 22.687 10.0 20.487 0
124128 22.687 10.0 20.487 0
124158 22.687 10.0 20.487 0
124228 22.687 10.0 20.487 0
124259 22.75 10.0 20.487 0
124330 22.75 10.0 20.487 0
124400 22.75 10.0 20.487 0
124430 22.75 10.0 20.487 0
124501 22.75 10.0 20.487 0
124531 22.75 10.0 20.487 0
124602 22.75 10.0 20.487 0
124632 22.75 10.0 20.487 0
124703 22.75 10.0 20.487 0
124733 22.75 10.0 20.487 0
124803 22.75 10.0 20.487 0
124833 22.75 10.0 20.487 0
124904 22.75 10.0 20.487 0
124934 22.75 10.0 20.487 0
125005 22.75 10.0 20.487 0
125035 22.687 10.0 20.487 0
125106 22.687 10.0 20.487 0
125136 22.687 10.0 20.487 0
125207 22.687 10.0 20.487 0
125237 22.687 10.0 20.487 0
125307 22.687 10.0 20.487 0
125338 22.687 10.0 20.487 0
125408 22.687 10.0 20.487 0
125438 22.687 10.0 20.487 0
125509 22.687 10.0 20.487 0
125540 22.687 10.0 20.487 0
125610 22.687 10.0 20.487 0
125640 22.687 10.0 20.487 0
125710 22.687 10.0 20.487 0
125740 22.687 10.0 20.487 0
125811 22.625 10.0 20.487 0
125842 22.625 10.0 20.487 0
125912 22.625 10.0 20.487 0
125942 22.625 10.0 20.487 0
130013 22.625 10.0 20.487 0
130043 22.625 10.0 20.487 0
130114 22.625 10.0 20.487 0
130144 22.625 10.0 20.487 0
130214 22.625 10.0 20.487 0
130245 22.625 10.0 20.487 0
130315 22.562 10.0 20.487 0
130346 22.562 10.0 20.487 0
130416 22.562 10.0 20.487 0
130447 22.562 10.0 20.487 0
130517 22.562 10.0 20.487 0
130547 22.562 10.0 20.487 0
130618 22.562 10.0 20.487 0
130649 22.562 10.0 20.487 0
130719 22.562 10.0 20.487 0
130750 22.562 10.0 20.487 0
130820 22.562 10.0 20.487 0
130851 22.562 10.0 20.487 0
130921 22.562 10.0 20.487 0
130951 22.562 10.0 20.487 0
131021 22.562 10.0 20.487 0
131051 22.562 10.0 20.487 0
131122 22.562 10.0 20.487 0
131153 22.562 10.0 20.487 0
131223 22.562 10.0 20.487 0
131256 22.5 10.0 20.487 0
131327 22.5 10.0 20.487 0
131357 22.5 10.0 20.487 0
131428 22.5 10.0 20.487 0
131459 22.5 10.0 20.487 0
131529 22.5 10.0 20.487 0
131559 22.5 10.0 20.487 0
131630 22.5 10.0 20.487 0
131701 22.5 10.0 20.487 0
131731 22.5 10.0 20.487 0
131801 22.5 10.0 20.487 0
131831 22.5 10.0 20.487 0
131901 22.5 10.0 20.487 0
131932 22.5 10.0 20.487 0
132002 22.5 10.0 20.487 0
132032 22.5 10.0 20.487 0
132102 22.5 10.0 20.487 0
132133 22.5 10.0 20.487 0
132203 22.5 10.0 20.487 0
132233 22.5 10.0 20.487 0
132303 22.5 10.0 20.487 0
132334 22.5 10.0 20.487 0
132404 22.5 10.0 20.487 0
132435 22.5 10.0 20.487 0
132505 22.5 10.0 20.487 0
132535 22.5 10.0 20.487 0
132605 22.5 10.0 20.487 0
132635 22.5 10.0 20.487 0
132706 22.5 10.0 20.487 0
132737 22.5 10.0 20.487 0
132807 22.5 10.0 20.487 0
132837 22.5 10.0 20.487 0
132908 22.5 10.0 20.487 0
132938 22.5 10.0 20.487 0
133008 22.5 10.0 20.487 0
133039 22.562 10.0 20.487 0
133109 22.562 10.0 20.487 0
133139 22.562 10.0 20.487 0
133210 22.562 10.0 20.487 0
133241 22.562 10.0 20.487 0
133311 22.562 10.0 20.487 0
133341 22.562 10.0 20.487 0
133411 22.562 10.0 20.487 0
133442 22.562 10.0 20.487 0
133512 22.562 10.0 20.487 0
133543 22.625 10.0 20.487 0
133613 22.625 10.0 20.487 0
133644 22.625 10.0 20.487 0
133714 22.625 10.0 20.487 0
133744 22.625 10.0 20.487 0
133815 22.625 10.0 20.487 0
133845 22.625 10.0 20.487 0
133915 22.625 10.0 20.487 0
133945 22.625 10.0 20.487 0
134016 22.625 10.0 20.487 0
134047 22.625 10.0 20.487 0
134117 22.625 10.0 20.487 0
134147 22.625 10.0 20.487 0
134218 22.625 10.0 20.487 0
134248 22.625 10.0 20.487 0
134319 22.625 10.0 20.487 0
134349 22.625 10.0 20.487 0
134419 22.625 10.0 20.487 0
134450 22.625 10.0 20.487 0
134521 22.625 10.0 20.487 0
134551 22.687 10.0 20.487 0
134621 22.687 10.0 20.487 0
134651 22.687 10.0 20.487 0
134722 22.687 10.0 20.487 0
134752 22.687 10.0 20.487 0
134823 22.687 10.0 20.487 0
134853 22.687 10.0 20.487 0
134924 22.687 10.0 20.487 0
134955 22.687 10.0 20.487 0
135025 22.687 10.0 20.487 0
135055 22.687 10.0 20.487 0
135126 22.687 10.0 20.487 0
135156 22.687 10.0 20.487 0
135226 22.687 10.0 20.487 0
135257 22.687 10.0 20.487 0
135327 22.687 10.0 20.487 0
135357 22.687 10.0 20.487 0
135427 22.687 10.0 20.487 0
135458 22.687 10.0 20.487 0
135528 22.687 10.0 20.487 0
135558 22.687 10.0 20.487 0
135629 22.687 10.0 20.487 0
135659 22.687 10.0 20.487 0
135730 22.687 10.0 20.487 0
135802 22.687 10.0 20.487 0
135833 22.687 10.0 20.487 0
135903 22.687 10.0 20.487 0
135933 22.687 10.0 20.487 0
140003 22.687 10.0 20.487 0
140034 22.75 10.0 20.487 0
140104 22.75 10.0 20.487 0
140134 22.75 10.0 20.487 0
140204 22.75 10.0 20.487 0
140235 22.75 10.0 20.487 0
140306 22.75 10.0 20.487 0
140336 22.75 10.0 20.487 0
140407 22.75 10.0 20.487 0
140437 22.75 10.0 20.487 0
140507 22.75 10.0 20.487 0
140537 22.687 10.0 20.487 0
140607 22.687 10.0 20.487 0
140638 22.687 10.0 20.487 0
140708 22.687 10.0 20.487 0
140739 22.687 10.0 20.487 0
140809 22.687 10.0 20.487 0
140840 22.687 10.0 20.487 0
140911 22.687 10.0 20.487 0
140941 22.687 10.0 20.487 0
141012 22.687 10.0 20.487 0
141042 22.687 10.0 20.487 0
141112 22.687 10.0 20.487 0
141144 22.687 10.0 20.487 0
141214 22.687 10.0 20.487 0
141244 22.687 10.0 20.487 0
141315 22.75 10.0 20.487 0
141345 22.75 10.0 20.487 0
141415 22.75 10.0 20.487 0
141445 22.75 10.0 20.487 0
141516 22.75 10.0 20.487 0
141547 22.75 10.0 20.487 0
141617 22.75 10.0 20.487 0
141647 22.75 10.0 20.487 0
141718 22.75 10.0 20.487 0
141748 22.75 10.0 20.487 0
141818 22.812 10.0 20.487 0
141849 22.812 10.0 20.487 0
141919 22.812 10.0 20.487 0
141949 22.812 10.0 20.487 0
142020 22.812 10.0 20.487 0
142050 22.875 10.0 20.487 0
142120 22.875 10.0 20.487 0
142150 22.875 10.0 20.487 0
142220 22.875 10.0 20.487 0
142251 22.875 10.0 20.487 0
142322 22.875 10.0 20.487 0
142353 22.875 10.0 20.487 0
142423 22.875 10.0 20.487 0
142453 22.875 10.0 20.487 0
142523 22.875 10.0 20.487 0
142553 22.875 10.0 20.487 0
142624 22.875 10.0 20.487 0
142655 22.875 10.0 20.487 0
142725 22.875 10.0 20.487 0
142755 22.875 10.0 20.487 0
142826 22.875 10.0 20.487 0
142856 22.875 10.0 20.487 0
142926 22.875 10.0 20.487 0
142956 22.875 10.0 20.487 0
143027 22.875 10.0 20.487 0
143057 22.875 10.0 20.487 0
143128 22.875 10.0 20.487 0
143159 22.875 10.0 20.487 0
143229 22.875 10.0 20.487 0
143300 22.875 10.0 20.487 0
143330 22.937 10.0 20.487 0
143400 22.937 10.0 20.487 0
143431 22.937 10.0 20.487 0
143501 22.937 10.0 20.487 0
143532 22.937 10.0 20.487 0
143602 22.875 10.0 20.487 0
143632 22.875 10.0 20.487 0
143703 22.875 10.0 20.487 0
143733 22.875 10.0 20.487 0
143803 22.875 10.0 20.487 0
143834 22.875 10.0 20.487 0
143904 22.875 10.0 20.487 0
143934 22.875 10.0 20.487 0
144004 22.875 10.0 20.487 0
144035 22.875 10.0 20.487 0
144105 22.875 10.0 20.487 0
144135 22.875 10.0 20.487 0
144205 22.875 10.0 20.487 0
144235 22.875 10.0 20.487 0
144306 22.875 10.0 20.487 0
144336 22.812 10.0 20.487 0
144406 22.812 10.0 20.487 0
144437 22.812 10.0 20.487 0
144507 22.812 10.0 20.487 0
144540 22.75 10.0 20.487 0
144610 22.75 10.0 20.487 0
144640 22.75 10.0 20.487 0
144711 22.75 10.0 20.487 0
144741 22.75 10.0 20.487 0
144812 22.812 10.0 20.487 0
144842 22.812 10.0 20.487 0
144912 22.812 10.0 20.487 0
144942 22.812 10.0 20.487 0
145013 22.812 10.0 20.487 0
145043 22.812 10.0 20.487 0
145114 22.812 10.0 20.487 0
145144 22.812 10.0 20.487 0
145215 22.812 10.0 20.487 0
145245 22.812 10.0 20.487 0
145316 22.875 10.0 20.487 0
145347 22.875 10.0 20.487 0
145417 22.875 10.0 20.487 0
145448 22.875 10.0 20.487 0
145518 22.875 10.0 20.487 0
145549 22.875 10.0 20.487 0
145619 22.875 10.0 20.487 0
145649 22.875 10.0 20.487 0
145719 22.875 10.0 20.487 0
145749 22.875 10.0 20.487 0
145820 22.812 10.0 20.487 0
145850 22.812 10.0 20.487 0
145921 22.812 10.0 20.487 0
145951 22.812 10.0 20.487 0
150021 22.812 10.0 20.487 0
150052 22.75 10.0 20.487 0
150122 22.75 10.0 20.487 0
150153 22.75 10.0 20.487 0
150223 22.75 10.0 20.487 0
150253 22.75 10.0 20.487 0
150324 22.75 10.0 20.487 0
150354 22.75 10.0 20.487 0
150424 22.75 10.0 20.487 0
150455 22.75 10.0 20.487 0
150525 22.75 10.0 20.487 0
150555 22.812 10.0 20.487 0
150625 22.812 10.0 20.487 0
150656 22.812 10.0 20.487 0
150726 22.812 10.0 20.487 0
150757 22.812 10.0 20.487 0
150827 22.875 10.0 20.487 0
150857 22.875 10.0 20.487 0
150927 22.875 10.0 20.487 0
150957 22.875 10.0 20.487 0
151028 22.875 10.0 20.487 0
151058 22.875 10.0 20.487 0
151128 22.875 10.0 20.487 0
151159 22.875 10.0 20.487 0
151229 22.875 10.0 20.487 0
151300 22.875 10.0 20.487 0
151330 22.812 10.0 20.487 0
151400 22.812 10.0 20.487 0
151431 22.812 10.0 20.487 0
151501 22.812 10.0 20.487 0
151532 22.812 10.0 20.487 0
151602 22.812 10.0 20.487 0
151632 22.812 10.0 20.487 0
151702 22.812 10.0 20.487 0
151733 22.812 10.0 20.487 0
151803 22.812 10.0 20.487 0
151833 22.812 10.0 20.487 0
151904 22.812 10.0 20.487 0
151935 22.812 10.0 20.487 0
152005 22.812 10.0 20.487 0
152035 22.812 10.0 20.487 0
152105 22.812 10.0 20.487 0
152136 22.812 10.0 20.487 0
152206 22.812 10.0 20.487 0
152236 22.812 10.0 20.487 0
152307 22.812 10.0 20.487 0
152337 22.875 10.0 20.487 0
152407 22.875 10.0 20.487 0
152437 22.875 10.0 20.487 0
152508 22.875 10.0 20.487 0
152538 22.875 10.0 20.487 0
152608 22.875 10.0 20.487 0
152639 22.875 10.0 20.487 0
152709 22.875 10.0 20.487 0
152740 22.875 10.0 20.487 0
152810 22.875 10.0 20.487 0
152840 22.875 10.0 20.487 0
152911 22.875 10.0 20.487 0
152941 22.875 10.0 20.487 0
153012 22.875 10.0 20.487 0
153042 22.875 10.0 20.487 0
153113 22.875 10.0 20.487 0
153143 22.875 10.0 20.487 0
153213 22.875 10.0 20.487 0
153244 22.875 10.0 20.487 0
153316 22.937 10.0 20.487 0
153347 22.937 10.0 20.487 0
153417 22.937 10.0 20.487 0
153447 22.937 10.0 20.487 0
153518 22.937 10.0 20.487 0
153548 22.875 10.0 20.487 0
153619 22.875 10.0 20.487 0
153650 22.875 10.0 20.487 0
153721 22.875 10.0 20.487 0
153751 22.875 10.0 20.487 0
153822 23.0 10.0 20.487 0
153852 23.0 10.0 20.487 0
153923 23.0 10.0 20.487 0
153954 23.0 10.0 20.487 0
154025 23.0 10.0 20.487 0
154055 23.062 10.0 20.487 0
154125 23.062 10.0 20.487 0
154156 23.062 10.0 20.487 0
154226 23.062 10.0 20.487 0
154256 23.062 10.0 20.487 0
154326 23.062 10.0 20.487 0
154356 23.062 10.0 20.487 0
154427 23.062 10.0 20.487 0
154457 23.062 10.0 20.487 0
154528 23.062 10.0 20.487 0
154558 23.187 10.0 20.487 0
154629 23.187 10.0 20.487 0
154700 23.187 10.0 20.487 0
154730 23.187 10.0 20.487 0
154800 23.187 10.0 20.487 0
154830 23.187 10.0 20.487 0
154901 23.187 10.0 20.487 0
154932 23.187 10.0 20.487 0
155002 23.187 10.0 20.487 0
155032 23.187 10.0 20.487 0
155102 23.125 10.0 20.487 0
155132 23.125 10.0 20.487 0
155202 23.125 10.0 20.487 0
155233 23.125 10.0 20.487 0
155304 23.125 10.0 20.487 0
155334 23.25 10.0 20.487 0
155404 23.25 10.0 20.487 0
155435 23.25 10.0 20.487 0
155505 23.25 10.0 20.487 0
155536 23.25 10.0 20.487 0
155606 23.25 10.0 20.487 0
155637 23.25 10.0 20.487 0
155707 23.25 10.0 20.487 0
155737 23.25 10.0 20.487 0
155807 23.25 10.0 20.487 0
155838 23.312 10.0 20.487 0
155908 23.312 10.0 20.487 0
155938 23.312 10.0 20.487 0
160008 23.312 10.0 20.487 0
160038 23.312 10.0 20.487 0
160109 23.375 10.0 20.487 0
160139 23.375 10.0 20.487 0
160210 23.375 10.0 20.487 0
160240 23.375 10.0 20.487 0
160310 23.375 10.0 20.487 0
160340 23.312 10.0 20.487 0
160410 23.312 10.0 20.487 0
160440 23.312 10.0 20.487 0
160510 23.312 10.0 20.487 0
160541 23.312 10.0 20.487 0
160611 23.187 10.0 20.487 0
160641 23.187 10.0 20.487 0
160712 23.187 10.0 20.487 0
160742 23.187 10.0 20.487 0
160812 23.187 10.0 20.487 0
160843 23.25 10.0 20.487 0
160914 23.25 10.0 20.487 0
160945 23.25 10.0 20.487 0
161015 23.25 10.0 20.487 0
161045 23.25 10.0 20.487 0
161116 23.25 10.0 20.487 0
161146 23.25 10.0 20.487 0
161217 23.25 10.0 20.487 0
161247 23.25 10.0 20.487 0
161317 23.25 10.0 20.487 0
161348 23.25 10.0 20.487 0
161418 23.25 10.0 20.487 0
161449 23.25 10.0 20.487 0
161519 23.25 10.0 20.487 0
161552 23.312 10.0 20.487 0
161623 23.312 10.0 20.487 0
161654 23.312 10.0 20.487 0
161726 23.312 10.0 20.487 0
161756 23.312 10.0 20.487 0
161826 23.375 10.0 20.487 0
161856 23.375 10.0 20.487 0
161926 23.375 10.0 20.487 0
161956 23.375 10.0 20.487 0
162027 23.375 10.0 20.487 0
162057 23.5 10.0 20.487 0
162127 23.5 10.0 20.487 0
162158 23.5 10.0 20.487 0
162228 23.5 10.0 20.487 0
162258 23.5 10.0 20.487 0
162329 23.625 10.0 20.487 0
162359 23.625 10.0 20.487 0
162429 23.625 10.0 20.487 0
162459 23.625 10.0 20.487 0
162530 23.625 10.0 20.487 0
162600 23.687 10.0 20.487 0
162630 23.687 10.0 20.487 0
162701 23.687 10.0 20.487 0
162731 23.687 10.0 20.487 0
162801 23.687 10.0 20.487 0
162831 23.687 10.0 20.487 0
162902 23.687 10.0 20.487 0
162932 23.687 10.0 20.487 0
163002 23.687 10.0 20.487 0
163032 23.687 10.0 20.487 0
163102 23.687 10.0 20.487 0
163133 23.687 10.0 20.487 0
163203 23.687 10.0 20.487 0
163233 23.687 10.0 20.487 0
163304 23.687 10.0 20.487 0
163334 23.75 10.0 20.487 0
163404 23.75 10.0 20.487 0
163435 23.75 10.0 20.487 0
163506 23.75 10.0 20.487 0
163536 23.75 10.0 20.487 0
163606 23.812 10.0 20.487 0
163637 23.812 10.0 20.487 0
163707 23.812 10.0 20.487 0
163738 23.812 10.0 20.487 0
163808 23.812 10.0 20.487 0
163838 23.812 10.0 20.487 0
163908 23.812 10.0 20.487 0
163938 23.812 10.0 20.487 0
164009 23.812 10.0 20.487 0
164039 23.812 10.0 20.487 0
164110 23.75 10.0 20.487 0
164140 23.75 10.0 20.487 0
164210 23.75 10.0 20.487 0
164241 23.75 10.0 20.487 0
164312 23.75 10.0 20.487 0
164342 23.687 10.0 20.487 0
164413 23.687 10.0 20.487 0
164443 23.687 10.0 20.487 0
164514 23.687 10.0 20.487 0
164544 23.687 10.0 20.487 0
164614 23.687 10.0 20.487 0
164644 23.687 10.0 20.487 0
164715 23.687 10.0 20.487 0
164746 23.687 10.0 20.487 0
164816 23.687 10.0 20.487 0
164846 23.625 10.0 20.487 0
164917 23.625 10.0 20.487 0
164947 23.625 10.0 20.487 0
165017 23.625 10.0 20.487 0
165048 23.625 10.0 20.487 0
165118 23.625 10.0 20.487 0
165148 23.625 10.0 20.487 0
165219 23.625 10.0 20.487 0
165249 23.625 10.0 20.487 0
165320 23.625 10.0 20.487 0
165350 23.625 10.0 20.487 0
165420 23.625 10.0 20.487 0
165451 23.625 10.0 20.487 0
165521 23.625 10.0 20.487 0
165552 23.625 10.0 20.487 0
165622 23.625 10.0 20.487 0
165653 23.625 10.0 20.487 0
165723 23.625 10.0 20.487 0
165753 23.625 10.0 20.487 0
165824 23.625 10.0 20.487 0
165854 23.687 10.0 20.487 0
165925 23.687 10.0 20.487 0
165955 23.687 10.0 20.487 0
170026 23.687 10.0 20.487 0
170058 23.687 10.0 20.487 0
170128 23.687 10.0 20.487 0
170159 23.687 10.0 20.487 0
170229 23.687 10.0 20.487 0
170259 23.687 10.0 20.487 0
170330 23.625 10.0 20.487 0
170400 23.625 10.0 20.487 0
170430 23.625 10.0 20.487 0
170501 23.625 10.0 20.487 0
170531 23.625 10.0 20.487 0
170601 23.687 10.0 20.487 0
170632 23.687 10.0 20.487 0
170702 23.687 10.0 20.487 0
170732 23.687 10.0 20.487 0
170803 23.687 10.0 20.487 0
170833 23.625 10.0 20.487 0
170903 23.625 10.0 20.487 0
170934 23.625 10.0 20.487 0
171004 23.625 10.0 20.487 0
171035 23.625 10.0 20.487 0
171105 23.625 10.0 20.487 0
171135 23.625 10.0 20.487 0
171206 23.625 10.0 20.487 0
171236 23.625 10.0 20.487 0
171306 23.625 10.0 20.487 0
171337 23.625 10.0 20.487 0
171407 23.625 10.0 20.487 0
171438 23.625 10.0 20.487 0
171509 23.625 10.0 20.487 0
171539 23.625 10.0 20.487 0
171610 23.625 10.0 20.487 0
171640 23.625 10.0 20.487 0
171710 23.625 10.0 20.487 0
171741 23.625 10.0 20.487 0
171811 23.625 10.0 20.487 0
171841 23.687 10.0 20.487 0
171911 23.687 10.0 20.487 0
171942 23.687 10.0 20.487 0
172012 23.687 10.0 20.487 0
172043 23.687 10.0 20.487 0
172113 23.687 10.0 20.487 0
172144 23.687 10.0 20.487 0
172214 23.687 10.0 20.487 0
172245 23.687 10.0 20.487 0
172315 23.687 10.0 20.487 0
172345 23.687 10.0 20.487 0
172416 23.687 10.0 20.487 0
172447 23.687 10.0 20.487 0
172517 23.687 10.0 20.487 0
172548 23.687 10.0 20.487 0
172618 23.812 10.0 20.487 0
172649 23.812 10.0 20.487 0
172719 23.812 10.0 20.487 0
172749 23.812 10.0 20.487 0
172819 23.812 10.0 20.487 0
172849 23.687 10.0 20.487 0
172920 23.687 10.0 20.487 0
172950 23.687 10.0 20.487 0
173020 23.687 10.0 20.487 0
173051 23.687 10.0 20.487 0
173122 23.687 10.0 20.487 0
173152 23.687 10.0 20.487 0
173223 23.687 10.0 20.487 0
173254 23.687 10.0 20.487 0
173324 23.687 10.0 20.487 0
173355 23.687 10.0 20.487 0
173425 23.687 10.0 20.487 0
173456 23.687 10.0 20.487 0
173527 23.687 10.0 20.487 0
173557 23.687 10.0 20.487 0
173628 23.75 10.0 20.487 0
173658 23.75 10.0 20.487 0
173729 23.75 10.0 20.487 0
173800 23.75 10.0 20.487 0
173830 23.75 10.0 20.487 0
173900 23.812 10.0 20.487 0
173930 23.812 10.0 20.487 0
174001 23.812 10.0 20.487 0
174032 23.812 10.0 20.487 0
174105 23.812 10.0 20.487 0
174135 23.812 10.0 20.487 0
174205 23.812 10.0 20.487 0
174236 23.812 10.0 20.487 0
174306 23.812 10.0 20.487 0
174336 23.875 10.0 20.487 0
174406 23.875 10.0 20.487 0
174436 23.875 10.0 20.487 0
174507 23.875 10.0 20.487 0
174537 23.875 10.0 20.487 0
174608 23.875 10.0 20.487 0
174638 23.875 10.0 20.487 0
174708 23.875 10.0 20.487 0
174738 23.875 10.0 20.487 0
174809 23.875 10.0 20.487 0
174839 23.812 10.0 20.487 0
174909 23.812 10.0 20.487 0
174939 23.812 10.0 20.487 0
175010 23.812 10.0 20.487 0
175040 23.812 10.0 20.487 0
175110 23.812 10.0 20.487 0
175141 23.812 10.0 20.487 0
175211 23.812 10.0 20.487 0
175241 23.812 10.0 20.487 0
175311 23.812 10.0 20.487 0
175341 23.812 10.0 20.487 0
175412 23.812 10.0 20.487 0
175442 23.812 10.0 20.487 0
175513 23.812 10.0 20.487 0
175543 23.812 10.0 20.487 0
175614 23.75 10.0 20.487 0
175644 23.75 10.0 20.487 0
175715 23.75 10.0 20.487 0
175745 23.75 10.0 20.487 0
175816 23.75 10.0 20.487 0
175846 23.687 10.0 20.487 0
175916 23.687 10.0 20.487 0
175947 23.687 10.0 20.487 0
180018 23.687 10.0 20.487 0
180048 23.687 10.0 20.487 0
180118 23.687 10.0 20.487 0
180149 23.687 10.0 20.487 0
180219 23.687 10.0 20.487 0
180250 23.687 10.0 20.487 0
180321 23.687 10.0 20.487 0
180351 23.687 10.0 20.487 0
180422 23.687 10.0 20.487 0
180452 23.687 10.0 20.487 0
180523 23.687 10.0 20.487 0
180553 23.687 10.0 20.487 0
180624 23.625 10.0 20.487 0
180654 23.625 10.0 20.487 0
180725 23.625 10.0 20.487 0
180755 23.625 10.0 20.487 0
180826 23.625 10.0 20.487 0
180857 23.5 10.0 20.487 0
180928 23.5 10.0 20.487 0
180958 23.5 10.0 20.487 0
181029 23.5 10.0 20.487 0
181059 23.5 10.0 20.487 0
181130 23.437 10.0 20.487 0
181200 23.437 10.0 20.487 0
181231 23.437 10.0 20.487 0
181301 23.437 10.0 20.487 0
181331 23.437 10.0 20.487 0
181402 23.375 10.0 20.487 0
181432 23.375 10.0 20.487 0
181502 23.375 10.0 20.487 0
181533 23.375 10.0 20.487 0
181603 23.375 10.0 20.487 0
181634 23.375 10.0 20.487 0
181704 23.375 10.0 20.487 0
181735 23.375 10.0 20.487 0
181805 23.375 10.0 20.487 0
181835 23.375 10.0 20.487 0
181906 23.375 10.0 20.487 0
181936 23.375 10.0 20.487 0
182007 23.375 10.0 20.487 0
182037 23.375 10.0 20.487 0
182110 23.312 10.0 20.487 0
182140 23.312 10.0 20.487 0
182210 23.312 10.0 20.487 0
182240 23.312 10.0 20.487 0
182311 23.312 10.0 20.487 0
182341 23.312 10.0 20.487 0
182411 23.312 10.0 20.487 0
182442 23.312 10.0 20.487 0
182512 23.312 10.0 20.487 0
182542 23.312 10.0 20.487 0
182612 23.312 10.0 20.487 0
182643 23.312 10.0 20.487 0
182713 23.312 10.0 20.487 0
182743 23.312 10.0 20.487 0
182813 23.312 10.0 20.487 0
182843 23.25 10.0 20.487 0
182914 23.25 10.0 20.487 0
182944 23.25 10.0 20.487 0
183014 23.25 10.0 20.487 0
183045 23.25 10.0 20.487 0
183115 23.062 10.0 20.487 0
183145 23.062 10.0 20.487 0
183216 23.062 10.0 20.487 0
183247 23.062 10.0 20.487 0
183318 23.062 10.0 20.487 0
183348 23.0 10.0 20.487 0
183418 23.0 10.0 20.487 0
183448 23.0 10.0 20.487 0
183519 23.0 10.0 20.487 0
183549 23.0 10.0 20.487 0
183619 22.937 10.0 20.487 0
183649 22.937 10.0 20.487 0
183720 22.937 10.0 20.487 0
183750 22.937 10.0 20.487 0
183821 22.937 10.0 20.487 0
183851 22.875 10.0 20.487 0
183921 22.875 10.0 20.487 0
183952 22.875 10.0 20.487 0
184022 22.875 10.0 20.487 0
184052 22.875 10.0 20.487 0
184123 22.937 10.0 20.487 0
184153 22.937 10.0 20.487 0
184223 22.937 10.0 20.487 0
184253 22.937 10.0 20.487 0
184323 22.937 10.0 20.487 0
184354 22.937 10.0 20.487 0
184424 22.937 10.0 20.487 0
184455 22.937 10.0 20.487 0
184525 22.937 10.0 20.487 0
184555 22.937 10.0 20.487 0
184626 22.937 10.0 20.487 0
184657 22.937 10.0 20.487 0
184727 22.937 10.0 20.487 0
184757 22.937 10.0 20.487 0
184827 22.937 10.0 20.487 0
184858 22.937 10.0 20.487 0
184928 22.937 10.0 20.487 0
184958 22.937 10.0 20.487 0
185028 22.937 10.0 20.487 0
185058 22.937 10.0 20.487 0
185128 22.937 10.0 20.487 0
185159 22.937 10.0 20.487 0
185229 22.937 10.0 20.487 0
185300 22.937 10.0 20.487 0
185330 22.937 10.0 20.487 0
185400 22.937 10.0 20.487 0
185431 22.937 10.0 20.487 0
185501 22.937 10.0 20.487 0
185532 22.937 10.0 20.487 0
185602 22.937 10.0 20.487 0
185633 23.0 10.0 20.487 0
185703 23.0 10.0 20.487 0
185733 23.0 10.0 20.487 0
185804 23.0 10.0 20.487 0
185834 23.0 10.0 20.487 0
185905 23.0 10.0 20.487 0
185935 23.0 10.0 20.487 0
190005 23.0 10.0 20.487 0
190035 23.0 10.0 20.487 0
190105 23.0 10.0 20.487 0
190136 23.0 10.0 20.487 0
190206 23.0 10.0 20.487 0
190236 23.0 10.0 20.487 0
190306 23.0 10.0 20.487 0
190336 23.0 10.0 20.487 0
190407 23.125 10.0 20.487 0
190437 23.125 10.0 20.487 0
190507 23.125 10.0 20.487 0
190538 23.125 10.0 20.487 0
190608 23.125 10.0 20.487 0
190638 23.187 10.0 20.487 0
190709 23.187 10.0 20.487 0
190740 23.187 10.0 20.487 0
190810 23.187 10.0 20.487 0
190840 23.187 10.0 20.487 0
190910 23.187 10.0 20.487 0
190940 23.187 10.0 20.487 0
191010 23.187 10.0 20.487 0
191040 23.187 10.0 20.487 0
191111 23.187 10.0 20.487 0
191142 23.25 10.0 20.487 0
191213 23.25 10.0 20.487 0
191243 23.25 10.0 20.487 0
191314 23.25 10.0 20.487 0
191344 23.25 10.0 20.487 0
191414 23.312 10.0 20.487 0
191445 23.312 10.0 20.487 0
191515 23.312 10.0 20.487 0
191546 23.312 10.0 20.487 0
191618 23.312 10.0 20.487 0
191649 23.312 10.0 20.487 0
191719 23.312 10.0 20.487 0
191749 23.312 10.0 20.487 0
191819 23.312 10.0 20.487 0
191849 23.375 10.0 20.487 0
191920 23.375 10.0 20.487 0
191950 23.375 10.0 20.487 0
192020 23.375 10.0 20.487 0
192051 23.375 10.0 20.487 0
192122 23.375 10.0 20.487 0
192152 23.375 10.0 20.487 0
192222 23.375 10.0 20.487 0
192252 23.375 10.0 20.487 0
192322 23.375 10.0 20.487 0
192352 23.437 10.0 20.487 0
192423 23.437 10.0 20.487 0
192453 23.437 10.0 20.487 0
192523 23.437 10.0 20.487 0
192554 23.437 10.0 20.487 0
192624 23.437 10.0 20.487 0
192654 23.437 10.0 20.487 0
192724 23.437 10.0 20.487 0
192754 23.437 10.0 20.487 0
192825 23.437 10.0 20.487 0
192856 23.5 10.0 20.487 0
192926 23.5 10.0 20.487 0
192957 23.5 10.0 20.487 0
193027 23.5 10.0 20.487 0
193057 23.5 10.0 20.487 0
193128 23.5 10.0 20.487 0
193159 23.5 10.0 20.487 0
193229 23.5 10.0 20.487 0
193259 23.5 10.0 20.487 0
193330 23.5 10.0 20.487 0
193400 23.5 10.0 20.487 0
193430 23.5 10.0 20.487 0
193501 23.5 10.0 20.487 0
193531 23.5 10.0 20.487 0
193601 23.5 10.0 20.487 0
193631 23.562 10.0 20.487 0
193702 23.562 10.0 20.487 0
193732 23.562 10.0 20.487 0
193802 23.562 10.0 20.487 0
193833 23.562 10.0 20.487 0
193904 23.562 10.0 20.487 0
193934 23.562 10.0 20.487 0
194005 23.562 10.0 20.487 0
194035 23.562 10.0 20.487 0
194105 23.562 10.0 20.487 0
194135 23.562 10.0 20.487 0
194206 23.562 10.0 20.487 0
194236 23.562 10.0 20.487 0
194306 23.562 10.0 20.487 0
194336 23.562 10.0 20.487 0
194407 23.562 10.0 20.487 0
194437 23.562 10.0 20.487 0
194507 23.562 10.0 20.487 0
194538 23.562 10.0 20.487 0
194608 23.562 10.0 20.487 0
