235921 17.937 10.0 68.175 0
235951 17.937 10.0 68.3 0
000021 17.875 10.0 68.55 0
000052 17.875 10.0 68.862 0
000123 17.875 10.0 69.112 0
000153 17.875 10.0 69.362 0
000223 17.875 10.0 69.487 0
000254 17.812 10.0 69.675 0
000324 17.812 10.0 69.8 0
000355 17.812 10.0 69.987 0
000425 17.812 10.0 70.112 50
000455 17.812 10.0 70.237 50
000526 17.75 10.0 70.3 50
000556 17.75 10.0 70.425 50
000626 17.75 10.0 70.425 50
000656 17.75 10.0 70.487 50
000726 17.75 10.0 70.487 50
000757 17.75 10.0 70.487 50
000827 17.75 10.0 70.55 50
000858 17.75 10.0 70.55 50
000928 17.75 10.0 70.55 50
000959 17.75 10.0 70.487 50
001029 17.75 10.0 70.487 50
001100 17.75 10.0 70.425 50
001130 17.75 10.0 70.362 50
001200 17.75 10.0 70.237 50
001231 17.75 10.0 70.112 50
001301 17.875 10.0 69.737 0
001332 17.875 10.0 69.362 0
001402 17.875 10.0 69.112 0
001433 17.875 10.0 68.925 0
001504 17.875 10.0 68.737 0
001534 18.0 10.0 68.612 0
001605 18.0 10.0 68.487 0
001635 18.0 10.0 68.425 0
001706 18.0 10.0 68.3 0
001737 18.0 10.0 68.175 0
001807 18.125 10.0 68.112 0
001838 18.125 10.0 68.05 0
001908 18.125 10.0 67.987 0
001939 18.125 10.0 67.862 0
002009 18.125 10.0 67.8 0
002040 18.187 10.0 67.737 0
002110 18.187 10.0 67.612 0
002140 18.187 10.0 67.55 0
002210 18.187 10.0 67.425 0
002241 18.187 10.0 66.987 0
002311 18.187 10.0 66.237 0
002342 18.187 10.0 65.175 0
002413 18.187 10.0 64.3 0
002443 18.187 10.0 63.737 0
002514 18.187 10.0 63.362 0
002544 18.125 10.0 63.112 0
002615 18.125 10.0 62.925 0
002646 18.125 10.0 62.8 0
002716 18.125 10.0 62.675 0
002746 18.125 10.0 62.612 0
002817 18.062 10.0 62.487 0
002848 18.062 10.0 62.425 0
002918 18.062 10.0 62.3 0
002949 18.062 10.0 62.237 0
003019 18.062 10.0 62.175 0
003049 18.062 10.0 62.112 0
003120 18.062 10.0 62.05 0
003150 18.062 10.0 61.925 0
003220 18.062 10.0 61.862 0
003252 18.0 10.0 61.8 0
003322 18.0 10.0 61.737 0
003353 18.0 10.0 61.675 0
003424 18.0 10.0 61.55 0
003455 18.0 10.0 61.487 0
003525 17.937 10.0 61.425 0
003556 17.937 10.0 61.362 0
003627 17.937 10.0 61.237 0
003658 17.937 10.0 61.175 0
003728 17.937 10.0 61.112 0
003759 17.937 10.0 61.05 0
003829 17.937 10.0 60.987 0
003859 17.937 10.0 60.862 0
003930 17.937 10.0 60.8 0
004001 17.937 10.0 60.487 0
004031 17.875 10.0 59.8 0
004102 17.875 10.0 58.737 0
004132 17.875 10.0 57.55 0
004202 17.875 10.0 56.362 0
004233 17.875 10.0 55.487 0
004304 17.812 10.0 54.987 0
004334 17.812 10.0 54.612 0
004405 17.812 10.0 54.362 0
004435 17.812 10.0 54.237 0
004505 17.812 10.0 54.175 0
004536 17.75 10.0 54.175 0
004606 17.75 10.0 54.237 0
004637 17.75 10.0 54.425 0
004707 17.75 10.0 54.862 0
004738 17.75 10.0 55.487 0
004808 17.687 10.0 56.237 0
004838 17.687 10.0 57.112 0
004909 17.687 10.0 58.175 0
004939 17.687 10.0 59.362 0
005010 17.687 10.0 60.675 0
005041 17.687 10.0 62.05 0
005111 17.687 10.0 63.3 0
005141 17.687 10.0 64.3 0
005211 17.687 10.0 65.112 0
005241 17.687 10.0 65.675 0
005311 17.625 10.0 66.237 0
005342 17.625 10.0 66.675 0
005413 17.625 10.0 67.05 0
005443 17.625 10.0 67.362 0
005514 17.625 10.0 67.612 0
005544 17.625 10.0 67.862 0
005615 17.625 10.0 67.987 0
005645 17.625 10.0 68.112 0
005715 17.625 10.0 68.237 0
005746 17.625 10.0 68.362 0
005816 17.562 10.0 68.425 0
005847 17.562 10.0 68.487 0
005918 17.562 10.0 68.55 0
005949 17.562 10.0 68.612 0
010019 17.562 10.0 68.675 0
010049 17.562 10.0 68.737 0
010120 17.562 10.0 68.8 0
010150 17.562 10.0 68.8 0
010221 17.562 10.0 68.862 0
010252 17.562 10.0 68.925 0
010322 17.5 10.0 68.987 0
010352 17.5 10.0 69.05 0
010423 17.5 10.0 69.112 0
010454 17.5 10.0 69.237 0
010527 17.5 10.0 69.3 0
010557 17.5 10.0 69.3 0
010628 17.5 10.0 69.425 0
010658 17.5 10.0 69.425 0
010728 17.5 10.0 69.487 0
010759 17.5 10.0 69.55 0
010829 17.5 10.0 69.612 0
010859 17.5 10.0 69.675 0
010929 17.5 10.0 69.737 0
011000 17.5 10.0 69.8 0
011031 17.437 10.0 69.862 0
011101 17.437 10.0 69.925 0
011132 17.437 10.0 70.05 0
011203 17.437 10.0 70.05 50
011233 17.437 10.0 70.175 50
011303 17.437 10.0 70.237 50
011333 17.437 10.0 70.237 50
011404 17.437 10.0 70.3 50
011434 17.437 10.0 70.3 50
011504 17.437 10.0 70.3 50
011534 17.437 10.0 70.3 50
011605 17.437 10.0 70.3 50
011635 17.437 10.0 70.3 50
011706 17.437 10.0 70.3 50
011737 17.437 10.0 70.3 50
011807 17.375 10.0 70.3 50
011837 17.375 10.0 70.237 50
011908 17.375 10.0 70.175 50
011939 17.375 10.0 70.112 50
012009 17.375 10.0 69.987 0
012040 17.5 10.0 69.8 0
012110 17.5 10.0 69.612 0
012141 17.5 10.0 69.487 0
012212 17.5 10.0 69.362 0
012242 17.5 10.0 69.237 0
012313 17.625 10.0 69.175 0
012344 17.625 10.0 69.05 0
012414 17.625 10.0 68.987 0
012444 17.625 10.0 68.925 0
012515 17.625 10.0 68.862 0
012545 17.75 10.0 68.8 0
012616 17.75 10.0 68.675 0
012646 17.75 10.0 68.612 0
012717 17.75 10.0 68.55 0
012747 17.75 10.0 68.487 0
012817 17.812 10.0 68.425 0
012848 17.812 10.0 68.362 0
012918 17.812 10.0 68.237 0
012949 17.812 10.0 68.175 0
013019 17.812 10.0 68.112 0
013050 17.812 10.0 68.05 0
013120 17.812 10.0 67.987 0
013150 17.812 10.0 67.862 0
013221 17.812 10.0 67.737 0
013251 17.812 10.0 67.362 0
013322 17.75 10.0 66.675 0
013352 17.75 10.0 65.737 0
013422 17.75 10.0 65.05 0
013453 17.75 10.0 64.55 0
013524 17.75 10.0 64.237 0
013554 17.687 10.0 64.05 0
013625 17.687 10.0 63.862 0
013655 17.687 10.0 63.737 0
013726 17.687 10.0 63.612 0
013757 17.687 10.0 63.487 0
013827 17.687 10.0 63.425 0
013858 17.687 10.0 63.3 0
013928 17.687 10.0 63.237 0
013959 17.687 10.0 63.112 0
014032 17.625 10.0 63.05 0
014102 17.625 10.0 62.987 0
014132 17.625 10.0 62.862 0
014203 17.625 10.0 62.8 0
014233 17.625 10.0 62.675 0
014303 17.562 10.0 62.612 0
014333 17.562 10.0 62.55 0
014403 17.562 10.0 62.487 0
014434 17.562 10.0 62.362 0
014505 17.562 10.0 62.3 0
014535 17.562 10.0 62.175 0
014605 17.562 10.0 62.112 0
014636 17.562 10.0 62.05 0
014707 17.562 10.0 61.987 0
014737 17.562 10.0 61.862 0
014808 17.5 10.0 61.8 0
014838 17.5 10.0 61.737 0
014909 17.5 10.0 61.612 0
014939 17.5 10.0 61.55 0
015010 17.5 10.0 61.425 0
015041 17.437 10.0 60.862 0
015111 17.437 10.0 59.925 0
015142 17.437 10.0 58.675 0
015212 17.437 10.0 57.362 0
015243 17.437 10.0 56.425 0
015313 17.375 10.0 55.8 0
015344 17.375 10.0 55.487 0
015415 17.375 10.0 55.425 0
015445 17.375 10.0 55.55 0
015516 17.375 10.0 56.05 0
015546 17.375 10.0 56.737 0
015616 17.375 10.0 57.487 0
015647 17.375 10.0 58.612 0
015717 17.375 10.0 59.675 0
015748 17.375 10.0 60.8 0
015818 17.312 10.0 61.925 0
015849 17.312 10.0 63.05 0
015920 17.312 10.0 63.987 0
015950 17.312 10.0 64.737 0
020021 17.312 10.0 65.362 0
020051 17.25 10.0 65.8 0
020122 17.25 10.0 66.175 0
020152 17.25 10.0 66.487 0
020222 17.25 10.0 66.737 0
020253 17.25 10.0 66.925 0
020323 17.25 10.0 67.175 0
020354 17.25 10.0 67.3 0
020424 17.25 10.0 67.487 0
020455 17.25 10.0 67.612 0
020525 17.25 10.0 67.737 0
020555 17.25 10.0 67.862 0
020625 17.25 10.0 67.987 0
020656 17.25 10.0 68.112 0
020727 17.25 10.0 68.237 0
020757 17.25 10.0 68.3 0
020828 17.187 10.0 68.425 0
020858 17.187 10.0 68.487 0
020929 17.187 10.0 68.55 0
020959 17.187 10.0 68.55 0
021030 17.187 10.0 68.612 0
021101 17.25 10.0 68.675 0
021131 17.25 10.0 68.675 0
021202 17.25 10.0 68.737 0
021233 17.25 10.0 68.737 0
021304 17.25 10.0 68.8 0
021334 17.187 10.0 68.8 0
021405 17.187 10.0 68.862 0
021436 17.187 10.0 68.862 0
021506 17.187 10.0 68.925 0
021538 17.125 10.0 68.987 0
021609 17.125 10.0 68.987 0
021639 17.125 10.0 69.05 0
021709 17.125 10.0 69.112 0
021740 17.125 10.0 69.112 0
021811 17.125 10.0 69.175 0
021841 17.125 10.0 69.237 0
021911 17.125 10.0 69.3 0
021942 17.125 10.0 69.362 0
022012 17.125 10.0 69.425 0
022043 17.062 10.0 69.425 0
022113 17.062 10.0 69.487 0
022143 17.062 10.0 69.487 0
022213 17.062 10.0 69.55 0
022244 17.062 10.0 69.612 0
022314 17.0 10.0 69.612 0
022344 17.0 10.0 69.675 0
022414 17.0 10.0 69.737 0
022445 17.0 10.0 69.737 0
022515 17.0 10.0 69.8 0
022545 17.0 10.0 69.8 0
022615 17.0 10.0 69.862 0
022646 17.0 10.0 69.925 0
022716 17.0 10.0 69.925 0
022746 17.0 10.0 69.925 0
022816 16.937 10.0 69.925 0
022847 16.937 10.0 69.925 0
022918 16.937 10.0 69.987 0
022949 16.937 10.0 69.987 0
023019 16.937 10.0 69.987 0
023050 16.875 10.0 69.987 0
023120 16.875 10.0 69.987 0
023150 16.875 10.0 69.987 0
023220 16.875 10.0 69.987 0
023251 16.875 10.0 69.987 0
023321 16.875 10.0 69.987 50
023352 16.875 10.0 70.05 0
023422 16.875 10.0 69.987 50
023452 16.875 10.0 70.05 50
023522 16.875 10.0 70.05 50
023553 16.875 10.0 70.05 50
023623 16.875 10.0 70.05 50
023654 16.875 10.0 70.05 50
023724 16.875 10.0 70.05 50
023754 16.875 10.0 70.05 50
023824 16.875 10.0 69.987 0
023854 16.875 10.0 69.987 0
023925 16.875 10.0 69.987 0
023955 16.875 10.0 69.925 0
024025 16.875 10.0 69.925 0
024056 16.937 10.0 69.925 0
024126 16.937 10.0 69.862 0
024156 16.937 10.0 69.862 0
024226 16.937 10.0 69.862 0
024257 16.937 10.0 69.862 0
024327 17.0 10.0 69.8 0
024357 17.0 10.0 69.8 0
024428 17.0 10.0 69.737 0
024458 17.0 10.0 69.737 0
024528 17.0 10.0 69.737 0
024559 17.062 10.0 69.675 0
024629 17.062 10.0 69.675 0
024700 17.062 10.0 69.675 0
024730 17.062 10.0 69.675 0
024800 17.062 10.0 69.612 0
024830 17.062 10.0 69.612 0
024900 17.062 10.0 69.55 0
024930 17.062 10.0 69.55 0
025001 17.062 10.0 69.55 0
025031 17.062 10.0 69.55 0
025101 17.062 10.0 69.487 0
025132 17.062 10.0 69.487 0
025202 17.062 10.0 69.425 0
025233 17.062 10.0 69.425 0
025304 17.062 10.0 69.362 0
025334 17.062 10.0 69.362 0
025405 17.062 10.0 69.3 0
025436 17.062 10.0 69.3 0
025506 17.062 10.0 69.3 0
025537 17.062 10.0 69.237 0
025607 17.0 10.0 69.237 0
025637 17.0 10.0 69.237 0
025708 17.0 10.0 69.175 0
025739 17.0 10.0 69.175 0
025809 17.0 10.0 69.175 0
025840 17.0 10.0 69.112 0
025911 17.0 10.0 69.112 0
025941 17.0 10.0 69.05 0
030012 17.0 10.0 69.05 0
030045 17.0 10.0 69.112 0
030115 17.0 10.0 69.175 0
030146 17.0 10.0 69.237 0
030216 17.0 10.0 69.237 0
030247 17.0 10.0 69.3 0
030317 16.937 10.0 69.3 0
030348 16.937 10.0 69.362 0
030419 16.937 10.0 69.362 0
030449 16.937 10.0 69.3 0
030519 16.937 10.0 69.3 0
030550 16.937 10.0 69.3 0
030620 16.937 10.0 69.237 0
030650 16.937 10.0 69.237 0
030720 16.937 10.0 69.237 0
030750 16.937 10.0 69.175 0
030820 16.875 10.0 69.175 0
030851 16.875 10.0 69.175 0
030922 16.875 10.0 69.175 0
030952 16.875 10.0 69.112 0
031022 16.875 10.0 69.112 0
031052 16.875 10.0 69.05 0
031122 16.875 10.0 69.05 0
031153 16.875 10.0 69.05 0
031223 16.875 10.0 68.987 0
031253 16.875 10.0 68.987 0
031324 16.875 10.0 68.925 0
031355 16.875 10.0 68.925 0
031426 16.875 10.0 68.862 0
031456 16.875 10.0 68.862 0
031526 16.875 10.0 68.862 0
031557 16.812 10.0 68.8 0
031627 16.812 10.0 68.737 0
031658 16.812 10.0 68.737 0
031728 16.812 10.0 68.737 0
031759 16.812 10.0 68.675 0
031829 16.812 10.0 68.675 0
031859 16.812 10.0 68.612 0
031930 16.812 10.0 68.612 0
032001 16.812 10.0 68.55 0
032032 16.812 10.0 68.55 0
032102 16.75 10.0 68.487 0
032132 16.75 10.0 68.487 0
032203 16.75 10.0 68.425 0
032234 16.75 10.0 68.362 0
032305 16.75 10.0 68.237 0
032335 16.75 10.0 68.175 0
032406 16.75 10.0 68.05 0
032436 16.75 10.0 68.05 0
032507 16.75 10.0 67.987 0
032537 16.75 10.0 67.925 0
032608 16.687 10.0 67.862 0
032638 16.687 10.0 67.8 0
032709 16.687 10.0 67.737 0
032740 16.687 10.0 67.675 0
032810 16.687 10.0 67.612 0
032840 16.687 10.0 67.612 0
032911 16.687 10.0 67.55 0
032942 16.687 10.0 67.487 0
033012 16.687 10.0 67.487 0
033043 16.687 10.0 67.425 0
033114 16.625 10.0 67.362 0
033144 16.625 10.0 67.362 0
033214 16.625 10.0 67.3 0
033245 16.625 10.0 67.237 0
033315 16.625 10.0 67.237 0
033345 16.625 10.0 67.175 0
033416 16.625 10.0 67.112 0
033446 16.625 10.0 67.112 0
033517 16.625 10.0 67.05 0
033549 16.562 10.0 66.925 0
033620 16.562 10.0 66.925 0
033651 16.562 10.0 66.862 0
033722 16.562 10.0 66.8 0
033752 16.562 10.0 66.737 0
033823 16.562 10.0 66.737 0
033853 16.562 10.0 66.675 0
033924 16.562 10.0 66.612 0
033954 16.562 10.0 66.55 0
034025 16.562 10.0 66.487 0
034055 16.5 10.0 66.3 0
034126 16.5 10.0 66.112 0
034156 16.5 10.0 65.862 0
034227 16.5 10.0 65.675 0
034257 16.5 10.0 65.487 0
034327 16.5 10.0 65.425 0
034358 16.5 10.0 65.362 0
034428 16.5 10.0 65.237 0
034458 16.5 10.0 65.175 0
034529 16.5 10.0 65.112 0
034559 16.5 10.0 65.05 0
034629 16.5 10.0 64.987 0
034700 16.5 10.0 64.925 0
034731 16.5 10.0 64.925 0
034801 16.5 10.0 64.862 0
034832 16.437 10.0 64.8 0
034903 16.437 10.0 64.737 0
034933 16.437 10.0 64.675 0
035004 16.437 10.0 64.612 0
035034 16.437 10.0 64.55 0
035104 16.437 10.0 64.487 0
035135 16.437 10.0 64.425 0
035205 16.437 10.0 64.425 0
035235 16.437 10.0 64.362 0
035306 16.437 10.0 64.3 0
035336 16.437 10.0 64.237 0
035406 16.437 10.0 64.175 0
035437 16.437 10.0 64.112 0
035507 16.437 10.0 64.05 0
035537 16.437 10.0 64.05 0
035607 16.375 10.0 63.987 0
035638 16.375 10.0 63.925 0
035709 16.375 10.0 63.862 0
035739 16.375 10.0 63.8 0
035809 16.375 10.0 63.737 0
035840 16.375 10.0 63.55 0
035911 16.375 10.0 63.237 0
035941 16.375 10.0 62.862 0
040012 16.375 10.0 62.487 0
040042 16.375 10.0 62.175 0
040113 16.375 10.0 62.05 0
040143 16.375 10.0 61.925 0
040214 16.375 10.0 61.8 0
040244 16.375 10.0 61.737 0
040314 16.375 10.0 61.675 0
040345 16.375 10.0 61.675 0
040415 16.375 10.0 61.612 0
040446 16.375 10.0 61.612 0
040516 16.375 10.0 61.55 0
040546 16.375 10.0 61.55 0
040616 16.375 10.0 61.487 0
040646 16.375 10.0 61.487 0
040716 16.375 10.0 61.425 0
040747 16.375 10.0 61.425 0
040817 16.375 10.0 61.362 0
040847 16.312 10.0 61.362 0
040918 16.312 10.0 61.3 0
040948 16.312 10.0 61.237 0
041019 16.312 10.0 61.237 0
041050 16.312 10.0 61.175 0
041120 16.312 10.0 61.175 0
041151 16.312 10.0 61.112 0
041221 16.312 10.0 61.112 0
041252 16.312 10.0 61.05 0
041325 16.312 10.0 60.987 0
041355 16.312 10.0 60.987 0
041426 16.312 10.0 60.925 0
041457 16.312 10.0 60.925 0
041527 16.312 10.0 60.862 0
041557 16.25 10.0 60.8 0
041627 16.25 10.0 60.675 0
041658 16.25 10.0 60.55 0
041729 16.25 10.0 60.425 0
041759 16.25 10.0 60.362 0
041829 16.25 10.0 60.3 0
041900 16.25 10.0 60.237 0
041930 16.25 10.0 60.237 0
042000 16.25 10.0 60.175 0
042030 16.25 10.0 60.175 0
042101 16.25 10.0 60.175 0
042132 16.25 10.0 60.112 0
042202 16.25 10.0 60.112 0
042232 16.25 10.0 60.112 0
042303 16.25 10.0 60.112 0
042333 16.25 10.0 60.05 0
042404 16.25 10.0 60.05 0
042435 16.25 10.0 60.05 0
042505 16.25 10.0 60.05 0
042536 16.25 10.0 60.05 0
042606 16.25 10.0 59.987 0
042637 16.25 10.0 60.05 0
042708 16.25 10.0 60.05 0
042738 16.25 10.0 60.05 0
042808 16.25 10.0 60.05 0
042838 16.187 10.0 60.05 0
042908 16.187 10.0 60.05 0
042938 16.187 10.0 60.05 0
043009 16.187 10.0 60.05 0
043040 16.187 10.0 60.05 0
043110 16.187 10.0 60.05 0
043140 16.187 10.0 60.05 0
043211 16.187 10.0 60.05 0
043241 16.187 10.0 60.05 0
043312 16.187 10.0 60.05 0
043342 16.187 10.0 60.05 0
043412 16.187 10.0 60.05 0
043443 16.187 10.0 59.987 0
043514 16.187 10.0 59.987 0
043545 16.187 10.0 59.987 0
043615 16.187 10.0 59.987 0
043646 16.187 10.0 59.987 0
043717 16.187 10.0 59.987 0
043748 16.187 10.0 59.987 0
043818 16.187 10.0 59.987 0
043848 16.187 10.0 59.987 0
043919 16.187 10.0 59.987 0
043949 16.187 10.0 59.987 0
044019 16.187 10.0 59.987 0
044049 16.187 10.0 59.987 0
044120 16.125 10.0 59.987 0
044150 16.125 10.0 59.987 0
044221 16.125 10.0 59.987 0
044251 16.125 10.0 59.925 0
044321 16.125 10.0 59.925 0
044351 16.125 10.0 59.925 0
044422 16.125 10.0 59.925 0
044452 16.125 10.0 59.925 0
044523 16.125 10.0 59.925 0
044553 16.125 10.0 59.862 0
044624 16.125 10.0 59.925 0
044655 16.125 10.0 59.862 0
044726 16.125 10.0 59.862 0
044756 16.125 10.0 59.862 0
044826 16.125 10.0 59.862 0
044856 16.062 10.0 59.8 0
044926 16.062 10.0 59.8 0
044956 16.062 10.0 59.8 0
045027 16.062 10.0 59.8 0
045059 16.062 10.0 59.737 0
045130 16.062 10.0 59.737 0
045200 16.062 10.0 59.737 0
045230 16.062 10.0 59.737 0
045301 16.062 10.0 59.737 0
045331 16.062 10.0 59.737 0
045402 16.062 10.0 59.737 0
045432 16.062 10.0 59.737 0
045503 16.062 10.0 59.737 0
045534 16.062 10.0 59.737 0
045604 16.062 10.0 59.675 0
045635 16.062 10.0 59.675 0
045705 16.062 10.0 59.675 0
045735 16.062 10.0 59.675 0
045806 16.062 10.0 59.675 0
045837 16.062 10.0 59.612 0
045907 16.062 10.0 59.612 0
045938 16.062 10.0 59.612 0
050008 16.062 10.0 59.612 0
050039 16.062 10.0 59.612 0
050110 16.0 10.0 59.55 0
050140 16.0 10.0 59.55 0
050210 16.0 10.0 59.55 0
050241 16.0 10.0 59.55 0
050311 16.0 10.0 59.612 0
050342 16.0 10.0 59.675 0
050413 16.0 10.0 59.737 0
050443 16.0 10.0 59.862 0
050514 16.0 10.0 59.987 0
050544 16.0 10.0 60.05 0
050615 16.0 10.0 60.05 0
050646 16.0 10.0 60.112 0
050716 16.0 10.0 60.112 0
050746 16.0 10.0 60.175 0
050816 16.0 10.0 60.175 0
050846 15.937 10.0 60.175 0
050917 15.937 10.0 60.175 0
050947 15.937 10.0 60.175 0
051018 15.937 10.0 60.175 0
051048 15.937 10.0 60.175 0
051118 15.937 10.0 60.237 0
051149 15.937 10.0 60.237 0
051219 15.937 10.0 60.237 0
051250 15.937 10.0 60.237 0
051321 15.937 10.0 60.237 0
051351 16.0 10.0 60.237 0
051422 16.0 10.0 60.112 0
051452 16.0 10.0 60.175 0
051523 16.0 10.0 60.175 0
051553 16.0 10.0 60.175 0
051624 15.937 10.0 60.175 0
051654 15.937 10.0 60.175 0
051725 15.937 10.0 60.175 0
051756 15.937 10.0 60.175 0
051826 15.937 10.0 60.237 0
051857 15.937 10.0 60.237 0
051927 15.937 10.0 60.237 0
051958 15.937 10.0 60.237 0
052029 15.937 10.0 60.237 0
052059 15.937 10.0 60.237 0
052130 15.937 10.0 60.237 0
052200 15.937 10.0 60.237 0
052231 15.937 10.0 60.3 0
052301 15.937 10.0 60.237 0
052334 15.937 10.0 60.237 0
052404 15.937 10.0 60.3 0
052435 15.937 10.0 60.362 0
052505 15.937 10.0 60.3 0
052536 15.937 10.0 60.3 0
052606 15.875 10.0 60.3 0
052637 15.875 10.0 60.3 0
052707 15.875 10.0 60.3 0
052738 15.875 10.0 60.3 0
052809 15.875 10.0 60.3 0
052839 15.875 10.0 60.3 0
052909 15.875 10.0 60.3 0
052940 15.875 10.0 60.3 0
053010 15.875 10.0 60.3 0
053040 15.875 10.0 60.3 0
053110 15.875 10.0 60.3 0
053141 15.875 10.0 60.3 0
053211 15.875 10.0 60.362 0
053241 15.875 10.0 60.362 0
053312 15.875 10.0 60.362 0
053343 15.875 10.0 60.425 0
053413 15.875 10.0 60.487 0
053443 15.875 10.0 60.362 0
053513 15.875 10.0 60.3 0
053544 15.875 10.0 60.362 0
053614 15.812 10.0 60.237 0
053645 15.812 10.0 60.362 0
053715 15.812 10.0 60.362 0
053745 15.812 10.0 60.425 0
053816 15.812 10.0 60.362 0
053847 15.812 10.0 60.362 0
053918 15.812 10.0 60.362 0
053948 15.812 10.0 60.362 0
054019 15.812 10.0 60.362 0
054050 15.812 10.0 60.362 0
054120 15.812 10.0 60.362 0
054151 15.812 10.0 60.362 0
054221 15.812 10.0 60.112 0
054251 15.812 10.0 60.112 0
054322 15.812 10.0 60.237 0
054353 15.812 10.0 60.237 0
054423 15.812 10.0 60.3 0
054453 15.812 10.0 60.237 0
054524 15.812 10.0 60.3 0
054554 15.812 10.0 60.112 0
054624 15.812 10.0 60.112 0
054655 15.812 10.0 60.175 0
054726 15.812 10.0 60.237 0
054756 15.812 10.0 60.237 0
054827 15.812 10.0 60.175 0
054857 15.812 10.0 60.112 0
054928 15.812 10.0 59.925 0
054959 15.812 10.0 59.925 0
055029 15.812 10.0 60.05 0
055100 15.812 10.0 60.112 0
055130 15.812 10.0 59.987 0
055201 15.812 10.0 59.925 0
055231 15.812 10.0 59.862 0
055302 15.812 10.0 59.862 0
055333 15.812 10.0 59.862 0
055403 15.75 10.0 59.862 0
055433 15.75 10.0 59.8 0
055504 15.75 10.0 59.8 0
055534 15.75 10.0 59.8 0
055605 15.75 10.0 59.8 0
055635 15.75 10.0 59.8 0
055705 15.75 10.0 59.8 0
055736 15.75 10.0 59.8 0
055806 15.75 10.0 59.8 0
055838 15.75 10.0 59.737 0
055909 15.75 10.0 59.737 0
055940 15.75 10.0 59.737 0
060010 15.75 10.0 59.737 0
060041 15.75 10.0 59.737 0
060111 15.75 10.0 59.675 0
060142 15.75 10.0 59.675 0
060212 15.75 10.0 59.675 0
060242 15.75 10.0 59.675 0
060312 15.75 10.0 59.675 0
060343 15.687 10.0 59.612 0
060414 15.687 10.0 59.612 0
060444 15.687 10.0 59.612 0
060515 15.687 10.0 59.675 0
060545 15.687 10.0 59.737 0
060615 15.687 10.0 59.862 0
060646 15.687 10.0 59.925 0
060716 15.687 10.0 59.987 0
060747 15.687 10.0 59.987 0
060817 15.687 10.0 60.05 0
060847 15.687 10.0 60.05 0
060918 15.687 10.0 60.05 0
060949 15.687 10.0 60.112 0
061019 15.687 10.0 60.112 0
061050 15.687 10.0 60.112 0
061120 15.687 10.0 60.112 0
061151 15.687 10.0 60.112 0
061221 15.687 10.0 60.175 0
061251 15.687 10.0 60.175 0
061322 15.687 10.0 60.175 0
061352 15.687 10.0 60.175 0
061423 15.687 10.0 60.175 0
061453 15.687 10.0 60.112 0
061523 15.687 10.0 60.175 0
061554 15.687 10.0 60.112 0
061624 15.625 10.0 60.112 0
061654 15.625 10.0 60.112 0
061724 15.625 10.0 60.112 0
061755 15.625 10.0 60.112 0
061826 15.625 10.0 60.112 0
061856 15.625 10.0 60.112 0
061926 15.625 10.0 60.112 0
061957 15.625 10.0 60.05 0
062028 15.625 10.0 60.05 0
062058 15.625 10.0 60.05 0
062128 15.625 10.0 60.05 0
062159 15.625 10.0 59.987 0
062230 15.625 10.0 59.987 0
062300 15.625 10.0 59.987 0
062331 15.625 10.0 59.987 0
062401 15.625 10.0 59.925 0
062431 15.625 10.0 59.925 0
062502 15.625 10.0 59.925 0
062532 15.625 10.0 59.925 0
062603 15.625 10.0 59.925 0
062634 15.625 10.0 59.925 0
062704 15.625 10.0 59.925 0
062735 15.625 10.0 59.925 0
062805 15.625 10.0 59.925 0
062836 15.625 10.0 59.925 0
062906 15.625 10.0 59.925 0
062936 15.625 10.0 59.925 0
063007 15.625 10.0 59.925 0
063037 15.625 10.0 59.925 0
063107 15.625 10.0 59.925 0
063138 15.625 10.0 59.925 0
063208 15.625 10.0 59.925 0
063238 15.625 10.0 59.925 0
063309 15.625 10.0 59.862 0
063339 15.625 10.0 59.862 0
063410 15.562 10.0 59.862 0
063440 15.562 10.0 59.862 0
063511 15.562 10.0 59.862 0
063542 15.562 10.0 59.862 0
063615 15.562 10.0 59.862 0
063645 15.562 10.0 59.862 0
063715 15.562 10.0 59.862 0
063745 15.562 10.0 59.8 0
063816 15.562 10.0 59.8 0
063846 15.562 10.0 59.8 0
063917 15.562 10.0 59.8 0
063947 15.562 10.0 59.8 0
064018 15.562 10.0 59.8 0
064049 15.562 10.0 59.737 0
064119 15.5 10.0 59.737 0
064150 15.5 10.0 59.737 0
064221 15.5 10.0 59.737 0
064251 15.5 10.0 59.737 0
064322 15.5 10.0 59.737 0
064353 15.562 10.0 59.675 0
064423 15.562 10.0 59.675 0
064454 15.562 10.0 59.675 0
064524 15.562 10.0 59.675 0
064555 15.562 10.0 59.675 0
064625 15.5 10.0 59.675 0
064656 15.5 10.0 59.612 0
064726 15.5 10.0 59.612 0
064757 15.5 10.0 59.612 0
064828 15.5 10.0 59.612 0
064858 15.5 10.0 59.612 0
064929 15.5 10.0 59.55 0
065000 15.5 10.0 59.55 0
065031 15.5 10.0 59.55 0
065101 15.5 10.0 59.55 0
065132 15.5 10.0 59.487 0
065203 15.5 10.0 59.487 0
065233 15.5 10.0 59.487 0
065303 15.5 10.0 59.425 0
065334 15.5 10.0 59.425 0
065404 15.5 10.0 59.425 0
065435 15.5 10.0 59.362 0
065505 15.5 10.0 59.362 0
065536 15.5 10.0 59.362 0
065606 15.5 10.0 59.362 0
065637 15.5 10.0 59.3 0
065708 15.5 10.0 59.3 0
065738 15.5 10.0 59.3 0
065809 15.5 10.0 59.3 0
065839 15.5 10.0 59.237 0
065909 15.437 10.0 59.237 0
065939 15.437 10.0 59.237 0
070009 15.437 10.0 59.175 0
070040 15.437 10.0 59.175 0
070110 15.437 10.0 59.175 0
070141 15.437 10.0 59.175 0
070211 15.437 10.0 59.112 0
070241 15.437 10.0 59.112 0
070312 15.437 10.0 59.112 0
070342 15.437 10.0 59.05 0
070412 15.437 10.0 59.05 0
070442 15.437 10.0 59.05 0
070512 15.437 10.0 58.987 0
070542 15.437 10.0 58.987 0
070613 15.437 10.0 58.987 0
070643 15.437 10.0 59.05 0
070713 15.437 10.0 59.112 0
070744 15.437 10.0 59.175 0
070814 15.437 10.0 59.237 0
070847 15.437 10.0 59.3 0
070917 15.437 10.0 59.362 0
070948 15.437 10.0 59.362 0
071019 15.437 10.0 59.362 0
071049 15.437 10.0 59.425 0
071120 15.437 10.0 59.425 0
071150 15.437 10.0 59.362 0
071221 15.437 10.0 59.362 0
071251 15.437 10.0 59.362 0
071322 15.437 10.0 59.362 0
071352 15.437 10.0 59.362 0
071423 15.437 10.0 59.362 0
071453 15.437 10.0 59.362 0
071524 15.437 10.0 59.362 0
071554 15.437 10.0 59.362 0
071625 15.437 10.0 59.362 0
071655 15.437 10.0 59.362 0
071725 15.437 10.0 59.362 0
071755 15.437 10.0 59.3 0
071826 15.437 10.0 59.3 0
071856 15.375 10.0 59.3 0
071926 15.375 10.0 59.3 0
071957 15.375 10.0 59.3 0
072028 15.375 10.0 59.237 0
072059 15.375 10.0 59.237 0
072129 15.437 10.0 59.237 0
072159 15.437 10.0 59.175 0
072230 15.437 10.0 59.175 0
072300 15.437 10.0 59.175 0
072330 15.437 10.0 59.112 0
072401 15.375 10.0 59.112 0
072431 15.375 10.0 59.05 0
072502 15.375 10.0 59.05 0
072532 15.375 10.0 58.987 0
072602 15.375 10.0 58.987 0
072633 15.375 10.0 58.987 0
072703 15.375 10.0 58.925 0
072734 15.375 10.0 58.925 0
072804 15.375 10.0 58.925 0
072834 15.375 10.0 58.862 0
072905 15.375 10.0 58.862 0
072936 15.375 10.0 58.862 0
073006 15.375 10.0 58.8 0
073037 15.375 10.0 58.8 0
073108 15.375 10.0 58.8 0
073139 15.375 10.0 58.737 0
073209 15.375 10.0 58.737 0
073240 15.375 10.0 58.737 0
073310 15.375 10.0 58.737 0
073341 15.375 10.0 58.675 0
073412 15.375 10.0 58.675 0
073442 15.375 10.0 58.675 0
073512 15.375 10.0 58.612 0
073543 15.375 10.0 58.612 0
073613 15.375 10.0 58.612 0
073644 15.375 10.0 58.55 0
073714 15.375 10.0 58.55 0
073745 15.375 10.0 58.487 0
073815 15.375 10.0 58.425 0
073845 15.375 10.0 58.425 0
073915 15.375 10.0 58.362 0
073946 15.375 10.0 58.362 0
074016 15.375 10.0 58.3 0
074047 15.375 10.0 58.3 0
074117 15.375 10.0 58.3 0
074148 15.312 10.0 58.3 0
074219 15.312 10.0 58.237 0
074250 15.312 10.0 58.237 0
074320 15.312 10.0 58.237 0
074352 15.312 10.0 58.175 0
074423 15.312 10.0 58.175 0
074454 15.312 10.0 58.175 0
074524 15.312 10.0 58.175 0
074555 15.312 10.0 58.112 0
074625 15.312 10.0 58.112 0
074656 15.312 10.0 58.112 0
074726 15.312 10.0 58.05 0
074757 15.312 10.0 58.05 0
074828 15.312 10.0 58.05 0
074858 15.312 10.0 58.05 0
074929 15.312 10.0 57.987 0
074959 15.312 10.0 57.987 0
075030 15.312 10.0 57.987 0
075100 15.312 10.0 57.987 0
075131 15.312 10.0 57.925 0
075201 15.312 10.0 57.925 0
075231 15.312 10.0 57.862 0
075301 15.312 10.0 57.862 0
075331 15.312 10.0 57.8 0
075402 15.312 10.0 57.8 0
075432 15.312 10.0 57.737 0
075502 15.312 10.0 57.737 0
075533 15.312 10.0 57.737 0
075603 15.312 10.0 57.675 0
075633 15.25 10.0 57.675 0
075704 15.25 10.0 57.675 0
075735 15.25 10.0 57.612 0
075805 15.25 10.0 57.612 0
075836 15.25 10.0 57.612 0
075906 15.25 10.0 57.55 0
075936 15.25 10.0 57.55 0
080007 15.25 10.0 57.55 0
080037 15.25 10.0 57.487 0
080108 15.25 10.0 57.487 0
080138 15.25 10.0 57.487 0
080208 15.25 10.0 57.425 0
080239 15.25 10.0 57.425 0
080309 15.25 10.0 57.425 0
080340 15.25 10.0 57.362 0
080410 15.25 10.0 57.362 0
080441 15.25 10.0 57.362 0
080512 15.25 10.0 57.3 0
080542 15.25 10.0 57.3 0
080613 15.25 10.0 57.237 0
080643 15.25 10.0 57.237 0
080713 15.25 10.0 57.175 0
080744 15.25 10.0 57.175 0
080814 15.25 10.0 57.175 0
080845 15.25 10.0 57.175 0
080916 15.25 10.0 57.237 0
080946 15.25 10.0 57.3 0
081016 15.25 10.0 57.3 0
081046 15.25 10.0 57.362 0
081117 15.25 10.0 57.362 0
081147 15.25 10.0 57.362 0
081218 15.25 10.0 57.362 0
081248 15.25 10.0 57.362 0
081318 15.25 10.0 57.362 0
081348 15.25 10.0 57.3 0
081419 15.25 10.0 57.362 0
081449 15.25 10.0 57.3 0
081520 15.25 10.0 57.3 0
081550 15.25 10.0 57.3 0
081620 15.25 10.0 57.3 0
081651 15.187 10.0 57.3 0
081721 15.187 10.0 57.3 0
081752 15.187 10.0 57.3 0
081823 15.187 10.0 57.3 0
081853 15.187 10.0 57.237 0
081924 15.187 10.0 57.237 0
081954 15.187 10.0 57.237 0
082025 15.187 10.0 57.237 0
082055 15.187 10.0 57.175 0
082128 15.187 10.0 57.175 0
082158 15.187 10.0 57.112 0
082229 15.187 10.0 57.112 0
082259 15.187 10.0 57.05 0
082329 15.187 10.0 56.987 0
082359 15.187 10.0 56.987 0
082430 15.187 10.0 56.925 0
082501 15.187 10.0 56.925 0
082531 15.187 10.0 56.925 0
082602 15.187 10.0 56.862 0
082633 15.187 10.0 56.862 0
082703 15.187 10.0 56.862 0
082734 15.187 10.0 56.8 0
082804 15.187 10.0 56.8 0
082835 15.187 10.0 56.8 0
082905 15.187 10.0 56.8 0
082935 15.187 10.0 56.8 0
083006 15.187 10.0 56.987 0
083037 15.187 10.0 57.362 0
083107 15.187 10.0 57.987 0
083138 15.187 10.0 58.8 0
083208 15.187 10.0 59.8 0
083239 15.187 10.0 60.862 0
083309 15.187 10.0 61.925 0
083340 15.187 10.0 62.925 0
083410 15.187 10.0 63.737 0
083440 15.187 10.0 64.362 0
083511 15.187 10.0 64.8 0
083541 15.187 10.0 65.112 0
083611 15.187 10.0 65.362 0
083642 15.187 10.0 65.487 0
083712 15.187 10.0 65.612 0
083743 15.187 10.0 65.675 0
083813 15.187 10.0 65.8 0
083844 15.187 10.0 65.8 0
083914 15.125 10.0 65.8 0
083945 15.125 10.0 65.862 0
084015 15.125 10.0 65.862 0
084046 15.125 10.0 65.925 0
084116 15.125 10.0 65.925 0
084147 15.125 10.0 65.987 0
084218 15.125 10.0 65.987 0
084248 15.125 10.0 66.05 0
084319 15.125 10.0 66.05 0
084349 15.125 10.0 66.112 0
084420 15.125 10.0 66.112 0
084451 15.125 10.0 66.175 0
084522 15.125 10.0 66.175 0
084552 15.125 10.0 66.237 0
084623 15.125 10.0 66.237 0
084654 15.125 10.0 66.3 0
084724 15.125 10.0 66.3 0
084755 15.125 10.0 66.3 0
084826 15.125 10.0 66.362 0
084856 15.125 10.0 66.362 0
084927 15.125 10.0 66.425 0
084957 15.125 10.0 66.425 0
085027 15.125 10.0 66.425 0
085058 15.125 10.0 66.425 0
085129 15.125 10.0 66.487 0
085159 15.125 10.0 66.487 0
085230 15.125 10.0 66.487 0
085300 15.125 10.0 66.55 0
085330 15.125 10.0 66.55 0
085402 15.125 10.0 66.55 0
085433 15.125 10.0 66.612 0
085504 15.125 10.0 66.612 0
085534 15.125 10.0 66.612 0
085604 15.125 10.0 66.612 0
085634 15.125 10.0 66.612 0
085705 15.125 10.0 66.612 0
085735 15.125 10.0 66.612 0
085805 15.125 10.0 66.612 0
085835 15.125 10.0 66.612 0
085906 15.187 10.0 66.612 0
085936 15.187 10.0 66.612 0
090007 15.187 10.0 66.612 0
090037 15.187 10.0 66.612 0
090107 15.187 10.0 66.612 0
090137 15.312 10.0 66.612 0
090207 15.312 10.0 66.612 0
090238 15.312 10.0 66.612 0
090309 15.312 10.0 66.612 0
090339 15.312 10.0 66.612 0
090409 15.312 10.0 66.612 0
090440 15.312 10.0 66.612 0
090510 15.312 10.0 66.612 0
090540 15.312 10.0 66.55 0
090611 15.312 10.0 66.55 0
090641 15.312 10.0 66.55 0
090712 15.312 10.0 66.55 0
090743 15.312 10.0 66.55 0
090813 15.312 10.0 66.55 0
090844 15.312 10.0 66.55 0
090914 15.25 10.0 66.55 0
090944 15.25 10.0 66.487 0
091015 15.25 10.0 66.487 0
091045 15.25 10.0 66.487 0
091116 15.25 10.0 66.425 0
091146 15.25 10.0 66.425 0
091217 15.25 10.0 66.425 0
091247 15.25 10.0 66.425 0
091317 15.25 10.0 66.362 0
091347 15.25 10.0 66.362 0
091418 15.187 10.0 66.362 0
091448 15.187 10.0 66.362 0
091518 15.187 10.0 66.3 0
091548 15.187 10.0 66.3 0
091619 15.187 10.0 66.3 0
091649 15.187 10.0 66.3 0
091719 15.187 10.0 66.237 0
091750 15.187 10.0 66.237 0
091820 15.187 10.0 66.237 0
091851 15.187 10.0 66.237 0
091922 15.125 10.0 66.237 0
091952 15.125 10.0 66.175 0
092022 15.125 10.0 66.175 0
092053 15.125 10.0 66.175 0
092123 15.125 10.0 66.175 0
092154 15.062 10.0 66.112 0
092224 15.062 10.0 66.112 0
092254 15.062 10.0 66.112 0
092325 15.062 10.0 66.112 0
092356 15.062 10.0 66.05 0
092426 15.062 10.0 66.05 0
092457 15.062 10.0 66.05 0
092527 15.062 10.0 65.987 0
092557 15.062 10.0 65.987 0
092628 15.062 10.0 65.987 0
092659 15.062 10.0 65.925 0
092729 15.062 10.0 65.925 0
092759 15.062 10.0 65.925 0
092830 15.062 10.0 65.925 0
092900 15.062 10.0 65.862 0
092930 15.062 10.0 65.862 0
093000 15.062 10.0 65.8 0
093030 15.062 10.0 65.8 0
093101 15.062 10.0 65.8 0
093132 15.062 10.0 65.737 0
093202 15.125 10.0 65.737 0
093232 15.125 10.0 65.675 0
093302 15.125 10.0 65.675 0
093333 15.125 10.0 65.675 0
093403 15.125 10.0 65.612 0
093433 15.125 10.0 65.612 0
093504 15.125 10.0 65.612 0
093534 15.125 10.0 65.675 0
093605 15.125 10.0 65.737 0
093635 15.125 10.0 65.862 0
093705 15.125 10.0 65.925 0
093736 15.125 10.0 65.987 0
093806 15.125 10.0 65.987 0
093837 15.125 10.0 66.05 0
093909 15.125 10.0 66.05 0
093940 15.125 10.0 66.05 0
094010 15.125 10.0 66.112 0
094040 15.125 10.0 66.112 0
094110 15.125 10.0 66.112 0
094141 15.125 10.0 66.112 0
094211 15.125 10.0 66.112 0
094241 15.125 10.0 66.112 0
094312 15.125 10.0 66.05 0
094342 15.125 10.0 66.05 0
094413 15.125 10.0 66.05 0
094443 15.125 10.0 66.05 0
094513 15.125 10.0 66.05 0
094544 15.125 10.0 66.05 0
094614 15.125 10.0 65.987 0
094644 15.125 10.0 65.987 0
094714 15.125 10.0 65.987 0
094745 15.125 10.0 65.925 0
094815 15.125 10.0 65.925 0
094845 15.125 10.0 65.925 0
094916 15.125 10.0 65.925 0
094946 15.125 10.0 65.862 0
095017 15.125 10.0 65.862 0
095048 15.125 10.0 65.862 0
095118 15.125 10.0 65.8 0
095149 15.125 10.0 65.8 0
095219 15.125 10.0 65.8 0
095250 15.125 10.0 65.8 0
095321 15.125 10.0 65.737 0
095351 15.125 10.0 65.737 0
095421 15.125 10.0 65.737 0
095452 15.125 10.0 65.675 0
095522 15.125 10.0 65.675 0
095553 15.125 10.0 65.675 0
095623 15.125 10.0 65.675 0
095654 15.062 10.0 65.675 0
095725 15.062 10.0 65.612 0
095755 15.062 10.0 65.612 0
095826 15.062 10.0 65.612 0
095856 15.062 10.0 65.612 0
095927 15.062 10.0 65.55 0
095957 15.062 10.0 65.55 0
100027 15.062 10.0 65.55 0
100057 15.062 10.0 65.487 0
100128 15.062 10.0 65.487 0
100158 15.0 10.0 65.487 0
100229 15.0 10.0 65.425 0
100259 15.0 10.0 65.425 0
100329 15.0 10.0 65.362 0
100400 15.0 10.0 65.362 0
100430 15.0 10.0 65.3 0
100500 15.0 10.0 65.3 0
100531 15.0 10.0 65.3 0
100601 15.0 10.0 65.237 0
100632 15.0 10.0 65.237 0
100702 15.0 10.0 65.175 0
100733 15.0 10.0 65.175 0
100803 15.0 10.0 65.112 0
100834 15.0 10.0 65.112 0
100905 15.0 10.0 65.112 0
100935 15.0 10.0 65.05 0
101006 15.0 10.0 65.05 0
101036 15.0 10.0 65.05 0
101106 15.0 10.0 64.987 0
101137 15.0 10.0 64.987 0
101207 15.0 10.0 64.925 0
101237 15.0 10.0 64.925 0
101307 15.0 10.0 64.862 0
101338 15.0 10.0 64.862 0
101408 15.0 10.0 64.862 0
101438 15.125 10.0 64.8 0
101509 15.125 10.0 64.8 0
101540 15.125 10.0 64.8 0
101610 15.125 10.0 64.737 0
101640 15.125 10.0 64.737 0
101711 15.125 10.0 64.675 0
101741 15.125 10.0 64.675 0
101811 15.125 10.0 64.675 0
101842 15.125 10.0 64.612 0
101912 15.125 10.0 64.612 0
101942 15.125 10.0 64.55 0
102012 15.125 10.0 64.487 0
102043 15.125 10.0 64.487 0
102113 15.125 10.0 64.425 0
102146 15.25 10.0 64.362 0
102216 15.25 10.0 64.362 0
102247 15.25 10.0 64.3 0
102317 15.25 10.0 64.237 0
102347 15.25 10.0 64.237 0
102418 15.625 10.0 64.175 0
102448 15.625 10.0 64.175 0
102518 15.625 10.0 64.112 0
102549 15.625 20.0 64.112 0
102620 15.625 20.0 64.05 50
102651 15.875 20.0 63.987 50
102722 15.875 20.0 63.925 50
102752 15.875 20.0 63.862 50
102822 15.875 20.0 63.737 50
102853 15.875 20.0 63.55 50
102923 16.0 20.0 63.425 50
102954 16.0 20.0 63.175 50
103024 16.0 20.0 62.862 50
103054 16.0 20.0 62.55 50
103125 16.0 20.0 62.175 50
103156 16.25 20.0 61.675 50
103226 16.25 20.0 61.112 50
103256 16.25 20.0 60.425 50
103326 16.25 20.0 59.675 0
103356 16.25 20.0 59.05 0
103427 16.75 20.0 58.612 0
103457 16.75 20.0 58.3 0
103527 16.75 20.0 58.05 0
103558 16.75 20.0 57.737 0
103628 16.75 20.0 57.237 0
103658 17.125 20.0 56.675 0
103729 17.125 20.0 56.112 0
103800 17.125 20.0 55.8 0
103830 17.125 20.0 55.612 0
103901 17.125 20.0 55.487 0
103931 17.437 20.0 55.55 0
104002 17.437 20.0 55.675 0
104032 17.437 20.0 55.8 0
104103 17.437 20.0 55.987 0
104133 17.437 20.0 56.237 0
104204 17.562 20.0 56.55 0
104235 17.562 20.0 56.8 0
104306 17.562 20.0 57.112 0
104336 17.562 20.0 57.425 0
104407 17.562 20.0 57.8 0
104437 17.562 20.0 58.237 0
104508 17.562 20.0 58.8 0
104539 17.562 20.0 59.612 0
104610 17.562 20.0 60.55 50
104640 17.562 20.0 61.55 50
104711 17.625 20.0 62.55 50
104742 17.625 20.0 63.425 50
104812 17.625 20.0 64.05 50
104843 17.625 20.0 64.487 50
104913 17.625 20.0 64.8 50
104944 17.687 20.0 64.987 50
105015 17.687 20.0 65.175 50
105045 17.687 20.0 65.3 50
105116 17.687 20.0 65.425 50
105147 17.687 20.0 65.487 50
105217 17.75 20.0 65.487 50
105247 17.75 20.0 65.55 50
105318 17.75 20.0 65.55 50
105349 17.75 20.0 65.487 50
105421 17.937 20.0 65.425 50
105451 17.937 20.0 65.362 50
105522 17.937 20.0 65.237 50
105552 17.937 20.0 65.05 50
105623 17.937 20.0 64.612 50
105653 18.25 20.0 63.737 50
105724 18.25 20.0 62.3 50
105755 18.25 20.0 60.175 50
105826 18.25 20.0 57.862 0
105856 18.25 20.0 56.175 0
105926 18.562 20.0 55.175 0
105957 18.562 20.0 54.55 0
110027 18.562 20.0 54.112 0
110057 18.562 20.0 53.925 0
110127 18.562 20.0 53.737 0
110158 18.812 20.0 53.675 0
110229 18.812 20.0 53.55 0
110259 18.812 20.0 53.675 0
110330 18.812 20.0 53.862 0
110400 18.812 20.0 54.175 0
110430 18.812 20.0 54.675 0
110501 18.812 20.0 55.362 0
110531 18.812 20.0 56.487 0
110601 18.812 20.0 57.55 0
110632 18.812 20.0 58.862 0
110702 18.812 20.0 59.987 0
110733 18.812 20.0 61.175 50
110803 18.812 20.0 62.3 50
110834 18.812 20.0 63.237 50
110904 18.812 20.0 63.862 50
110935 18.875 20.0 64.237 50
111006 18.875 20.0 64.55 50
111037 18.875 20.0 64.8 50
111107 18.875 20.0 64.925 50
111137 18.875 20.0 65.05 50
111208 19.062 20.0 65.112 50
111238 19.062 20.0 65.175 50
111308 19.062 20.0 65.175 50
111339 19.062 20.0 65.175 50
111409 19.062 20.0 65.112 50
111439 19.312 20.0 65.05 50
111509 19.312 20.0 64.925 50
111540 19.312 20.0 64.737 50
111610 19.312 20.0 64.425 50
111640 19.312 20.0 63.8 50
111710 19.625 20.0 62.987 50
111740 19.625 20.0 61.925 50
111811 19.625 20.0 60.675 50
111841 19.625 20.0 59.425 0
111911 19.625 20.0 58.362 0
111941 19.937 20.0 57.675 0
112012 19.937 20.0 57.237 0
112042 19.937 20.0 56.925 0
112112 19.937 20.0 56.8 0
112143 19.937 20.0 56.675 0
112214 20.062 20.0 56.55 0
112245 20.062 20.0 56.362 0
112315 20.062 20.0 56.112 0
112346 20.062 20.0 55.737 0
112417 20.062 20.0 55.55 0
112447 20.062 20.0 55.612 0
112518 20.062 20.0 56.175 0
112549 20.062 20.0 56.8 0
112619 20.062 20.0 57.55 0
112649 20.062 20.0 58.425 0
112719 20.0 20.0 59.362 0
112750 20.0 20.0 60.362 0
112820 20.0 20.0 61.3 0
112850 20.0 20.0 62.175 0
112921 20.0 20.0 62.925 0
112951 19.937 20.0 63.362 50
113022 19.937 20.0 63.737 50
113052 19.937 20.0 63.987 50
113123 19.937 20.0 64.175 50
113153 19.937 20.0 64.362 50
113223 19.75 20.0 64.425 50
113254 19.75 20.0 64.487 50
113324 19.75 20.0 64.487 50
113355 19.75 20.0 64.487 50
113427 19.937 20.0 64.425 50
113457 19.937 20.0 64.237 50
113527 19.937 20.0 63.862 50
113558 19.937 20.0 62.925 50
113629 19.937 20.0 61.175 50
113659 20.125 20.0 58.987 0
113729 20.125 20.0 56.925 0
113759 20.125 20.0 55.3 0
113829 20.125 20.0 53.925 0
113900 20.125 20.0 52.737 0
113930 20.375 20.0 51.8 0
114000 20.375 20.0 50.987 0
114031 20.375 20.0 50.3 0
114101 20.375 20.0 49.987 0
114131 20.375 20.0 50.175 0
114202 20.5 20.0 50.737 0
114232 20.5 20.0 51.55 0
114302 20.5 20.0 52.425 0
114333 20.5 20.0 53.487 0
114403 20.5 20.0 54.55 0
114434 20.437 20.0 55.55 0
114504 20.437 20.0 56.55 0
114534 20.437 20.0 57.612 0
114604 20.437 20.0 58.612 0
114634 20.437 20.0 59.55 0
114705 20.375 20.0 60.55 0
114735 20.375 20.0 61.55 0
114806 20.375 20.0 62.55 0
114837 20.375 20.0 63.3 0
114907 20.375 20.0 63.8 0
114938 20.25 20.0 64.175 0
115008 20.25 20.0 64.425 0
115039 20.25 20.0 64.675 0
115110 20.25 20.0 64.862 0
115140 20.25 20.0 65.05 0
115210 20.125 20.0 65.112 0
115241 20.125 20.0 65.237 0
115312 20.125 20.0 65.3 0
115342 20.125 20.0 65.3 0
115413 20.125 20.0 65.362 0
115443 20.0 20.0 65.425 0
115513 20.0 20.0 65.425 0
115544 20.0 20.0 65.487 0
115615 20.0 20.0 65.55 0
115645 20.0 20.0 65.55 0
115716 19.937 20.0 65.612 50
115746 19.937 20.0 65.612 50
115817 19.937 20.0 65.612 50
115848 19.937 20.0 65.612 50
115918 19.937 20.0 65.675 50
115949 19.875 20.0 65.675 50
120020 19.875 20.0 65.675 50
120050 19.875 20.0 65.675 50
120121 19.875 20.0 65.612 50
120151 19.875 20.0 65.612 50
120222 19.937 20.0 65.612 50
120253 19.937 20.0 65.55 50
120323 19.937 20.0 65.425 50
120354 19.937 20.0 65.362 50
120424 19.937 20.0 65.175 50
120455 20.187 20.0 64.987 0
120525 20.187 20.0 64.737 0
120556 20.187 20.0 64.55 0
120626 20.187 20.0 64.362 0
120656 20.187 20.0 64.237 0
120726 20.375 20.0 64.112 0
120756 20.375 20.0 64.05 0
120827 20.375 20.0 63.987 0
120857 20.375 20.0 63.925 0
120930 20.5 20.0 63.862 0
121000 20.5 20.0 63.8 0
121030 20.5 20.0 63.737 0
121101 20.5 20.0 63.675 0
121131 20.5 20.0 63.675 0
121202 20.562 20.0 63.612 0
121232 20.562 20.0 63.55 0
121302 20.562 20.0 63.487 0
121333 20.562 20.0 63.425 0
121403 20.562 20.0 63.362 0
121433 20.5 20.0 63.362 0
121503 20.5 20.0 63.3 0
121534 20.5 20.0 63.237 0
121605 20.5 20.0 63.175 0
121636 20.5 20.0 63.112 0
121706 20.437 20.0 63.112 0
121736 20.437 20.0 63.05 0
121807 20.437 20.0 62.862 0
121837 20.437 20.0 62.55 0
121907 20.437 20.0 62.05 0
121937 20.312 20.0 61.362 0
122007 20.312 20.0 60.487 0
122037 20.312 20.0 59.55 0
122107 20.312 20.0 58.862 0
122138 20.312 20.0 58.362 0
122209 20.25 20.0 58.05 0
122239 20.25 20.0 57.862 0
122310 20.25 20.0 57.675 0
122340 20.25 20.0 57.55 0
122411 20.25 20.0 57.487 0
122441 20.187 20.0 57.425 0
122512 20.187 20.0 57.362 0
122542 20.187 20.0 57.3 0
122613 20.187 20.0 57.237 0
122643 20.187 20.0 57.175 0
122714 20.25 20.0 57.175 0
122744 20.25 20.0 57.175 0
122815 20.25 20.0 57.175 0
122846 20.25 20.0 57.237 0
122916 20.25 20.0 57.362 0
122946 20.187 20.0 57.675 0
123017 20.187 20.0 58.237 0
123047 20.187 20.0 59.05 0
123117 20.187 20.0 59.987 0
123147 20.187 20.0 61.05 0
123218 20.187 20.0 62.175 0
123248 20.187 20.0 63.237 0
123319 20.187 20.0 64.05 0
123350 20.187 20.0 64.675 0
123421 20.187 20.0 65.05 0
123451 20.125 20.0 65.362 0
123521 20.125 20.0 65.612 0
123551 20.125 20.0 65.8 0
123621 20.125 20.0 65.925 0
123651 20.125 20.0 66.05 0
123722 20.125 20.0 66.112 0
123753 20.125 20.0 66.175 0
123824 20.125 20.0 66.237 0
123854 20.125 20.0 66.237 0
123924 20.125 20.0 66.3 0
123955 20.0 20.0 66.3 0
124026 20.0 20.0 66.3 0
124056 20.0 20.0 66.3 0
124127 20.0 20.0 66.3 0
124157 20.0 20.0 66.3 0
124228 20.0 20.0 66.3 0
124259 20.0 20.0 66.237 0
124329 20.0 20.0 66.237 0
124400 20.0 20.0 66.237 0
124431 20.0 20.0 66.237 0
124501 19.937 20.0 66.175 50
124532 19.937 20.0 66.175 50
124602 19.937 20.0 66.175 50
124633 19.937 20.0 66.112 50
124705 20.0 20.0 66.112 50
124736 20.0 20.0 66.112 50
124806 20.0 20.0 66.05 50
124836 20.0 20.0 65.987 50
124907 20.0 20.0 65.925 50
124937 20.0 20.0 65.862 50
125007 20.0 20.0 65.8 50
125038 20.0 20.0 65.737 50
125108 20.0 20.0 65.675 50
125138 20.0 20.0 65.55 50
125208 20.25 20.0 65.425 0
125238 20.25 20.0 65.3 0
125309 20.25 20.0 65.175 0
125339 20.25 20.0 65.05 0
125409 20.25 20.0 64.987 0
125439 20.437 20.0 64.862 0
125509 20.437 20.0 64.8 0
125540 20.437 20.0 64.737 0
125611 20.437 20.0 64.675 0
125641 20.437 20.0 64.675 0
125711 20.312 20.0 64.612 0
125742 20.312 20.0 64.55 0
125812 20.312 20.0 64.487 0
125842 20.312 20.0 64.425 0
125913 20.312 20.0 64.362 0
125943 20.187 20.5 64.3 0
130013 20.187 21.0 64.237 50
130044 20.187 21.0 63.925 50
130114 20.187 21.0 63.3 50
130144 20.187 21.0 62.237 50
130215 20.062 21.0 60.612 50
130245 20.062 21.0 58.237 0
130316 20.062 21.0 55.8 0
130346 20.062 21.0 53.425 0
130416 20.062 21.0 51.362 0
130447 20.125 21.0 49.425 0
130518 20.125 21.0 47.55 0
130548 20.125 21.0 45.987 0
130619 20.125 21.0 44.925 0
130649 20.125 21.0 44.425 0
130719 20.0 21.0 44.425 0
130750 20.0 21.0 44.8 0
130820 20.0 21.0 45.3 0
130851 20.0 21.0 45.987 0
130922 20.0 21.0 46.737 0
130952 19.937 21.0 47.612 0
131022 19.937 21.0 48.425 0
131053 19.937 21.0 49.237 0
131123 19.937 21.0 49.987 0
131154 19.937 21.0 50.8 0
131224 19.875 21.0 51.612 0
131255 19.875 21.0 52.425 0
131326 19.875 21.0 53.3 0
131356 19.875 21.0 54.175 0
131427 19.875 21.0 54.987 0
131457 19.937 21.0 55.675 0
131528 19.937 21.0 56.425 0
131558 19.937 21.0 57.3 0
131628 19.937 21.0 58.112 0
131659 19.937 21.0 59.05 0
131729 19.875 21.0 59.987 0
131759 19.875 21.0 60.925 50
131829 19.875 21.0 61.862 50
131900 19.875 21.0 62.675 50
131930 19.875 21.0 63.362 50
132000 19.812 21.0 63.862 50
132031 19.812 21.0 64.3 50
132101 19.812 21.0 64.675 50
132131 19.812 21.0 64.925 50
132202 19.812 21.0 65.112 50
132232 19.812 21.0 65.3 50
132302 19.812 21.0 65.425 50
132333 19.812 21.0 65.612 50
132403 19.812 21.0 65.8 50
132434 19.812 21.0 65.925 50
132504 19.875 21.0 65.987 50
132535 19.875 21.0 66.112 50
132606 19.875 21.0 66.175 50
132636 19.875 21.0 66.175 50
132707 19.875 21.0 66.175 50
132738 20.062 21.0 66.175 50
132808 20.062 21.0 66.05 50
132838 20.062 21.0 65.737 50
132909 20.062 21.0 64.987 50
132941 20.187 21.0 63.55 50
133011 20.187 21.0 62.05 50
133042 20.187 21.0 60.425 50
133112 20.187 21.0 58.925 0
133142 20.187 21.0 57.8 0
133213 20.375 21.0 57.112 0
133243 20.375 21.0 56.675 0
133313 20.375 21.0 56.3 0
133344 20.375 21.0 56.112 0
133415 20.375 21.0 56.05 0
133445 20.437 21.0 56.175 0
133516 20.437 21.0 56.612 0
133546 20.437 21.0 57.362 0
133616 20.437 21.0 58.237 0
133646 20.437 21.0 59.175 0
133716 20.437 21.0 60.3 50
133746 20.437 21.0 61.425 50
133817 20.437 21.0 62.487 50
133847 20.437 21.0 63.55 50
133918 20.437 21.0 64.3 50
133949 20.375 21.0 64.925 50
134019 20.375 21.0 65.425 50
134050 20.375 21.0 65.862 50
134121 20.375 21.0 66.175 50
134151 20.375 21.0 66.487 50
134222 20.375 21.0 66.675 50
134252 20.375 21.0 66.862 50
134322 20.375 21.0 66.987 50
134353 20.375 21.0 67.112 50
134424 20.375 21.0 67.237 50
134454 20.5 21.0 67.362 50
134525 20.5 21.0 67.425 50
134555 20.5 21.0 67.487 50
134626 20.5 21.0 67.487 50
134657 20.5 21.0 67.425 50
134728 20.625 21.0 67.362 50
134758 20.625 21.0 67.237 50
134829 20.625 21.0 66.925 50
134859 20.625 21.0 66.55 50
134930 20.625 21.0 65.862 50
135001 20.75 21.0 64.925 50
135031 20.75 21.0 63.925 50
135101 20.75 21.0 62.8 50
135131 20.75 21.0 61.612 50
135201 20.75 21.0 60.487 50
135232 20.812 21.0 59.425 0
135302 20.812 21.0 58.675 0
135333 20.812 21.0 58.175 0
135404 20.812 21.0 57.862 0
135435 20.812 21.0 57.675 0
135505 20.875 21.0 57.487 0
135535 20.875 21.0 57.487 0
135606 20.875 21.0 57.425 0
135636 20.875 21.0 57.425 0
135707 20.875 21.0 57.487 0
135737 20.75 21.0 57.55 0
135807 20.75 21.0 57.55 0
135838 20.75 21.0 57.675 0
135908 20.75 21.0 57.737 0
135938 20.75 21.0 57.862 0
140009 20.687 21.0 57.987 50
140039 20.687 21.0 58.175 50
140110 20.687 21.0 58.362 50
140141 20.687 21.0 58.487 50
140214 20.625 21.0 58.55 50
140244 20.625 21.0 58.612 50
140314 20.625 21.0 58.675 50
140344 20.625 21.0 58.737 50
140415 20.625 21.0 58.737 50
140445 20.625 21.0 58.8 50
140515 20.625 21.0 58.862 50
140546 20.625 21.0 58.862 50
140616 20.625 21.0 58.925 50
140647 20.625 21.0 58.925 50
140717 20.625 21.0 58.925 50
140747 20.625 21.0 58.925 50
140817 20.625 21.0 58.862 50
140847 20.625 21.0 58.8 50
140917 20.625 21.0 58.737 50
140948 20.687 21.0 58.55 50
141018 20.687 21.0 58.237 50
141048 20.687 21.0 57.8 50
141118 20.687 21.0 57.112 50
141149 20.687 21.0 56.362 50
141220 20.687 21.0 55.612 50
141250 20.687 21.0 54.862 50
141320 20.687 21.0 54.175 50
141350 20.687 21.0 53.612 0
141420 20.687 21.0 53.237 0
141451 20.812 21.0 53.05 0
141522 20.812 21.0 53.175 0
141552 20.812 21.0 53.737 0
141623 20.812 21.0 54.55 50
141653 20.812 21.0 55.55 50
141724 20.75 21.0 56.487 50
141754 20.75 21.0 57.487 50
141825 20.75 21.0 58.487 50
141855 20.75 21.0 59.362 50
141925 20.75 21.0 60.175 50
141955 20.687 21.0 61.05 50
142025 20.687 21.0 61.862 50
142056 20.687 21.0 62.55 50
142126 20.687 21.0 63.112 50
142156 20.687 21.0 63.612 50
142226 20.687 21.0 63.987 50
142257 20.687 21.0 64.3 50
142327 20.687 21.0 64.55 50
142357 20.687 21.0 64.737 50
142428 20.687 21.0 64.925 50
142458 20.625 21.0 65.112 50
142528 20.625 21.0 65.237 50
142558 20.625 21.0 65.362 50
142628 20.625 21.0 65.487 50
142659 20.625 21.0 65.612 50
142729 20.625 21.0 65.675 50
142800 20.625 21.0 65.737 50
142830 20.625 21.0 65.737 50
142900 20.625 21.0 65.675 50
142931 20.625 21.0 65.612 50
143001 20.812 21.0 65.55 50
143031 20.812 21.0 65.362 50
143101 20.812 21.0 64.987 50
143131 20.812 21.0 64.362 50
143202 20.812 21.0 63.55 50
143232 20.937 21.0 62.612 50
143303 20.937 21.0 61.737 50
143333 20.937 21.0 60.987 50
143403 20.937 21.0 60.237 50
143433 20.937 21.0 59.612 50
143503 21.0 21.0 59.05 50
143533 21.0 21.0 58.55 50
143604 21.0 21.0 58.112 50
143634 21.0 21.0 57.737 50
143704 21.0 21.0 57.425 50
143735 21.0 21.0 57.112 50
143805 21.0 21.0 56.862 50
143835 21.0 21.0 56.675 50
143905 21.0 21.0 56.487 50
143935 21.0 21.0 56.425 50
144005 21.062 21.0 56.362 0
144036 21.062 21.0 56.425 0
144106 21.062 21.0 56.675 0
144137 21.062 21.0 57.05 0
144207 21.062 21.0 57.737 0
144237 21.0 21.0 58.612 0
144307 21.0 21.0 59.737 0
144338 21.0 21.0 61.05 0
144408 21.0 21.0 62.175 0
144439 21.0 21.0 63.175 0
144509 20.937 21.0 64.112 50
144539 20.937 21.0 64.925 50
144610 20.937 21.0 65.612 50
144640 20.937 21.0 66.175 50
144711 20.937 21.0 66.55 50
144742 20.812 21.0 66.8 50
144812 20.812 21.0 67.05 50
144843 20.812 21.0 67.175 50
144914 20.812 21.0 67.3 50
144944 20.812 21.0 67.362 50
145014 20.75 21.0 67.487 50
145045 20.75 21.0 67.55 50
145116 20.75 21.0 67.55 50
145147 20.75 21.0 67.612 50
145217 20.75 21.0 67.612 50
145247 20.875 21.0 67.612 50
145317 20.875 21.0 67.612 50
145348 20.875 21.0 67.55 50
145418 20.875 21.0 67.425 50
145451 20.812 21.0 67.237 50
145522 20.812 21.0 66.862 50
145552 20.812 21.0 66.175 50
145623 20.812 21.0 65.112 50
145653 20.812 21.0 63.737 50
145724 20.937 21.0 62.237 50
145754 20.937 21.0 60.737 50
145824 20.937 21.0 59.3 0
145854 20.937 21.0 58.237 0
145925 20.937 21.0 57.362 0
145956 21.0 21.0 56.8 0
150026 21.0 21.0 56.487 0
150057 21.0 21.0 56.237 0
150127 21.0 21.0 56.175 0
150158 21.0 21.0 56.175 0
150228 20.937 21.0 56.362 0
150259 20.937 21.0 56.8 0
150330 20.937 21.0 57.487 0
150400 20.937 21.0 58.237 0
150430 20.937 21.0 59.425 0
150501 20.875 21.0 60.55 50
150531 20.875 21.0 61.862 50
150601 20.875 21.0 63.112 50
150632 20.875 21.0 64.05 50
150703 20.875 21.0 64.737 50
150733 20.812 21.0 65.175 50
150803 20.812 21.0 65.487 50
150833 20.812 21.0 65.675 50
150903 20.812 21.0 65.8 50
150934 20.812 21.0 65.987 50
151004 20.875 21.0 66.05 50
151035 20.875 21.0 66.175 50
151105 20.875 21.0 66.237 50
151135 20.875 21.0 66.3 50
151206 20.875 21.0 66.3 50
151236 21.0 21.0 66.3 50
151306 21.0 21.0 66.3 50
151337 21.0 21.0 66.3 50
151408 21.0 21.0 66.175 50
151439 21.0 21.0 66.112 50
151509 21.062 21.0 65.987 0
151540 21.062 21.0 65.8 0
151610 21.062 21.0 65.675 0
151640 21.062 21.0 65.612 0
151711 21.062 21.0 65.55 0
151741 21.187 21.0 65.487 0
151811 21.187 21.0 65.425 0
151841 21.187 21.0 65.362 0
151912 21.187 21.0 65.3 0
151942 21.187 21.0 65.3 0
152012 21.187 21.0 65.237 0
152042 21.187 21.0 65.237 0
152113 21.187 21.0 65.175 0
152143 21.187 21.0 65.175 0
152213 21.187 21.0 65.112 0
152244 21.062 21.0 65.05 0
152314 21.062 21.0 64.987 0
152344 21.062 21.0 64.925 0
152415 21.062 21.0 64.675 0
152446 21.062 21.0 64.487 0
152516 21.0 21.0 64.237 0
152547 21.0 21.0 64.112 0
152618 21.0 21.0 63.987 0
152648 21.0 21.0 63.925 0
152719 21.0 21.0 63.862 0
152749 20.687 21.0 63.8 50
152820 20.687 21.0 63.55 50
152851 20.687 21.0 63.05 50
152921 20.687 21.0 62.425 50
152951 20.687 21.0 61.8 50
153022 20.312 21.0 61.362 50
153052 20.312 21.0 60.987 50
153122 20.312 21.0 60.737 50
153153 20.312 21.0 60.55 50
153226 19.937 21.0 60.487 50
153256 19.937 21.0 60.362 50
153327 19.937 21.0 60.3 50
153357 19.937 21.0 60.237 50
153427 19.937 21.0 60.175 50
153457 19.75 21.0 60.175 50
153527 19.75 21.0 60.112 50
153558 19.75 21.0 60.05 50
153628 19.75 21.0 60.05 50
153658 19.75 21.0 59.987 0
153729 19.625 21.0 59.925 0
153759 19.625 21.0 59.862 0
153829 19.625 21.0 59.8 0
153900 19.625 21.0 59.675 0
153931 19.625 21.0 59.55 0
154001 19.5 21.0 59.3 0
154032 19.5 21.0 59.112 0
154102 19.5 21.0 58.925 0
154132 19.5 21.0 58.8 0
154203 19.5 21.0 58.737 0
154234 19.375 21.0 58.675 0
154304 19.375 21.0 58.612 0
154335 19.375 21.0 58.55 0
154405 19.375 21.0 58.487 0
154435 19.375 21.0 58.425 0
154505 19.312 21.0 58.362 0
154536 19.312 21.0 58.362 0
154606 19.312 21.0 58.3 0
154636 19.312 21.0 58.237 0
154706 19.312 21.0 58.237 0
154737 19.187 21.0 58.175 0
154808 19.187 21.0 58.175 0
154838 19.187 21.0 58.112 0
154908 19.187 21.0 58.05 0
154938 19.187 21.0 57.987 0
155008 19.125 21.0 57.987 0
155039 19.125 21.0 57.925 0
155109 19.125 21.0 57.925 0
155139 19.125 21.0 57.8 0
155210 19.125 21.0 57.55 0
155240 19.0 21.0 57.175 0
155311 19.0 21.0 56.737 0
155341 19.0 21.0 56.425 0
155412 19.0 21.0 56.112 0
155443 19.0 21.0 55.925 0
155513 18.937 21.0 55.8 0
155543 18.937 21.0 55.737 0
155614 18.937 21.0 55.8 0
155645 18.937 21.0 55.925 0
155715 18.937 21.0 56.237 0
155746 18.812 21.0 56.675 0
155817 18.812 21.0 57.362 0
155847 18.812 21.0 58.3 0
155918 18.812 21.0 59.425 0
155949 18.812 21.0 60.612 50
160019 18.812 21.0 61.675 50
160049 18.812 21.0 62.8 50
160120 18.812 21.0 63.612 50
160150 18.812 21.0 64.3 50
160221 18.812 21.0 64.8 50
160252 18.75 21.0 65.112 50
160323 18.75 21.0 65.362 50
160353 18.75 21.0 65.55 50
160423 18.75 21.0 65.675 50
160453 18.75 21.0 65.8 50
160524 18.687 21.0 65.862 50
160554 18.687 21.0 65.925 50
160624 18.687 21.0 65.987 50
160654 18.687 21.0 65.987 50
160725 18.687 21.0 65.987 50
160755 18.687 21.0 65.987 50
160826 18.687 21.0 65.925 50
160856 18.687 21.0 65.8 50
160927 18.687 21.0 65.675 50
160958 18.687 21.0 65.425 50
161028 18.687 21.0 64.8 50
161059 18.687 21.0 63.737 50
161129 18.687 21.0 62.175 50
161159 18.687 21.0 60.112 50
161232 18.687 21.0 57.675 0
161302 18.687 21.0 56.175 0
161332 18.687 21.0 55.237 0
161403 18.687 21.0 54.55 0
161433 18.687 21.0 54.175 0
161504 18.75 21.0 53.862 0
161534 18.75 21.0 53.8 0
161604 18.75 21.0 53.862 0
161634 18.75 21.0 53.987 0
161704 18.75 21.0 54.425 0
161735 18.75 21.0 55.175 0
161805 18.75 21.0 56.237 0
161836 18.75 21.0 57.425 0
161906 18.75 21.0 58.737 0
161936 18.75 21.0 59.862 0
162006 18.687 16.0 61.112 50
162037 18.687 16.0 62.362 0
162107 18.687 16.0 63.612 0
162137 18.687 16.0 64.487 0
162207 18.687 16.0 65.237 0
162238 18.625 16.0 65.925 0
162308 18.625 16.0 66.425 0
162338 18.625 16.0 66.8 0
162408 18.625 16.0 67.112 0
162438 18.625 16.0 67.3 0
162509 18.625 16.0 67.487 0
162539 18.625 16.0 67.612 0
162610 18.625 16.0 67.737 0
162640 18.625 16.0 67.925 0
162710 18.625 16.0 68.05 0
162740 18.5 16.0 68.175 0
162811 18.5 16.0 68.362 0
162841 18.5 16.0 68.487 0
162911 18.5 16.0 68.612 0
162942 18.5 16.0 68.737 0
163013 18.437 16.0 68.862 0
163043 18.437 16.0 68.987 0
163113 18.437 16.0 69.112 0
163144 18.437 16.0 69.237 0
163214 18.437 16.0 69.3 0
163245 18.375 16.0 69.425 0
163316 18.375 16.0 69.55 0
163346 18.375 16.0 69.675 0
163417 18.375 16.0 69.8 0
163447 18.375 16.0 69.925 0
163518 18.25 16.0 70.05 50
163548 18.25 16.0 70.175 50
163618 18.25 16.0 70.237 50
163649 18.25 16.0 70.362 50
163719 18.25 16.0 70.425 50
163749 18.187 16.0 70.55 50
163819 18.187 16.0 70.55 50
163849 18.187 16.0 70.612 50
163920 18.187 16.0 70.612 50
163950 18.187 16.0 70.612 50
164021 18.187 16.0 70.675 50
164051 18.187 16.0 70.675 50
164121 18.187 16.0 70.675 50
164152 18.187 16.0 70.675 50
164222 18.187 16.0 70.675 50
164252 18.187 16.0 70.675 50
164322 18.187 16.0 70.612 50
164353 18.187 16.0 70.55 50
164423 18.187 16.0 70.487 50
164453 18.187 16.0 70.3 50
164524 18.25 16.0 69.925 0
164554 18.25 16.0 69.362 0
164624 18.25 16.0 68.987 0
164655 18.25 16.0 68.675 0
164725 18.25 16.0 68.487 0
164756 18.312 16.0 68.3 0
164826 18.312 16.0 68.175 0
164857 18.312 16.0 68.112 0
164927 18.312 16.0 67.987 0
164958 18.312 16.0 67.862 0
165028 18.375 16.0 67.8 0
165058 18.375 16.0 67.737 0
165128 18.375 16.0 67.612 0
165159 18.375 16.0 67.55 0
165230 18.375 16.0 67.425 0
165300 18.437 16.0 67.362 0
165330 18.437 16.0 67.3 0
165400 18.437 16.0 67.237 0
165431 18.437 16.0 67.112 0
165502 18.437 16.0 67.05 0
165533 18.375 16.0 66.987 0
165604 18.375 16.0 66.862 0
165634 18.375 16.0 66.8 0
165704 18.375 16.0 66.737 0
165737 18.312 16.0 66.487 0
165807 18.312 16.0 65.862 0
165837 18.312 16.0 64.8 0
165908 18.312 16.0 63.487 0
165938 18.312 16.0 62.487 0
170008 18.25 16.0 61.862 0
170038 18.25 16.0 61.425 0
170109 18.25 16.0 61.112 0
170139 18.25 16.0 60.925 0
170210 18.25 16.0 60.8 0
170241 18.187 16.0 60.675 0
170311 18.187 16.0 60.612 0
170342 18.187 16.0 60.487 0
170413 18.187 16.0 60.425 0
170444 18.187 16.0 60.362 0
170514 18.125 16.0 60.3 0
170545 18.125 16.0 60.237 0
170615 18.125 16.0 60.175 0
170646 18.125 16.0 60.05 0
170716 18.125 16.0 59.925 0
170746 18.062 16.0 59.8 0
170817 18.062 16.0 59.675 0
170847 18.062 16.0 59.55 0
170917 18.062 16.0 59.425 0
170947 18.062 16.0 59.3 0
171018 18.0 16.0 59.112 0
171048 18.0 16.0 58.987 0
171118 18.0 16.0 58.862 0
171149 18.0 16.0 58.675 0
171220 18.0 16.0 58.55 0
171251 17.937 16.0 58.425 0
171321 17.937 16.0 58.3 0
171351 17.937 16.0 58.237 0
171422 17.937 16.0 58.175 0
171452 17.937 16.0 58.112 0
171523 17.875 16.0 58.05 0
171553 17.875 16.0 57.987 0
171624 17.875 16.0 57.862 0
171654 17.875 16.0 57.8 0
171724 17.875 16.0 57.737 0
171754 17.812 16.0 57.675 0
171825 17.812 16.0 57.612 0
171856 17.812 16.0 57.612 0
171926 17.812 16.0 57.612 0
171956 17.812 16.0 57.612 0
172026 17.812 16.0 57.612 0
172057 17.812 16.0 57.612 0
172127 17.812 16.0 57.675 0
172158 17.812 16.0 57.675 0
172228 17.812 16.0 57.737 0
172259 17.812 16.0 57.987 0
172329 17.812 16.0 58.3 0
172400 17.812 16.0 58.612 0
172430 17.812 16.0 58.862 0
172501 17.812 16.0 59.05 0
172531 17.687 16.0 59.237 0
172601 17.687 16.0 59.362 0
172632 17.687 16.0 59.55 0
172702 17.687 16.0 59.675 0
172732 17.687 16.0 59.8 0
172802 17.625 16.0 59.925 0
172833 17.625 16.0 59.987 0
172903 17.625 16.0 60.112 0
172934 17.625 16.0 60.237 0
173004 17.625 16.0 60.3 0
173035 17.562 16.0 60.425 0
173105 17.562 16.0 60.487 0
173136 17.562 16.0 60.55 0
173207 17.562 16.0 60.55 0
173237 17.562 16.0 60.55 0
173308 17.5 16.0 60.612 0
173338 17.5 16.0 60.612 0
173409 17.5 16.0 60.675 0
173439 17.5 16.0 60.675 0
173512 17.5 16.0 60.737 0
173543 17.5 16.0 60.737 0
173613 17.5 16.0 60.737 0
173643 17.5 16.0 60.8 0
173713 17.5 16.0 60.8 0
173743 17.5 16.0 60.8 0
173813 17.5 16.0 60.862 0
173844 17.5 16.0 60.862 0
173914 17.5 16.0 60.862 0
173945 17.5 16.0 60.925 0
174015 17.437 16.0 60.925 0
174046 17.437 16.0 60.987 0
174117 17.437 16.0 61.05 0
174147 17.437 16.0 61.112 0
174217 17.437 16.0 61.175 0
174248 17.375 16.0 61.175 0
174318 17.375 16.0 61.237 0
174349 17.375 16.0 61.3 0
174419 17.375 16.0 61.362 0
174450 17.375 21.0 61.425 0
174520 17.375 21.0 61.487 50
174551 17.375 21.0 61.612 50
174621 17.375 21.0 61.675 50
174652 17.375 21.0 61.675 50
174722 17.375 21.0 61.737 50
174752 17.312 21.0 61.8 50
174823 17.312 21.0 61.8 50
174853 17.312 21.0 61.862 50
174924 17.312 21.0 61.862 50
174954 17.312 21.0 61.925 50
175025 17.5 21.0 61.925 50
175055 17.5 21.0 61.987 50
175126 17.5 21.0 61.987 50
175156 17.5 21.0 62.05 50
175226 17.5 21.0 61.987 50
175257 18.0 21.0 61.987 50
175327 18.0 21.0 61.862 50
175357 18.0 21.0 61.737 50
175428 18.0 21.0 61.3 50
175458 18.0 21.0 60.612 50
175528 18.562 21.0 59.675 0
175558 18.562 21.0 58.737 0
175629 18.562 21.0 58.112 0
175659 18.562 21.0 57.675 0
175730 18.562 21.0 57.425 0
175800 18.875 21.0 57.3 0
175830 18.875 21.0 57.175 0
175900 18.875 21.0 57.112 0
175931 18.875 21.0 57.05 0
180001 18.875 21.0 56.925 0
180031 19.125 21.0 56.737 0
180102 19.125 21.0 56.487 0
180132 19.125 21.0 56.175 0
180202 19.125 21.0 55.987 0
180233 19.125 21.0 55.987 0
180303 19.187 21.0 56.3 0
180333 19.187 21.0 56.862 0
180404 19.187 21.0 57.55 0
180434 19.187 21.0 58.362 0
180505 19.187 21.0 59.362 0
180535 19.312 21.0 60.237 50
180605 19.312 21.0 61.175 50
180636 19.312 21.0 62.3 50
180706 19.312 21.0 63.237 50
180737 19.312 21.0 63.987 50
180807 19.187 21.0 64.55 50
180838 19.187 21.0 64.987 50
180909 19.187 21.0 65.3 50
180939 19.187 21.0 65.55 50
181010 19.187 21.0 65.737 50
181040 19.312 21.0 65.925 50
181110 19.312 21.0 65.987 50
181141 19.312 21.0 66.112 50
181212 19.312 21.0 66.237 50
181242 19.312 21.0 66.3 50
181312 19.375 21.0 66.425 50
181342 19.375 21.0 66.487 50
181413 19.375 21.0 66.487 50
181443 19.375 21.0 66.487 50
181513 19.375 21.0 66.425 50
181544 19.562 21.0 66.3 50
181614 19.562 21.0 66.05 50
181645 19.562 21.0 65.675 50
181716 19.562 21.0 64.925 50
181748 19.75 21.0 63.8 50
181819 19.75 21.0 62.55 50
181849 19.75 21.0 61.112 50
181920 19.75 21.0 59.675 0
181950 19.75 21.0 58.425 0
182020 20.0 21.0 57.612 0
182050 20.0 21.0 57.05 0
182121 20.0 21.0 56.737 0
182152 20.0 21.0 56.487 0
182222 20.0 21.0 56.362 0
182252 20.125 21.0 56.3 0
182323 20.125 21.0 56.362 0
182353 20.125 21.0 56.675 0
182424 20.125 21.0 57.175 0
182454 20.125 21.0 57.862 0
182525 20.187 21.0 58.737 0
182555 20.187 21.0 59.925 0
182625 20.187 21.0 61.112 50
182656 20.187 21.0 62.362 50
182726 20.187 21.0 63.487 50
182757 20.25 21.0 64.362 50
182828 20.25 21.0 64.987 50
182859 20.25 21.0 65.487 50
182929 20.25 21.0 65.862 50
183000 20.25 21.0 66.112 50
183030 20.25 21.0 66.362 50
183101 20.25 21.0 66.487 50
183131 20.25 21.0 66.612 50
183202 20.25 21.0 66.737 50
183233 20.25 21.0 66.8 50
183303 20.25 21.0 66.925 50
183333 20.25 21.0 66.925 50
183403 20.25 21.0 66.987 50
183434 20.25 21.0 66.987 50
183504 20.25 21.0 66.987 50
183534 20.437 21.0 66.925 50
183605 20.437 21.0 66.862 50
183635 20.437 21.0 66.737 50
183706 20.437 21.0 66.425 50
183736 20.437 21.0 65.925 50
183806 20.562 21.0 65.05 50
183837 20.562 21.0 63.987 50
183908 20.562 21.0 62.8 50
183938 20.562 21.0 61.55 50
184009 20.562 21.0 60.425 50
184039 20.625 21.0 59.425 0
184109 20.625 21.0 58.737 0
184140 20.625 21.0 58.237 0
184211 20.625 21.0 57.862 0
184241 20.625 21.0 57.675 0
184312 20.75 21.0 57.487 0
184343 20.75 21.0 57.487 0
184413 20.75 21.0 57.425 0
184444 20.75 21.0 57.487 0
184514 20.75 21.0 57.55 50
184544 20.812 21.0 57.675 50
184614 20.812 21.0 57.675 50
184644 20.812 21.0 57.8 50
184715 20.812 21.0 57.8 50
184745 20.812 21.0 57.862 50
184815 20.75 21.0 57.925 50
184846 20.75 21.0 57.987 50
184916 20.75 21.0 58.05 50
184946 20.75 21.0 58.05 50
185016 20.75 21.0 58.05 50
185046 20.812 21.0 58.112 50
185117 20.812 21.0 58.112 50
185147 20.812 21.0 58.175 50
185218 20.812 21.0 58.175 50
185248 20.812 21.0 58.175 50
185318 20.75 21.0 58.175 50
185348 20.75 21.0 58.112 50
185418 20.75 21.0 58.05 50
185448 20.75 21.0 57.987 50
185519 20.75 21.0 57.862 50
185549 20.75 21.0 57.612 50
185619 20.75 21.0 57.3 50
185649 20.75 21.0 56.925 50
185720 20.75 21.0 56.487 50
185751 20.75 21.0 55.925 50
185821 20.75 21.0 55.425 50
185852 20.75 21.0 54.925 50
185922 20.75 21.0 54.425 50
185952 20.75 21.0 54.05 50
190025 20.875 21.0 53.737 0
190055 20.875 21.0 53.675 0
190125 20.875 21.0 53.987 0
190156 20.875 21.0 54.737 50
190227 20.875 21.0 55.675 50
190257 20.875 21.0 56.737 50
190327 20.875 21.0 57.8 50
190357 20.875 21.0 58.987 50
190427 20.875 21.0 59.987 50
190458 20.875 21.0 61.05 50
190528 20.812 21.0 62.112 50
190558 20.812 21.0 62.925 50
190629 20.812 21.0 63.55 50
190659 20.812 21.0 63.925 50
190730 20.812 21.0 64.237 50
190800 20.812 21.0 64.487 50
190830 20.812 21.0 64.612 50
190900 20.812 21.0 64.737 50
190930 20.812 21.0 64.862 50
191000 20.812 21.0 64.862 50
191031 20.875 21.0 64.925 50
191101 20.875 21.0 64.987 50
191132 20.875 21.0 64.987 50
191202 20.875 21.0 64.925 50
191232 20.875 21.0 64.862 50
191303 21.0 21.0 64.8 50
191333 21.0 21.0 64.675 50
191404 21.0 21.0 64.425 50
191434 21.0 21.0 64.112 50
191504 21.0 21.0 63.612 50
191534 21.125 21.0 62.925 0
191605 21.125 21.0 62.3 0
191635 21.125 21.0 61.8 0
191706 21.125 21.0 61.55 0
191736 21.125 21.0 61.3 0
191806 21.125 21.0 61.175 0
191836 21.125 21.0 61.112 0
191906 21.125 21.0 61.05 0
191937 21.125 21.0 60.987 0
192008 21.125 21.0 60.925 0
192038 21.062 21.0 60.862 0
192108 21.062 21.0 60.862 0
192139 21.062 21.0 60.8 0
192209 21.062 21.0 60.737 0
192239 21.062 21.0 60.737 0
192309 21.0 21.0 60.675 0
192340 21.0 21.0 60.612 0
192411 21.0 21.0 60.487 0
192441 21.0 21.0 60.175 0
192511 21.0 21.0 59.8 0
192541 20.937 21.0 59.487 0
192612 20.937 21.0 59.237 0
192642 20.937 21.0 59.05 0
192712 20.937 21.0 58.925 0
192742 20.937 21.0 58.862 0
192813 20.812 21.0 58.8 0
192843 20.812 21.0 58.737 0
192914 20.812 21.0 58.675 0
192944 20.812 21.0 58.675 0
193015 20.812 21.0 58.675 0
193046 20.812 21.0 58.675 0
193116 20.812 21.0 58.675 0
193146 20.812 21.0 58.675 0
193216 20.812 21.0 58.675 0
193246 20.812 21.0 58.737 0
193316 20.75 21.0 58.737 0
193347 20.75 21.0 58.8 0
193417 20.75 21.0 58.862 0
193448 20.75 21.0 58.987 0
193518 20.75 21.0 59.05 0
193549 20.625 21.0 59.175 0
193619 20.625 21.0 59.237 0
193649 20.625 21.0 59.362 0
193719 20.625 21.0 59.425 0
193749 20.625 21.0 59.487 0
193820 20.562 21.0 59.55 0
193850 20.562 21.0 59.675 0
193920 20.562 21.0 59.737 0
193950 20.562 21.0 59.862 0
194021 20.562 21.0 59.925 0
194051 20.5 21.0 59.987 0
194122 20.5 21.0 -0.2 0
194153 20.5 21.0 -0.2 0
194223 20.5 21.0 -0.2 0
194253 20.5 21.0 -0.2 0
194323 20.437 21.0 -0.2 0
194353 20.437 21.0 -0.2 0
194423 20.437 21.0 -0.2 0
194454 20.437 21.0 80 50
194524 20.437 21.0 80 50
194554 20.375 21.0 80 50
194625 20.375 21.0 80 50
194655 20.375 21.0 80 50
194725 20.375 21.0 80 50
194755 20.375 21.0 80 50
194826 20.437 21.0 80 50
194856 20.437 21.0 80 50
194926 20.437 21.0 80 50
194956 20.437 21.0 80 50
195026 20.437 21.0 80 50
195056 20.562 21.0 80 50
195127 20.562 21.0 80 50
195157 20.562 21.0 80 50
195227 20.562 21.0 80 50
195257 20.562 21.0 80 50
195328 20.75 21.0 80 50
195358 20.75 21.0 80 50
195428 20.75 21.0 60.237 50
195458 20.75 21.0 59.737 0
195528 20.75 21.0 59.112 0
195559 20.875 21.0 58.3 0
195629 20.875 21.0 57.612 0
195700 20.875 21.0 57.112 0
195731 20.875 21.0 56.737 0
195802 20.875 21.0 56.487 0
195833 20.875 21.0 56.362 0
195904 20.875 21.0 56.237 0
195934 20.875 21.0 56.175 0
200005 20.875 21.0 56.112 0
200035 20.875 21.0 55.987 0
200106 20.875 21.0 55.987 0
200136 20.875 21.0 55.987 0
200207 20.875 21.0 55.925 0
200237 20.875 21.0 55.925 0
200308 20.812 21.0 55.925 0
200338 20.812 21.0 55.987 0
200409 20.812 21.0 56.112 0
200440 20.812 21.0 56.612 0
200511 20.812 21.0 57.3 0
200541 20.875 21.0 58.425 0
200611 20.875 21.0 59.675 0
200641 20.875 21.0 60.862 50
200712 20.875 21.0 62.112 50
200742 20.875 21.0 63.237 50
200812 20.812 21.0 64.112 50
200843 20.812 21.0 64.737 50
200913 20.812 21.0 65.237 50
200944 20.812 21.0 65.55 50
201014 20.812 21.0 65.737 50
201044 20.812 21.0 65.925 50
201115 20.812 21.0 66.05 50
201146 20.812 21.0 66.112 50
201216 20.812 21.0 66.237 50
201247 20.812 21.0 66.237 50
201317 20.937 21.0 66.3 50
201348 20.937 21.0 66.362 50
201419 20.937 21.0 66.362 50
201449 20.937 21.0 66.3 50
201520 20.937 21.0 66.237 50
201550 21.0 21.0 66.175 50
201621 21.0 21.0 66.05 50
201652 21.0 21.0 65.737 50
201722 21.0 21.0 65.175 50
201753 21.0 21.0 64.175 50
201823 21.125 21.0 62.862 0
201853 21.125 21.0 61.737 0
201924 21.125 21.0 61.05 0
201954 21.125 21.0 60.612 0
202025 21.125 21.0 60.3 0
202055 21.25 21.0 60.112 0
202125 21.25 21.0 59.987 0
202155 21.25 21.0 59.862 0
202225 21.25 21.0 59.8 0
202255 21.25 21.0 59.737 0
202326 21.187 21.0 59.675 0
202356 21.187 21.0 59.612 0
202427 21.187 21.0 59.55 0
202457 21.187 21.0 59.487 0
202527 21.187 21.0 59.425 0
202558 21.125 21.0 59.362 0
202628 21.125 21.0 59.3 0
202658 21.125 21.0 59.237 0
202728 21.125 21.0 59.112 0
202759 21.125 21.0 58.675 0
202829 21.062 21.0 57.925 0
202859 21.062 21.0 57.05 0
202930 21.062 21.0 56.237 0
203000 21.062 21.0 55.55 0
203031 21.062 21.0 55.112 0
203101 21.125 21.0 54.862 0
203131 21.125 21.0 54.8 0
203202 21.125 21.0 54.862 0
203232 21.125 21.0 55.112 0
203302 21.125 21.0 55.675 0
203332 21.062 21.0 56.425 0
203402 21.062 21.0 57.362 0
203433 21.062 21.0 58.3 0
203503 21.062 21.0 59.55 0
203536 21.0 21.0 60.737 0
203606 21.0 21.0 62.05 0
203636 21.0 21.0 63.175 0
203707 21.0 21.0 64.175 0
203737 21.0 21.0 64.925 0
203807 21.0 21.0 65.55 0
203838 21.0 21.0 66.05 0
203909 21.0 21.0 66.487 0
203939 21.0 21.0 66.862 0
204010 21.0 21.0 67.175 0
204040 20.937 21.0 67.425 50
204110 20.937 21.0 67.612 50
204141 20.937 21.0 67.8 50
204211 20.937 21.0 67.987 50
204242 20.937 21.0 68.112 50
204313 20.937 21.0 68.237 50
204343 20.937 21.0 68.3 50
204413 20.937 21.0 68.362 50
204443 20.937 21.0 68.362 50
204514 20.937 21.0 68.425 50
204544 20.937 21.0 68.425 50
204615 20.937 21.0 68.487 50
204645 20.937 21.0 68.487 50
204716 20.937 21.0 68.487 50
204746 20.937 21.0 68.487 50
204816 21.062 21.0 68.487 0
204847 21.062 21.0 68.487 0
204917 21.062 21.0 68.425 0
204947 21.062 21.0 68.425 0
205018 21.062 21.0 68.487 0
205048 21.062 21.0 68.487 0
205119 21.062 21.0 68.425 0
205149 21.062 21.0 68.487 0
205219 21.062 21.0 68.425 0
205250 21.062 21.0 68.425 0
205320 21.187 21.0 68.425 0
205351 21.187 21.0 68.425 0
205421 21.187 21.0 68.362 0
205452 21.187 21.0 68.425 0
205522 21.187 21.0 68.3 0
205552 21.125 21.0 68.237 0
205622 21.125 21.0 68.3 0
205652 21.125 21.0 68.237 0
205723 21.125 21.0 68.237 0
205753 21.125 21.0 68.3 0
205824 21.125 21.0 68.3 0
205854 21.125 21.0 68.3 0
205925 21.125 21.0 68.3 0
205956 21.125 21.0 68.237 0
210026 21.125 21.0 68.237 0
210057 20.875 21.0 68.237 50
210127 20.875 21.0 68.05 50
210158 20.875 21.0 67.862 50
210228 20.875 21.0 67.362 50
210259 20.875 21.0 66.3 50
210329 20.812 21.0 64.862 50
210359 20.812 21.0 63.175 50
210429 20.812 21.0 61.362 50
210500 20.812 21.0 59.55 0
210530 20.812 21.0 58.175 0
210601 20.875 16.0 57.175 0
210631 20.875 16.0 56.55 0
210702 20.875 16.0 56.175 0
210732 20.875 16.0 55.925 0
210803 20.875 16.0 55.8 0
210833 20.937 16.0 55.737 0
210903 20.937 16.0 55.675 0
210934 20.937 16.0 55.675 0
211004 20.937 16.0 55.675 0
211035 20.937 16.0 55.8 0
211105 21.062 16.0 56.05 0
211136 21.062 16.0 56.362 0
211206 21.062 16.0 56.8 0
211236 21.062 16.0 57.55 0
211307 21.062 16.0 58.487 0
211337 21.25 16.0 59.487 0
211407 21.25 16.0 60.55 0
211438 21.25 16.0 61.737 0
211508 21.25 16.0 62.862 0
211540 21.187 16.0 63.925 0
211610 21.187 16.0 64.737 0
211641 21.187 16.0 65.362 0
211712 21.187 16.0 65.862 0
211742 21.187 16.0 66.3 0
211813 21.187 16.0 66.675 0
211843 21.187 16.0 66.987 0
211914 21.187 16.0 67.175 0
211945 21.187 16.0 67.425 0
212015 21.187 16.0 67.55 0
212046 21.125 16.0 67.675 0
212116 21.125 16.0 67.8 0
212147 21.125 16.0 67.925 0
212217 21.125 16.0 68.05 0
212247 21.125 16.0 68.112 0
212318 21.187 16.0 68.237 0
212348 21.187 16.0 68.3 0
212419 21.187 16.0 68.362 0
212450 21.187 16.0 68.425 0
212521 21.187 16.0 68.487 0
212551 21.25 16.0 68.55 0
212621 21.25 16.0 68.55 0
212652 21.25 16.0 68.612 0
212722 21.25 16.0 68.675 0
212752 21.25 16.0 68.737 0
212822 21.187 16.0 68.737 0
212853 21.187 16.0 68.8 0
212924 21.187 16.0 68.862 0
212954 21.187 16.0 68.925 0
213024 21.187 16.0 68.987 0
213054 21.187 16.0 69.05 0
213124 21.187 16.0 69.112 0
213155 21.187 16.0 69.175 0
213225 21.187 16.0 69.237 0
213256 21.187 16.0 69.3 0
213326 21.125 16.0 69.362 0
213356 21.125 16.0 69.425 0
213426 21.125 16.0 69.55 0
213457 21.125 16.0 69.612 0
213527 21.125 16.0 69.675 0
213558 21.187 16.0 69.675 0
213628 21.187 16.0 69.737 0
213658 21.187 16.0 69.8 0
213728 21.187 16.0 69.862 0
213759 21.187 16.0 69.925 0
213829 21.375 16.0 69.987 0
213859 21.375 16.0 70.05 50
213929 21.375 16.0 70.112 50
213959 21.375 16.0 70.175 50
214030 21.375 16.0 70.175 50
214100 21.437 16.0 70.237 50
214130 21.437 16.0 70.237 50
214200 21.437 16.0 70.237 50
214230 21.437 16.0 70.175 50
214300 21.437 16.0 70.175 50
214331 21.5 16.0 70.112 50
214401 21.5 16.0 69.987 0
214431 21.5 16.0 69.862 0
214501 21.5 16.0 69.612 0
214532 21.5 16.0 69.175 0
214602 21.625 16.0 68.737 0
214632 21.625 16.0 68.487 0
214702 21.625 16.0 68.3 0
214733 21.625 16.0 68.112 0
214803 21.625 16.0 67.987 0
214833 21.75 16.0 67.862 0
214903 21.75 16.0 67.737 0
214934 21.75 16.0 67.675 0
215004 21.75 16.0 67.612 0
215035 21.75 16.0 67.487 0
215106 21.75 16.0 67.425 0
215136 21.75 16.0 67.362 0
215206 21.75 16.0 67.237 0
215236 21.75 16.0 67.175 0
215306 21.75 16.0 67.112 0
215337 21.687 16.0 66.987 0
215408 21.687 16.0 66.925 0
215439 21.687 16.0 66.862 0
215509 21.687 16.0 66.8 0
215539 21.687 16.0 66.675 0
215609 21.625 16.0 66.612 0
215640 21.625 16.0 66.55 0
215710 21.625 16.0 66.487 0
215740 21.625 16.0 66.362 0
215810 21.625 16.0 66.175 0
215840 21.25 16.0 65.675 0
215911 21.25 16.0 64.8 0
215941 21.25 16.0 63.612 0
220012 21.25 16.0 62.3 0
220042 21.25 16.0 60.737 0
220113 20.687 16.0 59.175 0
220143 20.687 16.0 57.55 0
220214 20.687 16.0 55.987 0
220244 20.687 16.0 54.55 0
220314 20.687 16.0 53.237 0
220345 20.187 16.0 52.175 0
220415 20.187 16.0 51.3 0
220446 20.187 16.0 50.612 0
220517 20.187 16.0 50.237 0
220548 19.812 16.0 50.112 0
220618 19.812 16.0 50.237 0
220649 19.812 16.0 50.55 0
220720 19.812 16.0 51.175 0
220750 19.812 16.0 51.925 0
220821 19.562 16.0 52.862 0
220851 19.562 16.0 53.862 0
220922 19.562 16.0 54.925 0
220952 19.562 16.0 55.987 0
221022 19.562 16.0 56.987 0
221053 19.312 16.0 58.112 0
221123 19.312 16.0 59.237 0
221153 19.312 16.0 60.3 0
221224 19.312 16.0 61.362 0
221255 19.312 16.0 62.425 0
221325 19.125 16.0 63.3 0
221355 19.125 16.0 64.05 0
221426 19.125 16.0 64.675 0
221456 19.125 16.0 65.175 0
221527 19.125 16.0 65.612 0
221557 19.0 16.0 65.987 0
221627 19.0 16.0 66.3 0
221657 19.0 16.0 66.55 0
221727 19.0 16.0 66.8 0
221758 19.0 16.0 66.987 0
221828 18.875 16.0 67.175 0
221859 18.875 16.0 67.3 0
221929 18.875 16.0 67.425 0
221959 18.875 16.0 67.55 0
222029 18.875 16.0 67.675 0
222059 18.75 16.0 67.737 0
222130 18.75 16.0 67.862 0
222200 18.75 16.0 67.987 0
222230 18.75 16.0 68.112 0
222301 18.75 16.0 68.175 0
222332 18.687 16.0 68.3 0
222402 18.687 16.0 68.362 0
222432 18.687 16.0 68.487 0
222503 18.687 16.0 68.55 0
222533 18.687 16.0 68.675 0
222604 18.562 16.0 68.737 0
222634 18.562 16.0 68.862 0
222704 18.562 16.0 68.925 0
222735 18.562 16.0 68.925 0
222805 18.562 16.0 68.987 0
222836 18.5 16.0 69.05 0
222906 18.5 16.0 69.05 0
222937 18.5 16.0 69.112 0
223007 18.5 16.0 69.112 0
223037 18.5 16.0 69.175 0
223108 18.437 16.0 69.175 0
223138 18.437 16.0 69.237 0
223209 18.437 16.0 69.3 0
223240 18.437 16.0 69.3 0
223310 18.437 16.0 69.362 0
223341 18.312 16.0 69.362 0
223411 18.312 16.0 69.425 0
223442 18.312 16.0 69.425 0
223513 18.312 16.0 69.487 0
223543 18.312 16.0 69.487 0
223614 18.25 16.0 69.55 0
223644 18.25 16.0 69.612 0
223714 18.25 16.0 69.675 0
223745 18.25 16.0 69.675 0
223815 18.25 16.0 69.737 0
223845 18.187 16.0 69.737 0
223915 18.187 16.0 69.8 0
223945 18.187 16.0 69.862 0
224016 18.187 16.0 69.925 0
224046 18.187 16.0 69.987 0
224116 18.125 16.0 69.987 0
224147 18.125 16.0 70.112 50
224217 18.125 16.0 70.112 50
224247 18.125 16.0 70.175 50
224317 18.125 16.0 70.175 50
224348 18.062 16.0 70.237 50
224418 18.062 16.0 70.237 50
224448 18.062 16.0 70.237 50
224518 18.062 16.0 70.237 50
224548 18.062 16.0 70.237 50
224619 18.062 16.0 70.237 50
224649 18.062 16.0 70.237 50
224719 18.062 16.0 70.237 50
224750 18.062 16.0 70.175 50
224820 18.062 16.0 70.175 50
224851 18.062 16.0 70.05 50
224921 18.062 16.0 69.987 0
224952 18.062 16.0 69.925 0
225022 18.062 16.0 69.8 0
225052 18.062 16.0 69.737 0
225122 18.187 16.0 69.675 0
225153 18.187 16.0 69.612 0
225223 18.187 16.0 69.55 0
225253 18.187 16.0 69.487 0
225326 18.312 16.0 69.425 0
225356 18.312 16.0 69.362 0
225426 18.312 16.0 69.3 0
225456 18.312 16.0 69.3 0
225526 18.312 16.0 69.237 0
225557 18.375 16.0 69.175 0
225627 18.375 16.0 69.112 0
225657 18.375 16.0 69.05 0
225728 18.375 16.0 69.05 0
225758 18.375 16.0 68.987 0
225829 18.375 16.0 68.925 0
225859 18.375 16.0 68.862 0
225930 18.375 16.0 68.737 0
230001 18.375 16.0 68.55 0
230031 18.375 10.0 68.112 0
230101 18.375 10.0 67.612 0
230131 18.375 10.0 67.237 0
230201 18.375 10.0 66.987 0
230232 18.375 10.0 66.8 0
230302 18.375 10.0 66.612 0
230332 18.312 10.0 66.55 0
230402 18.312 10.0 66.425 0
230433 18.312 10.0 66.3 0
230503 18.312 10.0 66.237 0
230534 18.312 10.0 66.175 0
230605 18.25 10.0 66.05 0
230635 18.25 10.0 65.987 0
230705 18.25 10.0 65.925 0
230736 18.25 10.0 65.862 0
230807 18.25 10.0 65.737 0
230838 18.187 10.0 65.675 0
230909 18.187 10.0 65.612 0
230939 18.187 10.0 65.55 0
231010 18.187 10.0 65.487 0
231040 18.187 10.0 65.362 0
231111 18.125 10.0 65.3 0
231141 18.125 10.0 65.237 0
231211 18.125 10.0 65.175 0
231242 18.125 10.0 65.112 0
231312 18.125 10.0 65.05 0
231343 18.062 10.0 64.925 0
231413 18.062 10.0 64.862 0
231444 18.062 10.0 64.8 0
231514 18.062 10.0 64.737 0
231544 18.062 10.0 64.675 0
231615 18.0 10.0 64.612 0
231645 18.0 10.0 64.362 0
231715 18.0 10.0 63.925 0
231745 18.0 10.0 63.237 0
231816 18.0 10.0 62.3 0
231846 17.937 10.0 61.487 0
231917 17.937 10.0 60.925 0
231947 17.937 10.0 60.55 0
232018 17.937 10.0 60.3 0
232048 17.937 10.0 60.112 0
232119 17.875 10.0 59.987 0
232149 17.875 10.0 59.862 0
232219 17.875 10.0 59.8 0
232250 17.875 10.0 59.675 0
232320 17.875 10.0 59.612 0
232351 17.812 10.0 59.55 0
232422 17.812 10.0 59.487 0
232452 17.812 10.0 59.425 0
232523 17.812 10.0 59.425 0
232553 17.812 10.0 59.3 0
232623 17.75 10.0 59.3 0
232654 17.75 10.0 59.237 0
232725 17.75 10.0 59.175 0
232756 17.75 10.0 59.112 0
232826 17.75 10.0 59.05 0
232856 17.687 10.0 58.987 0
232927 17.687 10.0 58.925 0
232958 17.687 10.0 58.862 0
233028 17.687 10.0 58.8 0
233101 17.625 10.0 58.737 0
233132 17.625 10.0 58.675 0
233202 17.625 10.0 58.675 0
233233 17.625 10.0 58.487 0
233303 17.625 10.0 58.05 0
233333 17.625 10.0 57.362 0
233404 17.625 10.0 56.675 0
233435 17.625 10.0 56.05 0
233505 17.625 10.0 55.55 0
233536 17.625 10.0 55.237 0
233607 17.562 10.0 55.05 0
233637 17.562 10.0 55.05 0
233708 17.562 10.0 55.3 0
233738 17.562 10.0 55.737 0
233808 17.562 10.0 56.55 0
233839 17.5 10.0 57.675 0
233909 17.5 10.0 58.8 0
233940 17.5 10.0 59.987 0
234010 17.5 10.0 61.3 0
234041 17.5 10.0 62.612 0
234111 17.5 10.0 63.737 0
234142 17.5 10.0 64.675 0
234212 17.5 10.0 65.487 0
234242 17.5 10.0 66.112 0
234313 17.5 10.0 66.612 0
234343 17.437 10.0 67.05 0
234413 17.437 10.0 67.425 0
234444 17.437 10.0 67.737 0
234514 17.437 10.0 67.987 0
234545 17.437 10.0 68.175 0
234615 17.437 10.0 68.3 0
234646 17.437 10.0 68.487 0
234716 17.437 10.0 68.612 0
234746 17.437 10.0 -0.2 0
234817 17.437 10.0 -0.2 0
234847 17.375 10.0 -0.2 0
234918 17.375 10.0 -0.2 0
234948 17.375 10.0 80 50
235019 17.375 10.0 69.175 0
235049 17.375 10.0 69.175 0
235119 17.312 10.0 69.237 0
235150 17.312 10.0 69.3 0
235220 17.312 10.0 69.362 0
235250 17.312 10.0 69.425 0
235321 17.312 10.0 69.487 0
235351 17.25 10.0 69.487 0
235422 17.25 10.0 69.55 0
235452 17.25 10.0 69.612 0
235522 17.25 10.0 69.675 0
235553 17.25 10.0 69.737 0
235623 17.25 10.0 69.8 0
235653 17.25 10.0 69.862 0
235723 17.25 10.0 69.862 0
235754 17.25 10.0 69.925 0
235824 17.25 10.0 69.925 0
235855 17.25 10.0 69.987 0
