235908 19.5 10.0 68.737 0
235939 19.5 10.0 68.8 0
000010 19.5 10.0 68.8 0
000040 19.437 10.0 68.862 0
000110 19.437 10.0 68.925 0
000141 19.437 10.0 68.925 0
000212 19.437 10.0 68.987 0
000243 19.437 10.0 68.987 0
000313 19.312 10.0 69.05 0
000344 19.312 10.0 69.05 0
000414 19.312 10.0 69.112 0
000445 19.312 10.0 69.175 0
000515 19.312 10.0 69.237 0
000546 19.25 10.0 69.237 0
000616 19.25 10.0 69.3 0
000647 19.25 10.0 69.3 0
000718 19.25 10.0 69.362 0
000749 19.25 10.0 69.425 0
000819 19.187 10.0 69.425 0
000850 19.187 10.0 69.487 0
000920 19.187 10.0 69.55 0
000950 19.187 10.0 69.55 0
001021 19.187 10.0 69.612 0
001051 19.062 10.0 69.612 0
001122 19.062 10.0 69.612 0
001152 19.062 10.0 69.612 0
001223 19.062 10.0 69.612 0
001254 19.062 10.0 69.675 0
001324 19.0 10.0 69.675 0
001355 19.0 10.0 69.55 0
001425 19.0 10.0 69.675 0
001455 19.0 10.0 69.675 0
001525 19.0 10.0 69.675 0
001556 18.937 10.0 69.675 0
001626 18.937 10.0 69.737 0
001657 18.937 10.0 69.737 0
001728 18.937 10.0 69.8 0
001759 18.875 10.0 69.8 0
001830 18.875 10.0 69.8 0
001901 18.875 10.0 69.8 0
001931 18.875 10.0 69.8 0
002002 18.875 10.0 69.8 0
002033 18.812 10.0 69.862 0
002103 18.812 10.0 69.925 0
002134 18.812 10.0 69.862 0
002205 18.812 10.0 69.862 0
002236 18.812 10.0 70.05 0
002306 18.75 10.0 70.05 50
002336 18.75 10.0 70.112 50
002407 18.75 10.0 70.112 50
002437 18.75 10.0 70.112 50
002507 18.75 10.0 70.112 50
002538 18.687 10.0 70.112 50
002608 18.687 10.0 70.112 50
002638 18.687 10.0 70.112 50
002709 18.687 10.0 70.112 50
002739 18.687 10.0 70.112 50
002810 18.75 10.0 70.112 50
002840 18.75 10.0 70.05 50
002911 18.75 10.0 70.05 50
002941 18.75 10.0 69.987 0
003012 18.75 10.0 69.925 0
003043 18.75 10.0 69.925 0
003114 18.75 10.0 69.987 0
003144 18.75 10.0 69.987 0
003215 18.75 10.0 69.987 0
003246 18.75 10.0 70.05 50
003316 18.812 10.0 70.05 50
003346 18.812 10.0 69.987 50
003416 18.812 10.0 69.987 0
003447 18.812 10.0 69.862 0
003518 18.812 10.0 69.8 0
003549 18.937 10.0 69.737 0
003619 18.937 10.0 69.675 0
003650 18.937 10.0 69.612 0
003721 18.937 10.0 69.55 0
003752 18.937 10.0 69.55 0
003822 19.0 10.0 69.487 0
003853 19.0 10.0 69.425 0
003923 19.0 10.0 69.362 0
003954 19.0 10.0 69.3 0
004025 19.0 10.0 69.237 0
004055 19.0 10.0 69.175 0
004125 19.0 10.0 69.175 0
004156 19.0 10.0 69.112 0
004227 19.0 10.0 69.05 0
004257 19.0 10.0 68.987 0
004328 19.0 10.0 68.925 0
004359 19.0 10.0 68.862 0
004429 19.0 10.0 68.8 0
004500 19.0 10.0 68.737 0
004532 18.937 10.0 68.675 0
004603 18.937 10.0 68.612 0
004634 18.937 10.0 68.55 0
004704 18.937 10.0 68.487 0
004734 18.937 10.0 68.487 0
004804 18.875 10.0 68.425 0
004834 18.875 10.0 68.362 0
004905 18.875 10.0 68.3 0
004935 18.875 10.0 68.237 0
005006 18.875 10.0 68.05 0
005036 18.875 10.0 67.675 0
005107 18.875 10.0 67.112 0
005138 18.875 10.0 66.612 0
005208 18.875 10.0 66.3 0
005239 18.875 10.0 66.05 0
005310 18.812 10.0 65.925 0
005340 18.812 10.0 65.737 0
005411 18.812 10.0 65.675 0
005442 18.812 10.0 65.55 0
005512 18.812 10.0 65.487 0
005542 18.75 10.0 65.362 0
005613 18.75 10.0 65.3 0
005644 18.75 10.0 65.237 0
005714 18.75 10.0 65.175 0
005745 18.75 10.0 65.05 0
005815 18.687 10.0 64.987 0
005845 18.687 10.0 64.925 0
005915 18.687 10.0 64.862 0
005946 18.687 10.0 64.737 0
010017 18.687 10.0 64.675 0
010047 18.625 10.0 64.612 0
010118 18.625 10.0 64.55 0
010149 18.625 10.0 64.425 0
010219 18.625 10.0 64.362 0
010250 18.625 10.0 64.3 0
010320 18.562 10.0 64.237 0
010350 18.562 10.0 64.175 0
010421 18.562 10.0 64.05 0
010451 18.562 10.0 63.987 0
010522 18.562 10.0 63.925 0
010552 18.5 10.0 63.862 0
010622 18.5 10.0 63.737 0
010653 18.5 10.0 63.675 0
010723 18.5 10.0 63.612 0
010754 18.5 10.0 63.55 0
010825 18.5 10.0 63.487 0
010856 18.5 10.0 63.425 0
010926 18.5 10.0 63.3 0
010956 18.5 10.0 63.175 0
011027 18.5 10.0 62.675 0
011057 18.437 10.0 61.925 0
011128 18.437 10.0 60.862 0
011159 18.437 10.0 59.925 0
011229 18.437 10.0 59.237 0
011300 18.437 10.0 58.8 0
011330 18.375 10.0 58.55 0
011400 18.375 10.0 58.362 0
011431 18.375 10.0 58.175 0
011502 18.375 10.0 58.112 0
011533 18.375 10.0 57.987 0
011603 18.312 10.0 57.925 0
011634 18.312 10.0 57.862 0
011704 18.312 10.0 57.862 0
011734 18.312 10.0 57.8 0
011807 18.25 10.0 57.8 0
011838 18.25 10.0 57.8 0
011908 18.25 10.0 57.925 0
011939 18.25 10.0 58.05 0
012009 18.25 10.0 58.425 0
012039 18.187 10.0 59.05 0
012110 18.187 10.0 59.862 0
012141 18.187 10.0 60.8 0
012211 18.187 10.0 61.862 0
012242 18.187 10.0 62.925 0
012312 18.187 10.0 63.8 0
012343 18.187 10.0 64.55 0
012414 18.187 10.0 65.112 0
012445 18.187 10.0 65.612 0
012515 18.187 10.0 65.925 0
012545 18.187 10.0 66.237 0
012616 18.187 10.0 66.425 0
012646 18.187 10.0 66.612 0
012716 18.187 10.0 66.737 0
012746 18.187 10.0 66.862 0
012817 18.125 10.0 66.987 0
012847 18.125 10.0 67.112 0
012918 18.125 10.0 67.237 0
012948 18.125 10.0 67.3 0
013019 18.125 10.0 67.425 0
013049 18.062 10.0 67.55 0
013120 18.062 10.0 67.612 0
013151 18.062 10.0 67.675 0
013222 18.062 10.0 67.737 0
013252 18.062 10.0 67.737 0
013323 18.062 10.0 67.8 0
013353 18.062 10.0 67.8 0
013423 18.062 10.0 67.862 0
013454 18.062 10.0 67.862 0
013524 18.062 10.0 67.925 0
013555 18.0 10.0 67.987 0
013625 18.0 10.0 68.05 0
013656 18.0 10.0 68.05 0
013726 18.0 10.0 68.112 0
013757 18.0 10.0 68.175 0
013827 18.0 10.0 68.175 0
013857 18.0 10.0 68.237 0
013928 18.0 10.0 68.3 0
013958 18.0 10.0 68.362 0
014029 18.0 10.0 68.362 0
014100 17.937 10.0 68.425 0
014130 17.937 10.0 68.487 0
014200 17.937 10.0 68.487 0
014231 17.937 10.0 68.55 0
014302 17.937 10.0 68.612 0
014332 17.937 10.0 68.612 0
014402 17.937 10.0 68.675 0
014433 17.937 10.0 68.675 0
014503 17.937 10.0 68.737 0
014534 17.937 10.0 68.737 0
014604 17.875 10.0 68.8 0
014635 17.875 10.0 68.862 0
014706 17.875 10.0 68.862 0
014736 17.875 10.0 68.925 0
014807 17.875 10.0 68.925 0
014838 17.875 10.0 68.987 0
014908 17.875 10.0 68.987 0
014938 17.875 10.0 69.05 0
015008 17.875 10.0 69.112 0
015041 17.812 10.0 69.112 0
015111 17.812 10.0 69.175 0
015142 17.812 10.0 69.237 0
015213 17.812 10.0 69.237 0
015244 17.812 10.0 69.237 0
015314 17.812 10.0 69.237 0
015345 17.812 10.0 69.237 0
015416 17.812 10.0 69.237 0
015446 17.812 10.0 69.237 0
015517 17.812 10.0 69.237 0
015547 17.812 10.0 69.3 0
015617 17.812 10.0 69.3 0
015647 17.812 10.0 69.3 0
015717 17.812 10.0 69.3 0
015747 17.812 10.0 69.3 0
015817 17.75 10.0 69.3 0
015848 17.75 10.0 69.3 0
015919 17.75 10.0 69.362 0
015949 17.75 10.0 69.362 0
020020 17.75 10.0 69.362 0
020050 17.75 10.0 69.3 0
020120 17.75 10.0 69.362 0
020150 17.75 10.0 69.362 0
020221 17.75 10.0 69.362 0
020252 17.75 10.0 69.362 0
020322 17.687 10.0 69.362 0
020352 17.687 10.0 69.362 0
020423 17.687 10.0 69.362 0
020453 17.687 10.0 69.362 0
020524 17.687 10.0 69.362 0
020554 17.687 10.0 69.362 0
020624 17.687 10.0 69.362 0
020655 17.687 10.0 69.362 0
020725 17.687 10.0 69.362 0
020755 17.687 10.0 69.362 0
020826 17.625 10.0 69.362 0
020857 17.625 10.0 69.362 0
020927 17.625 10.0 69.362 0
020958 17.625 10.0 69.362 0
021029 17.625 10.0 69.362 0
021059 17.625 10.0 69.362 0
021130 17.625 10.0 69.362 0
021201 17.625 10.0 69.362 0
021231 17.625 10.0 69.362 0
021302 17.625 10.0 69.362 0
021332 17.562 10.0 69.362 0
021403 17.562 10.0 69.362 0
021434 17.562 10.0 69.362 0
021504 17.562 10.0 69.362 0
021535 17.562 10.0 69.362 0
021605 17.562 10.0 69.362 0
021636 17.562 10.0 69.362 0
021707 17.562 10.0 69.362 0
021737 17.562 10.0 69.362 0
021807 17.562 10.0 69.362 0
021838 17.562 10.0 69.362 0
021908 17.562 10.0 69.237 0
021939 17.562 10.0 69.175 0
022010 17.562 10.0 69.175 0
022041 17.562 10.0 69.112 0
022111 17.5 10.0 69.112 0
022141 17.5 10.0 69.112 0
022212 17.5 10.0 69.112 0
022242 17.5 10.0 69.237 0
022315 17.5 10.0 69.3 0
022345 17.5 10.0 69.175 0
022415 17.5 10.0 69.175 0
022446 17.5 10.0 69.3 0
022516 17.5 10.0 69.487 0
022547 17.5 10.0 69.55 0
022617 17.5 10.0 69.675 0
022647 17.5 10.0 69.737 0
022718 17.5 10.0 69.8 0
022748 17.5 10.0 69.862 0
022819 17.5 10.0 69.925 0
022850 17.5 10.0 69.925 0
022920 17.5 10.0 69.925 0
022951 17.5 10.0 69.987 0
023022 17.5 10.0 69.987 0
023052 17.437 10.0 69.987 0
023123 17.437 10.0 70.05 50
023153 17.437 10.0 70.05 50
023224 17.437 10.0 70.05 50
023254 17.437 10.0 70.05 50
023324 17.437 10.0 70.112 50
023355 17.437 10.0 70.112 50
023425 17.437 10.0 70.112 50
023455 17.437 10.0 70.112 50
023525 17.437 10.0 70.112 50
023556 17.375 10.0 70.05 50
023626 17.375 10.0 70.05 50
023656 17.375 10.0 70.05 50
023726 17.375 10.0 69.987 0
023757 17.375 10.0 69.925 0
023827 17.5 10.0 69.925 0
023857 17.5 10.0 69.862 0
023928 17.5 10.0 69.862 0
023958 17.5 10.0 69.8 0
024028 17.5 10.0 69.8 0
024058 17.562 10.0 69.8 0
024129 17.562 10.0 69.737 0
024159 17.562 10.0 69.737 0
024230 17.562 10.0 69.737 0
024300 17.562 10.0 69.675 0
024330 17.687 10.0 69.675 0
024400 17.687 10.0 69.612 0
024431 17.687 10.0 69.612 0
024502 17.687 10.0 69.612 0
024532 17.687 10.0 69.55 0
024602 17.75 10.0 69.55 0
024633 17.75 10.0 69.487 0
024704 17.75 10.0 69.487 0
024735 17.75 10.0 69.425 0
024805 17.75 10.0 69.425 0
024835 17.75 10.0 69.362 0
024906 17.75 10.0 69.362 0
024936 17.75 10.0 69.362 0
025006 17.75 10.0 69.3 0
025036 17.75 10.0 69.3 0
025106 17.812 10.0 69.237 0
025137 17.812 10.0 69.175 0
025208 17.812 10.0 69.175 0
025238 17.812 10.0 69.112 0
025308 17.812 10.0 69.112 0
025338 17.75 10.0 69.05 0
025408 17.75 10.0 68.987 0
025439 17.75 10.0 68.862 0
025510 17.75 10.0 68.8 0
025541 17.75 10.0 68.737 0
025611 17.75 10.0 68.675 0
025641 17.75 10.0 68.612 0
025712 17.75 10.0 68.55 0
025742 17.75 10.0 68.487 0
025812 17.75 10.0 68.425 0
025843 17.687 10.0 68.362 0
025914 17.687 10.0 68.3 0
025944 17.687 10.0 68.3 0
030015 17.687 10.0 68.237 0
030045 17.687 10.0 68.175 0
030116 17.625 10.0 68.112 0
030147 17.625 10.0 68.05 0
030217 17.625 10.0 68.05 0
030248 17.625 10.0 67.987 0
030321 17.562 10.0 67.925 0
030351 17.562 10.0 67.862 0
030422 17.562 10.0 67.8 0
030452 17.562 10.0 67.737 0
030523 17.562 10.0 67.737 0
030553 17.562 10.0 67.675 0
030623 17.562 10.0 67.612 0
030654 17.562 10.0 67.55 0
030725 17.562 10.0 67.487 0
030755 17.562 10.0 67.425 0
030826 17.5 10.0 67.425 0
030856 17.5 10.0 67.362 0
030926 17.5 10.0 67.3 0
030956 17.5 10.0 67.237 0
031026 17.5 10.0 67.175 0
031057 17.5 10.0 67.112 0
031127 17.5 10.0 67.112 0
031157 17.5 10.0 67.05 0
031228 17.5 10.0 66.987 0
031259 17.5 10.0 66.925 0
031330 17.437 10.0 66.8 0
031400 17.437 10.0 66.737 0
031431 17.437 10.0 66.425 0
031502 17.437 10.0 66.05 0
031533 17.437 10.0 65.675 0
031603 17.437 10.0 65.425 0
031634 17.437 10.0 65.237 0
031705 17.437 10.0 65.112 0
031735 17.437 10.0 64.987 0
031805 17.437 10.0 64.862 0
031836 17.375 10.0 64.8 0
031906 17.375 10.0 64.737 0
031937 17.375 10.0 64.675 0
032007 17.375 10.0 64.612 0
032037 17.375 10.0 64.55 0
032108 17.375 10.0 64.425 0
032138 17.375 10.0 64.362 0
032209 17.375 10.0 64.3 0
032239 17.375 10.0 64.237 0
032310 17.375 10.0 64.175 0
032341 17.375 10.0 64.112 0
032411 17.375 10.0 64.05 0
032442 17.375 10.0 63.987 0
032512 17.375 10.0 63.925 0
032543 17.375 10.0 63.862 0
032613 17.312 10.0 63.8 0
032643 17.312 10.0 63.737 0
032714 17.312 10.0 63.675 0
032745 17.312 10.0 63.675 0
032816 17.312 10.0 63.612 0
032846 17.312 10.0 63.55 0
032916 17.312 10.0 63.487 0
032946 17.312 10.0 63.425 0
033017 17.312 10.0 63.362 0
033047 17.312 10.0 63.3 0
033117 17.25 10.0 63.237 0
033148 17.25 10.0 63.175 0
033218 17.25 10.0 63.175 0
033249 17.25 10.0 63.112 0
033320 17.25 10.0 63.05 0
033350 17.25 10.0 62.987 0
033421 17.25 10.0 62.737 0
033451 17.25 10.0 62.425 0
033521 17.25 10.0 61.925 0
033552 17.25 10.0 61.362 0
033622 17.25 10.0 60.987 0
033653 17.25 10.0 60.675 0
033723 17.25 10.0 60.487 0
033754 17.25 10.0 60.362 0
033826 17.187 10.0 60.237 0
033856 17.187 10.0 60.175 0
033926 17.187 10.0 60.05 0
033957 17.187 10.0 59.987 0
034027 17.187 10.0 59.925 0
034057 17.187 10.0 59.862 0
034128 17.187 10.0 59.8 0
034159 17.187 10.0 59.737 0
034229 17.187 10.0 59.675 0
034300 17.187 10.0 59.612 0
034330 17.187 10.0 59.55 0
034401 17.187 10.0 59.487 0
034431 17.187 10.0 59.487 0
034502 17.187 10.0 59.425 0
034533 17.187 10.0 59.362 0
034603 17.125 10.0 59.3 0
034634 17.125 10.0 59.237 0
034704 17.125 10.0 59.175 0
034735 17.125 10.0 59.112 0
034805 17.125 10.0 59.05 0
034836 17.125 10.0 58.987 0
034907 17.125 10.0 58.925 0
034938 17.125 10.0 58.862 0
035008 17.125 10.0 58.8 0
035038 17.125 10.0 58.737 0
035109 17.125 10.0 58.675 0
035139 17.125 10.0 58.612 0
035210 17.125 10.0 58.55 0
035240 17.125 10.0 58.487 0
035311 17.125 10.0 58.3 0
035341 17.125 10.0 57.862 0
035412 17.125 10.0 57.237 0
035442 17.125 10.0 56.55 0
035512 17.125 10.0 56.05 0
035543 17.125 10.0 55.612 0
035614 17.062 10.0 55.3 0
035644 17.062 10.0 55.175 0
035715 17.062 10.0 54.987 0
035746 17.062 10.0 54.987 0
035816 17.062 10.0 55.112 0
035847 17.062 10.0 55.3 0
035918 17.062 10.0 55.675 0
035948 17.062 10.0 56.175 0
040019 17.062 10.0 56.925 0
040049 17.062 10.0 57.925 0
040120 17.062 10.0 59.05 0
040151 17.062 10.0 60.237 0
040221 17.062 10.0 61.425 0
040252 17.062 10.0 62.612 0
040322 17.062 10.0 63.675 0
040352 17.0 10.0 64.487 0
040423 17.0 10.0 65.05 0
040453 17.0 10.0 65.487 0
040524 17.0 10.0 65.925 0
040555 17.0 10.0 66.112 0
040625 17.0 10.0 66.3 0
040655 17.0 10.0 66.425 0
040726 17.0 10.0 66.612 0
040756 17.0 10.0 66.737 0
040826 17.0 10.0 66.862 0
040856 17.0 10.0 66.925 0
040927 17.0 10.0 67.05 0
040957 17.0 10.0 67.112 0
041028 17.0 10.0 67.237 0
041058 17.0 10.0 67.3 0
041129 16.937 10.0 67.362 0
041159 16.937 10.0 67.425 0
041230 16.937 10.0 67.487 0
041301 16.937 10.0 67.55 0
041332 16.937 10.0 67.612 0
041403 16.937 10.0 67.612 0
041433 16.937 10.0 67.675 0
041503 16.937 10.0 67.675 0
041533 16.937 10.0 67.675 0
041603 16.937 10.0 67.675 0
041633 16.937 10.0 67.737 0
041704 16.937 10.0 67.737 0
041735 16.937 10.0 67.737 0
041805 16.937 10.0 67.737 0
041835 16.937 10.0 67.8 0
041905 16.937 10.0 67.8 0
041936 16.937 10.0 67.862 0
042006 16.937 10.0 67.862 0
042037 16.937 10.0 67.862 0
042107 16.875 10.0 67.862 0
042138 16.875 10.0 67.925 0
042208 16.875 10.0 67.925 0
042239 16.875 10.0 67.925 0
042309 16.875 10.0 67.987 0
042339 16.875 10.0 67.987 0
042410 16.875 10.0 68.05 0
042441 16.875 10.0 68.05 0
042511 16.875 10.0 68.05 0
042542 16.875 10.0 68.112 0
042612 16.875 10.0 68.112 0
042643 16.875 10.0 68.112 0
042713 16.875 10.0 68.175 0
042744 16.875 10.0 68.175 0
042815 16.875 10.0 68.175 0
042845 16.875 10.0 68.237 0
042916 16.875 10.0 68.237 0
042946 16.875 10.0 68.237 0
043017 16.875 10.0 68.237 0
043047 16.875 10.0 68.3 0
043117 16.812 10.0 68.3 0
043148 16.812 10.0 68.3 0
043219 16.812 10.0 68.3 0
043249 16.812 10.0 68.3 0
043320 16.812 10.0 68.362 0
043350 16.812 10.0 68.362 0
043421 16.812 10.0 68.362 0
043452 16.812 10.0 68.362 0
043522 16.812 10.0 68.362 0
043552 16.812 10.0 68.362 0
043622 16.812 10.0 68.362 0
043653 16.812 10.0 68.362 0
043723 16.812 10.0 68.362 0
043754 16.812 10.0 68.362 0
043824 16.812 10.0 68.362 0
043855 16.812 10.0 68.362 0
043925 16.812 10.0 68.362 0
043956 16.812 10.0 68.362 0
044027 16.812 10.0 68.362 0
044057 16.812 10.0 68.362 0
044127 16.812 10.0 68.362 0
044158 16.812 10.0 68.362 0
044229 16.812 10.0 68.3 0
044259 16.812 10.0 68.3 0
044330 16.812 10.0 68.3 0
044400 16.75 10.0 68.3 0
044431 16.75 10.0 68.3 0
044501 16.75 10.0 68.3 0
044532 16.75 10.0 68.3 0
044603 16.75 10.0 68.3 0
044633 16.75 10.0 68.3 0
044704 16.75 10.0 68.237 0
044734 16.75 10.0 68.237 0
044805 16.75 10.0 68.237 0
044837 16.75 10.0 68.237 0
044907 16.75 10.0 68.237 0
044938 16.75 10.0 68.237 0
045008 16.75 10.0 68.175 0
045038 16.75 10.0 68.237 0
045109 16.687 10.0 68.175 0
045140 16.687 10.0 68.3 0
045211 16.687 10.0 68.362 0
045241 16.687 10.0 68.237 0
045312 16.687 10.0 68.112 0
045342 16.687 10.0 68.05 0
045413 16.687 10.0 68.05 0
045443 16.687 10.0 68.05 0
045513 16.687 10.0 68.05 0
045543 16.687 10.0 68.175 0
045613 16.687 10.0 68.05 0
045644 16.687 10.0 68.05 0
045714 16.687 10.0 67.987 0
045744 16.687 10.0 67.987 0
045815 16.687 10.0 67.987 0
045845 16.687 10.0 67.987 0
045916 16.687 10.0 67.925 0
045947 16.687 10.0 67.925 0
050018 16.687 10.0 67.925 0
050048 16.687 10.0 67.925 0
050118 16.625 10.0 67.862 0
050148 16.625 10.0 67.862 0
050218 16.625 10.0 67.862 0
050249 16.625 10.0 67.862 0
050320 16.625 10.0 67.8 0
050350 16.625 10.0 67.8 0
050420 16.625 10.0 67.8 0
050451 16.625 10.0 67.862 0
050522 16.625 10.0 67.987 0
050552 16.625 10.0 68.05 0
050622 16.625 10.0 68.175 0
050653 16.625 10.0 68.237 0
050724 16.625 10.0 68.3 0
050755 16.625 10.0 68.362 0
050825 16.625 10.0 68.362 0
050855 16.625 10.0 68.425 0
050926 16.625 10.0 68.425 0
050956 16.625 10.0 68.425 0
051027 16.625 10.0 68.487 0
051057 16.625 10.0 68.487 0
051127 16.625 10.0 68.487 0
051158 16.625 10.0 68.487 0
051228 16.625 10.0 68.487 0
051258 16.625 10.0 68.487 0
051329 16.625 10.0 68.487 0
051359 16.562 10.0 68.487 0
051429 16.562 10.0 68.487 0
051500 16.562 10.0 68.487 0
051530 16.562 10.0 68.487 0
051600 16.562 10.0 68.487 0
051631 16.562 10.0 68.487 0
051701 16.562 10.0 68.487 0
051732 16.562 10.0 68.487 0
051803 16.562 10.0 68.487 0
051833 16.562 10.0 68.487 0
051904 16.562 10.0 68.487 0
051935 16.562 10.0 68.487 0
052005 16.562 10.0 68.425 0
052036 16.562 10.0 68.425 0
052107 16.562 10.0 68.425 0
052137 16.5 10.0 68.425 0
052208 16.5 10.0 68.425 0
052238 16.5 10.0 68.425 0
052309 16.5 10.0 68.362 0
052339 16.5 10.0 68.362 0
052409 16.5 10.0 68.362 0
052440 16.5 10.0 68.362 0
052511 16.5 10.0 68.362 0
052541 16.5 10.0 68.362 0
052613 16.5 10.0 68.362 0
052643 16.5 10.0 68.3 0
052714 16.5 10.0 68.3 0
052745 16.5 10.0 68.3 0
052815 16.5 10.0 68.3 0
052846 16.562 10.0 68.3 0
052916 16.562 10.0 68.237 0
052946 16.562 10.0 68.237 0
053017 16.562 10.0 68.237 0
053047 16.562 10.0 68.175 0
053117 16.5 10.0 68.175 0
053148 16.5 10.0 68.175 0
053218 16.5 10.0 68.175 0
053249 16.5 10.0 68.175 0
053319 16.5 10.0 68.112 0
053350 16.5 10.0 68.112 0
053421 16.5 10.0 68.112 0
053451 16.5 10.0 68.112 0
053521 16.5 10.0 68.05 0
053551 16.5 10.0 68.05 0
053622 16.5 10.0 68.05 0
053652 16.5 10.0 67.987 0
053723 16.5 10.0 67.987 0
053754 16.5 10.0 67.987 0
053824 16.5 10.0 67.987 0
053855 16.5 10.0 67.925 0
053925 16.5 10.0 67.925 0
053955 16.5 10.0 67.925 0
054026 16.5 10.0 67.862 0
054056 16.5 10.0 67.862 0
054126 16.437 10.0 67.862 0
054157 16.437 10.0 67.862 0
054228 16.437 10.0 67.8 0
054258 16.437 10.0 67.8 0
054329 16.437 10.0 67.8 0
054400 16.437 10.0 67.8 0
054430 16.437 10.0 67.737 0
054500 16.437 10.0 67.737 0
054531 16.437 10.0 67.737 0
054601 16.437 10.0 67.675 0
054632 16.437 10.0 67.675 0
054703 16.437 10.0 67.675 0
054734 16.437 10.0 67.612 0
054804 16.437 10.0 67.612 0
054834 16.437 10.0 67.612 0
054904 16.437 10.0 67.55 0
054935 16.437 10.0 67.55 0
055005 16.437 10.0 67.55 0
055035 16.437 10.0 67.487 0
055106 16.437 10.0 67.487 0
055136 16.437 10.0 67.487 0
055207 16.437 10.0 67.425 0
055237 16.437 10.0 67.425 0
055308 16.437 10.0 67.425 0
055338 16.437 10.0 67.362 0
055409 16.375 10.0 67.362 0
055439 16.375 10.0 67.362 0
055510 16.375 10.0 67.3 0
055540 16.375 10.0 67.3 0
055611 16.375 10.0 67.237 0
055641 16.375 10.0 67.237 0
055711 16.375 10.0 67.175 0
055741 16.375 10.0 67.175 0
055812 16.375 10.0 67.175 0
055843 16.375 10.0 67.112 0
055913 16.375 10.0 67.112 0
055943 16.375 10.0 67.05 0
060013 16.375 10.0 67.05 0
060044 16.375 10.0 66.987 0
060115 16.375 10.0 66.987 0
060145 16.375 10.0 66.987 0
060215 16.375 10.0 66.925 0
060245 16.375 10.0 66.925 0
060315 16.375 10.0 66.925 0
060346 16.375 10.0 66.862 0
060416 16.375 10.0 66.862 0
060446 16.375 10.0 66.8 0
060517 16.375 10.0 66.8 0
060547 16.375 10.0 66.8 0
060617 16.375 10.0 66.8 0
060648 16.375 10.0 66.862 0
060718 16.375 10.0 66.987 0
060749 16.375 10.0 67.05 0
060819 16.375 10.0 67.112 0
060852 16.312 10.0 67.112 0
060922 16.312 10.0 67.175 0
060953 16.312 10.0 67.175 0
061023 16.312 10.0 67.175 0
061054 16.312 10.0 67.175 0
061124 16.312 10.0 67.175 0
061154 16.312 10.0 67.175 0
061225 16.312 10.0 67.175 0
061255 16.312 10.0 67.175 0
061325 16.312 10.0 67.175 0
061356 16.312 10.0 67.175 0
061426 16.312 10.0 67.175 0
061457 16.312 10.0 67.175 0
061527 16.312 10.0 67.175 0
061558 16.312 10.0 67.112 0
061628 16.375 10.0 67.112 0
061659 16.375 10.0 67.112 0
061729 16.375 10.0 67.05 0
061800 16.375 10.0 67.05 0
061831 16.375 10.0 66.987 0
061901 16.375 10.0 66.987 0
061931 16.375 10.0 66.987 0
062002 16.375 10.0 66.925 0
062032 16.375 10.0 66.925 0
062103 16.375 10.0 66.862 0
062133 16.437 10.0 66.862 0
062204 16.437 10.0 66.862 0
062235 16.437 10.0 66.8 0
062305 16.437 10.0 66.8 0
062335 16.437 10.0 66.737 0
062406 16.437 10.0 66.737 0
062436 16.437 10.0 66.737 0
062507 16.437 10.0 66.675 0
062537 16.437 10.0 66.675 0
062607 16.437 10.0 66.612 0
062638 16.437 10.0 66.612 0
062708 16.437 10.0 66.612 0
062739 16.437 10.0 66.55 0
062810 16.437 10.0 66.55 0
062840 16.437 10.0 66.55 0
062910 16.437 10.0 66.487 0
062940 16.437 10.0 66.487 0
063011 16.437 10.0 66.487 0
063041 16.437 10.0 66.425 0
063112 16.437 10.0 66.425 0
063142 16.375 10.0 66.425 0
063213 16.375 10.0 66.362 0
063244 16.375 10.0 66.362 0
063314 16.375 10.0 66.362 0
063344 16.375 10.0 66.3 0
063415 16.375 10.0 66.3 0
063445 16.375 10.0 66.3 0
063516 16.375 10.0 66.237 0
063547 16.375 10.0 66.237 0
063617 16.375 10.0 66.175 0
063648 16.375 10.0 66.175 0
063718 16.375 10.0 66.175 0
063748 16.375 10.0 66.112 0
063818 16.375 10.0 66.05 0
063848 16.375 10.0 66.05 0
063919 16.375 10.0 65.987 0
063949 16.375 10.0 65.987 0
064019 16.375 10.0 65.925 0
064050 16.375 10.0 65.925 0
064120 16.375 10.0 65.862 0
064150 16.375 10.0 65.862 0
064221 16.375 10.0 65.8 0
064252 16.375 10.0 65.8 0
064322 16.375 10.0 65.737 0
064353 16.375 10.0 65.737 0
064423 16.312 10.0 65.737 0
064454 16.312 10.0 65.675 0
064525 16.312 10.0 65.675 0
064556 16.312 10.0 65.612 0
064627 16.312 10.0 65.612 0
064658 16.312 10.0 65.55 0
064729 16.312 10.0 65.55 0
064759 16.312 10.0 65.487 0
064830 16.312 10.0 65.487 0
064900 16.312 10.0 65.425 0
064931 16.312 10.0 65.425 0
065002 16.312 10.0 65.425 0
065032 16.312 10.0 65.362 0
065102 16.312 10.0 65.362 0
065133 16.312 10.0 65.3 0
065204 16.312 10.0 65.3 0
065234 16.312 10.0 65.237 0
065304 16.312 10.0 65.237 0
065335 16.312 10.0 65.175 0
065405 16.312 10.0 65.175 0
065436 16.312 10.0 65.112 0
065506 16.312 10.0 65.112 0
065537 16.312 10.0 65.05 0
065607 16.312 10.0 65.05 0
065638 16.312 10.0 65.05 0
065708 16.312 10.0 64.987 0
065739 16.312 10.0 64.925 0
065809 16.312 10.0 64.862 0
065840 16.312 10.0 64.862 0
065911 16.25 10.0 64.8 0
065942 16.25 10.0 64.737 0
070012 16.25 10.0 64.675 0
070042 16.25 10.0 64.675 0
070112 16.25 10.0 64.612 0
070142 16.25 10.0 64.612 0
070213 16.25 10.0 64.55 0
070244 16.25 10.0 64.55 0
070314 16.25 10.0 64.487 0
070344 16.25 10.0 64.487 0
070415 16.25 10.0 64.425 0
070445 16.25 10.0 64.425 0
070516 16.25 10.0 64.362 0
070546 16.25 10.0 64.362 0
070616 16.25 10.0 64.3 0
070646 16.25 10.0 64.3 0
070717 16.25 10.0 64.237 0
070747 16.25 10.0 64.237 0
070817 16.25 10.0 64.237 0
070848 16.25 10.0 64.3 0
070918 16.25 10.0 64.362 0
070949 16.25 10.0 64.425 0
071020 16.25 10.0 64.425 0
071050 16.25 10.0 64.425 0
071121 16.25 10.0 64.425 0
071152 16.187 10.0 64.425 0
071222 16.187 10.0 64.487 0
071253 16.187 10.0 64.425 0
071324 16.187 10.0 64.425 0
071354 16.187 10.0 64.425 0
071425 16.187 10.0 64.425 0
071456 16.187 10.0 64.425 0
071526 16.187 10.0 64.362 0
071557 16.187 10.0 64.362 0
071630 16.187 10.0 64.362 0
071700 16.187 10.0 64.3 0
071731 16.187 10.0 64.3 0
071802 16.187 10.0 64.237 0
071833 16.187 10.0 64.175 0
071903 16.187 10.0 64.175 0
071934 16.187 10.0 64.112 0
072005 16.187 10.0 64.05 0
072035 16.187 10.0 64.05 0
072106 16.187 10.0 63.987 0
072136 16.125 10.0 63.987 0
072206 16.125 10.0 63.925 0
072236 16.125 10.0 63.925 0
072307 16.125 10.0 63.862 0
072337 16.125 10.0 63.862 0
072408 16.125 10.0 63.8 0
072438 16.125 10.0 63.8 0
072508 16.125 10.0 63.737 0
072539 16.125 10.0 63.737 0
072609 16.125 10.0 63.675 0
072640 16.125 10.0 63.675 0
072711 16.125 10.0 63.612 0
072741 16.125 10.0 63.612 0
072812 16.125 10.0 63.55 0
072843 16.125 10.0 63.55 0
072913 16.125 10.0 63.487 0
072943 16.125 10.0 63.487 0
073013 16.125 10.0 63.487 0
073044 16.125 10.0 63.425 0
073115 16.125 10.0 63.425 0
073145 16.125 10.0 63.362 0
073215 16.125 10.0 63.362 0
073246 16.125 10.0 63.3 0
073316 16.125 10.0 63.3 0
073346 16.125 10.0 63.237 0
073417 16.125 10.0 63.237 0
073448 16.125 10.0 63.175 0
073518 16.125 10.0 63.175 0
073549 16.125 10.0 63.175 0
073619 16.125 10.0 63.112 0
073649 16.125 10.0 63.05 0
073720 16.125 10.0 62.987 0
073750 16.125 10.0 62.925 0
073821 16.125 10.0 62.862 0
073851 16.125 10.0 62.8 0
073921 16.125 10.0 62.737 0
073952 16.125 10.0 62.737 0
074022 16.125 10.0 62.675 0
074053 16.125 10.0 62.612 0
074123 16.125 10.0 62.612 0
074153 16.125 10.0 62.55 0
074224 16.125 10.0 62.55 0
074254 16.125 10.0 62.487 0
074325 16.125 10.0 62.487 0
074355 16.125 10.0 62.425 0
074426 16.062 10.0 62.425 0
074456 16.062 10.0 62.362 0
074527 16.062 10.0 62.3 0
074558 16.062 10.0 62.3 0
074628 16.062 10.0 62.237 0
074659 16.062 10.0 62.237 0
074729 16.062 10.0 62.175 0
074800 16.062 10.0 62.175 0
074831 16.062 10.0 62.112 0
074901 16.062 10.0 62.112 0
074932 16.062 10.0 62.05 0
075003 16.062 10.0 62.05 0
075033 16.062 10.0 61.987 0
075104 16.062 10.0 61.987 0
075135 16.062 10.0 61.925 0
075206 16.062 10.0 61.925 0
075236 16.062 10.0 61.862 0
075307 16.062 10.0 61.862 0
075337 16.062 10.0 61.8 0
075407 16.062 10.0 61.8 0
075438 16.062 10.0 61.737 0
075508 16.062 10.0 61.737 0
075539 16.062 10.0 61.675 0
075609 16.062 10.0 61.612 0
075639 16.062 10.0 61.55 0
075710 16.062 10.0 61.487 0
075741 16.062 10.0 61.362 0
075811 16.062 10.0 61.3 0
075842 16.062 10.0 61.237 0
075913 16.0 10.0 61.175 0
075943 16.0 10.0 61.175 0
080014 16.0 10.0 61.112 0
080045 16.0 10.0 61.05 0
080116 16.0 10.0 60.987 0
080146 16.0 10.0 60.987 0
080217 16.0 10.0 60.925 0
080248 16.0 10.0 60.925 0
080319 16.0 10.0 60.862 0
080349 16.0 10.0 60.862 0
080419 16.0 10.0 60.8 0
080450 16.0 10.0 60.8 0
080520 16.0 10.0 60.737 0
080551 16.0 10.0 60.675 0
080621 16.0 10.0 60.675 0
080651 16.0 10.0 60.612 0
080721 16.0 10.0 60.612 0
080752 16.0 10.0 60.55 0
080822 16.0 10.0 60.55 0
080853 16.0 10.0 60.487 0
080923 16.0 10.0 60.487 0
080953 16.0 10.0 60.487 0
081024 16.0 10.0 60.487 0
081054 16.0 10.0 60.487 0
081125 16.0 10.0 60.487 0
081155 15.937 10.0 60.487 0
081226 15.937 10.0 60.487 0
081256 15.937 10.0 60.487 0
081326 15.937 10.0 60.487 0
081357 15.937 10.0 60.487 0
081427 16.0 10.0 60.425 0
081458 16.0 10.0 60.425 0
081528 16.0 10.0 60.362 0
081558 16.0 10.0 60.362 0
081629 16.0 10.0 60.3 0
081659 16.0 10.0 60.237 0
081730 16.0 10.0 60.175 0
081801 16.0 10.0 60.112 0
081831 16.0 10.0 60.05 0
081902 16.0 10.0 60.05 0
081932 15.937 10.0 59.987 0
082003 15.937 10.0 59.925 0
082033 15.937 10.0 59.925 0
082103 15.937 10.0 59.862 0
082133 15.937 10.0 59.862 0
082204 15.937 10.0 59.8 0
082234 15.937 10.0 59.8 0
082305 15.937 10.0 59.737 0
082335 15.937 10.0 59.737 0
082406 15.937 10.0 59.675 0
082437 15.937 10.0 59.675 0
082507 15.937 10.0 59.612 0
082538 15.937 10.0 59.612 0
082608 15.937 10.0 59.55 0
082641 15.937 10.0 59.55 0
082711 15.937 10.0 59.487 0
082742 15.937 10.0 59.487 0
082813 15.937 10.0 59.425 0
082844 15.937 10.0 59.425 0
082914 15.937 10.0 59.362 0
082945 15.937 10.0 59.362 0
083015 15.937 10.0 59.3 0
083045 15.937 10.0 59.3 0
083116 15.937 10.0 59.237 0
083146 15.937 10.0 59.237 0
083216 15.937 10.0 59.175 0
083247 15.937 10.0 59.175 0
083318 15.937 10.0 59.112 0
083349 15.937 10.0 59.05 0
083419 15.937 10.0 58.987 0
083449 15.937 10.0 58.862 0
083520 15.937 10.0 58.8 0
083550 15.937 10.0 58.675 0
083621 15.937 10.0 58.612 0
083652 15.875 10.0 58.55 0
083723 15.875 10.0 58.55 0
083753 15.875 10.0 58.487 0
083823 15.875 10.0 58.425 0
083854 15.875 10.0 58.425 0
083924 15.875 10.0 58.362 0
083955 15.875 10.0 58.3 0
084025 15.875 10.0 58.3 0
084056 15.875 10.0 58.237 0
084127 15.875 10.0 58.237 0
084157 15.875 10.0 58.175 0
084228 15.875 10.0 58.175 0
084258 15.875 10.0 58.112 0
084328 15.875 10.0 58.112 0
084359 15.875 10.0 58.05 0
084429 15.875 10.0 57.987 0
084459 15.875 10.0 57.987 0
084529 15.875 10.0 57.987 0
084559 15.875 10.0 57.925 0
084630 15.875 10.0 57.862 0
084700 15.875 10.0 57.862 0
084731 15.875 10.0 57.8 0
084802 15.875 10.0 57.8 0
084832 15.875 10.0 57.737 0
084902 15.875 10.0 57.737 0
084933 15.875 10.0 57.675 0
085004 15.875 10.0 57.675 0
085034 15.875 10.0 57.612 0
085105 15.875 10.0 57.612 0
085135 15.875 10.0 57.487 0
085206 15.875 10.0 57.425 0
085236 15.875 10.0 57.3 0
085307 15.875 10.0 57.175 0
085337 15.875 10.0 57.05 0
085407 15.875 10.0 56.987 0
085438 15.875 10.0 56.925 0
085508 15.875 10.0 56.862 0
085539 15.875 10.0 56.862 0
085610 15.875 10.0 56.8 0
085641 15.875 10.0 56.8 0
085711 15.812 10.0 56.8 0
085741 15.812 10.0 56.8 0
085811 15.812 10.0 56.925 0
085842 15.812 10.0 57.175 0
085912 15.812 10.0 57.425 0
085943 15.875 10.0 57.862 0
090013 15.875 10.0 58.3 0
090044 15.875 10.0 58.925 0
090115 15.875 10.0 59.675 0
090146 15.812 10.0 60.612 0
090217 15.812 10.0 61.675 0
090248 15.812 10.0 62.612 0
090318 15.812 10.0 63.362 0
090349 15.812 10.0 63.987 0
090419 15.812 10.0 64.487 0
090450 15.812 10.0 64.925 0
090520 15.812 10.0 65.3 0
090551 15.812 10.0 65.612 0
090622 15.812 10.0 65.8 0
090652 15.812 10.0 65.987 0
090723 15.812 10.0 66.112 0
090754 15.812 10.0 66.237 0
090824 15.812 10.0 66.362 0
090855 15.812 10.0 66.425 0
090925 15.812 10.0 66.487 0
090956 15.812 10.0 66.55 0
091027 15.812 10.0 66.612 0
091057 15.812 10.0 66.675 0
091128 15.812 10.0 66.675 0
091158 15.812 10.0 66.737 0
091229 15.812 10.0 66.737 0
091259 15.812 10.0 66.737 0
091330 15.812 10.0 66.8 0
091400 15.812 10.0 66.8 0
091430 15.812 10.0 66.8 0
091501 15.812 10.0 66.8 0
091532 15.812 10.0 66.862 0
091602 15.812 10.0 66.862 0
091633 15.812 10.0 66.862 0
091703 15.75 10.0 66.925 0
091733 15.75 10.0 66.925 0
091804 15.75 10.0 66.925 0
091834 15.75 10.0 66.925 0
091905 15.75 10.0 66.925 0
091935 15.75 10.0 66.925 0
092005 15.75 10.0 66.925 0
092036 15.75 10.0 66.925 0
092106 15.75 10.0 66.987 0
092136 15.75 10.0 66.987 0
092207 15.75 10.0 66.987 0
092237 15.75 10.0 66.987 0
092308 15.75 10.0 66.987 0
092338 15.75 10.0 66.987 0
092409 15.75 10.0 66.987 0
092439 15.75 10.0 66.987 0
092510 15.75 10.0 67.05 0
092540 15.75 10.0 67.05 0
092611 15.75 10.0 67.05 0
092641 15.75 10.0 67.05 0
092712 15.75 10.0 67.05 0
092742 15.75 10.0 67.05 0
092812 15.75 10.0 67.05 0
092843 15.75 10.0 67.05 0
092913 15.75 10.0 67.112 0
092944 15.75 10.0 67.112 0
093015 15.75 10.0 67.112 0
093045 15.75 10.0 67.112 0
093116 15.75 10.0 67.112 0
093146 15.75 10.0 67.112 0
093216 15.75 10.0 67.112 0
093247 15.75 10.0 67.112 0
093318 15.75 10.0 67.112 0
093348 15.75 10.0 67.112 0
093421 15.687 10.0 67.112 0
093452 15.687 10.0 67.112 0
093522 15.687 10.0 67.112 0
093553 15.687 10.0 67.112 0
093623 15.687 10.0 67.112 0
093654 15.687 10.0 67.112 0
093724 15.687 10.0 67.112 0
093754 15.687 10.0 67.112 0
093824 15.687 10.0 67.112 0
093855 15.687 10.0 67.112 0
093925 15.687 10.0 67.112 0
093956 15.687 10.0 67.112 0
094027 15.687 10.0 67.05 0
094058 15.687 10.0 67.05 0
094128 15.687 10.0 67.05 0
094158 15.687 10.0 67.05 0
094228 15.687 10.0 67.05 0
094259 15.687 10.0 67.05 0
094329 15.687 10.0 67.05 0
094400 15.687 10.0 66.987 0
094430 15.75 10.0 66.987 0
094501 15.75 10.0 66.987 0
094531 15.75 10.0 66.987 0
094601 15.75 10.0 66.987 0
094631 15.75 10.0 66.987 0
094702 15.687 10.0 66.925 0
094733 15.687 10.0 66.925 0
094804 15.687 10.0 66.925 0
094834 15.687 10.0 66.925 0
094905 15.687 10.0 66.862 0
094935 15.687 10.0 66.862 0
095006 15.687 10.0 66.862 0
095036 15.687 10.0 66.862 0
095106 15.687 10.0 66.8 0
095137 15.687 10.0 66.8 0
095207 15.687 10.0 66.8 0
095237 15.687 10.0 66.8 0
095308 15.687 10.0 66.737 0
095338 15.687 10.0 66.737 0
095409 15.687 10.0 66.737 0
095439 15.687 10.0 66.675 0
095510 15.687 10.0 66.675 0
095540 15.687 10.0 66.675 0
095611 15.687 10.0 66.675 0
095641 15.687 10.0 66.612 0
095712 15.687 10.0 66.612 0
095742 15.687 10.0 66.612 0
095813 15.687 10.0 66.55 0
095843 15.687 10.0 66.55 0
095913 15.687 10.0 66.55 0
095944 15.687 10.0 66.55 0
100014 15.687 10.0 66.487 0
100045 15.687 10.0 66.487 0
100115 15.687 10.0 66.487 0
100145 15.687 10.0 66.425 0
100215 15.625 10.0 66.425 0
100246 15.625 10.0 66.425 0
100317 15.625 10.0 66.425 0
100347 15.625 10.0 66.362 0
100418 15.625 10.0 66.425 0
100448 15.625 10.0 66.487 0
100519 15.625 10.0 66.55 0
100550 15.625 10.0 66.675 0
100620 15.625 10.0 66.675 0
100650 15.625 10.0 66.737 0
100721 15.625 10.0 66.8 0
100751 15.625 10.0 66.8 0
100822 15.625 10.0 66.8 0
100852 15.625 10.0 66.8 0
100923 15.625 10.0 66.8 0
100953 15.625 10.0 66.8 0
101024 15.625 10.0 66.8 0
101054 15.625 10.0 66.8 0
101125 15.625 10.0 66.862 0
101157 15.625 10.0 66.8 0
101227 15.625 10.0 66.8 0
101258 15.625 10.0 66.8 0
101328 15.625 10.0 66.8 0
101359 15.625 10.0 66.8 0
101430 15.625 10.0 66.8 0
101500 15.625 10.0 66.737 0
101531 15.625 10.0 66.737 0
101601 15.625 10.0 66.737 0
101632 15.625 10.0 66.737 0
101702 15.625 10.0 66.737 0
101733 15.625 10.0 66.675 0
101804 15.625 10.0 66.675 0
101834 15.625 10.0 66.675 0
101904 15.625 10.0 66.675 0
101935 15.687 10.0 66.675 0
102005 15.687 10.0 66.675 0
102036 15.687 10.0 66.612 0
102106 15.687 10.0 66.612 0
102137 15.687 10.0 66.612 0
102208 15.687 10.0 66.612 0
102238 15.687 10.0 66.612 0
102308 15.687 10.0 66.55 0
102339 15.687 10.0 66.55 0
102409 15.687 10.0 66.55 0
102440 15.75 10.0 66.55 0
102511 15.75 10.0 66.487 0
102542 15.75 10.0 66.487 0
102612 15.75 10.0 66.487 0
102643 15.75 10.0 66.487 0
102714 15.75 10.0 66.487 0
102745 15.75 10.0 66.425 0
102815 15.75 10.0 66.425 0
102846 15.75 10.0 66.425 0
102917 15.75 10.0 66.362 0
102947 15.75 10.0 66.362 0
103017 15.75 10.0 66.362 0
103047 15.75 10.0 66.3 0
103118 15.75 10.0 66.3 0
103148 15.75 10.0 66.3 0
103219 15.75 10.0 66.237 0
103249 15.75 10.0 66.237 0
103319 15.75 10.0 66.175 0
103350 15.75 10.0 66.175 0
103421 15.75 10.0 66.175 0
103451 15.75 10.0 66.112 0
103522 15.75 10.0 66.112 0
103553 15.75 10.0 66.05 0
103623 15.75 10.0 66.05 0
103653 15.75 10.0 66.05 0
103724 15.812 10.0 65.987 0
103754 15.812 10.0 65.987 0
103825 15.812 10.0 65.987 0
103855 15.812 10.0 65.925 0
103926 15.812 10.0 65.925 0
103956 15.75 10.0 65.925 0
104026 15.75 10.0 65.862 0
104057 15.75 10.0 65.862 0
104128 15.75 10.0 65.8 0
104200 15.75 10.0 65.8 0
104231 15.75 10.0 65.8 0
104301 15.75 10.0 65.737 0
104332 15.75 10.0 65.737 0
104402 15.75 10.0 65.737 0
104433 15.75 10.0 65.675 0
104504 15.75 10.0 65.675 0
104534 15.75 10.0 65.675 0
104605 15.75 10.0 65.612 0
104636 15.75 10.0 65.612 0
104706 15.75 10.0 65.612 0
104736 15.75 10.0 65.55 0
104807 15.75 10.0 65.55 0
104838 15.75 10.0 65.487 0
104909 15.75 10.0 65.487 0
104939 15.812 10.0 65.487 0
105010 15.812 10.0 65.425 0
105041 15.812 10.0 65.425 0
105111 15.812 10.0 65.425 0
105142 15.812 10.0 -0.2 0
105212 15.75 10.0 -0.2 0
105243 15.75 10.0 -0.2 0
105313 15.75 10.0 -0.2 0
105344 15.75 10.0 65.237 0
105414 15.75 10.0 65.175 0
105444 15.812 10.0 65.175 0
105515 15.812 10.0 65.112 0
105546 15.812 10.0 65.05 0
105616 15.812 10.0 65.05 0
105646 15.812 10.0 65.05 0
105717 15.812 10.0 64.987 0
105747 15.812 10.0 64.987 0
105818 15.812 10.0 64.987 0
105849 15.812 10.0 64.925 0
105920 15.812 10.0 64.925 0
105950 15.75 10.0 64.862 0
110021 15.75 10.0 64.862 0
110051 15.75 10.0 64.8 0
110121 15.75 10.0 64.8 0
110152 15.75 10.0 64.737 0
110222 15.812 10.0 64.737 0
110252 15.812 10.0 64.737 0
110323 15.812 10.0 64.675 0
110353 15.812 10.0 64.675 0
110424 15.812 10.0 64.612 0
110455 15.812 10.0 64.612 0
110526 15.812 10.0 64.612 0
110556 15.812 10.0 64.612 0
110627 15.812 10.0 64.675 0
110657 15.812 10.0 64.737 0
110727 15.875 10.0 64.8 0
110757 15.875 10.0 64.862 0
110828 15.875 10.0 64.862 0
110859 15.875 10.0 64.862 0
110929 15.875 10.0 64.925 0
110959 15.937 10.0 64.925 0
111029 15.937 10.0 64.925 0
111100 15.937 10.0 64.925 0
111131 15.937 10.0 64.925 0
111201 15.937 10.0 64.925 0
111231 15.937 10.0 64.925 0
111301 15.937 10.0 64.925 0
111332 15.937 10.0 64.925 0
111403 15.937 10.0 64.925 0
111436 15.937 10.0 64.925 0
111506 15.937 10.0 64.862 0
111537 15.937 10.0 64.862 0
111607 15.937 10.0 64.8 0
111637 15.937 10.0 64.8 0
111708 16.0 10.0 64.8 0
111739 16.0 10.0 64.737 0
111809 16.0 10.0 64.737 0
111840 16.0 10.0 64.737 0
111910 16.0 10.0 64.675 0
111941 16.0 10.0 64.675 0
112012 16.0 10.0 64.675 0
112042 16.0 10.0 64.612 0
112113 16.0 10.0 64.612 0
112143 16.0 10.0 64.55 0
112213 16.0 10.0 64.55 0
112244 16.0 10.0 64.55 0
112314 16.0 10.0 64.487 0
112344 16.0 10.0 64.487 0
112414 16.0 10.0 64.487 0
112445 16.062 10.0 64.425 0
112515 16.062 10.0 64.425 0
112546 16.062 10.0 64.425 0
112616 16.062 10.0 64.362 0
112647 16.062 10.0 64.362 0
112718 16.062 10.0 64.3 0
112748 16.062 10.0 64.3 0
112818 16.062 10.0 64.3 0
112849 16.062 10.0 64.237 0
112919 16.062 10.0 64.237 0
112950 16.062 10.0 64.175 0
113020 16.062 10.0 64.175 0
113050 16.062 10.0 64.112 0
113120 16.062 10.0 64.112 0
113151 16.062 10.0 64.112 0
113221 16.062 10.0 64.05 0
113252 16.062 10.0 64.05 0
113323 16.062 10.0 63.987 0
113353 16.062 10.0 63.987 0
113424 16.062 10.0 63.925 0
113454 16.062 10.0 63.862 0
113525 16.062 10.0 63.8 0
113555 16.062 10.0 63.8 0
113626 16.062 10.0 63.737 0
113656 16.062 10.0 63.737 0
113726 16.062 10.0 63.675 0
113757 16.062 10.0 63.675 0
113827 16.062 10.0 63.612 0
113857 16.062 10.0 63.612 0
113928 16.062 10.0 63.55 0
113959 16.062 10.0 63.55 0
114029 16.062 10.0 63.487 0
114059 16.062 10.0 63.487 0
114129 16.062 10.0 63.425 0
114159 16.062 10.0 63.425 0
114230 16.062 10.0 63.362 0
114300 16.062 10.0 63.362 0
114331 16.062 10.0 63.3 0
114402 16.062 10.0 63.3 0
114432 16.062 10.0 63.237 0
114503 16.062 10.0 63.237 0
114533 16.062 10.0 63.175 0
114604 16.062 10.0 63.175 0
114634 16.062 10.0 63.175 0
114705 16.062 10.0 63.112 0
114735 16.125 10.0 63.112 0
114806 16.125 10.0 63.05 0
114837 16.125 10.0 63.05 0
114907 16.125 10.0 62.987 0
114937 16.125 10.0 62.987 0
115008 16.187 10.0 62.925 0
115038 16.187 10.0 62.925 0
115109 16.187 10.0 62.862 0
115139 16.187 10.0 62.862 0
115209 16.187 10.0 62.8 0
115239 16.25 10.0 62.8 0
115310 16.25 10.0 62.737 0
115340 16.25 10.0 62.675 0
115411 16.25 10.0 62.612 0
115443 16.312 10.0 62.55 0
115514 16.312 10.0 62.487 0
115545 16.312 10.0 62.487 0
115616 16.312 10.0 62.425 0
115646 16.312 10.0 62.362 0
115717 16.375 10.0 62.362 0
115747 16.375 10.0 62.3 0
115817 16.375 10.0 62.237 0
115848 16.375 10.0 62.237 0
115918 16.375 10.0 62.175 0
115949 16.5 10.0 62.175 0
120020 16.5 10.0 62.112 0
120051 16.5 10.0 62.112 0
120121 16.5 10.0 62.05 0
120151 16.5 10.0 62.05 0
120222 16.562 10.0 61.987 0
120252 16.562 10.0 61.987 0
120323 16.562 10.0 61.925 0
120353 16.562 10.0 61.925 0
120424 16.562 10.0 61.862 0
120454 16.687 10.0 61.862 0
120524 16.687 10.0 61.8 0
120555 16.687 10.0 61.8 0
120626 16.687 10.0 61.737 0
120656 16.687 10.0 61.737 0
120727 16.687 10.0 61.737 0
120757 16.687 10.0 61.737 0
120827 16.687 10.0 61.737 0
120858 16.687 10.0 61.737 0
120929 16.687 10.0 61.8 0
121000 16.75 10.0 61.8 0
121030 16.75 10.0 61.8 0
121100 16.75 10.0 61.8 0
121131 16.75 10.0 61.8 0
121201 16.75 10.0 61.8 0
121232 16.812 10.0 61.737 0
121302 16.812 10.0 61.737 0
121333 16.812 10.0 61.675 0
121404 16.812 10.0 61.675 0
121434 16.812 10.0 61.612 0
121505 16.875 10.0 61.55 0
121535 16.875 10.0 61.55 0
121605 16.875 10.0 61.487 0
121636 16.875 10.0 61.425 0
121706 16.875 10.0 61.425 0
121736 16.875 10.0 61.425 0
121807 16.875 10.0 61.362 0
121837 16.875 10.0 61.3 0
121908 16.875 10.0 61.3 0
121938 16.875 10.0 61.3 0
122008 16.937 10.0 61.237 0
122039 16.937 10.0 61.237 0
122109 16.937 10.0 61.175 0
122140 16.937 10.0 61.175 0
122211 16.937 10.0 61.175 0
122241 16.937 10.0 61.112 0
122312 16.937 10.0 61.112 0
122342 16.937 10.0 61.05 0
122412 16.937 10.0 61.05 0
122443 16.937 10.0 61.05 0
122513 16.937 10.0 60.987 0
122543 16.937 10.0 60.987 0
122614 16.937 10.0 60.925 0
122644 16.937 10.0 60.925 0
122717 17.0 10.0 60.925 0
122747 17.0 10.0 60.862 0
122818 17.0 10.0 60.862 0
122848 17.0 10.0 60.8 0
122919 17.0 10.0 60.8 0
122949 17.0 10.0 60.737 0
123019 17.0 10.0 60.737 0
123050 17.0 10.0 60.737 0
123120 17.0 10.0 60.675 0
123151 17.0 10.0 60.675 0
123221 17.062 10.0 60.612 0
123252 17.062 10.0 60.55 0
123322 17.062 10.0 60.487 0
123352 17.062 10.0 60.425 0
123423 17.062 10.0 60.362 0
123453 17.062 10.0 60.3 0
123524 17.062 10.0 60.237 0
123555 17.062 10.0 60.175 0
123626 17.062 10.0 60.175 0
123656 17.062 10.0 60.112 0
123726 17.312 10.0 60.05 0
123757 17.312 10.0 60.05 0
123827 17.312 10.0 59.987 0
123857 17.312 10.0 59.925 0
123928 17.312 10.0 59.925 0
123959 17.5 10.0 59.925 0
124030 17.5 10.0 59.862 0
124100 17.5 10.0 59.8 0
124131 17.5 10.0 59.8 0
124201 17.5 10.0 59.737 0
124231 17.75 10.0 59.737 0
124302 17.75 10.0 59.675 0
124332 17.75 10.0 59.675 0
124402 17.75 10.0 59.612 0
124433 17.75 10.0 59.612 0
124503 18.0 10.0 59.55 0
124534 18.0 10.0 59.55 0
124605 18.0 10.0 59.487 0
124636 18.0 10.0 59.487 0
124706 18.0 10.0 59.425 0
124736 18.125 10.0 59.425 0
124806 18.125 10.0 59.362 0
124836 18.125 10.0 59.3 0
124907 18.125 10.0 59.3 0
124937 18.125 10.0 59.237 0
125007 18.187 10.0 59.237 0
125037 18.187 10.0 59.175 0
125108 18.187 10.0 59.175 0
125139 18.187 10.0 59.112 0
125209 18.187 10.0 59.05 0
125239 18.25 10.0 58.987 0
125310 18.25 10.0 58.862 0
125341 18.25 10.0 58.737 0
125411 18.25 10.0 58.675 0
125442 18.25 10.0 58.55 0
125513 18.25 10.0 58.55 0
125543 18.25 10.0 58.487 0
125614 18.25 10.0 58.425 0
125645 18.25 10.0 58.362 0
125715 18.25 10.0 58.362 0
125745 18.437 10.0 58.3 0
125816 18.437 10.0 58.237 0
125847 18.437 10.0 58.237 0
125917 18.437 10.0 58.175 0
125948 18.437 10.0 58.175 0
130019 18.5 10.0 58.112 0
130050 18.5 10.0 58.112 0
130120 18.5 10.0 58.05 0
130150 18.5 10.0 58.05 0
130223 18.625 10.0 57.987 0
130254 18.625 10.0 57.925 0
130324 18.625 10.0 57.925 0
130355 18.625 10.0 57.862 0
130425 18.625 10.0 57.862 0
130456 18.625 10.0 57.8 0
130526 18.625 10.0 57.8 0
130556 18.625 10.0 57.737 0
130627 18.625 10.0 57.737 0
130658 18.625 10.0 57.675 0
130728 18.687 10.0 57.675 0
130759 18.687 10.0 57.612 0
130830 18.687 10.0 57.55 0
130900 18.687 10.0 57.55 0
130931 18.687 10.0 57.55 0
131002 18.687 10.0 57.55 0
131032 18.687 10.0 57.55 0
131102 18.687 10.0 57.487 0
131133 18.687 10.0 57.425 0
131203 18.687 10.0 57.362 0
131233 18.687 10.0 57.3 0
131304 18.687 10.0 57.237 0
131334 18.687 10.0 57.175 0
131405 18.687 10.0 57.175 0
131435 18.687 10.0 57.112 0
131505 18.687 10.0 57.05 0
131536 18.687 10.0 57.05 0
131607 18.687 10.0 56.987 0
131637 18.687 10.0 56.987 0
131707 18.687 10.0 56.987 0
131738 18.812 10.0 56.925 0
131809 18.812 10.0 56.862 0
131839 18.812 10.0 56.862 0
131910 18.812 10.0 56.862 0
131940 18.812 10.0 57.05 0
132010 18.937 10.0 57.3 0
132040 18.937 10.0 57.612 0
132110 18.937 10.0 58.05 0
132141 18.937 10.0 58.675 0
132211 18.937 10.0 59.425 0
132242 19.0 10.0 60.362 0
132312 19.0 10.0 61.237 0
132343 19.0 10.0 62.237 0
132413 19.0 10.0 63.112 0
132444 19.0 10.0 63.737 0
132514 19.062 10.0 64.3 0
132544 19.062 10.0 64.675 0
132615 19.062 10.0 64.987 0
132646 19.062 10.0 65.3 0
132716 19.062 10.0 65.487 0
132746 19.062 10.0 65.675 0
132817 19.062 10.0 65.8 0
132847 19.062 10.0 65.925 0
132917 19.062 10.0 66.05 0
132948 19.062 10.0 66.05 0
133018 19.125 10.0 66.112 0
133049 19.125 10.0 66.175 0
133120 19.125 10.0 66.175 0
133150 19.125 10.0 66.175 0
133221 19.125 10.0 66.237 0
133252 19.187 10.0 66.237 0
133322 19.187 10.0 66.237 0
133353 19.187 10.0 66.3 0
133423 19.187 10.0 66.3 0
133453 19.187 10.0 66.3 0
133524 19.312 10.0 66.3 0
133554 19.312 10.0 66.362 0
133625 19.312 10.0 66.362 0
133656 19.312 10.0 66.362 0
133726 19.312 10.0 66.362 0
133756 19.375 10.0 66.362 0
133826 19.375 10.0 66.425 0
133856 19.375 10.0 66.425 0
133927 19.375 10.0 66.425 0
134000 19.312 10.0 66.425 0
134031 19.312 10.0 66.425 0
134101 19.312 10.0 66.425 0
134132 19.312 10.0 66.425 0
134203 19.312 10.0 66.425 0
134233 19.375 10.0 66.425 0
134304 19.375 10.0 66.425 0
134335 19.375 10.0 66.487 0
134405 19.375 10.0 66.487 0
134436 19.375 10.0 66.487 0
134506 19.437 10.0 66.487 0
134537 19.437 10.0 66.487 0
134607 19.437 10.0 66.487 0
134637 19.437 10.0 66.487 0
134708 19.437 10.0 66.487 0
134738 19.437 10.0 66.487 0
134809 19.437 10.0 66.487 0
134839 19.437 10.0 66.487 0
134909 19.437 10.0 66.487 0
134940 19.437 10.0 66.487 0
135010 19.5 10.0 66.55 0
135041 19.5 10.0 66.55 0
135111 19.5 10.0 66.55 0
135141 19.5 10.0 66.55 0
135211 19.5 10.0 66.487 0
135242 19.625 10.0 66.487 0
135312 19.625 10.0 66.55 0
135343 19.625 10.0 66.55 0
135413 19.625 10.0 66.487 0
135444 19.625 10.0 66.487 0
135515 19.625 10.0 66.487 0
135546 19.625 10.0 66.487 0
135616 19.625 10.0 66.487 0
135647 19.625 10.0 66.487 0
135717 19.625 10.0 66.487 0
135747 19.687 10.0 66.487 0
135818 19.687 10.0 66.487 0
135848 19.687 10.0 66.487 0
135919 19.687 10.0 66.487 0
135950 19.687 10.0 66.487 0
140020 19.625 10.0 66.487 0
140051 19.625 10.0 66.425 0
140122 19.625 10.0 66.425 0
140153 19.625 10.0 66.425 0
140223 19.625 10.0 66.425 0
140253 19.562 10.0 66.425 0
140324 19.562 10.0 66.425 0
140354 19.562 10.0 66.362 0
140425 19.562 10.0 66.362 0
140456 19.562 10.0 66.362 0
140526 19.5 10.0 66.362 0
140557 19.5 10.0 66.3 0
140628 19.5 10.0 66.3 0
140658 19.5 10.0 66.3 0
140729 19.5 10.0 66.3 0
140800 19.562 10.0 66.3 0
140830 19.562 10.0 66.3 0
140901 19.562 10.0 66.237 0
140932 19.562 10.0 66.237 0
141004 19.5 10.0 66.237 0
141035 19.5 10.0 66.237 0
141105 19.5 10.0 66.175 0
141136 19.5 10.0 66.175 0
141206 19.5 10.0 66.175 0
141236 19.5 10.0 66.112 0
141307 19.5 10.0 66.112 0
141337 19.5 10.0 66.112 0
141408 19.5 10.0 66.112 0
141439 19.5 10.0 66.05 0
141510 19.437 10.0 66.05 0
141540 19.437 10.0 66.05 0
141611 19.437 10.0 66.05 0
141641 19.437 10.0 65.987 0
141711 19.437 10.0 65.987 0
141742 19.437 10.0 65.987 0
141812 19.437 10.0 65.987 0
141842 19.437 10.0 65.925 0
141913 19.437 10.0 65.925 0
141944 19.437 10.0 65.925 0
142015 19.375 10.0 65.925 0
142045 19.375 10.0 65.862 0
142115 19.375 10.0 65.862 0
142145 19.375 10.0 65.862 0
142216 19.375 10.0 65.8 0
142247 19.312 10.0 65.8 0
142317 19.312 10.0 65.8 0
142348 19.312 10.0 65.737 0
142418 19.312 10.0 65.737 0
142448 19.312 10.0 65.737 0
142518 19.312 10.0 65.737 0
142549 19.312 10.0 65.8 0
142620 19.312 10.0 65.862 0
142650 19.312 10.0 65.925 0
142721 19.312 10.0 65.987 0
142751 19.25 10.0 65.987 0
142822 19.25 10.0 66.05 0
142853 19.25 10.0 66.05 0
142923 19.25 10.0 66.05 0
142954 19.25 10.0 66.05 0
143024 19.25 10.0 66.05 0
143054 19.25 22.0 66.05 0
143124 19.25 22.0 66.05 50
143155 19.25 22.0 66.05 50
143225 19.25 22.0 66.05 50
143256 19.25 22.0 65.987 50
143327 19.25 22.0 65.987 50
143358 19.25 22.0 65.925 50
143428 19.25 22.0 65.925 50
143458 19.25 22.0 65.862 50
143528 19.375 22.0 65.8 50
143558 19.375 22.0 65.675 50
143629 19.375 22.0 65.55 50
143700 19.375 22.0 65.362 50
143730 19.375 22.0 65.112 50
143800 19.562 22.0 64.8 50
143831 19.562 22.0 64.362 50
143901 19.562 22.0 63.862 50
143932 19.562 22.0 63.175 50
144003 19.562 22.0 62.112 50
144034 19.875 22.0 60.612 50
144104 19.875 22.0 58.737 0
144135 19.875 22.0 57.3 0
144205 19.875 22.0 56.425 0
144238 20.25 22.0 55.862 0
144309 20.25 22.0 55.425 0
144339 20.25 22.0 55.237 0
144410 20.25 22.0 55.05 0
144440 20.25 22.0 54.987 0
144511 20.5 22.0 54.925 0
144541 20.5 22.0 54.925 0
144611 20.5 22.0 54.925 0
144642 20.5 22.0 54.925 0
144712 20.5 22.0 54.987 0
144743 20.562 22.0 55.05 0
144814 20.562 22.0 55.112 0
144844 20.562 22.0 55.237 0
144915 20.562 22.0 55.362 0
144945 20.562 22.0 55.487 0
145016 20.5 22.0 55.737 0
145047 20.5 22.0 56.175 0
145118 20.5 22.0 56.8 0
145148 20.5 22.0 57.55 0
145219 20.5 22.0 58.487 0
145250 20.5 22.0 59.612 0
145320 20.5 22.0 60.737 50
145350 20.5 22.0 61.8 50
145421 20.5 22.0 62.675 50
145451 20.5 22.0 63.362 50
145522 20.437 22.0 63.8 50
145552 20.437 22.0 64.112 50
145623 20.437 22.0 64.362 50
145653 20.437 22.0 64.55 50
145724 20.437 22.0 64.675 50
145754 20.437 22.0 64.8 50
145824 20.437 22.0 64.862 50
145855 20.437 22.0 64.925 50
145926 20.437 22.0 64.987 50
145957 20.437 22.0 64.987 50
150027 20.562 22.0 64.925 50
150058 20.562 22.0 64.925 50
150128 20.562 22.0 64.862 50
150158 20.562 22.0 64.737 50
150229 20.562 22.0 64.612 50
150259 20.687 22.0 64.362 50
150329 20.687 22.0 63.987 50
150400 20.687 22.0 63.3 50
150431 20.687 22.0 62.237 50
150502 20.687 22.0 60.8 50
150532 20.687 22.0 59.05 0
150602 20.687 22.0 57.612 0
150632 20.687 22.0 56.675 0
150703 20.687 22.0 56.112 0
150733 20.687 22.0 55.737 0
150804 20.687 22.0 55.487 0
150834 20.687 22.0 55.362 0
150905 20.687 22.0 55.112 0
150936 20.687 22.0 55.05 0
151007 20.687 22.0 54.987 0
151037 20.687 22.0 55.175 0
151107 20.687 22.0 55.487 0
151138 20.687 22.0 55.862 0
151208 20.687 22.0 56.425 0
151238 20.687 22.0 57.3 0
151309 20.687 22.0 58.487 0
151340 20.687 22.0 59.612 0
151410 20.687 22.0 60.737 50
151441 20.687 22.0 61.8 50
151514 20.625 22.0 62.987 50
151544 20.625 22.0 63.737 50
151614 20.625 22.0 64.3 50
151645 20.625 22.0 64.612 50
151715 20.625 22.0 64.862 50
151746 20.625 22.0 65.05 50
151816 20.625 22.0 65.175 50
151846 20.625 22.0 65.3 50
151917 20.625 22.0 65.425 50
151947 20.625 22.0 65.425 50
152017 20.625 22.0 65.487 50
152048 20.625 22.0 65.487 50
152119 20.625 22.0 65.55 50
152150 20.625 22.0 65.487 50
152220 20.625 22.0 65.487 50
152250 20.687 22.0 65.425 50
152321 20.687 22.0 65.362 50
152352 20.687 22.0 65.3 50
152423 20.687 22.0 65.112 50
152453 20.687 22.0 64.862 50
152523 20.687 22.0 64.362 50
152554 20.687 22.0 63.487 50
152625 20.687 22.0 62.237 50
152655 20.687 22.0 60.8 50
152725 20.687 22.0 59.237 0
152756 20.75 22.0 57.925 0
152827 20.75 22.0 57.05 0
152857 20.75 22.0 56.237 0
152928 20.75 22.0 55.3 0
152958 20.75 22.0 54.612 0
153029 20.875 22.0 54.112 0
153100 20.875 22.0 53.862 0
153130 20.875 22.0 53.925 0
153200 20.875 22.0 54.175 50
153230 20.875 22.0 54.737 50
153300 20.812 22.0 55.487 50
153330 20.812 22.0 56.3 50
153401 20.812 22.0 57.175 50
153431 20.812 22.0 58.05 50
153501 20.812 22.0 58.987 50
153531 20.75 22.0 59.862 50
153601 20.75 22.0 60.8 50
153631 20.75 22.0 61.675 50
153702 20.75 22.0 62.362 50
153732 20.75 22.0 62.925 50
153803 20.75 22.0 63.3 50
153833 20.75 22.0 63.55 50
153903 20.75 22.0 63.737 50
153933 20.75 22.0 63.862 50
154004 20.75 22.0 63.987 50
154034 20.687 22.0 64.112 50
154105 20.687 22.0 64.175 50
154135 20.687 22.0 64.175 50
154205 20.687 22.0 64.237 50
154235 20.687 22.0 64.237 50
154305 20.812 22.0 64.175 50
154336 20.812 22.0 64.175 50
154406 20.812 22.0 64.112 50
154437 20.812 22.0 63.987 50
154507 20.812 22.0 63.925 50
154537 20.812 22.0 63.737 50
154607 20.812 22.0 63.487 50
154638 20.812 22.0 63.05 50
154708 20.812 22.0 62.425 50
154739 20.812 22.0 61.55 50
154809 20.875 22.0 60.362 50
154839 20.875 22.0 58.987 50
154909 20.875 22.0 57.675 50
154939 20.875 22.0 56.55 50
155010 20.875 22.0 55.675 50
155040 20.875 22.0 55.05 50
155110 20.875 22.0 54.55 50
155141 20.875 22.0 54.237 50
155211 20.875 22.0 54.05 50
155242 20.875 22.0 54.05 50
155312 20.937 22.0 54.3 50
155342 20.937 22.0 54.862 50
155412 20.937 22.0 55.737 50
155443 20.937 22.0 56.612 50
155513 20.937 22.0 57.55 50
155544 21.0 22.0 58.487 50
155614 21.0 22.0 59.487 50
155644 21.0 22.0 60.362 50
155714 21.0 22.0 61.3 50
155744 21.0 22.0 62.112 50
155815 20.937 22.0 62.8 50
155845 20.937 22.0 63.237 50
155915 20.937 22.0 63.612 50
155945 20.937 22.0 63.862 50
160016 20.937 22.0 64.05 50
160046 20.937 22.0 64.237 50
160116 20.937 22.0 64.3 50
160146 20.937 22.0 64.425 50
160217 20.937 22.0 64.487 50
160247 20.937 22.0 64.55 50
160317 20.937 22.0 64.55 50
160347 20.937 22.0 64.55 50
160417 20.937 22.0 64.55 50
160447 20.937 22.0 64.55 50
160520 21.0 22.0 64.487 50
160550 21.0 22.0 64.362 50
160620 21.0 22.0 64.3 50
160650 21.0 22.0 64.112 50
160721 21.0 22.0 63.862 50
160751 21.062 22.0 63.487 50
160822 21.062 22.0 62.862 50
160852 21.062 22.0 61.862 50
160923 21.062 22.0 60.612 50
160954 21.062 22.0 59.362 50
161024 21.125 22.0 58.237 50
161054 21.125 22.0 57.3 50
161125 21.125 22.0 56.487 50
161155 21.125 22.0 55.862 50
161226 21.125 22.0 55.425 50
161256 21.125 22.0 54.987 50
161327 21.125 22.0 54.737 50
161357 21.125 22.0 54.55 50
161427 21.125 22.0 54.55 50
161457 21.125 22.0 54.737 50
161528 21.187 22.0 55.3 50
161558 21.187 22.0 56.112 50
161628 21.187 22.0 56.925 50
161658 21.187 22.0 57.8 50
161729 21.187 22.0 58.737 50
161759 21.125 22.0 59.612 50
161829 21.125 22.0 60.55 50
161900 21.125 22.0 61.425 50
161930 21.125 22.0 62.237 50
162001 21.125 22.0 62.862 50
162032 21.062 22.0 63.3 50
162102 21.062 22.0 63.612 50
162132 21.062 22.0 63.862 50
162203 21.062 22.0 64.05 50
162233 21.062 22.0 64.175 50
162304 21.0 22.0 64.237 50
162334 21.0 22.0 64.362 50
162404 21.0 22.0 64.425 50
162435 21.0 22.0 64.487 50
162505 21.0 22.0 64.487 50
162535 21.0 22.0 64.487 50
162605 21.0 22.0 64.487 50
162635 21.0 22.0 64.425 50
162706 21.0 22.0 64.362 50
162736 21.0 22.0 64.3 50
162806 21.0 22.0 64.237 50
162836 21.0 22.0 64.112 50
162906 21.0 22.0 63.925 50
162936 21.0 22.0 63.612 50
163006 21.0 22.0 63.05 50
163037 21.062 22.0 62.175 50
163107 21.062 22.0 60.987 50
163137 21.062 22.0 59.612 50
163207 21.062 22.0 58.3 50
163237 21.062 22.0 57.112 50
163307 21.062 22.0 56.175 50
163338 21.062 22.0 55.487 50
163408 21.062 22.0 54.925 50
163438 21.062 22.0 54.487 50
163508 21.062 22.0 54.237 50
163538 21.125 22.0 54.05 50
163609 21.125 22.0 53.987 0
163639 21.125 22.0 54.05 50
163709 21.125 22.0 54.175 50
163739 21.125 22.0 54.425 50
163809 21.062 22.0 54.925 50
163839 21.062 22.0 55.487 50
163910 21.062 22.0 56.05 50
163940 21.062 22.0 56.737 50
164010 21.062 22.0 57.3 50
164040 20.937 22.0 57.925 50
164111 20.937 22.0 58.487 50
164141 20.937 22.0 59.112 50
164211 20.937 22.0 59.675 50
164241 20.937 22.0 60.237 50
164312 20.937 22.0 60.737 50
164342 20.937 22.0 61.237 50
164412 20.937 22.0 61.675 50
164443 20.937 22.0 61.987 50
164513 20.937 22.0 62.175 50
164543 20.937 22.0 62.3 50
164614 20.937 22.0 62.362 50
164644 20.937 22.0 62.3 50
164714 20.937 22.0 62.175 50
164744 20.937 22.0 61.925 50
164814 20.937 22.0 61.612 50
164845 20.937 22.0 61.112 50
164915 20.937 22.0 60.487 50
164945 20.937 22.0 59.737 50
165016 20.937 22.0 58.925 50
165046 21.0 22.0 58.175 50
165116 21.0 22.0 57.425 50
165146 21.0 22.0 56.737 50
165217 21.0 22.0 56.112 50
165247 21.0 22.0 55.487 50
165317 21.0 22.0 54.987 50
165348 21.0 22.0 54.487 50
165418 21.0 22.0 54.112 50
165449 21.0 22.0 53.925 0
165519 21.0 22.0 54.05 50
165549 21.062 22.0 54.487 50
165620 21.062 22.0 55.3 50
165650 21.062 22.0 56.175 50
165721 21.062 22.0 57.112 50
165751 21.062 22.0 58.05 50
165821 21.062 22.0 59.05 50
165852 21.062 22.0 59.925 50
165923 21.062 22.0 60.862 50
165953 21.062 22.0 61.675 50
170023 21.062 22.0 62.362 50
170054 21.062 22.0 62.925 50
170124 21.062 22.0 63.3 50
170154 21.062 22.0 63.55 50
170225 21.062 22.0 63.737 50
170255 21.062 22.0 63.925 50
170325 21.062 22.0 64.05 50
170356 21.062 22.0 64.175 50
170426 21.062 22.0 64.175 50
170456 21.062 22.0 64.175 50
170528 21.062 22.0 64.175 50
170559 21.062 22.0 64.112 50
170629 21.062 22.0 64.05 50
170700 21.062 22.0 63.987 50
170730 21.062 22.0 63.862 50
170801 21.0 22.0 63.675 50
170831 21.0 22.0 63.362 50
170901 21.0 22.0 62.862 50
170931 21.0 22.0 62.112 50
171001 21.0 22.0 61.237 50
171032 21.0 22.0 60.175 50
171102 21.0 22.0 59.05 50
171132 21.0 22.0 57.925 50
171202 21.0 22.0 56.925 50
171232 21.0 22.0 55.987 50
171303 21.125 22.0 55.237 50
171333 21.125 22.0 54.612 50
171404 21.125 22.0 54.3 50
171434 21.125 22.0 54.425 50
171504 21.125 22.0 54.862 50
171535 21.125 22.0 55.487 50
171605 21.125 22.0 56.237 50
171635 21.125 22.0 57.05 50
171705 21.125 22.0 57.862 50
171735 21.125 22.0 58.8 50
171806 21.125 22.0 59.675 50
171836 21.125 22.0 60.55 50
171907 21.125 22.0 61.362 50
171937 21.125 22.0 62.05 50
172007 21.125 22.0 62.737 50
172038 21.125 22.0 63.237 50
172108 21.125 22.0 63.55 50
172138 21.125 22.0 63.8 50
172209 21.125 22.0 64.05 50
172239 21.125 22.0 64.237 50
172309 21.0 22.0 64.425 50
172340 21.0 22.0 64.55 50
172410 21.0 22.0 64.675 50
172440 21.0 22.0 64.737 50
172511 21.0 22.0 64.737 50
172541 21.0 22.0 64.737 50
172611 21.0 22.0 64.612 50
172641 21.0 22.0 64.362 50
172712 21.0 22.0 63.8 50
172742 21.0 22.0 62.862 50
172813 21.187 22.0 61.737 50
172843 21.187 22.0 60.487 50
172913 21.187 22.0 59.362 50
172944 21.187 22.0 58.3 50
173014 21.187 22.0 57.487 50
173045 21.25 22.0 56.8 50
173115 21.25 22.0 56.3 50
173146 21.25 22.0 55.925 50
173216 21.25 21.0 55.8 50
173246 21.25 21.0 55.862 0
173316 21.25 21.0 56.237 0
173346 21.25 21.0 56.862 0
173416 21.25 21.0 57.737 0
173447 21.25 21.0 58.8 0
173518 21.25 21.0 59.862 0
173548 21.25 21.0 60.862 0
173619 21.25 21.0 61.8 0
173650 21.25 21.0 62.737 0
173721 21.25 21.0 63.55 0
173751 21.25 21.0 64.3 0
173821 21.25 21.0 64.8 0
173852 21.25 21.0 65.237 0
173922 21.25 21.0 65.55 0
173953 21.25 21.0 65.862 0
174023 21.25 21.0 66.237 0
174053 21.187 21.0 66.612 0
174123 21.187 21.0 66.987 0
174154 21.187 21.0 67.425 0
174224 21.187 21.0 67.8 0
174255 21.187 21.0 68.237 0
174325 21.187 21.0 68.612 0
174356 21.187 21.0 68.987 0
174427 21.187 21.0 69.425 0
174457 21.187 21.0 69.8 0
174528 21.187 21.0 70.175 50
174558 21.062 21.0 70.55 50
174628 21.062 21.0 70.925 50
174659 21.062 21.0 71.237 50
174729 21.062 21.0 71.55 50
174759 21.062 21.0 71.8 50
174829 21.0 21.0 72.05 50
174859 21.0 21.0 72.237 50
174930 21.0 21.0 72.362 50
175000 21.0 21.0 72.487 50
175033 21.0 21.0 72.55 50
175104 21.0 21.0 72.612 50
175135 21.0 21.0 72.737 50
175205 21.0 21.0 72.8 50
175236 21.0 21.0 72.925 50
175307 21.125 21.0 72.987 50
175337 21.125 21.0 73.05 50
175407 21.125 21.0 73.05 50
175438 21.125 21.0 72.925 50
175508 21.125 21.0 72.8 50
175538 21.25 21.0 72.487 50
175608 21.25 21.0 71.925 50
175639 21.25 21.0 70.8 50
175710 21.25 21.0 69.3 0
175740 21.25 21.0 67.987 0
175810 21.5 21.0 67.112 0
175841 21.5 21.0 66.55 0
175912 21.5 21.0 66.175 0
175942 21.5 21.0 65.987 0
180013 21.5 21.0 65.8 0
180044 21.625 21.0 65.675 0
180115 21.625 21.0 65.612 0
180145 21.625 21.0 65.55 0
180215 21.625 21.0 65.487 0
180246 21.625 21.0 65.425 0
180317 21.625 21.0 65.362 0
180348 21.625 21.0 65.3 0
180418 21.625 21.0 65.237 0
180449 21.625 21.0 65.175 0
180520 21.625 21.0 65.112 0
180550 21.562 21.0 64.987 0
180621 21.562 21.0 64.862 0
180652 21.562 21.0 64.737 0
180722 21.562 21.0 64.55 0
180752 21.562 21.0 64.362 0
180823 21.5 21.0 64.237 0
180853 21.5 21.0 64.112 0
180923 21.5 21.0 63.987 0
180954 21.5 21.0 63.925 0
181025 21.5 21.0 63.862 0
181055 21.437 21.0 63.862 0
181126 21.437 21.0 63.862 0
181157 21.437 21.0 63.925 0
181227 21.437 21.0 63.987 0
181258 21.437 21.0 64.112 0
181328 21.25 21.0 64.237 0
181359 21.25 21.0 64.425 0
181429 21.25 21.0 64.612 0
181500 21.25 21.0 64.8 0
181530 21.25 21.0 65.05 0
181600 21.25 21.0 65.3 0
181630 21.25 21.0 65.55 0
181700 21.25 21.0 65.675 0
181730 21.25 21.0 65.8 0
181801 21.25 21.0 65.987 0
181832 21.187 21.0 66.175 0
181903 21.187 21.0 66.3 0
181933 21.187 21.0 66.487 0
182004 21.187 21.0 66.737 0
182034 21.187 21.0 66.925 0
182104 21.062 21.0 67.175 0
182135 21.062 21.0 67.425 0
182206 21.062 21.0 67.675 0
182237 21.062 21.0 67.925 0
182308 21.0 21.0 68.237 0
182339 21.0 21.0 68.487 0
182410 21.0 21.0 68.8 0
182440 21.0 21.0 69.112 0
182511 21.0 21.0 69.425 0
182542 20.937 21.0 69.737 50
182613 20.937 21.0 70.05 50
182643 20.937 21.0 70.362 50
182714 20.937 21.0 70.675 50
182744 20.937 21.0 70.925 50
182815 20.875 21.0 71.112 50
182846 20.875 21.0 71.237 50
182917 20.875 21.0 71.362 50
182947 20.875 21.0 71.487 50
183017 20.875 21.0 71.55 50
183048 20.875 21.0 71.612 50
183118 20.875 21.0 71.675 50
183148 20.875 21.0 71.737 50
183219 20.875 21.0 71.8 50
183249 20.875 21.0 71.8 50
183320 21.062 21.0 71.862 50
183350 21.062 21.0 71.8 50
183421 21.062 21.0 71.737 50
183451 21.062 21.0 71.675 50
183521 21.062 21.0 71.487 50
183552 21.312 21.0 71.05 50
183622 21.312 21.0 70.3 50
183652 21.312 21.0 69.05 0
183723 21.312 21.0 68.112 0
183753 21.312 21.0 67.487 0
183824 21.5 21.0 67.112 0
183854 21.5 21.0 66.862 0
183924 21.5 21.0 66.612 0
183955 21.5 21.0 66.487 0
184025 21.5 21.0 66.362 0
184056 21.625 21.0 66.3 0
184126 21.625 21.0 66.175 0
184156 21.625 21.0 66.112 0
184227 21.625 21.0 66.05 0
184257 21.625 21.0 65.987 0
184328 21.687 21.0 65.862 0
184358 21.687 21.0 65.862 0
184429 21.687 21.0 65.737 0
184500 21.687 21.0 65.612 0
184531 21.687 21.0 65.55 0
184601 21.562 21.0 65.425 0
184631 21.562 21.0 65.362 0
184702 21.562 21.0 65.3 0
184733 21.562 21.0 65.175 0
184804 21.562 21.0 65.05 0
184834 21.437 21.0 64.925 0
184904 21.437 21.0 64.8 0
184935 21.437 21.0 64.675 0
185005 21.437 21.0 64.487 0
185036 21.437 21.0 64.3 0
185106 21.437 21.0 63.987 0
185136 21.437 21.0 63.675 0
185207 21.437 21.0 63.487 0
185237 21.437 21.0 63.237 0
185307 21.437 21.0 63.112 0
185338 21.375 21.0 62.987 0
185408 21.375 21.0 62.8 0
185439 21.375 21.0 62.675 0
185510 21.375 21.0 62.612 0
185543 21.25 21.0 62.675 0
185613 21.25 21.0 62.675 0
185644 21.25 21.0 62.8 0
185714 21.25 21.0 62.862 0
185745 21.25 21.0 62.925 0
185815 21.125 21.0 63.05 0
185845 21.125 21.0 63.112 0
185916 21.125 21.0 63.237 0
185947 21.125 21.0 63.3 0
190018 21.125 21.0 63.425 0
190048 21.125 21.0 63.55 0
190119 21.125 21.0 63.675 0
190150 21.125 21.0 63.862 0
190220 21.125 21.0 63.987 0
190250 21.125 21.0 64.175 0
190321 21.0 21.0 64.3 0
190352 21.0 21.0 64.487 0
190422 21.0 21.0 64.612 0
190452 21.0 21.0 64.8 0
190523 21.0 21.0 64.925 0
190553 21.0 21.0 65.112 0
190624 21.0 21.0 65.237 0
190654 21.0 21.0 65.362 0
190724 21.0 21.0 65.55 0
190754 21.0 21.0 65.675 0
190824 20.937 21.0 65.862 50
190854 20.937 21.0 65.987 50
190925 20.937 21.0 66.175 50
190956 20.937 21.0 66.3 50
191026 20.937 21.0 66.425 50
191056 20.875 21.0 66.487 50
191127 20.875 21.0 66.55 50
191157 20.875 21.0 66.612 50
191228 20.875 21.0 66.675 50
191258 20.875 21.0 66.675 50
191328 20.875 21.0 66.737 50
191358 20.875 21.0 66.737 50
191429 20.875 21.0 66.737 50
191459 20.875 21.0 66.737 50
191530 20.875 21.0 66.737 50
191600 21.0 21.0 66.737 50
191631 21.0 21.0 66.675 50
191701 21.0 21.0 66.612 50
191732 21.0 21.0 66.487 50
191803 21.0 21.0 66.237 50
191833 21.25 21.0 65.675 0
191904 21.25 21.0 65.112 0
191934 21.25 21.0 64.8 0
192004 21.25 21.0 64.55 0
192035 21.25 21.0 64.362 0
192105 21.5 21.0 64.237 0
192136 21.5 21.0 64.112 0
192207 21.5 21.0 63.987 0
192237 21.5 21.0 63.925 0
192307 21.5 21.0 63.8 0
192338 21.562 21.0 63.737 0
192408 21.562 21.0 63.675 0
192438 21.562 21.0 63.612 0
192509 21.562 21.0 63.487 0
192540 21.562 21.0 63.425 0
192610 21.562 21.0 63.362 0
192640 21.562 21.0 63.3 0
192711 21.562 21.0 63.237 0
192741 21.562 21.0 63.112 0
192812 21.562 21.0 63.05 0
192842 21.437 21.0 62.987 0
192912 21.437 21.0 62.925 0
192942 21.437 21.0 62.862 0
193013 21.437 21.0 62.8 0
193043 21.437 21.0 62.612 0
193113 21.437 21.0 62.112 0
193144 21.437 21.0 61.175 0
193215 21.437 21.0 59.987 0
193245 21.437 21.0 58.8 0
193317 21.312 21.0 57.987 0
193348 21.312 21.0 57.425 0
193418 21.312 21.0 57.112 0
193448 21.312 21.0 56.862 0
193519 21.312 21.0 56.737 0
193550 21.25 21.0 56.612 0
193621 21.25 21.0 56.612 0
193651 21.25 21.0 56.55 0
193722 21.25 21.0 56.675 0
193752 21.25 21.0 56.862 0
193822 21.125 21.0 57.3 0
193853 21.125 21.0 57.987 0
193924 21.125 21.0 58.925 0
193955 21.125 21.0 59.987 0
194025 21.125 21.0 61.237 0
194056 21.062 21.0 62.55 0
194126 21.062 21.0 63.612 0
194157 21.062 21.0 64.55 0
194228 21.062 21.0 65.3 0
194259 21.062 21.0 65.925 0
194329 21.0 21.0 66.487 0
194359 21.0 21.0 66.987 0
194430 21.0 21.0 67.425 0
194500 21.0 21.0 67.925 0
194531 21.0 21.0 68.3 0
194601 20.937 21.0 68.737 50
194632 20.937 21.0 69.112 50
194703 20.937 21.0 69.487 50
194733 20.937 21.0 69.8 50
194803 20.937 21.0 70.05 50
194833 20.875 21.0 70.237 50
194904 20.875 21.0 70.362 50
194934 20.875 21.0 70.487 50
195005 20.875 21.0 70.55 50
195035 20.875 21.0 70.612 50
195106 20.875 21.0 70.612 50
195136 20.875 21.0 70.675 50
195207 20.875 21.0 70.675 50
195237 20.875 21.0 70.675 50
195307 20.875 21.0 70.675 50
195338 21.0 21.0 70.675 50
195408 21.0 21.0 70.612 50
195439 21.0 21.0 70.55 50
195510 21.0 21.0 70.425 50
195541 21.0 21.0 70.175 50
195611 21.312 21.0 69.612 0
195641 21.312 21.0 69.112 0
195711 21.312 21.0 68.8 0
195741 21.312 21.0 68.55 0
195811 21.312 21.0 68.362 0
195841 21.5 21.0 68.175 0
195912 21.5 21.0 68.05 0
195942 21.5 21.0 67.925 0
200013 21.5 21.0 67.862 0
200043 21.5 21.0 67.737 0
200113 21.562 21.0 67.675 0
200143 21.562 21.0 67.55 0
200214 21.562 21.0 67.487 0
200244 21.562 21.0 67.425 0
200315 21.562 21.0 67.3 0
200345 21.625 21.0 67.237 0
200415 21.625 21.0 67.175 0
200446 21.625 21.0 67.05 0
200516 21.625 21.0 66.987 0
200547 21.625 21.0 66.925 0
200617 21.562 21.0 66.8 0
200647 21.562 21.0 66.737 0
200718 21.562 21.0 66.675 0
200749 21.562 21.0 66.55 0
200820 21.562 21.0 66.487 0
200850 21.562 21.0 66.425 0
200921 21.562 21.0 66.3 0
200951 21.562 21.0 66.05 0
201022 21.562 21.0 65.425 0
201055 21.5 21.0 64.175 0
201125 21.5 21.0 62.8 0
201156 21.5 21.0 61.737 0
201227 21.5 21.0 61.05 0
201258 21.5 21.0 60.612 0
201328 21.375 21.0 60.3 0
201359 21.375 21.0 60.112 0
201429 21.375 21.0 59.987 0
201459 21.375 21.0 59.925 0
201529 21.375 21.0 59.8 0
201559 21.25 21.0 59.8 0
201630 21.25 21.0 59.737 0
201700 21.25 21.0 59.675 0
201730 21.25 21.0 59.612 0
201801 21.25 21.0 59.55 0
201831 21.187 21.0 59.487 0
201901 21.187 21.0 59.425 0
201932 21.187 21.0 59.362 0
202002 21.187 21.0 59.3 0
202033 21.187 21.0 59.237 0
202103 21.062 21.0 59.112 0
202133 21.062 21.0 59.05 0
202204 21.062 21.0 58.987 0
202235 21.062 21.0 58.862 0
202306 21.062 21.0 58.737 0
202336 21.0 21.0 58.675 0
202406 21.0 21.0 58.55 0
202437 21.0 21.0 58.487 0
202508 21.0 21.0 58.425 0
202538 21.0 21.0 58.362 0
202609 20.875 21.0 58.3 0
202639 20.875 21.0 58.3 0
202710 20.875 21.0 58.237 0
202740 20.875 21.0 58.175 0
202811 20.875 21.0 58.112 0
202842 21.0 21.0 58.05 0
202913 21.0 21.0 58.05 0
202943 21.0 21.0 57.987 0
203014 21.0 21.0 57.987 0
203045 21.0 21.0 57.925 0
203116 21.0 21.0 57.925 0
203146 21.0 21.0 57.987 0
203216 21.0 21.0 57.987 0
203246 21.0 21.0 57.987 0
203317 21.0 21.0 57.987 0
203348 21.0 21.0 57.987 0
203418 21.0 21.0 58.05 0
203449 21.0 21.0 58.05 0
203519 21.0 21.0 58.112 0
203549 21.0 21.0 58.112 0
203620 21.0 21.0 58.175 0
203650 21.0 21.0 58.175 0
203720 21.0 21.0 58.175 0
203751 21.0 21.0 58.237 0
203821 21.0 21.0 58.237 0
203851 20.937 21.0 58.237 0
203922 20.937 21.0 58.3 0
203952 20.937 21.0 58.362 0
204023 20.937 21.0 58.425 0
204053 20.937 21.0 58.425 0
204124 20.937 21.0 58.487 0
204154 20.937 21.0 58.55 0
204224 20.937 21.0 58.612 0
204254 20.937 21.0 58.8 0
204324 20.937 21.0 59.112 0
204354 20.875 21.0 59.362 0
204425 20.875 21.0 59.675 0
204455 20.875 21.0 59.925 0
204526 20.875 21.0 60.175 50
204556 20.875 21.0 60.362 50
204627 20.875 21.0 60.487 50
204657 20.875 21.0 60.612 50
204727 20.875 21.0 60.737 50
204758 20.875 21.0 60.8 50
204831 20.937 21.0 60.8 50
204901 20.937 21.0 60.862 50
204931 20.937 21.0 60.862 50
205002 20.937 21.0 60.862 50
205032 20.937 21.0 60.925 50
205102 21.062 21.0 60.925 0
205133 21.062 21.0 60.925 0
205203 21.062 21.0 60.862 0
205234 21.062 21.0 60.862 0
205304 21.062 21.0 60.862 0
205335 21.312 21.0 60.862 0
205405 21.312 21.0 60.8 0
205436 21.312 21.0 60.8 0
205507 21.312 21.0 60.8 0
205537 21.312 21.0 60.8 0
205607 21.437 21.0 60.8 0
205638 21.437 21.0 60.8 0
205709 21.437 21.0 60.8 0
205739 21.437 21.0 60.8 0
205809 21.437 21.0 60.8 0
205840 21.437 21.0 60.8 0
205910 21.437 21.0 60.8 0
205940 21.437 21.0 60.8 0
210011 21.437 21.0 60.737 0
210041 21.437 21.0 60.8 0
210111 21.437 21.0 60.737 0
210142 21.437 21.0 60.737 0
210212 21.437 21.0 60.737 0
210243 21.437 21.0 60.737 0
210313 21.437 21.0 60.737 0
210344 21.437 21.0 60.675 0
210414 21.437 21.0 60.675 0
210445 21.437 21.0 60.612 0
210515 21.437 21.0 60.612 0
210545 21.437 21.0 60.55 0
210616 21.375 21.0 60.55 0
210646 21.375 21.0 60.487 0
210716 21.375 21.0 60.487 0
210747 21.375 21.0 60.425 0
210818 21.375 21.0 60.425 0
210848 21.375 21.0 60.362 0
210919 21.375 21.0 60.362 0
210950 21.375 21.0 60.3 0
211021 21.375 21.0 60.3 0
211051 21.375 21.0 60.237 0
211122 21.312 21.0 60.237 0
211153 21.312 21.0 60.175 0
211224 21.312 21.0 60.175 0
211254 21.312 21.0 60.175 0
211324 21.312 21.0 60.112 0
211355 21.312 21.0 60.05 0
211425 21.312 21.0 60.05 0
211455 21.312 21.0 59.987 0
211525 21.312 21.0 59.987 0
211556 21.312 21.0 59.987 0
211626 21.187 21.0 59.925 0
211657 21.187 21.0 59.925 0
211727 21.187 21.0 59.862 0
211758 21.187 21.0 59.862 0
211828 21.187 21.0 59.8 0
211859 21.125 21.0 59.8 0
211930 21.125 21.0 59.737 0
212001 21.125 21.0 59.675 0
212031 21.125 21.0 59.612 0
212101 21.125 21.0 59.487 0
212131 21.062 21.0 59.237 0
212202 21.062 21.0 58.987 0
212232 21.062 21.0 58.8 0
212303 21.062 21.0 58.675 0
212336 21.0 21.0 58.612 0
212407 21.0 21.0 58.55 0
212438 21.0 21.0 58.487 0
212508 21.0 21.0 58.425 0
212539 21.0 21.0 58.362 0
212609 21.0 21.0 58.3 0
212640 21.0 21.0 58.237 0
212711 21.0 21.0 58.175 0
212741 21.0 21.0 58.175 0
212812 21.0 21.0 58.112 0
212842 21.0 21.0 58.05 0
212912 21.0 21.0 57.987 0
212943 21.0 21.0 57.925 0
213013 21.0 21.0 57.925 0
213043 21.0 21.0 57.862 0
213114 21.0 21.0 57.8 0
213145 21.0 21.0 57.737 0
213215 21.0 21.0 57.737 0
213246 21.0 21.0 57.675 0
213316 21.0 21.0 57.612 0
213347 20.937 21.0 57.55 0
213417 20.937 21.0 57.55 0
213447 20.937 21.0 57.487 0
213517 20.937 21.0 57.425 0
213547 20.937 21.0 57.425 0
213618 20.937 21.0 57.3 0
213649 20.937 21.0 57.112 0
213720 20.937 21.0 56.862 0
213750 20.937 21.0 56.425 0
213821 20.937 21.0 55.925 0
213851 20.812 21.0 55.425 0
213921 20.812 21.0 55.112 0
213952 20.812 21.0 54.862 0
214022 20.812 21.0 54.737 0
214053 20.812 21.0 54.675 0
214123 20.812 21.0 54.675 0
214154 20.812 21.0 54.737 0
214224 20.812 21.0 55.05 0
214254 20.812 21.0 55.612 0
214325 20.812 21.0 56.487 0
214355 20.812 21.0 57.425 0
214426 20.812 21.0 58.55 0
214457 20.812 21.0 59.675 0
214527 20.812 21.0 60.8 50
214557 20.812 21.0 61.925 50
214628 20.75 21.0 62.987 50
214658 20.75 21.0 63.8 50
214728 20.75 21.0 64.362 50
214759 20.75 21.0 64.8 50
214829 20.75 21.0 65.112 50
214859 20.812 21.0 65.3 50
214930 20.812 21.0 65.425 50
215001 20.812 21.0 65.55 50
215031 20.812 21.0 65.612 50
215101 20.812 21.0 65.675 50
215131 21.0 21.0 65.737 50
215201 21.0 21.0 65.8 50
215232 21.0 21.0 65.8 50
215302 21.0 21.0 65.8 50
215333 21.0 21.0 65.737 50
215404 21.375 21.0 65.675 0
215435 21.375 21.0 65.612 0
215505 21.375 21.0 65.55 0
215536 21.375 21.0 65.487 0
215607 21.375 21.0 65.425 0
215637 21.625 21.0 65.425 0
215708 21.625 21.0 65.362 0
215738 21.625 21.0 65.362 0
215808 21.625 21.0 65.3 0
215841 21.75 21.0 65.3 0
215911 21.75 21.0 65.237 0
215942 21.75 21.0 65.237 0
220013 21.75 21.0 65.175 0
220043 21.75 21.0 65.175 0
220113 21.5 21.0 65.112 0
220143 21.5 21.0 65.112 0
220214 21.5 21.0 65.05 0
220244 21.5 21.0 65.05 0
220315 21.5 21.0 64.987 0
220345 21.375 21.0 64.987 0
220415 21.375 21.0 64.925 0
220445 21.375 21.0 64.925 0
220515 21.375 21.0 64.925 0
220546 21.375 21.0 64.862 0
220616 21.312 21.0 64.8 0
220646 21.312 21.0 64.8 0
220717 21.312 21.0 64.737 0
220747 21.312 21.0 64.737 0
220818 21.312 21.0 64.675 0
220848 21.187 21.0 64.675 0
220919 21.187 21.0 64.612 0
220950 21.187 21.0 64.612 0
221021 21.187 21.0 64.55 0
221051 21.187 21.0 64.487 0
221122 21.0 21.0 64.487 0
221152 21.0 21.0 64.425 0
221222 21.0 21.0 64.362 0
221253 21.0 21.0 64.237 0
221323 21.0 21.0 63.925 0
221354 20.937 21.0 63.55 50
221424 20.937 21.0 63.05 50
221455 20.937 21.0 62.112 50
221525 20.937 21.0 60.675 50
221555 20.937 21.0 58.862 0
221626 20.875 21.0 57.425 0
221656 20.875 21.0 56.55 0
221726 20.875 21.0 55.925 0
221757 20.875 21.0 55.55 0
221827 20.875 21.0 55.362 0
221857 20.875 21.0 55.175 0
221927 20.875 21.0 55.112 0
221958 20.875 21.0 55.05 0
222028 20.875 21.0 54.987 0
222059 20.875 21.0 54.987 0
222129 20.875 21.0 55.05 0
222159 20.875 21.0 55.175 0
222230 20.875 21.0 55.487 0
222300 20.875 21.0 55.925 0
222331 20.875 21.0 56.55 0
222401 20.937 21.0 57.425 0
222431 20.937 21.0 58.425 0
222501 20.937 21.0 59.487 0
222532 20.937 21.0 60.55 50
222602 20.937 21.0 61.612 50
222633 21.0 21.0 62.737 50
222704 21.0 21.0 63.612 50
222735 21.0 21.0 64.237 50
222805 21.0 21.0 64.675 50
222836 21.0 21.0 64.987 50
222906 20.937 21.0 65.175 50
222937 20.937 21.0 65.3 50
223007 20.937 21.0 65.425 50
223037 20.937 21.0 65.487 50
223108 20.937 21.0 65.612 50
223138 21.0 21.0 65.612 50
223208 21.0 21.0 65.675 50
223239 21.0 21.0 65.675 50
223309 21.0 21.0 65.612 50
223339 21.0 21.0 65.55 50
223410 21.187 21.0 65.487 0
223440 21.187 21.0 65.487 0
223511 21.187 21.0 65.425 0
223542 21.187 21.0 65.362 0
223612 21.187 21.0 65.3 0
223643 21.375 21.0 65.3 0
223713 21.375 21.0 65.237 0
223743 21.375 21.0 65.237 0
223813 21.375 21.0 65.175 0
223844 21.375 21.0 65.175 0
223914 21.437 21.0 65.112 0
223944 21.437 21.0 65.112 0
224014 21.437 21.0 65.05 0
224045 21.437 21.0 65.05 0
224116 21.437 21.0 65.05 0
224146 21.312 21.0 64.987 0
224216 21.312 21.0 64.987 0
224247 21.312 21.0 64.925 0
224317 21.312 21.0 64.925 0
224349 21.312 21.0 64.862 0
224420 21.312 21.0 64.8 0
224450 21.312 21.0 64.8 0
224520 21.312 21.0 64.8 0
224550 21.312 21.0 64.737 0
224620 21.437 21.0 64.737 0
224651 21.437 16.0 64.675 0
224721 21.437 16.0 64.675 0
224751 21.437 16.0 64.612 0
224822 21.437 16.0 64.612 0
224852 21.75 16.0 64.55 0
224923 21.75 16.0 64.487 0
224953 21.75 16.0 64.487 0
225023 21.75 16.0 64.425 0
225054 21.75 16.0 64.425 0
225124 22.125 16.0 64.362 0
225155 22.125 16.0 64.3 0
225225 22.125 16.0 64.175 0
225255 22.125 16.0 63.925 0
225326 22.125 16.0 63.612 0
225356 22.187 16.0 63.425 0
225427 22.187 16.0 63.237 0
225458 22.187 16.0 63.112 0
225528 22.187 16.0 63.05 0
225559 22.187 16.0 62.925 0
225629 22.312 16.0 62.862 0
225659 22.312 16.0 62.8 0
225730 22.312 16.0 62.737 0
225801 22.312 16.0 62.675 0
225831 22.312 16.0 62.612 0
225902 22.437 16.0 62.55 0
225932 22.437 16.0 62.487 0
230002 22.437 10.0 62.425 0
230033 22.437 10.0 62.362 0
230103 22.437 10.0 62.3 0
230134 22.437 10.0 62.237 0
230204 22.437 10.0 62.175 0
230235 22.437 10.0 62.112 0
230306 22.437 10.0 62.05 0
230336 22.437 10.0 61.987 0
230406 22.312 10.0 61.925 0
230436 22.312 10.0 61.862 0
230507 22.312 10.0 61.8 0
230537 22.312 10.0 61.737 0
230608 22.312 10.0 61.675 0
230639 22.25 10.0 61.675 0
230709 22.25 10.0 61.55 0
230740 22.25 10.0 61.55 0
230810 22.25 10.0 61.487 0
230841 22.25 10.0 61.425 0
230911 22.437 10.0 61.362 0
230941 22.437 10.0 61.3 0
231011 22.437 10.0 61.237 0
231041 22.437 10.0 61.175 0
231111 22.437 10.0 60.987 0
231142 22.437 10.0 60.612 0
231213 22.437 10.0 60.05 0
231243 22.437 10.0 59.362 0
231313 22.437 10.0 58.737 0
231344 22.437 10.0 58.3 0
231415 22.437 10.0 58.05 0
231445 22.437 10.0 57.862 0
231515 22.437 10.0 57.737 0
231545 22.437 10.0 57.612 0
231616 22.437 10.0 57.55 0
231646 22.5 10.0 57.487 0
231716 22.5 10.0 57.425 0
231747 22.5 10.0 57.425 0
231817 22.5 10.0 57.362 0
231847 22.5 10.0 57.362 0
231918 22.5 10.0 57.3 0
231948 22.5 10.0 57.3 0
232019 22.5 10.0 57.362 0
232050 22.5 10.0 57.55 0
232120 22.5 10.0 57.862 0
232150 22.375 10.0 58.425 0
232221 22.375 10.0 59.237 0
232251 22.375 10.0 60.175 0
232321 22.375 10.0 61.175 0
232352 22.375 10.0 62.112 0
232422 22.437 10.0 62.987 0
232452 22.437 10.0 63.737 0
232522 22.437 10.0 64.362 0
232553 22.437 10.0 64.8 0
232623 22.437 10.0 65.175 0
232654 22.5 10.0 65.487 0
232724 22.5 10.0 65.8 0
232754 22.5 10.0 65.987 0
232824 22.5 10.0 66.175 0
232854 22.5 10.0 66.362 0
232924 22.5 10.0 66.487 0
232954 22.5 10.0 66.612 0
233025 22.5 10.0 66.675 0
233055 22.5 10.0 66.8 0
233126 22.5 10.0 66.862 0
233156 22.5 10.0 66.925 0
233227 22.5 10.0 66.925 0
233258 22.5 10.0 66.987 0
233328 22.5 10.0 66.987 0
233400 22.562 10.0 67.05 0
233430 22.562 10.0 67.05 0
233500 22.562 10.0 67.05 0
233530 22.562 10.0 67.112 0
233601 22.562 10.0 67.112 0
233631 22.5 10.0 67.112 0
233701 22.5 10.0 67.175 0
233731 22.5 10.0 67.175 0
233801 22.5 10.0 67.175 0
233831 22.5 10.0 67.237 0
233902 22.437 10.0 67.237 0
233932 22.437 10.0 67.237 0
234002 22.437 10.0 67.237 0
234033 22.437 10.0 67.3 0
234103 22.437 10.0 67.3 0
234133 22.5 10.0 67.3 0
234203 22.5 10.0 67.3 0
234233 22.5 10.0 67.362 0
234304 22.5 10.0 67.362 0
234334 22.5 10.0 67.362 0
234404 22.5 10.0 67.362 0
234435 22.5 10.0 67.362 0
234505 22.5 10.0 67.362 0
234536 22.5 10.0 67.425 0
234607 22.5 10.0 67.425 0
234637 22.5 10.0 67.425 0
234707 22.5 10.0 67.487 0
234737 22.5 10.0 67.487 0
234808 22.5 10.0 67.487 0
234838 22.5 10.0 67.55 0
234909 22.5 10.0 67.55 0
234939 22.5 10.0 67.55 0
235010 22.5 10.0 67.612 0
235041 22.5 10.0 67.612 0
235111 22.5 10.0 67.612 0
235142 22.5 10.0 67.675 0
235212 22.5 10.0 67.675 0
235243 22.5 10.0 67.675 0
235313 22.5 10.0 67.675 0
235343 22.5 10.0 67.675 0
235413 22.5 10.0 67.675 0
235444 22.5 10.0 67.675 0
235515 22.5 10.0 67.675 0
235546 22.5 10.0 67.675 0
235616 22.5 10.0 67.675 0
235646 22.5 10.0 67.675 0
235717 22.5 10.0 67.675 0
235748 22.5 10.0 67.675 0
235818 22.5 10.0 67.675 0
235848 22.5 10.0 67.675 0
