235915 18.5 16.0 58.55 0
235946 18.5 16.0 59.487 0
000016 18.5 16.0 60.487 0
000046 18.5 16.0 61.487 0
000117 18.5 16.0 62.55 0
000147 18.5 16.0 63.55 0
000217 18.5 16.0 64.362 0
000248 18.5 16.0 64.987 0
000318 18.437 16.0 65.425 0
000349 18.437 16.0 65.737 0
000419 18.437 16.0 65.987 0
000449 18.437 16.0 66.175 0
000519 18.437 16.0 66.3 0
000550 18.375 16.0 66.425 0
000620 18.375 16.0 66.55 0
000650 18.375 16.0 66.675 0
000721 18.375 16.0 66.737 0
000751 18.375 16.0 66.8 0
000821 18.375 16.0 66.862 0
000852 18.375 16.0 66.925 0
000923 18.375 16.0 66.987 0
000953 18.375 16.0 67.05 0
001023 18.375 16.0 67.112 0
001054 18.375 16.0 67.175 0
001124 18.375 16.0 67.237 0
001154 18.375 16.0 67.237 0
001225 18.375 16.0 67.3 0
001255 18.375 16.0 67.3 0
001325 18.312 16.0 67.3 0
001356 18.312 16.0 67.3 0
001426 18.312 16.0 67.3 0
001457 18.312 16.0 67.362 0
001527 18.312 16.0 67.362 0
001557 18.312 16.0 67.362 0
001628 18.312 16.0 67.362 0
001658 18.312 16.0 67.362 0
001728 18.312 16.0 67.362 0
001759 18.312 16.0 67.425 0
001830 18.25 16.0 67.362 0
001901 18.25 16.0 67.425 0
001931 18.25 16.0 67.425 0
002002 18.25 16.0 67.425 0
002032 18.25 16.0 67.425 0
002103 18.187 16.0 67.425 0
002133 18.187 16.0 67.425 0
002204 18.187 16.0 67.425 0
002234 18.187 16.0 67.425 0
002305 18.187 16.0 67.425 0
002335 18.187 16.0 67.425 0
002405 18.187 16.0 67.425 0
002435 18.187 16.0 67.425 0
002506 18.187 16.0 67.425 0
002536 18.187 16.0 67.425 0
002606 18.187 16.0 67.425 0
002636 18.187 16.0 67.425 0
002707 18.187 16.0 67.425 0
002737 18.187 16.0 67.425 0
002807 18.187 16.0 67.425 0
002837 18.125 16.0 67.425 0
002908 18.125 16.0 67.362 0
002938 18.125 16.0 67.362 0
003008 18.125 16.0 67.362 0
003038 18.125 16.0 67.362 0
003108 18.125 16.0 67.362 0
003138 18.125 16.0 67.362 0
003209 18.125 16.0 67.362 0
003239 18.125 16.0 67.362 0
003310 18.125 16.0 67.3 0
003340 18.062 16.0 67.3 0
003411 18.062 16.0 67.3 0
003441 18.062 16.0 67.3 0
003512 18.062 16.0 67.3 0
003542 18.062 16.0 67.3 0
003613 18.062 16.0 67.3 0
003643 18.062 16.0 67.237 0
003714 18.062 16.0 67.237 0
003744 18.062 16.0 67.237 0
003817 18.0 16.0 67.237 0
003847 18.0 16.0 67.237 0
003917 18.0 16.0 67.175 0
003947 18.0 16.0 67.175 0
004017 18.0 16.0 67.175 0
004048 18.0 16.0 67.175 0
004118 18.0 16.0 67.175 0
004149 18.0 16.0 67.112 0
004219 18.0 16.0 67.112 0
004249 18.0 16.0 67.112 0
004320 17.937 16.0 67.112 0
004351 17.937 16.0 67.112 0
004422 17.937 16.0 67.05 0
004452 17.937 16.0 67.05 0
004523 17.937 16.0 67.05 0
004553 17.937 16.0 67.05 0
004624 17.937 16.0 66.987 0
004654 17.937 16.0 66.987 0
004725 17.937 16.0 66.987 0
004755 17.937 16.0 66.987 0
004825 17.937 16.0 66.987 0
004856 17.937 16.0 66.925 0
004926 17.937 16.0 66.925 0
004957 17.937 16.0 66.925 0
005027 17.937 16.0 66.862 0
005057 17.875 16.0 66.862 0
005128 17.875 16.0 66.862 0
005158 17.875 16.0 66.862 0
005228 17.875 16.0 66.862 0
005259 17.875 16.0 66.8 0
005329 17.875 16.0 66.8 0
005400 17.875 16.0 66.8 0
005430 17.875 16.0 66.8 0
005500 17.875 16.0 66.737 0
005531 17.875 16.0 66.737 0
005601 17.812 16.0 66.737 0
005632 17.812 16.0 66.737 0
005702 17.812 16.0 66.675 0
005732 17.812 16.0 66.675 0
005803 17.812 16.0 66.675 0
005833 17.812 16.0 66.675 0
005903 17.812 16.0 66.612 0
005933 17.812 16.0 66.612 0
010004 17.812 16.0 66.612 0
010034 17.812 16.0 66.55 0
010104 17.812 16.0 66.55 0
010135 17.812 16.0 66.55 0
010206 17.812 16.0 66.487 0
010236 17.812 16.0 66.487 0
010307 17.812 16.0 66.487 0
010338 17.812 16.0 66.55 0
010408 17.812 16.0 66.612 0
010439 17.812 16.0 66.675 0
010510 17.812 16.0 66.737 0
010540 17.812 16.0 66.8 0
010611 17.75 16.0 66.8 0
010641 17.75 16.0 66.8 0
010712 17.75 16.0 66.8 0
010742 17.75 16.0 66.8 0
010812 17.75 16.0 66.8 0
010842 17.75 16.0 66.8 0
010912 17.75 16.0 66.8 0
010943 17.75 16.0 66.737 0
011013 17.75 16.0 66.737 0
011043 17.75 16.0 66.737 0
011113 17.687 16.0 66.737 0
011144 17.687 16.0 66.737 0
011214 17.687 16.0 66.737 0
011245 17.687 16.0 66.737 0
011315 17.687 16.0 66.675 0
011345 17.687 16.0 66.675 0
011416 17.687 16.0 66.675 0
011446 17.687 16.0 66.675 0
011516 17.687 16.0 66.612 0
011547 17.687 16.0 66.612 0
011617 17.687 16.0 66.612 0
011648 17.687 16.0 66.612 0
011718 17.687 16.0 66.55 0
011748 17.687 16.0 66.55 0
011819 17.687 16.0 66.55 0
011849 17.687 16.0 66.55 0
011920 17.687 16.0 66.55 0
011951 17.687 16.0 66.487 0
012021 17.687 16.0 66.487 0
012052 17.687 16.0 66.487 0
012122 17.625 16.0 66.487 0
012153 17.625 16.0 66.425 0
012224 17.625 16.0 66.425 0
012254 17.625 16.0 66.425 0
012326 17.625 16.0 66.362 0
012356 17.625 16.0 66.362 0
012426 17.625 16.0 66.362 0
012456 17.625 16.0 66.362 0
012527 17.625 16.0 66.3 0
012557 17.625 16.0 66.3 0
012627 17.625 16.0 66.3 0
012658 17.625 16.0 66.237 0
012729 17.625 16.0 66.237 0
012759 17.625 16.0 66.237 0
012829 17.625 16.0 66.237 0
012900 17.625 16.0 66.175 0
012930 17.625 16.0 66.175 0
013001 17.625 16.0 66.175 0
013031 17.625 16.0 66.112 0
013101 17.562 16.0 66.112 0
013131 17.562 16.0 66.112 0
013201 17.562 16.0 66.05 0
013232 17.562 16.0 66.05 0
013302 17.562 16.0 66.05 0
013332 17.562 16.0 65.987 0
013403 17.562 16.0 65.987 0
013433 17.562 16.0 65.987 0
013504 17.562 16.0 65.987 0
013534 17.562 16.0 65.925 0
013604 17.562 16.0 65.925 0
013634 17.562 16.0 65.925 0
013705 17.562 16.0 65.862 0
013735 17.562 16.0 65.862 0
013806 17.562 16.0 65.862 0
013836 17.562 16.0 65.8 0
013906 17.562 16.0 65.8 0
013937 17.562 16.0 65.8 0
014007 17.562 16.0 65.737 0
014038 17.562 16.0 65.737 0
014108 17.562 16.0 65.737 0
014139 17.562 16.0 65.675 0
014209 17.562 16.0 65.675 0
014239 17.562 16.0 65.675 0
014310 17.562 16.0 65.675 0
014341 17.562 16.0 65.612 0
014411 17.562 16.0 65.612 0
014441 17.562 16.0 65.55 0
014512 17.562 16.0 65.55 0
014542 17.562 16.0 65.55 0
014613 17.5 16.0 65.487 0
014643 17.5 16.0 65.487 0
014713 17.5 16.0 65.425 0
014744 17.5 16.0 65.425 0
014815 17.5 16.0 65.362 0
014845 17.5 16.0 65.362 0
014916 17.5 16.0 65.3 0
014947 17.5 16.0 65.3 0
015017 17.5 16.0 65.237 0
015047 17.5 16.0 65.237 0
015118 17.5 16.0 65.175 0
015148 17.5 16.0 65.175 0
015218 17.5 16.0 65.175 0
015248 17.5 16.0 65.112 0
015319 17.5 16.0 65.112 0
015350 17.437 16.0 65.05 0
015420 17.437 16.0 65.05 0
015451 17.437 16.0 65.05 0
015521 17.437 16.0 64.987 0
015552 17.437 16.0 64.987 0
015622 17.437 16.0 64.987 0
015653 17.437 16.0 64.925 0
015723 17.437 16.0 64.925 0
015754 17.437 16.0 64.862 0
015824 17.437 16.0 64.862 0
015854 17.437 16.0 64.862 0
015924 17.437 16.0 64.8 0
015955 17.437 16.0 64.8 0
020025 17.437 16.0 64.737 0
020055 17.437 16.0 64.737 0
020125 17.437 16.0 64.675 0
020155 17.437 16.0 64.675 0
020226 17.437 16.0 64.675 0
020256 17.437 16.0 64.612 0
020326 17.437 16.0 64.612 0
020357 17.437 16.0 64.612 0
020427 17.437 16.0 64.55 0
020457 17.437 16.0 64.55 0
020528 17.437 16.0 64.55 0
020558 17.437 16.0 64.612 0
020628 17.437 16.0 64.612 0
020659 17.437 16.0 64.675 0
020729 17.437 16.0 64.675 0
020759 17.437 16.0 64.675 0
020829 17.437 16.0 64.675 0
020859 17.437 16.0 64.675 0
020930 17.437 16.0 64.675 0
021001 17.437 16.0 64.675 0
021032 17.437 16.0 64.675 0
021104 17.375 16.0 64.612 0
021134 17.375 16.0 64.612 0
021204 17.375 16.0 64.612 0
021234 17.375 16.0 64.55 0
021304 17.375 16.0 64.55 0
021335 17.375 16.0 64.487 0
021405 17.375 16.0 64.487 0
021436 17.375 16.0 64.487 0
021506 17.375 16.0 64.425 0
021536 17.375 16.0 64.425 0
021607 17.375 16.0 64.425 0
021638 17.375 16.0 64.362 0
021708 17.375 16.0 64.362 0
021738 17.375 16.0 64.3 0
021809 17.375 16.0 64.3 0
021839 17.375 16.0 64.3 0
021910 17.375 16.0 64.237 0
021940 17.375 16.0 64.237 0
022010 17.375 16.0 64.237 0
022041 17.375 16.0 64.175 0
022111 17.375 16.0 64.175 0
022141 17.375 16.0 64.175 0
022212 17.375 16.0 64.112 0
022243 17.375 16.0 64.112 0
022313 17.375 16.0 64.05 0
022343 17.312 16.0 64.05 0
022413 17.312 16.0 64.05 0
022443 17.312 16.0 63.987 0
022514 17.312 16.0 63.987 0
022544 17.312 16.0 63.987 0
022614 17.312 16.0 63.925 0
022644 17.312 16.0 63.925 0
022715 17.312 16.0 63.862 0
022745 17.312 16.0 63.862 0
022815 17.312 16.0 63.862 0
022845 17.312 16.0 63.8 0
022916 17.312 16.0 63.8 0
022946 17.312 16.0 63.8 0
023017 17.312 16.0 63.737 0
023047 17.312 16.0 63.737 0
023117 17.312 16.0 63.675 0
023148 17.312 16.0 63.675 0
023218 17.312 16.0 63.675 0
023249 17.312 16.0 63.612 0
023319 17.312 16.0 63.612 0
023350 17.312 16.0 63.55 0
023420 17.312 16.0 63.55 0
023451 17.312 16.0 63.487 0
023521 17.312 16.0 63.425 0
023551 17.312 16.0 63.425 0
023622 17.312 16.0 63.362 0
023653 17.312 16.0 63.3 0
023723 17.312 16.0 63.3 0
023753 17.312 16.0 63.237 0
023823 17.312 16.0 63.237 0
023853 17.312 16.0 63.175 0
023924 17.312 16.0 63.175 0
023954 17.312 16.0 63.175 0
024025 17.312 16.0 63.112 0
024055 17.312 16.0 63.112 0
024125 17.25 16.0 63.05 0
024156 17.25 16.0 63.05 0
024227 17.25 16.0 62.987 0
024257 17.25 16.0 62.987 0
024327 17.25 16.0 62.987 0
024358 17.25 16.0 62.925 0
024428 17.25 16.0 62.925 0
024458 17.25 16.0 62.862 0
024529 17.25 16.0 62.862 0
024559 17.25 16.0 62.8 0
024630 17.25 16.0 62.8 0
024700 17.25 16.0 62.8 0
024731 17.25 16.0 62.737 0
024801 17.25 16.0 62.737 0
024832 17.25 16.0 62.675 0
024902 17.25 16.0 62.675 0
024932 17.25 16.0 62.612 0
025003 17.25 16.0 62.612 0
025033 17.25 16.0 62.55 0
025103 17.25 16.0 62.55 0
025134 17.25 16.0 62.487 0
025204 17.25 16.0 62.487 0
025235 17.25 16.0 62.487 0
025305 17.25 16.0 62.425 0
025336 17.25 16.0 62.425 0
025407 17.25 16.0 62.362 0
025437 17.25 16.0 62.362 0
025507 17.25 16.0 62.3 0
025537 17.25 16.0 62.3 0
025607 17.25 16.0 62.237 0
025637 17.187 16.0 62.237 0
025707 17.187 16.0 62.175 0
025738 17.187 16.0 62.112 0
025808 17.187 16.0 62.05 0
025838 17.187 16.0 61.987 0
025908 17.187 16.0 61.925 0
025939 17.187 16.0 61.925 0
030010 17.187 16.0 61.862 0
030040 17.187 16.0 61.8 0
030111 17.187 16.0 61.8 0
030142 17.187 16.0 61.737 0
030212 17.187 16.0 61.737 0
030243 17.187 16.0 61.675 0
030313 17.187 16.0 61.675 0
030343 17.187 16.0 61.612 0
030414 17.187 16.0 61.612 0
030444 17.187 16.0 61.55 0
030515 17.187 16.0 61.55 0
030546 17.187 16.0 61.487 0
030616 17.187 16.0 61.487 0
030646 17.187 16.0 61.487 0
030716 17.187 16.0 61.487 0
030746 17.187 16.0 61.425 0
030817 17.187 16.0 61.425 0
030847 17.187 16.0 61.425 0
030917 17.187 16.0 61.425 0
030947 17.187 16.0 61.425 0
031018 17.187 16.0 61.425 0
031048 17.187 16.0 61.362 0
031118 17.187 16.0 61.362 0
031149 17.187 16.0 61.362 0
031219 17.187 16.0 61.3 0
031249 17.187 16.0 61.3 0
031320 17.187 16.0 61.3 0
031351 17.187 16.0 61.237 0
031421 17.187 16.0 61.237 0
031452 17.187 16.0 61.237 0
031522 17.187 16.0 61.175 0
031553 17.187 16.0 61.175 0
031623 17.125 16.0 61.175 0
031653 17.125 16.0 61.112 0
031724 17.125 16.0 61.112 0
031754 17.125 16.0 61.05 0
031825 17.125 16.0 61.05 0
031855 17.125 16.0 61.05 0
031926 17.125 16.0 60.987 0
031956 17.125 16.0 60.987 0
032026 17.125 16.0 60.925 0
032057 17.125 16.0 60.862 0
032127 17.125 16.0 60.8 0
032157 17.125 16.0 60.737 0
032227 17.125 16.0 60.675 0
032258 17.125 16.0 60.675 0
032329 17.125 16.0 60.612 0
032359 17.125 16.0 60.612 0
032429 17.125 16.0 60.55 0
032459 17.125 16.0 60.55 0
032529 17.125 16.0 60.487 0
032600 17.125 16.0 60.425 0
032631 17.125 16.0 60.425 0
032702 17.125 16.0 60.425 0
032732 17.125 16.0 60.362 0
032802 17.125 16.0 60.362 0
032832 17.125 16.0 60.3 0
032902 17.125 16.0 60.3 0
032932 17.125 16.0 60.237 0
033002 17.125 16.0 60.237 0
033033 17.125 16.0 60.175 0
033104 17.125 16.0 60.175 0
033135 17.062 16.0 60.112 0
033205 17.062 16.0 60.112 0
033235 17.062 16.0 60.112 0
033306 17.062 16.0 60.05 0
033336 17.062 16.0 59.987 0
033407 17.062 16.0 59.987 0
033437 17.062 16.0 59.987 0
033507 17.062 16.0 59.925 0
033537 17.062 16.0 59.925 0
033607 17.062 16.0 59.862 0
033637 17.062 16.0 59.862 0
033708 17.062 16.0 59.8 0
033738 17.062 16.0 59.8 0
033808 17.062 16.0 59.737 0
033838 17.062 16.0 59.737 0
033909 17.062 16.0 59.675 0
033939 17.062 16.0 59.675 0
034010 17.062 16.0 59.675 0
034040 17.062 16.0 59.612 0
034111 17.062 16.0 59.612 0
034141 17.062 16.0 59.55 0
034212 17.062 16.0 59.487 0
034242 17.062 16.0 59.425 0
034312 17.062 16.0 59.362 0
034343 17.062 16.0 59.3 0
034413 17.062 16.0 59.237 0
034443 17.062 16.0 59.175 0
034514 17.062 16.0 59.112 0
034544 17.062 16.0 59.05 0
034614 17.062 16.0 59.05 0
034644 17.062 16.0 58.987 0
034715 17.062 16.0 58.987 0
034745 17.062 16.0 58.925 0
034816 17.062 16.0 58.862 0
034846 17.062 16.0 58.862 0
034916 17.062 16.0 58.8 0
034946 17.062 16.0 58.8 0
035016 17.062 16.0 58.737 0
035046 17.062 16.0 58.737 0
035116 17.062 16.0 58.675 0
035147 17.062 16.0 58.675 0
035217 17.062 16.0 58.612 0
035248 17.062 16.0 58.612 0
035318 17.062 16.0 58.55 0
035350 17.0 16.0 58.55 0
035421 17.0 16.0 58.55 0
035451 17.0 16.0 58.487 0
035521 17.0 16.0 58.425 0
035551 17.0 16.0 58.425 0
035622 17.0 16.0 58.362 0
035653 17.0 16.0 58.362 0
035723 17.0 16.0 58.3 0
035753 17.0 16.0 58.3 0
035824 17.0 16.0 58.3 0
035855 17.0 16.0 58.237 0
035926 17.0 16.0 58.237 0
035956 17.0 16.0 58.175 0
040027 17.0 16.0 58.175 0
040058 17.0 16.0 58.112 0
040128 17.0 16.0 58.112 0
040158 17.0 16.0 58.05 0
040229 17.0 16.0 58.05 0
040259 17.0 16.0 57.987 0
040330 17.0 16.0 57.987 0
040400 17.0 16.0 57.925 0
040431 17.0 16.0 57.8 0
040501 17.0 16.0 57.737 0
040532 17.0 16.0 57.612 0
040603 17.0 16.0 57.55 0
040633 17.0 16.0 57.487 0
040703 17.0 16.0 57.425 0
040734 17.0 16.0 57.362 0
040804 17.0 16.0 57.362 0
040834 17.0 16.0 57.3 0
040904 17.0 16.0 57.3 0
040934 17.0 16.0 57.3 0
041004 17.0 16.0 57.237 0
041035 17.0 16.0 57.237 0
041105 17.0 16.0 57.237 0
041136 16.937 16.0 57.175 0
041206 16.937 16.0 57.175 0
041236 16.937 16.0 57.175 0
041306 16.937 16.0 57.112 0
041336 16.937 16.0 57.112 0
041407 16.937 16.0 57.112 0
041438 16.937 16.0 57.05 0
041508 16.937 16.0 57.05 0
041539 16.937 16.0 56.987 0
041609 16.937 16.0 56.987 0
041639 16.937 16.0 56.987 0
041710 16.937 16.0 56.925 0
041740 16.937 16.0 56.925 0
041810 16.937 16.0 56.925 0
041841 16.937 16.0 56.862 0
041912 16.937 16.0 56.862 0
041942 16.937 16.0 56.862 0
042012 16.937 16.0 56.862 0
042043 16.937 16.0 56.987 0
042114 16.937 16.0 57.237 0
042144 16.937 16.0 57.675 0
042214 16.937 16.0 58.362 0
042245 16.937 16.0 59.237 0
042316 16.937 16.0 60.112 0
042346 16.937 16.0 61.112 0
042417 16.875 16.0 62.175 0
042447 16.875 16.0 63.175 0
042517 16.875 16.0 63.987 0
042547 16.875 16.0 64.612 0
042617 16.875 16.0 65.05 0
042647 16.937 16.0 65.362 0
042718 16.937 16.0 65.612 0
042748 16.937 16.0 65.737 0
042819 16.937 16.0 65.862 0
042849 16.937 16.0 65.987 0
042920 16.875 16.0 66.05 0
042950 16.875 16.0 66.112 0
043020 16.875 16.0 66.175 0
043051 16.875 16.0 66.175 0
043122 16.875 16.0 66.175 0
043152 16.875 16.0 66.237 0
043223 16.875 16.0 66.237 0
043253 16.875 16.0 66.3 0
043324 16.875 16.0 66.362 0
043356 16.875 16.0 66.362 0
043427 16.875 16.0 66.425 0
043458 16.875 16.0 66.425 0
043529 16.875 16.0 66.425 0
043559 16.875 16.0 66.487 0
043629 16.875 16.0 66.487 0
043659 16.875 16.0 66.487 0
043730 16.875 16.0 66.55 0
043800 16.875 16.0 66.55 0
043830 16.875 16.0 66.55 0
043900 16.875 16.0 66.55 0
043930 16.875 16.0 66.55 0
044001 16.875 16.0 66.612 0
044031 16.875 16.0 66.612 0
044102 16.875 16.0 66.612 0
044132 16.875 16.0 66.612 0
044202 16.875 16.0 66.612 0
044233 16.875 16.0 66.675 0
044303 16.875 16.0 66.675 0
044334 16.875 16.0 66.675 0
044404 16.875 16.0 66.675 0
044434 16.875 16.0 66.675 0
044504 16.875 16.0 66.737 0
044534 16.875 16.0 66.675 0
044605 16.875 16.0 66.737 0
044635 16.875 16.0 66.737 0
044705 16.875 16.0 66.737 0
044736 16.875 16.0 66.737 0
044806 16.875 16.0 66.737 0
044836 16.875 16.0 66.737 0
044906 16.875 16.0 66.737 0
044937 16.875 16.0 66.737 0
045007 16.875 16.0 66.737 0
045037 16.875 16.0 66.737 0
045107 16.875 16.0 66.737 0
045137 16.875 16.0 66.737 0
045207 16.875 16.0 66.737 0
045237 16.875 16.0 66.737 0
045308 16.875 16.0 66.737 0
045339 16.875 16.0 66.737 0
045409 16.812 16.0 66.737 0
045440 16.812 16.0 66.737 0
045510 16.812 16.0 66.737 0
045540 16.812 16.0 66.737 0
045611 16.812 16.0 66.737 0
045641 16.812 16.0 66.737 0
045711 16.812 16.0 66.737 0
045742 16.812 16.0 66.737 0
045812 16.812 16.0 66.675 0
045843 16.812 16.0 66.675 0
045913 16.812 16.0 66.675 0
045944 16.812 16.0 66.675 0
050014 16.812 16.0 66.675 0
050045 16.812 16.0 66.675 0
050115 16.812 16.0 66.675 0
050145 16.812 16.0 66.675 0
050216 16.812 16.0 66.612 0
050246 16.812 16.0 66.612 0
050316 16.812 16.0 66.612 0
050347 16.812 16.0 66.612 0
050417 16.812 16.0 66.612 0
050448 16.812 16.0 66.55 0
050518 16.812 16.0 66.55 0
050548 16.812 16.0 66.55 0
050619 16.812 16.0 66.55 0
050649 16.812 16.0 66.55 0
050720 16.812 16.0 66.55 0
050750 16.812 16.0 66.487 0
050820 16.812 16.0 66.487 0
050851 16.812 16.0 66.487 0
050921 16.812 16.0 66.487 0
050952 16.812 16.0 66.487 0
051022 16.812 16.0 66.487 0
051052 16.812 16.0 66.425 0
051123 16.812 16.0 66.425 0
051153 16.812 16.0 66.425 0
051223 16.812 16.0 66.425 0
051254 16.812 16.0 66.425 0
051324 16.812 16.0 66.362 0
051354 16.812 16.0 66.362 0
051425 16.812 16.0 66.362 0
051455 16.812 16.0 66.3 0
051526 16.812 16.0 66.3 0
051557 16.812 16.0 66.3 0
051627 16.812 16.0 66.237 0
051657 16.812 16.0 66.237 0
051727 16.812 16.0 66.237 0
051758 16.812 16.0 66.237 0
051828 16.812 16.0 66.237 0
051859 16.812 16.0 66.175 0
051929 16.812 16.0 66.175 0
052000 16.812 16.0 66.175 0
052030 16.812 16.0 66.175 0
052101 16.812 16.0 66.112 0
052131 16.812 16.0 66.112 0
052202 16.75 16.0 66.112 0
052232 16.75 16.0 66.112 0
052302 16.75 16.0 66.05 0
052333 16.75 16.0 66.05 0
052406 16.75 16.0 66.05 0
052436 16.75 16.0 66.05 0
052507 16.75 16.0 65.987 0
052538 16.75 16.0 65.987 0
052609 16.75 16.0 65.987 0
052639 16.75 16.0 66.05 0
052709 16.75 16.0 66.112 0
052739 16.75 16.0 66.175 0
052809 16.75 16.0 66.175 0
052839 16.75 16.0 66.237 0
052910 16.75 16.0 66.237 0
052940 16.75 16.0 66.3 0
053011 16.75 16.0 66.3 0
053041 16.75 16.0 66.3 0
053111 16.75 16.0 66.3 0
053142 16.75 16.0 66.3 0
053212 16.75 16.0 66.3 0
053242 16.75 16.0 66.3 0
053313 16.75 16.0 66.237 0
053343 16.75 16.0 66.237 0
053413 16.75 16.0 66.237 0
053443 16.75 16.0 66.237 0
053513 16.75 16.0 66.237 0
053544 16.75 16.0 66.237 0
053614 16.75 16.0 66.175 0
053644 16.75 16.0 66.175 0
053715 16.75 16.0 66.175 0
053745 16.75 16.0 66.175 0
053815 16.75 16.0 66.175 0
053846 16.75 16.0 66.112 0
053916 16.75 16.0 66.112 0
053946 16.75 16.0 66.112 0
054017 16.75 16.0 66.05 0
054047 16.75 16.0 66.05 0
054118 16.75 16.0 65.987 0
054148 16.687 16.0 65.987 0
054218 16.687 16.0 65.987 0
054249 16.687 16.0 65.987 0
054319 16.687 16.0 65.925 0
054350 16.687 16.0 65.925 0
054420 16.687 16.0 65.925 0
054451 16.687 16.0 65.925 0
054521 16.687 16.0 65.925 0
054551 16.687 16.0 65.862 0
054621 16.687 16.0 65.862 0
054651 16.687 16.0 65.862 0
054722 16.687 16.0 65.862 0
054753 16.687 16.0 65.8 0
054823 16.687 16.0 65.8 0
054854 16.687 16.0 65.8 0
054924 16.687 16.0 65.737 0
054955 16.687 16.0 65.737 0
055025 16.687 16.0 65.737 0
055056 16.687 16.0 65.737 0
055126 16.687 16.0 65.737 0
055156 16.687 16.0 65.675 0
055227 16.687 16.0 65.675 0
055257 16.687 16.0 65.675 0
055328 16.687 16.0 65.612 0
055358 16.687 16.0 65.612 0
055428 16.687 16.0 65.612 0
055459 16.687 16.0 65.612 0
055530 16.687 16.0 65.55 0
055601 16.687 16.0 65.55 0
055632 16.687 16.0 65.55 0
055702 16.687 16.0 65.487 0
055732 16.687 16.0 65.487 0
055802 16.687 16.0 65.487 0
055833 16.687 16.0 65.425 0
055903 16.687 16.0 65.425 0
055933 16.687 16.0 65.425 0
060004 16.687 16.0 65.425 0
060034 16.687 16.0 65.362 0
060104 16.687 16.0 65.362 0
060135 16.687 16.0 65.362 0
060205 16.625 16.0 65.3 0
060236 16.625 16.0 65.3 0
060306 16.625 16.0 65.237 0
060336 16.625 16.0 65.237 0
060407 16.625 16.0 65.237 0
060437 16.687 16.0 65.175 0
060507 16.687 16.0 65.175 0
060537 16.687 16.0 65.112 0
060608 16.687 16.0 65.112 0
060638 16.687 16.0 65.05 0
060708 16.687 16.0 65.05 0
060739 16.687 16.0 65.05 0
060810 16.687 16.0 64.987 0
060840 16.687 16.0 64.987 0
060912 16.687 16.0 64.987 0
060943 16.687 16.0 64.925 0
061013 16.687 16.0 64.925 0
061043 16.687 16.0 64.925 0
061113 16.687 16.0 64.862 0
061144 16.687 16.0 64.862 0
061214 16.687 16.0 64.862 0
061245 16.687 16.0 64.8 0
061315 16.687 16.0 64.8 0
061346 16.687 16.0 64.737 0
061416 16.75 16.0 64.737 0
061446 16.75 16.0 64.737 0
061516 16.75 16.0 64.675 0
061546 16.75 16.0 64.675 0
061616 16.75 16.0 64.612 0
061647 16.75 16.0 64.612 0
061717 16.75 16.0 64.612 0
061747 16.75 16.0 64.55 0
061817 16.75 16.0 64.55 0
061847 16.75 16.0 64.55 0
061918 16.75 16.0 64.487 0
061949 16.75 16.0 64.487 0
062019 16.75 16.0 64.425 0
062050 16.75 16.0 64.425 0
062120 16.75 16.0 64.425 0
062151 16.812 16.0 64.362 0
062222 16.812 16.0 64.362 0
062252 16.812 16.0 64.3 0
062322 16.812 16.0 64.3 0
062352 16.812 16.0 64.3 0
062423 16.812 16.0 64.237 0
062453 16.812 16.0 64.237 0
062524 16.812 16.0 64.175 0
062554 16.812 16.0 64.175 0
062625 16.812 16.0 64.112 0
062655 16.875 16.0 64.112 0
062726 16.875 16.0 64.05 0
062756 16.875 16.0 64.05 0
062827 16.875 16.0 64.05 0
062858 16.875 16.0 64.05 0
062928 16.875 16.0 64.05 0
062958 16.875 16.0 64.05 0
063029 16.875 16.0 64.05 0
063059 16.875 16.0 64.05 0
063129 16.875 16.0 63.987 0
063200 16.875 16.0 63.987 0
063230 16.875 16.0 63.987 0
063301 16.875 16.0 63.987 0
063332 16.875 16.0 63.987 0
063403 16.875 16.0 63.925 0
063433 17.0 16.0 63.925 0
063503 17.0 16.0 63.925 0
063534 17.0 16.0 63.925 0
063605 17.0 16.0 63.862 0
063635 17.0 16.0 63.862 0
063706 17.0 16.0 63.862 0
063736 17.0 16.0 63.8 0
063806 17.0 16.0 63.8 0
063836 17.0 16.0 63.8 0
063906 17.0 16.0 63.737 0
063936 17.062 16.0 63.737 0
064007 17.062 16.0 63.737 0
064038 17.062 16.0 63.675 0
064108 17.062 16.0 63.675 0
064138 17.062 16.0 63.675 0
064208 17.125 16.0 63.612 0
064239 17.125 16.0 63.612 0
064309 17.125 16.0 63.55 0
064339 17.125 16.0 63.55 0
064410 17.125 16.0 63.55 0
064440 17.125 16.0 63.487 0
064510 17.125 16.0 63.487 0
064541 17.125 16.0 63.487 0
064611 17.125 16.0 63.425 0
064641 17.125 16.0 63.425 0
064711 17.125 16.0 63.425 0
064742 17.125 16.0 63.362 0
064812 17.125 16.0 63.362 0
064842 17.125 16.0 63.362 0
064913 17.125 16.0 63.3 0
064943 17.125 16.0 63.3 0
065014 17.125 16.0 63.237 0
065044 17.125 16.0 63.237 0
065114 17.125 16.0 63.175 0
065145 17.125 16.0 63.112 0
065215 17.187 16.0 63.112 0
065245 17.187 16.0 63.05 0
065315 17.187 16.0 63.05 0
065345 17.187 16.0 62.987 0
065416 17.187 16.0 62.987 0
065446 17.187 16.0 62.925 0
065517 17.187 16.0 62.862 0
065547 17.187 16.0 62.862 0
065618 17.187 16.0 62.862 0
065650 17.125 16.0 62.8 0
065720 17.125 16.0 62.8 0
065750 17.125 16.0 62.737 0
065821 17.125 16.0 62.737 0
065851 17.125 16.0 62.675 0
065922 17.125 16.0 62.675 0
065952 17.125 16.0 62.612 0
070022 17.125 16.0 62.612 0
070052 17.125 16.0 62.612 0
070123 17.125 16.0 62.55 0
070153 17.187 16.0 62.55 0
070223 17.187 16.0 62.487 0
070253 17.187 16.0 62.487 0
070323 17.187 16.0 62.425 0
070354 17.187 16.0 62.425 0
070424 17.187 16.0 62.362 0
070455 17.187 16.0 62.362 0
070526 17.187 16.0 62.362 0
070556 17.187 16.0 62.3 0
070626 17.187 16.0 62.3 0
070656 17.25 16.0 62.237 0
070726 17.25 16.0 62.237 0
070757 17.25 16.0 62.175 0
070827 17.25 16.0 62.175 0
070858 17.25 16.0 62.175 0
070928 17.25 16.0 62.112 0
070958 17.25 16.0 62.05 0
071028 17.25 16.0 62.05 0
071059 17.25 16.0 62.05 0
071130 17.25 16.0 61.987 0
071200 17.25 16.0 61.987 0
071230 17.25 16.0 61.925 0
071301 17.25 16.0 61.925 0
071331 17.25 16.0 61.862 0
071402 17.25 16.0 61.737 0
071432 17.25 16.0 61.675 0
071503 17.25 16.0 61.612 0
071533 17.25 16.0 61.612 0
071604 17.25 16.0 61.55 0
071635 17.25 16.0 61.487 0
071705 17.25 16.0 61.487 0
071735 17.25 16.0 61.425 0
071806 17.25 16.0 61.425 0
071836 17.25 16.0 61.362 0
071907 17.25 16.0 61.3 0
071937 17.187 16.0 61.3 0
072007 17.187 16.0 61.3 0
072037 17.187 16.0 61.237 0
072108 17.187 16.0 61.237 0
072139 17.187 16.0 61.175 0
072209 17.187 16.0 61.175 0
072239 17.187 16.0 61.112 0
072310 17.187 16.0 61.112 0
072340 17.187 16.0 61.05 0
072410 17.187 16.0 61.05 0
072440 17.25 16.0 60.987 0
072511 17.25 16.0 60.987 0
072541 17.25 16.0 60.925 0
072612 17.25 16.0 60.925 0
072643 17.25 16.0 60.862 0
072713 17.25 16.0 60.862 0
072743 17.25 16.0 60.8 0
072813 17.25 16.0 60.8 0
072843 17.25 16.0 60.737 0
072914 17.25 16.0 60.737 0
072944 17.312 16.0 60.737 0
073014 17.312 16.0 60.675 0
073045 17.312 16.0 60.675 0
073115 17.312 16.0 60.675 0
073145 17.312 16.0 60.675 0
073215 17.312 16.0 60.675 0
073246 17.312 16.0 60.675 0
073317 17.312 16.0 60.675 0
073347 17.312 16.0 60.612 0
073418 17.312 16.0 60.612 0
073448 17.312 16.0 60.612 0
073519 17.312 16.0 60.55 0
073550 17.312 16.0 60.55 0
073620 17.312 16.0 60.425 0
073650 17.312 16.0 60.425 0
073720 17.312 16.0 60.362 0
073751 17.312 16.0 60.3 0
073821 17.312 16.0 60.237 0
073851 17.312 16.0 60.237 0
073922 17.312 16.0 60.175 0
073952 17.312 16.0 60.112 0
074023 17.312 16.0 60.112 0
074054 17.312 16.0 60.112 0
074124 17.312 16.0 60.05 0
074157 17.312 16.0 59.987 0
074227 17.312 16.0 59.987 0
074257 17.312 16.0 59.987 0
074328 17.312 16.0 59.925 0
074358 17.312 16.0 59.862 0
074428 17.312 16.0 59.862 0
074459 17.312 16.0 59.862 0
074529 17.312 16.0 59.8 0
074559 17.312 16.0 59.8 0
074629 17.312 16.0 59.737 0
074659 17.312 16.0 59.675 0
074730 17.312 16.0 59.675 0
074801 17.312 16.0 59.675 0
074831 17.312 16.0 59.612 0
074901 17.312 16.0 59.612 0
074932 17.375 16.0 59.55 0
075003 17.375 16.0 59.55 0
075033 17.375 16.0 59.487 0
075103 17.375 16.0 59.487 0
075133 17.375 16.0 59.425 0
075203 17.375 16.0 59.425 0
075234 17.375 16.0 59.362 0
075304 17.375 16.0 59.362 0
075334 17.375 16.0 59.3 0
075405 17.375 16.0 59.3 0
075435 17.375 16.0 59.237 0
075506 17.375 16.0 59.237 0
075536 17.375 16.0 59.237 0
075606 17.375 16.0 59.175 0
075637 17.375 16.0 59.112 0
075707 17.375 16.0 59.05 0
075738 17.375 16.0 58.925 0
075808 17.375 16.0 58.862 0
075838 17.375 16.0 58.737 0
075908 17.375 16.0 58.675 0
075939 17.437 16.0 58.612 0
080009 17.437 16.0 58.612 0
080039 17.437 16.0 58.55 0
080109 17.437 16.0 58.487 0
080140 17.437 16.0 58.487 0
080210 17.437 16.0 58.425 0
080241 17.437 16.0 58.425 0
080311 17.437 16.0 58.362 0
080341 17.437 16.0 58.3 0
080412 17.437 16.0 58.3 0
080443 17.437 16.0 58.237 0
080513 17.437 16.0 58.237 0
080544 17.437 16.0 58.175 0
080614 17.437 16.0 58.175 0
080644 17.437 16.0 58.112 0
080714 17.437 16.0 58.112 0
080745 17.437 16.0 58.05 0
080815 17.437 16.0 58.05 0
080846 17.437 16.0 57.987 0
080916 17.437 16.0 57.987 0
080946 17.437 16.0 57.925 0
081017 17.437 16.0 57.925 0
081048 17.437 16.0 57.862 0
081118 17.437 16.0 57.862 0
081149 17.437 16.0 57.8 0
081219 17.437 16.0 57.8 0
081250 17.437 16.0 57.737 0
081320 17.437 16.0 57.737 0
081351 17.437 16.0 57.675 0
081422 17.437 16.0 57.675 0
081452 17.375 16.0 57.612 0
081522 17.375 16.0 57.612 0
081552 17.375 16.0 57.55 0
081623 17.375 16.0 57.55 0
081654 17.375 16.0 57.487 0
081725 17.312 16.0 57.425 0
081755 17.312 16.0 57.3 0
081826 17.312 16.0 57.237 0
081856 17.312 16.0 57.112 0
081926 17.312 16.0 56.987 0
081957 17.25 16.0 56.925 0
082027 17.25 16.0 56.862 0
082058 17.25 16.0 56.8 0
082128 17.25 16.0 56.8 0
082159 17.25 16.0 56.737 0
082229 17.125 16.0 56.737 0
082300 17.125 16.0 56.675 0
082330 17.125 16.0 56.737 0
082400 17.125 16.0 56.737 0
082431 17.125 16.0 56.8 0
082501 17.125 16.0 56.862 0
082532 17.125 16.0 57.112 0
082602 17.125 16.0 57.55 0
082633 17.125 16.0 58.05 0
082706 17.062 16.0 58.987 0
082736 17.062 16.0 59.925 0
082806 17.062 16.0 60.987 0
082837 17.062 16.0 61.987 0
082907 17.062 16.0 63.05 0
082938 17.0 16.0 63.862 0
083009 17.0 16.0 64.612 0
083039 17.0 16.0 65.112 0
083110 17.0 16.0 65.55 0
083141 17.0 16.0 65.8 0
083211 16.937 16.0 66.05 0
083241 16.937 16.0 66.237 0
083311 16.937 16.0 66.362 0
083341 16.937 16.0 66.487 0
083412 16.937 16.0 66.55 0
083442 16.937 16.0 66.675 0
083512 16.937 16.0 66.737 0
083542 16.937 16.0 66.8 0
083613 16.937 16.0 66.862 0
083644 16.937 16.0 66.925 0
083715 16.875 16.0 66.987 0
083745 16.875 16.0 67.05 0
083816 16.875 16.0 67.112 0
083846 16.875 16.0 67.175 0
083917 16.875 16.0 67.175 0
083947 16.875 16.0 67.237 0
084017 16.875 16.0 67.237 0
084048 16.875 16.0 67.237 0
084118 16.875 16.0 67.237 0
084149 16.875 16.0 67.3 0
084220 16.812 16.0 67.3 0
084250 16.812 16.0 67.3 0
084321 16.812 16.0 67.3 0
084352 16.812 16.0 67.3 0
084422 16.812 16.0 67.3 0
084452 16.812 16.0 67.3 0
084523 16.812 16.0 67.362 0
084553 16.812 16.0 67.362 0
084623 16.812 16.0 67.362 0
084654 16.812 16.0 67.362 0
084724 16.812 16.0 67.362 0
084754 16.812 16.0 67.362 0
084824 16.812 16.0 67.362 0
084855 16.812 16.0 67.362 0
084925 16.812 16.0 67.425 0
084955 16.75 16.0 67.425 0
085026 16.75 16.0 67.425 0
085056 16.75 16.0 67.425 0
085127 16.75 16.0 67.425 0
085157 16.75 16.0 67.425 0
085228 16.75 16.0 67.425 0
085258 16.75 16.0 67.425 0
085328 16.75 16.0 67.425 0
085359 16.75 16.0 67.425 0
085430 16.75 16.0 67.425 0
085500 16.75 16.0 67.425 0
085530 16.75 16.0 67.425 0
085600 16.75 16.0 67.425 0
085631 16.75 16.0 67.3 0
085701 16.75 16.0 67.362 0
085732 16.75 16.0 67.362 0
085802 16.75 16.0 67.362 0
085833 16.75 16.0 67.362 0
085903 16.75 16.0 67.362 0
085933 16.75 16.0 67.362 0
090003 16.687 16.0 67.362 0
090034 16.687 16.0 67.362 0
090104 16.687 16.0 67.362 0
090134 16.687 16.0 67.362 0
090204 16.687 16.0 67.362 0
090234 16.687 16.0 67.362 0
090305 16.687 16.0 67.362 0
090336 16.687 16.0 67.3 0
090407 16.687 16.0 67.3 0
090437 16.687 16.0 67.3 0
090507 16.625 16.0 67.3 0
090538 16.625 16.0 67.3 0
090609 16.625 16.0 67.3 0
090639 16.625 16.0 67.3 0
090709 16.625 16.0 67.3 0
090739 16.687 16.0 67.3 0
090810 16.687 16.0 67.237 0
090840 16.687 16.0 67.237 0
090911 16.687 16.0 67.237 0
090943 16.687 16.0 67.237 0
091013 16.687 16.0 67.237 0
091044 16.687 16.0 67.237 0
091114 16.687 16.0 67.175 0
091144 16.687 16.0 67.175 0
091215 16.687 16.0 67.175 0
091245 16.687 16.0 67.175 0
091316 16.687 16.0 67.175 0
091346 16.687 16.0 67.175 0
091417 16.687 16.0 67.112 0
091447 16.625 16.0 67.112 0
091517 16.625 16.0 67.112 0
091548 16.625 16.0 67.112 0
091618 16.625 16.0 67.112 0
091649 16.625 16.0 67.05 0
091719 16.562 16.0 67.05 0
091750 16.562 16.0 67.05 0
091821 16.562 16.0 67.05 0
091851 16.562 16.0 66.987 0
091921 16.562 16.0 66.987 0
091951 16.562 16.0 66.987 0
092022 16.562 16.0 66.987 0
092052 16.562 16.0 66.987 0
092122 16.562 16.0 66.925 0
092152 16.562 16.0 66.925 0
092222 16.562 16.0 66.925 0
092252 16.562 16.0 66.925 0
092323 16.562 16.0 66.862 0
092354 16.562 16.0 66.862 0
092425 16.562 16.0 66.862 0
092455 16.562 16.0 66.862 0
092525 16.562 16.0 66.8 0
092555 16.562 16.0 66.8 0
092625 16.562 16.0 66.8 0
092656 16.562 16.0 66.737 0
092726 16.562 16.0 66.737 0
092756 16.562 16.0 66.737 0
092826 16.562 16.0 66.675 0
092856 16.562 16.0 66.675 0
092927 16.562 16.0 66.675 0
092957 16.5 16.0 66.675 0
093028 16.5 16.0 66.675 0
093058 16.5 16.0 66.675 0
093129 16.5 16.0 66.737 0
093159 16.5 16.0 66.862 0
093230 16.562 16.0 66.925 0
093300 16.562 16.0 66.925 0
093330 16.562 16.0 66.987 0
093401 16.562 16.0 66.987 0
093431 16.562 16.0 66.987 0
093502 16.5 16.0 66.987 0
093532 16.5 16.0 66.987 0
093602 16.5 16.0 66.987 0
093633 16.5 16.0 66.987 0
093703 16.5 16.0 66.987 0
093734 16.5 16.0 66.987 0
093804 16.5 16.0 66.987 0
093834 16.5 16.0 66.925 0
093905 16.5 16.0 66.925 0
093935 16.5 16.0 66.925 0
094006 16.562 16.0 66.925 0
094037 16.562 16.0 66.925 0
094107 16.562 16.0 66.862 0
094137 16.562 16.0 66.862 0
094208 16.562 16.0 66.862 0
094238 16.5 16.0 66.862 0
094308 16.5 16.0 66.862 0
094339 16.5 16.0 66.8 0
094409 16.5 16.0 66.8 0
094439 16.5 16.0 66.8 0
094510 16.5 16.0 66.8 0
094540 16.5 16.0 66.8 0
094610 16.5 16.0 66.737 0
094641 16.5 16.0 66.737 0
094711 16.5 16.0 66.737 0
094742 16.5 16.0 66.737 0
094812 16.5 16.0 66.675 0
094843 16.5 16.0 66.675 0
094914 16.5 16.0 66.675 0
094945 16.5 16.0 66.675 0
095015 16.5 16.0 66.612 0
095045 16.5 16.0 66.612 0
095115 16.5 16.0 66.612 0
095146 16.5 16.0 66.55 0
095216 16.5 16.0 66.55 0
095247 16.5 16.0 66.55 0
095318 16.5 16.0 66.487 0
095348 16.5 16.0 66.487 0
095418 16.5 16.0 66.487 0
095452 16.437 16.0 66.487 0
095522 16.437 16.0 66.425 0
095553 16.437 16.0 66.425 0
095624 16.437 16.0 66.425 0
095654 16.437 16.0 66.425 0
095724 16.437 16.0 66.362 0
095754 16.437 16.0 66.362 0
095824 16.437 16.0 66.362 0
095855 16.437 16.0 66.3 0
095926 16.437 16.0 66.3 0
095956 16.437 16.0 66.3 0
100027 16.437 16.0 66.237 0
100057 16.437 16.0 66.237 0
100128 16.437 16.0 66.237 0
100158 16.437 16.0 66.237 0
100228 16.437 16.0 66.175 0
100259 16.437 16.0 66.175 0
100329 16.437 16.0 66.175 0
100359 16.437 16.0 66.112 0
100429 16.437 16.0 66.112 0
100459 16.437 16.0 66.112 0
100530 16.437 16.0 66.05 0
100600 16.437 16.0 66.05 0
100631 16.437 16.0 66.05 0
100701 16.437 16.0 65.987 0
100731 16.437 16.0 65.987 0
100801 16.437 16.0 65.987 0
100832 16.437 16.0 65.925 0
100902 16.437 16.0 65.925 0
100932 16.437 16.0 65.925 0
101003 16.437 16.0 65.862 0
101033 16.437 16.0 65.862 0
101103 16.437 16.0 65.862 0
101134 16.437 16.0 65.8 0
101205 16.437 16.0 65.8 0
101235 16.437 16.0 65.737 0
101305 16.437 16.0 65.737 0
101336 16.437 16.0 65.675 0
101406 16.437 16.0 65.675 0
101436 16.437 16.0 65.675 0
101507 16.437 16.0 65.612 0
101537 16.437 16.0 65.612 0
101608 16.437 16.0 65.55 0
101638 16.437 16.0 65.55 0
101708 16.437 16.0 65.487 0
101739 16.437 16.0 65.487 0
101810 16.437 16.0 65.487 0
101841 16.437 16.0 65.425 0
101911 16.437 16.0 65.425 0
101941 16.437 16.0 65.425 0
102012 16.375 16.0 65.362 0
102043 16.375 16.0 65.362 0
102113 16.375 16.0 65.3 0
102143 16.375 16.0 65.3 0
102214 16.375 16.0 65.3 0
102244 16.375 16.0 65.237 0
102314 16.375 16.0 65.237 0
102345 16.375 16.0 65.175 0
102415 16.375 16.0 65.175 0
102445 16.375 16.0 65.175 0
102516 16.437 16.0 65.112 0
102546 16.437 16.0 65.112 0
102616 16.437 16.0 65.05 0
102647 16.437 16.0 65.05 0
102717 16.437 16.0 65.05 0
102747 16.375 16.0 64.987 0
102818 16.375 16.0 64.987 0
102848 16.375 16.0 64.925 0
102919 16.375 16.0 64.925 0
102949 16.375 16.0 64.862 0
103019 16.375 16.0 64.862 0
103050 16.375 16.0 64.8 0
103120 16.375 16.0 64.8 0
103151 16.375 16.0 64.8 0
103221 16.375 16.0 64.8 0
103251 16.375 16.0 64.8 0
103321 16.375 16.0 64.8 0
103351 16.375 16.0 64.862 0
103421 16.375 16.0 64.862 0
103452 16.375 16.0 64.862 0
103522 16.375 16.0 64.862 0
103552 16.375 16.0 64.925 0
103623 16.375 16.0 64.862 0
103653 16.375 16.0 64.862 0
103723 16.375 16.0 64.862 0
103753 16.375 16.0 64.8 0
103823 16.375 16.0 64.8 0
103854 16.375 16.0 64.8 0
103924 16.375 16.0 64.737 0
103955 16.375 16.0 64.737 0
104025 16.375 16.0 64.737 0
104056 16.375 16.0 64.675 0
104126 16.375 16.0 64.675 0
104156 16.375 16.0 64.675 0
104228 16.375 16.0 64.612 0
104259 16.375 16.0 64.612 0
104329 16.375 16.0 64.612 0
104359 16.375 16.0 64.55 0
104430 16.375 16.0 64.55 0
104500 16.375 16.0 64.487 0
104531 16.375 16.0 64.487 0
104601 16.375 16.0 64.425 0
104631 16.375 16.0 64.425 0
104701 16.375 16.0 64.425 0
104732 16.375 16.0 64.362 0
104802 16.375 16.0 64.362 0
104833 16.375 16.0 64.362 0
104903 16.375 16.0 64.3 0
104933 16.375 16.0 64.3 0
105004 16.312 16.0 64.3 0
105034 16.312 16.0 64.237 0
105105 16.312 16.0 64.237 0
105135 16.312 16.0 64.175 0
105205 16.312 16.0 64.175 0
105236 16.312 16.0 64.175 0
105306 16.312 16.0 64.112 0
105336 16.312 16.0 64.112 0
105406 16.312 16.0 64.05 0
105436 16.312 16.0 64.05 0
105507 16.312 16.0 64.05 0
105538 16.312 16.0 63.987 0
105608 16.312 16.0 63.987 0
105639 16.312 16.0 63.925 0
105709 16.312 16.0 63.925 0
105739 16.375 16.0 63.925 0
105809 16.375 16.0 63.862 0
105839 16.375 16.0 63.862 0
105909 16.375 16.0 63.8 0
105940 16.375 16.0 63.737 0
110010 16.312 16.0 63.737 0
110041 16.312 16.0 63.675 0
110112 16.312 16.0 63.675 0
110142 16.312 16.0 63.612 0
110212 16.312 16.0 63.55 0
110242 16.312 16.0 63.55 0
110313 16.312 16.0 63.487 0
110343 16.312 16.0 63.487 0
110413 16.312 16.0 63.487 0
110444 16.312 16.0 63.425 0
110514 16.312 16.0 63.425 0
110545 16.312 16.0 63.362 0
110615 16.312 16.0 63.362 0
110645 16.312 16.0 63.362 0
110715 16.312 16.0 63.3 0
110746 16.312 16.0 63.3 0
110816 16.312 16.0 63.237 0
110847 16.312 16.0 63.237 0
110917 16.312 16.0 63.175 0
110947 16.312 16.0 63.175 0
111017 16.312 16.0 63.112 0
111047 16.312 16.0 63.112 0
111118 16.312 16.0 63.05 0
111148 16.312 16.0 63.05 0
111218 16.312 16.0 62.987 0
111249 16.312 16.0 62.987 0
111319 16.312 16.0 62.987 0
111349 16.312 16.0 62.925 0
111420 16.312 16.0 62.925 0
111450 16.312 16.0 62.862 0
111520 16.312 16.0 62.862 0
111551 16.312 16.0 62.8 0
111622 16.312 16.0 62.8 0
111652 16.312 16.0 62.737 0
111722 16.312 16.0 62.737 0
111752 16.25 16.0 62.675 0
111822 16.25 16.0 62.675 0
111853 16.25 16.0 62.612 0
111924 16.25 16.0 62.612 0
111954 16.25 16.0 62.55 0
112024 16.25 16.0 62.55 0
112055 16.25 16.0 62.487 0
112125 16.25 16.0 62.487 0
112156 16.25 16.0 62.425 0
112226 16.25 16.0 62.425 0
112256 16.25 16.0 62.362 0
112327 16.25 16.0 62.3 0
112358 16.25 16.0 62.237 0
112429 16.25 16.0 62.175 0
112459 16.25 16.0 62.112 0
112530 16.312 16.0 62.05 0
112600 16.312 16.0 62.05 0
112630 16.312 16.0 61.987 0
112701 16.312 16.0 61.987 0
112731 16.312 16.0 61.925 0
112802 16.25 16.0 61.925 0
112832 16.25 16.0 61.862 0
112903 16.25 16.0 61.862 0
112934 16.25 16.0 61.8 0
113005 16.25 16.0 61.8 0
113035 16.25 16.0 61.737 0
113106 16.25 16.0 61.737 0
113137 16.25 16.0 61.675 0
113207 16.25 16.0 61.675 0
113237 16.25 16.0 61.612 0
113307 16.25 16.0 61.612 0
113338 16.25 16.0 61.55 0
113408 16.25 16.0 61.55 0
113438 16.25 16.0 61.55 0
113509 16.25 16.0 61.55 0
113540 16.25 16.0 61.55 0
113611 16.25 16.0 61.487 0
113641 16.25 16.0 61.487 0
113712 16.25 16.0 61.487 0
113742 16.187 16.0 61.487 0
113813 16.187 16.0 61.487 0
113843 16.187 16.0 61.425 0
113914 16.187 16.0 61.425 0
113944 16.187 16.0 61.425 0
114015 16.187 16.0 61.362 0
114045 16.187 16.0 61.362 0
114115 16.187 16.0 61.362 0
114146 16.187 16.0 61.3 0
114216 16.187 16.0 61.3 0
114246 16.187 16.0 61.3 0
114317 16.187 16.0 61.237 0
114347 16.187 16.0 61.237 0
114418 16.187 16.0 61.237 0
114448 16.187 16.0 61.175 0
114519 16.187 16.0 61.112 0
114550 16.187 16.0 61.112 0
114620 16.187 16.0 61.05 0
114650 16.187 16.0 60.987 0
114721 16.187 16.0 60.925 0
114751 16.187 16.0 60.862 0
114822 16.187 16.0 60.862 0
114853 16.187 16.0 60.8 0
114923 16.187 16.0 60.8 0
114953 16.187 16.0 60.737 0
115024 16.187 16.0 60.737 0
115054 16.187 16.0 60.675 0
115124 16.187 16.0 60.675 0
115155 16.187 16.0 60.612 0
115226 16.187 16.0 60.612 0
115256 16.187 16.0 60.55 0
115326 16.187 16.0 60.55 0
115357 16.187 16.0 60.487 0
115427 16.187 16.0 60.487 0
115458 16.187 16.0 60.425 0
115528 16.187 16.0 60.425 0
115559 16.187 16.0 60.362 0
115629 16.187 16.0 60.362 0
115700 16.187 16.0 60.3 0
115731 16.187 16.0 60.3 0
115801 16.187 16.0 60.237 0
115832 16.187 16.0 60.237 0
115902 16.187 16.0 60.175 0
115933 16.187 16.0 60.175 0
120003 16.187 16.0 60.175 0
120033 16.187 16.0 60.112 0
120103 16.187 16.0 60.112 0
120133 16.187 16.0 60.05 0
120204 16.187 16.0 60.05 0
120235 16.187 16.0 59.987 0
120305 16.125 16.0 59.987 0
120335 16.125 16.0 59.925 0
120405 16.125 16.0 59.862 0
120436 16.125 16.0 59.862 0
120507 16.125 16.0 59.862 0
120537 16.125 16.0 59.8 0
120607 16.125 16.0 59.8 0
120638 16.125 16.0 59.737 0
120708 16.125 16.0 59.737 0
120740 16.125 16.0 59.675 0
120811 16.125 16.0 59.612 0
120841 16.125 16.0 59.487 0
120912 16.125 16.0 59.425 0
120942 16.125 16.0 59.362 0
121013 16.125 16.0 59.3 0
121044 16.125 16.0 59.237 0
121115 16.125 16.0 59.175 0
121145 16.125 16.0 59.175 0
121216 16.125 16.0 59.112 0
121247 16.187 16.0 59.112 0
121317 16.187 16.0 59.05 0
121347 16.187 16.0 59.05 0
121418 16.187 16.0 58.987 0
121448 16.187 16.0 58.987 0
121518 16.187 16.0 58.925 0
121549 16.187 16.0 58.925 0
121619 16.187 16.0 58.862 0
121649 16.187 16.0 58.8 0
121719 16.187 16.0 58.8 0
121750 16.125 16.0 58.737 0
121821 16.125 16.0 58.737 0
121851 16.125 16.0 58.737 0
121922 16.125 16.0 58.675 0
121952 16.125 16.0 58.612 0
122023 16.187 16.0 58.612 0
122053 16.187 16.0 58.55 0
122124 16.187 16.0 58.55 0
122154 16.187 16.0 58.487 0
122224 16.187 16.0 58.487 0
122255 16.187 16.0 58.425 0
122325 16.187 16.0 58.425 0
122356 16.187 16.0 58.362 0
122426 16.187 16.0 58.362 0
122457 16.187 16.0 58.3 0
122527 16.187 16.0 58.3 0
122557 16.187 16.0 58.3 0
122628 16.187 16.0 58.237 0
122658 16.187 16.0 58.175 0
122729 16.187 16.0 58.175 0
122759 16.187 16.0 58.175 0
122829 16.187 16.0 58.112 0
122859 16.187 16.0 58.05 0
122930 16.187 16.0 57.987 0
123000 16.187 16.0 57.925 0
123030 16.187 16.0 57.8 0
123100 16.187 16.0 57.737 0
123131 16.187 16.0 57.612 0
123201 16.187 16.0 57.55 0
123232 16.187 16.0 57.487 0
123302 16.187 16.0 57.487 0
123332 16.187 16.0 57.425 0
123403 16.187 16.0 57.362 0
123433 16.187 16.0 57.362 0
123504 16.187 16.0 57.3 0
123534 16.25 16.0 57.3 0
123605 16.25 16.0 57.237 0
123636 16.25 16.0 57.237 0
123706 16.25 16.0 57.237 0
123737 16.25 16.0 57.237 0
123807 16.25 16.0 57.175 0
123837 16.25 16.0 57.175 0
123908 16.25 16.0 57.175 0
123939 16.25 16.0 57.112 0
124010 16.25 16.0 57.112 0
124040 16.25 16.0 57.112 0
124110 16.25 16.0 57.05 0
124141 16.25 16.0 57.05 0
124212 16.25 16.0 56.987 0
124242 16.25 16.0 56.987 0
124312 16.25 16.0 56.925 0
124343 16.25 16.0 56.925 0
124414 16.25 16.0 56.925 0
124444 16.25 16.0 56.862 0
124517 16.25 16.0 56.862 0
124547 16.25 16.0 56.862 0
124617 16.25 16.0 56.862 0
124647 16.25 16.0 56.862 0
124717 16.25 16.0 56.987 0
124748 16.25 16.0 57.362 0
124819 16.25 16.0 57.862 0
124849 16.25 16.0 58.55 0
124919 16.25 16.0 59.425 0
124949 16.25 16.0 60.425 0
125019 16.25 16.0 61.425 0
125050 16.25 16.0 62.425 0
125121 16.25 16.0 63.362 0
125151 16.25 16.0 63.987 0
125222 16.25 16.0 64.425 0
125253 16.25 16.0 64.8 0
125323 16.25 16.0 64.987 0
125354 16.25 16.0 65.175 0
125424 16.25 16.0 65.362 0
125454 16.25 16.0 65.487 0
125524 16.25 16.0 65.612 0
125555 16.25 16.0 65.675 0
125626 16.25 16.0 65.8 0
125657 16.25 16.0 65.8 0
125727 16.25 16.0 65.862 0
125757 16.25 16.0 65.925 0
125827 16.25 16.0 65.987 0
125858 16.25 16.0 65.987 0
125928 16.25 16.0 66.05 0
125958 16.25 16.0 66.112 0
130028 16.25 16.0 66.112 0
130059 16.25 16.0 66.112 0
130129 16.25 16.0 66.175 0
130200 16.25 16.0 66.237 0
130230 16.25 16.0 66.237 0
130300 16.25 16.0 66.3 0
130331 16.25 16.0 66.3 0
130401 16.25 16.0 66.362 0
130432 16.25 16.0 66.362 0
130502 16.25 16.0 66.362 0
130532 16.25 16.0 66.362 0
130602 16.25 16.0 66.425 0
130633 16.25 16.0 66.425 0
130703 16.25 16.0 66.487 0
130733 16.25 16.0 66.487 0
130803 16.25 16.0 66.487 0
130834 16.25 16.0 66.487 0
130905 16.25 16.0 66.55 0
130936 16.25 16.0 66.55 0
131006 16.25 16.0 66.55 0
131036 16.25 16.0 66.55 0
131106 16.25 16.0 66.55 0
131137 16.25 16.0 66.612 0
131207 16.25 16.0 66.612 0
131237 16.25 16.0 66.612 0
131307 16.25 16.0 66.612 0
131337 16.25 16.0 66.612 0
131408 16.25 16.0 66.612 0
131438 16.25 16.0 66.675 0
131509 16.25 16.0 66.675 0
131539 16.25 16.0 66.737 0
131609 16.25 16.0 66.737 0
131640 16.25 16.0 66.737 0
131711 16.25 16.0 66.737 0
131742 16.25 16.0 66.737 0
131812 16.312 16.0 66.737 0
131843 16.312 16.0 66.737 0
131913 16.312 16.0 66.675 0
131943 16.312 16.0 66.675 0
132014 16.312 16.0 66.675 0
132044 16.312 16.0 66.675 0
132115 16.312 16.0 66.675 0
132145 16.312 16.0 66.675 0
132216 16.312 16.0 66.675 0
132246 16.312 16.0 66.675 0
132317 16.312 16.0 66.675 0
132347 16.312 16.0 66.675 0
132418 16.312 16.0 66.675 0
132448 16.312 16.0 66.675 0
132519 16.312 16.0 66.612 0
132549 16.312 16.0 66.612 0
132619 16.312 16.0 66.612 0
132649 16.312 16.0 66.612 0
132720 16.312 16.0 66.612 0
132750 16.312 16.0 66.612 0
132821 16.312 16.0 66.55 0
132851 16.312 16.0 66.55 0
132921 16.312 16.0 66.55 0
132952 16.312 16.0 66.55 0
133024 16.312 16.0 66.55 0
133055 16.312 16.0 66.55 0
133125 16.312 16.0 66.487 0
133155 16.312 16.0 66.487 0
133225 16.312 16.0 66.487 0
133256 16.312 16.0 66.487 0
133326 16.312 16.0 66.425 0
133357 16.312 16.0 66.425 0
133427 16.312 16.0 66.425 0
133458 16.312 16.0 66.425 0
133528 16.312 16.0 66.425 0
133558 16.312 16.0 66.425 0
133629 16.312 16.0 66.362 0
133659 16.312 16.0 66.362 0
133730 16.312 16.0 66.362 0
133800 16.312 16.0 66.362 0
133831 16.312 16.0 66.3 0
133901 16.312 16.0 66.3 0
133931 16.312 16.0 66.3 0
134002 16.312 16.0 66.237 0
134033 16.312 16.0 66.237 0
134103 16.312 16.0 66.237 0
134133 16.312 16.0 66.237 0
134204 16.312 16.0 66.175 0
134234 16.312 16.0 66.175 0
134305 16.312 16.0 66.175 0
134336 16.312 16.0 66.175 0
134406 16.312 16.0 66.112 0
134437 16.312 16.0 66.112 0
134507 16.312 16.0 66.112 0
134538 16.312 16.0 66.112 0
134608 16.312 16.0 66.05 0
134638 16.312 16.0 66.05 0
134708 16.312 16.0 66.05 0
134738 16.312 16.0 66.05 0
134809 16.312 16.0 65.987 0
134839 16.312 16.0 65.987 0
134909 16.312 16.0 65.987 0
134940 16.312 16.0 65.987 0
135010 16.312 16.0 65.925 0
135041 16.312 16.0 65.925 0
135111 16.312 16.0 65.925 0
135142 16.312 16.0 65.925 0
135212 16.312 16.0 65.862 0
135243 16.312 16.0 65.925 0
135313 16.312 16.0 65.987 0
135343 16.312 16.0 66.05 0
135413 16.312 16.0 66.112 0
135444 16.312 16.0 66.175 0
135515 16.312 16.0 66.237 0
135545 16.312 16.0 66.237 0
135616 16.312 16.0 66.3 0
135646 16.312 16.0 66.3 0
135716 16.312 16.0 66.3 0
135747 16.312 16.0 66.362 0
135817 16.312 16.0 66.362 0
135848 16.312 16.0 66.3 0
135919 16.312 16.0 66.362 0
135950 16.312 16.0 66.362 0
140020 16.312 16.0 66.3 0
140050 16.312 16.0 66.3 0
140121 16.312 16.0 66.3 0
140151 16.312 16.0 66.3 0
140222 16.312 16.0 66.3 0
140252 16.312 16.0 66.3 0
140322 16.375 16.0 66.3 0
140353 16.375 16.0 66.237 0
140423 16.375 16.0 66.237 0
140454 16.375 16.0 66.237 0
140525 16.375 16.0 66.237 0
140555 16.375 16.0 66.175 0
140625 16.375 16.0 66.175 0
140656 16.375 16.0 66.175 0
140726 16.375 16.0 66.175 0
140756 16.375 16.0 66.175 0
140827 16.375 16.0 66.175 0
140857 16.375 16.0 66.112 0
140928 16.375 16.0 66.112 0
140958 16.375 16.0 66.112 0
141031 16.375 16.0 66.112 0
141101 16.375 16.0 66.112 0
141132 16.375 16.0 66.05 0
141202 16.375 16.0 66.05 0
141232 16.375 16.0 66.05 0
141303 16.375 16.0 66.05 0
141334 16.375 16.0 65.987 0
141405 16.375 16.0 65.987 0
141435 16.375 16.0 65.987 0
141506 16.375 16.0 65.987 0
141536 16.375 16.0 65.925 0
141607 16.375 16.0 65.925 0
141637 16.375 16.0 65.925 0
141708 16.375 16.0 65.925 0
141739 16.375 16.0 65.862 0
141809 16.312 16.0 65.862 0
141840 16.312 16.0 65.862 0
141910 16.312 16.0 65.862 0
141941 16.312 16.0 65.8 0
142011 16.312 16.0 65.8 0
142041 16.375 16.0 65.8 0
142112 16.375 16.0 65.737 0
142142 16.375 16.0 65.737 0
142213 16.375 16.0 65.737 0
142243 16.375 16.0 65.675 0
142313 16.375 16.0 65.675 0
142344 16.375 16.0 65.675 0
142415 16.375 16.0 65.612 0
142445 16.375 16.0 65.612 0
142515 16.375 16.0 65.612 0
142545 16.375 16.0 65.612 0
142615 16.375 16.0 65.612 0
142646 16.375 16.0 65.55 0
142716 16.375 16.0 65.55 0
142747 16.375 16.0 65.55 0
142817 16.375 16.0 65.487 0
142847 16.375 16.0 65.487 0
142918 16.375 16.0 65.425 0
142948 16.375 16.0 65.425 0
143019 16.375 16.0 65.425 0
143049 16.375 16.0 65.362 0
143119 16.375 16.0 65.362 0
143149 16.375 16.0 65.362 0
143220 16.375 16.0 65.3 0
143250 16.375 16.0 65.3 0
143320 16.375 16.0 65.3 0
143351 16.375 16.0 65.237 0
143421 16.375 16.0 65.237 0
143452 16.375 16.0 65.237 0
143522 16.375 16.0 65.175 0
143552 16.437 16.0 65.175 0
143623 16.437 16.0 65.175 0
143653 16.437 16.0 65.112 0
143723 16.437 16.0 65.112 0
143754 16.437 16.0 65.112 0
143825 16.375 16.0 65.05 0
143855 16.375 16.0 65.05 0
143925 16.375 16.0 65.05 0
143956 16.375 16.0 64.987 0
144026 16.375 16.0 64.987 0
144057 16.437 16.0 64.925 0
144127 16.437 16.0 64.925 0
144158 16.437 16.0 64.925 0
144228 16.437 16.0 64.862 0
144258 16.437 16.0 64.862 0
144328 16.437 16.0 64.862 0
144359 16.437 16.0 64.8 0
144429 16.437 16.0 64.8 0
144459 16.437 16.0 64.8 0
144530 16.437 16.0 64.737 0
144600 16.437 16.0 64.737 0
144631 16.437 16.0 64.737 0
144701 16.437 16.0 64.675 0
144731 16.437 16.0 64.675 0
144802 16.437 16.0 64.612 0
144832 16.437 16.0 64.612 0
144902 16.437 16.0 64.612 0
144933 16.437 16.0 64.55 0
145003 16.437 16.0 64.55 0
145033 16.437 16.0 64.487 0
145104 16.437 16.0 64.487 0
145134 16.437 16.0 64.487 0
145205 16.437 16.0 64.425 0
145236 16.437 16.0 64.362 0
145309 16.437 16.0 64.362 0
145339 16.437 16.0 64.3 0
145409 16.437 16.0 64.3 0
145439 16.437 16.0 64.3 0
145510 16.437 16.0 64.3 0
145540 16.437 16.0 64.362 0
145611 16.437 16.0 64.425 0
145642 16.437 16.0 64.425 0
145712 16.437 16.0 64.425 0
145743 16.437 16.0 64.425 0
145813 16.437 16.0 64.425 0
145844 16.437 16.0 64.425 0
145915 16.437 16.0 64.425 0
145945 16.437 16.0 64.425 0
150015 16.437 16.0 64.425 0
150045 16.437 16.0 64.362 0
150115 16.437 16.0 64.362 0
150145 16.437 16.0 64.362 0
150216 16.437 16.0 64.3 0
150246 16.437 16.0 64.3 0
150317 16.437 16.0 64.3 0
150347 16.437 16.0 64.3 0
150418 16.437 16.0 64.3 0
150449 16.437 16.0 64.237 0
150519 16.437 16.0 64.237 0
150549 16.437 16.0 64.237 0
150620 16.437 16.0 64.237 0
150650 16.437 16.0 64.175 0
150721 16.437 16.0 64.175 0
150752 16.437 16.0 64.175 0
150822 16.437 16.0 64.112 0
150852 16.437 16.0 64.112 0
150923 16.437 16.0 64.112 0
150953 16.437 16.0 64.05 0
151023 16.437 16.0 64.05 0
151054 16.437 16.0 64.05 0
151125 16.437 16.0 63.987 0
151155 16.437 16.0 63.987 0
151225 16.437 16.0 63.987 0
151256 16.437 16.0 63.925 0
151326 16.437 16.0 63.925 0
151357 16.437 16.0 63.925 0
151427 16.437 16.0 63.925 0
151457 16.437 16.0 63.862 0
151528 16.437 16.0 63.862 0
151558 16.437 16.0 63.8 0
151629 16.437 16.0 63.8 0
151659 16.437 16.0 63.737 0
151729 16.437 16.0 63.737 0
151800 16.437 16.0 63.675 0
151830 16.437 16.0 63.675 0
151901 16.437 16.0 63.675 0
151931 16.437 16.0 63.612 0
152002 16.437 16.0 63.612 0
152033 16.437 16.0 63.55 0
152104 16.437 16.0 63.55 0
152134 16.437 16.0 63.487 0
152204 16.437 16.0 63.487 0
152235 16.437 16.0 63.487 0
152305 16.437 16.0 63.425 0
152335 16.437 16.0 63.425 0
152405 16.437 16.0 63.425 0
152436 16.437 16.0 63.362 0
152506 16.437 16.0 63.362 0
152537 16.437 16.0 63.3 0
152607 16.437 16.0 63.3 0
152637 16.437 16.0 63.3 0
152707 16.437 16.0 63.237 0
152738 16.437 16.0 63.237 0
152808 16.437 16.0 63.237 0
152839 16.5 16.0 63.175 0
152909 16.5 16.0 63.175 0
152940 16.5 16.0 63.112 0
153010 16.5 16.0 63.112 0
153040 16.5 16.0 63.05 0
153110 16.5 16.0 63.05 0
153140 16.5 16.0 62.987 0
153210 16.5 16.0 62.987 0
153240 16.5 16.0 62.987 0
153311 16.5 16.0 62.925 0
153341 16.5 16.0 62.925 0
153411 16.5 16.0 62.925 0
153442 16.5 16.0 62.862 0
153513 16.5 16.0 62.862 0
153545 16.5 16.0 62.8 0
153616 16.5 16.0 62.8 0
153646 16.5 16.0 62.8 0
153716 16.5 16.0 62.737 0
153747 16.5 16.0 62.737 0
153818 16.5 16.0 62.675 0
153848 16.5 16.0 62.675 0
153918 16.5 16.0 62.675 0
153948 16.5 16.0 62.612 0
154019 16.5 16.0 62.55 0
154049 16.437 16.0 62.55 0
154119 16.437 16.0 62.487 0
154150 16.437 16.0 62.425 0
154220 16.437 16.0 62.3 0
154250 16.437 16.0 62.237 0
154321 16.437 16.0 62.3 0
154351 16.437 16.0 62.3 0
154422 16.437 16.0 62.3 0
154452 16.437 16.0 62.237 0
154522 16.437 16.0 62.237 0
154553 16.437 16.0 62.175 0
154624 16.437 16.0 62.175 0
154655 16.437 16.0 62.112 0
154725 16.437 16.0 62.112 0
154755 16.437 16.0 62.112 0
154825 16.5 16.0 62.05 0
154856 16.5 16.0 62.05 0
154926 16.5 16.0 61.987 0
154957 16.5 16.0 61.987 0
155028 16.5 16.0 61.925 0
155058 16.5 16.0 61.925 0
155129 16.5 16.0 61.862 0
155200 16.5 16.0 61.862 0
155230 16.5 16.0 61.862 0
155300 16.5 16.0 61.8 0
155331 16.5 16.0 61.8 0
155401 16.5 16.0 61.737 0
155432 16.5 16.0 61.737 0
155502 16.5 16.0 61.675 0
155533 16.5 16.0 61.675 0
155604 16.5 16.0 61.675 0
155634 16.5 16.0 61.675 0
155705 16.5 16.0 61.675 0
155735 16.5 16.0 61.675 0
155805 16.5 16.0 61.675 0
155836 16.5 16.0 61.675 0
155906 16.5 16.0 61.675 0
155936 16.5 16.0 61.675 0
160007 16.5 16.0 61.675 0
160037 16.5 16.0 61.675 0
160108 16.5 16.0 61.675 0
160138 16.5 16.0 61.612 0
160209 16.5 16.0 61.612 0
160239 16.5 16.0 61.612 0
160309 16.5 16.0 61.55 0
160340 16.437 16.0 61.55 0
160410 16.437 16.0 61.487 0
160441 16.437 16.0 61.487 0
160511 16.437 16.0 61.425 0
160542 16.437 16.0 61.425 0
160612 16.437 16.0 61.362 0
160642 16.437 16.0 61.362 0
160712 16.437 16.0 61.3 0
160743 16.437 16.0 61.3 0
160813 16.437 16.0 61.237 0
160844 16.437 16.0 61.237 0
160914 16.437 16.0 61.175 0
160945 16.437 16.0 61.175 0
161015 16.437 16.0 61.112 0
161046 16.437 16.0 61.112 0
161116 16.437 16.0 61.112 0
161147 16.437 16.0 61.05 0
161217 16.437 16.0 61.05 0
161248 16.437 16.0 60.987 0
161319 16.437 16.0 60.987 0
161349 16.437 16.0 60.987 0
161420 16.437 16.0 60.925 0
161450 16.437 16.0 60.925 0
161521 16.437 16.0 60.862 0
161553 16.437 16.0 60.862 0
161624 16.437 16.0 60.8 0
161654 16.437 16.0 60.8 0
161724 16.437 16.0 60.8 0
161755 16.437 16.0 60.737 0
161825 16.437 16.0 60.737 0
161856 16.437 16.0 60.737 0
161926 16.437 16.0 60.675 0
161957 16.437 16.0 60.675 0
162028 16.437 16.0 60.612 0
162058 16.437 16.0 60.612 0
162129 16.437 16.0 60.55 0
162159 16.437 16.0 60.55 0
162229 16.437 16.0 60.487 0
162300 16.437 16.0 60.487 0
162330 16.437 16.0 60.425 0
162400 16.437 16.0 60.425 0
162431 16.437 16.0 60.425 0
162501 16.437 16.0 60.362 0
162531 16.437 16.0 60.362 0
162602 16.437 16.0 60.3 0
162632 16.437 16.0 60.3 0
162703 16.437 16.0 60.237 0
162733 16.437 16.0 60.175 0
162803 16.437 16.0 60.112 0
162834 16.437 16.0 60.05 0
162904 16.437 16.0 60.05 0
162935 16.437 16.0 59.987 0
163005 16.437 16.0 59.925 0
163035 16.437 16.0 59.925 0
163105 16.437 16.0 59.862 0
163136 16.437 16.0 59.862 0
163207 16.437 16.0 59.8 0
163238 16.437 16.0 59.8 0
163309 16.437 16.0 59.737 0
163339 16.5 16.0 59.737 0
163410 16.5 16.0 59.675 0
163440 16.5 16.0 59.675 0
163510 16.5 16.0 59.675 0
163540 16.5 16.0 59.612 0
163611 16.437 16.0 59.612 0
163642 16.437 16.0 59.55 0
163713 16.437 16.0 59.55 0
163743 16.437 16.0 59.487 0
163814 16.437 16.0 59.487 0
163844 16.437 16.0 59.425 0
163914 16.437 16.0 59.425 0
163945 16.437 16.0 59.362 0
164015 16.437 16.0 59.362 0
164046 16.437 16.0 59.3 0
164116 16.437 16.0 59.3 0
164146 16.437 16.0 59.3 0
164217 16.437 16.0 59.237 0
164247 16.437 16.0 59.237 0
164318 16.437 16.0 59.175 0
164348 16.437 16.0 59.175 0
164419 16.437 16.0 59.112 0
164449 16.437 16.0 59.112 0
164520 16.437 16.0 59.05 0
164551 16.437 16.0 59.05 0
164622 16.437 16.0 59.05 0
164652 16.437 16.0 58.987 0
164723 16.437 16.0 58.987 0
164753 16.437 16.0 58.925 0
164824 16.437 16.0 58.925 0
164854 16.437 16.0 58.862 0
164924 16.437 16.0 58.862 0
164954 16.437 16.0 58.8 0
165025 16.437 16.0 58.675 0
165055 16.437 16.0 58.612 0
165125 16.375 16.0 58.55 0
165156 16.375 16.0 58.487 0
165226 16.375 16.0 58.487 0
165256 16.375 16.0 58.425 0
165327 16.375 16.0 58.425 0
165357 16.375 16.0 58.362 0
165427 16.375 16.0 58.3 0
165458 16.375 16.0 58.3 0
165528 16.375 16.0 58.237 0
165601 16.375 16.0 58.237 0
165632 16.375 16.0 58.175 0
165702 16.375 16.0 58.175 0
165732 16.375 16.0 58.175 0
165803 16.375 16.0 58.175 0
165833 16.375 16.0 58.175 0
165903 16.375 16.0 58.175 0
165934 16.375 16.0 58.175 0
170004 16.375 16.0 58.175 0
170034 16.375 16.0 58.112 0
170104 16.437 16.0 58.112 0
170135 16.437 16.0 58.112 0
170206 16.437 16.0 58.112 0
170236 16.437 16.0 58.112 0
170307 16.437 16.0 58.05 0
170337 16.437 16.0 58.05 0
170407 16.437 16.0 58.05 0
170438 16.437 16.0 57.987 0
170508 16.437 16.0 57.987 0
170539 16.437 16.0 57.987 0
170609 16.5 16.0 57.987 0
170639 16.5 16.0 57.925 0
170710 16.5 16.0 57.925 0
170740 16.5 16.0 57.925 0
170810 16.5 16.0 57.925 0
170840 16.437 16.0 57.862 0
170911 16.437 16.0 57.862 0
170942 16.437 16.0 57.8 0
171012 16.437 16.0 57.8 0
171042 16.437 16.0 57.8 0
171112 16.437 16.0 57.737 0
171143 16.437 16.0 57.737 0
171213 16.437 16.0 57.675 0
171244 16.437 16.0 57.612 0
171314 16.437 16.0 57.612 0
171344 16.437 16.0 57.55 0
171414 16.437 16.0 57.487 0
171445 16.437 16.0 57.487 0
171515 16.437 16.0 57.425 0
171546 16.437 16.0 57.425 0
171616 16.5 16.0 57.362 0
171647 16.5 16.0 57.362 0
171717 16.5 16.0 57.3 0
171747 16.5 16.0 57.3 0
171818 16.5 16.0 57.237 0
171848 16.437 16.0 57.237 0
171918 16.437 16.0 57.175 0
171949 16.437 16.0 57.175 0
172019 16.437 16.0 57.175 0
172050 16.437 16.0 57.112 0
172120 16.437 16.0 57.112 0
172151 16.437 16.0 57.05 0
172221 16.437 16.0 57.05 0
172251 16.437 16.0 56.987 0
172321 16.437 16.0 56.987 0
172352 16.437 16.0 56.987 0
172423 16.437 16.0 56.925 0
172453 16.437 16.0 56.925 0
172523 16.437 16.0 56.862 0
172554 16.437 16.0 56.862 0
172624 16.437 16.0 56.862 0
172654 16.437 16.0 56.925 0
172725 16.437 16.0 56.987 0
172755 16.437 16.0 57.237 0
172825 16.437 16.0 57.612 0
172855 16.437 16.0 58.237 0
172925 16.437 16.0 59.175 0
172956 16.437 16.0 60.175 0
173026 16.437 16.0 61.175 0
173057 16.437 16.0 62.237 0
173127 16.375 16.0 63.237 0
173158 16.375 16.0 64.05 0
173228 16.375 16.0 64.612 0
173258 16.375 16.0 65.05 0
173329 16.375 16.0 65.425 0
173359 16.375 16.0 65.675 0
173429 16.375 16.0 65.862 0
173459 16.375 16.0 66.05 0
173529 16.375 16.0 66.112 0
173559 16.375 16.0 66.237 0
173630 16.375 16.0 66.3 0
173700 16.375 16.0 66.3 0
173730 16.375 16.0 66.362 0
173801 16.375 16.0 66.362 0
173831 16.375 16.0 66.425 0
173902 16.375 16.0 66.425 0
173932 16.375 16.0 66.487 0
174003 16.375 16.0 66.487 0
174033 16.375 16.0 66.487 0
174104 16.375 16.0 66.487 0
174134 16.437 16.0 66.487 0
174204 16.437 16.0 66.55 0
174234 16.437 16.0 66.55 0
174304 16.437 16.0 66.55 0
174335 16.437 16.0 66.612 0
174405 16.375 16.0 66.612 0
174435 16.375 16.0 66.612 0
174506 16.375 16.0 66.612 0
174536 16.375 16.0 66.612 0
174609 16.375 16.0 66.612 0
174640 16.375 16.0 66.675 0
174710 16.375 16.0 66.675 0
174740 16.375 16.0 66.675 0
174811 16.375 16.0 66.675 0
174841 16.375 16.0 66.675 0
174911 16.375 16.0 66.675 0
174942 16.375 16.0 66.737 0
175012 16.375 16.0 66.737 0
175042 16.375 16.0 66.612 0
175112 16.375 16.0 66.737 0
175142 16.375 16.0 66.737 0
175213 16.375 16.0 66.737 0
175243 16.375 16.0 66.737 0
175314 16.375 16.0 66.737 0
175344 16.312 16.0 66.8 0
175415 16.312 16.0 66.8 0
175445 16.312 16.0 66.8 0
175515 16.312 16.0 66.8 0
175545 16.312 16.0 66.8 0
175616 16.375 16.0 66.8 0
175647 16.375 16.0 66.8 0
175717 16.375 16.0 66.8 0
175748 16.375 16.0 66.8 0
175818 16.375 16.0 66.8 0
175849 16.312 16.0 66.8 0
175919 16.312 16.0 66.8 0
175949 16.312 16.0 66.8 0
180020 16.312 16.0 66.8 0
180050 16.312 16.0 66.8 0
180121 16.312 16.0 66.8 0
180151 16.312 16.0 66.8 0
180221 16.312 16.0 66.8 0
180252 16.312 16.0 66.8 0
180322 16.312 16.0 66.8 0
180352 16.312 16.0 66.8 0
180423 16.312 16.0 66.8 0
180453 16.312 16.0 66.8 0
180524 16.312 16.0 66.8 0
180554 16.312 16.0 66.737 0
180624 16.312 16.0 66.737 0
180655 16.312 16.0 66.737 0
180725 16.312 16.0 66.737 0
180756 16.312 16.0 66.737 0
180826 16.312 16.0 66.737 0
180857 16.312 16.0 66.737 0
180927 16.312 16.0 66.737 0
180957 16.312 16.0 66.675 0
181028 16.312 16.0 66.675 0
181058 16.312 16.0 66.675 0
181128 16.312 16.0 66.675 0
181159 16.312 16.0 66.675 0
181229 16.312 16.0 66.675 0
181259 16.312 16.0 66.675 0
181329 16.312 16.0 66.612 0
181359 16.375 16.0 66.612 0
181429 16.375 16.0 66.612 0
181500 16.375 16.0 66.612 0
181530 16.375 16.0 66.612 0
181600 16.375 16.0 66.612 0
181631 16.312 16.0 66.55 0
181701 16.312 16.0 66.55 0
181731 16.312 16.0 66.55 0
181801 16.312 16.0 66.55 0
181832 16.312 16.0 66.487 0
181902 16.312 16.0 66.487 0
181933 16.312 16.0 66.487 0
182004 16.312 16.0 66.487 0
182035 16.312 16.0 66.487 0
182105 16.312 16.0 66.425 0
182135 16.312 16.0 66.425 0
182205 16.312 16.0 66.425 0
182235 16.312 16.0 66.425 0
182306 16.312 16.0 66.362 0
182337 16.312 16.0 66.362 0
182407 16.375 16.0 66.362 0
182437 16.375 16.0 66.3 0
182508 16.375 16.0 66.3 0
182539 16.375 16.0 66.3 0
182609 16.375 16.0 66.3 0
182640 16.312 16.0 66.237 0
182710 16.312 16.0 66.237 0
182741 16.312 16.0 66.237 0
182812 16.312 16.0 66.237 0
182845 16.312 16.0 66.175 0
182915 16.312 16.0 66.175 0
182945 16.312 16.0 66.175 0
183016 16.312 16.0 66.175 0
183046 16.312 16.0 66.112 0
183116 16.375 16.0 66.112 0
183146 16.375 16.0 66.112 0
183217 16.375 16.0 66.112 0
183247 16.375 16.0 66.112 0
183317 16.375 16.0 66.175 0
183348 16.312 16.0 66.237 0
183418 16.312 16.0 66.3 0
183448 16.312 16.0 66.362 0
183519 16.312 16.0 66.425 0
183549 16.312 16.0 66.425 0
183620 16.375 16.0 66.425 0
183650 16.375 16.0 66.487 0
183721 16.375 16.0 66.487 0
183751 16.375 16.0 66.487 0
183822 16.375 16.0 66.487 0
183852 16.375 16.0 66.425 0
183922 16.375 16.0 66.425 0
183953 16.375 16.0 66.425 0
184024 16.375 16.0 66.425 0
184054 16.375 16.0 66.425 0
184124 16.375 16.0 66.425 0
184155 16.375 16.0 66.425 0
184226 16.375 16.0 66.362 0
184256 16.375 16.0 66.362 0
184326 16.375 16.0 66.362 0
184356 16.312 16.0 66.362 0
184426 16.312 16.0 66.362 0
184457 16.312 16.0 66.3 0
184527 16.312 16.0 66.3 0
184557 16.312 16.0 66.3 0
184627 16.312 16.0 66.3 0
184658 16.312 16.0 66.3 0
184728 16.312 16.0 66.237 0
184759 16.312 16.0 66.237 0
184829 16.312 16.0 66.237 0
184859 16.312 16.0 66.237 0
184929 16.312 16.0 66.237 0
184959 16.312 16.0 66.175 0
185030 16.312 16.0 66.175 0
185101 16.312 16.0 66.175 0
185131 16.375 16.0 66.175 0
185202 16.375 16.0 66.112 0
185232 16.375 16.0 66.112 0
185303 16.375 16.0 66.112 0
185333 16.375 16.0 66.05 0
185403 16.312 16.0 66.05 0
185434 16.312 16.0 66.05 0
185504 16.312 16.0 66.05 0
185535 16.312 16.0 65.987 0
185605 16.312 16.0 65.987 0
185635 16.312 16.0 65.987 0
185706 16.312 16.0 65.987 0
185736 16.312 16.0 65.925 0
185807 16.312 16.0 65.925 0
185837 16.312 16.0 65.925 0
185907 16.312 16.0 65.925 0
185938 16.312 16.0 65.862 0
190008 16.312 16.0 65.862 0
190038 16.312 16.0 65.862 0
190109 16.312 16.0 65.862 0
190139 16.25 16.0 65.8 0
190210 16.25 16.0 65.8 0
190240 16.25 16.0 65.8 0
190311 16.25 16.0 65.737 0
190342 16.25 16.0 65.737 0
190412 16.25 16.0 65.737 0
190442 16.25 16.0 65.737 0
190513 16.25 16.0 65.675 0
190544 16.25 16.0 65.675 0
190614 16.25 16.0 65.675 0
190644 16.25 16.0 65.612 0
190715 16.25 16.0 65.612 0
190745 16.25 16.0 65.612 0
190816 16.25 16.0 65.55 0
190846 16.25 16.0 65.55 0
190917 16.25 16.0 65.55 0
190947 16.25 16.0 65.55 0
191017 16.25 16.0 65.487 0
191048 16.25 16.0 65.487 0
191118 16.25 16.0 65.487 0
191149 16.25 16.0 65.425 0
191219 16.25 16.0 65.425 0
191249 16.25 16.0 65.425 0
191319 16.25 16.0 65.362 0
191352 16.25 16.0 65.362 0
191422 16.25 16.0 65.3 0
191453 16.25 16.0 65.3 0
191524 16.25 16.0 65.237 0
191554 16.25 16.0 65.237 0
191625 16.25 16.0 65.237 0
191656 16.25 16.0 65.175 0
191726 16.25 16.0 65.175 0
191756 16.25 16.0 65.175 0
191827 16.25 16.0 65.112 0
191857 16.187 16.0 65.112 0
191928 16.187 16.0 65.112 0
191959 16.187 16.0 65.05 0
192029 16.187 16.0 65.05 0
192059 16.187 16.0 64.987 0
192130 16.187 16.0 64.987 0
192200 16.187 16.0 64.987 0
192230 16.187 16.0 64.925 0
192301 16.187 16.0 64.925 0
192331 16.187 16.0 64.925 0
192402 16.187 16.0 64.862 0
192432 16.187 16.0 64.862 0
192503 16.187 16.0 64.862 0
192534 16.187 16.0 64.8 0
192604 16.187 16.0 64.8 0
192634 16.187 16.0 64.737 0
192705 16.187 16.0 64.737 0
192735 16.187 16.0 64.737 0
192805 16.187 16.0 64.675 0
192835 16.187 16.0 64.675 0
192905 16.187 16.0 64.675 0
192936 16.187 16.0 64.612 0
193006 16.187 16.0 64.612 0
193036 16.187 16.0 64.55 0
193107 16.187 16.0 64.55 0
193137 16.187 16.0 64.55 0
193208 16.187 16.0 64.487 0
193238 16.187 16.0 64.487 0
193309 16.187 16.0 64.487 0
193339 16.187 16.0 64.425 0
193409 16.125 16.0 64.425 0
193439 16.125 16.0 64.425 0
193509 16.125 16.0 64.487 0
193540 16.125 16.0 64.487 0
193611 16.125 16.0 64.55 0
193641 16.187 16.0 64.612 0
193711 16.187 16.0 64.612 0
193741 16.187 16.0 64.612 0
193811 16.187 16.0 64.612 0
193842 16.187 16.0 64.612 0
193913 16.125 16.0 64.612 0
193944 16.125 16.0 64.612 0
194014 16.125 16.0 64.55 0
194045 16.125 16.0 64.55 0
194115 16.125 16.0 64.55 0
194146 16.187 16.0 64.487 0
194216 16.187 16.0 64.487 0
194247 16.187 16.0 64.487 0
194317 16.187 16.0 64.425 0
194348 16.187 16.0 64.425 0
194418 16.125 16.0 64.425 0
194448 16.125 16.0 64.425 0
194519 16.125 16.0 64.362 0
194549 16.125 16.0 64.362 0
194620 16.125 16.0 64.362 0
194651 16.187 16.0 64.3 0
194721 16.187 16.0 64.3 0
194751 16.187 16.0 64.3 0
194822 16.187 16.0 64.237 0
194852 16.187 16.0 64.237 0
194922 16.187 16.0 64.237 0
194952 16.187 16.0 64.175 0
195023 16.187 16.0 64.175 0
195053 16.187 16.0 64.175 0
195123 16.187 16.0 64.112 0
195154 16.25 16.0 64.112 0
195224 16.25 16.0 64.112 0
195254 16.25 16.0 64.05 0
195324 16.25 16.0 64.05 0
195355 16.25 16.0 64.05 0
195425 16.187 16.0 64.05 0
195456 16.187 16.0 63.987 0
195526 16.187 16.0 63.987 0
195556 16.187 16.0 63.987 0
195629 16.25 16.0 63.925 0
195700 16.25 16.0 63.925 0
195730 16.25 16.0 63.925 0
195800 16.25 16.0 63.862 0
195830 16.25 16.0 63.862 0
195900 16.187 16.0 63.862 0
195930 16.187 16.0 63.8 0
200001 16.187 16.0 63.8 0
200031 16.187 16.0 63.8 0
200101 16.187 16.0 63.8 0
200132 16.187 16.0 63.737 0
200202 16.187 16.0 63.737 0
200233 16.187 21.0 63.675 0
200304 16.187 21.0 63.675 50
200335 16.187 21.0 63.612 50
200405 16.25 21.0 63.55 50
200436 16.25 21.0 63.487 50
200506 16.25 21.0 63.362 50
200536 16.25 21.0 63.237 50
200606 16.25 21.0 63.05 50
200636 16.187 21.0 62.862 50
200706 16.187 21.0 62.612 50
200737 16.187 21.0 62.3 50
200807 16.187 21.0 61.925 50
200837 16.187 21.0 61.425 50
200907 16.25 21.0 60.862 50
200937 16.25 21.0 60.175 50
201007 16.25 21.0 59.487 0
201037 16.25 21.0 58.925 0
201108 16.25 21.0 58.55 0
201138 16.312 21.0 58.3 0
201208 16.312 21.0 58.175 0
201239 16.312 21.0 58.05 0
201309 16.312 21.0 57.987 0
201340 16.312 21.0 57.862 0
201410 16.375 21.0 57.8 0
201441 16.375 21.0 57.8 0
201512 16.375 21.0 57.737 0
201542 16.375 21.0 57.675 0
201612 16.375 21.0 57.612 0
201643 16.375 21.0 57.612 0
201713 16.375 21.0 57.55 0
201744 16.375 21.0 57.487 0
201814 16.375 21.0 57.487 0
201844 16.375 21.0 57.425 0
201915 16.375 21.0 57.362 0
201945 16.375 21.0 57.362 0
202015 16.375 21.0 57.3 0
202045 16.375 21.0 57.237 0
202116 16.375 21.0 57.175 0
202146 16.437 21.0 57.175 0
202217 16.437 21.0 57.112 0
202247 16.437 21.0 57.112 0
202318 16.437 21.0 57.05 0
202348 16.437 21.0 57.05 0
202419 16.437 21.0 57.05 0
202449 16.437 21.0 57.112 0
202519 16.437 21.0 57.175 0
202550 16.437 21.0 57.175 0
202620 16.437 21.0 57.3 0
202651 16.5 21.0 57.425 0
202721 16.5 21.0 57.487 0
202751 16.5 21.0 57.55 0
202821 16.5 21.0 57.612 0
202852 16.5 21.0 57.675 0
202923 16.562 21.0 57.737 0
202953 16.562 21.0 57.987 0
203024 16.562 21.0 58.55 0
203054 16.562 21.0 59.3 0
203124 16.562 21.0 60.175 50
203154 16.625 21.0 61.05 50
203225 16.625 21.0 62.05 50
203255 16.625 21.0 62.862 50
203325 16.625 21.0 63.425 50
203355 16.625 21.0 63.862 50
203426 16.687 21.0 64.112 50
203456 16.687 21.0 64.362 50
203527 16.687 21.0 64.487 50
203557 16.687 21.0 64.612 50
203627 16.687 21.0 64.675 50
203658 16.875 21.0 64.737 50
203729 16.875 21.0 64.8 50
203800 16.875 21.0 64.8 50
203830 16.875 21.0 64.8 50
203901 16.875 21.0 64.8 50
203931 17.0 21.0 64.737 50
204001 17.0 21.0 64.737 50
204032 17.0 21.0 64.675 50
204102 17.0 21.0 64.55 50
204132 17.0 21.0 64.425 50
204202 17.125 21.0 64.112 50
204232 17.125 21.0 63.487 50
204303 17.125 21.0 62.362 50
204334 17.125 21.0 60.675 50
204406 17.25 21.0 58.3 0
204437 17.25 21.0 56.612 0
204507 17.25 21.0 55.55 0
204538 17.25 21.0 54.925 0
204608 17.25 21.0 54.55 0
204638 17.375 21.0 54.237 0
204709 17.375 21.0 54.05 0
204739 17.375 21.0 53.925 0
204809 17.375 21.0 53.8 0
204840 17.375 21.0 53.612 0
204910 17.375 21.0 53.237 0
204940 17.375 21.0 53.237 0
205011 17.375 21.0 53.487 0
205041 17.375 21.0 54.05 0
205111 17.375 21.0 54.675 0
205142 17.437 21.0 55.55 0
205212 17.437 21.0 56.487 0
205243 17.437 21.0 57.612 0
205313 17.437 21.0 58.675 0
205343 17.437 21.0 59.612 0
205413 17.375 21.0 60.675 50
205444 17.375 21.0 61.987 50
205514 17.375 21.0 63.112 50
205544 17.375 21.0 63.987 50
205615 17.375 21.0 64.675 50
205646 17.437 21.0 65.112 50
205716 17.437 21.0 65.425 50
205746 17.437 21.0 65.612 50
205817 17.437 21.0 65.8 50
205848 17.437 21.0 65.925 50
205918 17.437 21.0 65.987 50
205948 17.437 21.0 66.05 50
210019 17.437 21.0 66.112 50
210050 17.437 21.0 66.175 50
210120 17.437 21.0 66.175 50
210150 17.562 21.0 66.175 50
210220 17.562 21.0 66.112 50
210251 17.562 21.0 66.112 50
210321 17.562 21.0 66.05 50
210352 17.562 21.0 65.925 50
210422 17.625 21.0 65.737 50
210452 17.625 21.0 65.362 50
210523 17.625 21.0 64.737 50
210553 17.625 21.0 63.675 50
210624 17.625 21.0 62.237 50
210654 17.75 21.0 60.487 50
210725 17.75 21.0 58.55 50
210755 17.75 21.0 56.487 50
210825 17.75 21.0 54.675 50
210855 17.75 21.0 53.362 0
210925 17.875 21.0 52.55 0
210956 17.875 21.0 52.112 0
211027 17.875 21.0 51.987 0
211057 17.875 21.0 52.112 0
211127 17.875 21.0 52.55 0
211157 17.937 21.0 53.112 0
211227 17.937 21.0 53.925 0
211258 17.937 21.0 55.112 50
211328 17.937 21.0 56.112 50
211358 17.937 21.0 57.112 50
211428 17.937 21.0 58.05 50
211458 17.937 21.0 58.987 50
211529 17.937 21.0 59.8 50
211600 17.937 21.0 60.612 50
211630 17.937 21.0 61.425 50
211700 18.0 21.0 62.237 50
211730 18.0 21.0 62.862 50
211801 18.0 21.0 63.237 50
211831 18.0 21.0 63.55 50
211901 18.0 21.0 63.737 50
211931 18.062 21.0 63.925 50
212001 18.062 21.0 64.05 50
212031 18.062 21.0 64.175 50
212102 18.062 21.0 64.237 50
212132 18.062 21.0 64.3 50
212202 18.0 21.0 64.3 50
212233 18.0 21.0 64.3 50
212303 18.0 21.0 64.3 50
212333 18.0 21.0 64.237 50
212403 18.0 21.0 64.175 50
212433 18.375 21.0 64.112 50
212503 18.375 21.0 63.987 50
212533 18.375 21.0 63.8 50
212604 18.375 21.0 63.55 50
212634 18.375 21.0 63.112 50
212704 18.5 21.0 62.487 50
212734 18.5 21.0 61.737 50
212804 18.5 21.0 60.8 50
212835 18.5 21.0 59.737 50
212905 18.5 21.0 58.675 50
212935 18.625 21.0 57.612 50
213006 18.625 21.0 56.612 50
213036 18.625 21.0 55.737 50
213106 18.625 21.0 55.05 50
213136 18.625 21.0 54.425 50
213207 19.062 21.0 53.925 0
213237 19.062 21.0 53.675 0
213307 19.062 21.0 53.737 0
213337 19.062 21.0 54.05 0
213408 19.062 21.0 54.55 50
213438 19.375 21.0 55.425 50
213509 19.375 21.0 56.425 50
213539 19.375 21.0 57.3 50
213609 19.375 21.0 58.175 50
213639 19.375 21.0 59.05 50
213709 19.312 21.0 59.987 50
213740 19.312 21.0 61.05 50
213810 19.312 21.0 61.925 50
213840 19.312 21.0 62.8 50
213910 19.312 21.0 63.425 50
213941 19.375 21.0 63.8 50
214011 19.375 21.0 64.112 50
214041 19.375 21.0 64.3 50
214111 19.375 21.0 64.487 50
214142 19.375 21.0 64.55 50
214212 19.375 21.0 64.675 50
214243 19.375 21.0 64.675 50
214314 19.375 21.0 64.737 50
214344 19.375 21.0 64.675 50
214416 19.375 21.0 64.675 50
214446 19.375 21.0 64.612 50
214516 19.375 21.0 64.55 50
214546 19.375 21.0 64.425 50
214617 19.375 21.0 64.237 50
214647 19.375 21.0 63.987 50
214717 19.375 21.0 63.487 50
214748 19.375 21.0 62.8 50
214818 19.375 21.0 61.925 50
214848 19.375 21.0 60.8 50
214918 19.5 21.0 59.612 50
214948 19.5 21.0 58.425 50
215019 19.5 21.0 57.3 50
215049 19.5 21.0 56.3 50
215119 19.5 21.0 55.425 50
215149 19.562 21.0 54.737 50
215219 19.562 21.0 54.175 50
215250 19.562 21.0 53.862 0
215320 19.562 21.0 53.8 0
215350 19.562 21.0 53.987 0
215420 19.625 21.0 54.487 50
215450 19.625 21.0 55.237 50
215521 19.625 21.0 55.987 50
215551 19.625 21.0 56.862 50
215622 19.625 21.0 57.675 50
215652 19.625 21.0 58.55 50
215722 19.625 21.0 59.487 50
215753 19.625 21.0 60.362 50
215823 19.625 21.0 61.175 50
215853 19.625 21.0 62.05 50
215923 19.687 21.0 62.737 50
215954 19.687 21.0 63.3 50
220025 19.687 21.0 63.612 50
220055 19.687 21.0 63.862 50
220125 19.687 21.0 64.05 50
220155 19.625 21.0 64.175 50
220226 19.625 21.0 64.3 50
220256 19.625 21.0 64.362 50
220326 19.625 21.0 64.425 50
220356 19.625 21.0 64.425 50
220426 19.5 21.0 64.425 50
220457 19.5 21.0 64.425 50
220528 19.5 21.0 64.362 50
220558 19.5 21.0 64.3 50
220629 19.5 21.0 64.237 50
220659 19.375 21.0 64.175 50
220729 19.375 21.0 64.05 50
220800 19.375 21.0 63.8 50
220830 19.375 21.0 63.362 50
220900 19.375 21.0 62.612 50
220930 19.187 21.0 61.487 50
221000 19.187 21.0 60.175 50
221031 19.187 21.0 58.987 50
221101 19.187 21.0 57.925 50
221131 19.187 21.0 56.987 50
221202 19.187 21.0 56.175 50
221232 19.187 21.0 55.487 50
221303 19.187 21.0 54.987 50
221333 19.187 21.0 54.55 50
221403 19.187 21.0 54.237 50
221433 19.125 21.0 54.05 50
221503 19.125 21.0 54.175 50
221533 19.125 21.0 54.487 50
221604 19.125 21.0 55.112 50
221634 19.125 21.0 55.925 50
221704 19.125 21.0 56.737 50
221734 19.125 21.0 57.55 50
221805 19.125 21.0 58.425 50
221835 19.125 21.0 59.3 50
221906 19.125 21.0 60.175 50
221936 19.0 21.0 61.112 50
222006 19.0 21.0 61.925 50
222036 19.0 21.0 62.675 50
222107 19.0 21.0 63.3 50
222137 19.0 21.0 63.737 50
222208 19.0 21.0 63.987 50
222238 19.0 21.0 64.175 50
222308 19.0 21.0 64.362 50
222339 19.0 21.0 64.487 50
222409 19.0 21.0 64.55 50
222440 18.937 21.0 64.612 50
222511 18.937 21.0 64.675 50
222541 18.937 21.0 64.675 50
222612 18.937 21.0 64.675 50
222642 18.937 21.0 64.675 50
222712 18.937 21.0 64.675 50
222742 18.937 21.0 64.612 50
222813 18.937 21.0 64.487 50
222843 18.937 21.0 64.362 50
222914 18.937 21.0 64.175 50
222945 18.937 21.0 63.737 50
223015 18.937 21.0 63.3 50
223046 18.937 21.0 62.612 50
223116 18.937 21.0 61.737 50
223146 18.937 21.0 60.737 50
223217 19.0 21.0 59.675 50
223248 19.0 21.0 58.612 50
223318 19.0 21.0 57.675 50
223349 19.0 21.0 56.8 50
223419 19.0 21.0 56.05 50
223449 19.0 21.0 55.487 50
223520 19.0 21.0 54.987 50
223550 19.0 21.0 54.612 50
223620 19.0 21.0 54.425 50
223650 19.0 21.0 54.487 50
223720 18.937 21.0 54.737 50
223750 18.937 21.0 55.3 50
223821 18.937 21.0 55.862 50
223851 18.937 21.0 56.487 50
223924 19.0 21.0 57.237 50
223954 19.0 21.0 58.112 50
224025 19.0 21.0 58.987 50
224055 19.0 21.0 59.8 50
224126 19.0 21.0 60.675 50
224156 19.0 21.0 61.487 50
224226 19.0 21.0 62.237 50
224257 19.0 21.0 62.862 50
224327 19.0 21.0 63.3 50
224358 19.0 21.0 63.612 50
224428 18.937 21.0 63.8 50
224459 18.937 21.0 63.987 50
224529 18.937 21.0 64.112 50
224600 18.937 21.0 64.237 50
224630 18.937 21.0 64.3 50
224700 18.937 21.0 64.3 50
224731 18.937 21.0 64.362 50
224801 18.937 21.0 64.362 50
224831 18.937 21.0 64.362 50
224901 18.937 21.0 64.3 50
224932 18.937 21.0 64.237 50
225002 18.937 21.0 64.175 50
225032 18.937 21.0 64.05 50
225102 18.937 21.0 63.862 50
225132 18.937 21.0 63.55 50
225203 18.875 21.0 63.112 50
225233 18.875 21.0 62.55 50
225303 18.875 21.0 61.737 50
225334 18.875 21.0 60.8 50
225404 18.875 21.0 59.8 50
225435 18.875 21.0 58.8 50
225505 18.875 21.0 57.8 50
225536 18.875 21.0 56.987 50
225606 18.875 21.0 56.237 50
225636 18.875 21.0 55.55 50
225707 18.937 21.0 55.05 50
225737 18.937 21.0 54.675 50
225807 18.937 21.0 54.362 50
225837 18.937 21.0 54.3 50
225907 18.937 21.0 54.425 50
225938 18.937 21.0 54.987 50
230008 18.937 10.0 55.675 50
230038 18.937 10.0 56.425 0
230109 18.937 10.0 57.175 0
230139 18.937 10.0 58.05 0
230210 18.875 10.0 58.987 0
230240 18.875 10.0 59.987 0
230311 18.875 10.0 61.05 0
230341 18.875 10.0 62.05 0
230412 18.875 10.0 63.05 0
230443 18.875 10.0 63.987 0
230513 18.875 10.0 64.675 0
230544 18.875 10.0 65.175 0
230614 18.875 10.0 65.612 0
230645 18.875 10.0 65.987 0
230715 18.812 10.0 66.237 0
230746 18.812 10.0 66.425 0
230816 18.812 10.0 66.612 0
230846 18.812 10.0 66.8 0
230916 18.812 10.0 66.862 0
230947 18.75 10.0 66.987 0
231017 18.75 10.0 67.05 0
231047 18.75 10.0 67.112 0
231118 18.75 10.0 67.237 0
231148 18.75 10.0 67.3 0
231218 18.625 10.0 67.3 0
231248 18.625 10.0 67.362 0
231319 18.625 10.0 67.425 0
231349 18.625 10.0 67.487 0
231419 18.625 10.0 67.55 0
231450 18.562 10.0 67.55 0
231521 18.562 10.0 67.612 0
231551 18.562 10.0 67.675 0
231622 18.562 10.0 67.737 0
231653 18.562 10.0 67.737 0
231723 18.437 10.0 67.8 0
231753 18.437 10.0 67.8 0
231824 18.437 10.0 67.862 0
231855 18.437 10.0 67.862 0
231925 18.437 10.0 67.925 0
231955 18.375 10.0 67.925 0
232026 18.375 10.0 67.987 0
232056 18.375 10.0 67.987 0
232127 18.375 10.0 68.05 0
232157 18.375 10.0 68.05 0
232228 18.25 10.0 68.05 0
232258 18.25 10.0 68.05 0
232329 18.25 10.0 68.112 0
232359 18.25 10.0 68.112 0
232431 18.125 10.0 68.112 0
232502 18.125 10.0 68.175 0
232532 18.125 10.0 68.175 0
232603 18.125 10.0 68.175 0
232633 18.125 10.0 68.175 0
232704 18.062 10.0 68.175 0
232734 18.062 10.0 68.175 0
232805 18.062 10.0 68.237 0
232835 18.062 10.0 68.175 0
232905 18.062 10.0 68.175 0
232935 18.0 10.0 68.175 0
233006 18.0 10.0 68.237 0
233036 18.0 10.0 68.237 0
233106 18.0 10.0 68.237 0
233136 18.0 10.0 68.237 0
233206 17.937 10.0 68.237 0
233236 17.937 10.0 68.237 0
233307 17.937 10.0 68.237 0
233338 17.937 10.0 68.237 0
233409 17.937 10.0 68.237 0
233439 17.812 10.0 68.237 0
233510 17.812 10.0 68.237 0
233540 17.812 10.0 68.175 0
233610 17.812 10.0 68.175 0
233641 17.812 10.0 68.175 0
233711 17.812 10.0 68.175 0
233742 17.812 10.0 68.175 0
233812 17.812 10.0 68.175 0
233842 17.812 10.0 68.175 0
233913 17.812 10.0 68.175 0
233943 17.75 10.0 68.175 0
234013 17.75 10.0 68.112 0
234044 17.75 10.0 68.112 0
234114 17.75 10.0 68.112 0
234145 17.75 10.0 68.112 0
234215 17.687 10.0 68.112 0
234246 17.687 10.0 68.05 0
234316 17.687 10.0 68.05 0
234347 17.687 10.0 68.05 0
234417 17.687 10.0 68.05 0
234447 17.687 10.0 68.05 0
234518 17.687 10.0 68.05 0
234548 17.687 10.0 68.05 0
234618 17.687 10.0 67.987 0
234648 17.687 10.0 67.987 0
234718 17.687 10.0 67.987 0
234749 17.687 10.0 67.987 0
234819 17.687 10.0 67.987 0
234850 17.687 10.0 67.987 0
234921 17.687 10.0 67.925 0
234951 17.625 10.0 67.925 0
235022 17.625 10.0 67.925 0
235052 17.625 10.0 67.925 0
235122 17.625 10.0 67.862 0
235153 17.625 10.0 67.862 0
235223 17.625 10.0 67.862 0
235254 17.625 10.0 67.862 0
235324 17.625 10.0 67.8 0
235355 17.625 10.0 67.8 0
235425 17.625 10.0 67.8 0
235456 17.562 10.0 67.8 0
235526 17.562 10.0 67.8 0
235556 17.562 10.0 67.737 0
235627 17.562 10.0 67.737 0
235657 17.562 10.0 67.737 0
235728 17.562 10.0 67.737 0
235758 17.562 10.0 67.675 0
235828 17.562 10.0 67.675 0
235859 17.562 10.0 67.675 0
