235913 26.0 10.0 20.112 0
235943 26.0 10.0 20.112 0
000014 26.0 10.0 20.112 0
000044 26.062 10.0 20.112 0
000115 26.062 10.0 20.112 0
000145 26.062 10.0 20.112 0
000216 26.062 10.0 20.112 0
000246 26.062 10.0 20.112 0
000317 26.062 10.0 20.112 0
000347 26.062 10.0 20.112 0
000418 26.062 10.0 20.112 0
000449 26.062 10.0 20.112 0
000519 26.062 10.0 20.112 0
000549 26.125 10.0 20.112 0
000619 26.125 10.0 20.112 0
000650 26.125 10.0 20.112 0
000720 26.125 10.0 20.112 0
000750 26.125 10.0 20.112 0
000820 26.125 10.0 20.112 0
000851 26.125 10.0 20.112 0
000922 26.125 10.0 20.112 0
000952 26.125 10.0 20.112 0
001022 26.125 10.0 20.112 0
001053 26.125 10.0 20.112 0
001123 26.125 10.0 20.112 0
001154 26.125 10.0 20.112 0
001224 26.125 10.0 20.112 0
001256 26.125 10.0 20.112 0
001326 26.125 10.0 20.112 0
001356 26.125 10.0 20.112 0
001427 26.125 10.0 20.112 0
001457 26.125 10.0 20.112 0
001528 26.187 10.0 20.112 0
001558 26.187 10.0 20.112 0
001628 26.187 10.0 20.112 0
001659 26.187 10.0 20.112 0
001730 26.187 10.0 20.112 0
001800 26.187 10.0 20.112 0
001831 26.187 10.0 20.112 0
001901 26.187 10.0 20.112 0
001932 26.187 10.0 20.112 0
002002 26.187 10.0 20.112 0
002033 26.25 10.0 20.112 0
002103 26.25 10.0 20.112 0
002133 26.25 10.0 20.112 0
002203 26.25 10.0 20.112 0
002234 26.25 10.0 20.112 0
002304 26.25 10.0 20.112 0
002334 26.25 10.0 20.112 0
002405 26.25 10.0 20.112 0
002435 26.25 10.0 20.112 0
002506 26.25 10.0 20.112 0
002536 26.312 10.0 20.112 0
002606 26.312 10.0 20.112 0
002637 26.312 10.0 20.112 0
002707 26.312 10.0 20.112 0
002737 26.312 10.0 20.112 0
002807 26.312 10.0 20.112 0
002838 26.312 10.0 20.112 0
002908 26.312 10.0 20.112 0
002938 26.312 10.0 20.112 0
003009 26.312 10.0 20.112 0
003040 26.375 10.0 20.112 0
003110 26.375 10.0 20.112 0
003141 26.375 10.0 20.112 0
003211 26.375 10.0 20.112 0
003242 26.375 10.0 20.112 0
003312 26.375 10.0 20.112 0
003342 26.375 10.0 20.112 0
003413 26.375 10.0 20.112 0
003443 26.375 10.0 20.112 0
003514 26.375 10.0 20.112 0
003544 26.312 10.0 20.112 0
003615 26.312 10.0 20.112 0
003646 26.312 10.0 20.112 0
003716 26.312 10.0 20.112 0
003747 26.312 10.0 20.112 0
003818 26.375 10.0 20.112 0
003849 26.375 10.0 20.112 0
003919 26.375 10.0 20.112 0
003950 26.375 10.0 20.112 0
004020 26.375 10.0 20.112 0
004051 26.375 10.0 20.112 0
004121 26.375 10.0 20.112 0
004152 26.375 10.0 20.112 0
004222 26.375 10.0 20.112 0
004253 26.375 10.0 20.112 0
004323 26.375 10.0 20.112 0
004354 26.375 10.0 20.112 0
004424 26.375 10.0 20.112 0
004454 26.375 10.0 20.112 0
004525 26.375 10.0 20.112 0
004555 26.437 10.0 20.112 0
004626 26.437 10.0 20.112 0
004656 26.437 10.0 20.112 0
004727 26.437 10.0 20.112 0
004800 26.375 10.0 20.112 0
004830 26.375 10.0 20.112 0
004901 26.375 10.0 20.112 0
004932 26.375 10.0 20.112 0
005002 26.375 10.0 20.112 0
005033 26.375 10.0 20.112 0
005104 26.375 10.0 20.112 0
005135 26.375 10.0 20.112 0
005205 26.375 10.0 20.112 0
005235 26.375 10.0 20.112 0
005306 26.312 10.0 20.112 0
005337 26.312 10.0 20.112 0
005407 26.312 10.0 20.112 0
005438 26.312 10.0 20.112 0
005509 26.312 10.0 20.112 0
005539 26.25 10.0 20.112 0
005610 26.25 10.0 20.112 0
005641 26.25 10.0 20.112 0
005711 26.25 10.0 20.112 0
005742 26.25 10.0 20.112 0
005813 26.25 10.0 20.112 0
005843 26.25 10.0 20.112 0
005914 26.25 10.0 20.112 0
005944 26.25 10.0 20.112 0
010014 26.25 10.0 20.112 0
010044 26.187 10.0 20.112 0
010115 26.187 10.0 20.112 0
010145 26.187 10.0 20.112 0
010216 26.187 10.0 20.112 0
010246 26.187 10.0 20.112 0
010316 26.187 10.0 20.112 0
010347 26.187 10.0 20.112 0
010417 26.187 10.0 20.112 0
010447 26.187 10.0 20.112 0
010517 26.187 10.0 20.112 0
010547 26.187 10.0 20.112 0
010618 26.187 10.0 20.112 0
010648 26.187 10.0 20.112 0
010719 26.187 10.0 20.112 0
010749 26.187 10.0 20.112 0
010819 26.187 10.0 20.112 0
010850 26.187 10.0 20.112 0
010920 26.187 10.0 20.112 0
010951 26.187 10.0 20.112 0
011022 26.187 10.0 20.112 0
011052 26.187 10.0 20.112 0
011122 26.187 10.0 20.112 0
011153 26.187 10.0 20.112 0
011224 26.187 10.0 20.112 0
011254 26.187 10.0 20.112 0
011325 26.125 10.0 20.112 0
011355 26.125 10.0 20.112 0
011426 26.125 10.0 20.112 0
011456 26.125 10.0 20.112 0
011527 26.125 10.0 20.112 0
011557 26.125 10.0 20.112 0
011628 26.125 10.0 20.112 0
011658 26.125 10.0 20.112 0
011728 26.125 10.0 20.112 0
011758 26.125 10.0 20.112 0
011829 26.125 10.0 20.112 0
011859 26.125 10.0 20.112 0
011930 26.125 10.0 20.112 0
012001 26.125 10.0 20.112 0
012031 26.125 10.0 20.112 0
012102 26.062 10.0 20.112 0
012132 26.062 10.0 20.112 0
012202 26.062 10.0 20.112 0
012233 26.062 10.0 20.112 0
012305 26.062 10.0 20.112 0
012336 26.062 10.0 20.112 0
012406 26.062 10.0 20.112 0
012437 26.062 10.0 20.112 0
012507 26.062 10.0 20.112 0
012537 26.062 10.0 20.112 0
012608 26.062 10.0 20.112 0
012638 26.062 10.0 20.112 0
012709 26.062 10.0 20.112 0
012740 26.062 10.0 20.112 0
012810 26.062 10.0 20.112 0
012840 26.062 10.0 20.112 0
012910 26.062 10.0 20.112 0
012941 26.062 10.0 20.112 0
013012 26.062 10.0 20.112 0
013042 26.0 10.0 20.112 0
013113 26.0 10.0 20.112 0
013144 26.0 10.0 20.112 0
013215 26.0 10.0 20.112 0
013245 26.0 10.0 20.112 0
013316 26.0 10.0 20.112 0
013346 26.0 10.0 20.112 0
013416 26.0 10.0 20.112 0
013446 26.0 10.0 20.112 0
013517 26.0 10.0 20.112 0
013547 25.937 10.0 20.112 0
013618 25.937 10.0 20.112 0
013649 25.937 10.0 20.112 0
013719 25.937 10.0 20.112 0
013749 25.937 10.0 20.112 0
013819 26.0 10.0 20.112 0
013849 26.0 10.0 20.112 0
013920 26.0 10.0 20.112 0
013951 26.0 10.0 20.112 0
014021 26.0 10.0 20.112 0
014052 26.0 10.0 20.112 0
014122 26.0 10.0 20.112 0
014153 26.0 10.0 20.112 0
014223 26.0 10.0 20.112 0
014254 26.0 10.0 20.112 0
014325 25.937 10.0 20.112 0
014355 25.937 10.0 20.112 0
014426 25.937 10.0 20.112 0
014456 25.937 10.0 20.112 0
014527 25.937 10.0 20.112 0
014557 25.812 10.0 20.112 0
014627 25.812 10.0 20.112 0
014657 25.812 10.0 20.112 0
014728 25.812 10.0 20.112 0
014758 25.812 10.0 20.112 0
014828 25.812 10.0 20.112 0
014858 25.812 10.0 20.112 0
014929 25.812 10.0 20.112 0
014959 25.812 10.0 20.112 0
015030 25.812 10.0 20.112 0
015100 25.75 10.0 20.112 0
015130 25.75 10.0 20.112 0
015201 25.75 10.0 20.112 0
015231 25.75 10.0 20.112 0
015302 25.75 10.0 20.112 0
015333 25.812 10.0 20.112 0
015403 25.812 10.0 20.112 0
015433 25.812 10.0 20.112 0
015503 25.812 10.0 20.112 0
015534 25.812 10.0 20.112 0
015605 25.812 10.0 20.112 0
015636 25.812 10.0 20.112 0
015706 25.812 10.0 20.112 0
015737 25.812 10.0 20.112 0
015810 25.812 10.0 20.112 0
015840 25.812 10.0 20.112 0
015910 25.812 10.0 20.112 0
015941 25.812 10.0 20.112 0
020011 25.812 10.0 20.112 0
020041 25.812 10.0 20.112 0
020112 25.812 10.0 20.112 0
020143 25.812 10.0 20.112 0
020214 25.812 10.0 20.112 0
020244 25.812 10.0 20.112 0
020315 25.812 10.0 20.112 0
020345 25.812 10.0 20.112 0
020416 25.812 10.0 20.112 0
020446 25.812 10.0 20.112 0
020516 25.812 10.0 20.112 0
020546 25.812 10.0 20.112 0
020617 25.812 10.0 20.112 0
020647 25.812 10.0 20.112 0
020718 25.812 10.0 20.112 0
020748 25.812 10.0 20.112 0
020819 25.812 10.0 20.112 0
020849 25.812 10.0 20.112 0
020920 25.812 10.0 20.112 0
020951 25.812 10.0 20.112 0
021021 25.812 10.0 20.112 0
021052 25.812 10.0 20.112 0
021123 25.812 10.0 20.112 0
021153 25.812 10.0 20.112 0
021224 25.812 10.0 20.112 0
021255 25.812 10.0 20.112 0
021325 25.812 10.0 20.112 0
021356 25.812 10.0 20.112 0
021427 25.812 10.0 20.112 0
021457 25.812 10.0 20.112 0
021527 25.812 10.0 20.112 0
021557 25.75 10.0 20.112 0
021628 25.75 10.0 20.112 0
021658 25.75 10.0 20.112 0
021728 25.75 10.0 20.112 0
021758 25.75 10.0 20.112 0
021828 25.75 10.0 20.112 0
021859 25.75 10.0 20.112 0
021929 25.75 10.0 20.112 0
022000 25.75 10.0 20.112 0
022030 25.75 10.0 20.112 0
022100 25.75 10.0 20.112 0
022131 25.75 10.0 20.112 0
022201 25.75 10.0 20.112 0
022231 25.75 10.0 20.112 0
022302 25.75 10.0 20.112 0
022332 25.75 10.0 20.112 0
022402 25.75 10.0 20.112 0
022433 25.75 10.0 20.112 0
022503 25.75 10.0 20.112 0
022533 25.75 10.0 20.112 0
022604 25.75 10.0 20.112 0
022634 25.75 10.0 20.112 0
022704 25.75 10.0 20.112 0
022734 25.75 10.0 20.112 0
022805 25.75 10.0 20.112 0
022835 25.687 10.0 20.112 0
022906 25.687 10.0 20.112 0
022937 25.687 10.0 20.112 0
023007 25.687 10.0 20.112 0
023038 25.687 10.0 20.112 0
023108 25.687 10.0 20.112 0
023139 25.687 10.0 20.112 0
023210 25.687 10.0 20.112 0
023240 25.687 10.0 20.112 0
023311 25.687 10.0 20.112 0
023342 25.687 10.0 20.112 0
023412 25.687 10.0 20.112 0
023442 25.687 10.0 20.112 0
023513 25.687 10.0 20.112 0
023546 25.75 10.0 20.112 0
023616 25.75 10.0 20.112 0
023647 25.75 10.0 20.112 0
023717 25.75 10.0 20.112 0
023747 25.75 10.0 20.112 0
023818 25.75 10.0 20.112 0
023848 25.75 10.0 20.112 0
023918 25.75 10.0 20.112 0
023949 25.75 10.0 20.112 0
024020 25.75 10.0 20.112 0
024050 25.687 10.0 20.112 0
024121 25.687 10.0 20.112 0
024151 25.687 10.0 20.112 0
024222 25.687 10.0 20.112 0
024252 25.687 10.0 20.112 0
024323 25.687 10.0 20.112 0
024353 25.687 10.0 20.112 0
024424 25.687 10.0 20.112 0
024454 25.687 10.0 20.112 0
024525 25.687 10.0 20.112 0
024555 25.687 10.0 20.112 0
024626 25.687 10.0 20.112 0
024657 25.687 10.0 20.112 0
024727 25.687 10.0 20.112 0
024758 25.687 10.0 20.112 0
024829 25.687 10.0 20.112 0
024859 25.687 10.0 20.112 0
024930 25.687 10.0 20.112 0
025001 25.687 10.0 20.112 0
025031 25.687 10.0 20.112 0
025102 25.687 10.0 20.112 0
025133 25.687 10.0 20.112 0
025203 25.687 10.0 20.112 0
025233 25.687 10.0 20.112 0
025303 25.687 10.0 20.112 0
025334 25.687 10.0 20.112 0
025404 25.687 10.0 20.112 0
025434 25.687 10.0 20.112 0
025504 25.687 10.0 20.112 0
025535 25.687 10.0 20.112 0
025605 25.687 10.0 20.112 0
025636 25.687 10.0 20.112 0
025706 25.687 10.0 20.112 0
025736 25.687 10.0 20.112 0
025807 25.687 10.0 20.112 0
025837 25.687 10.0 20.112 0
025908 25.687 10.0 20.112 0
025938 25.687 10.0 20.112 0
030009 25.687 10.0 20.112 0
030040 25.687 10.0 20.112 0
030110 25.687 10.0 20.112 0
030141 25.687 10.0 20.112 0
030211 25.687 10.0 20.112 0
030242 25.687 10.0 20.112 0
030312 25.687 10.0 20.112 0
030342 25.75 10.0 20.112 0
030413 25.75 10.0 20.112 0
030443 25.75 10.0 20.112 0
030514 25.75 10.0 20.112 0
030544 25.75 10.0 20.112 0
030615 25.75 10.0 20.112 0
030645 25.75 10.0 20.112 0
030715 25.75 10.0 20.112 0
030746 25.75 10.0 20.112 0
030816 25.75 10.0 20.112 0
030847 25.687 10.0 20.112 0
030918 25.687 10.0 20.112 0
030949 25.687 10.0 20.112 0
031019 25.687 10.0 20.112 0
031050 25.687 10.0 20.112 0
031121 25.687 10.0 20.112 0
031152 25.687 10.0 20.112 0
031223 25.687 10.0 20.112 0
031253 25.687 10.0 20.112 0
031323 25.687 10.0 20.112 0
031354 25.687 10.0 20.112 0
031424 25.687 10.0 20.112 0
031455 25.687 10.0 20.112 0
031525 25.687 10.0 20.112 0
031555 25.687 10.0 20.112 0
031626 25.687 10.0 20.112 0
031656 25.687 10.0 20.112 0
031727 25.687 10.0 20.112 0
031758 25.687 10.0 20.112 0
031828 25.625 10.0 20.112 0
031858 25.625 10.0 20.112 0
031928 25.625 10.0 20.112 0
031959 25.625 10.0 20.112 0
032029 25.625 10.0 20.112 0
032059 25.687 10.0 20.112 0
032129 25.687 10.0 20.112 0
032159 25.687 10.0 20.112 0
032230 25.687 10.0 20.112 0
032300 25.687 10.0 20.112 0
032331 25.687 10.0 20.112 0
032401 25.687 10.0 20.112 0
032432 25.687 10.0 20.112 0
032502 25.687 10.0 20.112 0
032533 25.687 10.0 20.112 0
032603 25.625 10.0 20.112 0
032634 25.625 10.0 20.112 0
032704 25.625 10.0 20.112 0
032735 25.625 10.0 20.112 0
032805 25.625 10.0 20.112 0
032836 25.625 10.0 20.112 0
032906 25.625 10.0 20.112 0
032936 25.625 10.0 20.112 0
033006 25.625 10.0 20.112 0
033037 25.625 10.0 20.112 0
033107 25.625 10.0 20.112 0
033137 25.625 10.0 20.112 0
033207 25.625 10.0 20.112 0
033238 25.625 10.0 20.112 0
033308 25.625 10.0 20.112 0
033338 25.687 10.0 20.112 0
033408 25.687 10.0 20.112 0
033439 25.687 10.0 20.112 0
033509 25.687 10.0 20.112 0
033539 25.687 10.0 20.112 0
033609 25.625 10.0 20.112 0
033640 25.625 10.0 20.112 0
033710 25.625 10.0 20.112 0
033741 25.625 10.0 20.112 0
033811 25.625 10.0 20.112 0
033841 25.687 10.0 20.112 0
033912 25.687 10.0 20.112 0
033942 25.687 10.0 20.112 0
034012 25.687 10.0 20.112 0
034043 25.687 10.0 20.112 0
034113 25.625 10.0 20.112 0
034144 25.625 10.0 20.112 0
034215 25.625 10.0 20.112 0
034245 25.625 10.0 20.112 0
034316 25.625 10.0 20.112 0
034346 25.687 10.0 20.112 0
034417 25.687 10.0 20.112 0
034448 25.687 10.0 20.112 0
034519 25.687 10.0 20.112 0
034549 25.687 10.0 20.112 0
034620 25.687 10.0 20.112 0
034650 25.687 10.0 20.112 0
034720 25.687 10.0 20.112 0
034751 25.687 10.0 20.112 0
034822 25.687 10.0 20.112 0
034852 25.687 10.0 20.112 0
034922 25.687 10.0 20.112 0
034953 25.687 10.0 20.112 0
035023 25.687 10.0 20.112 0
035056 25.625 10.0 20.112 0
035126 25.625 10.0 20.112 0
035157 25.625 10.0 20.112 0
035227 25.625 10.0 20.112 0
035257 25.625 10.0 20.112 0
035328 25.625 10.0 20.112 0
035359 25.625 10.0 20.112 0
035429 25.625 10.0 20.112 0
035459 25.625 10.0 20.112 0
035529 25.625 10.0 20.112 0
035600 25.625 10.0 20.112 0
035630 25.625 10.0 20.112 0
035701 25.625 10.0 20.112 0
035731 25.625 10.0 20.175 0
035801 25.625 10.0 20.112 0
035831 25.625 10.0 20.112 0
035901 25.625 10.0 20.112 0
035932 25.625 10.0 20.112 0
040002 25.625 10.0 20.112 0
040032 25.625 10.0 20.112 0
040103 25.625 10.0 20.112 0
040133 25.625 10.0 20.112 0
040203 25.625 10.0 20.112 0
040233 25.625 10.0 20.112 0
040303 25.625 10.0 20.112 0
040334 25.625 10.0 20.112 0
040404 25.625 10.0 20.112 0
040435 25.625 10.0 20.112 0
040505 25.625 10.0 20.112 0
040535 25.625 10.0 20.112 0
040606 25.625 10.0 20.112 0
040636 25.625 10.0 20.112 0
040706 25.625 10.0 20.112 0
040736 25.625 10.0 20.175 0
040806 25.625 10.0 20.112 0
040837 25.625 10.0 20.112 0
040908 25.625 10.0 20.112 0
040939 25.625 10.0 20.112 0
041009 25.625 10.0 20.112 0
041039 25.625 10.0 20.175 0
041109 25.562 10.0 20.112 0
041140 25.562 10.0 20.112 0
041211 25.562 10.0 20.112 0
041241 25.562 10.0 20.112 0
041312 25.562 10.0 20.112 0
041342 25.562 10.0 20.112 0
041412 25.562 10.0 20.112 0
041443 25.562 10.0 20.112 0
041513 25.562 10.0 20.112 0
041543 25.562 10.0 20.112 0
041614 25.562 10.0 20.112 0
041644 25.562 10.0 20.112 0
041715 25.562 10.0 20.175 0
041745 25.562 10.0 20.112 0
041815 25.562 10.0 20.112 0
041846 25.562 10.0 20.112 0
041917 25.562 10.0 20.112 0
041947 25.562 10.0 20.112 0
042017 25.562 10.0 20.112 0
042048 25.562 10.0 20.175 0
042118 25.562 10.0 20.112 0
042149 25.562 10.0 20.112 0
042219 25.562 10.0 20.112 0
042249 25.562 10.0 20.112 0
042320 25.562 10.0 20.112 0
042350 25.562 10.0 20.112 0
042420 25.562 10.0 20.112 0
042451 25.562 10.0 20.112 0
042521 25.562 10.0 20.112 0
042551 25.562 10.0 20.175 0
042622 25.562 10.0 20.112 0
042652 25.562 10.0 20.112 0
042722 25.562 10.0 20.112 0
042753 25.562 10.0 20.112 0
042823 25.562 10.0 20.175 0
042853 25.562 10.0 20.112 0
042924 25.562 10.0 20.175 0
042954 25.562 10.0 20.112 0
043025 25.562 10.0 20.175 0
043056 25.562 10.0 20.112 0
043126 25.5 10.0 20.112 0
043157 25.5 10.0 20.112 0
043227 25.5 10.0 20.112 0
043258 25.5 10.0 20.112 0
043329 25.5 10.0 20.112 0
043359 25.5 10.0 20.175 0
043430 25.5 10.0 20.175 0
043500 25.5 10.0 20.112 0
043530 25.5 10.0 20.112 0
043603 25.5 10.0 20.112 0
043633 25.5 10.0 20.112 0
043703 25.5 10.0 20.112 0
043734 25.5 10.0 20.112 0
043804 25.5 10.0 20.112 0
043834 25.5 10.0 20.112 0
043905 25.5 10.0 20.112 0
043935 25.5 10.0 20.175 0
044006 25.5 10.0 20.112 0
044037 25.5 10.0 20.112 0
044107 25.5 10.0 20.112 0
044138 25.5 10.0 20.112 0
044208 25.5 10.0 20.175 0
044239 25.5 10.0 20.175 0
044309 25.5 10.0 20.175 0
044340 25.5 10.0 20.112 0
044410 25.5 10.0 20.112 0
044440 25.5 10.0 20.175 0
044510 25.5 10.0 20.112 0
044541 25.5 10.0 20.175 0
044611 25.5 10.0 20.112 0
044641 25.5 10.0 20.175 0
044711 25.5 10.0 20.175 0
044742 25.5 10.0 20.112 0
044812 25.5 10.0 20.175 0
044842 25.437 10.0 20.112 0
044912 25.437 10.0 20.112 0
044943 25.437 10.0 20.112 0
045014 25.437 10.0 20.175 0
045044 25.437 10.0 20.112 0
045115 25.437 10.0 20.112 0
045145 25.437 10.0 20.112 0
045215 25.437 10.0 20.112 0
045246 25.437 10.0 20.175 0
045316 25.437 10.0 20.112 0
045347 25.437 10.0 20.112 0
045417 25.437 10.0 20.175 0
045447 25.437 10.0 20.112 0
045517 25.437 10.0 20.112 0
045548 25.437 10.0 20.112 0
045618 25.437 10.0 20.175 0
045648 25.437 10.0 20.112 0
045719 25.437 10.0 20.175 0
045749 25.437 10.0 20.175 0
045819 25.437 10.0 20.112 0
045850 25.437 10.0 20.112 0
045920 25.437 10.0 20.112 0
045951 25.437 10.0 20.175 0
050021 25.437 10.0 20.112 0
050052 25.437 10.0 20.112 0
050122 25.437 10.0 20.112 0
050153 25.437 10.0 20.175 0
050223 25.437 10.0 20.112 0
050253 25.437 10.0 20.112 0
050324 25.437 10.0 20.175 0
050354 25.437 10.0 20.112 0
050425 25.437 10.0 20.112 0
050455 25.437 10.0 20.112 0
050526 25.437 10.0 20.175 0
050556 25.437 10.0 20.112 0
050626 25.437 10.0 20.112 0
050657 25.437 10.0 20.112 0
050728 25.437 10.0 20.175 0
050758 25.437 10.0 20.112 0
050828 25.437 10.0 20.112 0
050859 25.437 10.0 20.112 0
050929 25.437 10.0 20.112 0
051000 25.437 10.0 20.112 0
051030 25.437 10.0 20.175 0
051101 25.437 10.0 20.175 0
051131 25.437 10.0 20.175 0
051201 25.437 10.0 20.112 0
051232 25.437 10.0 20.175 0
051302 25.437 10.0 20.112 0
051332 25.437 10.0 20.175 0
051403 25.437 10.0 20.175 0
051433 25.437 10.0 20.175 0
051504 25.437 10.0 20.175 0
051535 25.437 10.0 20.175 0
051605 25.437 10.0 20.175 0
051635 25.437 10.0 20.112 0
051706 25.437 10.0 20.112 0
051736 25.437 10.0 20.175 0
051807 25.437 10.0 20.112 0
051839 25.375 10.0 20.112 0
051910 25.375 10.0 20.112 0
051941 25.375 10.0 20.175 0
052011 25.375 10.0 20.175 0
052042 25.375 10.0 20.175 0
052112 25.375 10.0 20.112 0
052142 25.375 10.0 20.112 0
052213 25.375 10.0 20.175 0
052244 25.375 10.0 20.112 0
052314 25.375 10.0 20.112 0
052344 25.375 10.0 20.112 0
052415 25.375 10.0 20.112 0
052445 25.375 10.0 20.175 0
052515 25.375 10.0 20.175 0
052545 25.375 10.0 20.175 0
052615 25.375 10.0 20.175 0
052646 25.375 10.0 20.175 0
052716 25.375 10.0 20.175 0
052747 25.375 10.0 20.175 0
052817 25.375 10.0 20.112 0
052847 25.375 10.0 20.175 0
052918 25.375 10.0 20.175 0
052948 25.375 10.0 20.112 0
053018 25.375 10.0 20.175 0
053049 25.375 10.0 20.112 0
053119 25.375 10.0 20.175 0
053149 25.375 10.0 20.175 0
053220 25.375 10.0 20.175 0
053250 25.375 10.0 20.112 0
053321 25.375 10.0 20.175 0
053351 25.437 10.0 20.175 0
053422 25.437 10.0 20.175 0
053452 25.437 10.0 20.112 0
053523 25.437 10.0 20.175 0
053553 25.437 10.0 20.175 0
053623 25.375 10.0 20.175 0
053654 25.375 10.0 20.112 0
053725 25.375 10.0 20.175 0
053755 25.375 10.0 20.175 0
053825 25.375 10.0 20.175 0
053856 25.375 10.0 20.112 0
053926 25.375 10.0 20.112 0
053956 25.375 10.0 20.112 0
054027 25.375 10.0 20.175 0
054057 25.375 10.0 20.175 0
054127 25.437 10.0 20.175 0
054157 25.437 10.0 20.175 0
054228 25.437 10.0 20.175 0
054259 25.437 10.0 20.112 0
054329 25.437 10.0 20.175 0
054400 25.375 10.0 20.175 0
054430 25.375 10.0 20.175 0
054501 25.375 10.0 20.175 0
054531 25.375 10.0 20.175 0
054601 25.375 10.0 20.175 0
054632 25.375 10.0 20.175 0
054702 25.375 10.0 20.175 0
054733 25.375 10.0 20.175 0
054803 25.375 10.0 20.175 0
054833 25.375 10.0 20.175 0
054903 25.375 10.0 20.112 0
054934 25.375 10.0 20.112 0
055004 25.375 10.0 20.175 0
055034 25.375 10.0 20.175 0
055104 25.375 10.0 20.175 0
055135 25.375 10.0 20.175 0
055205 25.375 10.0 20.175 0
055236 25.375 10.0 20.175 0
055306 25.375 10.0 20.175 0
055336 25.375 10.0 20.112 0
055406 25.375 10.0 20.112 0
055437 25.375 10.0 20.175 0
055507 25.375 10.0 20.175 0
055538 25.375 10.0 20.175 0
055608 25.375 10.0 20.175 0
055638 25.375 10.0 20.175 0
055709 25.375 10.0 20.175 0
055739 25.375 10.0 20.175 0
055810 25.375 10.0 20.175 0
055840 25.375 10.0 20.175 0
055911 25.375 10.0 20.175 0
055941 25.375 10.0 20.175 0
060012 25.375 10.0 20.175 0
060043 25.375 10.0 20.175 0
060116 25.437 10.0 20.112 0
060146 25.437 10.0 20.175 0
060217 25.437 10.0 20.175 0
060247 25.437 10.0 20.175 0
060317 25.437 10.0 20.175 0
060348 25.375 10.0 20.175 0
060418 25.375 10.0 20.175 0
060449 25.375 10.0 20.175 0
060519 25.375 10.0 20.175 0
060549 25.375 10.0 20.175 0
060619 25.375 10.0 20.175 0
060650 25.375 10.0 20.175 0
060721 25.375 10.0 20.175 0
060751 25.375 10.0 20.175 0
060822 25.375 10.0 20.175 0
060852 25.375 10.0 20.175 0
060922 25.375 10.0 20.175 0
060953 25.375 10.0 20.175 0
061024 25.375 10.0 20.112 0
061054 25.375 10.0 20.175 0
061124 25.437 10.0 20.175 0
061155 25.437 10.0 20.112 0
061225 25.437 10.0 20.175 0
061256 25.437 10.0 20.175 0
061326 25.437 10.0 20.175 0
061356 25.375 10.0 20.175 0
061426 25.375 10.0 20.175 0
061457 25.375 10.0 20.175 0
061527 25.375 10.0 20.175 0
061557 25.375 10.0 20.175 0
061627 25.437 10.0 20.175 0
061658 25.437 10.0 20.175 0
061729 25.437 10.0 20.175 0
061759 25.437 10.0 20.175 0
061829 25.437 10.0 20.175 0
061859 25.5 10.0 20.112 0
061929 25.5 10.0 20.175 0
062000 25.5 10.0 20.175 0
062030 25.5 10.0 20.175 0
062100 25.5 10.0 20.175 0
062130 25.5 10.0 20.175 0
062201 25.5 10.0 20.175 0
062231 25.5 10.0 20.175 0
062302 25.5 10.0 20.175 0
062333 25.5 10.0 20.175 0
062403 25.5 10.0 20.175 0
062434 25.5 10.0 20.175 0
062504 25.5 10.0 20.175 0
062534 25.5 10.0 20.175 0
062604 25.5 10.0 20.175 0
062635 25.5 10.0 20.175 0
062706 25.5 10.0 20.175 0
062737 25.5 10.0 20.175 0
062807 25.5 10.0 20.175 0
062837 25.5 10.0 20.175 0
062907 25.5 10.0 20.175 0
062938 25.5 10.0 20.175 0
063009 25.5 10.0 20.175 0
063039 25.5 10.0 20.175 0
063109 25.5 10.0 20.175 0
063139 25.562 10.0 20.175 0
063209 25.562 10.0 20.175 0
063240 25.562 10.0 20.175 0
063310 25.562 10.0 20.175 0
063340 25.562 10.0 20.175 0
063410 25.5 10.0 20.175 0
063440 25.5 10.0 20.175 0
063510 25.5 10.0 20.175 0
063540 25.5 10.0 20.175 0
063611 25.5 10.0 20.175 0
063641 25.5 10.0 20.175 0
063711 25.5 10.0 20.175 0
063741 25.5 10.0 20.175 0
063812 25.5 10.0 20.112 0
063842 25.5 10.0 20.175 0
063913 25.5 10.0 20.175 0
063943 25.5 10.0 20.175 0
064014 25.5 10.0 20.175 0
064045 25.5 10.0 20.175 0
064115 25.5 10.0 20.175 0
064145 25.5 10.0 20.175 0
064216 25.5 10.0 20.175 0
064246 25.5 10.0 20.175 0
064317 25.5 10.0 20.175 0
064347 25.5 10.0 20.175 0
064417 25.437 10.0 20.112 0
064448 25.437 10.0 20.175 0
064518 25.437 10.0 20.175 0
064548 25.437 10.0 20.175 0
064619 25.437 10.0 20.175 0
064649 25.437 10.0 20.175 0
064719 25.437 10.0 20.175 0
064750 25.437 10.0 20.175 0
064820 25.437 10.0 20.175 0
064852 25.437 10.0 20.175 0
064922 25.437 10.0 20.175 0
064953 25.437 10.0 20.175 0
065023 25.437 10.0 20.175 0
065053 25.437 10.0 20.175 0
065123 25.437 10.0 20.175 0
065154 25.437 10.0 20.175 0
065224 25.437 10.0 20.175 0
065254 25.437 10.0 20.175 0
065325 25.437 10.0 20.175 0
065355 25.437 10.0 20.175 0
065425 25.437 10.0 20.175 0
065455 25.437 10.0 20.175 0
065526 25.437 10.0 20.175 0
065556 25.437 10.0 20.175 0
065627 25.437 10.0 20.175 0
065657 25.437 10.0 20.175 0
065728 25.437 10.0 20.175 0
065758 25.437 10.0 20.175 0
065829 25.437 10.0 20.175 0
065859 25.375 10.0 20.175 0
065929 25.375 10.0 20.175 0
070000 25.375 10.0 20.175 0
070030 25.375 10.0 20.175 0
070101 25.375 10.0 20.175 0
070131 25.25 10.0 20.175 0
070202 25.25 10.0 20.175 0
070232 25.25 10.0 20.175 0
070302 25.25 10.0 20.175 0
070333 25.25 10.0 20.175 0
070403 25.125 10.0 20.175 0
070434 25.125 10.0 20.175 0
070504 25.125 10.0 20.175 0
070534 25.125 10.0 20.175 0
070604 25.125 10.0 20.175 0
070635 24.875 10.0 20.175 0
070705 24.875 10.0 20.175 0
070735 24.875 10.0 20.175 0
070805 24.875 10.0 20.175 0
070835 24.875 10.0 20.175 0
070906 24.687 10.0 20.175 0
070936 24.687 10.0 20.175 0
071007 24.687 10.0 20.175 0
071037 24.687 10.0 20.175 0
071108 24.687 10.0 20.175 0
071138 24.25 10.0 20.175 0
071209 24.25 10.0 20.175 0
071239 24.25 10.0 20.175 0
071309 24.25 10.0 20.175 0
071340 24.25 10.0 20.175 0
071410 24.062 10.0 20.175 0
071440 24.062 10.0 20.175 0
071511 24.062 10.0 20.175 0
071541 24.062 10.0 20.175 0
071612 24.062 10.0 20.175 0
071642 24.187 10.0 20.175 0
071713 24.187 10.0 20.175 0
071744 24.187 10.0 20.175 0
071814 24.187 10.0 20.175 0
071845 24.187 10.0 20.175 0
071916 24.125 10.0 20.175 0
071946 24.125 10.0 20.175 0
072017 24.125 10.0 20.175 0
072047 24.125 10.0 20.175 0
072118 24.125 10.0 20.175 0
072148 23.937 10.0 20.175 0
072218 23.937 10.0 20.175 0
072249 23.937 10.0 20.175 0
072319 23.937 10.0 20.175 0
072350 23.937 10.0 20.175 0
072420 24.125 10.0 20.175 0
072451 24.125 10.0 20.175 0
072522 24.125 10.0 20.175 0
072552 24.125 10.0 20.175 0
072622 24.125 10.0 20.175 0
072653 24.187 10.0 20.175 0
072723 24.187 10.0 20.175 0
072753 24.187 10.0 20.175 0
072824 24.187 10.0 20.175 0
072855 24.187 10.0 20.175 0
072925 24.062 10.0 20.175 0
072956 24.062 10.0 20.175 0
073027 24.062 10.0 20.175 0
073057 24.062 10.0 20.175 0
073129 24.25 10.0 20.175 0
073159 24.25 10.0 20.175 0
073230 24.25 10.0 20.175 0
073301 24.25 10.0 20.175 0
073331 24.25 10.0 20.175 0
073401 24.312 10.0 20.175 0
073431 24.312 10.0 20.175 0
073501 24.312 10.0 20.175 0
073532 24.312 10.0 20.175 0
073602 24.312 10.0 20.175 0
073632 24.375 10.0 20.175 0
073703 24.375 10.0 20.175 0
073734 24.375 10.0 20.175 0
073804 24.375 10.0 20.175 0
073835 24.375 10.0 20.175 0
073905 24.375 10.0 20.175 0
073936 24.375 10.0 20.175 0
074006 24.375 10.0 20.175 0
074036 24.375 10.0 20.175 0
074107 24.375 10.0 20.175 0
074137 24.375 10.0 20.175 0
074208 24.375 10.0 20.175 0
074239 24.375 10.0 20.175 0
074310 24.375 10.0 20.175 0
074340 24.375 10.0 20.175 0
074411 24.437 10.0 20.175 0
074441 24.437 10.0 20.175 0
074511 24.437 10.0 20.175 0
074542 24.437 10.0 20.175 0
074613 24.437 10.0 20.112 0
074643 24.562 10.0 20.175 0
074714 24.562 10.0 20.175 0
074744 24.562 10.0 20.175 0
074815 24.562 10.0 20.175 0
074846 24.562 10.0 20.175 0
074917 24.562 10.0 20.175 0
074947 24.562 10.0 20.175 0
075018 24.562 10.0 20.175 0
075048 24.562 10.0 20.175 0
075118 24.562 10.0 20.175 0
075149 24.625 10.0 20.175 0
075219 24.625 10.0 20.175 0
075249 24.625 10.0 20.175 0
075320 24.625 10.0 20.175 0
075350 24.625 10.0 20.175 0
075420 24.625 10.0 20.175 0
075451 24.625 10.0 20.175 0
075521 24.625 10.0 20.175 0
075552 24.625 10.0 20.175 0
075623 24.625 10.0 20.175 0
075653 24.687 10.0 20.175 0
075723 24.687 10.0 20.175 0
075754 24.687 10.0 20.175 0
075824 24.687 10.0 20.175 0
075855 24.687 10.0 20.175 0
075925 24.687 10.0 20.175 0
075956 24.687 10.0 20.175 0
080026 24.687 10.0 20.175 0
080056 24.687 10.0 20.175 0
080127 24.687 10.0 20.175 0
080157 24.687 10.0 20.175 0
080228 24.687 10.0 20.175 0
080258 24.687 10.0 20.175 0
080329 24.687 10.0 20.175 0
080359 24.687 10.0 20.175 0
080429 24.687 10.0 20.175 0
080459 24.687 10.0 20.175 0
080529 24.687 10.0 20.175 0
080600 24.687 10.0 20.175 0
080630 24.687 10.0 20.175 0
080701 24.687 10.0 20.175 0
080731 24.687 10.0 20.175 0
080802 24.687 10.0 20.175 0
080832 24.687 10.0 20.175 0
080904 24.687 10.0 20.175 0
080934 24.687 10.0 20.175 0
081004 24.687 10.0 20.175 0
081034 24.687 10.0 20.175 0
081105 24.687 10.0 20.175 0
081135 24.687 10.0 20.175 0
081206 24.687 10.0 20.175 0
081236 24.687 10.0 20.175 0
081306 24.687 10.0 20.175 0
081337 24.687 10.0 20.175 0
081407 24.687 10.0 20.175 0
081438 24.687 10.0 20.175 0
081508 24.687 10.0 20.175 0
081539 24.687 10.0 20.175 0
081609 24.687 10.0 20.175 0
081639 24.75 10.0 20.175 0
081710 24.75 10.0 20.175 0
081741 24.75 10.0 20.175 0
081812 24.75 10.0 20.175 0
081842 24.75 10.0 20.175 0
081912 24.75 10.0 20.175 0
081942 24.75 10.0 20.175 0
082012 24.75 10.0 20.175 0
082043 24.75 10.0 20.175 0
082113 24.75 10.0 20.175 0
082143 24.75 10.0 20.175 0
082214 24.75 10.0 20.175 0
082244 24.75 10.0 20.175 0
082314 24.75 10.0 20.175 0
082345 24.75 10.0 20.175 0
082415 24.75 10.0 20.175 0
082446 24.75 10.0 20.175 0
082516 24.75 10.0 20.175 0
082547 24.75 10.0 20.175 0
082618 24.75 10.0 20.175 0
082648 24.75 10.0 20.175 0
082719 24.75 10.0 20.175 0
082749 24.75 10.0 20.175 0
082820 24.75 10.0 20.175 0
082850 24.75 10.0 20.175 0
082920 24.75 10.0 20.175 0
082951 24.75 10.0 20.175 0
083021 24.75 10.0 20.175 0
083052 24.75 10.0 20.175 0
083122 24.75 10.0 20.175 0
083153 24.812 10.0 20.175 0
083223 24.812 10.0 20.175 0
083254 24.812 10.0 20.175 0
083324 24.812 10.0 20.175 0
083355 24.812 10.0 20.175 0
083426 24.812 10.0 20.175 0
083457 24.812 10.0 20.175 0
083527 24.812 10.0 20.175 0
083558 24.812 10.0 20.175 0
083628 24.812 10.0 20.175 0
083658 24.875 10.0 20.175 0
083729 24.875 10.0 20.175 0
083800 24.875 10.0 20.175 0
083830 24.875 10.0 20.175 0
083901 24.875 10.0 20.175 0
083931 24.875 10.0 20.175 0
084002 24.875 10.0 20.175 0
084032 24.875 10.0 20.175 0
084102 24.875 10.0 20.175 0
084133 24.875 10.0 20.175 0
084203 24.875 10.0 20.175 0
084233 24.875 10.0 20.175 0
084303 24.875 10.0 20.175 0
084334 24.875 10.0 20.175 0
084404 24.875 10.0 20.175 0
084435 24.875 10.0 20.175 0
084505 24.875 10.0 20.175 0
084535 24.875 10.0 20.175 0
084606 24.875 10.0 20.175 0
084639 24.937 10.0 20.175 0
084709 24.937 10.0 20.175 0
084739 24.937 10.0 20.175 0
084809 24.937 10.0 20.175 0
084840 24.937 10.0 20.175 0
084910 24.937 10.0 20.175 0
084941 24.937 10.0 20.175 0
085011 24.937 10.0 20.175 0
085041 24.937 10.0 20.175 0
085111 24.937 10.0 20.175 0
085142 24.875 10.0 20.175 0
085212 24.875 10.0 20.175 0
085242 24.875 10.0 20.175 0
085313 24.875 10.0 20.175 0
085343 24.875 10.0 20.175 0
085414 24.875 10.0 20.175 0
085444 24.875 10.0 20.175 0
085514 24.875 10.0 20.175 0
085545 24.875 10.0 20.175 0
085615 24.875 10.0 20.175 0
085645 24.875 10.0 20.175 0
085715 24.875 10.0 20.175 0
085746 24.875 10.0 20.175 0
085816 24.875 10.0 20.175 0
085847 24.875 10.0 20.175 0
085918 24.875 10.0 20.175 0
085948 24.875 10.0 20.175 0
090018 24.875 10.0 20.175 0
090048 24.875 10.0 20.175 0
090119 24.875 10.0 20.175 0
090149 24.875 10.0 20.175 0
090219 24.875 10.0 20.175 0
090250 24.875 10.0 20.175 0
090320 24.875 10.0 20.175 0
090350 24.875 10.0 20.175 0
090421 24.937 10.0 20.175 0
090451 24.937 10.0 20.175 0
090521 24.937 10.0 20.175 0
090551 24.937 10.0 20.175 0
090621 24.937 10.0 20.175 0
090652 24.875 10.0 20.175 0
090723 24.875 10.0 20.175 0
090753 24.875 10.0 20.175 0
090824 24.875 10.0 20.175 0
090854 24.875 10.0 20.175 0
090925 24.875 10.0 20.175 0
090955 24.875 10.0 20.175 0
091026 24.875 10.0 20.175 0
091056 24.875 10.0 20.175 0
091126 24.875 10.0 20.175 0
091157 24.937 10.0 20.175 0
091227 24.937 10.0 20.175 0
091257 24.937 10.0 20.175 0
091327 24.937 10.0 20.175 0
091358 24.937 10.0 20.175 0
091428 25.0 10.0 20.175 0
091458 25.0 10.0 20.175 0
091528 25.0 10.0 20.175 0
091558 25.0 10.0 20.175 0
091629 25.0 10.0 20.175 0
091659 24.937 10.0 20.175 0
091729 24.937 10.0 20.175 0
091800 24.937 10.0 20.175 0
091831 24.937 10.0 20.175 0
091901 24.937 10.0 20.175 0
091931 24.937 10.0 20.175 0
092001 24.937 10.0 20.175 0
092032 24.937 10.0 20.175 0
092102 24.937 10.0 20.175 0
092132 24.937 10.0 20.175 0
092202 24.875 10.0 20.175 0
092233 24.875 10.0 20.175 0
092304 24.875 10.0 20.175 0
092334 24.875 10.0 20.175 0
092405 24.875 10.0 20.175 0
092435 24.75 10.0 20.175 0
092505 24.75 10.0 20.175 0
092536 24.75 10.0 20.175 0
092606 24.75 10.0 20.175 0
092636 24.75 10.0 20.175 0
092707 24.812 10.0 20.175 0
092738 24.812 10.0 20.175 0
092809 24.812 10.0 20.175 0
092839 24.812 10.0 20.175 0
092909 24.812 10.0 20.175 0
092940 24.812 10.0 20.175 0
093010 24.812 10.0 20.175 0
093041 24.812 10.0 20.175 0
093112 24.812 10.0 20.175 0
093145 24.812 10.0 20.175 0
093216 24.812 10.0 20.175 0
093246 24.812 10.0 20.175 0
093316 24.812 10.0 20.175 0
093347 24.812 10.0 20.175 0
093417 24.812 10.0 20.175 0
093447 24.812 10.0 20.175 0
093517 24.812 10.0 20.175 0
093548 24.812 10.0 20.175 0
093618 24.812 10.0 20.175 0
093649 24.812 10.0 20.175 0
093719 24.812 10.0 20.175 0
093749 24.812 10.0 20.175 0
093820 24.812 10.0 20.175 0
093850 24.812 10.0 20.175 0
093920 24.875 10.0 20.175 0
093950 24.875 10.0 20.175 0
094021 24.875 10.0 20.175 0
094051 24.875 10.0 20.175 0
094121 24.875 10.0 20.175 0
094152 24.875 10.0 20.175 0
094222 24.875 10.0 20.175 0
094253 24.875 10.0 20.175 0
094323 24.875 10.0 20.175 0
094353 24.875 10.0 20.175 0
094424 24.937 10.0 20.175 0
094454 24.937 10.0 20.175 0
094524 24.937 10.0 20.175 0
094554 24.937 10.0 20.175 0
094625 24.937 10.0 20.175 0
094655 24.937 10.0 20.175 0
094725 24.937 10.0 20.175 0
094756 24.937 10.0 20.175 0
094827 24.937 10.0 20.175 0
094857 24.937 10.0 20.175 0
094927 24.937 10.0 20.175 0
094958 24.937 10.0 20.175 0
095028 24.937 10.0 20.175 0
095058 24.937 10.0 20.175 0
095129 24.937 10.0 20.175 0
095159 24.937 10.0 20.175 0
095231 24.937 10.0 20.175 0
095301 24.937 10.0 20.175 0
095332 24.937 10.0 20.175 0
095402 24.937 10.0 20.175 0
095432 24.937 10.0 20.175 0
095503 24.937 10.0 20.175 0
095533 24.937 10.0 20.175 0
095603 24.937 10.0 20.175 0
095633 24.937 10.0 20.175 0
095704 25.0 10.0 20.175 0
095734 25.0 10.0 20.175 0
095805 25.0 10.0 20.175 0
095835 25.0 10.0 20.175 0
095905 25.0 10.0 20.175 0
095935 24.937 10.0 20.175 0
100006 24.937 10.0 20.175 0
100036 24.937 10.0 20.175 0
100106 24.937 10.0 20.175 0
100137 24.937 10.0 20.175 0
100207 24.937 10.0 20.175 0
100238 24.937 10.0 20.175 0
100308 24.937 10.0 20.175 0
100338 24.937 10.0 20.175 0
100409 24.937 10.0 20.175 0
100439 24.937 10.0 20.175 0
100509 24.937 10.0 20.175 0
100540 24.937 10.0 20.175 0
100610 24.937 10.0 20.175 0
100640 24.937 10.0 20.175 0
100711 24.812 10.0 20.175 0
100742 24.812 10.0 20.175 0
100812 24.812 10.0 20.175 0
100842 24.812 10.0 20.175 0
100913 24.812 10.0 20.175 0
100944 24.75 10.0 20.175 0
101014 24.75 10.0 20.175 0
101044 24.75 10.0 20.175 0
101115 24.75 10.0 20.175 0
101146 24.75 10.0 20.175 0
101216 24.5 10.0 20.175 0
101246 24.5 10.0 20.175 0
101316 24.5 10.0 20.175 0
101346 24.5 10.0 20.175 0
101419 24.562 10.0 20.175 0
101449 24.562 10.0 20.175 0
101519 24.562 10.0 20.175 0
101550 24.562 10.0 20.175 0
101621 24.562 10.0 20.175 0
101651 24.5 10.0 20.175 0
101722 24.5 10.0 20.175 0
101752 24.5 10.0 20.175 0
101823 24.5 10.0 20.175 0
101853 24.5 10.0 20.175 0
101923 24.625 10.0 20.175 0
101954 24.625 10.0 20.175 0
102024 24.625 10.0 20.175 0
102055 24.625 10.0 20.175 0
102125 24.625 10.0 20.175 0
102155 24.562 10.0 20.175 0
102226 24.562 10.0 20.175 0
102257 24.562 10.0 20.175 0
102327 24.562 10.0 20.175 0
102357 24.562 10.0 20.175 0
102428 24.562 10.0 20.175 0
102458 24.562 10.0 20.175 0
102528 24.562 10.0 20.175 0
102559 24.562 10.0 20.175 0
102630 24.562 10.0 20.175 0
102700 24.5 10.0 20.175 0
102730 24.5 10.0 20.175 0
102800 24.5 10.0 20.175 0
102831 24.5 10.0 20.175 0
102902 24.5 10.0 20.175 0
102932 24.437 10.0 20.175 0
103003 24.437 10.0 20.175 0
103033 24.437 10.0 20.175 0
103104 24.437 10.0 20.175 0
103134 24.437 10.0 20.175 0
103205 24.375 10.0 20.175 0
103236 24.375 10.0 20.175 0
103306 24.375 10.0 20.175 0
103336 24.375 10.0 20.175 0
103406 24.375 10.0 20.175 0
103437 24.375 10.0 20.175 0
103507 24.375 10.0 20.175 0
103537 24.375 10.0 20.175 0
103607 24.375 10.0 20.175 0
103638 24.375 10.0 20.175 0
103708 24.312 10.0 20.175 0
103738 24.312 10.0 20.175 0
103808 24.312 10.0 20.175 0
103839 24.312 10.0 20.175 0
103909 24.312 10.0 20.175 0
103939 24.375 10.0 20.175 0
104009 24.375 10.0 20.175 0
104040 24.375 10.0 20.175 0
104110 24.375 10.0 20.175 0
104140 24.375 10.0 20.175 0
104210 24.437 10.0 20.175 0
104240 24.437 10.0 20.175 0
104311 24.437 10.0 20.175 0
104342 24.437 10.0 20.175 0
104412 24.437 10.0 20.175 0
104443 24.437 10.0 20.175 0
104513 24.437 10.0 20.175 0
104544 24.437 10.0 20.175 0
104615 24.437 10.0 20.175 0
104645 24.437 10.0 20.175 0
104716 24.437 10.0 20.175 0
104747 24.437 10.0 20.175 0
104818 24.437 10.0 20.175 0
104848 24.437 10.0 20.175 0
104918 24.437 10.0 20.175 0
104948 24.5 10.0 20.175 0
105019 24.5 10.0 20.175 0
105050 24.5 10.0 20.175 0
105120 24.5 10.0 20.175 0
105151 24.5 10.0 20.175 0
105221 24.5 10.0 20.175 0
105252 24.5 10.0 20.175 0
105322 24.5 10.0 20.175 0
105353 24.5 10.0 20.175 0
105425 24.5 10.0 20.175 0
105455 24.5 10.0 20.175 0
105526 24.5 10.0 20.175 0
105556 24.5 10.0 20.175 0
105627 24.5 10.0 20.175 0
105657 24.562 10.0 20.175 0
105728 24.562 10.0 20.175 0
105758 24.562 10.0 20.175 0
105828 24.562 10.0 20.175 0
105859 24.562 10.0 20.175 0
105930 24.625 10.0 20.175 0
110000 24.625 10.0 20.175 0
110031 24.625 10.0 20.175 0
110102 24.625 10.0 20.175 0
110132 24.625 10.0 20.175 0
110202 24.625 10.0 20.175 0
110232 24.625 10.0 20.175 0
110302 24.625 10.0 20.175 0
110333 24.625 10.0 20.175 0
110403 24.625 10.0 20.175 0
110433 24.687 10.0 20.175 0
110504 24.687 10.0 20.175 0
110534 24.687 10.0 20.175 0
110604 24.687 10.0 20.175 0
110635 24.687 10.0 20.175 0
110705 24.687 10.0 20.175 0
110735 24.687 10.0 20.175 0
110805 24.687 10.0 20.175 0
110836 24.687 10.0 20.175 0
110906 24.687 10.0 20.175 0
110936 24.625 10.0 20.175 0
111006 24.625 10.0 20.175 0
111037 24.625 10.0 20.175 0
111107 24.625 10.0 20.175 0
111138 24.625 10.0 20.175 0
111208 24.687 10.0 20.175 0
111238 24.687 10.0 20.175 0
111308 24.687 10.0 20.175 0
111339 24.687 10.0 20.175 0
111409 24.687 10.0 20.175 0
111439 24.687 10.0 20.175 0
111510 24.687 10.0 20.175 0
111541 24.687 10.0 20.175 0
111612 24.687 10.0 20.175 0
111642 24.687 10.0 20.175 0
111713 24.75 10.0 20.175 0
111743 24.75 10.0 20.175 0
111814 24.75 10.0 20.175 0
111844 24.75 10.0 20.175 0
111914 24.75 10.0 20.175 0
111944 24.812 10.0 20.175 0
112014 24.812 10.0 20.175 0
112045 24.812 10.0 20.175 0
112115 24.812 10.0 20.175 0
112145 24.812 10.0 20.175 0
112215 24.75 10.0 20.175 0
112246 24.75 10.0 20.175 0
112317 24.75 10.0 20.175 0
112347 24.75 10.0 20.175 0
112418 24.75 10.0 20.175 0
112448 24.812 10.0 20.175 0
112518 24.812 10.0 20.175 0
112549 24.812 10.0 20.175 0
112619 24.812 10.0 20.175 0
112649 24.812 10.0 20.175 0
112720 24.812 10.0 20.175 0
112750 24.812 10.0 20.175 0
112820 24.812 10.0 20.175 0
112851 24.812 10.0 20.175 0
112921 24.812 10.0 20.175 0
112951 24.812 10.0 20.175 0
113022 24.812 10.0 20.175 0
113052 24.812 10.0 20.175 0
113123 24.812 10.0 20.175 0
113153 24.812 10.0 20.175 0
113223 24.812 10.0 20.175 0
113254 24.812 10.0 20.175 0
113324 24.812 10.0 20.175 0
113354 24.812 10.0 20.175 0
113425 24.812 10.0 20.175 0
113455 24.812 10.0 20.175 0
113525 24.812 10.0 20.175 0
113555 24.812 10.0 20.175 0
113625 24.812 10.0 20.175 0
113656 24.812 10.0 20.175 0
113726 24.812 10.0 20.175 0
113756 24.812 10.0 20.175 0
113827 24.812 10.0 20.175 0
113857 24.812 10.0 20.175 0
113927 24.812 10.0 20.175 0
113957 24.75 10.0 20.175 0
114027 24.75 10.0 20.175 0
114058 24.75 10.0 20.175 0
114128 24.75 10.0 20.175 0
114158 24.75 10.0 20.175 0
114229 24.75 10.0 20.175 0
114259 24.75 10.0 20.175 0
114330 24.75 10.0 20.175 0
114401 24.75 10.0 20.175 0
114432 24.812 10.0 20.175 0
114502 24.812 10.0 20.175 0
114532 24.812 10.0 20.175 0
114602 24.812 10.0 20.175 0
114633 24.812 10.0 20.175 0
114704 24.812 10.0 20.175 0
114734 24.812 10.0 20.175 0
114805 24.812 10.0 20.175 0
114835 24.812 10.0 20.175 0
114906 24.812 10.0 20.175 0
114936 24.75 10.0 20.175 0
115006 24.75 10.0 20.175 0
115037 24.75 10.0 20.175 0
115107 24.75 10.0 20.175 0
115137 24.75 10.0 20.175 0
115208 24.625 10.0 20.175 0
115238 24.625 10.0 20.175 0
115309 24.625 10.0 20.175 0
115339 24.625 10.0 20.175 0
115410 24.625 10.0 20.175 0
115441 24.625 10.0 20.175 0
115511 24.625 10.0 20.175 0
115541 24.625 10.0 20.175 0
115611 24.625 10.0 20.175 0
115642 24.625 10.0 20.175 0
115712 24.625 10.0 20.175 0
115743 24.625 10.0 20.175 0
115813 24.625 10.0 20.175 0
115844 24.625 10.0 20.175 0
115914 24.625 10.0 20.175 0
115944 24.562 10.0 20.175 0
120015 24.562 10.0 20.175 0
120045 24.562 10.0 20.175 0
120115 24.562 10.0 20.175 0
120146 24.562 10.0 20.175 0
120216 24.562 10.0 20.175 0
120246 24.562 10.0 20.175 0
120317 24.562 10.0 20.175 0
120347 24.562 10.0 20.175 0
120418 24.562 10.0 20.175 0
120448 24.625 10.0 20.175 0
120518 24.625 10.0 20.175 0
120548 24.625 10.0 20.175 0
120619 24.625 10.0 20.175 0
120649 24.625 10.0 20.175 0
120719 24.75 10.0 20.175 0
120750 24.75 10.0 20.175 0
120820 24.75 10.0 20.175 0
120851 24.75 10.0 20.175 0
120922 24.75 10.0 20.175 0
120952 24.75 10.0 20.175 0
121023 24.75 10.0 20.175 0
121053 24.75 10.0 20.175 0
121123 24.75 10.0 20.175 0
121154 24.75 10.0 20.175 0
121225 24.875 10.0 20.175 0
121255 24.875 10.0 20.175 0
121326 24.875 10.0 20.175 0
121356 24.875 10.0 20.175 0
121426 24.875 10.0 20.175 0
121457 24.875 10.0 20.175 0
121527 24.875 10.0 20.175 0
121558 24.875 10.0 20.175 0
121628 24.875 10.0 20.175 0
121659 24.875 10.0 20.175 0
121729 24.937 10.0 20.175 0
121759 24.937 10.0 20.175 0
121829 24.937 10.0 20.175 0
121900 24.937 10.0 20.175 0
121930 24.937 10.0 20.175 0
122001 24.937 10.0 20.175 0
122031 24.937 10.0 20.175 0
122102 24.937 10.0 20.175 0
122132 24.937 10.0 20.175 0
122203 24.937 10.0 20.175 0
122234 24.937 10.0 20.175 0
122304 24.937 10.0 20.175 0
122335 24.937 10.0 20.175 0
122405 24.937 10.0 20.175 0
122436 24.937 10.0 20.175 0
122506 24.875 10.0 20.175 0
122536 24.875 10.0 20.175 0
122606 24.875 10.0 20.175 0
122637 24.875 10.0 20.175 0
122709 24.875 10.0 20.175 0
122740 24.875 10.0 20.175 0
122811 24.875 10.0 20.175 0
122841 24.875 10.0 20.175 0
122911 24.875 10.0 20.175 0
122941 24.937 10.0 20.175 0
123012 24.937 10.0 20.175 0
123042 24.937 10.0 20.175 0
123112 24.937 10.0 20.175 0
123142 24.937 10.0 20.175 0
123213 24.937 10.0 20.175 0
123243 24.937 10.0 20.175 0
123313 24.937 10.0 20.175 0
123343 24.937 10.0 20.175 0
123414 24.937 10.0 20.175 0
123444 25.0 10.0 20.175 0
123515 25.0 10.0 20.175 0
123546 25.0 10.0 20.175 0
123616 25.0 10.0 20.175 0
123646 25.0 10.0 20.175 0
123717 25.0 10.0 20.175 0
123748 25.0 10.0 20.175 0
123818 25.0 10.0 20.175 0
123849 25.0 10.0 20.175 0
123919 25.0 10.0 20.175 0
123950 25.062 10.0 20.175 0
124020 25.062 10.0 20.175 0
124051 25.062 10.0 20.175 0
124122 25.062 10.0 20.175 0
124152 25.062 10.0 20.175 0
124223 25.062 10.0 20.175 0
124253 25.062 10.0 20.175 0
124323 25.062 10.0 20.175 0
124353 25.062 10.0 20.175 0
124423 25.062 10.0 20.175 0
124454 25.0 10.0 20.175 0
124524 25.0 10.0 20.175 0
124555 25.0 10.0 20.175 0
124625 25.0 10.0 20.175 0
124656 25.0 10.0 20.175 0
124726 25.062 10.0 20.175 0
124756 25.062 10.0 20.175 0
124827 25.062 10.0 20.175 0
124858 25.062 10.0 20.175 0
124928 25.062 10.0 20.175 0
124959 25.062 10.0 20.175 0
125029 25.062 10.0 20.175 0
125100 25.062 10.0 20.175 0
125131 25.062 10.0 20.175 0
125201 25.062 10.0 20.175 0
125232 25.0 10.0 20.175 0
125302 25.0 10.0 20.175 0
125333 25.0 10.0 20.175 0
125403 25.0 10.0 20.175 0
125434 25.0 10.0 20.175 0
125504 25.062 10.0 20.175 0
125535 25.062 10.0 20.175 0
125606 25.062 10.0 20.175 0
125636 25.062 10.0 20.175 0
125707 25.062 10.0 20.175 0
125737 25.125 10.0 20.175 0
125808 25.125 10.0 20.175 0
125839 25.125 10.0 20.175 0
125909 25.125 10.0 20.175 0
125940 25.125 10.0 20.175 0
130010 25.125 10.0 20.175 0
130040 25.125 10.0 20.175 0
130111 25.125 10.0 20.175 0
130141 25.125 10.0 20.175 0
130211 25.125 10.0 20.175 0
130242 25.125 10.0 20.175 0
130312 25.125 10.0 20.175 0
130343 25.125 10.0 20.175 0
130413 25.125 10.0 20.175 0
130445 25.062 10.0 20.175 0
130515 25.062 10.0 20.175 0
130545 25.062 10.0 20.175 0
130616 25.062 10.0 20.175 0
130646 25.062 10.0 20.175 0
130716 25.125 10.0 20.175 0
130747 25.125 10.0 20.175 0
130818 25.125 10.0 20.175 0
130849 25.125 10.0 20.175 0
130919 25.125 10.0 20.175 0
130950 25.0 10.0 20.175 0
131021 25.0 10.0 20.175 0
131051 25.0 10.0 20.175 0
131122 25.0 10.0 20.175 0
131152 25.0 10.0 20.175 0
131223 24.937 10.0 20.175 0
131254 24.937 10.0 20.175 0
131324 24.937 10.0 20.175 0
131355 24.937 10.0 20.175 0
131425 24.937 10.0 20.175 0
131455 25.0 10.0 20.175 0
131526 25.0 10.0 20.175 0
131556 25.0 10.0 20.175 0
131627 25.0 10.0 20.175 0
131657 25.0 10.0 20.175 0
131727 25.0 10.0 20.175 0
131758 25.0 10.0 20.175 0
131829 25.0 10.0 20.175 0
131859 25.0 10.0 20.175 0
131929 25.0 10.0 20.175 0
131959 25.062 10.0 20.175 0
132030 25.062 10.0 20.175 0
132101 25.062 10.0 20.175 0
132132 25.062 10.0 20.175 0
132202 25.062 10.0 20.175 0
132232 25.062 10.0 20.175 0
132303 25.062 10.0 20.175 0
132334 25.062 10.0 20.175 0
132404 25.062 10.0 20.175 0
132435 25.062 10.0 20.175 0
132506 25.125 10.0 20.175 0
132536 25.125 10.0 20.175 0
132607 25.125 10.0 20.175 0
132637 25.125 10.0 20.175 0
132708 25.125 10.0 20.175 0
132738 25.0 10.0 20.175 0
132809 25.0 10.0 20.175 0
132839 25.0 10.0 20.175 0
132909 25.0 10.0 20.175 0
132940 25.0 10.0 20.175 0
133010 25.0 10.0 20.175 0
133040 25.0 10.0 20.175 0
133111 25.0 10.0 20.175 0
133141 25.0 10.0 20.175 0
133211 25.0 10.0 20.175 0
133241 25.062 10.0 20.175 0
133312 25.062 10.0 20.175 0
133342 25.062 10.0 20.175 0
133413 25.062 10.0 20.175 0
133443 25.062 10.0 20.175 0
133513 25.062 10.0 20.175 0
133543 25.062 10.0 20.175 0
133614 25.062 10.0 20.175 0
133644 25.062 10.0 20.175 0
133714 25.062 10.0 20.175 0
133745 25.125 10.0 20.175 0
133815 25.125 10.0 20.175 0
133846 25.125 10.0 20.175 0
133917 25.125 10.0 20.175 0
133947 25.125 10.0 20.175 0
134018 25.187 10.0 20.175 0
134048 25.187 10.0 20.175 0
134119 25.187 10.0 20.175 0
134149 25.187 10.0 20.175 0
134221 25.187 10.0 20.175 0
134251 25.187 10.0 20.175 0
134322 25.187 10.0 20.175 0
134352 25.187 10.0 20.175 0
134422 25.187 10.0 20.175 0
134453 25.187 10.0 20.175 0
134524 25.187 10.0 20.175 0
134554 25.187 10.0 20.175 0
134625 25.187 10.0 20.175 0
134655 25.187 10.0 20.175 0
134725 25.187 10.0 20.175 0
134756 25.187 10.0 20.175 0
134826 25.187 10.0 20.175 0
134857 25.187 10.0 20.175 0
134927 25.187 10.0 20.175 0
134957 25.125 10.0 20.175 0
135028 25.125 10.0 20.175 0
135058 25.125 10.0 20.175 0
135128 25.125 10.0 20.175 0
135159 25.125 10.0 20.175 0
135229 25.125 10.0 20.175 0
135300 25.125 10.0 20.175 0
135330 25.125 10.0 20.175 0
135400 25.125 10.0 20.175 0
135430 25.125 10.0 20.175 0
135501 25.187 10.0 20.175 0
135531 25.187 10.0 20.175 0
135601 25.187 10.0 20.175 0
135632 25.187 10.0 20.175 0
135702 25.187 10.0 20.175 0
135732 25.125 10.0 20.175 0
135803 25.125 10.0 20.175 0
135833 25.125 10.0 20.175 0
135903 25.125 10.0 20.175 0
135933 25.125 10.0 20.175 0
140003 25.125 10.0 20.175 0
140033 25.125 10.0 20.175 0
140104 25.125 10.0 20.175 0
140134 25.125 10.0 20.175 0
140204 25.125 10.0 20.175 0
140235 25.125 10.0 20.175 0
140305 25.125 10.0 20.175 0
140335 25.125 10.0 20.175 0
140406 25.125 10.0 20.175 0
140436 25.125 10.0 20.175 0
140506 25.062 10.0 20.175 0
140536 25.062 10.0 20.175 0
140607 25.062 10.0 20.175 0
140638 25.062 10.0 20.175 0
140708 25.062 10.0 20.175 0
140738 25.125 10.0 20.175 0
140809 25.125 10.0 20.175 0
140839 25.125 10.0 20.175 0
140910 25.125 10.0 20.175 0
140940 25.125 10.0 20.175 0
141011 25.062 10.0 20.175 0
141041 25.062 10.0 20.175 0
141111 25.062 10.0 20.175 0
141141 25.062 10.0 20.175 0
141212 25.062 10.0 20.175 0
141243 25.125 10.0 20.175 0
141313 25.125 10.0 20.175 0
141343 25.125 10.0 20.175 0
141413 25.125 10.0 20.175 0
141444 25.125 10.0 20.175 0
141514 25.125 10.0 20.175 0
141544 25.125 10.0 20.175 0
141614 25.125 10.0 20.175 0
141645 25.125 10.0 20.175 0
141715 25.125 10.0 20.175 0
141746 25.125 10.0 20.175 0
141816 25.125 10.0 20.175 0
141846 25.125 10.0 20.175 0
141916 25.125 10.0 20.175 0
141947 25.125 10.0 20.175 0
142018 25.125 10.0 20.175 0
142048 25.125 10.0 20.175 0
142119 25.125 10.0 20.175 0
142149 25.125 10.0 20.175 0
142219 25.125 10.0 20.175 0
142250 25.187 10.0 20.175 0
142320 25.187 10.0 20.175 0
142350 25.187 10.0 20.175 0
142420 25.187 10.0 20.175 0
142450 25.187 10.0 20.175 0
142520 25.187 10.0 20.175 0
142551 25.187 10.0 20.175 0
142621 25.187 10.0 20.175 0
142652 25.187 10.0 20.175 0
142722 25.187 10.0 20.175 0
142753 25.25 10.0 20.175 0
142823 25.25 10.0 20.175 0
142854 25.25 10.0 20.175 0
142925 25.25 10.0 20.175 0
142957 25.312 10.0 20.175 0
143028 25.312 10.0 20.175 0
143058 25.312 10.0 20.175 0
143129 25.312 10.0 20.175 0
143159 25.312 10.0 20.175 0
143230 25.312 10.0 20.175 0
143301 25.312 10.0 20.175 0
143331 25.312 10.0 20.175 0
143402 25.312 10.0 20.175 0
143433 25.312 10.0 20.175 0
143503 25.375 10.0 20.175 0
143533 25.375 10.0 20.175 0
143604 25.375 10.0 20.175 0
143634 25.375 10.0 20.175 0
143704 25.375 10.0 20.175 0
143734 25.375 10.0 20.175 0
143805 25.375 10.0 20.175 0
143835 25.375 10.0 20.175 0
143906 25.375 10.0 20.175 0
143937 25.375 10.0 20.175 0
144007 25.375 10.0 20.175 0
144037 25.375 10.0 20.175 0
144108 25.375 10.0 20.175 0
144138 25.375 10.0 20.175 0
144208 25.375 10.0 20.175 0
144238 25.312 10.0 20.175 0
144309 25.312 10.0 20.175 0
144339 25.312 10.0 20.175 0
144410 25.312 10.0 20.175 0
144440 25.312 10.0 20.175 0
144511 25.25 10.0 20.175 0
144542 25.25 10.0 20.175 0
144613 25.25 10.0 20.175 0
144643 25.25 10.0 20.175 0
144714 25.25 10.0 20.175 0
144745 25.312 10.0 20.175 0
144815 25.312 10.0 20.175 0
144846 25.312 10.0 20.175 0
144916 25.312 10.0 20.175 0
144947 25.312 10.0 20.175 0
145017 25.375 10.0 20.175 0
145047 25.375 10.0 20.175 0
145117 25.375 10.0 20.175 0
145147 25.375 10.0 20.175 0
145217 25.375 10.0 20.175 0
145248 25.437 10.0 20.175 0
145318 25.437 10.0 20.175 0
145349 25.437 10.0 20.175 0
145419 25.437 10.0 20.175 0
145449 25.437 10.0 20.175 0
145519 25.375 10.0 20.175 0
145549 25.375 10.0 20.175 0
145620 25.375 10.0 20.175 0
145651 25.375 10.0 20.175 0
145721 25.375 10.0 20.175 0
145752 25.375 10.0 20.175 0
145822 25.375 10.0 20.175 0
145853 25.375 10.0 20.175 0
145923 25.375 10.0 20.175 0
145953 25.375 10.0 20.175 0
150024 25.437 10.0 20.175 0
150055 25.437 10.0 20.175 0
150125 25.437 10.0 20.175 0
150155 25.437 10.0 20.175 0
150225 25.437 10.0 20.175 0
150256 25.437 10.0 20.175 0
150326 25.437 10.0 20.175 0
150356 25.437 10.0 20.175 0
150427 25.437 10.0 20.175 0
150457 25.437 10.0 20.175 0
150527 25.437 10.0 20.175 0
150558 25.437 10.0 20.175 0
150628 25.437 10.0 20.175 0
150658 25.437 10.0 20.175 0
150729 25.437 10.0 20.175 0
150800 25.437 10.0 20.175 0
150830 25.437 10.0 20.175 0
150901 25.437 10.0 20.175 0
150931 25.437 10.0 20.175 0
151003 25.437 10.0 20.175 0
151033 25.437 10.0 20.175 0
151104 25.437 10.0 20.175 0
151135 25.437 10.0 20.175 0
151205 25.437 10.0 20.175 0
151235 25.5 10.0 20.175 0
151306 25.5 10.0 20.175 0
151336 25.5 10.0 20.175 0
151407 25.5 10.0 20.175 0
151437 25.5 10.0 20.175 0
151508 25.5 10.0 20.175 0
151539 25.5 10.0 20.175 0
151609 25.5 10.0 20.175 0
151640 25.5 10.0 20.175 0
151710 25.5 10.0 20.175 0
151741 25.5 10.0 20.175 0
151811 25.5 10.0 20.175 0
151842 25.5 10.0 20.175 0
151912 25.5 10.0 20.175 0
151942 25.5 10.0 20.175 0
152013 25.562 10.0 20.175 0
152043 25.562 10.0 20.175 0
152113 25.562 10.0 20.175 0
152143 25.562 10.0 20.175 0
152214 25.562 10.0 20.175 0
152245 25.562 10.0 20.175 0
152315 25.562 10.0 20.175 0
152345 25.562 10.0 20.175 0
152416 25.562 10.0 20.175 0
152447 25.562 10.0 20.175 0
152517 25.5 10.0 20.175 0
152547 25.5 10.0 20.175 0
152618 25.5 10.0 20.175 0
152648 25.5 10.0 20.175 0
152718 25.5 10.0 20.175 0
152749 25.5 10.0 20.175 0
152819 25.5 10.0 20.175 0
152850 25.5 10.0 20.175 0
152920 25.5 10.0 20.175 0
152950 25.5 10.0 20.175 0
153020 25.437 10.0 20.175 0
153051 25.437 10.0 20.175 0
153121 25.437 10.0 20.175 0
153151 25.437 10.0 20.175 0
153221 25.437 10.0 20.175 0
153251 25.375 10.0 20.175 0
153322 25.375 10.0 20.175 0
153352 25.375 10.0 20.175 0
153423 25.375 10.0 20.175 0
153454 25.375 10.0 20.175 0
153524 25.312 10.0 20.175 0
153554 25.312 10.0 20.175 0
153625 25.312 10.0 20.175 0
153655 25.312 10.0 20.175 0
153726 25.312 10.0 20.175 0
153757 25.312 10.0 20.175 0
153827 25.312 10.0 20.175 0
153857 25.312 10.0 20.175 0
153928 25.312 10.0 20.175 0
153959 25.312 10.0 20.175 0
154029 25.312 10.0 20.175 0
154059 25.312 10.0 20.175 0
154129 25.312 10.0 20.175 0
154200 25.312 10.0 20.175 0
154230 25.312 10.0 20.175 0
154300 25.375 10.0 20.175 0
154331 25.375 10.0 20.175 0
154401 25.375 10.0 20.175 0
154432 25.375 10.0 20.175 0
154502 25.375 10.0 20.175 0
154532 25.437 10.0 20.175 0
154603 25.437 10.0 20.175 0
154633 25.437 10.0 20.175 0
154703 25.437 10.0 20.175 0
154734 25.437 10.0 20.175 0
154804 25.5 10.0 20.175 0
154834 25.5 10.0 20.175 0
154905 25.5 10.0 20.175 0
154936 25.5 10.0 20.175 0
155009 25.5 10.0 20.175 0
155039 25.5 10.0 20.175 0
155109 25.5 10.0 20.175 0
155140 25.5 10.0 20.175 0
155210 25.5 10.0 20.175 0
155240 25.5 10.0 20.175 0
155311 25.5 10.0 20.175 0
155341 25.5 10.0 20.175 0
155411 25.5 10.0 20.175 0
155442 25.5 10.0 20.175 0
155512 25.5 10.0 20.175 0
155543 25.5 10.0 20.175 0
155613 25.5 10.0 20.175 0
155644 25.5 10.0 20.175 0
155715 25.5 10.0 20.175 0
155745 25.5 10.0 20.175 0
155816 25.5 10.0 20.175 0
155846 25.5 10.0 20.175 0
155916 25.5 10.0 20.175 0
155946 25.5 10.0 20.175 0
160016 25.5 10.0 20.175 0
160047 25.5 10.0 20.175 0
160117 25.5 10.0 20.175 0
160148 25.5 10.0 20.175 0
160218 25.5 10.0 20.175 0
160249 25.5 10.0 20.175 0
160319 25.5 10.0 20.175 0
160350 25.5 10.0 20.175 0
160421 25.5 10.0 20.175 0
160451 25.5 10.0 20.175 0
160522 25.5 10.0 20.175 0
160553 25.5 10.0 20.175 0
160624 25.5 10.0 20.175 0
160654 25.5 10.0 20.175 0
160725 25.5 10.0 20.175 0
160755 25.5 10.0 20.175 0
160826 25.5 10.0 20.175 0
160856 25.5 10.0 20.175 0
160927 25.5 10.0 20.175 0
160957 25.5 10.0 20.175 0
161028 25.5 10.0 20.175 0
161058 25.5 10.0 20.175 0
161128 25.5 10.0 20.175 0
161158 25.5 10.0 20.175 0
161229 25.5 10.0 20.175 0
161259 25.5 10.0 20.175 0
161329 25.5 10.0 20.175 0
161400 25.5 10.0 20.175 0
161430 25.5 10.0 20.175 0
161501 25.5 10.0 20.175 0
161532 25.562 10.0 20.175 0
161602 25.562 10.0 20.175 0
161633 25.562 10.0 20.175 0
161704 25.562 10.0 20.175 0
161734 25.562 10.0 20.175 0
161805 25.562 10.0 20.175 0
161835 25.562 10.0 20.175 0
161905 25.562 10.0 20.175 0
161936 25.562 10.0 20.175 0
162006 25.562 10.0 20.175 0
162036 25.562 10.0 20.175 0
162107 25.562 10.0 20.175 0
162137 25.562 10.0 20.175 0
162207 25.562 10.0 20.175 0
162237 25.562 10.0 20.175 0
162307 25.562 10.0 20.175 0
162337 25.562 10.0 20.175 0
162408 25.562 10.0 20.175 0
162438 25.562 10.0 20.175 0
162508 25.562 10.0 20.175 0
162539 25.562 10.0 20.175 0
162609 25.562 10.0 20.175 0
162639 25.562 10.0 20.175 0
162709 25.562 10.0 20.175 0
162740 25.562 10.0 20.175 0
162810 25.562 10.0 20.175 0
162840 25.562 10.0 20.175 0
162911 25.562 10.0 20.175 0
162942 25.562 10.0 20.175 0
163014 25.562 10.0 20.175 0
163044 25.562 10.0 20.175 0
163115 25.562 10.0 20.175 0
163145 25.562 10.0 20.175 0
163215 25.562 10.0 20.175 0
163246 25.5 10.0 20.175 0
163316 25.5 10.0 20.175 0
163346 25.5 10.0 20.175 0
163416 25.5 10.0 20.175 0
163446 25.5 10.0 20.175 0
163516 25.562 10.0 20.175 0
163547 25.562 10.0 20.175 0
163618 25.562 10.0 20.175 0
163649 25.562 10.0 20.175 0
163719 25.562 10.0 20.175 0
163749 25.562 10.0 20.175 0
163820 25.562 10.0 20.175 0
163850 25.562 10.0 20.175 0
163920 25.562 10.0 20.175 0
163951 25.562 10.0 20.175 0
164022 25.562 10.0 20.175 0
164052 25.562 10.0 20.175 0
164123 25.562 10.0 20.175 0
164154 25.562 10.0 20.175 0
164224 25.562 10.0 20.175 0
164255 25.562 10.0 20.175 0
164325 25.562 10.0 20.175 0
164355 25.562 10.0 20.175 0
164425 25.562 10.0 20.175 0
164455 25.562 10.0 20.175 0
164526 25.562 10.0 20.175 0
164556 25.562 10.0 20.175 0
164627 25.562 10.0 20.175 0
164658 25.562 10.0 20.175 0
164728 25.562 10.0 20.175 0
164758 25.562 10.0 20.175 0
164828 25.562 10.0 20.175 0
164859 25.562 10.0 20.175 0
164929 25.562 10.0 20.175 0
165000 25.562 10.0 20.175 0
165030 25.562 10.0 20.175 0
165101 25.562 10.0 20.175 0
165132 25.562 10.0 20.175 0
165202 25.562 10.0 20.175 0
165233 25.562 10.0 20.175 0
165303 25.5 10.0 20.175 0
165334 25.5 10.0 20.175 0
165405 25.5 10.0 20.175 0
165435 25.5 10.0 20.175 0
165506 25.5 10.0 20.175 0
165536 25.5 10.0 20.175 0
165607 25.5 10.0 20.175 0
165637 25.5 10.0 20.175 0
165708 25.5 10.0 20.175 0
165739 25.5 10.0 20.175 0
165809 25.562 10.0 20.175 0
165840 25.562 10.0 20.175 0
165910 25.562 10.0 20.175 0
165940 25.562 10.0 20.175 0
170010 25.562 10.0 20.175 0
170040 25.5 10.0 20.175 0
170111 25.5 10.0 20.175 0
170141 25.5 10.0 20.237 0
170211 25.5 10.0 20.175 0
170242 25.5 10.0 20.175 0
170312 25.5 10.0 20.175 0
170342 25.5 10.0 20.175 0
170412 25.5 10.0 20.175 0
170443 25.5 10.0 20.175 0
170513 25.5 10.0 20.175 0
170543 25.5 10.0 20.175 0
170613 25.5 10.0 20.237 0
170644 25.5 10.0 20.175 0
170714 25.5 10.0 20.175 0
170744 25.5 10.0 20.175 0
170815 25.5 10.0 20.237 0
170846 25.5 10.0 20.175 0
170916 25.5 10.0 20.175 0
170946 25.5 10.0 20.175 0
171019 25.437 10.0 20.175 0
171049 25.437 10.0 20.175 0
171120 25.437 10.0 20.175 0
171150 25.437 10.0 20.175 0
171220 25.437 10.0 20.175 0
171250 25.437 10.0 20.175 0
171320 25.437 10.0 20.175 0
171350 25.437 10.0 20.175 0
171421 25.437 10.0 20.175 0
171451 25.437 10.0 20.175 0
171522 25.437 10.0 20.175 0
171552 25.437 10.0 20.175 0
171622 25.437 10.0 20.175 0
171652 25.437 10.0 20.175 0
171723 25.437 10.0 20.175 0
171753 25.5 10.0 20.175 0
171823 25.5 10.0 20.175 0
171853 25.5 10.0 20.237 0
171923 25.5 10.0 20.175 0
171953 25.5 10.0 20.175 0
172024 25.5 10.0 20.175 0
172054 25.5 10.0 20.175 0
172124 25.5 10.0 20.175 0
172154 25.5 10.0 20.175 0
172224 25.5 10.0 20.237 0
172255 25.437 10.0 20.175 0
172325 25.437 10.0 20.175 0
172355 25.437 10.0 20.237 0
172426 25.437 10.0 20.237 0
172456 25.437 10.0 20.175 0
172526 25.5 10.0 20.175 0
172556 25.5 10.0 20.175 0
172627 25.5 10.0 20.237 0
172657 25.5 10.0 20.175 0
172727 25.5 10.0 20.175 0
172758 25.5 10.0 20.237 0
172828 25.5 10.0 20.175 0
172859 25.5 10.0 20.175 0
172929 25.5 10.0 20.175 0
172959 25.5 10.0 20.175 0
173030 25.5 10.0 20.175 0
173100 25.5 10.0 20.175 0
173131 25.5 10.0 20.175 0
173201 25.5 10.0 20.175 0
173232 25.5 10.0 20.175 0
173302 25.437 10.0 20.175 0
173332 25.437 10.0 20.175 0
173402 25.437 10.0 20.175 0
173433 25.437 10.0 20.175 0
173503 25.437 10.0 20.175 0
173534 25.437 10.0 20.175 0
173605 25.437 10.0 20.175 0
173635 25.437 10.0 20.237 0
173705 25.437 10.0 20.175 0
173736 25.437 10.0 20.175 0
173806 25.437 10.0 20.175 0
173837 25.437 10.0 20.175 0
173907 25.437 10.0 20.175 0
173937 25.437 10.0 20.237 0
174008 25.437 10.0 20.175 0
174038 25.437 10.0 20.237 0
174108 25.437 10.0 20.175 0
174138 25.437 10.0 20.175 0
174208 25.437 10.0 20.175 0
174238 25.437 10.0 20.175 0
174309 25.437 10.0 20.175 0
174339 25.437 10.0 20.237 0
174410 25.437 10.0 20.175 0
174440 25.437 10.0 20.237 0
174510 25.437 10.0 20.237 0
174540 25.437 10.0 20.175 0
174610 25.437 10.0 20.175 0
174640 25.437 10.0 20.175 0
174711 25.437 10.0 20.237 0
174741 25.437 10.0 20.175 0
174812 25.5 10.0 20.175 0
174842 25.5 10.0 20.175 0
174912 25.5 10.0 20.175 0
174942 25.5 10.0 20.175 0
175013 25.5 10.0 20.175 0
175043 25.5 10.0 20.175 0
175113 25.5 10.0 20.175 0
175143 25.5 10.0 20.175 0
175214 25.5 10.0 20.237 0
175244 25.5 10.0 20.237 0
175314 25.5 10.0 20.175 0
175344 25.5 10.0 20.175 0
175414 25.5 10.0 20.175 0
175445 25.5 10.0 20.175 0
175515 25.5 10.0 20.175 0
175546 25.437 10.0 20.175 0
175616 25.437 10.0 20.175 0
175647 25.437 10.0 20.175 0
175718 25.437 10.0 20.175 0
175748 25.437 10.0 20.237 0
175819 25.437 10.0 20.175 0
175849 25.437 10.0 20.175 0
175920 25.437 10.0 20.175 0
175950 25.437 10.0 20.237 0
180020 25.437 10.0 20.175 0
180051 25.437 10.0 20.237 0
180121 25.437 10.0 20.175 0
180152 25.437 10.0 20.175 0
180223 25.437 10.0 20.237 0
180255 25.375 10.0 20.175 0
180325 25.375 10.0 20.175 0
180355 25.375 10.0 20.175 0
180425 25.375 10.0 20.237 0
180456 25.375 10.0 20.237 0
180527 25.375 10.0 20.237 0
180557 25.375 10.0 20.175 0
180627 25.375 10.0 20.175 0
180658 25.375 10.0 20.175 0
180729 25.375 10.0 20.175 0
180759 25.312 10.0 20.175 0
180829 25.312 10.0 20.175 0
180900 25.312 10.0 20.175 0
180930 25.312 10.0 20.175 0
181000 25.312 10.0 20.237 0
181031 25.312 10.0 20.175 0
181102 25.312 10.0 20.237 0
181132 25.312 10.0 20.175 0
181202 25.312 10.0 20.237 0
181233 25.312 10.0 20.237 0
181303 25.312 10.0 20.175 0
181333 25.312 10.0 20.175 0
181404 25.312 10.0 20.175 0
181435 25.312 10.0 20.237 0
181505 25.312 10.0 20.175 0
181535 25.25 10.0 20.175 0
181605 25.25 10.0 20.175 0
181636 25.25 10.0 20.175 0
181707 25.25 10.0 20.237 0
181737 25.25 10.0 20.175 0
181808 25.25 10.0 20.175 0
181839 25.25 10.0 20.237 0
181909 25.25 10.0 20.237 0
181940 25.25 10.0 20.237 0
182011 25.25 10.0 20.237 0
182042 25.25 10.0 20.175 0
182112 25.25 10.0 20.237 0
182143 25.25 10.0 20.237 0
182213 25.25 10.0 20.237 0
182243 25.25 10.0 20.237 0
182314 25.25 10.0 20.237 0
182344 25.25 10.0 20.237 0
182415 25.25 10.0 20.237 0
182445 25.25 10.0 20.175 0
182515 25.25 10.0 20.175 0
182546 25.187 10.0 20.237 0
182616 25.187 10.0 20.237 0
182647 25.187 10.0 20.237 0
182717 25.187 10.0 20.175 0
182747 25.187 10.0 20.237 0
182818 25.187 10.0 20.175 0
182848 25.187 10.0 20.237 0
182918 25.187 10.0 20.237 0
182948 25.187 10.0 20.237 0
183019 25.187 10.0 20.175 0
183049 25.187 10.0 20.237 0
183119 25.187 10.0 20.237 0
183149 25.187 10.0 20.237 0
183220 25.187 10.0 20.175 0
183250 25.187 10.0 20.237 0
183320 25.125 10.0 20.175 0
183350 25.125 10.0 20.237 0
183421 25.125 10.0 20.237 0
183451 25.125 10.0 20.175 0
183521 25.125 10.0 20.237 0
183552 25.125 10.0 20.237 0
183622 25.125 10.0 20.237 0
183653 25.125 10.0 20.237 0
183723 25.125 10.0 20.237 0
183754 25.125 10.0 20.237 0
183824 25.187 10.0 20.237 0
183854 25.187 10.0 20.175 0
183925 25.187 10.0 20.237 0
183955 25.187 10.0 20.237 0
184025 25.187 10.0 20.237 0
184056 25.125 10.0 20.237 0
184126 25.125 10.0 20.175 0
184157 25.125 10.0 20.175 0
184227 25.125 10.0 20.237 0
184259 25.125 10.0 20.237 0
184329 25.125 10.0 20.237 0
184400 25.125 10.0 20.237 0
184430 25.125 10.0 20.237 0
184500 25.125 10.0 20.237 0
184531 25.062 10.0 20.237 0
184601 25.062 10.0 20.237 0
184632 25.062 10.0 20.175 0
184702 25.062 10.0 20.237 0
184732 25.062 10.0 20.237 0
184803 25.0 10.0 20.237 0
184834 25.0 10.0 20.237 0
184904 25.0 10.0 20.237 0
184935 25.0 10.0 20.237 0
185005 25.0 10.0 20.237 0
185036 25.0 10.0 20.237 0
185106 25.0 10.0 20.237 0
185137 25.0 10.0 20.237 0
185208 25.0 10.0 20.237 0
185238 25.0 10.0 20.237 0
185309 25.0 10.0 20.237 0
185339 25.0 10.0 20.237 0
185410 25.0 10.0 20.237 0
185441 25.0 10.0 20.237 0
185511 25.0 10.0 20.237 0
185541 25.0 10.0 20.237 0
185611 25.0 10.0 20.237 0
185642 25.0 10.0 20.237 0
185712 25.0 10.0 20.237 0
185742 25.0 10.0 20.237 0
185813 25.0 10.0 20.237 0
185843 25.0 10.0 20.237 0
185913 25.0 10.0 20.237 0
185943 25.0 10.0 20.237 0
190014 25.0 10.0 20.237 0
190044 25.062 10.0 20.237 0
190115 25.062 10.0 20.237 0
190146 25.062 10.0 20.237 0
190217 25.062 10.0 20.237 0
190247 25.062 10.0 20.237 0
190317 25.0 10.0 20.237 0
190347 25.0 10.0 20.237 0
190418 25.0 10.0 20.237 0
190449 25.0 10.0 20.237 0
190519 25.0 10.0 20.237 0
190549 25.0 10.0 20.237 0
190620 25.0 10.0 20.237 0
190651 25.0 10.0 20.237 0
190721 25.0 10.0 20.237 0
190752 25.0 10.0 20.237 0
190822 25.0 10.0 20.237 0
190853 25.0 10.0 20.175 0
190923 25.0 10.0 20.237 0
190954 25.0 10.0 20.237 0
191025 25.0 10.0 20.237 0
191055 25.062 10.0 20.237 0
191125 25.062 10.0 20.237 0
191155 25.062 10.0 20.237 0
191225 25.062 10.0 20.237 0
191256 25.062 10.0 20.237 0
191326 25.062 10.0 20.237 0
191356 25.062 10.0 20.237 0
191427 25.062 10.0 20.237 0
191457 25.062 10.0 20.237 0
191527 25.062 10.0 20.237 0
191557 25.125 10.0 20.237 0
191627 25.125 10.0 20.237 0
191658 25.125 10.0 20.237 0
191728 25.125 10.0 20.237 0
191758 25.125 10.0 20.237 0
191828 25.125 10.0 20.237 0
191859 25.125 10.0 20.237 0
191929 25.125 10.0 20.237 0
191959 25.125 10.0 20.237 0
192029 25.125 10.0 20.237 0
192059 25.187 10.0 20.237 0
192130 25.187 10.0 20.237 0
192201 25.187 10.0 20.237 0
192231 25.187 10.0 20.237 0
192301 25.187 10.0 20.237 0
192332 25.187 10.0 20.237 0
192402 25.187 10.0 20.237 0
192432 25.187 10.0 20.237 0
192502 25.187 10.0 20.237 0
192533 25.187 10.0 20.237 0
192603 25.187 10.0 20.237 0
192633 25.187 10.0 20.237 0
192703 25.187 10.0 20.237 0
192734 25.187 10.0 20.237 0
192806 25.187 10.0 20.237 0
192837 25.187 10.0 20.237 0
192907 25.187 10.0 20.237 0
192937 25.187 10.0 20.237 0
193007 25.187 10.0 20.237 0
193038 25.187 10.0 20.237 0
193108 25.187 10.0 20.237 0
193138 25.187 10.0 20.237 0
193209 25.187 10.0 20.237 0
193240 25.187 10.0 20.237 0
193310 25.25 10.0 20.237 0
193341 25.25 10.0 20.237 0
193412 25.25 10.0 20.237 0
193442 25.25 10.0 20.237 0
193513 25.25 10.0 20.237 0
193543 25.25 10.0 20.237 0
193614 25.25 10.0 20.237 0
193644 25.25 10.0 20.237 0
193714 25.25 10.0 20.237 0
193744 25.25 10.0 20.237 0
193814 25.187 10.0 20.237 0
193845 25.187 10.0 20.237 0
193915 25.187 10.0 20.237 0
193946 25.187 10.0 20.237 0
194016 25.187 10.0 20.237 0
194046 25.25 10.0 20.237 0
194117 25.25 10.0 20.237 0
194148 25.25 10.0 20.237 0
194218 25.25 10.0 20.237 0
194249 25.25 10.0 20.237 0
194319 25.25 10.0 20.237 0
194350 25.25 10.0 20.237 0
194421 25.25 10.0 20.237 0
194451 25.25 10.0 20.237 0
194522 25.25 10.0 20.237 0
194553 25.187 10.0 20.237 0
194624 25.187 10.0 20.237 0
194654 25.187 10.0 20.237 0
194724 25.187 10.0 20.237 0
194754 25.187 10.0 20.237 0
194825 25.187 10.0 20.237 0
194855 25.187 10.0 20.237 0
194925 25.187 10.0 20.237 0
194956 25.187 10.0 20.237 0
195027 25.187 10.0 20.237 0
195057 25.25 10.0 20.237 0
195127 25.25 10.0 20.237 0
195158 25.25 10.0 20.237 0
195228 25.25 10.0 20.237 0
195259 25.25 10.0 20.237 0
195329 25.187 10.0 20.237 0
195359 25.187 10.0 20.237 0
195429 25.187 10.0 20.237 0
195500 25.187 10.0 20.237 0
195530 25.187 10.0 20.237 0
195600 25.062 10.0 20.237 0
195631 25.062 10.0 20.237 0
195702 25.062 10.0 20.237 0
195732 25.062 10.0 20.237 0
195803 25.062 10.0 20.237 0
195834 24.937 10.0 20.237 0
195904 24.937 10.0 20.237 0
195935 24.937 10.0 20.237 0
200006 24.937 10.0 20.237 0
200036 24.937 10.0 20.237 0
200106 24.875 10.0 20.237 0
200136 24.875 10.0 20.237 0
200207 24.875 10.0 20.237 0
200237 24.875 10.0 20.237 0
200307 24.875 10.0 20.237 0
200337 25.0 10.0 20.237 0
200408 25.0 10.0 20.237 0
200438 25.0 10.0 20.237 0
200508 25.0 10.0 20.237 0
200540 25.125 10.0 20.237 0
200611 25.125 10.0 20.237 0
200641 25.125 10.0 20.237 0
200712 25.125 10.0 20.237 0
200742 25.125 10.0 20.237 0
200813 25.187 10.0 20.237 0
200843 25.187 10.0 20.237 0
200913 25.187 10.0 20.237 0
200944 25.187 10.0 20.237 0
201014 25.187 10.0 20.237 0
201045 25.062 10.0 20.237 0
201116 25.062 10.0 20.237 0
201146 25.062 10.0 20.237 0
201217 25.062 10.0 20.237 0
201248 25.062 10.0 20.237 0
201318 25.0 10.0 20.237 0
201348 25.0 10.0 20.237 0
201418 25.0 10.0 20.237 0
201449 25.0 10.0 20.237 0
201520 25.0 10.0 20.237 0
201551 25.0 10.0 20.237 0
201621 25.0 10.0 20.237 0
201651 25.0 10.0 20.237 0
201722 25.0 10.0 20.237 0
201752 25.0 10.0 20.237 0
201822 25.062 10.0 20.237 0
201852 25.062 10.0 20.237 0
201923 25.062 10.0 20.237 0
201953 25.062 10.0 20.237 0
202024 25.062 10.0 20.237 0
202054 25.187 10.0 20.237 0
202125 25.187 10.0 20.237 0
202156 25.187 10.0 20.237 0
202226 25.187 10.0 20.237 0
202256 25.187 10.0 20.237 0
202327 25.187 10.0 20.237 0
202357 25.187 10.0 20.237 0
202427 25.187 10.0 20.237 0
202458 25.187 10.0 20.237 0
202528 25.187 10.0 20.237 0
202558 25.125 10.0 20.237 0
202629 25.125 10.0 20.237 0
202659 25.125 10.0 20.237 0
202730 25.125 10.0 20.237 0
202801 25.125 10.0 20.237 0
202831 25.062 10.0 20.237 0
202902 25.062 10.0 20.237 0
202932 25.062 10.0 20.237 0
203002 25.062 10.0 20.237 0
203033 25.062 10.0 20.237 0
203103 24.937 10.0 20.237 0
203134 24.937 10.0 20.237 0
203204 24.937 10.0 20.237 0
203235 24.937 10.0 20.237 0
203305 24.937 10.0 20.237 0
203335 24.937 10.0 20.237 0
203406 24.937 10.0 20.237 0
203436 24.937 10.0 20.237 0
203506 24.937 10.0 20.237 0
203537 24.937 10.0 20.237 0
203607 24.875 10.0 20.237 0
203637 24.875 10.0 20.237 0
203707 24.875 10.0 20.237 0
203738 24.875 10.0 20.237 0
203808 24.875 10.0 20.237 0
203839 24.937 10.0 20.237 0
203909 24.937 10.0 20.237 0
203939 24.937 10.0 20.237 0
204010 24.937 10.0 20.237 0
204040 24.937 10.0 20.237 0
204111 25.0 10.0 20.237 0
204142 25.0 10.0 20.237 0
204212 25.0 10.0 20.237 0
204243 25.0 10.0 20.237 0
204315 25.125 10.0 20.237 0
204346 25.125 10.0 20.237 0
204416 25.125 10.0 20.237 0
204446 25.125 10.0 20.237 0
204516 25.125 10.0 20.237 0
204546 25.0 10.0 20.237 0
204617 25.0 10.0 20.237 0
204647 25.0 10.0 20.237 0
204717 25.0 10.0 20.237 0
204748 25.0 10.0 20.237 0
204818 25.0 10.0 20.237 0
204849 25.0 10.0 20.237 0
204920 25.0 10.0 20.237 0
204951 25.0 10.0 20.237 0
205021 25.0 10.0 20.237 0
205052 24.937 10.0 20.237 0
205123 24.937 10.0 20.237 0
205153 24.937 10.0 20.237 0
205223 24.937 10.0 20.237 0
205254 24.937 10.0 20.237 0
205324 25.062 10.0 20.237 0
205355 25.062 10.0 20.237 0
205425 25.062 10.0 20.237 0
205455 25.062 10.0 20.237 0
205525 25.062 10.0 20.237 0
205556 25.187 10.0 20.237 0
205626 25.187 10.0 20.237 0
205657 25.187 10.0 20.237 0
205727 25.187 10.0 20.237 0
205758 25.187 10.0 20.237 0
205829 25.062 10.0 20.237 0
205859 25.062 10.0 20.237 0
205930 25.062 10.0 20.237 0
210001 25.062 10.0 20.237 0
210032 25.062 10.0 20.237 0
210102 25.0 10.0 20.237 0
210132 25.0 10.0 20.237 0
210203 25.0 10.0 20.237 0
210233 25.0 10.0 20.237 0
210304 25.0 10.0 20.237 0
210335 25.062 10.0 20.237 0
210405 25.062 10.0 20.237 0
210436 25.062 10.0 20.237 0
210507 25.062 10.0 20.237 0
210537 25.062 10.0 20.237 0
210607 25.125 10.0 20.237 0
210638 25.125 10.0 20.237 0
210708 25.125 10.0 20.237 0
210739 25.125 10.0 20.237 0
210810 25.125 10.0 20.237 0
210840 25.125 10.0 20.237 0
210910 25.125 10.0 20.237 0
210940 25.125 10.0 20.237 0
211011 25.125 10.0 20.237 0
211041 25.125 10.0 20.237 0
211111 24.937 10.0 20.237 0
211142 24.937 10.0 20.237 0
211212 24.937 10.0 20.237 0
211242 24.937 10.0 20.237 0
211313 24.937 10.0 20.237 0
211343 24.937 10.0 20.237 0
211414 24.937 10.0 20.237 0
211444 24.937 10.0 20.237 0
211515 24.937 10.0 20.237 0
211545 24.937 10.0 20.237 0
211616 25.0 10.0 20.237 0
211647 25.0 10.0 20.237 0
211717 25.0 10.0 20.237 0
211747 25.0 10.0 20.237 0
211820 25.125 10.0 20.237 0
211850 25.125 10.0 20.237 0
211920 25.125 10.0 20.237 0
211951 25.125 10.0 20.237 0
212021 25.125 10.0 20.237 0
212051 25.125 10.0 20.237 0
212122 25.125 10.0 20.237 0
212153 25.125 10.0 20.237 0
212223 25.125 10.0 20.237 0
212253 25.125 10.0 20.237 0
212324 24.937 10.0 20.237 0
212355 24.937 10.0 20.237 0
212425 24.937 10.0 20.237 0
212455 24.937 10.0 20.237 0
212526 24.937 10.0 20.237 0
212556 24.875 10.0 20.237 0
212626 24.875 10.0 20.237 0
212657 24.875 10.0 20.237 0
212728 24.875 10.0 20.237 0
212758 24.875 10.0 20.237 0
212828 24.875 10.0 20.237 0
212859 24.875 10.0 20.237 0
212930 24.875 10.0 20.237 0
213000 24.875 10.0 20.237 0
213031 24.875 10.0 20.237 0
213101 25.0 10.0 20.237 0
213131 25.0 10.0 20.237 0
213201 25.0 10.0 20.237 0
213232 25.0 10.0 20.237 0
213302 25.0 10.0 20.237 0
213332 25.125 10.0 20.237 0
213402 25.125 10.0 20.237 0
213432 25.125 10.0 20.237 0
213503 25.125 10.0 20.237 0
213533 25.125 10.0 20.237 0
213603 25.187 10.0 20.237 0
213634 25.187 10.0 20.237 0
213704 25.187 10.0 20.237 0
213734 25.187 10.0 20.237 0
213804 25.187 10.0 20.237 0
213834 25.312 10.0 20.237 0
213905 25.312 10.0 20.237 0
213935 25.312 10.0 20.237 0
214006 25.312 10.0 20.237 0
214036 25.312 10.0 20.237 0
214107 25.312 10.0 20.237 0
214137 25.312 10.0 20.237 0
214208 25.312 10.0 20.237 0
214238 25.312 10.0 20.237 0
214309 25.312 10.0 20.237 0
214339 25.375 10.0 20.237 0
214409 25.375 10.0 20.237 0
214440 25.375 10.0 20.237 0
214510 25.375 10.0 20.237 0
214541 25.375 10.0 20.237 0
214611 25.375 10.0 20.237 0
214642 25.375 10.0 20.237 0
214712 25.375 10.0 20.237 0
214743 25.375 10.0 20.237 0
214814 25.375 10.0 20.237 0
214844 25.125 10.0 20.237 0
214914 25.125 10.0 20.237 0
214945 25.125 10.0 20.237 0
215016 25.125 10.0 20.237 0
215046 25.125 10.0 20.237 0
215117 24.937 10.0 20.237 0
215148 24.937 10.0 20.237 0
215218 24.937 10.0 20.237 0
215249 24.937 10.0 20.237 0
215320 24.937 10.0 20.237 0
215350 24.875 10.0 20.237 0
215420 24.875 10.0 20.237 0
215451 24.875 10.0 20.237 0
215521 24.875 10.0 20.237 0
215554 24.937 10.0 20.237 0
215624 24.937 10.0 20.237 0
215655 24.937 10.0 20.237 0
215725 24.937 10.0 20.237 0
215755 24.937 10.0 20.237 0
215825 25.062 10.0 20.237 0
215855 25.062 10.0 20.237 0
215926 25.062 10.0 20.237 0
215956 25.062 10.0 20.237 0
220026 25.062 10.0 20.237 0
220056 25.187 10.0 20.237 0
220127 25.187 10.0 20.237 0
220157 25.187 10.0 20.237 0
220228 25.187 10.0 20.237 0
220258 25.187 10.0 20.237 0
220329 25.25 10.0 20.237 0
220359 25.25 10.0 20.237 0
220429 25.25 10.0 20.237 0
220459 25.25 10.0 20.237 0
220530 25.25 10.0 20.237 0
220601 25.25 10.0 20.237 0
220632 25.25 10.0 20.237 0
220702 25.25 10.0 20.237 0
220732 25.25 10.0 20.237 0
220803 25.25 10.0 20.237 0
220833 25.125 10.0 20.237 0
220903 25.125 10.0 20.237 0
220933 25.125 10.0 20.237 0
221004 25.125 10.0 20.237 0
221034 25.125 10.0 20.237 0
221104 25.0 10.0 20.237 0
221134 25.0 10.0 20.237 0
221204 25.0 10.0 20.237 0
221235 25.0 10.0 20.237 0
221305 25.0 10.0 20.237 0
221335 24.812 10.0 20.237 0
221405 24.812 10.0 20.237 0
221436 24.812 10.0 20.237 0
221506 24.812 10.0 20.237 0
221536 24.812 10.0 20.237 0
221606 24.75 10.0 20.237 0
221637 24.75 10.0 20.237 0
221707 24.75 10.0 20.237 0
221738 24.75 10.0 20.237 0
221808 24.75 10.0 20.237 0
221838 24.812 10.0 20.237 0
221909 24.812 10.0 20.237 0
221939 24.812 10.0 20.237 0
222009 24.812 10.0 20.237 0
222040 24.812 10.0 20.237 0
222110 24.937 10.0 20.237 0
222140 24.937 10.0 20.237 0
222210 24.937 10.0 20.237 0
222240 24.937 10.0 20.237 0
222310 24.937 10.0 20.237 0
222341 25.0 10.0 20.237 0
222411 25.0 10.0 20.237 0
222441 25.0 10.0 20.237 0
222511 25.0 10.0 20.237 0
222542 25.0 10.0 20.237 0
222613 25.062 10.0 20.237 0
222643 25.062 10.0 20.237 0
222713 25.062 10.0 20.237 0
222743 25.062 10.0 20.237 0
222814 25.062 10.0 20.237 0
222844 25.187 10.0 20.237 0
222914 25.187 10.0 20.237 0
222944 25.187 10.0 20.237 0
223015 25.187 10.0 20.237 0
223045 25.187 10.0 20.237 0
223116 25.25 10.0 20.237 0
223147 25.25 10.0 20.237 0
223217 25.25 10.0 20.237 0
223248 25.25 10.0 20.237 0
223319 25.25 10.0 20.237 0
223349 25.312 10.0 20.237 0
223420 25.312 10.0 20.237 0
223450 25.312 10.0 20.237 0
223521 25.312 10.0 20.237 0
223551 25.312 10.0 20.237 0
223622 25.312 10.0 20.237 0
223652 25.312 10.0 20.237 0
223722 25.312 10.0 20.237 0
223752 25.312 10.0 20.237 0
223822 25.312 10.0 20.237 0
223853 25.312 10.0 20.237 0
223923 25.312 10.0 20.237 0
223954 25.312 10.0 20.237 0
224025 25.312 10.0 20.237 0
224055 25.312 10.0 20.237 0
224126 25.062 10.0 20.237 0
224157 25.062 10.0 20.237 0
224227 25.062 10.0 20.237 0
224258 25.062 10.0 20.237 0
224328 25.062 10.0 20.237 0
224359 24.937 10.0 20.237 0
224429 24.937 10.0 20.237 0
224500 24.937 10.0 20.237 0
224530 24.937 10.0 20.237 0
224603 24.75 10.0 20.237 0
224633 24.75 10.0 20.237 0
224703 24.75 10.0 20.237 0
224733 24.75 10.0 20.237 0
224803 24.75 10.0 20.237 0
224834 24.625 10.0 20.237 0
224904 24.625 10.0 20.237 0
224935 24.625 10.0 20.237 0
225005 24.625 10.0 20.237 0
225036 24.625 10.0 20.237 0
225106 24.75 10.0 20.237 0
225137 24.75 10.0 20.237 0
225207 24.75 10.0 20.237 0
225237 24.75 10.0 20.237 0
225308 24.75 10.0 20.237 0
225338 24.75 10.0 20.237 0
225408 24.75 10.0 20.237 0
225439 24.75 10.0 20.237 0
225510 24.75 10.0 20.237 0
225540 24.75 10.0 20.237 0
225610 24.687 10.0 20.237 0
225641 24.687 10.0 20.237 0
225711 24.687 10.0 20.237 0
225741 24.687 10.0 20.237 0
225812 24.687 10.0 20.237 0
225842 24.562 10.0 20.237 0
225912 24.562 10.0 20.237 0
225943 24.562 10.0 20.237 0
230014 24.562 10.0 20.237 0
230045 24.562 10.0 20.237 0
230115 24.625 10.0 20.237 0
230146 24.625 10.0 20.237 0
230217 24.625 10.0 20.237 0
230248 24.625 10.0 20.237 0
230318 24.625 10.0 20.237 0
230348 24.75 10.0 20.237 0
230419 24.75 10.0 20.237 0
230450 24.75 10.0 20.237 0
230521 24.75 10.0 20.237 0
230551 24.75 10.0 20.237 0
230622 24.875 10.0 20.237 0
230652 24.875 10.0 20.237 0
230722 24.875 10.0 20.237 0
230752 24.875 10.0 20.237 0
230823 24.875 10.0 20.237 0
230853 24.937 10.0 20.237 0
230923 24.937 10.0 20.237 0
230954 24.937 10.0 20.237 0
231024 24.937 10.0 20.237 0
231055 24.937 10.0 20.237 0
231126 25.0 10.0 20.237 0
231156 25.0 10.0 20.237 0
231227 25.0 10.0 20.237 0
231258 25.0 10.0 20.237 0
231328 25.0 10.0 20.237 0
231359 25.062 10.0 20.237 0
231429 25.062 10.0 20.237 0
231500 25.062 10.0 20.237 0
231530 25.062 10.0 20.237 0
231601 25.062 10.0 20.237 0
231631 25.125 10.0 20.237 0
231702 25.125 10.0 20.237 0
231733 25.125 10.0 20.237 0
231803 25.125 10.0 20.237 0
231833 25.125 10.0 20.237 0
231904 25.125 10.0 20.237 0
231934 25.125 10.0 20.237 0
232004 25.125 10.0 20.237 0
232035 25.125 10.0 20.237 0
232107 25.125 10.0 20.237 0
232137 25.125 10.0 20.237 0
232207 25.125 10.0 20.237 0
232237 25.125 10.0 20.237 0
232308 25.125 10.0 20.237 0
232338 25.125 10.0 20.237 0
232409 25.125 10.0 20.237 0
232440 25.125 10.0 20.237 0
232511 25.125 10.0 20.237 0
232541 25.125 10.0 20.237 0
232612 25.187 10.0 20.237 0
232643 25.187 10.0 20.237 0
232713 25.187 10.0 20.237 0
232744 25.187 10.0 20.237 0
232814 25.187 10.0 20.237 0
232844 25.187 10.0 20.237 0
232914 25.187 10.0 20.237 0
232945 25.187 10.0 20.237 0
233016 25.187 10.0 20.237 0
233046 25.187 10.0 20.237 0
233116 25.187 10.0 20.237 0
233147 25.187 10.0 20.237 0
233217 25.187 10.0 20.237 0
233247 25.187 10.0 20.237 0
233318 25.187 10.0 20.237 0
233348 25.187 10.0 20.237 0
233419 25.187 10.0 20.237 0
233450 25.187 10.0 20.237 0
233520 25.187 10.0 20.237 0
233550 25.187 10.0 20.237 0
233621 25.25 10.0 20.237 0
233651 25.25 10.0 20.237 0
233722 25.25 10.0 20.237 0
233753 25.25 10.0 20.237 0
233823 25.25 10.0 20.237 0
233854 25.187 10.0 20.237 0
233925 25.187 10.0 20.237 0
233955 25.187 10.0 20.237 0
234025 25.187 10.0 20.237 0
234056 25.187 10.0 20.237 0
234127 25.25 10.0 20.237 0
234158 25.25 10.0 20.237 0
234228 25.25 10.0 20.237 0
234259 25.25 10.0 20.237 0
234330 25.25 10.0 20.237 0
234400 25.25 10.0 20.237 0
234431 25.25 10.0 20.237 0
234502 25.25 10.0 20.237 0
234532 25.25 10.0 20.237 0
234603 25.25 10.0 20.237 0
234634 25.25 10.0 20.237 0
234705 25.25 10.0 20.237 0
234735 25.25 10.0 20.237 0
234806 25.25 10.0 20.237 0
234837 25.25 10.0 20.237 0
234908 25.312 10.0 20.237 0
234938 25.312 10.0 20.237 0
235009 25.312 10.0 20.237 0
235039 25.312 10.0 20.237 0
235112 25.312 10.0 20.237 0
235142 25.312 10.0 20.237 0
235212 25.312 10.0 20.237 0
235243 25.312 10.0 20.237 0
235313 25.312 10.0 20.237 0
235344 25.312 10.0 20.237 0
235414 25.312 10.0 20.237 0
235444 25.312 10.0 20.237 0
235515 25.312 10.0 20.237 0
235545 25.312 10.0 20.237 0
235615 25.312 10.0 20.237 0
235646 25.312 10.0 20.237 0
235716 25.312 10.0 20.237 0
235747 25.312 10.0 20.237 0
235817 25.312 10.0 20.237 0
235848 25.312 10.0 20.237 0
