235917 18.312 10.0 67.862 0
235948 18.25 10.0 67.862 0
000018 18.25 10.0 67.862 0
000048 18.25 10.0 67.925 0
000119 18.25 10.0 67.925 0
000149 18.25 10.0 67.987 0
000220 18.25 10.0 67.987 0
000251 18.25 10.0 67.987 0
000321 18.25 10.0 67.987 0
000351 18.25 10.0 68.05 0
000421 18.25 10.0 68.05 0
000451 18.187 10.0 68.112 0
000521 18.187 10.0 68.112 0
000552 18.187 10.0 68.112 0
000623 18.187 10.0 68.175 0
000653 18.187 10.0 68.175 0
000723 18.187 10.0 68.175 0
000754 18.187 10.0 68.237 0
000824 18.187 10.0 68.237 0
000855 18.187 10.0 68.237 0
000926 18.187 10.0 68.3 0
000956 18.125 10.0 68.3 0
001026 18.125 10.0 68.3 0
001056 18.125 10.0 68.3 0
001127 18.125 10.0 68.362 0
001157 18.125 10.0 68.362 0
001227 18.125 10.0 68.362 0
001257 18.125 10.0 68.425 0
001327 18.125 10.0 68.425 0
001358 18.125 10.0 68.425 0
001428 18.125 10.0 68.425 0
001458 18.062 10.0 68.425 0
001529 18.062 10.0 68.425 0
001559 18.062 10.0 68.425 0
001630 18.062 10.0 68.425 0
001700 18.062 10.0 68.425 0
001730 18.062 10.0 68.425 0
001801 18.062 10.0 68.425 0
001832 18.062 10.0 68.425 0
001902 18.062 10.0 68.425 0
001933 18.062 10.0 68.425 0
002003 18.0 10.0 68.425 0
002034 18.0 10.0 68.425 0
002105 18.0 10.0 68.425 0
002135 18.0 10.0 68.425 0
002205 18.0 10.0 68.425 0
002236 18.0 10.0 68.425 0
002306 18.0 10.0 68.425 0
002337 18.0 10.0 68.425 0
002407 18.0 10.0 68.425 0
002437 18.0 10.0 68.425 0
002508 18.0 10.0 68.425 0
002538 18.0 10.0 68.425 0
002608 18.0 10.0 68.425 0
002638 18.0 10.0 68.425 0
002708 18.0 10.0 68.425 0
002738 17.937 10.0 68.362 0
002808 17.937 10.0 68.362 0
002839 17.937 10.0 68.362 0
002909 17.937 10.0 68.362 0
002942 17.875 10.0 68.362 0
003012 17.875 10.0 68.362 0
003042 17.875 10.0 68.362 0
003113 17.875 10.0 68.362 0
003143 17.875 10.0 68.362 0
003214 17.875 10.0 68.362 0
003244 17.875 10.0 68.362 0
003314 17.875 10.0 68.3 0
003344 17.875 10.0 68.3 0
003414 17.875 10.0 68.3 0
003445 17.875 10.0 68.3 0
003515 17.875 10.0 68.3 0
003545 17.875 10.0 68.362 0
003615 17.875 10.0 68.362 0
003645 17.875 10.0 68.362 0
003716 17.875 10.0 68.362 0
003746 17.875 10.0 68.362 0
003816 17.875 10.0 68.487 0
003846 17.875 10.0 68.675 0
003916 17.875 10.0 68.8 0
003946 17.812 10.0 68.862 0
004017 17.812 10.0 68.987 0
004048 17.812 10.0 69.05 0
004118 17.812 10.0 69.05 0
004149 17.812 10.0 69.112 0
004219 17.812 10.0 69.112 0
004249 17.812 10.0 69.112 0
004319 17.812 10.0 69.112 0
004350 17.812 10.0 69.175 0
004420 17.812 10.0 69.112 0
004450 17.812 10.0 69.175 0
004521 17.812 10.0 69.112 0
004551 17.812 10.0 69.112 0
004621 17.812 10.0 69.112 0
004651 17.812 10.0 69.112 0
004721 17.75 10.0 69.112 0
004752 17.75 10.0 69.112 0
004823 17.75 10.0 69.112 0
004854 17.75 10.0 69.112 0
004924 17.75 10.0 69.112 0
004955 17.75 10.0 69.112 0
005025 17.75 10.0 69.112 0
005055 17.75 10.0 69.112 0
005125 17.75 10.0 69.112 0
005156 17.75 10.0 69.112 0
005226 17.687 10.0 69.112 0
005257 17.687 10.0 69.112 0
005327 17.687 10.0 69.112 0
005358 17.687 10.0 69.112 0
005429 17.687 10.0 69.05 0
005500 17.687 10.0 69.112 0
005530 17.687 10.0 69.05 0
005600 17.687 10.0 69.05 0
005630 17.687 10.0 69.05 0
005701 17.687 10.0 69.05 0
005731 17.687 10.0 69.05 0
005802 17.687 10.0 69.05 0
005833 17.687 10.0 69.05 0
005903 17.687 10.0 69.05 0
005933 17.687 10.0 69.05 0
010003 17.687 10.0 69.05 0
010033 17.687 10.0 69.05 0
010103 17.687 10.0 69.05 0
010133 17.687 10.0 69.05 0
010204 17.687 10.0 69.05 0
010234 17.625 10.0 69.05 0
010304 17.625 10.0 69.05 0
010335 17.625 10.0 69.05 0
010405 17.625 10.0 69.05 0
010435 17.625 10.0 69.05 0
010505 17.625 10.0 69.05 0
010535 17.625 10.0 69.05 0
010606 17.625 10.0 69.05 0
010636 17.625 10.0 69.05 0
010707 17.625 10.0 69.05 0
010737 17.625 10.0 68.987 0
010807 17.625 10.0 69.05 0
010838 17.625 10.0 69.05 0
010908 17.625 10.0 68.987 0
010938 17.625 10.0 68.987 0
011008 17.625 10.0 68.987 0
011039 17.625 10.0 68.987 0
011110 17.625 10.0 68.987 0
011141 17.625 10.0 68.987 0
011211 17.625 10.0 68.987 0
011241 17.562 10.0 68.987 0
011311 17.562 10.0 68.987 0
011341 17.562 10.0 68.987 0
011412 17.562 10.0 68.925 0
011442 17.562 10.0 68.925 0
011512 17.562 10.0 68.925 0
011542 17.562 10.0 68.925 0
011613 17.562 10.0 68.925 0
011643 17.562 10.0 68.925 0
011714 17.562 10.0 68.925 0
011744 17.562 10.0 68.862 0
011815 17.562 10.0 68.862 0
011845 17.562 10.0 68.862 0
011916 17.562 10.0 68.862 0
011948 17.5 10.0 68.862 0
012019 17.5 10.0 68.862 0
012049 17.5 10.0 68.8 0
012119 17.5 10.0 68.8 0
012149 17.5 10.0 68.8 0
012219 17.5 10.0 68.8 0
012250 17.5 10.0 68.8 0
012320 17.5 10.0 68.8 0
012350 17.5 10.0 68.737 0
012420 17.5 10.0 68.737 0
012450 17.5 10.0 68.737 0
012521 17.5 10.0 68.675 0
012551 17.5 10.0 68.675 0
012622 17.5 10.0 68.675 0
012652 17.5 10.0 68.675 0
012723 17.5 10.0 68.675 0
012753 17.5 10.0 68.612 0
012824 17.5 10.0 68.612 0
012855 17.5 10.0 68.612 0
012926 17.5 10.0 68.612 0
012956 17.437 10.0 68.55 0
013026 17.437 10.0 68.55 0
013056 17.437 10.0 68.55 0
013127 17.437 10.0 68.55 0
013157 17.437 10.0 68.55 0
013227 17.437 10.0 68.487 0
013258 17.437 10.0 68.487 0
013329 17.437 10.0 68.487 0
013359 17.437 10.0 68.487 0
013429 17.437 10.0 68.425 0
013459 17.437 10.0 68.425 0
013530 17.437 10.0 68.425 0
013601 17.437 10.0 68.425 0
013632 17.437 10.0 68.425 0
013702 17.437 10.0 68.362 0
013732 17.437 10.0 68.362 0
013802 17.437 10.0 68.362 0
013833 17.437 10.0 68.362 0
013903 17.437 10.0 68.362 0
013934 17.437 10.0 68.362 0
014004 17.375 10.0 68.487 0
014034 17.375 10.0 68.55 0
014105 17.375 10.0 68.612 0
014135 17.375 10.0 68.675 0
014206 17.375 10.0 68.737 0
014237 17.375 10.0 68.737 0
014308 17.375 10.0 68.737 0
014339 17.375 10.0 68.737 0
014409 17.375 10.0 68.737 0
014439 17.375 10.0 68.737 0
014509 17.375 10.0 68.737 0
014540 17.375 10.0 68.737 0
014610 17.375 10.0 68.737 0
014640 17.375 10.0 68.675 0
014710 17.375 10.0 68.675 0
014740 17.375 10.0 68.675 0
014810 17.375 10.0 68.675 0
014841 17.375 10.0 68.675 0
014911 17.375 10.0 68.612 0
014941 17.375 10.0 68.612 0
015011 17.375 10.0 68.612 0
015041 17.375 10.0 68.612 0
015112 17.375 10.0 68.612 0
015142 17.375 10.0 68.612 0
015212 17.375 10.0 68.55 0
015243 17.312 10.0 68.55 0
015313 17.312 10.0 68.55 0
015344 17.312 10.0 68.55 0
015415 17.312 10.0 68.55 0
015445 17.312 10.0 68.487 0
015515 17.312 10.0 68.487 0
015545 17.312 10.0 68.487 0
015615 17.312 10.0 68.487 0
015646 17.312 10.0 68.487 0
015716 17.312 10.0 68.425 0
015747 17.312 10.0 68.425 0
015818 17.312 10.0 68.425 0
015848 17.312 10.0 68.425 0
015918 17.312 10.0 68.425 0
015948 17.312 10.0 68.425 0
020018 17.312 10.0 68.362 0
020048 17.312 10.0 68.362 0
020119 17.312 10.0 68.362 0
020149 17.312 10.0 68.362 0
020219 17.312 10.0 68.3 0
020249 17.312 10.0 68.3 0
020319 17.312 10.0 68.3 0
020349 17.312 10.0 68.3 0
020420 17.312 10.0 68.3 0
020450 17.312 10.0 68.237 0
020520 17.25 10.0 68.237 0
020551 17.25 10.0 68.237 0
020621 17.25 10.0 68.175 0
020652 17.25 10.0 68.112 0
020722 17.25 10.0 68.112 0
020752 17.25 10.0 68.112 0
020823 17.25 10.0 68.05 0
020853 17.25 10.0 67.987 0
020924 17.25 10.0 68.05 0
020957 17.25 10.0 67.925 0
021027 17.25 10.0 67.925 0
021057 17.25 10.0 67.925 0
021127 17.25 10.0 67.987 0
021157 17.25 10.0 67.987 0
021227 17.25 10.0 67.987 0
021257 17.25 10.0 67.987 0
021328 17.25 10.0 67.987 0
021358 17.25 10.0 67.987 0
021428 17.25 10.0 67.925 0
021459 17.187 10.0 67.925 0
021529 17.187 10.0 67.925 0
021559 17.187 10.0 67.862 0
021629 17.187 10.0 67.862 0
021659 17.187 10.0 67.862 0
021730 17.187 10.0 67.862 0
021800 17.187 10.0 67.8 0
021830 17.187 10.0 67.8 0
021900 17.187 10.0 67.8 0
021931 17.187 10.0 67.8 0
022001 17.187 10.0 67.737 0
022032 17.187 10.0 67.737 0
022102 17.187 10.0 67.737 0
022132 17.187 10.0 67.675 0
022202 17.187 10.0 67.675 0
022232 17.187 10.0 67.675 0
022302 17.187 10.0 67.675 0
022332 17.187 10.0 67.612 0
022403 17.187 10.0 67.612 0
022433 17.187 10.0 67.612 0
022503 17.125 10.0 67.612 0
022533 17.125 10.0 67.55 0
022603 17.125 10.0 67.55 0
022633 17.125 10.0 67.55 0
022703 17.125 10.0 67.487 0
022734 17.125 10.0 67.487 0
022804 17.125 10.0 67.487 0
022835 17.125 10.0 67.425 0
022905 17.125 10.0 67.362 0
022935 17.125 10.0 67.237 0
023005 17.125 10.0 67.237 0
023035 17.125 10.0 67.237 0
023105 17.125 10.0 67.175 0
023136 17.125 10.0 67.175 0
023207 17.125 10.0 67.112 0
023237 17.125 10.0 67.112 0
023307 17.125 10.0 67.112 0
023337 17.125 10.0 67.05 0
023407 17.125 10.0 67.05 0
023438 17.125 10.0 67.05 0
023508 17.125 10.0 66.987 0
023539 17.125 10.0 66.987 0
023609 17.125 10.0 66.987 0
023639 17.125 10.0 66.925 0
023709 17.125 10.0 66.925 0
023739 17.062 10.0 66.862 0
023810 17.062 10.0 66.925 0
023840 17.062 10.0 66.925 0
023910 17.062 10.0 66.925 0
023941 17.062 10.0 66.925 0
024011 17.062 10.0 66.925 0
024041 17.062 10.0 66.925 0
024112 17.062 10.0 66.925 0
024142 17.062 10.0 66.987 0
024212 17.062 10.0 66.925 0
024242 17.062 10.0 66.987 0
024312 17.062 10.0 67.05 0
024343 17.062 10.0 67.112 0
024413 17.062 10.0 67.112 0
024443 17.062 10.0 67.05 0
024514 17.062 10.0 67.05 0
024544 17.062 10.0 67.112 0
024615 17.062 10.0 67.05 0
024645 17.062 10.0 67.05 0
024716 17.062 10.0 67.05 0
024746 17.062 10.0 67.05 0
024816 17.062 10.0 66.987 0
024847 17.062 10.0 66.987 0
024917 17.062 10.0 66.987 0
024947 17.062 10.0 66.925 0
025017 17.062 10.0 66.925 0
025047 17.062 10.0 66.925 0
025117 17.062 10.0 66.925 0
025147 17.062 10.0 66.8 0
025218 17.062 10.0 66.8 0
025248 17.0 10.0 66.8 0
025318 17.0 10.0 66.862 0
025349 17.0 10.0 66.862 0
025419 17.0 10.0 66.862 0
025449 17.0 10.0 66.862 0
025519 17.0 10.0 66.862 0
025550 17.0 10.0 66.8 0
025620 17.0 10.0 66.8 0
025650 17.0 10.0 66.8 0
025721 17.0 10.0 66.737 0
025751 17.0 10.0 66.737 0
025821 17.0 10.0 66.737 0
025851 17.0 10.0 66.612 0
025922 17.0 10.0 66.612 0
025952 17.0 10.0 66.612 0
030022 17.0 10.0 66.55 0
030052 17.0 10.0 66.55 0
030122 17.0 10.0 66.487 0
030153 17.0 10.0 66.487 0
030223 17.0 10.0 66.487 0
030254 17.0 10.0 66.487 0
030324 17.0 10.0 66.425 0
030354 17.0 10.0 66.425 0
030424 17.0 10.0 66.425 0
030454 17.0 10.0 66.362 0
030524 16.937 10.0 66.362 0
030555 16.937 10.0 66.3 0
030625 16.937 10.0 66.3 0
030655 16.937 10.0 66.3 0
030726 16.937 10.0 66.175 0
030756 16.937 10.0 66.112 0
030826 16.937 10.0 66.112 0
030856 16.937 10.0 66.175 0
030926 16.937 10.0 66.175 0
030957 16.937 10.0 66.175 0
031027 16.937 10.0 66.175 0
031057 16.937 10.0 66.112 0
031128 16.937 10.0 66.112 0
031158 16.937 10.0 66.05 0
031228 16.937 10.0 66.05 0
031258 16.937 10.0 66.05 0
031328 16.937 10.0 65.987 0
031359 16.937 10.0 65.987 0
031429 16.937 10.0 65.987 0
031459 16.937 10.0 65.925 0
031530 16.937 10.0 65.925 0
031600 16.937 10.0 65.925 0
031631 16.937 10.0 65.862 0
031702 16.937 10.0 65.862 0
031734 16.937 10.0 65.862 0
031804 16.937 10.0 65.8 0
031834 16.937 10.0 65.8 0
031904 16.937 10.0 65.8 0
031935 16.937 10.0 65.737 0
032005 16.875 10.0 65.612 0
032035 16.875 10.0 65.55 0
032105 16.875 10.0 65.612 0
032135 16.875 10.0 65.612 0
032205 16.875 10.0 65.55 0
032236 16.875 10.0 65.55 0
032306 16.875 10.0 65.487 0
032337 16.875 10.0 65.487 0
032407 16.875 10.0 65.487 0
032437 16.875 10.0 65.425 0
032508 16.875 10.0 65.425 0
032538 16.875 10.0 65.3 0
032608 16.875 10.0 65.362 0
032638 16.875 10.0 65.362 0
032709 16.875 10.0 65.3 0
032740 16.875 10.0 65.3 0
032810 16.875 10.0 65.237 0
032840 16.875 10.0 65.237 0
032911 16.875 10.0 65.237 0
032941 16.875 10.0 65.175 0
033012 16.875 10.0 65.112 0
033042 16.875 10.0 65.112 0
033112 16.875 10.0 65.05 0
033142 16.875 10.0 65.05 0
033213 16.875 10.0 65.05 0
033243 16.875 10.0 65.05 0
033313 16.875 10.0 64.987 0
033344 16.875 10.0 64.987 0
033414 16.875 10.0 64.987 0
033444 16.875 10.0 64.925 0
033514 16.812 10.0 64.925 0
033544 16.812 10.0 64.862 0
033614 16.812 10.0 64.862 0
033645 16.812 10.0 64.862 0
033715 16.812 10.0 64.8 0
033745 16.812 10.0 64.8 0
033816 16.812 10.0 64.737 0
033846 16.812 10.0 64.737 0
033917 16.812 10.0 64.737 0
033947 16.812 10.0 64.675 0
034017 16.812 10.0 64.675 0
034047 16.812 10.0 64.612 0
034117 16.812 10.0 64.612 0
034147 16.812 10.0 64.612 0
034218 16.812 10.0 64.55 0
034248 16.812 10.0 64.612 0
034318 16.812 10.0 64.675 0
034349 16.812 10.0 64.737 0
034420 16.812 10.0 64.737 0
034451 16.812 10.0 64.737 0
034521 16.812 10.0 64.737 0
034552 16.812 10.0 64.737 0
034622 16.812 10.0 64.737 0
034653 16.812 10.0 64.737 0
034723 16.812 10.0 64.737 0
034753 16.812 10.0 64.612 0
034824 16.812 10.0 64.55 0
034854 16.812 10.0 64.487 0
034925 16.812 10.0 64.487 0
034955 16.812 10.0 64.487 0
035025 16.75 10.0 64.425 0
035056 16.75 10.0 64.487 0
035126 16.75 10.0 64.487 0
035157 16.75 10.0 64.425 0
035227 16.75 10.0 64.487 0
035258 16.75 10.0 64.425 0
035328 16.75 10.0 64.487 0
035358 16.75 10.0 64.425 0
035430 16.75 10.0 64.425 0
035500 16.75 10.0 64.425 0
035530 16.75 10.0 64.362 0
035601 16.75 10.0 64.362 0
035631 16.75 10.0 64.362 0
035701 16.75 10.0 64.237 0
035732 16.75 10.0 64.237 0
035802 16.75 10.0 64.3 0
035833 16.75 10.0 64.237 0
035903 16.75 10.0 64.237 0
035933 16.75 10.0 64.237 0
040003 16.75 10.0 64.237 0
040033 16.75 10.0 64.175 0
040104 16.75 10.0 64.175 0
040135 16.75 10.0 64.175 0
040205 16.75 10.0 64.112 0
040236 16.75 10.0 64.112 0
040306 16.75 10.0 64.112 0
040336 16.75 10.0 64.05 0
040406 16.75 10.0 64.05 0
040437 16.75 10.0 64.05 0
040507 16.75 10.0 64.05 0
040537 16.75 10.0 63.987 0
040607 16.75 10.0 63.987 0
040637 16.75 10.0 63.925 0
040708 16.75 10.0 63.925 0
040738 16.75 10.0 63.862 0
040808 16.75 10.0 63.862 0
040839 16.75 10.0 63.8 0
040909 16.75 10.0 63.8 0
040940 16.75 10.0 63.737 0
041012 16.687 10.0 63.737 0
041042 16.687 10.0 63.675 0
041112 16.687 10.0 63.675 0
041142 16.687 10.0 63.612 0
041213 16.687 10.0 63.612 0
041243 16.687 10.0 63.55 0
041314 16.687 10.0 63.55 0
041344 16.687 10.0 63.487 0
041414 16.687 10.0 63.487 0
041445 16.687 10.0 63.487 0
041515 16.687 10.0 63.425 0
041545 16.687 10.0 63.425 0
041615 16.687 10.0 63.362 0
041645 16.687 10.0 63.362 0
041716 16.687 10.0 63.3 0
041746 16.687 10.0 63.3 0
041816 16.687 10.0 63.3 0
041847 16.687 10.0 63.237 0
041918 16.687 10.0 63.237 0
041948 16.687 10.0 63.237 0
042018 16.687 10.0 63.175 0
042049 16.687 10.0 63.175 0
042119 16.687 10.0 63.112 0
042149 16.687 10.0 63.112 0
042220 16.687 10.0 63.05 0
042250 16.687 10.0 63.05 0
042320 16.687 10.0 63.05 0
042350 16.687 10.0 62.987 0
042420 16.687 10.0 62.987 0
042450 16.687 10.0 62.987 0
042521 16.625 10.0 62.925 0
042551 16.625 10.0 62.925 0
042622 16.625 10.0 62.862 0
042652 16.625 10.0 62.862 0
042723 16.625 10.0 62.862 0
042753 16.625 10.0 62.8 0
042824 16.625 10.0 62.8 0
042854 16.625 10.0 62.737 0
042924 16.625 10.0 62.737 0
042955 16.625 10.0 62.675 0
043025 16.687 10.0 62.612 0
043056 16.687 10.0 62.612 0
043126 16.687 10.0 62.55 0
043156 16.687 10.0 62.487 0
043227 16.687 10.0 62.487 0
043257 16.625 10.0 62.425 0
043328 16.625 10.0 62.425 0
043358 16.625 10.0 62.362 0
043428 16.625 10.0 62.362 0
043459 16.625 10.0 62.3 0
043529 16.625 10.0 62.3 0
043559 16.625 10.0 62.237 0
043630 16.625 10.0 62.237 0
043701 16.625 10.0 62.175 0
043731 16.625 10.0 62.175 0
043801 16.625 10.0 62.112 0
043831 16.625 10.0 62.112 0
043902 16.625 10.0 62.05 0
043932 16.625 10.0 62.05 0
044002 16.625 10.0 62.05 0
044032 16.625 10.0 61.987 0
044103 16.625 10.0 61.987 0
044133 16.625 10.0 61.925 0
044203 16.625 10.0 61.925 0
044233 16.625 10.0 61.862 0
044303 16.625 10.0 61.862 0
044333 16.625 10.0 61.862 0
044403 16.625 10.0 61.8 0
044434 16.625 10.0 61.862 0
044504 16.625 10.0 61.862 0
044535 16.562 10.0 61.925 0
044605 16.562 10.0 61.925 0
044635 16.562 10.0 61.987 0
044706 16.562 10.0 61.987 0
044736 16.562 10.0 61.987 0
044806 16.562 10.0 61.987 0
044836 16.562 10.0 61.987 0
044906 16.562 10.0 61.987 0
044937 16.562 10.0 61.925 0
045007 16.562 10.0 61.925 0
045037 16.562 10.0 61.925 0
045108 16.562 10.0 61.925 0
045138 16.562 10.0 61.862 0
045208 16.562 10.0 61.862 0
045238 16.562 10.0 61.8 0
045309 16.562 10.0 61.8 0
045339 16.562 10.0 61.737 0
045409 16.562 10.0 61.675 0
045439 16.562 10.0 61.675 0
045510 16.562 10.0 61.612 0
045540 16.562 10.0 61.612 0
045610 16.562 10.0 61.55 0
045640 16.562 10.0 61.55 0
045710 16.562 10.0 61.487 0
045741 16.562 10.0 61.487 0
045811 16.562 10.0 61.487 0
045842 16.562 10.0 61.425 0
045913 16.562 10.0 61.425 0
045943 16.562 10.0 61.362 0
050013 16.562 10.0 61.362 0
050043 16.562 10.0 61.3 0
050113 16.562 10.0 61.3 0
050143 16.562 10.0 61.3 0
050214 16.562 10.0 61.237 0
050244 16.562 10.0 61.237 0
050314 16.562 10.0 61.237 0
050345 16.562 10.0 61.175 0
050415 16.562 10.0 61.175 0
050446 16.562 10.0 61.112 0
050518 16.562 10.0 61.112 0
050549 16.562 10.0 61.05 0
050620 16.562 10.0 61.05 0
050650 16.562 10.0 61.05 0
050721 16.562 10.0 60.987 0
050751 16.5 10.0 60.987 0
050822 16.5 10.0 60.925 0
050852 16.5 10.0 60.925 0
050923 16.5 10.0 60.925 0
050953 16.5 10.0 60.862 0
051023 16.5 10.0 60.862 0
051054 16.5 10.0 60.8 0
051124 16.5 10.0 60.8 0
051154 16.5 10.0 60.8 0
051225 16.5 10.0 60.737 0
051255 16.5 10.0 60.737 0
051325 16.5 10.0 60.737 0
051356 16.5 10.0 60.675 0
051426 16.5 10.0 60.675 0
051457 16.5 10.0 60.612 0
051527 16.5 10.0 60.55 0
051558 16.5 10.0 60.487 0
051628 16.5 10.0 60.425 0
051658 16.5 10.0 60.425 0
051728 16.5 10.0 60.362 0
051758 16.5 10.0 60.362 0
051828 16.5 10.0 60.3 0
051859 16.5 10.0 60.3 0
051929 16.5 10.0 60.237 0
052000 16.5 10.0 60.237 0
052030 16.5 10.0 60.175 0
052101 16.5 10.0 60.175 0
052131 16.5 10.0 60.112 0
052201 16.5 10.0 60.112 0
052231 16.5 10.0 60.05 0
052301 16.5 10.0 59.987 0
052331 16.5 10.0 59.925 0
052402 16.5 10.0 59.987 0
052432 16.5 10.0 59.925 0
052502 16.5 10.0 59.925 0
052532 16.437 10.0 59.925 0
052602 16.437 10.0 59.925 0
052632 16.437 10.0 59.862 0
052702 16.437 10.0 59.862 0
052733 16.437 10.0 59.8 0
052803 16.437 10.0 59.675 0
052834 16.437 10.0 59.737 0
052904 16.437 10.0 59.737 0
052935 16.437 10.0 59.675 0
053005 16.437 10.0 59.675 0
053035 16.437 10.0 59.612 0
053105 16.437 10.0 59.612 0
053136 16.437 10.0 59.612 0
053206 16.437 10.0 59.55 0
053236 16.437 10.0 59.55 0
053306 16.437 10.0 59.487 0
053336 16.437 10.0 59.425 0
053406 16.437 10.0 59.425 0
053437 16.437 10.0 59.425 0
053507 16.437 10.0 59.425 0
053537 16.437 10.0 59.362 0
053608 16.437 10.0 59.362 0
053638 16.437 10.0 59.175 0
053708 16.437 10.0 59.175 0
053739 16.437 10.0 59.175 0
053809 16.437 10.0 59.05 0
053839 16.437 10.0 59.05 0
053910 16.437 10.0 58.987 0
053940 16.437 10.0 58.925 0
054010 16.437 10.0 58.862 0
054040 16.437 10.0 58.8 0
054111 16.437 10.0 58.8 0
054142 16.437 10.0 58.737 0
054212 16.437 10.0 58.737 0
054242 16.437 10.0 58.675 0
054312 16.437 10.0 58.675 0
054343 16.437 10.0 58.675 0
054413 16.437 10.0 58.612 0
054443 16.437 10.0 58.612 0
054513 16.437 10.0 58.55 0
054543 16.375 10.0 58.55 0
054613 16.375 10.0 58.55 0
054644 16.375 10.0 58.612 0
054715 16.375 10.0 58.612 0
054745 16.375 10.0 58.675 0
054815 16.375 10.0 58.675 0
054846 16.375 10.0 58.675 0
054916 16.375 10.0 58.675 0
054947 16.375 10.0 58.675 0
055017 16.375 10.0 58.675 0
055047 16.375 10.0 58.612 0
055118 16.375 10.0 58.612 0
055148 16.375 10.0 58.612 0
055218 16.375 10.0 58.612 0
055248 16.375 10.0 58.55 0
055318 16.375 10.0 58.55 0
055349 16.375 10.0 58.55 0
055419 16.375 10.0 58.487 0
055449 16.375 10.0 58.487 0
055520 16.375 10.0 58.487 0
055550 16.375 10.0 58.487 0
055620 16.375 10.0 58.487 0
055650 16.375 10.0 58.487 0
055721 16.375 10.0 58.487 0
055751 16.375 10.0 58.487 0
055821 16.375 10.0 58.425 0
055852 16.375 10.0 58.362 0
055922 16.375 10.0 58.362 0
055953 16.375 10.0 58.3 0
060026 16.375 10.0 58.237 0
060056 16.375 10.0 58.237 0
060126 16.375 10.0 58.175 0
060157 16.375 10.0 58.175 0
060227 16.375 10.0 58.112 0
060257 16.312 10.0 58.112 0
060327 16.312 10.0 58.05 0
060357 16.312 10.0 58.05 0
060428 16.312 10.0 57.987 0
060458 16.312 10.0 57.987 0
060528 16.375 10.0 57.925 0
060559 16.375 10.0 57.925 0
060629 16.375 10.0 57.925 0
060659 16.375 10.0 57.862 0
060730 16.375 10.0 57.862 0
060800 16.312 10.0 57.8 0
060830 16.312 10.0 57.8 0
060900 16.312 10.0 57.8 0
060930 16.312 10.0 57.737 0
061000 16.312 10.0 57.737 0
061030 16.312 10.0 57.675 0
061101 16.312 10.0 57.675 0
061131 16.312 10.0 57.675 0
061201 16.312 10.0 57.612 0
061231 16.312 10.0 57.612 0
061301 16.312 10.0 57.55 0
061331 16.312 10.0 57.55 0
061402 16.312 10.0 57.55 0
061432 16.312 10.0 57.487 0
061503 16.312 10.0 57.362 0
061534 16.312 10.0 57.425 0
061605 16.312 10.0 57.362 0
061635 16.312 10.0 57.425 0
061705 16.312 10.0 57.362 0
061736 16.312 10.0 57.362 0
061806 16.312 10.0 57.3 0
061836 16.312 10.0 57.3 0
061906 16.312 10.0 57.237 0
061936 16.312 10.0 57.175 0
062006 16.312 10.0 57.05 0
062036 16.312 10.0 57.05 0
062107 16.312 10.0 56.987 0
062138 16.312 10.0 56.925 0
062208 16.312 10.0 56.925 0
062238 16.312 10.0 56.862 0
062309 16.312 10.0 56.8 0
062339 16.312 10.0 56.8 0
062410 16.312 10.0 56.8 0
062440 16.312 10.0 56.737 0
062510 16.312 10.0 56.737 0
062541 16.312 10.0 56.737 0
062611 16.312 10.0 56.737 0
062641 16.312 10.0 56.737 0
062711 16.312 10.0 56.862 0
062742 16.312 10.0 57.112 0
062812 16.312 10.0 57.425 0
062843 16.312 10.0 57.862 0
062913 16.312 10.0 58.362 0
062944 16.312 10.0 58.987 0
063014 16.312 10.0 59.737 0
063044 16.25 10.0 60.487 0
063115 16.25 10.0 61.362 0
063145 16.25 10.0 62.237 0
063215 16.25 10.0 62.862 0
063246 16.25 10.0 63.362 0
063316 16.25 10.0 63.8 0
063347 16.25 10.0 64.175 0
063417 16.25 10.0 64.487 0
063447 16.25 10.0 64.737 0
063517 16.25 10.0 64.862 0
063547 16.25 10.0 64.987 0
063617 16.25 10.0 65.112 0
063648 16.25 10.0 65.237 0
063718 16.25 10.0 65.3 0
063749 16.25 10.0 65.362 0
063819 16.25 10.0 65.487 0
063849 16.25 10.0 65.55 0
063920 16.25 10.0 65.55 0
063950 16.25 10.0 65.55 0
064020 16.25 10.0 65.612 0
064050 16.25 10.0 65.675 0
064121 16.25 10.0 65.55 0
064151 16.25 10.0 65.612 0
064221 16.25 10.0 65.612 0
064252 16.25 10.0 65.612 0
064322 16.25 10.0 65.612 0
064352 16.25 10.0 65.612 0
064423 16.25 10.0 65.612 0
064453 16.25 10.0 65.612 0
064524 16.25 10.0 65.612 0
064554 16.25 10.0 65.675 0
064625 16.25 10.0 65.612 0
064655 16.25 10.0 65.675 0
064725 16.25 10.0 65.675 0
064756 16.25 10.0 65.675 0
064826 16.25 10.0 65.737 0
064857 16.25 10.0 65.8 0
064927 16.25 10.0 65.8 0
064957 16.25 10.0 65.8 0
065028 16.25 10.0 65.675 0
065058 16.25 10.0 65.675 0
065129 16.25 10.0 65.675 0
065159 16.25 10.0 65.675 0
065230 16.25 10.0 65.737 0
065301 16.25 10.0 65.8 0
065332 16.25 10.0 65.8 0
065402 16.25 10.0 65.8 0
065432 16.25 10.0 65.8 0
065502 16.25 10.0 65.8 0
065532 16.187 10.0 65.8 0
065602 16.187 10.0 65.737 0
065633 16.187 10.0 65.737 0
065703 16.187 10.0 65.737 0
065733 16.187 10.0 65.737 0
065803 16.187 10.0 65.737 0
065833 16.187 10.0 65.612 0
065904 16.187 10.0 65.612 0
065934 16.187 10.0 65.612 0
070005 16.187 10.0 65.612 0
070035 16.187 10.0 65.612 0
070105 16.187 10.0 65.55 0
070135 16.187 10.0 65.612 0
070205 16.187 10.0 65.612 0
070236 16.187 10.0 65.612 0
070306 16.187 10.0 65.55 0
070336 16.187 10.0 65.55 0
070407 16.187 10.0 65.612 0
070438 16.187 10.0 65.675 0
070508 16.187 10.0 65.612 0
070538 16.187 10.0 65.612 0
070608 16.187 10.0 65.55 0
070638 16.187 10.0 65.612 0
070708 16.187 10.0 65.55 0
070739 16.187 10.0 65.55 0
070809 16.187 10.0 65.612 0
070839 16.187 10.0 65.55 0
070909 16.187 10.0 65.55 0
070940 16.187 10.0 65.487 0
071010 16.187 10.0 65.55 0
071040 16.187 10.0 65.612 0
071110 16.187 10.0 65.612 0
071140 16.187 10.0 65.612 0
071210 16.187 10.0 65.612 0
071240 16.187 10.0 65.612 0
071311 16.125 10.0 65.55 0
071341 16.125 10.0 65.55 0
071411 16.125 10.0 65.55 0
071442 16.125 10.0 65.55 0
071512 16.125 10.0 65.55 0
071543 16.125 10.0 65.487 0
071613 16.125 10.0 65.487 0
071643 16.125 10.0 65.487 0
071714 16.125 10.0 65.487 0
071744 16.125 10.0 65.487 0
071814 16.187 10.0 65.487 0
071845 16.187 10.0 65.362 0
071915 16.187 10.0 65.3 0
071945 16.187 10.0 65.425 0
072015 16.187 10.0 65.3 0
072046 16.125 10.0 65.362 0
072116 16.125 10.0 65.362 0
072147 16.125 10.0 65.3 0
072217 16.125 10.0 65.362 0
072247 16.125 10.0 65.362 0
072317 16.125 10.0 65.3 0
072347 16.125 10.0 65.3 0
072417 16.125 10.0 65.3 0
072448 16.125 10.0 65.3 0
072519 16.125 10.0 65.175 0
072549 16.125 10.0 65.237 0
072619 16.125 10.0 65.237 0
072649 16.125 10.0 65.237 0
072719 16.125 10.0 65.237 0
072750 16.125 10.0 65.112 0
072820 16.125 10.0 65.05 0
072850 16.125 10.0 65.05 0
072921 16.125 10.0 65.05 0
072951 16.125 10.0 64.987 0
073021 16.125 10.0 64.987 0
073051 16.125 10.0 64.987 0
073121 16.125 10.0 64.987 0
073152 16.125 10.0 64.925 0
073222 16.125 10.0 64.925 0
073253 16.125 10.0 64.925 0
073323 16.125 10.0 65.05 0
073354 16.125 10.0 65.175 0
073424 16.125 10.0 65.237 0
073454 16.125 10.0 65.3 0
073525 16.125 10.0 65.3 0
073555 16.125 10.0 65.3 0
073626 16.125 10.0 65.362 0
073656 16.125 10.0 65.362 0
073726 16.125 10.0 65.362 0
073756 16.125 10.0 65.362 0
073827 16.125 10.0 65.3 0
073857 16.125 10.0 65.3 0
073927 16.125 10.0 65.3 0
073957 16.125 10.0 65.3 0
074028 16.125 10.0 65.237 0
074058 16.062 10.0 65.237 0
074128 16.062 10.0 65.237 0
074159 16.062 10.0 65.237 0
074229 16.062 10.0 65.237 0
074259 16.062 10.0 65.175 0
074330 16.062 10.0 65.112 0
074400 16.062 10.0 64.987 0
074430 16.062 10.0 64.925 0
074500 16.062 10.0 64.925 0
074530 16.062 10.0 64.925 0
074600 16.062 10.0 64.862 0
074631 16.062 10.0 64.862 0
074702 16.062 10.0 64.925 0
074733 16.062 10.0 64.925 0
074803 16.062 10.0 64.925 0
074833 16.062 10.0 64.925 0
074904 16.062 10.0 64.925 0
074935 16.062 10.0 64.862 0
075005 16.062 10.0 64.862 0
075036 16.062 10.0 64.862 0
075106 16.062 10.0 64.8 0
075136 16.062 10.0 64.8 0
075206 16.062 10.0 64.8 0
075237 16.062 10.0 64.737 0
075307 16.062 10.0 64.737 0
075337 16.0 10.0 64.737 0
075407 16.0 10.0 64.737 0
075437 16.0 10.0 64.675 0
075508 16.0 10.0 64.675 0
075538 16.0 10.0 64.675 0
075608 16.0 10.0 64.612 0
075638 16.0 10.0 64.612 0
075708 16.0 10.0 64.612 0
075738 16.0 10.0 64.55 0
075809 16.0 10.0 64.55 0
075839 16.062 10.0 64.55 0
075909 16.062 10.0 64.487 0
075939 16.062 10.0 64.487 0
080009 16.062 10.0 64.487 0
080039 16.062 10.0 64.425 0
080109 16.0 10.0 64.425 0
080140 16.0 10.0 64.425 0
080210 16.0 10.0 64.425 0
080240 16.0 10.0 64.362 0
080313 16.0 10.0 64.362 0
080343 16.0 10.0 64.362 0
080413 16.0 10.0 64.3 0
080444 16.0 10.0 64.3 0
080514 16.0 10.0 64.3 0
080544 16.0 10.0 64.237 0
080614 16.0 10.0 64.237 0
080644 16.0 10.0 64.237 0
080714 16.0 10.0 64.175 0
080745 16.0 10.0 64.175 0
080815 16.0 10.0 64.112 0
080845 16.0 10.0 64.112 0
080915 16.0 10.0 64.112 0
080945 16.0 10.0 64.05 0
081016 16.0 10.0 64.05 0
081047 16.0 10.0 64.05 0
081118 16.0 10.0 63.987 0
081149 16.0 10.0 63.987 0
081219 16.0 10.0 63.987 0
081250 16.0 10.0 63.925 0
081320 16.0 10.0 63.925 0
081350 16.0 10.0 63.862 0
081421 16.0 10.0 63.862 0
081451 16.0 10.0 63.8 0
081521 16.0 10.0 63.8 0
081552 16.0 10.0 63.737 0
081622 16.0 10.0 63.737 0
081653 16.0 10.0 63.737 0
081723 16.0 10.0 63.675 0
081754 16.0 10.0 63.675 0
081825 16.0 10.0 63.612 0
081856 16.0 10.0 63.612 0
081926 16.0 10.0 63.612 0
081956 16.0 10.0 63.55 0
082026 16.0 10.0 63.55 0
082057 16.0 10.0 63.487 0
082127 16.0 10.0 63.487 0
082157 16.0 10.0 63.487 0
082227 16.0 10.0 63.425 0
082257 16.0 10.0 63.425 0
082328 15.937 10.0 63.425 0
082358 15.937 10.0 63.362 0
082428 15.937 10.0 63.362 0
082459 15.937 10.0 63.3 0
082529 15.937 10.0 63.3 0
082600 15.937 10.0 63.3 0
082630 15.937 10.0 63.237 0
082700 15.937 10.0 63.237 0
082731 15.937 10.0 63.175 0
082802 15.937 10.0 63.175 0
082832 15.937 10.0 63.175 0
082902 15.937 10.0 63.112 0
082932 15.937 10.0 63.112 0
083003 15.937 10.0 63.05 0
083033 15.937 10.0 63.05 0
083103 15.937 10.0 63.05 0
083133 15.937 10.0 62.987 0
083203 15.937 10.0 62.987 0
083234 15.937 10.0 62.987 0
083304 15.937 10.0 62.925 0
083334 15.937 10.0 62.925 0
083405 15.937 10.0 62.862 0
083435 15.937 10.0 62.925 0
083505 15.937 10.0 62.925 0
083536 15.937 10.0 63.05 0
083606 15.937 10.0 63.05 0
083636 15.937 10.0 63.112 0
083707 15.937 10.0 63.112 0
083738 15.937 10.0 63.112 0
083808 15.937 10.0 63.112 0
083838 15.937 10.0 63.112 0
083909 15.937 10.0 63.05 0
083939 15.937 10.0 63.05 0
084009 15.937 10.0 63.05 0
084040 15.937 10.0 62.987 0
084110 15.937 10.0 62.987 0
084140 15.937 10.0 62.987 0
084210 15.937 10.0 62.987 0
084240 15.937 10.0 62.925 0
084311 15.937 10.0 62.925 0
084341 15.937 10.0 62.925 0
084411 15.937 10.0 62.862 0
084442 15.937 10.0 62.862 0
084512 15.937 10.0 62.8 0
084542 15.937 10.0 62.8 0
084612 15.937 10.0 62.8 0
084642 15.937 10.0 62.737 0
084713 15.937 10.0 62.737 0
084743 15.937 10.0 62.675 0
084813 15.937 10.0 62.675 0
084844 15.937 10.0 62.675 0
084914 15.937 10.0 62.612 0
084944 15.937 10.0 62.612 0
085015 15.937 10.0 62.55 0
085045 15.937 10.0 62.55 0
085116 15.875 10.0 62.55 0
085146 15.875 10.0 62.487 0
085216 15.875 10.0 62.487 0
085246 15.875 10.0 62.425 0
085316 15.875 10.0 62.425 0
085347 15.875 10.0 62.362 0
085417 15.875 10.0 62.362 0
085447 15.875 10.0 62.3 0
085517 15.875 10.0 62.3 0
085547 15.875 10.0 62.3 0
085617 15.875 10.0 62.237 0
085648 15.875 10.0 62.237 0
085718 15.875 10.0 62.175 0
085748 15.875 10.0 62.175 0
085820 15.875 10.0 62.112 0
085851 15.875 20.0 62.05 0
085921 15.875 20.0 61.987 50
085951 15.875 20.0 61.925 50
090021 15.875 20.0 61.8 50
090051 15.875 20.0 61.675 50
090122 15.875 20.0 61.487 50
090152 15.875 20.0 61.237 50
090223 15.875 20.0 60.987 50
090253 15.875 20.0 60.675 50
090324 15.875 20.0 60.3 50
090354 15.875 20.0 59.925 0
090425 15.875 20.0 59.487 0
090456 15.875 20.0 59.175 0
090526 15.875 20.0 58.987 0
090556 15.937 20.0 58.862 0
090626 15.937 20.0 58.737 0
090657 15.937 20.0 58.612 0
090728 15.937 20.0 58.55 0
090758 15.937 20.0 58.487 0
090828 16.0 20.0 58.487 0
090858 16.0 20.0 58.425 0
090929 16.0 20.0 58.362 0
090959 16.0 20.0 58.3 0
091029 16.0 20.0 58.3 0
091059 16.0 20.0 58.237 0
091130 16.0 20.0 58.175 0
091200 16.0 20.0 58.112 0
091231 16.0 20.0 58.112 0
091301 16.0 20.0 58.05 0
091332 16.062 20.0 57.987 0
091402 16.062 20.0 57.987 0
091433 16.062 20.0 57.925 0
091503 16.062 20.0 57.862 0
091533 16.062 20.0 57.862 0
091604 16.187 20.0 57.8 0
091634 16.187 20.0 57.737 0
091705 16.187 20.0 57.737 0
091735 16.187 20.0 57.675 0
091806 16.187 20.0 57.612 0
091837 16.5 20.0 57.55 0
091907 16.5 20.0 57.55 0
091937 16.5 20.0 57.487 0
092007 16.5 20.0 57.362 0
092037 16.5 20.0 57.112 0
092108 16.625 20.0 56.8 0
092138 16.625 20.0 56.487 0
092208 16.625 20.0 56.237 0
092239 16.625 20.0 56.112 0
092309 16.625 20.0 56.05 0
092340 16.75 20.0 55.987 0
092410 16.75 20.0 56.05 0
092441 16.75 20.0 56.175 0
092511 16.75 20.0 56.3 0
092541 16.75 20.0 56.487 0
092611 16.937 20.0 56.737 0
092641 16.937 20.0 57.05 0
092712 16.937 20.0 57.362 0
092743 16.937 20.0 57.737 0
092814 16.937 20.0 58.05 0
092844 17.0 20.0 58.487 0
092915 17.0 20.0 58.862 0
092945 17.0 20.0 59.237 0
093015 17.0 20.0 59.612 0
093045 17.0 20.0 60.05 50
093115 17.125 20.0 60.425 50
093146 17.125 20.0 60.862 50
093216 17.125 20.0 61.05 50
093246 17.125 20.0 61.237 50
093317 17.125 20.0 61.3 50
093347 17.125 20.0 61.3 50
093418 17.125 20.0 61.3 50
093448 17.125 20.0 61.237 50
093518 17.125 20.0 61.175 50
093549 17.125 20.0 61.112 50
093619 17.25 20.0 61.05 50
093649 17.25 20.0 60.987 50
093720 17.25 20.0 60.925 50
093750 17.25 20.0 60.862 50
093821 17.25 20.0 60.8 50
093851 17.375 20.0 60.737 50
093921 17.375 20.0 60.612 50
093952 17.375 20.0 60.487 50
094022 17.375 20.0 60.237 50
094052 17.375 20.0 59.55 0
094123 17.562 20.0 58.8 0
094153 17.562 20.0 58.237 0
094224 17.562 20.0 57.862 0
094254 17.562 20.0 57.612 0
094327 17.75 20.0 57.487 0
094357 17.75 20.0 57.3 0
094428 17.75 20.0 57.175 0
094458 17.75 20.0 57.112 0
094528 17.75 20.0 57.05 0
094559 17.812 20.0 56.987 0
094629 17.812 20.0 56.987 0
094700 17.812 20.0 56.987 0
094730 17.812 20.0 56.987 0
094800 17.812 20.0 56.987 0
094830 17.875 20.0 56.987 0
094900 17.875 20.0 57.05 0
094930 17.875 20.0 57.175 0
095000 17.875 20.0 57.237 0
095030 17.875 20.0 57.425 0
095101 17.937 20.0 57.675 0
095131 17.937 20.0 58.05 0
095201 17.937 20.0 58.55 0
095231 17.937 20.0 59.3 0
095302 17.937 20.0 60.175 50
095332 18.0 20.0 61.112 50
095402 18.0 20.0 62.05 50
095432 18.0 20.0 62.8 50
095502 18.0 20.0 63.487 50
095533 18.0 20.0 63.925 50
095603 18.062 20.0 64.237 50
095633 18.062 20.0 64.425 50
095703 18.062 20.0 64.55 50
095733 18.062 20.0 64.675 50
095803 18.062 20.0 64.8 50
095833 18.187 20.0 64.862 50
095904 18.187 20.0 64.862 50
095934 18.187 20.0 64.925 50
100005 18.187 20.0 64.925 50
100035 18.187 20.0 64.925 50
100105 18.375 20.0 64.862 50
100135 18.375 20.0 64.862 50
100205 18.375 20.0 64.8 50
100235 18.375 20.0 64.737 50
100305 18.375 20.0 64.55 50
100336 18.5 20.0 64.112 50
100406 18.5 20.0 63.175 50
100436 18.5 20.0 61.862 50
100506 18.5 20.0 60.175 50
100537 18.5 20.0 58.112 50
100607 18.5 20.0 55.987 50
100637 18.5 20.0 53.925 0
100707 18.5 20.0 52.237 0
100737 18.5 20.0 51.175 0
100808 18.5 20.0 50.55 0
100839 18.625 20.0 50.362 0
100909 18.625 20.0 50.362 0
100939 18.625 20.0 50.737 0
101010 18.625 20.0 51.237 0
101040 18.625 20.0 51.862 0
101110 18.687 20.0 52.612 0
101141 18.687 20.0 53.487 0
101211 18.687 20.0 54.55 50
101242 18.687 20.0 55.675 50
101312 18.687 20.0 56.737 50
101342 18.687 20.0 57.737 50
101412 18.687 20.0 58.737 50
101442 18.687 20.0 59.675 50
101512 18.687 20.0 60.487 50
101542 18.687 20.0 61.3 50
101613 18.687 20.0 62.05 50
101643 18.687 20.0 62.675 50
101713 18.687 20.0 63.112 50
101743 18.687 20.0 63.425 50
101813 18.687 20.0 63.612 50
101843 18.75 20.0 63.8 50
101914 18.75 20.0 63.925 50
101944 18.75 20.0 63.987 50
102014 18.75 20.0 64.05 50
102044 18.75 20.0 64.05 50
102114 18.875 20.0 64.112 50
102144 18.875 20.0 64.05 50
102214 18.875 20.0 64.05 50
102245 18.875 20.0 63.987 50
102315 18.875 20.0 63.925 50
102345 18.937 20.0 63.8 50
102415 18.937 20.0 63.675 50
102445 18.937 20.0 63.425 50
102515 18.937 20.0 63.05 50
102545 18.937 20.0 62.487 50
102616 19.0 20.0 61.675 50
102646 19.0 20.0 60.55 50
102716 19.0 20.0 59.05 50
102746 19.0 20.0 57.487 50
102817 19.0 20.0 56.175 50
102847 19.062 20.0 55.112 50
102918 19.062 20.0 54.362 50
102948 19.062 20.0 53.862 0
103019 19.062 20.0 53.55 0
103050 19.062 20.0 53.55 0
103120 19.125 20.0 53.737 0
103150 19.125 20.0 54.175 50
103220 19.125 20.0 54.862 50
103250 19.125 20.0 55.612 50
103320 19.125 20.0 56.55 50
103351 19.125 20.0 57.425 50
103421 19.125 20.0 58.3 50
103452 19.125 20.0 59.237 50
103522 19.125 20.0 60.112 50
103552 19.125 20.0 60.862 50
103623 19.125 20.0 61.675 50
103653 19.125 20.0 62.3 50
103723 19.125 20.0 62.737 50
103753 19.125 20.0 63.05 50
103823 19.125 20.0 63.3 50
103853 19.125 20.0 63.487 50
103923 19.125 20.0 63.612 50
103953 19.125 20.0 63.675 50
104024 19.125 20.0 63.737 50
104054 19.125 20.0 63.8 50
104125 19.187 20.0 63.8 50
104155 19.187 20.0 63.862 50
104226 19.187 20.0 63.8 50
104256 19.187 20.0 63.8 50
104327 19.187 20.0 63.737 50
104358 19.187 20.0 63.675 50
104428 19.187 20.0 63.612 50
104458 19.187 20.0 63.487 50
104528 19.187 20.0 63.362 50
104558 19.187 20.0 63.05 50
104629 19.25 20.0 62.612 50
104659 19.25 20.0 62.05 50
104730 19.25 20.0 61.237 50
104800 19.25 20.0 60.3 50
104830 19.25 20.0 59.3 50
104900 19.312 20.0 58.3 50
104930 19.312 20.0 57.237 50
105000 19.312 20.0 56.237 50
105031 19.312 20.0 55.362 50
105101 19.312 20.0 54.737 50
105131 19.375 20.0 54.3 50
105201 19.375 20.0 54.05 50
105231 19.375 20.0 53.987 0
105301 19.375 20.0 54.175 50
105332 19.375 20.0 54.55 50
105402 19.437 20.0 55.112 50
105432 19.437 20.0 55.925 50
105502 19.437 20.0 56.737 50
105532 19.437 20.0 57.55 50
105602 19.437 20.0 58.362 50
105633 19.437 20.0 59.175 50
105704 19.437 20.0 59.987 50
105734 19.437 20.0 60.675 50
105804 19.437 20.0 61.487 50
105834 19.437 20.0 62.237 50
105904 19.375 20.0 62.675 50
105934 19.375 20.0 63.05 50
110005 19.375 20.0 63.237 50
110035 19.375 20.0 63.362 50
110105 19.375 20.0 63.55 50
110136 19.437 20.0 63.612 50
110206 19.437 20.0 63.675 50
110236 19.437 20.0 63.675 50
110306 19.437 20.0 63.737 50
110336 19.437 20.0 63.675 50
110406 19.437 20.0 63.675 50
110437 19.437 20.0 63.612 50
110507 19.437 20.0 63.612 50
110537 19.437 20.0 63.487 50
110608 19.437 20.0 63.425 50
110638 19.5 20.0 63.3 50
110708 19.5 20.0 63.05 50
110739 19.5 20.0 62.737 50
110810 19.5 20.0 62.237 50
110842 19.562 20.0 61.55 50
110912 19.562 20.0 60.612 50
110943 19.562 20.0 59.425 50
111013 19.562 20.0 58.175 50
111043 19.562 20.0 57.05 50
111113 19.625 20.0 56.112 50
111143 19.625 20.0 55.362 50
111213 19.625 20.0 54.8 50
111243 19.625 20.0 54.362 50
111314 19.625 20.0 54.112 50
111344 19.75 20.0 54.112 50
111414 19.75 20.0 54.237 50
111444 19.75 20.0 54.675 50
111514 19.75 20.0 55.3 50
111544 19.75 20.0 56.112 50
111615 19.812 20.0 56.925 50
111645 19.812 20.0 57.675 50
111715 19.812 20.0 58.55 50
111745 19.812 20.0 59.425 50
111815 19.812 20.0 60.237 50
111845 19.812 20.0 61.05 50
111915 19.812 20.0 61.8 50
111946 19.812 20.0 62.425 50
112016 19.812 20.0 62.8 50
112046 19.812 20.0 63.112 50
112116 19.75 20.0 63.3 50
112146 19.75 20.0 63.425 50
112216 19.75 20.0 63.55 50
112247 19.75 20.0 63.675 50
112317 19.75 20.0 63.675 50
112347 19.687 20.0 63.737 50
112418 19.687 20.0 63.737 50
112448 19.687 20.0 63.737 50
112518 19.687 20.0 63.675 50
112548 19.687 20.0 63.675 50
112618 19.687 20.0 63.612 50
112648 19.687 20.0 63.55 50
112719 19.687 20.0 63.487 50
112750 19.687 20.0 63.362 50
112820 19.687 20.0 63.175 50
112850 19.562 20.0 62.862 50
112920 19.562 20.0 62.425 50
112951 19.562 20.0 61.8 50
113021 19.562 20.0 61.05 50
113051 19.562 20.0 60.112 50
113121 19.5 20.0 59.112 50
113151 19.5 20.0 58.05 50
113221 19.5 20.0 56.987 50
113251 19.5 20.0 56.05 50
113322 19.5 20.0 55.362 50
113352 19.5 20.0 54.862 50
113422 19.5 20.0 54.487 50
113452 19.5 20.0 54.3 50
113522 19.5 20.0 54.237 50
113552 19.5 20.0 54.425 50
113623 19.437 20.0 54.8 50
113653 19.437 20.0 55.362 50
113723 19.437 20.0 56.112 50
113753 19.437 20.0 56.862 50
113824 19.437 20.0 57.612 50
113854 19.562 20.0 58.425 50
113924 19.562 20.0 59.175 50
113955 19.562 20.0 60.05 50
114025 19.562 20.0 60.862 50
114056 19.562 20.0 61.55 50
114126 19.625 20.0 62.237 50
114156 19.625 20.0 62.737 50
114226 19.625 20.0 63.112 50
114257 19.625 20.0 63.362 50
114327 19.625 20.0 63.55 50
114357 19.625 20.0 63.675 50
114427 19.625 20.0 63.8 50
114457 19.625 20.0 63.925 50
114527 19.625 20.0 63.925 50
114557 19.625 20.0 63.987 50
114628 19.625 20.0 63.987 50
114658 19.625 20.0 63.987 50
114728 19.625 20.0 63.987 50
114758 19.625 20.0 63.925 50
114828 19.625 20.0 63.862 50
114858 19.75 20.0 63.8 50
114929 19.75 20.0 63.675 50
114959 19.75 20.0 63.487 50
115029 19.75 20.0 63.237 50
115100 19.75 20.0 62.8 50
115130 19.812 20.0 62.237 50
115200 19.812 20.0 61.487 50
115230 19.812 20.0 60.675 50
115300 19.812 20.0 59.737 50
115331 19.812 20.0 58.675 50
115401 19.812 20.0 57.612 50
115431 19.812 20.0 56.737 50
115501 19.812 20.0 56.05 50
115531 19.812 20.0 55.425 50
115601 19.812 20.0 54.987 50
115632 19.812 20.0 54.737 50
115702 19.812 20.0 54.55 50
115733 19.812 20.0 54.55 50
115803 19.812 20.0 54.737 50
115833 19.812 20.0 55.237 50
115904 19.812 20.0 55.987 50
115934 19.812 20.0 56.8 50
120005 19.812 20.0 57.612 50
120035 19.812 20.0 58.425 50
120106 19.812 20.0 59.237 50
120136 19.812 20.0 60.05 50
120206 19.812 20.0 60.8 50
120236 19.812 20.0 61.612 50
120306 19.812 20.0 62.3 50
120336 19.812 20.0 62.8 50
120407 19.812 20.0 63.175 50
120437 19.812 20.0 63.362 50
120507 19.812 20.0 63.487 50
120538 19.812 20.0 63.675 50
120608 19.812 20.0 63.737 50
120638 19.812 20.0 63.8 50
120709 19.812 20.0 63.862 50
120739 19.812 20.0 63.862 50
120809 19.812 20.0 63.862 50
120839 19.812 20.0 63.862 50
120909 19.937 20.0 63.8 50
120940 19.937 20.0 63.737 50
121010 19.937 20.0 63.675 50
121040 19.937 20.0 63.612 50
121110 19.937 20.0 63.487 50
121141 20.0 20.0 63.3 50
121211 20.0 20.0 62.987 50
121241 20.0 20.0 62.55 50
121311 20.0 20.0 61.987 50
121341 20.0 20.0 61.3 50
121411 20.062 20.0 60.487 0
121442 20.062 20.0 59.925 0
121513 20.062 20.0 59.487 0
121544 20.062 20.0 59.112 0
121614 20.062 20.0 58.612 0
121645 20.125 20.0 58.112 0
121715 20.125 20.0 57.737 0
121745 20.125 20.0 57.487 0
121816 20.125 20.0 57.3 0
121849 20.062 20.0 57.175 0
121919 20.062 20.0 57.05 0
121949 20.062 20.0 56.987 0
122019 20.062 20.0 56.987 0
122049 20.062 20.0 56.987 0
122119 20.125 20.0 56.987 0
122150 20.125 20.0 57.112 0
122220 20.125 20.0 57.3 0
122250 20.125 20.0 57.675 0
122321 20.125 20.0 58.3 0
122351 20.125 20.0 59.112 0
122421 20.125 20.0 60.05 0
122451 20.125 20.0 61.112 0
122522 20.125 20.0 62.237 0
122552 20.125 20.0 63.175 0
122622 20.062 20.0 63.862 0
122652 20.062 20.0 64.487 0
122723 20.062 20.0 64.925 0
122753 20.062 20.0 65.362 0
122823 20.062 20.0 65.675 0
122853 20.062 20.0 65.925 0
122924 20.062 20.0 66.05 0
122954 20.062 20.0 66.175 0
123025 20.062 20.0 66.3 0
123055 20.062 20.0 66.425 0
123125 19.937 20.0 66.487 50
123156 19.937 20.0 66.55 50
123226 19.937 20.0 66.675 50
123256 19.937 20.0 66.737 50
123326 19.937 20.0 66.8 50
123356 19.875 20.0 66.8 50
123426 19.875 20.0 66.862 50
123457 19.875 20.0 66.862 50
123527 19.875 20.0 66.862 50
123558 19.875 20.0 66.862 50
123628 19.937 20.0 66.862 50
123659 19.937 20.0 66.925 50
123729 19.937 20.0 66.862 50
123759 19.937 20.0 66.862 50
123829 19.937 20.0 66.8 50
123900 19.937 20.0 66.8 50
123930 19.937 20.0 66.737 50
124000 19.937 20.0 66.675 50
124031 19.937 20.0 66.612 50
124102 19.937 20.0 66.362 50
124133 20.0 20.0 65.862 50
124203 20.0 20.0 64.862 50
124233 20.0 20.0 63.3 50
124303 20.0 20.0 61.237 50
124333 20.0 20.0 58.737 0
124403 20.187 20.0 56.55 0
124433 20.187 20.0 55.237 0
124504 20.187 20.0 54.425 0
124534 20.187 20.0 53.925 0
124605 20.187 20.0 53.612 0
124635 20.125 20.0 53.487 0
124706 20.125 20.0 53.425 0
124736 20.125 20.0 53.55 0
124806 20.125 20.0 53.737 0
124836 20.125 20.0 54.112 0
124907 20.375 20.0 54.55 0
124937 20.375 20.0 55.112 0
125007 20.375 20.0 55.862 0
125038 20.375 20.0 56.862 0
125108 20.375 20.0 57.925 0
125139 20.312 20.0 58.987 0
125209 20.312 20.0 60.05 0
125239 20.312 20.0 61.05 0
125309 20.312 20.0 61.987 0
125339 20.312 20.0 62.925 0
125410 20.25 20.0 63.675 0
125440 20.25 20.0 64.3 0
125510 20.25 20.0 64.8 0
125540 20.25 20.0 65.237 0
125611 20.25 20.0 65.612 0
125641 20.312 20.0 65.925 0
125712 20.312 20.0 66.112 0
125742 20.312 20.0 66.3 0
125812 20.312 20.0 66.425 0
125842 20.312 20.0 66.487 0
125913 20.187 20.0 66.55 0
125943 20.187 20.0 66.612 0
130013 20.187 20.0 66.675 0
130044 20.187 20.0 66.737 0
130114 20.187 20.0 66.8 0
130144 20.125 20.0 66.862 0
130214 20.125 20.0 66.862 0
130244 20.125 20.0 66.925 0
130315 20.125 20.0 66.987 0
130345 20.125 20.0 67.05 0
130416 20.0 20.0 67.05 0
130446 20.0 20.0 67.112 0
130517 20.0 20.0 67.112 0
130547 20.0 20.0 67.175 0
130617 20.0 20.0 67.175 0
130647 20.0 20.0 67.175 0
130717 20.0 20.0 67.175 0
130747 20.0 20.0 67.175 0
130817 20.0 20.0 67.237 0
130848 20.0 20.0 67.237 0
130919 19.875 20.0 67.237 50
130950 19.875 20.0 67.3 50
131020 19.875 20.0 67.3 50
131051 19.875 20.0 67.3 50
131121 19.875 20.0 67.362 50
131152 19.875 20.0 67.362 50
131222 19.875 20.0 67.362 50
131253 19.875 20.0 67.3 50
131323 19.875 20.0 67.3 50
131353 19.875 20.0 67.362 50
131424 19.812 20.0 67.3 50
131454 19.812 20.0 67.3 50
131524 19.812 20.0 67.3 50
131554 19.812 20.0 67.3 50
131624 19.812 20.0 67.237 50
131654 19.875 20.0 67.175 50
131725 19.875 20.0 67.175 50
131755 19.875 20.0 67.05 50
131825 19.875 20.0 66.925 50
131858 20.0 20.0 66.487 50
131929 20.0 20.0 65.675 50
131959 20.0 20.0 64.3 50
132029 20.0 20.0 62.362 50
132059 20.0 20.0 59.925 0
132129 20.125 20.0 57.237 0
132159 20.125 20.0 55.487 0
132230 20.125 20.0 54.425 0
132300 20.125 20.0 53.737 0
132330 20.125 20.0 53.425 0
132400 20.125 20.0 53.112 0
132431 20.125 20.0 52.987 0
132501 20.125 20.0 52.987 0
132531 20.125 20.0 52.862 0
132601 20.125 20.0 52.987 0
132632 20.187 20.0 53.175 0
132702 20.187 20.0 53.612 0
132732 20.187 20.0 54.237 0
132803 20.187 20.0 54.925 0
132833 20.187 20.0 55.737 0
132904 20.125 20.0 56.612 0
132934 20.125 20.0 57.55 0
133004 20.125 20.0 58.612 0
133035 20.125 20.0 59.675 0
133105 20.125 20.0 60.8 0
133135 20.062 20.0 61.8 0
133205 20.062 20.0 62.737 0
133235 20.062 20.0 63.487 0
133306 20.062 20.0 64.05 0
133336 20.062 20.0 64.487 0
133406 19.937 20.0 64.862 50
133437 19.937 20.0 65.112 50
133507 19.937 20.0 65.3 50
133537 19.937 20.0 65.425 50
133607 19.937 20.0 65.55 50
133637 19.875 20.0 65.612 50
133707 19.875 20.0 65.675 50
133738 19.875 20.0 65.737 50
133808 19.875 20.0 65.737 50
133838 19.875 20.0 65.737 50
133908 19.937 20.0 65.737 50
133938 19.937 20.0 65.737 50
134008 19.937 20.0 65.737 50
134038 19.937 20.0 65.737 50
134109 19.937 20.0 65.675 50
134139 20.125 20.0 65.675 0
134209 20.125 20.0 65.612 0
134239 20.125 20.0 65.612 0
134309 20.125 20.0 65.612 0
134339 20.125 20.0 65.55 0
134410 20.25 20.0 65.55 0
134440 20.25 20.0 65.55 0
134511 20.25 20.0 65.487 0
134541 20.25 20.0 65.487 0
134612 20.25 20.0 65.487 0
134642 20.25 20.0 65.425 0
134713 20.25 20.0 65.425 0
134743 20.25 20.0 65.425 0
134813 20.25 20.0 65.425 0
134843 20.25 20.0 65.362 0
134913 20.375 20.0 65.362 0
134943 20.375 20.0 65.362 0
135013 20.375 20.0 65.3 0
135044 20.375 20.0 65.237 0
135114 20.375 20.0 65.237 0
135144 20.312 20.0 65.175 0
135214 20.312 20.0 65.175 0
135245 20.312 20.0 65.112 0
135315 20.312 20.0 65.112 0
135345 20.312 20.0 65.05 0
135415 20.312 20.0 65.05 0
135446 20.312 20.0 64.987 0
135516 20.312 20.0 64.987 0
135546 20.312 20.0 64.925 0
135616 20.312 20.0 64.925 0
135646 20.25 20.0 64.862 0
135716 20.25 20.0 64.862 0
135747 20.25 20.0 64.8 0
135817 20.25 20.0 64.8 0
135848 20.25 20.0 64.737 0
135918 20.187 20.0 64.737 0
135949 20.187 20.0 64.675 0
140019 20.187 20.0 64.675 0
140049 20.187 20.0 64.612 0
140120 20.187 20.0 64.55 0
140150 20.062 20.0 64.55 0
140220 20.062 20.0 64.487 0
140251 20.062 20.0 64.487 0
140322 20.062 20.0 64.425 0
140352 20.062 20.0 64.425 0
140422 19.875 20.0 64.362 50
140453 19.875 20.0 64.3 50
140523 19.875 20.0 64.175 50
140553 19.875 20.0 63.862 50
140623 19.875 20.0 63.3 50
140653 19.812 20.0 62.487 50
140723 19.812 20.0 61.425 50
140754 19.812 20.0 60.175 50
140824 19.812 20.0 58.862 0
140854 19.812 20.0 57.925 0
140925 19.75 20.0 57.3 0
140955 19.75 20.0 56.925 0
141025 19.75 20.0 56.675 0
141055 19.75 20.0 56.487 0
141125 19.75 20.0 56.362 0
141156 19.812 20.0 56.237 0
141226 19.812 20.0 55.925 0
141256 19.812 20.0 55.55 0
141326 19.812 20.0 55.3 0
141356 19.812 20.0 55.237 0
141426 19.937 20.0 55.3 0
141457 19.937 20.0 55.55 0
141527 19.937 20.0 55.862 0
141558 19.937 20.0 56.3 0
141628 19.937 20.0 56.8 0
141658 19.937 20.0 57.425 0
141728 19.937 20.0 58.05 0
141759 19.937 20.0 58.925 0
141829 19.937 20.0 59.925 0
141859 19.937 20.0 60.925 50
141929 20.062 20.0 61.925 0
142000 20.062 20.0 62.8 0
142030 20.062 20.0 63.425 0
142100 20.062 20.0 63.987 0
142131 20.062 20.0 64.362 0
142201 20.062 20.0 64.737 0
142231 20.062 20.0 64.987 0
142301 20.062 20.0 65.237 0
142332 20.062 20.0 65.362 0
142402 20.062 20.0 65.487 0
142432 20.0 20.0 65.612 0
142502 20.0 20.0 65.675 0
142533 20.0 20.0 65.737 0
142603 20.0 20.0 65.8 0
142635 19.937 20.0 65.862 0
142705 19.937 20.0 65.925 50
142736 19.937 20.0 65.925 50
142806 19.937 20.0 65.987 50
142837 19.937 20.0 66.05 50
142907 19.812 20.0 66.05 50
142937 19.812 20.0 66.05 50
143007 19.812 20.0 66.112 50
143038 19.812 20.0 65.987 50
143109 19.812 20.0 66.05 50
143140 19.75 20.0 65.987 50
143210 19.75 20.0 65.987 50
143240 19.75 20.0 66.05 50
143310 19.75 20.0 66.05 50
143341 19.75 20.0 65.987 50
143411 19.875 20.0 65.987 50
143441 19.875 20.0 65.925 50
143511 19.875 20.0 65.862 50
143541 19.875 20.0 65.737 50
143612 19.875 20.0 65.425 50
143642 20.0 20.0 64.737 50
143712 20.0 20.0 63.425 50
143743 20.0 20.0 61.3 50
143813 20.0 20.0 58.675 0
143843 20.0 20.0 56.3 0
143913 20.062 20.0 54.862 0
143944 20.062 20.0 53.987 0
144014 20.062 20.0 53.487 0
144044 20.062 20.0 53.112 0
144114 20.062 20.0 52.925 0
144144 20.062 20.0 52.8 0
144214 20.062 20.0 52.8 0
144244 20.062 20.0 52.925 0
144315 20.062 20.0 53.112 0
144345 20.062 20.0 53.425 0
144415 20.0 20.0 53.862 0
144445 20.0 20.0 54.362 0
144515 20.0 20.0 54.862 0
144546 20.0 20.0 55.55 0
144616 20.0 20.0 56.362 0
144647 19.937 20.0 57.362 0
144717 19.937 20.0 58.487 0
144747 19.937 20.0 59.675 0
144818 19.937 20.0 60.925 50
144848 19.937 20.0 61.987 50
144918 19.937 20.0 62.925 50
144949 19.937 20.0 63.8 50
145019 19.937 20.0 64.425 50
145049 19.937 20.0 64.8 50
145119 19.937 20.0 64.925 50
145150 20.0 20.0 65.237 50
145220 20.0 20.0 65.3 50
145250 20.0 20.0 65.3 50
145320 20.0 20.0 65.425 50
145351 20.0 20.0 65.487 50
145421 19.937 20.0 65.55 50
145452 19.937 20.0 65.612 50
145522 19.937 20.0 65.612 50
145552 19.937 20.0 65.612 50
145622 19.937 20.0 65.612 50
145652 20.0 20.0 65.55 50
145723 20.0 20.0 65.425 50
145753 20.0 20.0 65.362 50
145823 20.0 20.0 65.112 50
145853 20.0 20.0 64.612 50
145923 20.125 20.0 63.8 0
145953 20.125 20.0 63.112 0
150023 20.125 20.0 62.612 0
150054 20.125 20.0 62.3 0
150124 20.125 20.0 62.05 0
150154 20.187 20.0 61.8 0
150224 20.187 20.0 61.8 0
150255 20.187 20.0 61.675 0
150325 20.187 20.0 61.612 0
150355 20.187 20.0 61.55 0
150425 20.25 20.0 61.487 0
150456 20.25 20.0 61.425 0
150526 20.25 20.0 61.362 0
150556 20.25 20.0 61.237 0
150626 20.25 20.0 61.112 0
150656 20.437 20.0 61.112 0
150726 20.437 20.0 61.112 0
150757 20.437 20.0 60.987 0
150827 20.437 20.0 60.925 0
150857 20.437 20.0 60.862 0
150927 20.437 20.0 60.8 0
150958 20.437 20.0 60.737 0
151028 20.437 20.0 60.675 0
151059 20.437 20.0 60.675 0
151129 20.437 20.0 60.675 0
151159 20.312 20.0 60.612 0
151229 20.312 20.0 60.55 0
151300 20.312 20.0 60.487 0
151330 20.312 20.0 60.487 0
151400 20.312 20.0 60.425 0
151430 20.25 20.0 60.362 0
151501 20.25 20.0 60.3 0
151531 20.25 20.0 60.237 0
151601 20.25 20.0 60.175 0
151632 20.25 20.0 60.112 0
151702 20.125 20.0 60.05 0
151733 20.125 20.0 59.987 0
151803 20.125 20.0 59.925 0
151834 20.125 20.0 59.862 0
151904 20.125 20.0 59.8 0
151935 20.062 20.0 59.737 0
152005 20.062 20.0 59.737 0
152035 20.062 20.0 59.675 0
152106 20.062 20.0 59.612 0
152136 20.062 20.0 59.487 0
152206 20.0 20.0 59.237 0
152236 20.0 20.0 58.675 0
152306 20.0 20.0 58.05 0
152337 20.0 20.0 57.3 0
152407 20.0 20.0 56.862 0
152438 19.937 20.0 56.55 0
152508 19.937 20.0 56.425 0
152538 19.937 20.0 56.3 0
152608 19.937 20.0 56.112 0
152638 19.937 20.0 56.05 0
152708 19.875 20.0 56.05 0
152738 19.875 20.0 56.112 0
152809 19.875 20.0 56.362 0
152839 19.875 20.0 56.737 0
152912 19.812 20.0 57.237 0
152943 19.812 20.0 57.987 0
153013 19.812 20.0 58.8 0
153043 19.812 20.0 59.675 0
153113 19.812 20.0 60.737 50
153144 19.875 20.0 61.862 50
153214 19.875 20.0 62.862 50
153244 19.875 20.0 63.55 50
153315 19.875 20.0 63.987 50
153345 19.875 20.0 64.362 50
153415 19.875 20.0 64.612 50
153446 19.875 20.0 64.675 50
153516 19.875 20.0 64.8 50
153546 19.875 20.0 64.862 50
153616 19.875 20.0 64.987 50
153647 19.812 20.0 64.987 50
153717 19.812 20.0 64.925 50
153747 19.812 20.0 64.987 50
153818 19.812 20.0 64.925 50
153848 19.812 20.0 64.987 50
153918 19.812 20.0 64.862 50
153948 19.812 20.0 64.8 50
154018 19.812 20.0 64.8 50
154048 19.812 20.0 64.737 50
154118 19.812 20.0 64.612 50
154149 19.875 20.0 64.3 50
154219 19.875 20.0 63.612 50
154250 19.875 20.0 62.362 50
154320 19.875 20.0 60.3 50
154350 19.875 20.0 57.362 0
154420 19.937 20.0 54.675 0
154450 19.937 20.0 52.737 0
154521 19.937 20.0 51.362 0
154552 19.937 20.0 50.675 0
154622 19.937 20.0 50.237 0
154652 19.937 20.0 49.987 0
154722 19.937 20.0 50.05 0
154752 19.937 20.0 50.3 0
154822 19.937 20.0 50.675 0
154853 19.937 20.0 51.237 0
154923 19.937 20.0 51.987 0
154954 19.937 20.0 52.8 0
155024 19.937 20.0 53.737 0
155054 19.937 20.0 54.862 0
155124 19.937 20.0 55.925 0
155154 19.937 20.0 56.925 0
155224 19.937 20.0 58.237 0
155255 19.937 20.0 59.425 0
155325 19.937 20.0 60.55 50
155355 19.937 20.0 61.675 50
155425 19.937 20.0 62.737 50
155455 19.937 20.0 63.675 50
155525 19.937 20.0 64.237 50
155556 19.937 20.0 64.675 50
155626 19.937 20.0 64.925 50
155657 20.0 20.0 65.112 50
155727 20.0 20.0 65.175 50
155757 20.0 20.0 65.3 50
155828 20.0 20.0 65.3 50
155858 20.0 20.0 65.362 50
155928 20.062 20.0 65.362 0
155958 20.062 20.0 65.362 0
160028 20.062 20.0 65.425 0
160058 20.062 20.0 65.425 0
160129 20.062 20.0 65.425 0
160159 20.187 20.0 65.362 0
160229 20.187 20.0 65.362 0
160300 20.187 20.0 65.3 0
160330 20.187 20.0 65.362 0
160400 20.187 20.0 65.237 0
160430 20.25 20.0 65.237 0
160501 20.25 20.0 65.3 0
160531 20.25 20.0 65.362 0
160601 20.25 20.0 65.3 0
160632 20.25 20.0 65.3 0
160702 20.25 20.0 65.3 0
160733 20.25 20.0 65.237 0
160803 20.25 20.0 65.175 0
160833 20.25 20.0 65.3 0
160903 20.25 20.0 65.3 0
160934 20.25 20.0 65.237 0
161005 20.25 20.0 65.3 0
161035 20.25 20.0 65.362 0
161106 20.25 20.0 65.425 0
161136 20.25 20.0 65.362 0
161207 20.312 20.0 65.362 0
161237 20.312 20.0 65.362 0
161307 20.312 20.0 65.362 0
161337 20.312 20.0 65.362 0
161407 20.312 20.0 65.362 0
161437 20.187 20.0 65.362 0
161508 20.187 20.0 65.362 0
161538 20.187 20.0 65.3 0
161608 20.187 20.0 65.3 0
161639 20.187 20.0 65.3 0
161709 20.125 20.0 65.3 0
161740 20.125 20.0 65.237 0
161810 20.125 20.0 65.237 0
161840 20.125 20.0 65.175 0
161911 20.125 20.0 65.112 0
161941 20.0 20.0 65.112 0
162011 20.0 20.0 65.175 0
162041 20.0 20.0 65.175 0
162112 20.0 20.0 65.112 0
162142 20.0 20.0 65.112 0
162213 19.937 20.0 65.112 50
162243 19.937 20.0 65.05 50
162313 19.937 20.0 65.05 50
162343 19.937 20.0 64.925 50
162415 19.812 20.0 64.862 50
162446 19.812 20.0 64.612 50
162516 19.812 20.0 64.362 50
162547 19.812 20.0 63.925 50
162617 19.812 20.0 63.3 50
162647 19.875 20.0 62.425 50
162718 19.875 20.0 61.487 50
162748 19.875 20.0 60.487 50
162818 19.875 20.0 59.425 0
162849 19.875 20.0 58.612 0
162919 20.0 20.0 57.987 0
162949 20.0 20.0 57.362 0
163020 20.0 20.0 56.862 0
163051 20.0 20.0 56.425 0
163121 20.0 20.0 56.175 0
163151 20.0 20.0 55.987 0
163222 20.0 20.0 55.862 0
163252 20.0 20.0 55.8 0
163323 20.0 20.0 55.8 0
163353 20.0 20.0 55.862 0
163423 20.062 20.0 55.987 0
163454 20.062 20.0 56.237 0
163524 20.062 20.0 56.55 0
163554 20.062 20.0 56.862 0
163624 20.062 20.0 57.237 0
163655 20.062 20.0 57.675 0
163726 20.062 20.0 58.05 0
163756 20.062 20.0 58.487 0
163827 20.062 20.0 58.987 0
163857 20.062 20.0 59.55 0
163927 20.062 20.0 60.237 0
163958 20.062 20.0 61.112 0
164028 20.062 20.0 62.05 0
164058 20.062 20.0 62.737 0
164128 20.062 20.0 63.3 0
164158 20.125 20.0 63.737 0
164229 20.125 20.0 64.112 0
164300 20.125 20.0 64.362 0
164330 20.125 20.0 64.612 0
164400 20.125 20.0 64.737 0
164430 20.125 20.0 64.862 0
164501 20.125 20.0 64.987 0
164531 20.125 20.0 65.05 0
164601 20.125 20.0 65.112 0
164632 20.125 20.0 65.175 0
164702 20.062 20.0 65.237 0
164733 20.062 20.0 65.3 0
164803 20.062 20.0 65.3 0
164834 20.062 20.0 65.362 0
164904 20.062 20.0 65.425 0
164935 19.937 20.0 65.425 50
165005 19.937 20.0 65.487 50
165035 19.937 20.0 65.487 50
165105 19.937 20.0 65.55 50
165136 19.937 20.0 65.55 50
165206 19.937 20.0 65.55 50
165236 19.937 20.0 65.55 50
165306 19.937 20.0 65.55 50
165336 19.937 20.0 65.55 50
165407 19.937 20.0 65.55 50
165437 19.875 20.0 65.55 50
165507 19.875 20.0 65.55 50
165537 19.875 20.0 65.487 50
165608 19.875 20.0 65.487 50
165639 19.875 20.0 65.487 50
165709 19.937 20.0 65.425 50
165739 19.937 20.0 65.362 50
165810 19.937 20.0 65.3 50
165840 19.937 20.0 65.175 50
165911 19.937 20.0 64.925 50
165941 20.0 20.0 64.237 50
170012 20.0 20.0 62.925 50
170042 20.0 20.0 61.05 50
170113 20.0 20.0 58.737 0
170143 20.0 20.0 56.925 0
170213 20.125 20.0 55.737 0
170244 20.125 20.0 54.925 0
170315 20.125 20.0 54.487 0
170345 20.125 20.0 54.175 0
170415 20.125 20.0 53.987 0
170446 20.187 20.0 53.925 0
170516 20.187 20.0 53.862 0
170546 20.187 20.0 53.8 0
170617 20.187 20.0 53.862 0
170648 20.187 20.0 54.05 0
170718 20.25 20.0 54.362 0
170748 20.25 20.0 54.862 0
170819 20.25 20.0 55.487 0
170849 20.25 20.0 56.175 0
170919 20.25 20.0 57.05 0
170949 20.25 20.0 58.05 0
171020 20.25 20.0 59.112 0
171050 20.25 20.0 60.175 0
171120 20.25 20.0 61.3 0
171150 20.25 20.0 62.487 0
171221 20.187 20.0 63.237 0
171251 20.187 20.0 63.987 0
171321 20.187 20.0 64.675 0
171351 20.187 20.0 65.237 0
171421 20.187 20.0 65.612 0
171451 20.187 20.0 65.925 0
171522 20.187 20.0 66.112 0
171552 20.187 20.0 66.3 0
171623 20.187 20.0 66.425 0
171655 20.125 20.0 66.55 0
171726 20.125 20.0 66.612 0
171756 20.125 20.0 66.675 0
171827 20.125 20.0 66.737 0
171857 20.125 20.0 66.737 0
171927 20.062 20.0 66.8 0
171957 20.062 20.0 66.8 0
172027 20.062 20.0 66.862 0
172058 20.062 20.0 66.925 0
172128 20.062 20.0 66.925 0
172158 20.062 20.0 66.925 0
172228 20.062 20.0 66.987 0
172258 20.062 20.0 66.925 0
172328 20.062 20.0 66.987 0
172358 20.062 20.0 67.05 0
172429 19.937 20.0 67.05 50
172459 19.937 20.0 67.112 50
172529 19.937 20.0 67.112 50
172600 19.937 20.0 67.175 50
172630 19.937 20.0 67.175 50
172700 19.937 20.0 67.237 50
172730 19.937 20.0 67.175 50
172800 19.937 20.0 67.237 50
172830 19.937 20.0 67.237 50
172901 19.937 20.0 67.237 50
172931 20.0 20.0 67.237 50
173001 20.0 20.0 67.237 50
173032 20.0 20.0 67.237 50
173102 20.0 20.0 67.175 50
173132 20.0 20.0 67.175 50
173202 20.0 20.0 67.112 50
173232 20.0 20.0 67.112 50
173302 20.0 20.0 67.05 50
173333 20.0 20.0 66.925 50
173403 20.0 20.0 66.8 50
173433 20.062 20.0 66.487 0
173504 20.062 20.0 66.05 0
173534 20.062 20.0 65.675 0
173605 20.062 20.0 65.487 0
173635 20.062 20.0 65.3 0
173706 20.0 20.0 65.175 0
173736 20.0 20.0 65.05 0
173806 20.0 20.0 64.925 0
173836 20.0 20.0 64.862 0
173907 20.0 20.0 64.8 0
173937 20.062 20.0 64.675 0
174007 20.062 20.0 64.487 0
174038 20.062 20.0 63.8 0
174108 20.062 20.0 62.8 0
174138 20.062 20.0 61.8 0
174209 20.0 20.0 60.987 0
174239 20.0 20.0 60.487 0
174309 20.0 20.0 60.175 0
174339 20.0 20.0 59.925 0
174409 20.0 20.0 59.8 0
174440 19.937 20.0 59.675 0
174510 19.937 20.0 59.55 0
174541 19.937 20.0 59.487 0
174611 19.937 20.0 59.362 0
174642 19.937 20.0 59.3 0
174712 19.875 20.0 59.237 0
174742 19.875 20.0 59.175 0
174812 19.875 20.0 59.112 0
174842 19.875 20.0 59.05 0
174913 19.875 20.0 58.925 0
174943 19.875 20.0 58.862 0
175013 19.875 20.0 58.8 0
175043 19.875 20.0 58.737 0
175114 19.875 20.0 58.675 0
175144 19.875 20.0 58.612 0
175214 19.812 20.0 58.487 0
175244 19.812 20.0 58.425 0
175315 19.812 20.0 58.362 0
175345 19.812 20.0 58.3 0
175416 19.812 20.0 58.237 0
175447 19.75 20.0 58.175 0
175517 19.75 20.0 58.112 0
175547 19.75 20.0 58.05 0
175617 19.75 20.0 57.987 0
175647 19.75 20.0 57.987 0
175718 19.687 20.0 57.987 0
175748 19.687 20.0 57.987 0
175818 19.687 20.0 57.987 0
175848 19.687 20.0 58.05 0
175919 19.687 20.0 58.237 0
175950 19.687 20.0 58.612 0
180020 19.687 20.0 59.112 0
180050 19.687 20.0 59.862 0
180120 19.687 20.0 60.55 50
180150 19.687 20.0 61.487 50
180221 19.562 20.0 62.362 50
180251 19.562 20.0 62.987 50
180321 19.562 20.0 63.362 50
180352 19.562 20.0 63.675 50
180422 19.562 20.0 63.862 50
180452 19.562 20.0 63.987 50
180522 19.562 20.0 64.112 50
180552 19.562 20.0 64.175 50
180622 19.562 20.0 64.175 50
180653 19.562 20.0 64.175 50
180723 19.562 20.0 64.112 50
180753 19.562 20.0 64.112 50
180824 19.562 20.0 63.987 50
180854 19.562 20.0 63.925 50
180924 19.562 20.0 63.737 50
180954 19.75 20.0 63.362 50
181024 19.75 20.0 62.737 50
181054 19.75 20.0 61.675 50
181125 19.75 20.0 60.3 50
181155 19.75 20.0 58.737 0
181225 19.937 20.0 57.55 0
181256 19.937 20.0 56.8 0
181326 19.937 20.0 56.362 0
181357 19.937 20.0 56.05 0
181427 19.937 20.0 55.8 0
181458 20.062 20.0 55.675 0
181528 20.062 20.0 55.612 0
181558 20.062 20.0 55.612 0
181628 20.062 20.0 55.55 0
181658 20.062 20.0 55.612 0
181728 20.125 20.0 55.737 0
181759 20.125 20.0 55.925 0
181829 20.125 20.0 56.3 0
181900 20.125 20.0 56.862 0
181930 20.125 20.0 57.737 0
182000 20.125 20.0 58.8 0
182031 20.125 20.0 59.862 0
182101 20.125 20.0 60.925 0
182132 20.125 20.0 62.05 0
182204 20.125 20.0 63.112 0
182234 20.125 20.0 63.925 0
182305 20.125 20.0 64.55 0
182336 20.125 20.0 64.987 0
182406 20.125 20.0 65.3 0
182437 20.125 20.0 65.55 0
182507 20.125 20.0 65.737 0
182538 20.125 20.0 65.862 0
182608 20.125 20.0 65.925 0
182638 20.125 20.0 66.05 0
182709 20.062 20.0 66.112 0
182739 20.062 20.0 66.175 0
182809 20.062 20.0 66.237 0
182840 20.062 20.0 66.3 0
182910 20.062 20.0 66.3 0
182940 20.0 20.0 66.362 0
183011 20.0 20.0 66.362 0
183042 20.0 20.0 66.425 0
183112 20.0 20.0 66.425 0
183142 20.0 20.0 66.487 0
183212 20.0 20.0 66.487 0
183242 20.0 20.0 66.55 0
183312 20.0 20.0 66.612 0
183343 20.0 20.0 66.612 0
183414 20.0 20.0 66.675 0
183444 19.875 20.0 66.675 50
183514 19.875 20.0 66.675 50
183544 19.875 20.0 66.737 50
183614 19.875 20.0 66.8 50
183645 19.875 20.0 66.8 50
183715 19.875 20.0 66.8 50
183745 19.875 20.0 66.8 50
183816 19.875 20.0 66.862 50
183846 19.875 20.0 66.8 50
183916 19.875 20.0 66.8 50
183946 19.875 20.0 66.8 50
184017 19.875 20.0 66.8 50
184047 19.875 20.0 66.8 50
184118 19.875 20.0 66.8 50
184148 19.875 20.0 66.737 50
184218 19.937 20.0 66.737 50
184249 19.937 20.0 66.675 50
184319 19.937 20.0 66.487 50
184350 19.937 20.0 65.925 50
184420 19.937 20.0 64.8 50
184450 20.062 20.0 62.987 0
184521 20.062 20.0 61.487 0
184551 20.062 20.0 60.425 0
184621 20.062 20.0 59.8 0
184652 20.062 20.0 59.362 0
184722 20.125 20.0 59.05 0
184752 20.125 20.0 58.862 0
184822 20.125 20.0 58.737 0
184852 20.125 20.0 58.612 0
184923 20.125 20.0 58.487 0
184953 20.125 20.0 58.425 0
185023 20.125 20.0 58.362 0
185054 20.125 20.0 58.3 0
185124 20.125 20.0 58.237 0
185155 20.125 20.0 58.237 0
185225 20.125 20.0 58.175 0
185256 20.125 20.0 58.175 0
185326 20.125 20.0 58.175 0
185357 20.125 20.0 58.237 0
185427 20.125 20.0 58.362 0
185457 20.062 20.0 58.675 0
185527 20.062 20.0 58.987 0
185557 20.062 20.0 59.487 0
185628 20.062 20.0 60.175 0
185658 20.062 20.0 60.925 0
185728 20.125 20.0 61.8 0
185758 20.125 20.0 62.675 0
185829 20.125 20.0 63.425 0
185859 20.125 20.0 64.05 0
185929 20.125 20.0 64.55 0
190000 20.062 20.0 65.05 0
190030 20.062 20.0 65.425 0
190100 20.062 20.0 65.737 0
190131 20.062 20.0 65.987 0
190201 20.062 20.0 66.175 0
190232 20.0 20.0 66.3 0
190302 20.0 20.0 66.362 0
190333 20.0 20.0 66.487 0
190403 20.0 20.0 66.55 0
190433 20.0 20.0 66.612 0
190503 20.0 20.0 66.675 0
190533 20.0 20.0 66.737 0
190604 20.0 20.0 66.8 0
190634 20.0 20.0 66.862 0
190705 20.0 20.0 66.862 0
190735 20.0 20.0 66.862 0
190805 20.0 20.0 66.925 0
190835 20.0 20.0 66.925 0
190905 20.0 20.0 66.987 0
190936 20.0 20.0 66.987 0
191007 19.937 20.0 66.987 50
191037 19.937 20.0 66.987 50
191107 19.937 20.0 66.987 50
191137 19.937 20.0 66.987 50
191208 19.937 20.0 67.05 50
191238 20.0 20.0 66.987 50
191308 20.0 20.0 67.05 50
191338 20.0 20.0 67.05 50
191408 20.0 20.0 67.05 50
191438 20.0 20.0 66.987 50
191509 20.0 20.0 66.987 50
191539 20.0 20.0 66.925 50
191609 20.0 20.0 66.862 50
191639 20.0 20.0 66.862 50
191711 20.0 20.0 66.8 50
191742 20.0 20.0 66.737 50
191812 20.0 20.0 66.612 50
191843 20.0 20.0 66.487 50
191913 20.0 20.0 66.112 50
191943 20.062 20.0 65.3 0
192013 20.062 20.0 64.237 0
192044 20.062 20.0 63.425 0
192114 20.062 20.0 62.925 0
192144 20.062 20.0 62.612 0
192214 20.062 20.0 62.362 0
192245 20.062 20.0 62.175 0
192315 20.062 20.0 61.987 0
192345 20.062 20.0 61.925 0
192415 20.062 20.0 61.862 0
192445 20.062 20.0 61.737 0
192515 20.062 20.0 61.675 0
192545 20.062 20.0 61.612 0
192616 20.062 20.0 61.487 0
192646 20.062 20.0 61.425 0
192717 20.187 20.0 61.3 0
192747 20.187 20.0 60.675 0
192817 20.187 20.0 59.55 0
192848 20.187 20.0 58.112 0
192918 20.187 20.0 56.925 0
192948 20.25 20.0 56.112 0
193018 20.25 20.0 55.612 0
193048 20.25 20.0 55.3 0
193118 20.25 20.0 55.05 0
193149 20.25 20.0 54.925 0
193219 20.25 20.0 54.862 0
193249 20.25 20.0 54.737 0
193319 20.25 20.0 54.675 0
193349 20.25 20.0 54.737 0
193419 20.25 20.0 54.862 0
193450 20.25 20.0 55.112 0
193520 20.25 20.0 55.55 0
193550 20.25 20.0 55.987 0
193621 20.25 20.0 56.612 0
193651 20.25 20.0 57.487 0
193722 20.312 20.0 58.3 0
193752 20.312 20.0 59.362 0
193822 20.312 20.0 60.362 0
193852 20.312 20.0 61.425 0
193922 20.312 20.0 62.487 0
193952 20.25 20.0 63.487 0
194023 20.25 20.0 64.237 0
194053 20.25 20.0 64.8 0
194123 20.25 20.0 65.3 0
194154 20.25 20.0 65.612 0
194224 20.125 20.0 65.925 0
194254 20.125 20.0 66.175 0
194325 20.125 20.0 66.425 0
194355 20.125 20.0 66.55 0
194425 20.125 20.0 66.675 0
194456 20.125 20.0 66.8 0
194526 20.125 20.0 66.862 0
194556 20.125 20.0 66.925 0
194626 20.125 20.0 66.925 0
194656 20.125 20.0 66.987 0
194726 20.062 20.0 67.05 0
194756 20.062 20.0 67.112 0
194826 20.062 20.0 67.175 0
194857 20.062 20.0 67.237 0
194927 20.062 20.0 67.3 0
194958 19.937 20.0 67.362 50
195028 19.937 20.0 67.362 50
195058 19.937 20.0 67.425 50
195129 19.937 20.0 67.487 50
195159 19.937 20.0 67.487 50
195230 20.062 20.0 67.425 0
195300 20.062 20.0 67.425 0
195331 20.062 20.0 67.425 0
195401 20.062 20.0 67.425 0
195431 20.062 20.0 67.425 0
195502 20.187 20.0 67.425 0
195532 20.187 20.0 67.425 0
195602 20.187 20.0 67.425 0
195633 20.187 20.0 67.425 0
195703 20.187 20.0 67.425 0
195733 20.125 20.0 67.425 0
195803 20.125 20.0 67.425 0
195833 20.125 20.0 67.425 0
195903 20.125 20.0 67.425 0
195934 20.125 20.0 67.425 0
200005 20.062 20.0 67.425 0
200035 20.062 20.0 67.425 0
200105 20.062 20.0 67.362 0
200135 20.062 20.0 67.362 0
200206 20.062 20.0 67.362 0
200236 20.0 20.0 67.362 0
200306 20.0 20.0 67.362 0
200337 20.0 20.0 67.362 0
200408 20.0 20.0 67.3 0
200438 20.0 20.0 67.3 0
200508 19.937 20.0 67.3 50
200538 19.937 20.0 67.3 50
200608 19.937 20.0 67.3 50
200638 19.937 20.0 67.3 50
200709 19.937 20.0 67.237 50
200739 19.875 20.0 67.237 50
200810 19.875 20.0 67.175 50
200840 19.875 20.0 67.112 50
200911 19.875 20.0 67.05 50
200941 19.875 20.0 66.987 50
201012 19.875 20.0 66.862 50
201042 19.875 20.0 66.737 50
201112 19.875 20.0 66.425 50
201142 19.875 20.0 65.675 50
201213 19.875 20.0 64.237 50
201243 19.937 20.0 62.425 50
201313 19.937 20.0 60.55 50
201343 19.937 20.0 58.737 0
201413 19.937 20.0 57.3 0
201443 19.937 20.0 56.425 0
201513 20.0 20.0 55.8 0
201544 20.0 20.0 55.425 0
201614 20.0 20.0 55.175 0
201644 20.0 20.0 55.05 0
201714 20.0 20.0 54.925 0
201744 20.125 20.0 54.862 0
201815 20.125 20.0 54.8 0
201845 20.125 20.0 54.8 0
201915 20.125 20.0 54.8 0
201945 20.125 20.0 54.8 0
202015 20.125 20.0 54.862 0
202045 20.125 20.0 54.925 0
202116 20.125 20.0 54.987 0
202146 20.125 20.0 55.175 0
202216 20.125 20.0 55.425 0
202247 20.187 20.0 55.862 0
202317 20.187 20.0 56.362 0
202347 20.187 20.0 57.112 0
202417 20.187 20.0 57.987 0
202450 20.187 20.0 58.925 0
202520 20.187 20.0 59.925 0
202550 20.187 20.0 61.05 0
202621 20.187 20.0 62.112 0
202651 20.187 20.0 63.175 0
202722 20.125 20.0 63.987 0
202752 20.125 20.0 64.737 0
202822 20.125 20.0 65.237 0
202853 20.125 20.0 65.675 0
202923 20.125 20.0 65.987 0
202953 20.062 20.0 66.3 0
203024 20.062 20.0 66.487 0
203054 20.062 20.0 66.675 0
203124 20.062 20.0 66.862 0
203154 20.062 20.0 66.987 0
203224 20.062 20.0 67.05 0
203255 20.062 20.0 67.175 0
203325 20.062 20.0 67.237 0
203355 20.062 20.0 67.237 0
203425 20.062 20.0 67.3 0
203456 20.0 20.0 67.362 0
203526 20.0 20.0 67.425 0
203556 20.0 20.0 67.487 0
203626 20.0 20.0 67.55 0
203656 20.0 20.0 67.55 0
203727 19.937 20.0 67.55 50
203757 19.937 20.0 67.55 50
203827 19.937 20.0 67.612 50
203857 19.937 20.0 67.612 50
203927 19.937 20.0 67.612 50
203957 20.0 20.0 67.675 50
204027 20.0 20.0 67.675 50
204058 20.0 20.0 67.675 50
204128 20.0 20.0 67.675 50
204159 20.0 20.0 67.612 50
204229 20.062 20.0 67.612 0
204259 20.062 20.0 67.612 0
204329 20.062 20.0 67.612 0
204400 20.062 20.0 67.55 0
204431 20.062 20.0 67.55 0
204501 20.125 20.0 67.55 0
204531 20.125 20.0 67.487 0
204602 20.125 20.0 67.487 0
204632 20.125 20.0 67.487 0
204702 20.125 20.0 67.487 0
204733 20.187 20.0 67.487 0
204803 20.187 20.0 67.425 0
204833 20.187 20.0 67.425 0
204903 20.187 20.0 67.425 0
204933 20.187 20.0 67.425 0
205003 20.125 20.0 67.425 0
205034 20.125 20.0 67.362 0
205105 20.125 20.0 67.362 0
205135 20.125 20.0 67.362 0
205205 20.125 20.0 67.362 0
205235 20.125 20.0 67.3 0
205305 20.125 20.0 67.3 0
205335 20.125 20.0 67.3 0
205406 20.125 20.0 67.3 0
205436 20.125 20.0 67.237 0
205506 20.125 20.0 67.237 0
205537 20.125 20.0 67.237 0
205607 20.125 20.0 67.237 0
205637 20.125 20.0 67.175 0
205707 20.125 20.0 67.175 0
205737 19.937 20.0 67.112 50
205808 19.937 20.0 67.112 50
205838 19.937 20.0 67.05 50
205908 19.937 20.0 66.987 50
205938 19.937 20.0 66.8 50
210008 19.937 20.0 66.612 50
210038 19.937 20.0 66.175 50
210109 19.937 20.0 65.55 50
210140 19.937 20.0 64.612 50
210210 19.937 20.0 63.3 50
210240 20.0 20.0 61.8 50
210310 20.0 20.0 59.987 50
210340 20.0 20.0 58.237 0
210411 20.0 20.0 56.925 0
210441 20.0 20.0 56.175 0
210511 20.062 20.0 55.612 0
210542 20.062 20.0 55.3 0
210612 20.062 20.0 55.112 0
210642 20.062 20.0 54.987 0
210713 20.062 20.0 54.862 0
210743 20.062 20.0 54.8 0
210813 20.062 20.0 54.8 0
210843 20.062 20.0 54.8 0
210913 20.062 20.0 54.8 0
210944 20.062 20.0 54.862 0
211015 20.062 20.0 54.925 0
211045 20.062 20.0 55.05 0
211115 20.062 20.0 55.175 0
211146 20.062 20.0 55.425 0
211216 20.062 20.0 55.8 0
211246 20.125 20.0 56.237 0
211316 20.125 20.0 56.925 0
211347 20.125 20.0 57.8 0
211417 20.125 20.0 58.8 0
211448 20.125 20.0 59.8 0
211518 20.0 20.0 60.8 0
211549 20.0 20.0 61.925 0
211619 20.0 20.0 62.862 0
211649 20.0 20.0 63.612 0
211720 20.0 20.0 64.237 0
211750 19.937 20.0 64.737 50
211821 19.937 20.0 65.112 50
211851 19.937 20.0 65.425 50
211921 19.937 20.0 65.675 50
211952 19.937 20.0 65.8 50
212023 19.875 20.0 65.925 50
212053 19.875 20.0 65.987 50
212123 19.875 20.0 65.987 50
212154 19.875 20.0 66.05 50
212224 19.875 20.0 66.05 50
212254 19.875 20.0 66.05 50
212324 19.875 20.0 66.05 50
212354 19.875 20.0 66.05 50
212424 19.875 20.0 65.987 50
212455 19.875 20.0 65.987 50
212526 19.812 20.0 65.925 50
212557 19.812 20.0 65.925 50
212627 19.812 20.0 65.8 50
212658 19.812 20.0 65.737 50
212730 20.0 20.0 65.425 50
212800 20.0 20.0 64.8 50
212830 20.0 20.0 63.612 50
212900 20.0 20.0 61.925 50
212930 20.0 20.0 59.8 0
213001 20.125 20.0 57.612 0
213031 20.125 20.0 56.175 0
213101 20.125 20.0 55.3 0
213131 20.125 20.0 54.737 0
213201 20.125 20.0 54.425 0
213231 20.187 20.0 54.175 0
213302 20.187 20.0 54.05 0
213332 20.187 20.0 54.05 0
213403 20.187 20.0 54.112 0
213433 20.187 20.0 54.237 0
213504 20.187 20.0 54.55 0
213534 20.187 20.0 54.987 0
213605 20.187 20.0 55.612 0
213635 20.187 20.0 56.425 0
213706 20.187 20.0 57.237 0
213736 20.187 20.0 58.425 0
213807 20.187 20.0 59.612 0
213837 20.187 20.0 60.675 0
213907 20.187 20.0 61.737 0
213938 20.187 20.0 62.862 0
214008 20.062 20.0 63.675 0
214038 20.062 20.0 64.425 0
214109 20.062 20.0 65.05 0
214139 20.062 20.0 65.487 0
214209 20.062 20.0 65.862 0
214239 20.062 20.0 66.237 0
214309 20.062 20.0 66.425 0
214339 20.062 20.0 66.612 0
214409 20.062 20.0 66.737 0
214439 20.062 20.0 66.8 0
214510 20.062 20.0 66.862 0
214540 20.062 20.0 66.987 0
214611 20.062 20.0 67.05 0
214642 20.062 20.0 67.05 0
214712 20.062 20.0 67.05 0
214742 20.0 20.0 67.05 0
214813 20.0 20.0 67.112 0
214843 20.0 20.0 67.112 0
214913 20.0 20.0 67.112 0
214944 20.0 20.0 67.112 0
215014 20.0 20.0 67.175 0
215044 20.0 20.0 67.175 0
215115 20.0 20.0 67.175 0
215145 20.0 20.0 67.175 0
215215 20.0 20.0 67.237 0
215246 20.062 20.0 67.237 0
215316 20.062 20.0 67.237 0
215346 20.062 20.0 67.237 0
215416 20.062 20.0 67.237 0
215447 20.062 20.0 67.3 0
215517 20.125 20.0 67.3 0
215547 20.125 20.0 67.3 0
215618 20.125 20.0 67.362 0
215649 20.125 20.0 67.362 0
215719 20.125 20.0 67.362 0
215749 20.125 20.0 67.362 0
215820 20.125 20.0 67.362 0
215850 20.125 20.0 67.425 0
215920 20.125 20.0 67.425 0
215950 20.125 20.0 67.425 0
220021 20.125 20.0 67.425 0
220051 20.125 20.0 67.425 0
220121 20.125 20.0 67.487 0
220152 20.125 20.0 67.487 0
220222 20.125 20.0 67.487 0
220253 20.062 20.0 67.487 0
220323 20.062 20.0 67.487 0
220354 20.062 20.0 67.55 0
220424 20.062 20.0 67.55 0
220454 20.062 20.0 67.55 0
220525 20.0 20.0 67.55 0
220556 20.0 20.0 67.55 0
220626 20.0 20.0 67.55 0
220656 20.0 20.0 67.55 0
220727 20.0 20.0 67.612 0
220757 19.875 20.0 67.612 50
220828 19.875 20.0 67.612 50
220858 19.875 20.0 67.612 50
220928 19.875 20.0 67.55 50
220959 19.875 20.0 67.612 50
221029 19.812 20.0 67.55 50
221100 19.812 20.0 67.55 50
221130 19.812 20.0 67.55 50
221200 19.812 20.0 67.55 50
221230 19.812 20.0 67.487 50
221300 19.812 20.0 67.487 50
221330 19.812 20.0 67.425 50
221401 19.812 20.0 67.425 50
221431 19.812 20.0 67.362 50
221502 19.812 20.0 67.3 50
221532 19.75 20.0 67.175 50
221602 19.75 20.0 66.987 50
221633 19.75 20.0 66.675 50
221703 19.75 20.0 65.925 50
221736 19.812 20.0 64.737 50
221806 19.812 20.0 62.8 50
221836 19.812 20.0 60.487 50
221906 19.812 20.0 57.862 0
221936 19.812 20.0 55.925 0
222006 19.812 20.0 54.737 0
222037 19.812 20.0 53.987 0
222107 19.812 20.0 53.55 0
222138 19.812 20.0 53.237 0
222208 19.812 20.0 52.987 0
222238 19.875 20.0 52.925 0
222308 19.875 20.0 52.862 0
222339 19.875 20.0 52.862 0
222409 19.875 20.0 52.862 0
222440 19.875 20.0 52.925 0
222510 19.875 20.0 53.05 0
222540 19.875 20.0 53.3 0
222610 19.875 20.0 53.675 0
222640 19.875 20.0 54.112 0
222710 19.875 20.0 54.737 0
222740 19.875 20.0 55.487 0
222811 19.875 20.0 56.425 0
222841 19.875 20.0 57.425 0
222912 19.875 20.0 58.487 0
222942 19.875 20.0 59.55 0
223012 19.812 20.0 60.675 50
223042 19.812 20.0 61.862 50
223112 19.812 20.0 62.862 50
223143 19.812 20.0 63.612 50
223213 19.812 20.0 64.112 50
223244 19.812 20.0 64.487 50
223314 19.812 20.0 64.675 50
223345 19.812 20.0 64.862 50
223415 19.812 20.0 64.987 50
223445 19.812 20.0 65.05 50
223516 19.812 20.0 65.112 50
223546 19.812 20.0 65.175 50
223616 19.812 20.0 65.175 50
223646 19.812 20.0 65.112 50
223717 19.812 20.0 65.112 50
223748 19.812 20.0 65.05 50
223818 19.812 20.0 64.987 50
223848 19.812 20.0 64.862 50
223918 19.812 20.0 64.737 50
223948 19.812 20.0 64.425 50
224018 19.875 20.0 63.862 50
224049 19.875 20.0 62.987 50
224119 19.875 20.0 61.862 50
224150 19.875 20.0 60.487 50
224220 19.875 20.0 59.05 0
224250 19.937 20.0 57.925 0
224321 19.937 20.0 57.237 0
224351 19.937 20.0 56.737 0
224421 19.937 20.0 56.425 0
224451 19.937 20.0 56.237 0
224522 19.937 20.0 56.112 0
224552 19.937 20.0 56.05 0
224622 19.937 20.0 56.05 0
224652 19.937 20.0 56.112 0
224722 19.937 20.0 56.3 0
224753 19.937 20.0 56.612 0
224823 19.937 20.0 57.112 0
224853 19.937 20.0 57.737 0
224924 19.937 20.0 58.737 0
224954 19.937 20.0 59.925 0
225024 20.0 20.0 60.925 50
225055 20.0 20.0 62.05 50
225125 20.0 20.0 63.05 50
225155 20.0 20.0 63.737 50
225225 20.0 20.0 64.3 50
225255 19.937 20.0 64.675 50
225326 19.937 20.0 64.925 50
225356 19.937 20.0 65.175 50
225426 19.937 20.0 65.3 50
225456 19.937 20.0 65.362 50
225526 20.0 20.0 65.487 50
225556 20.0 20.0 65.55 50
225627 20.0 20.0 65.55 50
225657 20.0 20.0 65.612 50
225728 20.0 20.0 65.55 50
225758 20.062 20.0 65.55 0
225828 20.062 20.0 65.55 0
225859 20.062 20.0 65.487 0
225929 20.062 20.0 65.487 0
230000 20.062 20.0 65.487 0
230031 20.062 10.0 65.425 0
230101 20.062 10.0 65.425 0
230131 20.062 10.0 65.425 0
230201 20.062 10.0 65.362 0
230231 20.062 10.0 65.362 0
230301 20.0 10.0 65.362 0
230332 20.0 10.0 65.362 0
230402 20.0 10.0 65.3 0
230432 20.0 10.0 65.3 0
230502 20.0 10.0 65.3 0
230532 20.062 10.0 65.237 0
230603 20.062 10.0 65.237 0
230633 20.062 10.0 65.237 0
230703 20.062 10.0 65.237 0
230734 20.062 10.0 65.175 0
230804 20.062 10.0 65.175 0
230835 20.062 10.0 65.175 0
230906 20.062 10.0 65.175 0
230936 20.062 10.0 65.112 0
231006 20.062 10.0 65.112 0
231036 19.937 10.0 65.112 0
231106 19.937 10.0 65.05 0
231137 19.937 10.0 65.05 0
231208 19.937 10.0 65.05 0
231238 19.937 10.0 64.987 0
231308 19.875 10.0 64.987 0
231338 19.875 10.0 64.925 0
231409 19.875 10.0 64.925 0
231439 19.875 10.0 64.925 0
231510 19.875 10.0 64.862 0
231540 19.875 10.0 64.862 0
231610 19.875 10.0 64.8 0
231640 19.875 10.0 64.8 0
231711 19.875 10.0 64.8 0
231741 19.875 10.0 64.737 0
231811 19.75 10.0 64.737 0
231842 19.75 10.0 64.675 0
231913 19.75 10.0 64.675 0
231943 19.75 10.0 64.612 0
232015 19.875 10.0 64.55 0
232045 19.875 10.0 64.487 0
232116 19.875 10.0 64.425 0
232146 19.875 10.0 64.362 0
232217 19.875 10.0 64.3 0
232247 19.875 10.0 64.237 0
232317 19.875 10.0 64.237 0
232348 19.875 10.0 64.175 0
232418 19.875 10.0 64.112 0
232449 19.875 10.0 64.112 0
232520 19.75 10.0 64.05 0
232550 19.75 10.0 63.987 0
232620 19.75 10.0 63.987 0
232650 19.75 10.0 63.925 0
232720 19.75 10.0 63.862 0
232750 19.687 10.0 63.862 0
232820 19.687 10.0 63.8 0
232851 19.687 10.0 63.737 0
232921 19.687 10.0 63.737 0
232951 19.687 10.0 63.675 0
233021 19.687 10.0 63.612 0
233052 19.687 10.0 63.612 0
233122 19.687 10.0 63.55 0
233153 19.687 10.0 63.55 0
233223 19.687 10.0 63.487 0
233253 19.562 10.0 63.425 0
233323 19.562 10.0 63.425 0
233353 19.562 10.0 63.362 0
233424 19.562 10.0 63.3 0
233454 19.562 10.0 63.3 0
233525 19.562 10.0 63.237 0
233555 19.562 10.0 63.175 0
233625 19.562 10.0 63.175 0
233656 19.562 10.0 63.112 0
233726 19.562 10.0 63.05 0
233756 19.5 10.0 62.987 0
233827 19.5 10.0 62.987 0
233857 19.5 10.0 62.925 0
233928 19.5 10.0 62.925 0
233958 19.5 10.0 62.862 0
234029 19.437 10.0 62.8 0
234059 19.437 10.0 62.8 0
234129 19.437 10.0 62.737 0
234200 19.437 10.0 62.675 0
234230 19.437 10.0 62.55 0
234300 19.437 10.0 62.3 0
234330 19.437 10.0 62.112 0
234400 19.437 10.0 61.925 0
234430 19.437 10.0 61.862 0
234501 19.437 10.0 61.737 0
234531 19.375 10.0 61.675 0
234601 19.375 10.0 61.612 0
234631 19.375 10.0 61.55 0
234701 19.375 10.0 61.487 0
234731 19.375 10.0 61.425 0
234802 19.375 10.0 61.425 0
234832 19.375 10.0 61.362 0
234903 19.375 10.0 61.3 0
234933 19.375 10.0 61.237 0
235004 19.375 10.0 61.237 0
235034 19.375 10.0 61.175 0
235105 19.375 10.0 61.112 0
235136 19.375 10.0 61.05 0
235206 19.375 10.0 61.05 0
235236 19.375 10.0 60.987 0
235306 19.25 10.0 60.987 0
235337 19.25 10.0 60.925 0
235407 19.25 10.0 60.925 0
235437 19.25 10.0 60.925 0
235508 19.25 10.0 60.862 0
235538 19.25 10.0 60.862 0
235608 19.25 10.0 60.8 0
235638 19.25 10.0 60.8 0
235708 19.25 10.0 60.8 0
235739 19.25 10.0 60.737 0
235810 19.187 10.0 60.737 0
235840 19.187 10.0 60.675 0
