235912 21.375 10.0 16.55 0
235942 21.375 10.0 16.55 0
000012 21.375 10.0 16.55 0
000042 21.375 10.0 16.55 0
000115 21.312 10.0 16.55 0
000145 21.312 10.0 16.55 0
000216 21.312 10.0 16.55 0
000246 21.312 10.0 16.55 0
000317 21.312 10.0 16.55 0
000347 21.312 10.0 16.55 0
000417 21.312 10.0 16.55 0
000448 21.312 10.0 16.55 0
000518 21.312 10.0 16.55 0
000548 21.312 10.0 16.55 0
000618 21.312 10.0 16.55 0
000649 21.312 10.0 16.55 0
000719 21.312 10.0 16.55 0
000749 21.312 10.0 16.55 0
000819 21.312 10.0 16.55 0
000849 21.25 10.0 16.55 0
000919 21.25 10.0 16.55 0
000950 21.25 10.0 16.55 0
001020 21.25 10.0 16.55 0
001050 21.25 10.0 16.55 0
001121 21.25 10.0 16.55 0
001151 21.25 10.0 16.55 0
001221 21.25 10.0 16.55 0
001251 21.25 10.0 16.55 0
001321 21.25 10.0 16.55 0
001351 21.25 10.0 16.55 0
001422 21.25 10.0 16.55 0
001452 21.25 10.0 16.55 0
001522 21.25 10.0 16.55 0
001552 21.25 10.0 16.55 0
001623 21.25 10.0 16.55 0
001653 21.25 10.0 16.55 0
001723 21.25 10.0 16.55 0
001753 21.25 10.0 16.55 0
001823 21.25 10.0 16.55 0
001854 21.25 10.0 16.55 0
001924 21.25 10.0 16.55 0
001954 21.25 10.0 16.55 0
002025 21.25 10.0 16.55 0
002055 21.25 10.0 16.55 0
002125 21.25 10.0 16.55 0
002155 21.25 10.0 16.55 0
002226 21.25 10.0 16.55 0
002256 21.25 10.0 16.55 0
002326 21.25 10.0 16.55 0
002356 21.25 10.0 16.55 0
002427 21.25 10.0 16.55 0
002457 21.25 10.0 16.55 0
002527 21.25 10.0 16.55 0
002557 21.25 10.0 16.55 0
002628 21.187 10.0 16.55 0
002658 21.187 10.0 16.55 0
002728 21.187 10.0 16.55 0
002758 21.187 10.0 16.55 0
002828 21.187 10.0 16.55 0
002859 21.187 10.0 16.55 0
002929 21.187 10.0 16.55 0
002959 21.187 10.0 16.55 0
003030 21.187 10.0 16.55 0
003100 21.187 10.0 16.55 0
003130 21.187 10.0 16.55 0
003201 21.187 10.0 16.55 0
003231 21.187 10.0 16.55 0
003302 21.187 10.0 16.55 0
003332 21.187 10.0 16.55 0
003403 21.187 10.0 16.55 0
003433 21.187 10.0 16.55 0
003503 21.187 10.0 16.55 0
003533 21.187 10.0 16.55 0
003604 21.187 10.0 16.55 0
003634 21.187 10.0 16.55 0
003704 21.187 10.0 16.55 0
003734 21.187 10.0 16.55 0
003805 21.187 10.0 16.55 0
003835 21.187 10.0 16.55 0
003905 21.187 10.0 16.55 0
003935 21.187 10.0 16.55 0
004006 21.187 10.0 16.55 0
004036 21.187 10.0 16.55 0
004106 21.187 10.0 16.55 0
004136 21.125 10.0 16.55 0
004207 21.125 10.0 16.55 0
004237 21.125 10.0 16.55 0
004307 21.125 10.0 16.55 0
004338 21.125 10.0 16.55 0
004408 21.125 10.0 16.55 0
004439 21.125 10.0 16.55 0
004509 21.125 10.0 16.55 0
004540 21.125 10.0 16.55 0
004611 21.125 10.0 16.55 0
004641 21.187 10.0 16.55 0
004711 21.187 10.0 16.55 0
004742 21.187 10.0 16.55 0
004812 21.187 10.0 16.55 0
004842 21.187 10.0 16.55 0
004912 21.125 10.0 16.55 0
004943 21.125 10.0 16.55 0
005013 21.125 10.0 16.55 0
005044 21.125 10.0 16.55 0
005114 21.125 10.0 16.55 0
005145 21.125 10.0 16.55 0
005215 21.125 10.0 16.55 0
005245 21.125 10.0 16.55 0
005316 21.125 10.0 16.55 0
005346 21.125 10.0 16.55 0
005416 21.125 10.0 16.55 0
005447 21.125 10.0 16.55 0
005517 21.125 10.0 16.55 0
005547 21.125 10.0 16.55 0
005617 21.125 10.0 16.55 0
005647 21.125 10.0 16.55 0
005718 21.125 10.0 16.55 0
005748 21.125 10.0 16.55 0
005818 21.125 10.0 16.55 0
005848 21.125 10.0 16.55 0
005918 21.125 10.0 16.55 0
005949 21.125 10.0 16.55 0
010019 21.125 10.0 16.55 0
010049 21.125 10.0 16.55 0
010119 21.125 10.0 16.55 0
010150 21.125 10.0 16.55 0
010220 21.125 10.0 16.55 0
010250 21.125 10.0 16.55 0
010320 21.125 10.0 16.55 0
010350 21.125 10.0 16.55 0
010420 21.125 10.0 16.55 0
010451 21.125 10.0 16.55 0
010521 21.125 10.0 16.55 0
010552 21.125 10.0 16.55 0
010625 21.125 10.0 16.55 0
010655 21.125 10.0 16.55 0
010725 21.125 10.0 16.55 0
010756 21.125 10.0 16.55 0
010826 21.125 10.0 16.55 0
010856 21.125 10.0 16.55 0
010926 21.125 10.0 16.55 0
010957 21.125 10.0 16.55 0
011027 21.125 10.0 16.55 0
011057 21.125 10.0 16.55 0
011127 21.125 10.0 16.55 0
011158 21.125 10.0 16.55 0
011228 21.125 10.0 16.55 0
011258 21.125 10.0 16.55 0
011329 21.125 10.0 16.55 0
011359 21.062 10.0 16.55 0
011430 21.062 10.0 16.55 0
011500 21.062 10.0 16.55 0
011530 21.062 10.0 16.55 0
011600 21.062 10.0 16.55 0
011631 21.125 10.0 16.55 0
011701 21.125 10.0 16.55 0
011731 21.125 10.0 16.55 0
011801 21.125 10.0 16.55 0
011832 21.125 10.0 16.55 0
011902 21.062 10.0 16.55 0
011932 21.062 10.0 16.55 0
012002 21.062 10.0 16.55 0
012033 21.062 10.0 16.55 0
012103 21.062 10.0 16.55 0
012133 21.062 10.0 16.55 0
012203 21.062 10.0 16.55 0
012234 21.062 10.0 16.55 0
012304 21.062 10.0 16.55 0
012334 21.062 10.0 16.55 0
012405 21.062 10.0 16.55 0
012435 21.062 10.0 16.55 0
012505 21.062 10.0 16.55 0
012536 21.062 10.0 16.55 0
012606 21.062 10.0 16.55 0
012636 21.062 10.0 16.55 0
012707 21.062 10.0 16.55 0
012737 21.062 10.0 16.55 0
012808 21.062 10.0 16.55 0
012838 21.062 10.0 16.55 0
012908 21.062 10.0 16.55 0
012938 21.062 10.0 16.55 0
013008 21.062 10.0 16.55 0
013039 21.062 10.0 16.55 0
013109 21.062 10.0 16.55 0
013139 21.062 10.0 16.55 0
013210 21.062 10.0 16.55 0
013240 21.062 10.0 16.55 0
013311 21.062 10.0 16.55 0
013341 21.062 10.0 16.55 0
013411 21.062 10.0 16.55 0
013441 21.062 10.0 16.55 0
013512 21.062 10.0 16.55 0
013542 21.062 10.0 16.55 0
013612 21.062 10.0 16.55 0
013642 21.062 10.0 16.55 0
013712 21.062 10.0 16.55 0
013743 21.062 10.0 16.55 0
013813 21.062 10.0 16.55 0
013844 21.062 10.0 16.55 0
013914 21.062 10.0 16.55 0
013944 21.062 10.0 16.55 0
014014 21.062 10.0 16.55 0
014045 21.062 10.0 16.55 0
014115 21.062 10.0 16.55 0
014145 21.062 10.0 16.55 0
014215 21.062 10.0 16.55 0
014245 21.062 10.0 16.55 0
014315 21.062 10.0 16.55 0
014346 21.062 10.0 16.55 0
014416 21.062 10.0 16.55 0
014446 21.062 10.0 16.55 0
014517 21.062 10.0 16.55 0
014547 21.062 10.0 16.55 0
014618 21.062 10.0 16.55 0
014648 21.062 10.0 16.55 0
014718 21.062 10.0 16.55 0
014748 21.062 10.0 16.55 0
014818 21.062 10.0 16.55 0
014848 21.062 10.0 16.55 0
014918 21.062 10.0 16.55 0
014949 21.062 10.0 16.55 0
015019 21.062 10.0 16.55 0
015050 21.062 10.0 16.55 0
015120 21.062 10.0 16.55 0
015150 21.062 10.0 16.55 0
015221 21.062 10.0 16.55 0
015251 21.062 10.0 16.55 0
015321 21.062 10.0 16.55 0
015352 21.062 10.0 16.55 0
015422 21.062 10.0 16.55 0
015452 21.062 10.0 16.55 0
015522 21.062 10.0 16.55 0
015552 21.062 10.0 16.55 0
015623 21.062 10.0 16.55 0
015653 21.0 10.0 16.55 0
015723 21.0 10.0 16.55 0
015753 21.0 10.0 16.55 0
015824 21.0 10.0 16.55 0
015854 21.0 10.0 16.55 0
015924 21.0 10.0 16.55 0
015954 21.0 10.0 16.55 0
020025 21.0 10.0 16.55 0
020055 21.0 10.0 16.55 0
020126 21.0 10.0 16.55 0
020156 21.0 10.0 16.55 0
020227 21.0 10.0 16.55 0
020257 21.0 10.0 16.55 0
020328 21.0 10.0 16.55 0
020358 21.0 10.0 16.55 0
020428 21.0 10.0 16.55 0
020458 21.0 10.0 16.55 0
020528 21.0 10.0 16.55 0
020558 21.0 10.0 16.55 0
020629 21.0 10.0 16.55 0
020700 21.0 10.0 16.55 0
020731 21.0 10.0 16.55 0
020801 21.0 10.0 16.55 0
020831 21.0 10.0 16.55 0
020901 21.0 10.0 16.55 0
020932 21.0 10.0 16.55 0
021002 21.0 10.0 16.55 0
021033 21.0 10.0 16.55 0
021103 21.0 10.0 16.55 0
021136 21.0 10.0 16.55 0
021206 21.0 10.0 16.55 0
021236 21.0 10.0 16.55 0
021307 21.0 10.0 16.55 0
021337 21.0 10.0 16.55 0
021408 21.0 10.0 16.55 0
021438 21.0 10.0 16.55 0
021508 21.0 10.0 16.55 0
021539 21.0 10.0 16.55 0
021610 21.0 10.0 16.55 0
021640 21.0 10.0 16.55 0
021710 21.0 10.0 16.55 0
021741 21.0 10.0 16.55 0
021811 21.0 10.0 16.55 0
021841 21.0 10.0 16.55 0
021912 21.0 10.0 16.55 0
021942 21.0 10.0 16.55 0
022012 21.0 10.0 16.55 0
022042 21.0 10.0 16.55 0
022112 21.0 10.0 16.55 0
022143 21.0 10.0 16.55 0
022213 21.0 10.0 16.55 0
022244 21.0 10.0 16.55 0
022314 21.0 10.0 16.55 0
022344 21.0 10.0 16.55 0
022415 21.0 10.0 16.55 0
022445 21.0 10.0 16.55 0
022516 21.0 10.0 16.55 0
022546 21.0 10.0 16.55 0
022616 21.0 10.0 16.55 0
022647 21.0 10.0 16.55 0
022717 21.0 10.0 16.55 0
022747 21.0 10.0 16.55 0
022817 21.0 10.0 16.55 0
022848 21.0 10.0 16.55 0
022918 21.0 10.0 16.55 0
022949 21.0 10.0 16.55 0
023019 21.0 10.0 16.55 0
023050 21.0 10.0 16.55 0
023120 21.0 10.0 16.55 0
023151 21.0 10.0 16.55 0
023221 21.0 10.0 16.55 0
023252 21.0 10.0 16.55 0
023322 21.0 10.0 16.55 0
023352 21.0 10.0 16.55 0
023423 21.0 10.0 16.55 0
023453 21.0 10.0 16.55 0
023524 21.0 10.0 16.55 0
023554 21.0 10.0 16.55 0
023624 21.0 10.0 16.55 0
023654 21.0 10.0 16.55 0
023725 21.0 10.0 16.55 0
023755 21.0 10.0 16.55 0
023825 21.0 10.0 16.55 0
023855 21.0 10.0 16.55 0
023925 21.0 10.0 16.55 0
023956 21.0 10.0 16.55 0
024027 21.0 10.0 16.55 0
024057 21.0 10.0 16.55 0
024128 21.0 10.0 16.55 0
024158 21.0 10.0 16.55 0
024228 21.0 10.0 16.55 0
024258 21.0 10.0 16.55 0
024329 21.0 10.0 16.55 0
024359 21.0 10.0 16.55 0
024430 21.0 10.0 16.55 0
024500 21.0 10.0 16.55 0
024531 21.0 10.0 16.55 0
024601 21.0 10.0 16.55 0
024632 21.0 10.0 16.55 0
024702 21.0 10.0 16.55 0
024733 21.0 10.0 16.55 0
024803 21.0 10.0 16.55 0
024834 21.0 10.0 16.55 0
024904 21.0 10.0 16.55 0
024934 21.0 10.0 16.55 0
025004 21.0 10.0 16.55 0
025034 21.0 10.0 16.55 0
025106 21.0 10.0 16.55 0
025137 21.0 10.0 16.55 0
025207 21.0 10.0 16.55 0
025237 21.0 10.0 16.55 0
025308 21.0 10.0 16.55 0
025339 21.0 10.0 16.55 0
025411 21.0 10.0 16.55 0
025441 21.0 10.0 16.55 0
025511 21.0 10.0 16.55 0
025542 21.0 10.0 16.55 0
025613 21.0 10.0 16.55 0
025643 20.937 10.0 16.55 0
025714 20.937 10.0 16.55 0
025744 20.937 10.0 16.55 0
025814 20.937 10.0 16.55 0
025844 20.937 10.0 16.55 0
025914 20.937 10.0 16.55 0
025945 20.937 10.0 16.55 0
030015 20.937 10.0 16.55 0
030045 20.937 10.0 16.55 0
030116 20.937 10.0 16.55 0
030146 21.0 10.0 16.55 0
030216 21.0 10.0 16.55 0
030247 21.0 10.0 16.55 0
030317 21.0 10.0 16.55 0
030347 21.0 10.0 16.55 0
030418 21.0 10.0 16.55 0
030449 21.0 10.0 16.55 0
030519 21.0 10.0 16.55 0
030549 21.0 10.0 16.55 0
030619 21.0 10.0 16.55 0
030650 21.0 10.0 16.55 0
030720 21.0 10.0 16.55 0
030750 21.0 10.0 16.55 0
030820 21.0 10.0 16.55 0
030850 21.0 10.0 16.55 0
030921 20.937 10.0 16.55 0
030951 20.937 10.0 16.55 0
031021 20.937 10.0 16.55 0
031051 20.937 10.0 16.55 0
031122 20.937 10.0 16.55 0
031152 20.937 10.0 16.55 0
031222 20.937 10.0 16.55 0
031252 20.937 10.0 16.55 0
031322 20.937 10.0 16.55 0
031353 20.937 10.0 16.55 0
031423 20.937 10.0 16.55 0
031453 20.937 10.0 16.55 0
031524 20.937 10.0 16.55 0
031554 20.937 10.0 16.55 0
031624 20.937 10.0 16.55 0
031654 20.937 10.0 16.55 0
031725 20.937 10.0 16.55 0
031755 20.937 10.0 16.55 0
031826 20.937 10.0 16.55 0
031856 20.937 10.0 16.55 0
031927 20.937 10.0 16.55 0
031957 20.937 10.0 16.55 0
032027 20.937 10.0 16.55 0
032057 20.937 10.0 16.55 0
032127 20.937 10.0 16.55 0
032157 20.937 10.0 16.55 0
032228 20.937 10.0 16.55 0
032258 20.937 10.0 16.55 0
032328 20.937 10.0 16.55 0
032358 20.937 10.0 16.55 0
032429 20.937 10.0 16.55 0
032459 20.937 10.0 16.55 0
032529 20.937 10.0 16.55 0
032600 20.937 10.0 16.55 0
032630 20.937 10.0 16.55 0
032700 20.937 10.0 16.55 0
032730 20.937 10.0 16.55 0
032800 20.937 10.0 16.55 0
032830 20.937 10.0 16.55 0
032901 20.937 10.0 16.55 0
032931 20.937 10.0 16.55 0
033001 20.937 10.0 16.55 0
033032 20.937 10.0 16.55 0
033103 20.937 10.0 16.55 0
033133 20.937 10.0 16.55 0
033203 20.937 10.0 16.55 0
033234 20.937 10.0 16.55 0
033304 20.937 10.0 16.55 0
033335 20.937 10.0 16.55 0
033405 20.937 10.0 16.55 0
033435 20.937 10.0 16.55 0
033506 20.937 10.0 16.55 0
033536 20.937 10.0 16.55 0
033606 20.937 10.0 16.55 0
033637 20.937 10.0 16.55 0
033707 20.937 10.0 16.55 0
033738 20.937 10.0 16.55 0
033808 20.937 10.0 16.55 0
033839 20.937 10.0 16.55 0
033909 20.937 10.0 16.55 0
033939 20.937 10.0 16.55 0
034010 20.937 10.0 16.55 0
034040 20.937 10.0 16.55 0
034111 20.937 10.0 16.55 0
034141 20.937 10.0 16.55 0
034211 20.937 10.0 16.55 0
034241 20.937 10.0 16.55 0
034311 20.937 10.0 16.55 0
034342 20.937 10.0 16.55 0
034412 20.937 10.0 16.55 0
034442 20.937 10.0 16.55 0
034512 20.937 10.0 16.55 0
034542 20.937 10.0 16.55 0
034612 20.937 10.0 16.55 0
034643 20.937 10.0 16.55 0
034713 20.937 10.0 16.55 0
034744 20.937 10.0 16.55 0
034815 20.937 10.0 16.55 0
034845 20.937 10.0 16.55 0
034915 20.937 10.0 16.55 0
034945 20.937 10.0 16.55 0
035016 20.937 10.0 16.55 0
035047 20.937 10.0 16.55 0
035117 20.937 10.0 16.55 0
035148 20.937 10.0 16.55 0
035218 20.875 10.0 16.55 0
035249 20.875 10.0 16.55 0
035319 20.875 10.0 16.55 0
035349 20.875 10.0 16.55 0
035421 20.937 10.0 16.55 0
035452 20.937 10.0 16.55 0
035522 20.937 10.0 16.55 0
035552 20.937 10.0 16.55 0
035622 20.937 10.0 16.55 0
035653 20.937 10.0 16.55 0
035723 20.937 10.0 16.55 0
035753 20.937 10.0 16.55 0
035823 20.937 10.0 16.55 0
035853 20.937 10.0 16.55 0
035923 20.937 10.0 16.55 0
035954 20.937 10.0 16.55 0
040024 20.937 10.0 16.55 0
040054 20.937 10.0 16.55 0
040125 20.937 10.0 16.55 0
040155 20.937 10.0 16.55 0
040225 20.937 10.0 16.55 0
040256 20.937 10.0 16.55 0
040327 20.937 10.0 16.55 0
040357 20.937 10.0 16.55 0
040427 20.937 10.0 16.55 0
040458 20.937 10.0 16.55 0
040528 20.937 10.0 16.55 0
040558 20.937 10.0 16.55 0
040629 20.937 10.0 16.55 0
040659 20.937 10.0 16.55 0
040729 20.937 10.0 16.55 0
040800 20.937 10.0 16.55 0
040831 20.937 10.0 16.55 0
040901 20.937 10.0 16.55 0
040931 20.875 10.0 16.55 0
041001 20.875 10.0 16.55 0
041031 20.875 10.0 16.55 0
041101 20.875 10.0 16.55 0
041132 20.875 10.0 16.55 0
041202 20.875 10.0 16.55 0
041233 20.875 10.0 16.55 0
041303 20.875 10.0 16.55 0
041333 20.875 10.0 16.55 0
041404 20.875 10.0 16.55 0
041434 20.875 10.0 16.55 0
041504 20.875 10.0 16.55 0
041534 20.875 10.0 16.55 0
041604 20.875 10.0 16.55 0
041635 20.875 10.0 16.55 0
041705 20.875 10.0 16.55 0
041735 20.875 10.0 16.55 0
041805 20.875 10.0 16.55 0
041835 20.875 10.0 16.55 0
041906 20.875 10.0 16.55 0
041936 20.875 10.0 16.55 0
042006 20.875 10.0 16.55 0
042037 20.875 10.0 16.55 0
042107 20.875 10.0 16.55 0
042137 20.875 10.0 16.55 0
042208 20.875 10.0 16.612 0
042238 20.875 10.0 16.55 0
042308 20.875 10.0 16.55 0
042338 20.875 10.0 16.55 0
042409 20.875 10.0 16.55 0
042439 20.875 10.0 16.55 0
042509 20.875 10.0 16.55 0
042540 20.875 10.0 16.55 0
042610 20.875 10.0 16.55 0
042641 20.875 10.0 16.55 0
042711 20.875 10.0 16.55 0
042741 20.875 10.0 16.55 0
042812 20.875 10.0 16.55 0
042842 20.875 10.0 16.55 0
042912 20.875 10.0 16.55 0
042942 20.875 10.0 16.55 0
043013 20.875 10.0 16.55 0
043043 20.875 10.0 16.55 0
043114 20.875 10.0 16.55 0
043144 20.875 10.0 16.55 0
043214 20.875 10.0 16.55 0
043244 20.875 10.0 16.55 0
043314 20.875 10.0 16.612 0
043345 20.875 10.0 16.612 0
043415 20.875 10.0 16.612 0
043445 20.875 10.0 16.55 0
043516 20.875 10.0 16.55 0
043546 20.875 10.0 16.612 0
043617 20.875 10.0 16.55 0
043647 20.875 10.0 16.55 0
043717 20.875 10.0 16.55 0
043747 20.875 10.0 16.55 0
043817 20.875 10.0 16.55 0
043848 20.875 10.0 16.55 0
043918 20.875 10.0 16.55 0
043948 20.875 10.0 16.55 0
044019 20.875 10.0 16.55 0
044049 20.875 10.0 16.55 0
044120 20.875 10.0 16.55 0
044151 20.875 10.0 16.55 0
044222 20.812 10.0 16.55 0
044252 20.812 10.0 16.55 0
044322 20.812 10.0 16.55 0
044353 20.812 10.0 16.55 0
044423 20.812 10.0 16.55 0
044453 20.812 10.0 16.55 0
044523 20.812 10.0 16.55 0
044553 20.812 10.0 16.55 0
044624 20.812 10.0 16.55 0
044654 20.812 10.0 16.55 0
044724 20.875 10.0 16.55 0
044755 20.875 10.0 16.55 0
044825 20.875 10.0 16.612 0
044856 20.875 10.0 16.55 0
044926 20.875 10.0 16.55 0
044956 20.812 10.0 16.55 0
045026 20.812 10.0 16.55 0
045057 20.812 10.0 16.55 0
045128 20.812 10.0 16.55 0
045200 20.875 10.0 16.55 0
045230 20.875 10.0 16.55 0
045300 20.875 10.0 16.55 0
045331 20.875 10.0 16.612 0
045401 20.875 10.0 16.55 0
045432 20.875 10.0 16.55 0
045502 20.875 10.0 16.55 0
045532 20.875 10.0 16.612 0
045602 20.875 10.0 16.612 0
045633 20.875 10.0 16.55 0
045703 20.875 10.0 16.55 0
045734 20.875 10.0 16.55 0
045804 20.875 10.0 16.55 0
045834 20.875 10.0 16.55 0
045905 20.875 10.0 16.55 0
045935 20.875 10.0 16.55 0
050006 20.875 10.0 16.612 0
050036 20.875 10.0 16.55 0
050107 20.875 10.0 16.55 0
050137 20.875 10.0 16.612 0
050207 20.875 10.0 16.55 0
050237 20.875 10.0 16.55 0
050308 20.875 10.0 16.55 0
050338 20.875 10.0 16.55 0
050408 20.875 10.0 16.55 0
050439 20.812 10.0 16.612 0
050509 20.812 10.0 16.55 0
050540 20.812 10.0 16.55 0
050610 20.812 10.0 16.55 0
050640 20.812 10.0 16.612 0
050711 20.812 10.0 16.55 0
050741 20.812 10.0 16.612 0
050811 20.812 10.0 16.55 0
050841 20.812 10.0 16.612 0
050912 20.812 10.0 16.55 0
050942 20.812 10.0 16.55 0
051012 20.812 10.0 16.612 0
051042 20.812 10.0 16.55 0
051112 20.812 10.0 16.612 0
051143 20.812 10.0 16.55 0
051213 20.812 10.0 16.55 0
051243 20.812 10.0 16.612 0
051314 20.812 10.0 16.55 0
051344 20.812 10.0 16.55 0
051414 20.812 10.0 16.55 0
051445 20.812 10.0 16.55 0
051515 20.812 10.0 16.55 0
051546 20.812 10.0 16.612 0
051616 20.812 10.0 16.612 0
051646 20.812 10.0 16.55 0
051717 20.812 10.0 16.55 0
051747 20.812 10.0 16.55 0
051817 20.812 10.0 16.612 0
051847 20.812 10.0 16.55 0
051917 20.812 10.0 16.55 0
051948 20.812 10.0 16.55 0
052018 20.812 10.0 16.55 0
052048 20.812 10.0 16.612 0
052119 20.812 10.0 16.55 0
052149 20.812 10.0 16.612 0
052220 20.812 10.0 16.55 0
052250 20.812 10.0 16.55 0
052320 20.812 10.0 16.612 0
052351 20.812 10.0 16.612 0
052421 20.812 10.0 16.55 0
052452 20.75 10.0 16.55 0
052522 20.75 10.0 16.55 0
052552 20.75 10.0 16.55 0
052622 20.75 10.0 16.55 0
052652 20.75 10.0 16.55 0
052723 20.812 10.0 16.55 0
052753 20.812 10.0 16.55 0
052823 20.812 10.0 16.55 0
052853 20.812 10.0 16.55 0
052924 20.812 10.0 16.612 0
052954 20.812 10.0 16.612 0
053025 20.812 10.0 16.55 0
053055 20.812 10.0 16.55 0
053125 20.812 10.0 16.612 0
053155 20.812 10.0 16.55 0
053226 20.812 10.0 16.55 0
053256 20.812 10.0 16.612 0
053327 20.812 10.0 16.55 0
053357 20.812 10.0 16.55 0
053428 20.812 10.0 16.612 0
053458 20.812 10.0 16.55 0
053528 20.812 10.0 16.612 0
053558 20.812 10.0 16.612 0
053629 20.812 10.0 16.612 0
053659 20.812 10.0 16.55 0
053730 20.812 10.0 16.612 0
053800 20.812 10.0 16.612 0
053830 20.812 10.0 16.55 0
053900 20.812 10.0 16.55 0
053931 20.812 10.0 16.55 0
054002 20.812 10.0 16.612 0
054032 20.812 10.0 16.612 0
054103 20.812 10.0 16.55 0
054133 20.812 10.0 16.612 0
054206 20.812 10.0 16.612 0
054236 20.812 10.0 16.612 0
054306 20.812 10.0 16.612 0
054336 20.812 10.0 16.612 0
054407 20.812 10.0 16.612 0
054437 20.812 10.0 16.612 0
054507 20.812 10.0 16.55 0
054537 20.812 10.0 16.55 0
054608 20.812 10.0 16.612 0
054638 20.812 10.0 16.55 0
054708 20.75 10.0 16.55 0
054739 20.75 10.0 16.55 0
054809 20.75 10.0 16.55 0
054839 20.75 10.0 16.55 0
054910 20.75 10.0 16.612 0
054940 20.812 10.0 16.55 0
055010 20.812 10.0 16.612 0
055041 20.812 10.0 16.612 0
055111 20.812 10.0 16.55 0
055142 20.812 10.0 16.55 0
055212 20.75 10.0 16.55 0
055242 20.75 10.0 16.612 0
055313 20.75 10.0 16.612 0
055343 20.75 10.0 16.612 0
055413 20.75 10.0 16.612 0
055443 20.75 10.0 16.612 0
055513 20.75 10.0 16.55 0
055543 20.75 10.0 16.55 0
055614 20.75 10.0 16.612 0
055644 20.75 10.0 16.612 0
055715 20.812 10.0 16.55 0
055745 20.812 10.0 16.612 0
055816 20.812 10.0 16.612 0
055846 20.812 10.0 16.55 0
055916 20.812 10.0 16.55 0
055947 20.812 10.0 16.612 0
060018 20.812 10.0 16.612 0
060048 20.812 10.0 16.612 0
060118 20.812 10.0 16.612 0
060149 20.812 10.0 16.612 0
060219 20.75 10.0 16.612 0
060250 20.75 10.0 16.612 0
060320 20.75 10.0 16.612 0
060350 20.75 10.0 16.55 0
060421 20.75 10.0 16.55 0
060451 20.812 10.0 16.612 0
060521 20.812 10.0 16.612 0
060551 20.812 10.0 16.612 0
060622 20.812 10.0 16.612 0
060652 20.812 10.0 16.55 0
060723 20.812 10.0 16.55 0
060754 20.812 10.0 16.612 0
060824 20.812 10.0 16.612 0
060854 20.812 10.0 16.612 0
060924 20.812 10.0 16.612 0
060954 20.75 10.0 16.55 0
061024 20.75 10.0 16.612 0
061055 20.75 10.0 16.612 0
061125 20.75 10.0 16.612 0
061155 20.75 10.0 16.612 0
061225 20.812 10.0 16.612 0
061255 20.812 10.0 16.55 0
061326 20.812 10.0 16.612 0
061356 20.812 10.0 16.612 0
061427 20.812 10.0 16.612 0
061457 20.75 10.0 16.612 0
061527 20.75 10.0 16.55 0
061558 20.75 10.0 16.55 0
061628 20.75 10.0 16.55 0
061659 20.75 10.0 16.55 0
061729 20.75 10.0 16.612 0
061800 20.75 10.0 16.612 0
061830 20.75 10.0 16.55 0
061901 20.75 10.0 16.612 0
061931 20.75 10.0 16.55 0
062001 20.75 10.0 16.612 0
062032 20.75 10.0 16.55 0
062102 20.75 10.0 16.612 0
062132 20.75 10.0 16.612 0
062203 20.75 10.0 16.612 0
062234 20.75 10.0 16.612 0
062304 20.75 10.0 16.55 0
062334 20.75 10.0 16.55 0
062404 20.75 10.0 16.612 0
062434 20.75 10.0 16.612 0
062505 20.75 10.0 16.612 0
062535 20.75 10.0 16.612 0
062605 20.75 10.0 16.55 0
062635 20.75 10.0 16.612 0
062705 20.75 10.0 16.612 0
062736 20.75 10.0 16.55 0
062806 20.75 10.0 16.612 0
062836 20.75 10.0 16.55 0
062906 20.75 10.0 16.612 0
062937 20.75 10.0 16.612 0
063007 20.75 10.0 16.612 0
063037 20.75 10.0 16.55 0
063108 20.75 10.0 16.612 0
063138 20.75 10.0 16.612 0
063208 20.75 10.0 16.612 0
063239 20.75 10.0 16.612 0
063310 20.75 10.0 16.612 0
063340 20.75 10.0 16.612 0
063410 20.75 10.0 16.612 0
063442 20.75 10.0 16.612 0
063512 20.75 10.0 16.612 0
063543 20.75 10.0 16.612 0
063613 20.75 10.0 16.612 0
063643 20.75 10.0 16.612 0
063713 20.75 10.0 16.55 0
063743 20.75 10.0 16.612 0
063813 20.75 10.0 16.55 0
063843 20.75 10.0 16.612 0
063914 20.75 10.0 16.612 0
063944 20.75 10.0 16.55 0
064014 20.75 10.0 16.55 0
064044 20.75 10.0 16.612 0
064115 20.75 10.0 16.612 0
064145 20.75 10.0 16.612 0
064216 20.75 10.0 16.55 0
064246 20.75 10.0 16.55 0
064316 20.75 10.0 16.612 0
064346 20.75 10.0 16.612 0
064416 20.75 10.0 16.612 0
064446 20.75 10.0 16.55 0
064517 20.75 10.0 16.612 0
064547 20.75 10.0 16.55 0
064617 20.75 10.0 16.612 0
064647 20.75 10.0 16.612 0
064717 20.75 10.0 16.55 0
064748 20.75 10.0 16.55 0
064818 20.75 10.0 16.612 0
064848 20.75 10.0 16.612 0
064918 20.75 10.0 16.612 0
064949 20.75 10.0 16.612 0
065019 20.75 10.0 16.55 0
065050 20.75 10.0 16.612 0
065120 20.75 10.0 16.612 0
065150 20.75 10.0 16.55 0
065221 20.75 10.0 16.612 0
065251 20.75 10.0 16.612 0
065322 20.75 10.0 16.612 0
065352 20.75 10.0 16.55 0
065422 20.75 10.0 16.55 0
065452 20.75 10.0 16.612 0
065523 20.75 10.0 16.612 0
065553 20.75 10.0 16.612 0
065623 20.75 10.0 16.612 0
065653 20.75 10.0 16.612 0
065723 20.75 10.0 16.612 0
065754 20.75 10.0 16.612 0
065824 20.75 10.0 16.55 0
065854 20.75 10.0 16.612 0
065924 20.75 10.0 16.612 0
065954 20.75 10.0 16.612 0
070024 20.75 10.0 16.612 0
070055 20.75 10.0 16.612 0
070125 20.75 10.0 16.612 0
070156 20.75 10.0 16.612 0
070226 20.75 10.0 16.612 0
070257 20.75 10.0 16.612 0
070327 20.75 10.0 16.612 0
070358 20.75 10.0 16.612 0
070428 20.75 10.0 16.55 0
070458 20.687 10.0 16.612 0
070528 20.687 10.0 16.612 0
070559 20.687 10.0 16.612 0
070630 20.687 10.0 16.612 0
070700 20.687 10.0 16.612 0
070730 20.687 10.0 16.612 0
070800 20.687 10.0 16.612 0
070831 20.687 10.0 16.612 0
070901 20.687 10.0 16.612 0
070931 20.687 10.0 16.612 0
071001 20.687 10.0 16.612 0
071032 20.687 10.0 16.612 0
071102 20.687 10.0 16.612 0
071132 20.687 10.0 16.612 0
071203 20.687 10.0 16.612 0
071234 20.687 10.0 16.612 0
071304 20.687 10.0 16.55 0
071334 20.687 10.0 16.612 0
071405 20.687 10.0 16.612 0
071435 20.687 10.0 16.612 0
071505 20.75 10.0 16.612 0
071535 20.75 10.0 16.612 0
071605 20.75 10.0 16.612 0
071636 20.75 10.0 16.612 0
071706 20.75 10.0 16.612 0
071736 20.75 10.0 16.55 0
071806 20.75 10.0 16.612 0
071836 20.75 10.0 16.55 0
071906 20.75 10.0 16.612 0
071937 20.75 10.0 16.612 0
072007 20.75 10.0 16.612 0
072037 20.75 10.0 16.612 0
072108 20.75 10.0 16.612 0
072138 20.75 10.0 16.612 0
072208 20.75 10.0 16.612 0
072239 20.687 10.0 16.612 0
072309 20.687 10.0 16.612 0
072339 20.687 10.0 16.612 0
072410 20.687 10.0 16.612 0
072440 20.687 10.0 16.55 0
072510 20.687 10.0 16.612 0
072541 20.687 10.0 16.612 0
072611 20.687 10.0 16.612 0
072642 20.687 10.0 16.612 0
072712 20.687 10.0 16.612 0
072743 20.687 10.0 16.612 0
072813 20.687 10.0 16.612 0
072843 20.687 10.0 16.612 0
072914 20.687 10.0 16.612 0
072944 20.687 10.0 16.612 0
073014 20.687 10.0 16.612 0
073044 20.687 10.0 16.612 0
073115 20.687 10.0 16.612 0
073145 20.687 10.0 16.612 0
073218 20.75 10.0 16.612 0
073248 20.75 10.0 16.612 0
073318 20.75 10.0 16.612 0
073348 20.75 10.0 16.612 0
073419 20.75 10.0 16.612 0
073450 20.687 10.0 16.612 0
073520 20.687 10.0 16.612 0
073550 20.687 10.0 16.612 0
073620 20.687 10.0 16.612 0
073650 20.687 10.0 16.612 0
073720 20.687 10.0 16.612 0
073751 20.687 10.0 16.612 0
073821 20.687 10.0 16.612 0
073851 20.687 10.0 16.612 0
073921 20.687 10.0 16.612 0
073952 20.75 10.0 16.612 0
074022 20.75 10.0 16.612 0
074052 20.75 10.0 16.612 0
074122 20.75 10.0 16.612 0
074152 20.75 10.0 16.612 0
074223 20.75 10.0 16.612 0
074253 20.75 10.0 16.612 0
074323 20.75 10.0 16.612 0
074353 20.75 10.0 16.612 0
074424 20.75 10.0 16.612 0
074454 20.75 10.0 16.55 0
074524 20.75 10.0 16.612 0
074554 20.75 10.0 16.612 0
074624 20.75 10.0 16.612 0
074655 20.75 10.0 16.612 0
074725 20.75 10.0 16.612 0
074755 20.75 10.0 16.612 0
074825 20.75 10.0 16.612 0
074855 20.75 10.0 16.612 0
074925 20.75 10.0 16.612 0
074956 20.75 10.0 16.612 0
075026 20.75 10.0 16.612 0
075056 20.75 10.0 16.612 0
075127 20.75 10.0 16.612 0
075157 20.75 10.0 16.612 0
075228 20.75 10.0 16.612 0
075258 20.75 10.0 16.612 0
075328 20.75 10.0 16.612 0
075358 20.75 10.0 16.612 0
075428 20.75 10.0 16.612 0
075459 20.75 10.0 16.612 0
075529 20.75 10.0 16.612 0
075559 20.75 10.0 16.612 0
075629 20.75 10.0 16.612 0
075659 20.75 10.0 16.612 0
075730 20.75 10.0 16.612 0
075800 20.75 10.0 16.612 0
075830 20.75 10.0 16.612 0
075900 20.75 10.0 16.612 0
075930 20.75 10.0 16.612 0
080001 20.75 10.0 16.612 0
080031 20.75 10.0 16.612 0
080101 20.75 10.0 16.612 0
080131 20.75 10.0 16.612 0
080201 20.75 10.0 16.612 0
080232 20.75 10.0 16.612 0
080302 20.75 10.0 16.612 0
080332 20.75 10.0 16.612 0
080402 20.75 10.0 16.612 0
080432 20.75 10.0 16.612 0
080503 20.687 10.0 16.612 0
080533 20.687 10.0 16.612 0
080604 20.687 10.0 16.612 0
080634 20.687 10.0 16.612 0
080704 20.687 10.0 16.612 0
080735 20.687 10.0 16.612 0
080805 20.687 10.0 16.612 0
080836 20.687 10.0 16.612 0
080906 20.687 10.0 16.612 0
080936 20.687 10.0 16.612 0
081006 20.687 10.0 16.612 0
081037 20.687 10.0 16.612 0
081107 20.687 10.0 16.612 0
081138 20.687 10.0 16.612 0
081208 20.687 10.0 16.612 0
081239 20.687 10.0 16.612 0
081309 20.687 10.0 16.612 0
081340 20.687 10.0 16.612 0
081410 20.687 10.0 16.612 0
081440 20.687 10.0 16.612 0
081510 20.687 10.0 16.612 0
081540 20.687 10.0 16.612 0
081611 20.687 10.0 16.612 0
081641 20.687 10.0 16.612 0
081712 20.687 10.0 16.612 0
081742 20.687 10.0 16.612 0
081812 20.687 10.0 16.612 0
081843 20.687 10.0 16.612 0
081913 20.687 10.0 16.612 0
081943 20.687 10.0 16.612 0
082013 20.687 10.0 16.612 0
082044 20.687 10.0 16.612 0
082114 20.687 10.0 16.612 0
082144 20.687 10.0 16.612 0
082215 20.687 10.0 16.612 0
082245 20.687 10.0 16.612 0
082315 20.687 10.0 16.612 0
082345 20.687 10.0 16.612 0
082416 20.687 10.0 16.612 0
082446 20.687 10.0 16.612 0
082516 20.687 10.0 16.612 0
082546 20.687 10.0 16.612 0
082617 20.687 10.0 16.612 0
082647 20.687 10.0 16.612 0
082717 20.687 10.0 16.612 0
082748 20.687 10.0 16.612 0
082818 20.687 10.0 16.612 0
082848 20.687 10.0 16.612 0
082919 20.687 10.0 16.612 0
082949 20.687 10.0 16.612 0
083019 20.687 10.0 16.612 0
083049 20.687 10.0 16.612 0
083119 20.687 10.0 16.612 0
083150 20.687 10.0 16.612 0
083220 20.687 10.0 16.612 0
083250 20.687 10.0 16.612 0
083321 20.687 10.0 16.612 0
083351 20.687 10.0 16.612 0
083422 20.687 10.0 16.612 0
083452 20.687 10.0 16.612 0
083522 20.625 10.0 16.612 0
083553 20.625 10.0 16.612 0
083623 20.625 10.0 16.612 0
083653 20.625 10.0 16.612 0
083723 20.625 10.0 16.612 0
083754 20.625 10.0 16.612 0
083824 20.625 10.0 16.612 0
083854 20.625 10.0 16.612 0
083924 20.625 10.0 16.612 0
083957 20.625 10.0 16.612 0
084027 20.625 10.0 16.612 0
084058 20.625 10.0 16.612 0
084128 20.625 10.0 16.612 0
084158 20.625 10.0 16.612 0
084229 20.625 10.0 16.612 0
084259 20.625 10.0 16.612 0
084329 20.625 10.0 16.612 0
084400 20.625 10.0 16.612 0
084430 20.625 10.0 16.612 0
084501 20.625 10.0 16.612 0
084531 20.625 10.0 16.612 0
084602 20.625 10.0 16.612 0
084632 20.625 10.0 16.612 0
084703 20.625 10.0 16.612 0
084733 20.625 10.0 16.612 0
084803 20.625 10.0 16.612 0
084833 20.625 10.0 16.612 0
084903 20.625 10.0 16.612 0
084934 20.625 10.0 16.612 0
085004 20.625 10.0 16.612 0
085034 20.625 10.0 16.612 0
085104 20.625 10.0 16.612 0
085135 20.625 10.0 16.612 0
085205 20.625 10.0 16.612 0
085235 20.625 10.0 16.612 0
085306 20.625 10.0 16.612 0
085336 20.625 10.0 16.612 0
085406 20.625 10.0 16.612 0
085436 20.625 10.0 16.612 0
085507 20.562 10.0 16.612 0
085538 20.562 10.0 16.612 0
085608 20.562 10.0 16.612 0
085639 20.562 10.0 16.612 0
085709 20.562 10.0 16.612 0
085739 20.562 10.0 16.612 0
085809 20.562 10.0 16.612 0
085839 20.562 10.0 16.612 0
085910 20.562 10.0 16.612 0
085940 20.562 10.0 16.612 0
090011 20.562 10.0 16.612 0
090042 20.562 10.0 16.612 0
090112 20.562 10.0 16.612 0
090142 20.562 10.0 16.612 0
090212 20.562 10.0 16.612 0
090243 20.562 10.0 16.612 0
090313 20.562 10.0 16.612 0
090343 20.562 10.0 16.612 0
090413 20.562 10.0 16.612 0
090443 20.562 10.0 16.612 0
090514 20.562 10.0 16.612 0
090544 20.562 10.0 16.612 0
090614 20.562 10.0 16.612 0
090645 20.562 10.0 16.612 0
090715 20.562 10.0 16.612 0
090745 20.562 10.0 16.612 0
090816 20.562 10.0 16.612 0
090846 20.562 10.0 16.612 0
090916 20.562 10.0 16.612 0
090946 20.562 10.0 16.612 0
091017 20.562 10.0 16.612 0
091047 20.562 10.0 16.612 0
091117 20.562 10.0 16.612 0
091147 20.562 10.0 16.612 0
091217 20.562 10.0 16.612 0
091248 20.562 10.0 16.612 0
091318 20.562 10.0 16.612 0
091348 20.562 10.0 16.612 0
091418 20.562 10.0 16.612 0
091449 20.562 10.0 16.612 0
091519 20.562 10.0 16.612 0
091549 20.562 10.0 16.612 0
091619 20.562 10.0 16.612 0
091650 20.562 10.0 16.612 0
091720 20.562 10.0 16.612 0
091751 20.562 10.0 16.612 0
091821 20.562 10.0 16.612 0
091851 20.562 10.0 16.612 0
091921 20.562 10.0 16.612 0
091951 20.562 10.0 16.612 0
092022 20.562 10.0 16.612 0
092053 20.562 10.0 16.612 0
092123 20.562 10.0 16.612 0
092153 20.562 10.0 16.612 0
092223 20.562 10.0 16.612 0
092253 20.562 10.0 16.612 0
092323 20.562 10.0 16.612 0
092354 20.562 10.0 16.612 0
092424 20.562 10.0 16.612 0
092454 20.562 10.0 16.612 0
092524 20.625 10.0 16.612 0
092555 20.625 10.0 16.612 0
092625 20.625 10.0 16.612 0
092655 20.625 10.0 16.612 0
092726 20.625 10.0 16.612 0
092756 20.625 10.0 16.612 0
092826 20.625 10.0 16.612 0
092857 20.625 10.0 16.612 0
092927 20.625 10.0 16.612 0
092957 20.625 10.0 16.612 0
093028 20.625 10.0 16.612 0
093058 20.625 10.0 16.612 0
093129 20.625 10.0 16.612 0
093159 20.625 10.0 16.612 0
093230 20.625 10.0 16.612 0
093300 20.625 10.0 16.612 0
093330 20.625 10.0 16.612 0
093401 20.625 10.0 16.612 0
093431 20.625 10.0 16.612 0
093504 20.625 10.0 16.612 0
093534 20.625 10.0 16.612 0
093604 20.625 10.0 16.612 0
093635 20.625 10.0 16.612 0
093705 20.625 10.0 16.612 0
093735 20.625 10.0 16.612 0
093805 20.625 10.0 16.612 0
093836 20.625 10.0 16.612 0
093907 20.625 10.0 16.612 0
093937 20.625 10.0 16.612 0
094007 20.687 10.0 16.612 0
094037 20.687 10.0 16.612 0
094107 20.687 10.0 16.612 0
094138 20.687 10.0 16.612 0
094208 20.687 10.0 16.612 0
094238 20.687 10.0 16.612 0
094308 20.687 10.0 16.612 0
094338 20.687 10.0 16.612 0
094408 20.687 10.0 16.612 0
094439 20.687 10.0 16.612 0
094509 20.687 10.0 16.612 0
094539 20.687 10.0 16.612 0
094609 20.687 10.0 16.612 0
094639 20.687 10.0 16.612 0
094710 20.687 10.0 16.612 0
094740 20.687 10.0 16.612 0
094810 20.687 10.0 16.612 0
094840 20.687 10.0 16.612 0
094911 20.687 10.0 16.612 0
094941 20.687 10.0 16.612 0
095011 20.625 10.0 16.612 0
095042 20.625 10.0 16.612 0
095112 20.625 10.0 16.612 0
095142 20.625 10.0 16.612 0
095212 20.625 10.0 16.612 0
095243 20.687 10.0 16.612 0
095313 20.687 10.0 16.612 0
095343 20.687 10.0 16.612 0
095414 20.687 10.0 16.612 0
095444 20.687 10.0 16.612 0
095514 20.625 10.0 16.612 0
095545 20.625 10.0 16.612 0
095615 20.625 10.0 16.612 0
095645 20.625 10.0 16.612 0
095716 20.625 10.0 16.612 0
095746 20.687 10.0 16.612 0
095817 20.687 10.0 16.612 0
095847 20.687 10.0 16.612 0
095917 20.687 10.0 16.612 0
095948 20.687 10.0 16.612 0
100018 20.625 10.0 16.612 0
100049 20.625 10.0 16.612 0
100119 20.625 10.0 16.612 0
100149 20.625 10.0 16.612 0
100219 20.625 10.0 16.612 0
100249 20.687 10.0 16.612 0
100320 20.687 10.0 16.612 0
100350 20.687 10.0 16.612 0
100420 20.687 10.0 16.612 0
100450 20.687 10.0 16.612 0
100520 20.687 10.0 16.612 0
100551 20.687 10.0 16.612 0
100621 20.687 10.0 16.612 0
100652 20.687 10.0 16.612 0
100722 20.687 10.0 16.612 0
100753 20.687 10.0 16.612 0
100823 20.687 10.0 16.612 0
100853 20.687 10.0 16.612 0
100923 20.687 10.0 16.612 0
100953 20.687 10.0 16.612 0
101024 20.687 10.0 16.612 0
101054 20.687 10.0 16.612 0
101124 20.687 10.0 16.612 0
101154 20.687 10.0 16.612 0
101224 20.687 10.0 16.612 0
101255 20.687 10.0 16.612 0
101325 20.687 10.0 16.612 0
101355 20.687 10.0 16.612 0
101426 20.687 10.0 16.612 0
101456 20.687 10.0 16.612 0
101526 20.687 10.0 16.612 0
101556 20.687 10.0 16.612 0
101627 20.687 10.0 16.612 0
101657 20.687 10.0 16.612 0
101727 20.687 10.0 16.612 0
101757 20.687 10.0 16.612 0
101827 20.687 10.0 16.612 0
101858 20.687 10.0 16.612 0
101928 20.687 10.0 16.612 0
101959 20.687 10.0 16.612 0
102029 20.687 10.0 16.612 0
102059 20.687 10.0 16.612 0
102130 20.687 10.0 16.612 0
102200 20.687 10.0 16.612 0
102230 20.687 10.0 16.612 0
102301 20.75 10.0 16.612 0
102331 20.75 10.0 16.612 0
102402 20.75 10.0 16.612 0
102432 20.75 10.0 16.612 0
102502 20.75 10.0 16.612 0
102532 20.75 10.0 16.612 0
102603 20.75 10.0 16.612 0
102633 20.75 10.0 16.612 0
102703 20.75 10.0 16.612 0
102733 20.75 10.0 16.612 0
102804 20.687 10.0 16.612 0
102834 20.687 10.0 16.612 0
102904 20.687 10.0 16.612 0
102935 20.687 10.0 16.612 0
103005 20.687 10.0 16.612 0
103035 20.687 10.0 16.612 0
103106 20.687 10.0 16.612 0
103136 20.687 10.0 16.612 0
103206 20.687 10.0 16.612 0
103237 20.687 10.0 16.612 0
103307 20.75 10.0 16.612 0
103338 20.75 10.0 16.612 0
103408 20.75 10.0 16.612 0
103439 20.75 10.0 16.612 0
103511 20.75 10.0 16.612 0
103542 20.75 10.0 16.612 0
103612 20.75 10.0 16.612 0
103642 20.75 10.0 16.612 0
103712 20.75 10.0 16.612 0
103742 20.75 10.0 16.612 0
103812 20.75 10.0 16.612 0
103843 20.75 10.0 16.612 0
103913 20.75 10.0 16.612 0
103943 20.75 10.0 16.612 0
104013 20.75 10.0 16.612 0
104043 20.75 10.0 16.612 0
104114 20.75 10.0 16.612 0
104144 20.75 10.0 16.612 0
104215 20.75 10.0 16.612 0
104245 20.75 10.0 16.612 0
104316 20.75 10.0 16.612 0
104347 20.75 10.0 16.612 0
104417 20.75 10.0 16.612 0
104448 20.75 10.0 16.612 0
104518 20.812 10.0 16.612 0
104548 20.812 10.0 16.612 0
104618 20.812 10.0 16.612 0
104649 20.812 10.0 16.612 0
104719 20.812 10.0 16.612 0
104750 20.812 10.0 16.612 0
104820 20.812 10.0 16.612 0
104850 20.812 10.0 16.612 0
104920 20.812 10.0 16.612 0
104950 20.812 10.0 16.612 0
105021 20.812 10.0 16.612 0
105051 20.812 10.0 16.612 0
105121 20.812 10.0 16.612 0
105151 20.812 10.0 16.612 0
105221 20.812 10.0 16.612 0
105252 20.687 10.0 16.612 0
105322 20.687 10.0 16.612 0
105353 20.687 10.0 16.612 0
105424 20.687 10.0 16.612 0
105454 20.687 10.0 16.612 0
105524 20.687 10.0 16.612 0
105554 20.687 10.0 16.612 0
105624 20.687 10.0 16.612 0
105655 20.687 10.0 16.612 0
105725 20.687 10.0 16.612 0
105756 20.687 10.0 16.612 0
105826 20.687 10.0 16.612 0
105856 20.687 10.0 16.612 0
105927 20.687 10.0 16.612 0
105957 20.687 10.0 16.612 0
110028 20.687 10.0 16.612 0
110059 20.687 10.0 16.612 0
110129 20.687 10.0 16.612 0
110159 20.687 10.0 16.612 0
110229 20.687 10.0 16.612 0
110259 20.687 10.0 16.612 0
110330 20.687 10.0 16.612 0
110400 20.687 10.0 16.612 0
110431 20.687 10.0 16.612 0
110501 20.687 10.0 16.612 0
110531 20.75 10.0 16.612 0
110602 20.75 10.0 16.612 0
110632 20.75 10.0 16.612 0
110703 20.75 10.0 16.612 0
110733 20.75 10.0 16.612 0
110803 20.75 10.0 16.612 0
110833 20.75 10.0 16.612 0
110904 20.75 10.0 16.612 0
110934 20.75 10.0 16.612 0
111004 20.75 10.0 16.612 0
111034 20.75 10.0 16.612 0
111104 20.75 10.0 16.612 0
111134 20.75 10.0 16.612 0
111205 20.75 10.0 16.612 0
111235 20.75 10.0 16.612 0
111305 20.812 10.0 16.612 0
111335 20.812 10.0 16.612 0
111406 20.812 10.0 16.612 0
111436 20.812 10.0 16.612 0
111506 20.812 10.0 16.612 0
111536 20.75 10.0 16.612 0
111607 20.75 10.0 16.612 0
111637 20.75 10.0 16.612 0
111707 20.75 10.0 16.612 0
111737 20.75 10.0 16.612 0
111808 20.75 10.0 16.612 0
111839 20.75 10.0 16.612 0
111909 20.75 10.0 16.612 0
111939 20.75 10.0 16.612 0
112009 20.75 10.0 16.612 0
112039 20.75 10.0 16.612 0
112109 20.75 10.0 16.612 0
112140 20.75 10.0 16.612 0
112210 20.75 10.0 16.612 0
112240 20.75 10.0 16.612 0
112310 20.75 10.0 16.612 0
112341 20.75 10.0 16.612 0
112411 20.75 10.0 16.612 0
112441 20.75 10.0 16.612 0
112512 20.75 10.0 16.612 0
112542 20.75 10.0 16.612 0
112613 20.75 10.0 16.612 0
112643 20.75 10.0 16.612 0
112713 20.75 10.0 16.612 0
112743 20.75 10.0 16.612 0
112814 20.75 10.0 16.612 0
112844 20.75 10.0 16.612 0
112914 20.75 10.0 16.612 0
112944 20.75 10.0 16.612 0
113015 20.75 10.0 16.612 0
113045 20.812 10.0 16.612 0
113116 20.812 10.0 16.612 0
113146 20.812 10.0 16.612 0
113216 20.812 10.0 16.612 0
113247 20.812 10.0 16.612 0
113317 20.75 10.0 16.612 0
113347 20.75 10.0 16.612 0
113417 20.75 10.0 16.612 0
113448 20.75 10.0 16.612 0
113520 20.75 10.0 16.612 0
113550 20.75 10.0 16.612 0
113620 20.75 10.0 16.612 0
113651 20.75 10.0 16.612 0
113721 20.75 10.0 16.612 0
113751 20.687 10.0 16.612 0
113822 20.687 10.0 16.612 0
113852 20.687 10.0 16.612 0
113922 20.687 10.0 16.612 0
113952 20.687 10.0 16.612 0
114022 20.75 10.0 16.612 0
114052 20.75 10.0 16.612 0
114123 20.75 10.0 16.612 0
114153 20.75 10.0 16.612 0
114223 20.75 10.0 16.612 0
114254 20.687 10.0 16.612 0
114324 20.687 10.0 16.612 0
114354 20.687 10.0 16.612 0
114424 20.687 10.0 16.612 0
114455 20.687 10.0 16.612 0
114525 20.687 10.0 16.612 0
114555 20.687 10.0 16.612 0
114626 20.687 10.0 16.612 0
114656 20.687 10.0 16.612 0
114726 20.687 10.0 16.612 0
114756 20.687 10.0 16.612 0
114827 20.687 10.0 16.612 0
114857 20.687 10.0 16.612 0
114927 20.687 10.0 16.612 0
114958 20.687 10.0 16.612 0
115028 20.687 10.0 16.612 0
115058 20.687 10.0 16.612 0
115128 20.687 10.0 16.612 0
115159 20.687 10.0 16.612 0
115230 20.687 10.0 16.612 0
115300 20.687 10.0 16.612 0
115330 20.687 10.0 16.612 0
115400 20.687 10.0 16.612 0
115431 20.687 10.0 16.612 0
115501 20.687 10.0 16.612 0
115531 20.687 10.0 16.612 0
115601 20.687 10.0 16.612 0
115632 20.687 10.0 16.612 0
115702 20.687 10.0 16.612 0
115732 20.687 10.0 16.612 0
115802 20.687 10.0 16.612 0
115833 20.687 10.0 16.612 0
115903 20.687 10.0 16.612 0
115933 20.687 10.0 16.612 0
120003 20.687 10.0 16.612 0
120033 20.687 10.0 16.612 0
120104 20.687 10.0 16.612 0
120134 20.687 10.0 16.612 0
120204 20.687 10.0 16.612 0
120234 20.687 10.0 16.612 0
120304 20.625 10.0 16.612 0
120334 20.625 10.0 16.612 0
120405 20.625 10.0 16.612 0
120435 20.625 10.0 16.612 0
120506 20.625 10.0 16.612 0
120536 20.687 10.0 16.612 0
120606 20.687 10.0 16.612 0
120637 20.687 10.0 16.612 0
120707 20.687 10.0 16.612 0
120737 20.687 10.0 16.612 0
120808 20.687 10.0 16.612 0
120838 20.687 10.0 16.612 0
120909 20.687 10.0 16.612 0
120939 20.687 10.0 16.612 0
121009 20.687 10.0 16.612 0
121040 20.687 10.0 16.612 0
121110 20.687 10.0 16.612 0
121140 20.687 10.0 16.612 0
121210 20.687 10.0 16.612 0
121241 20.687 10.0 16.612 0
121311 20.687 10.0 16.612 0
121341 20.687 10.0 16.612 0
121411 20.687 10.0 16.612 0
121441 20.687 10.0 16.612 0
121512 20.687 10.0 16.612 0
121542 20.625 10.0 16.612 0
121612 20.625 10.0 16.612 0
121642 20.625 10.0 16.612 0
121712 20.625 10.0 16.612 0
121743 20.625 10.0 16.612 0
121813 20.687 10.0 16.612 0
121844 20.687 10.0 16.612 0
121914 20.687 10.0 16.612 0
121944 20.687 10.0 16.612 0
122014 20.687 10.0 16.612 0
122044 20.687 10.0 16.612 0
122114 20.687 10.0 16.612 0
122145 20.687 10.0 16.612 0
122215 20.687 10.0 16.612 0
122245 20.687 10.0 16.612 0
122315 20.687 10.0 16.612 0
122346 20.687 10.0 16.612 0
122416 20.687 10.0 16.612 0
122446 20.687 10.0 16.612 0
122517 20.687 10.0 16.612 0
122547 20.687 10.0 16.612 0
122617 20.687 10.0 16.612 0
122647 20.687 10.0 16.612 0
122718 20.687 10.0 16.612 0
122748 20.687 10.0 16.612 0
122819 20.687 10.0 16.612 0
122850 20.687 10.0 16.612 0
122920 20.687 10.0 16.612 0
122951 20.687 10.0 16.612 0
123021 20.687 10.0 16.612 0
123051 20.687 10.0 16.612 0
123121 20.687 10.0 16.612 0
123152 20.687 10.0 16.612 0
123222 20.687 10.0 16.612 0
123252 20.687 10.0 16.612 0
123322 20.687 10.0 16.612 0
123353 20.687 10.0 16.612 0
123423 20.687 10.0 16.612 0
123453 20.687 10.0 16.612 0
123523 20.687 10.0 16.612 0
123554 20.75 10.0 16.612 0
123624 20.75 10.0 16.612 0
123654 20.75 10.0 16.612 0
123725 20.75 10.0 16.612 0
123755 20.75 10.0 16.612 0
123825 20.75 10.0 16.612 0
123855 20.75 10.0 16.612 0
123926 20.75 10.0 16.612 0
123956 20.75 10.0 16.612 0
124026 20.75 10.0 16.612 0
124056 20.75 10.0 16.612 0
124127 20.75 10.0 16.612 0
124157 20.75 10.0 16.612 0
124227 20.75 10.0 16.612 0
124257 20.75 10.0 16.612 0
124328 20.75 10.0 16.612 0
124358 20.75 10.0 16.612 0
124429 20.75 10.0 16.612 0
124459 20.75 10.0 16.612 0
124531 20.75 10.0 16.612 0
124601 20.75 10.0 16.612 0
124631 20.75 10.0 16.612 0
124702 20.75 10.0 16.612 0
124732 20.75 10.0 16.612 0
124803 20.75 10.0 16.612 0
124833 20.75 10.0 16.612 0
124903 20.75 10.0 16.612 0
124933 20.75 10.0 16.612 0
125004 20.75 10.0 16.612 0
125034 20.75 10.0 16.612 0
125104 20.75 10.0 16.612 0
125134 20.75 10.0 16.612 0
125204 20.75 10.0 16.612 0
125235 20.75 10.0 16.612 0
125305 20.75 10.0 16.612 0
125335 20.75 10.0 16.612 0
125405 20.75 10.0 16.612 0
125435 20.75 10.0 16.612 0
125506 20.75 10.0 16.612 0
125536 20.687 10.0 16.612 0
125606 20.687 10.0 16.612 0
125637 20.687 10.0 16.612 0
125707 20.687 10.0 16.612 0
125737 20.687 10.0 16.612 0
125807 20.75 10.0 16.612 0
125837 20.75 10.0 16.612 0
125908 20.75 10.0 16.612 0
125939 20.75 10.0 16.612 0
130009 20.75 10.0 16.612 0
130039 20.812 10.0 16.612 0
130109 20.812 10.0 16.612 0
130139 20.812 10.0 16.612 0
130209 20.812 10.0 16.612 0
130240 20.812 10.0 16.675 0
130310 20.875 10.0 16.612 0
130340 20.875 10.0 16.612 0
130410 20.875 10.0 16.612 0
130441 20.875 10.0 16.612 0
130511 20.875 10.0 16.612 0
130541 20.937 10.0 16.612 0
130611 20.937 10.0 16.612 0
130641 20.937 10.0 16.612 0
130712 20.937 10.0 16.612 0
130742 20.937 10.0 16.612 0
130812 20.875 10.0 16.612 0
130842 20.875 10.0 16.612 0
130913 20.875 10.0 16.612 0
130943 20.875 10.0 16.612 0
131014 20.875 10.0 16.675 0
131044 20.937 10.0 16.612 0
131114 20.937 10.0 16.612 0
131144 20.937 10.0 16.612 0
131214 20.937 10.0 16.612 0
131245 20.937 10.0 16.612 0
131315 20.937 10.0 16.612 0
131345 20.937 10.0 16.612 0
131415 20.937 10.0 16.612 0
131446 20.937 10.0 16.612 0
131516 20.937 10.0 16.612 0
131546 20.937 10.0 16.612 0
131616 20.937 10.0 16.612 0
131646 20.937 10.0 16.612 0
131717 20.937 10.0 16.675 0
131747 20.937 10.0 16.612 0
131817 20.937 10.0 16.612 0
131847 20.937 10.0 16.612 0
131918 20.937 10.0 16.612 0
131948 20.937 10.0 16.612 0
132018 20.937 10.0 16.612 0
132048 20.937 10.0 16.612 0
132119 20.937 10.0 16.612 0
132149 20.937 10.0 16.612 0
132220 20.937 10.0 16.612 0
132250 20.937 10.0 16.612 0
132321 20.937 10.0 16.612 0
132351 20.937 10.0 16.612 0
132421 20.937 10.0 16.612 0
132452 20.937 10.0 16.612 0
132523 20.937 10.0 16.612 0
132553 20.937 10.0 16.612 0
132623 20.937 10.0 16.675 0
132653 20.937 10.0 16.612 0
132724 20.937 10.0 16.675 0
132754 20.937 10.0 16.675 0
132824 20.937 10.0 16.675 0
132854 20.937 10.0 16.612 0
132925 20.937 10.0 16.612 0
132955 20.937 10.0 16.675 0
133026 20.937 10.0 16.612 0
133056 21.0 10.0 16.612 0
133126 21.0 10.0 16.675 0
133156 21.0 10.0 16.612 0
133226 21.0 10.0 16.612 0
133257 21.0 10.0 16.612 0
133327 20.937 10.0 16.612 0
133357 20.937 10.0 16.612 0
133427 20.937 10.0 16.612 0
133457 20.937 10.0 16.612 0
133528 20.937 10.0 16.612 0
133558 21.0 10.0 16.612 0
133628 21.0 10.0 16.612 0
133658 21.0 10.0 16.612 0
133728 21.0 10.0 16.612 0
133759 21.0 10.0 16.612 0
133829 21.0 10.0 16.612 0
133859 21.0 10.0 16.612 0
133930 21.0 10.0 16.612 0
134000 21.0 10.0 16.612 0
134030 21.0 10.0 16.612 0
134101 21.062 10.0 16.612 0
134131 21.062 10.0 16.612 0
134201 21.062 10.0 16.612 0
134232 21.062 10.0 16.612 0
134302 21.062 10.0 16.612 0
134332 21.125 10.0 16.675 0
134403 21.125 10.0 16.612 0
134433 21.125 10.0 16.675 0
134503 21.125 10.0 16.675 0
134533 21.125 10.0 16.612 0
134603 21.125 10.0 16.675 0
134634 21.125 10.0 16.675 0
134704 21.125 10.0 16.675 0
134734 21.125 10.0 16.612 0
134805 21.125 10.0 16.612 0
134835 21.062 10.0 16.612 0
134905 21.062 10.0 16.675 0
134935 21.062 10.0 16.612 0
135005 21.062 10.0 16.612 0
135036 21.062 10.0 16.612 0
135107 21.062 10.0 16.675 0
135137 21.062 10.0 16.612 0
135207 21.062 10.0 16.612 0
135237 21.062 10.0 16.675 0
135310 21.125 10.0 16.612 0
135340 21.125 10.0 16.675 0
135410 21.125 10.0 16.675 0
135441 21.125 10.0 16.675 0
135511 21.125 10.0 16.612 0
135541 21.125 10.0 16.612 0
135611 21.125 10.0 16.612 0
135642 21.125 10.0 16.612 0
135712 21.125 10.0 16.612 0
135742 21.125 10.0 16.675 0
135812 21.187 10.0 16.612 0
135843 21.187 10.0 16.675 0
135913 21.187 10.0 16.612 0
135944 21.187 10.0 16.675 0
140014 21.187 10.0 16.612 0
140044 21.187 10.0 16.612 0
140114 21.187 10.0 16.675 0
140144 21.187 10.0 16.612 0
140215 21.187 10.0 16.612 0
140245 21.187 10.0 16.612 0
140315 21.25 10.0 16.675 0
140346 21.25 10.0 16.675 0
140416 21.25 10.0 16.612 0
140446 21.25 10.0 16.612 0
140517 21.25 10.0 16.675 0
140547 21.25 10.0 16.612 0
140618 21.25 10.0 16.675 0
140648 21.25 10.0 16.612 0
140718 21.25 10.0 16.675 0
140748 21.25 10.0 16.675 0
140818 21.125 10.0 16.612 0
140849 21.125 10.0 16.675 0
140919 21.125 10.0 16.612 0
140949 21.125 10.0 16.612 0
141019 21.125 10.0 16.675 0
141050 21.187 10.0 16.612 0
141120 21.187 10.0 16.675 0
141150 21.187 10.0 16.675 0
141220 21.187 10.0 16.612 0
141251 21.187 10.0 16.675 0
141321 21.25 10.0 16.675 0
141351 21.25 10.0 16.612 0
141422 21.25 10.0 16.675 0
141452 21.25 10.0 16.675 0
141522 21.25 10.0 16.675 0
141552 21.187 10.0 16.675 0
141623 21.187 10.0 16.675 0
141653 21.187 10.0 16.675 0
141724 21.187 10.0 16.612 0
141754 21.187 10.0 16.675 0
141824 21.312 10.0 16.612 0
141854 21.312 10.0 16.612 0
141925 21.312 10.0 16.675 0
141955 21.312 10.0 16.612 0
142025 21.312 10.0 16.675 0
142055 21.312 10.0 16.612 0
142125 21.312 10.0 16.675 0
142156 21.312 10.0 16.612 0
142226 21.312 10.0 16.675 0
142256 21.312 10.0 16.675 0
142326 21.375 10.0 16.675 0
142357 21.375 10.0 16.675 0
142427 21.375 10.0 16.675 0
142457 21.375 10.0 16.675 0
142528 21.375 10.0 16.675 0
142558 21.375 10.0 16.675 0
142629 21.375 10.0 16.675 0
142659 21.375 10.0 16.675 0
142729 21.375 10.0 16.612 0
142800 21.375 10.0 16.675 0
142830 21.437 10.0 16.675 0
142901 21.437 10.0 16.612 0
142931 21.437 10.0 16.675 0
143001 21.437 10.0 16.675 0
143031 21.437 10.0 16.675 0
143102 21.437 10.0 16.675 0
143132 21.437 10.0 16.675 0
143202 21.437 10.0 16.675 0
143233 21.437 10.0 16.675 0
143303 21.437 10.0 16.675 0
143333 21.5 10.0 16.675 0
143404 21.5 10.0 16.675 0
143434 21.5 10.0 16.612 0
143504 21.5 10.0 16.675 0
143534 21.5 10.0 16.675 0
143605 21.437 10.0 16.612 0
143635 21.437 10.0 16.675 0
143705 21.437 10.0 16.612 0
143735 21.437 10.0 16.675 0
143806 21.437 10.0 16.675 0
143836 21.437 10.0 16.675 0
143906 21.437 10.0 16.675 0
143937 21.437 10.0 16.675 0
144007 21.437 10.0 16.675 0
144037 21.437 10.0 16.675 0
144107 21.437 10.0 16.675 0
144138 21.437 10.0 16.675 0
144208 21.437 10.0 16.675 0
144238 21.437 10.0 16.612 0
144308 21.437 10.0 16.675 0
144338 21.437 10.0 16.675 0
144409 21.437 10.0 16.675 0
144439 21.437 10.0 16.675 0
144509 21.437 10.0 16.675 0
144539 21.437 10.0 16.675 0
144609 21.5 10.0 16.675 0
144639 21.5 10.0 16.675 0
144710 21.5 10.0 16.675 0
144740 21.5 10.0 16.675 0
144810 21.5 10.0 16.675 0
144840 21.562 10.0 16.675 0
144910 21.562 10.0 16.675 0
144941 21.562 10.0 16.675 0
145011 21.562 10.0 16.675 0
145042 21.562 10.0 16.675 0
145112 21.562 10.0 16.675 0
145142 21.562 10.0 16.675 0
145213 21.562 10.0 16.675 0
145244 21.562 10.0 16.675 0
145314 21.562 10.0 16.675 0
145344 21.625 10.0 16.675 0
145414 21.625 10.0 16.675 0
145444 21.625 10.0 16.675 0
145514 21.625 10.0 16.675 0
145545 21.625 10.0 16.675 0
145616 21.562 10.0 16.675 0
145646 21.562 10.0 16.675 0
145716 21.562 10.0 16.675 0
145746 21.562 10.0 16.675 0
145819 21.75 10.0 16.675 0
145850 21.75 10.0 16.675 0
145920 21.75 10.0 16.675 0
145950 21.75 10.0 16.675 0
150021 21.75 10.0 16.675 0
150051 21.812 10.0 16.675 0
150121 21.812 10.0 16.675 0
150151 21.812 10.0 16.675 0
150222 21.812 10.0 16.675 0
150252 21.812 10.0 16.675 0
150322 21.75 10.0 16.612 0
150353 21.75 10.0 16.675 0
150423 21.75 10.0 16.675 0
150453 21.75 10.0 16.675 0
150523 21.75 10.0 16.675 0
150554 21.625 10.0 16.612 0
150624 21.625 10.0 16.675 0
150655 21.625 10.0 16.612 0
150725 21.625 10.0 16.675 0
150755 21.625 10.0 16.675 0
150825 21.687 10.0 16.675 0
150856 21.687 10.0 16.675 0
150926 21.687 10.0 16.675 0
150956 21.687 10.0 16.675 0
151027 21.687 10.0 16.675 0
151057 21.687 10.0 16.675 0
151128 21.687 10.0 16.675 0
151158 21.687 10.0 16.675 0
151228 21.687 10.0 16.675 0
151259 21.687 10.0 16.675 0
151329 21.625 10.0 16.675 0
151359 21.625 10.0 16.675 0
151430 21.625 10.0 16.675 0
151500 21.625 10.0 16.675 0
151530 21.625 10.0 16.675 0
151601 21.687 10.0 16.675 0
151631 21.687 10.0 16.675 0
151701 21.687 10.0 16.675 0
151732 21.687 10.0 16.675 0
151802 21.687 10.0 16.675 0
151832 21.75 10.0 16.675 0
151902 21.75 10.0 16.675 0
151932 21.75 10.0 16.675 0
152003 21.75 10.0 16.675 0
152033 21.75 10.0 16.675 0
152103 21.75 10.0 16.675 0
152133 21.75 10.0 16.675 0
152203 21.75 10.0 16.675 0
152234 21.75 10.0 16.675 0
152305 21.75 10.0 16.675 0
152335 21.687 10.0 16.675 0
152406 21.687 10.0 16.675 0
152436 21.687 10.0 16.675 0
152506 21.687 10.0 16.675 0
152537 21.687 10.0 16.675 0
152607 21.75 10.0 16.675 0
152637 21.75 10.0 16.675 0
152708 21.75 10.0 16.675 0
152738 21.75 10.0 16.675 0
152808 21.75 10.0 16.675 0
152838 21.875 10.0 16.675 0
152909 21.875 10.0 16.675 0
152939 21.875 10.0 16.675 0
153009 21.875 10.0 16.675 0
153039 21.875 10.0 16.675 0
153109 22.0 10.0 16.675 0
153140 22.0 10.0 16.675 0
153210 22.0 10.0 16.675 0
153240 22.0 10.0 16.675 0
153310 22.0 10.0 16.675 0
153340 22.0 10.0 16.675 0
153411 22.0 10.0 16.675 0
153441 22.0 10.0 16.675 0
153511 22.0 10.0 16.675 0
153541 22.0 10.0 16.675 0
153612 21.875 10.0 16.675 0
153642 21.875 10.0 16.675 0
153712 21.875 10.0 16.675 0
153743 21.875 10.0 16.675 0
153813 21.875 10.0 16.675 0
153844 21.812 10.0 16.675 0
153915 21.812 10.0 16.675 0
153945 21.812 10.0 16.675 0
154015 21.812 10.0 16.675 0
154045 21.812 10.0 16.675 0
154116 22.062 10.0 16.675 0
154146 22.062 10.0 16.675 0
154216 22.062 10.0 16.675 0
154247 22.062 10.0 16.675 0
154317 22.062 10.0 16.675 0
154347 22.0 10.0 16.675 0
154417 22.0 10.0 16.675 0
154447 22.0 10.0 16.675 0
154517 22.0 10.0 16.675 0
154548 22.0 10.0 16.675 0
154618 22.125 10.0 16.675 0
154648 22.125 10.0 16.675 0
154718 22.125 10.0 16.675 0
154749 22.125 10.0 16.675 0
154819 22.125 10.0 16.675 0
154849 22.187 10.0 16.675 0
154919 22.187 10.0 16.675 0
154950 22.187 10.0 16.675 0
155020 22.187 10.0 16.675 0
155050 22.187 10.0 16.675 0
155120 22.062 10.0 16.675 0
155150 22.062 10.0 16.675 0
155220 22.062 10.0 16.675 0
155251 22.062 10.0 16.675 0
155321 22.062 10.0 16.675 0
155351 22.187 10.0 16.675 0
155421 22.187 10.0 16.675 0
155451 22.187 10.0 16.675 0
155522 22.187 10.0 16.675 0
155552 22.187 10.0 16.675 0
155622 22.375 10.0 16.675 0
155652 22.375 10.0 16.675 0
155722 22.375 10.0 16.675 0
155753 22.375 10.0 16.675 0
155823 22.375 10.0 16.675 0
155853 22.25 10.0 16.675 0
155924 22.25 10.0 16.675 0
155954 22.25 10.0 16.675 0
160025 22.25 10.0 16.675 0
160057 22.187 10.0 16.675 0
160128 22.187 10.0 16.675 0
160158 22.187 10.0 16.675 0
160228 22.187 10.0 16.675 0
160259 22.187 10.0 16.675 0
160329 22.375 10.0 16.675 0
160400 22.375 10.0 16.675 0
160430 22.375 10.0 16.675 0
160501 22.375 10.0 16.675 0
160531 22.375 10.0 16.675 0
160601 22.312 10.0 16.675 0
160631 22.312 10.0 16.675 0
160702 22.312 10.0 16.675 0
160732 22.312 10.0 16.675 0
160802 22.312 10.0 16.675 0
160832 22.312 10.0 16.675 0
160903 22.312 10.0 16.675 0
160933 22.312 10.0 16.675 0
161003 22.312 10.0 16.675 0
161034 22.312 10.0 16.675 0
161104 22.25 10.0 16.675 0
161135 22.25 10.0 16.675 0
161205 22.25 10.0 16.675 0
161236 22.25 10.0 16.675 0
161306 22.25 10.0 16.675 0
161336 22.187 10.0 16.675 0
161407 22.187 10.0 16.675 0
161437 22.187 10.0 16.675 0
161507 22.187 10.0 16.675 0
161537 22.187 10.0 16.675 0
161607 22.375 10.0 16.675 0
161638 22.375 10.0 16.675 0
161708 22.375 10.0 16.675 0
161738 22.375 10.0 16.675 0
161808 22.375 10.0 16.675 0
161839 22.312 10.0 16.675 0
161909 22.312 10.0 16.675 0
161939 22.312 10.0 16.675 0
162009 22.312 10.0 16.675 0
162039 22.312 10.0 16.675 0
162110 22.312 10.0 16.675 0
162140 22.312 10.0 16.675 0
162210 22.312 10.0 16.675 0
162240 22.312 10.0 16.675 0
162310 22.312 10.0 16.675 0
162341 22.625 10.0 16.675 0
162411 22.625 10.0 16.675 0
162441 22.625 10.0 16.675 0
162511 22.625 10.0 16.675 0
162542 22.625 10.0 16.675 0
162612 22.562 10.0 16.675 0
162643 22.562 10.0 16.675 0
162713 22.562 10.0 16.675 0
162743 22.562 10.0 16.675 0
162813 22.562 10.0 16.675 0
162843 22.625 10.0 16.675 0
162914 22.625 10.0 16.675 0
162944 22.625 10.0 16.675 0
163014 22.625 10.0 16.675 0
163045 22.625 10.0 16.675 0
163115 22.625 10.0 16.675 0
163145 22.625 10.0 16.675 0
163215 22.625 10.0 16.675 0
163245 22.625 10.0 16.675 0
163315 22.625 10.0 16.675 0
163346 22.562 10.0 16.675 0
163417 22.562 10.0 16.675 0
163447 22.562 10.0 16.675 0
163517 22.562 10.0 16.675 0
163548 22.562 10.0 16.675 0
163618 22.562 10.0 16.675 0
163648 22.562 10.0 16.675 0
163719 22.562 10.0 16.675 0
163749 22.562 10.0 16.675 0
163819 22.562 10.0 16.675 0
163849 22.625 10.0 16.675 0
163920 22.625 10.0 16.675 0
163951 22.625 10.0 16.675 0
164021 22.625 10.0 16.675 0
164051 22.625 10.0 16.675 0
164121 22.75 10.0 16.675 0
164152 22.75 10.0 16.675 0
164222 22.75 10.0 16.675 0
164252 22.75 10.0 16.675 0
164323 22.75 10.0 16.675 0
164353 22.687 10.0 16.675 0
164423 22.687 10.0 16.675 0
164454 22.687 10.0 16.675 0
164524 22.687 10.0 16.675 0
164554 22.687 10.0 16.675 0
164625 22.625 10.0 16.675 0
164655 22.625 10.0 16.675 0
164726 22.625 10.0 16.675 0
164756 22.625 10.0 16.675 0
164826 22.625 10.0 16.675 0
164856 22.625 10.0 16.675 0
164926 22.625 10.0 16.675 0
164956 22.625 10.0 16.675 0
165027 22.625 10.0 16.675 0
165058 22.625 10.0 16.675 0
165128 22.812 10.0 16.675 0
165159 22.812 10.0 16.675 0
165229 22.812 10.0 16.675 0
165259 22.812 10.0 16.675 0
165329 22.812 10.0 16.675 0
165400 22.937 10.0 16.675 0
165430 22.937 10.0 16.675 0
165500 22.937 10.0 16.675 0
165530 22.937 10.0 16.675 0
165600 22.937 10.0 16.675 0
165631 23.0 10.0 16.675 0
165701 23.0 10.0 16.675 0
165731 23.0 10.0 16.675 0
165801 23.0 10.0 16.675 0
165832 23.0 10.0 16.675 0
165902 22.937 10.0 16.675 0
165933 22.937 10.0 16.675 0
170003 22.937 10.0 16.675 0
170033 22.937 10.0 16.675 0
170106 22.75 10.0 16.675 0
170136 22.75 10.0 16.675 0
170206 22.75 10.0 16.675 0
170237 22.75 10.0 16.675 0
170307 22.75 10.0 16.675 0
170338 22.75 10.0 16.675 0
170408 22.75 10.0 16.675 0
170438 22.75 10.0 16.675 0
170508 22.75 10.0 16.675 0
170539 22.75 10.0 16.675 0
170609 22.687 10.0 16.675 0
170639 22.687 10.0 16.675 0
170709 22.687 10.0 16.675 0
170740 22.687 10.0 16.675 0
170810 22.687 10.0 16.675 0
170840 22.75 10.0 16.675 0
170910 22.75 10.0 16.675 0
170940 22.75 10.0 16.675 0
171011 22.75 10.0 16.675 0
171041 22.75 10.0 16.675 0
171112 22.5 10.0 16.675 0
171142 22.5 10.0 16.675 0
171212 22.5 10.0 16.675 0
171243 22.5 10.0 16.675 0
171313 22.5 10.0 16.675 0
171344 22.5 10.0 16.675 0
171414 22.5 10.0 16.675 0
171444 22.5 10.0 16.675 0
171514 22.5 10.0 16.675 0
171544 22.5 10.0 16.675 0
171614 22.562 10.0 16.675 0
171644 22.562 10.0 16.675 0
171715 22.562 10.0 16.675 0
171745 22.562 10.0 16.675 0
171815 22.562 10.0 16.675 0
171846 22.625 10.0 16.675 0
171916 22.625 10.0 16.675 0
171946 22.625 10.0 16.675 0
172016 22.625 10.0 16.675 0
172047 22.625 10.0 16.675 0
172117 22.937 10.0 16.675 0
172148 22.937 10.0 16.675 0
172218 22.937 10.0 16.675 0
172248 22.937 10.0 16.675 0
172318 22.937 10.0 16.675 0
172348 23.437 10.0 16.675 0
172419 23.437 10.0 16.675 0
172449 23.437 10.0 16.675 0
172519 23.437 10.0 16.675 0
172550 23.437 10.0 16.675 0
172620 23.375 10.0 16.675 0
172651 23.375 10.0 16.675 0
172721 23.375 10.0 16.675 0
172751 23.375 10.0 16.675 0
172822 23.375 10.0 16.675 0
172852 23.25 10.0 16.675 0
172923 23.25 10.0 16.675 0
172954 23.25 10.0 16.675 0
173024 23.25 10.0 16.675 0
173055 23.25 10.0 16.675 0
173125 23.187 10.0 16.675 0
173156 23.187 10.0 16.675 0
173226 23.187 10.0 16.675 0
173256 23.187 10.0 16.675 0
173327 23.187 10.0 16.675 0
173357 23.062 10.0 16.675 0
173427 23.062 10.0 16.675 0
173457 23.062 10.0 16.675 0
173528 23.062 10.0 16.675 0
173558 23.062 10.0 16.675 0
173628 23.0 10.0 16.675 0
173659 23.0 10.0 16.675 0
173730 23.0 10.0 16.675 0
173800 23.0 10.0 16.675 0
173830 23.0 10.0 16.675 0
173900 23.0 10.0 16.675 0
173931 23.0 10.0 16.675 0
174001 23.0 10.0 16.675 0
174031 23.0 10.0 16.675 0
174102 23.0 10.0 16.675 0
174132 23.125 10.0 16.675 0
174203 23.125 10.0 16.675 0
174233 23.125 10.0 16.675 0
174303 23.125 10.0 16.675 0
174334 23.125 10.0 16.675 0
174404 23.125 10.0 16.675 0
174435 23.125 10.0 16.675 0
174505 23.125 10.0 16.675 0
174535 23.125 10.0 16.675 0
174605 23.125 10.0 16.675 0
174636 23.25 10.0 16.675 0
174706 23.25 10.0 16.675 0
174737 23.25 10.0 16.675 0
174807 23.25 10.0 16.675 0
174837 23.25 10.0 16.675 0
174908 23.312 10.0 16.675 0
174938 23.312 10.0 16.675 0
175008 23.312 10.0 16.675 0
175039 23.312 10.0 16.675 0
175111 23.312 10.0 16.675 0
175142 23.312 10.0 16.675 0
175212 23.312 10.0 16.675 0
175242 23.312 10.0 16.675 0
175312 23.312 10.0 16.675 0
175342 23.312 10.0 16.675 0
175413 23.312 10.0 16.675 0
175443 23.312 10.0 16.675 0
175513 23.312 10.0 16.675 0
175544 23.312 10.0 16.675 0
175615 23.187 10.0 16.675 0
175645 23.187 10.0 16.675 0
175715 23.187 10.0 16.675 0
175745 23.187 10.0 16.675 0
175816 23.187 10.0 16.675 0
175846 23.125 10.0 16.675 0
175917 23.125 10.0 16.675 0
175947 23.125 10.0 16.675 0
180017 23.125 10.0 16.675 0
180048 23.125 10.0 16.675 0
180118 23.125 10.0 16.675 0
180149 23.125 10.0 16.675 0
180219 23.125 10.0 16.675 0
180249 23.125 10.0 16.675 0
180319 23.125 10.0 16.675 0
180349 23.0 10.0 16.675 0
180420 23.0 10.0 16.675 0
180450 23.0 10.0 16.675 0
180520 23.0 10.0 16.675 0
180551 23.0 10.0 16.675 0
180621 22.875 10.0 16.675 0
180651 22.875 10.0 16.675 0
180721 22.875 10.0 16.675 0
180752 22.875 10.0 16.675 0
180822 22.875 10.0 16.675 0
180852 22.812 10.0 16.675 0
180922 22.812 10.0 16.675 0
180953 22.812 10.0 16.675 0
181023 22.812 10.0 16.675 0
181053 22.812 10.0 16.675 0
181124 22.875 10.0 16.675 0
181155 22.875 10.0 16.675 0
181225 22.875 10.0 16.675 0
181255 22.875 10.0 16.675 0
181326 22.875 10.0 16.675 0
181356 22.937 10.0 16.675 0
181426 22.937 10.0 16.675 0
181456 22.937 10.0 16.675 0
181527 22.937 10.0 16.675 0
181557 22.937 10.0 16.675 0
181628 22.875 10.0 16.675 0
181658 22.875 10.0 16.675 0
181729 22.875 10.0 16.675 0
181759 22.875 10.0 16.675 0
181830 22.875 10.0 16.675 0
181900 22.812 10.0 16.675 0
181930 22.812 10.0 16.675 0
182000 22.812 10.0 16.675 0
182031 22.812 10.0 16.675 0
182101 22.812 10.0 16.675 0
182131 22.812 10.0 16.675 0
182201 22.812 10.0 16.675 0
182232 22.812 10.0 16.675 0
182302 22.812 10.0 16.675 0
182332 22.812 10.0 16.675 0
182403 22.812 10.0 16.675 0
182433 22.812 10.0 16.675 0
182503 22.812 10.0 16.675 0
182533 22.812 10.0 16.675 0
182603 22.812 10.0 16.675 0
182634 22.875 10.0 16.675 0
182704 22.875 10.0 16.675 0
182735 22.875 10.0 16.675 0
182805 22.875 10.0 16.675 0
182835 22.875 10.0 16.675 0
182906 23.0 10.0 16.675 0
182936 23.0 10.0 16.675 0
183006 23.0 10.0 16.675 0
183036 23.0 10.0 16.675 0
183107 23.0 10.0 16.675 0
183137 23.187 10.0 16.675 0
183208 23.187 10.0 16.675 0
183239 23.187 10.0 16.675 0
183309 23.187 10.0 16.675 0
183339 23.187 10.0 16.675 0
183409 23.187 10.0 16.675 0
183439 23.187 10.0 16.675 0
183510 23.187 10.0 16.675 0
183541 23.187 10.0 16.675 0
183611 23.187 10.0 16.675 0
183641 23.125 10.0 16.675 0
183711 23.125 10.0 16.675 0
183741 23.125 10.0 16.675 0
183812 23.125 10.0 16.675 0
183842 23.125 10.0 16.675 0
183912 23.125 10.0 16.675 0
183942 23.125 10.0 16.675 0
184012 23.125 10.0 16.675 0
184043 23.125 10.0 16.675 0
184114 23.125 10.0 16.675 0
184144 23.187 10.0 16.675 0
184214 23.187 10.0 16.675 0
184244 23.187 10.0 16.675 0
184314 23.187 10.0 16.675 0
184344 23.187 10.0 16.675 0
184415 23.062 10.0 16.675 0
184445 23.062 10.0 16.675 0
184516 23.062 10.0 16.675 0
184546 23.062 10.0 16.675 0
184616 23.062 10.0 16.675 0
184646 23.0 10.0 16.675 0
184717 23.0 10.0 16.675 0
184747 23.0 10.0 16.675 0
184817 23.0 10.0 16.675 0
184849 23.062 10.0 16.675 0
184920 23.062 10.0 16.675 0
184950 23.062 10.0 16.675 0
185020 23.062 10.0 16.675 0
185051 23.062 10.0 16.675 0
185121 23.0 10.0 16.675 0
185151 23.0 10.0 16.675 0
185221 23.0 10.0 16.675 0
185251 23.0 10.0 16.675 0
185322 23.0 10.0 16.675 0
185352 23.0 10.0 16.675 0
185422 23.0 10.0 16.675 0
185452 23.0 10.0 16.675 0
185522 23.0 10.0 16.675 0
185553 23.0 10.0 16.675 0
185623 22.937 10.0 16.675 0
185653 22.937 10.0 16.675 0
185724 22.937 10.0 16.675 0
185754 22.937 10.0 16.675 0
185825 22.937 10.0 16.675 0
185855 23.062 10.0 16.675 0
185926 23.062 10.0 16.675 0
185956 23.062 10.0 16.675 0
190026 23.062 10.0 16.675 0
190057 23.062 10.0 16.675 0
190127 22.937 10.0 16.675 0
190157 22.937 10.0 16.675 0
190228 22.937 10.0 16.675 0
190258 22.937 10.0 16.675 0
190328 22.937 10.0 16.675 0
190358 22.875 10.0 16.675 0
190429 22.875 10.0 16.675 0
190500 22.875 10.0 16.675 0
190530 22.875 10.0 16.675 0
190600 22.875 10.0 16.675 0
190631 22.812 10.0 16.675 0
190701 22.812 10.0 16.675 0
190731 22.812 10.0 16.675 0
190801 22.812 10.0 16.675 0
190832 22.812 10.0 16.675 0
190902 22.812 10.0 16.675 0
190932 22.812 10.0 16.675 0
191002 22.812 10.0 16.675 0
191033 22.812 10.0 16.675 0
191103 22.812 10.0 16.675 0
191133 22.812 10.0 16.675 0
191204 22.812 10.0 16.675 0
191234 22.812 10.0 16.675 0
191304 22.812 10.0 16.675 0
191335 22.812 10.0 16.675 0
191405 22.937 10.0 16.675 0
191435 22.937 10.0 16.675 0
191506 22.937 10.0 16.675 0
191536 22.937 10.0 16.675 0
191606 22.937 10.0 16.675 0
191636 22.937 10.0 16.675 0
191707 22.937 10.0 16.675 0
191737 22.937 10.0 16.675 0
191808 22.937 10.0 16.675 0
191838 22.937 10.0 16.675 0
191908 22.812 10.0 16.675 0
191938 22.812 10.0 16.675 0
192009 22.812 10.0 16.675 0
192039 22.812 10.0 16.675 0
192109 22.812 10.0 16.675 0
192139 22.75 10.0 16.675 0
192209 22.75 10.0 16.675 0
192239 22.75 10.0 16.675 0
192310 22.75 10.0 16.675 0
192340 22.75 10.0 16.675 0
192410 22.687 10.0 16.675 0
192440 22.687 10.0 16.675 0
192511 22.687 10.0 16.675 0
192541 22.687 10.0 16.675 0
192611 22.687 10.0 16.675 0
192641 22.625 10.0 16.675 0
192711 22.625 10.0 16.675 0
192742 22.625 10.0 16.675 0
192812 22.625 10.0 16.675 0
192842 22.625 10.0 16.675 0
192912 22.625 10.0 16.675 0
192942 22.625 10.0 16.675 0
193012 22.625 10.0 16.675 0
193043 22.625 10.0 16.675 0
193114 22.625 10.0 16.675 0
193144 22.562 10.0 16.675 0
193215 22.562 10.0 16.675 0
193245 22.562 10.0 16.675 0
193315 22.562 10.0 16.675 0
193346 22.562 10.0 16.675 0
193416 22.625 10.0 16.675 0
193446 22.625 10.0 16.675 0
193516 22.625 10.0 16.675 0
193546 22.625 10.0 16.675 0
193617 22.625 10.0 16.675 0
193647 22.562 10.0 16.675 0
193717 22.562 10.0 16.675 0
193747 22.562 10.0 16.675 0
193817 22.562 10.0 16.675 0
193848 22.562 10.0 16.675 0
193918 22.625 10.0 16.675 0
193948 22.625 10.0 16.675 0
194018 22.625 10.0 16.675 0
194049 22.625 10.0 16.675 0
194119 22.625 10.0 16.675 0
194149 22.687 10.0 16.675 0
194220 22.687 10.0 16.675 0
194250 22.687 10.0 16.675 0
194320 22.687 10.0 16.675 0
194351 22.687 10.0 16.675 0
194421 22.687 10.0 16.675 0
194451 22.687 10.0 16.675 0
194521 22.687 10.0 16.675 0
194551 22.687 10.0 16.675 0
194622 22.687 10.0 16.737 0
194652 22.562 10.0 16.675 0
194722 22.562 10.0 16.675 0
194752 22.562 10.0 16.675 0
194822 22.562 10.0 16.675 0
194852 22.562 10.0 16.675 0
194923 22.562 10.0 16.675 0
194953 22.562 10.0 16.675 0
195023 22.562 10.0 16.675 0
195053 22.562 10.0 16.675 0
195123 22.562 10.0 16.675 0
195154 22.5 10.0 16.675 0
195224 22.5 10.0 16.675 0
195254 22.5 10.0 16.675 0
195324 22.5 10.0 16.675 0
195355 22.5 10.0 16.675 0
195425 22.5 10.0 16.737 0
195455 22.5 10.0 16.675 0
195525 22.5 10.0 16.675 0
195555 22.5 10.0 16.675 0
195626 22.5 10.0 16.737 0
195656 22.5 10.0 16.737 0
195726 22.5 10.0 16.675 0
195756 22.5 10.0 16.675 0
195827 22.5 10.0 16.675 0
195857 22.5 10.0 16.737 0
195927 22.437 10.0 16.675 0
195957 22.437 10.0 16.737 0
200027 22.437 10.0 16.675 0
200057 22.437 10.0 16.737 0
200130 22.375 10.0 16.737 0
200200 22.375 10.0 16.675 0
200230 22.375 10.0 16.675 0
200300 22.375 10.0 16.737 0
200331 22.375 10.0 16.675 0
200403 22.312 10.0 16.737 0
200434 22.312 10.0 16.675 0
200504 22.312 10.0 16.737 0
200534 22.312 10.0 16.675 0
200604 22.312 10.0 16.675 0
200634 22.187 10.0 16.675 0
200705 22.187 10.0 16.737 0
200735 22.187 10.0 16.737 0
200806 22.187 10.0 16.737 0
200836 22.187 10.0 16.737 0
200906 22.187 10.0 16.737 0
200936 22.187 10.0 16.675 0
201007 22.187 10.0 16.675 0
201037 22.187 10.0 16.737 0
201107 22.187 10.0 16.737 0
201138 22.187 10.0 16.737 0
201208 22.187 10.0 16.737 0
201238 22.187 10.0 16.737 0
201308 22.187 10.0 16.675 0
201339 22.187 10.0 16.675 0
201410 22.187 10.0 16.737 0
201440 22.187 10.0 16.737 0
201510 22.187 10.0 16.675 0
201540 22.187 10.0 16.675 0
201611 22.187 10.0 16.675 0
201641 22.062 10.0 16.737 0
201711 22.062 10.0 16.737 0
201742 22.062 10.0 16.675 0
201812 22.062 10.0 16.737 0
201842 22.062 10.0 16.675 0
201912 22.062 10.0 16.675 0
201942 22.062 10.0 16.737 0
202012 22.062 10.0 16.737 0
202043 22.062 10.0 16.737 0
202113 22.062 10.0 16.737 0
202143 22.062 10.0 16.737 0
202214 22.062 10.0 16.737 0
202244 22.062 10.0 16.737 0
202314 22.062 10.0 16.675 0
202345 22.062 10.0 16.737 0
202415 22.0 10.0 16.737 0
202446 22.0 10.0 16.737 0
202516 22.0 10.0 16.675 0
202546 22.0 10.0 16.737 0
202617 22.0 10.0 16.737 0
202647 22.062 10.0 16.737 0
202717 22.062 10.0 16.737 0
202748 22.062 10.0 16.675 0
202818 22.062 10.0 16.737 0
202848 22.062 10.0 16.737 0
202919 22.062 10.0 16.675 0
202950 22.062 10.0 16.675 0
203020 22.062 10.0 16.737 0
203050 22.062 10.0 16.737 0
203120 22.062 10.0 16.737 0
203150 22.062 10.0 16.737 0
203221 22.062 10.0 16.675 0
203251 22.062 10.0 16.737 0
203322 22.062 10.0 16.737 0
203352 22.062 10.0 16.737 0
203423 22.125 10.0 16.737 0
203453 22.125 10.0 16.675 0
203524 22.125 10.0 16.737 0
203554 22.125 10.0 16.737 0
203624 22.125 10.0 16.737 0
203654 22.125 10.0 16.737 0
203724 22.125 10.0 16.737 0
203755 22.125 10.0 16.737 0
203825 22.125 10.0 16.675 0
203855 22.125 10.0 16.737 0
203925 22.125 10.0 16.737 0
203956 22.125 10.0 16.737 0
204026 22.125 10.0 16.675 0
204056 22.125 10.0 16.737 0
204126 22.125 10.0 16.737 0
204156 22.062 10.0 16.737 0
204227 22.062 10.0 16.737 0
204257 22.062 10.0 16.737 0
204327 22.062 10.0 16.737 0
204357 22.062 10.0 16.737 0
204428 22.062 10.0 16.737 0
204459 22.062 10.0 16.737 0
204529 22.062 10.0 16.737 0
204559 22.062 10.0 16.737 0
204629 22.062 10.0 16.737 0
204659 22.125 10.0 16.737 0
204730 22.125 10.0 16.675 0
204800 22.125 10.0 16.737 0
204830 22.125 10.0 16.737 0
204900 22.125 10.0 16.737 0
204930 22.125 10.0 16.737 0
205001 22.125 10.0 16.737 0
205031 22.125 10.0 16.737 0
205102 22.125 10.0 16.737 0
205132 22.125 10.0 16.737 0
205202 22.125 10.0 16.737 0
205232 22.125 10.0 16.737 0
205302 22.125 10.0 16.737 0
205333 22.125 10.0 16.737 0
205403 22.125 10.0 16.737 0
205434 22.187 10.0 16.737 0
205504 22.187 10.0 16.737 0
205535 22.187 10.0 16.737 0
205605 22.187 10.0 16.737 0
205637 22.187 10.0 16.737 0
205707 22.187 10.0 16.737 0
205738 22.187 10.0 16.737 0
205808 22.187 10.0 16.737 0
205838 22.187 10.0 16.737 0
205908 22.187 10.0 16.737 0
205938 22.187 10.0 16.737 0
210008 22.187 10.0 16.737 0
210039 22.187 10.0 16.737 0
210109 22.187 10.0 16.737 0
210140 22.25 10.0 16.675 0
210210 22.25 10.0 16.737 0
210240 22.25 10.0 16.737 0
210311 22.25 10.0 16.737 0
210341 22.25 10.0 16.737 0
210411 22.25 10.0 16.737 0
210442 22.25 10.0 16.737 0
210512 22.25 10.0 16.737 0
210542 22.25 10.0 16.737 0
210613 22.25 10.0 16.737 0
210643 22.25 10.0 16.737 0
210713 22.25 10.0 16.737 0
210743 22.25 10.0 16.737 0
210814 22.25 10.0 16.737 0
210844 22.25 10.0 16.737 0
210914 22.25 10.0 16.737 0
210944 22.25 10.0 16.737 0
211014 22.25 10.0 16.737 0
211045 22.25 10.0 16.737 0
211115 22.25 10.0 16.737 0
211145 22.25 10.0 16.737 0
211215 22.25 10.0 16.737 0
211246 22.25 10.0 16.737 0
211316 22.25 10.0 16.675 0
211346 22.25 10.0 16.737 0
211416 22.187 10.0 16.737 0
211447 22.187 10.0 16.737 0
211517 22.187 10.0 16.737 0
211547 22.187 10.0 16.737 0
211617 22.187 10.0 16.737 0
211648 22.25 10.0 16.737 0
211718 22.25 10.0 16.737 0
211748 22.25 10.0 16.737 0
211818 22.25 10.0 16.737 0
211849 22.25 10.0 16.737 0
211919 22.25 10.0 16.737 0
211949 22.25 10.0 16.737 0
212019 22.25 10.0 16.675 0
212049 22.25 10.0 16.737 0
212120 22.25 10.0 16.737 0
212150 22.25 10.0 16.737 0
212220 22.25 10.0 16.737 0
212250 22.25 10.0 16.737 0
212321 22.25 10.0 16.737 0
212351 22.25 10.0 16.737 0
212421 22.25 10.0 16.737 0
212451 22.25 10.0 16.737 0
212521 22.25 10.0 16.737 0
212552 22.25 10.0 16.737 0
212622 22.25 10.0 16.737 0
212652 22.25 10.0 16.737 0
212723 22.25 10.0 16.737 0
212753 22.25 10.0 16.737 0
212824 22.25 10.0 16.737 0
212854 22.25 10.0 16.737 0
212924 22.25 10.0 16.737 0
212955 22.25 10.0 16.737 0
213025 22.25 10.0 16.737 0
213056 22.25 10.0 16.737 0
213126 22.25 10.0 16.737 0
213156 22.312 10.0 16.737 0
213226 22.312 10.0 16.737 0
213257 22.312 10.0 16.737 0
213327 22.312 10.0 16.737 0
213357 22.312 10.0 16.737 0
213427 22.312 10.0 16.737 0
213457 22.312 10.0 16.737 0
213527 22.312 10.0 16.737 0
213558 22.312 10.0 16.737 0
213628 22.312 10.0 16.737 0
213658 22.312 10.0 16.737 0
213729 22.312 10.0 16.737 0
213759 22.312 10.0 16.737 0
213829 22.312 10.0 16.737 0
213859 22.312 10.0 16.737 0
213929 22.312 10.0 16.737 0
214000 22.312 10.0 16.737 0
214030 22.312 10.0 16.737 0
214100 22.312 10.0 16.737 0
214130 22.312 10.0 16.737 0
214200 22.312 10.0 16.737 0
214231 22.312 10.0 16.737 0
214301 22.312 10.0 16.737 0
214331 22.312 10.0 16.737 0
214401 22.312 10.0 16.737 0
214432 22.312 10.0 16.737 0
214502 22.312 10.0 16.737 0
214533 22.312 10.0 16.737 0
214604 22.312 10.0 16.737 0
214634 22.312 10.0 16.737 0
214704 22.312 10.0 16.737 0
214734 22.312 10.0 16.737 0
214805 22.312 10.0 16.737 0
214835 22.312 10.0 16.737 0
214905 22.312 10.0 16.737 0
214935 22.312 10.0 16.737 0
215005 22.312 10.0 16.737 0
215036 22.312 10.0 16.737 0
215106 22.312 10.0 16.737 0
215136 22.312 10.0 16.737 0
215207 22.375 10.0 16.737 0
215238 22.375 10.0 16.737 0
215308 22.375 10.0 16.737 0
215338 22.375 10.0 16.737 0
215409 22.375 10.0 16.737 0
215439 22.312 10.0 16.737 0
215509 22.312 10.0 16.737 0
215540 22.312 10.0 16.737 0
215610 22.312 10.0 16.737 0
215640 22.312 10.0 16.737 0
215711 22.312 10.0 16.737 0
215741 22.312 10.0 16.737 0
215811 22.312 10.0 16.737 0
215842 22.312 10.0 16.737 0
215912 22.312 10.0 16.737 0
215942 22.375 10.0 16.737 0
220013 22.375 10.0 16.737 0
220043 22.375 10.0 16.737 0
220113 22.375 10.0 16.737 0
220146 22.312 10.0 16.737 0
220216 22.312 10.0 16.737 0
220246 22.312 10.0 16.737 0
220316 22.312 10.0 16.737 0
220346 22.312 10.0 16.737 0
220417 22.312 10.0 16.737 0
220447 22.312 10.0 16.737 0
220518 22.312 10.0 16.737 0
220548 22.312 10.0 16.737 0
220619 22.312 10.0 16.737 0
220649 22.25 10.0 16.737 0
220719 22.25 10.0 16.737 0
220750 22.25 10.0 16.737 0
220820 22.25 10.0 16.737 0
220851 22.25 10.0 16.737 0
220921 22.312 10.0 16.737 0
220952 22.312 10.0 16.737 0
221022 22.312 10.0 16.737 0
221052 22.312 10.0 16.737 0
221122 22.312 10.0 16.737 0
221153 22.25 10.0 16.737 0
221223 22.25 10.0 16.737 0
221253 22.25 10.0 16.737 0
221324 22.25 10.0 16.737 0
221354 22.25 10.0 16.737 0
221424 22.25 10.0 16.737 0
221454 22.25 10.0 16.737 0
221524 22.25 10.0 16.737 0
221555 22.25 10.0 16.737 0
221625 22.25 10.0 16.737 0
221656 22.25 10.0 16.737 0
221726 22.25 10.0 16.737 0
221756 22.25 10.0 16.737 0
221826 22.25 10.0 16.737 0
221856 22.25 10.0 16.737 0
221926 22.187 10.0 16.737 0
221957 22.187 10.0 16.737 0
222027 22.187 10.0 16.737 0
222057 22.187 10.0 16.737 0
222127 22.187 10.0 16.737 0
222158 22.187 10.0 16.737 0
222228 22.187 10.0 16.737 0
222258 22.187 10.0 16.737 0
222329 22.187 10.0 16.737 0
222359 22.187 10.0 16.737 0
222429 22.25 10.0 16.737 0
222459 22.25 10.0 16.737 0
222530 22.25 10.0 16.737 0
222600 22.25 10.0 16.737 0
222630 22.25 10.0 16.737 0
222700 22.25 10.0 16.737 0
222730 22.25 10.0 16.737 0
222801 22.25 10.0 16.737 0
222831 22.25 10.0 16.737 0
222901 22.25 10.0 16.737 0
222931 22.25 10.0 16.737 0
223002 22.25 10.0 16.737 0
223032 22.25 10.0 16.737 0
223103 22.25 10.0 16.737 0
223133 22.25 10.0 16.737 0
223204 22.25 10.0 16.737 0
223235 22.25 10.0 16.737 0
223305 22.25 10.0 16.737 0
223336 22.25 10.0 16.737 0
223406 22.25 10.0 16.737 0
223436 22.25 10.0 16.737 0
223506 22.25 10.0 16.737 0
223536 22.25 10.0 16.737 0
223607 22.25 10.0 16.737 0
223637 22.25 10.0 16.737 0
223707 22.25 10.0 16.737 0
223737 22.25 10.0 16.737 0
223808 22.25 10.0 16.737 0
223838 22.25 10.0 16.737 0
223909 22.25 10.0 16.737 0
223939 22.312 10.0 16.737 0
224010 22.312 10.0 16.737 0
224040 22.312 10.0 16.737 0
224110 22.312 10.0 16.737 0
224140 22.312 10.0 16.737 0
224211 22.312 10.0 16.737 0
224242 22.312 10.0 16.737 0
224312 22.312 10.0 16.737 0
224343 22.312 10.0 16.737 0
224413 22.312 10.0 16.737 0
224443 22.312 10.0 16.737 0
224513 22.312 10.0 16.737 0
224544 22.312 10.0 16.737 0
224614 22.312 10.0 16.737 0
224644 22.312 10.0 16.737 0
224715 22.25 10.0 16.737 0
224745 22.25 10.0 16.737 0
224815 22.25 10.0 16.737 0
224845 22.25 10.0 16.737 0
224916 22.25 10.0 16.737 0
224946 22.312 10.0 16.737 0
225016 22.312 10.0 16.737 0
225047 22.312 10.0 16.737 0
225117 22.312 10.0 16.737 0
225147 22.312 10.0 16.737 0
225218 22.312 10.0 16.737 0
225248 22.312 10.0 16.737 0
225318 22.312 10.0 16.737 0
225348 22.312 10.0 16.737 0
225418 22.312 10.0 16.737 0
225449 22.375 10.0 16.737 0
225519 22.375 10.0 16.737 0
225549 22.375 10.0 16.737 0
225620 22.375 10.0 16.737 0
225650 22.375 10.0 16.737 0
225720 22.312 10.0 16.737 0
225750 22.312 10.0 16.737 0
225821 22.312 10.0 16.737 0
225851 22.312 10.0 16.737 0
225921 22.312 10.0 16.737 0
225951 22.375 10.0 16.737 0
230021 22.375 10.0 16.737 0
230052 22.375 10.0 16.737 0
230123 22.375 10.0 16.737 0
230155 22.375 10.0 16.737 0
230225 22.375 10.0 16.737 0
230256 22.375 10.0 16.737 0
230326 22.375 10.0 16.737 0
230356 22.375 10.0 16.737 0
230426 22.312 10.0 16.737 0
230457 22.312 10.0 16.737 0
230527 22.312 10.0 16.737 0
230557 22.312 10.0 16.737 0
230627 22.312 10.0 16.737 0
230657 22.375 10.0 16.737 0
230728 22.375 10.0 16.737 0
230758 22.375 10.0 16.737 0
230828 22.375 10.0 16.737 0
230859 22.375 10.0 16.737 0
230929 22.375 10.0 16.737 0
230959 22.375 10.0 16.737 0
231029 22.375 10.0 16.737 0
231100 22.375 10.0 16.737 0
231130 22.375 10.0 16.737 0
231200 22.375 10.0 16.737 0
231231 22.375 10.0 16.737 0
231301 22.375 10.0 16.737 0
231331 22.375 10.0 16.737 0
231402 22.375 10.0 16.737 0
231432 22.437 10.0 16.737 0
231502 22.437 10.0 16.737 0
231532 22.437 10.0 16.737 0
231603 22.437 10.0 16.737 0
231633 22.437 10.0 16.737 0
231703 22.562 10.0 16.737 0
231733 22.562 10.0 16.737 0
231804 22.562 10.0 16.737 0
231834 22.562 10.0 16.737 0
231904 22.562 10.0 16.737 0
231934 22.625 10.0 16.737 0
232005 22.625 10.0 16.737 0
232035 22.625 10.0 16.737 0
232105 22.625 10.0 16.737 0
232136 22.625 10.0 16.737 0
232206 22.687 10.0 16.737 0
232236 22.687 10.0 16.737 0
232306 22.687 10.0 16.737 0
232336 22.687 10.0 16.737 0
232407 22.687 10.0 16.737 0
232437 22.812 10.0 16.737 0
232507 22.812 10.0 16.737 0
232537 22.812 10.0 16.737 0
232607 22.812 10.0 16.737 0
232638 22.812 10.0 16.737 0
232708 22.875 10.0 16.737 0
232738 22.875 10.0 16.737 0
232808 22.875 10.0 16.737 0
232839 22.875 10.0 16.737 0
232909 22.875 10.0 16.737 0
232939 22.875 10.0 16.737 0
233010 22.875 10.0 16.737 0
233040 22.875 10.0 16.737 0
233111 22.875 10.0 16.737 0
233141 22.875 10.0 16.737 0
233211 22.937 10.0 16.737 0
233242 22.937 10.0 16.737 0
233312 22.937 10.0 16.737 0
233342 22.937 10.0 16.737 0
233413 22.937 10.0 16.737 0
233443 22.937 10.0 16.737 0
233514 22.937 10.0 16.737 0
233544 22.937 10.0 16.737 0
233614 22.937 10.0 16.737 0
233644 22.937 10.0 16.737 0
233715 22.937 10.0 16.737 0
233745 22.937 10.0 16.737 0
233816 22.937 10.0 16.737 0
233846 22.937 10.0 16.737 0
233916 22.937 10.0 16.737 0
233946 22.937 10.0 16.737 0
234016 22.937 10.0 16.737 0
234046 22.937 10.0 16.737 0
234117 22.937 10.0 16.737 0
234147 22.937 10.0 16.737 0
234217 22.937 10.0 16.737 0
234248 22.937 10.0 16.737 0
234318 22.937 10.0 16.737 0
234348 22.937 10.0 16.737 0
234418 22.937 10.0 16.737 0
234448 22.937 10.0 16.737 0
234519 22.937 10.0 16.737 0
234549 22.937 10.0 16.737 0
234619 22.937 10.0 16.737 0
234649 22.937 10.0 16.737 0
234719 22.875 10.0 16.737 0
234749 22.875 10.0 16.737 0
234819 22.875 10.0 16.737 0
234850 22.875 10.0 16.737 0
234920 22.875 10.0 16.737 0
234950 22.812 10.0 16.737 0
235021 22.812 10.0 16.737 0
235051 22.812 10.0 16.737 0
235121 22.812 10.0 16.737 0
235151 22.812 10.0 16.737 0
235222 22.812 10.0 16.737 0
235252 22.812 10.0 16.737 0
235322 22.812 10.0 16.737 0
235353 22.812 10.0 16.737 0
235423 22.812 10.0 16.737 0
235453 22.75 10.0 16.737 0
235523 22.75 10.0 16.737 0
235553 22.75 10.0 16.737 0
235624 22.75 10.0 16.737 0
235654 22.75 10.0 16.737 0
235724 22.75 10.0 16.737 0
235754 22.75 10.0 16.737 0
235824 22.75 10.0 16.737 0
235855 22.75 10.0 16.737 0
