235923 19.687 10.0 67.112 0
235954 19.625 10.0 67.112 0
000024 19.625 10.0 67.112 0
000054 19.625 10.0 67.05 0
000124 19.625 10.0 67.05 0
000154 19.625 10.0 67.05 0
000225 19.562 10.0 67.05 0
000255 19.562 10.0 66.987 0
000325 19.562 10.0 66.987 0
000356 19.562 10.0 66.987 0
000426 19.562 10.0 66.925 0
000457 19.562 10.0 66.925 0
000527 19.562 10.0 66.925 0
000557 19.562 10.0 66.925 0
000628 19.562 10.0 66.862 0
000658 19.562 10.0 66.862 0
000729 19.5 10.0 66.862 0
000759 19.5 10.0 66.8 0
000829 19.5 10.0 66.8 0
000859 19.5 10.0 66.8 0
000929 19.5 10.0 66.737 0
001000 19.437 10.0 66.737 0
001030 19.437 10.0 66.737 0
001101 19.437 10.0 66.675 0
001131 19.437 10.0 66.675 0
001201 19.437 10.0 66.675 0
001232 19.375 10.0 66.612 0
001302 19.375 10.0 66.612 0
001333 19.375 10.0 66.612 0
001403 19.375 10.0 66.675 0
001434 19.375 10.0 66.737 0
001505 19.375 10.0 66.862 0
001535 19.375 10.0 66.925 0
001605 19.375 10.0 66.987 0
001635 19.375 10.0 66.987 0
001705 19.375 10.0 67.05 0
001736 19.312 10.0 67.05 0
001806 19.312 10.0 67.05 0
001836 19.312 10.0 67.112 0
001906 19.312 10.0 67.112 0
001937 19.312 10.0 67.112 0
002007 19.312 10.0 67.112 0
002038 19.312 10.0 67.05 0
002108 19.312 10.0 67.112 0
002139 19.312 10.0 67.05 0
002209 19.312 10.0 67.05 0
002240 19.25 10.0 67.05 0
002310 19.25 10.0 67.05 0
002341 19.25 10.0 67.05 0
002411 19.25 10.0 66.987 0
002441 19.25 10.0 66.987 0
002511 19.187 10.0 66.987 0
002542 19.187 10.0 66.987 0
002613 19.187 10.0 66.987 0
002643 19.187 10.0 66.925 0
002714 19.187 10.0 66.925 0
002745 19.187 10.0 66.925 0
002815 19.187 10.0 66.925 0
002846 19.187 10.0 66.925 0
002916 19.187 10.0 66.862 0
002946 19.187 10.0 66.862 0
003017 19.125 10.0 66.862 0
003047 19.125 10.0 66.862 0
003118 19.125 10.0 66.8 0
003148 19.125 10.0 66.8 0
003221 19.125 10.0 66.8 0
003251 19.125 10.0 66.737 0
003321 19.125 10.0 66.737 0
003351 19.125 10.0 66.737 0
003422 19.125 10.0 66.675 0
003452 19.062 10.0 66.675 0
003523 19.062 10.0 66.675 0
003553 19.062 10.0 66.612 0
003624 19.062 10.0 66.612 0
003654 19.062 10.0 66.612 0
003724 19.062 10.0 66.55 0
003754 19.062 10.0 66.55 0
003825 19.062 10.0 66.55 0
003855 19.062 10.0 66.487 0
003926 19.062 10.0 66.487 0
003956 19.062 10.0 66.487 0
004026 19.062 10.0 66.425 0
004056 19.062 10.0 66.425 0
004127 19.062 10.0 66.425 0
004157 19.062 10.0 66.425 0
004227 19.062 10.0 66.362 0
004258 19.062 10.0 66.362 0
004328 19.062 10.0 66.362 0
004359 19.062 10.0 66.3 0
004429 19.062 10.0 66.3 0
004459 19.062 10.0 66.3 0
004530 19.062 10.0 66.237 0
004600 19.062 10.0 66.237 0
004630 19.062 10.0 66.237 0
004701 19.062 10.0 66.175 0
004731 19.0 10.0 66.175 0
004802 19.0 10.0 66.175 0
004832 19.0 10.0 66.112 0
004902 19.0 10.0 66.112 0
004932 19.0 10.0 66.05 0
005002 18.937 10.0 66.05 0
005033 18.937 10.0 66.05 0
005103 18.937 10.0 65.987 0
005133 18.937 10.0 65.987 0
005203 18.937 10.0 65.987 0
005233 18.937 10.0 65.925 0
005304 18.937 10.0 65.925 0
005334 18.937 10.0 65.925 0
005404 18.937 10.0 65.862 0
005435 18.937 10.0 65.862 0
005505 18.937 10.0 65.862 0
005535 18.937 10.0 65.8 0
005606 18.937 10.0 65.737 0
005636 18.937 10.0 65.737 0
005707 18.937 10.0 65.675 0
005737 18.875 10.0 65.675 0
005807 18.875 10.0 65.612 0
005838 18.875 10.0 65.612 0
005908 18.875 10.0 65.55 0
005939 18.875 10.0 65.55 0
010009 18.875 10.0 65.487 0
010039 18.875 10.0 65.487 0
010109 18.875 10.0 65.487 0
010140 18.875 10.0 65.425 0
010210 18.875 10.0 65.425 0
010240 18.812 10.0 65.362 0
010311 18.812 10.0 65.362 0
010341 18.812 10.0 65.3 0
010411 18.812 10.0 65.3 0
010442 18.812 10.0 65.3 0
010512 18.812 10.0 65.237 0
010542 18.812 10.0 65.237 0
010612 18.812 10.0 65.175 0
010643 18.812 10.0 65.175 0
010713 18.812 10.0 65.112 0
010743 18.812 10.0 65.112 0
010814 18.812 10.0 65.05 0
010844 18.812 10.0 65.05 0
010914 18.812 10.0 65.05 0
010945 18.812 10.0 64.987 0
011015 18.75 10.0 64.987 0
011046 18.75 10.0 64.925 0
011117 18.75 10.0 64.925 0
011147 18.75 10.0 64.862 0
011217 18.75 10.0 64.862 0
011247 18.75 10.0 64.8 0
011317 18.75 10.0 64.8 0
011347 18.75 10.0 64.8 0
011418 18.75 10.0 64.737 0
011448 18.75 10.0 64.737 0
011518 18.75 10.0 64.737 0
011548 18.75 10.0 64.8 0
011619 18.75 10.0 64.862 0
011649 18.75 10.0 64.925 0
011720 18.75 10.0 64.987 0
011750 18.75 10.0 64.987 0
011820 18.75 10.0 64.987 0
011850 18.75 10.0 64.987 0
011920 18.75 10.0 65.05 0
011950 18.75 10.0 64.987 0
012021 18.687 10.0 64.987 0
012051 18.687 10.0 64.987 0
012121 18.687 10.0 64.987 0
012151 18.687 10.0 64.925 0
012221 18.687 10.0 64.925 0
012252 18.687 10.0 64.925 0
012322 18.687 10.0 64.862 0
012352 18.687 10.0 64.862 0
012422 18.687 10.0 64.8 0
012452 18.687 10.0 64.8 0
012523 18.687 10.0 64.8 0
012553 18.687 10.0 64.737 0
012623 18.687 10.0 64.737 0
012653 18.687 10.0 64.675 0
012724 18.687 10.0 64.675 0
012755 18.625 10.0 64.675 0
012825 18.625 10.0 64.612 0
012855 18.625 10.0 64.612 0
012925 18.625 10.0 64.55 0
012955 18.625 10.0 64.55 0
013026 18.625 10.0 64.55 0
013056 18.625 10.0 64.487 0
013126 18.625 10.0 64.487 0
013157 18.625 10.0 64.487 0
013229 18.625 10.0 64.425 0
013259 18.625 10.0 64.425 0
013330 18.625 10.0 64.362 0
013401 18.625 10.0 64.362 0
013431 18.625 10.0 64.362 0
013502 18.562 10.0 64.3 0
013532 18.562 10.0 64.3 0
013603 18.562 10.0 64.237 0
013633 18.562 10.0 64.237 0
013704 18.562 10.0 64.175 0
013734 18.562 10.0 64.175 0
013805 18.562 10.0 64.175 0
013836 18.562 10.0 64.112 0
013907 18.562 10.0 64.112 0
013937 18.562 10.0 64.05 0
014007 18.562 10.0 64.05 0
014037 18.562 10.0 63.987 0
014107 18.562 10.0 63.987 0
014137 18.562 10.0 63.987 0
014208 18.562 10.0 63.925 0
014238 18.562 10.0 63.925 0
014309 18.562 10.0 63.862 0
014339 18.562 10.0 63.862 0
014409 18.562 10.0 63.8 0
014439 18.562 10.0 63.737 0
014510 18.5 10.0 63.675 0
014540 18.5 10.0 63.612 0
014610 18.5 10.0 63.612 0
014640 18.5 10.0 63.55 0
014710 18.5 10.0 63.55 0
014740 18.5 10.0 63.487 0
014811 18.5 10.0 63.487 0
014841 18.5 10.0 63.425 0
014911 18.5 10.0 63.425 0
014942 18.5 10.0 63.362 0
015012 18.5 10.0 63.362 0
015042 18.5 10.0 63.3 0
015112 18.5 10.0 63.3 0
015142 18.5 10.0 63.237 0
015212 18.5 10.0 63.237 0
015243 18.5 10.0 63.175 0
015313 18.5 10.0 63.175 0
015344 18.5 10.0 63.112 0
015414 18.5 10.0 63.112 0
015445 18.5 10.0 63.05 0
015515 18.5 10.0 63.05 0
015545 18.5 10.0 62.987 0
015615 18.5 10.0 62.987 0
015646 18.5 10.0 62.925 0
015717 18.5 10.0 62.925 0
015747 18.437 10.0 62.862 0
015817 18.437 10.0 62.862 0
015848 18.437 10.0 62.8 0
015918 18.437 10.0 62.8 0
015949 18.437 10.0 62.737 0
020019 18.437 10.0 62.737 0
020050 18.437 10.0 62.675 0
020121 18.437 10.0 62.675 0
020151 18.437 10.0 62.612 0
020221 18.437 10.0 62.612 0
020252 18.437 10.0 62.55 0
020322 18.437 10.0 62.55 0
020352 18.437 10.0 62.487 0
020423 18.437 10.0 62.487 0
020453 18.437 10.0 62.425 0
020523 18.437 10.0 62.425 0
020554 18.437 10.0 62.362 0
020624 18.437 10.0 62.3 0
020655 18.437 10.0 62.237 0
020725 18.437 10.0 62.175 0
020756 18.375 10.0 62.112 0
020826 18.375 10.0 62.05 0
020857 18.375 10.0 61.987 0
020927 18.375 10.0 61.925 0
020958 18.375 10.0 61.925 0
021028 18.375 10.0 61.862 0
021059 18.375 10.0 61.8 0
021130 18.375 10.0 61.8 0
021200 18.375 10.0 61.737 0
021231 18.375 10.0 61.737 0
021301 18.375 10.0 61.675 0
021332 18.375 10.0 61.675 0
021402 18.375 10.0 61.612 0
021432 18.375 10.0 61.55 0
021502 18.375 10.0 61.55 0
021533 18.375 10.0 61.55 0
021604 18.375 10.0 61.487 0
021634 18.375 10.0 61.425 0
021704 18.375 10.0 61.425 0
021737 18.312 10.0 61.487 0
021808 18.312 10.0 61.487 0
021838 18.312 10.0 61.487 0
021909 18.312 10.0 61.55 0
021939 18.312 10.0 61.55 0
022009 18.312 10.0 61.55 0
022040 18.312 10.0 61.55 0
022110 18.312 10.0 61.55 0
022140 18.312 10.0 61.55 0
022211 18.312 10.0 61.55 0
022241 18.312 10.0 61.487 0
022311 18.312 10.0 61.487 0
022341 18.312 10.0 61.487 0
022411 18.312 10.0 61.487 0
022442 18.312 10.0 61.425 0
022512 18.312 10.0 61.425 0
022542 18.312 10.0 61.425 0
022613 18.312 10.0 61.425 0
022644 18.312 10.0 61.362 0
022714 18.312 10.0 61.362 0
022744 18.25 10.0 61.3 0
022815 18.25 10.0 61.3 0
022845 18.25 10.0 61.3 0
022915 18.25 10.0 61.237 0
022945 18.25 10.0 61.175 0
023016 18.312 10.0 61.112 0
023046 18.312 10.0 61.05 0
023116 18.312 10.0 61.05 0
023146 18.312 10.0 60.987 0
023217 18.312 10.0 60.925 0
023247 18.25 10.0 60.925 0
023318 18.25 10.0 60.862 0
023348 18.25 10.0 60.862 0
023419 18.25 10.0 60.8 0
023449 18.25 10.0 60.8 0
023519 18.25 10.0 60.737 0
023550 18.25 10.0 60.737 0
023620 18.25 10.0 60.675 0
023650 18.25 10.0 60.675 0
023720 18.25 10.0 60.612 0
023751 18.25 10.0 60.612 0
023822 18.25 10.0 60.55 0
023852 18.25 10.0 60.55 0
023923 18.25 10.0 60.487 0
023953 18.25 10.0 60.487 0
024023 18.25 10.0 60.425 0
024054 18.25 10.0 60.425 0
024124 18.25 10.0 60.362 0
024155 18.25 10.0 60.362 0
024225 18.25 10.0 60.3 0
024256 18.25 10.0 60.3 0
024326 18.25 10.0 60.237 0
024356 18.25 10.0 60.237 0
024427 18.25 10.0 60.175 0
024457 18.25 10.0 60.175 0
024528 18.187 10.0 60.112 0
024558 18.187 10.0 60.112 0
024628 18.187 10.0 60.05 0
024658 18.187 10.0 60.05 0
024728 18.187 10.0 60.05 0
024758 18.187 10.0 59.987 0
024829 18.187 10.0 59.987 0
024859 18.187 10.0 59.925 0
024929 18.187 10.0 59.925 0
025000 18.187 10.0 59.862 0
025030 18.187 10.0 59.862 0
025100 18.187 10.0 59.8 0
025131 18.187 10.0 59.675 0
025201 18.187 10.0 59.612 0
025231 18.187 10.0 59.55 0
025301 18.187 10.0 59.487 0
025331 18.187 10.0 59.425 0
025402 18.187 10.0 59.362 0
025432 18.187 10.0 59.3 0
025502 18.187 10.0 59.3 0
025532 18.187 10.0 59.237 0
025603 18.187 10.0 59.175 0
025633 18.187 10.0 59.112 0
025704 18.187 10.0 59.112 0
025734 18.187 10.0 59.112 0
025804 18.125 10.0 59.05 0
025835 18.125 10.0 59.05 0
025906 18.125 10.0 58.987 0
025936 18.125 10.0 58.925 0
030006 18.125 10.0 58.925 0
030037 18.125 10.0 58.862 0
030108 18.125 10.0 58.862 0
030138 18.125 10.0 58.8 0
030208 18.125 10.0 58.8 0
030238 18.125 10.0 58.737 0
030308 18.125 10.0 58.737 0
030338 18.125 10.0 58.675 0
030409 18.125 10.0 58.675 0
030439 18.125 10.0 58.612 0
030510 18.125 10.0 58.612 0
030540 18.125 10.0 58.55 0
030611 18.125 10.0 58.55 0
030641 18.125 10.0 58.487 0
030712 18.125 10.0 58.487 0
030745 18.062 10.0 58.425 0
030816 18.062 10.0 58.425 0
030846 18.062 10.0 58.362 0
030917 18.062 10.0 58.362 0
030948 18.062 10.0 58.3 0
031019 18.125 10.0 58.3 0
031049 18.125 10.0 58.237 0
031120 18.125 10.0 58.237 0
031151 18.125 10.0 58.175 0
031222 18.125 10.0 58.112 0
031252 18.062 10.0 58.05 0
031323 18.062 10.0 57.987 0
031354 18.062 10.0 57.862 0
031424 18.062 10.0 57.737 0
031454 18.062 10.0 57.675 0
031525 18.062 10.0 57.612 0
031556 18.062 10.0 57.55 0
031627 18.062 10.0 57.487 0
031657 18.062 10.0 57.487 0
031727 18.062 10.0 57.425 0
031757 18.062 10.0 57.362 0
031828 18.062 10.0 57.362 0
031858 18.062 10.0 57.362 0
031928 18.062 10.0 57.362 0
031958 18.062 10.0 57.425 0
032029 18.062 10.0 57.425 0
032059 18.062 10.0 57.425 0
032129 18.062 10.0 57.425 0
032200 18.062 10.0 57.425 0
032231 18.062 10.0 57.362 0
032301 18.0 10.0 57.362 0
032331 18.0 10.0 57.362 0
032402 18.0 10.0 57.362 0
032433 18.0 10.0 57.362 0
032503 18.0 10.0 57.3 0
032533 18.0 10.0 57.3 0
032603 18.0 10.0 57.3 0
032633 18.0 10.0 57.237 0
032703 18.0 10.0 57.237 0
032734 18.0 10.0 57.237 0
032804 18.0 10.0 57.237 0
032834 18.0 10.0 57.175 0
032905 18.0 10.0 57.175 0
032935 18.0 10.0 57.175 0
033005 18.0 10.0 57.112 0
033035 18.0 10.0 57.112 0
033106 18.0 10.0 57.112 0
033136 18.0 10.0 57.05 0
033207 18.0 10.0 57.05 0
033237 18.0 10.0 57.05 0
033308 18.0 10.0 57.112 0
033338 18.0 10.0 57.237 0
033408 18.0 10.0 57.487 0
033439 18.0 10.0 57.737 0
033509 18.0 10.0 58.05 0
033539 18.0 10.0 58.55 0
033610 18.0 10.0 59.237 0
033640 18.0 10.0 59.987 0
033710 18.0 10.0 60.925 0
033740 18.0 10.0 61.737 0
033811 18.0 10.0 62.675 0
033841 18.0 10.0 63.425 0
033911 18.0 10.0 63.987 0
033942 18.0 10.0 64.425 0
034012 18.0 10.0 64.8 0
034043 18.0 10.0 65.05 0
034113 18.0 10.0 65.3 0
034144 18.0 10.0 65.487 0
034214 18.0 10.0 65.612 0
034245 18.0 10.0 65.737 0
034315 17.937 10.0 65.8 0
034346 17.937 10.0 65.925 0
034416 17.937 10.0 65.987 0
034446 17.937 10.0 66.05 0
034516 17.937 10.0 66.175 0
034546 17.937 10.0 66.237 0
034617 17.937 10.0 66.3 0
034647 17.937 10.0 66.3 0
034717 17.937 10.0 66.362 0
034747 17.937 10.0 66.425 0
034818 17.937 10.0 66.487 0
034848 17.937 10.0 66.487 0
034918 17.937 10.0 66.55 0
034948 17.937 10.0 66.612 0
035018 17.937 10.0 66.612 0
035048 17.937 10.0 66.675 0
035118 17.937 10.0 66.737 0
035149 17.937 10.0 66.737 0
035219 17.937 10.0 66.8 0
035249 17.937 10.0 66.8 0
035319 17.937 10.0 66.862 0
035350 17.937 10.0 66.862 0
035421 17.937 10.0 66.862 0
035451 17.937 10.0 66.925 0
035524 17.937 10.0 66.925 0
035555 17.937 10.0 66.925 0
035625 17.937 10.0 66.987 0
035656 17.937 10.0 66.987 0
035726 17.937 10.0 66.987 0
035757 17.937 10.0 66.987 0
035827 17.937 10.0 66.987 0
035857 17.937 10.0 66.987 0
035928 17.937 10.0 66.987 0
035958 17.937 10.0 66.987 0
040028 17.875 10.0 66.987 0
040058 17.875 10.0 66.987 0
040128 17.875 10.0 66.987 0
040158 17.875 10.0 66.987 0
040229 17.875 10.0 66.987 0
040259 17.875 10.0 66.987 0
040330 17.875 10.0 66.987 0
040401 17.875 10.0 66.987 0
040431 17.875 10.0 66.987 0
040502 17.875 10.0 66.925 0
040533 17.875 10.0 66.925 0
040603 17.875 10.0 66.925 0
040633 17.875 10.0 66.925 0
040704 17.875 10.0 66.925 0
040734 17.875 10.0 66.925 0
040804 17.875 10.0 66.925 0
040835 17.875 10.0 66.925 0
040905 17.875 10.0 66.925 0
040935 17.875 10.0 66.925 0
041006 17.875 10.0 66.925 0
041036 17.812 10.0 66.862 0
041106 17.812 10.0 66.862 0
041137 17.812 10.0 66.862 0
041207 17.812 10.0 66.862 0
041238 17.812 10.0 66.862 0
041308 17.812 10.0 66.862 0
041338 17.812 10.0 66.8 0
041409 17.812 10.0 66.8 0
041439 17.812 10.0 66.8 0
041510 17.812 10.0 66.8 0
041540 17.812 10.0 66.8 0
041610 17.812 10.0 66.737 0
041640 17.812 10.0 66.737 0
041711 17.812 10.0 66.737 0
041742 17.812 10.0 66.737 0
041812 17.812 10.0 66.737 0
041843 17.812 10.0 66.737 0
041913 17.812 10.0 66.675 0
041944 17.812 10.0 66.675 0
042014 17.812 10.0 66.675 0
042044 17.812 10.0 66.675 0
042115 17.812 10.0 66.675 0
042145 17.812 10.0 66.612 0
042215 17.812 10.0 66.612 0
042246 17.812 10.0 66.612 0
042316 17.812 10.0 66.55 0
042346 17.812 10.0 66.55 0
042416 17.812 10.0 66.55 0
042447 17.812 10.0 66.55 0
042517 17.812 10.0 66.55 0
042548 17.812 10.0 66.487 0
042619 17.812 10.0 66.487 0
042649 17.812 10.0 66.487 0
042719 17.812 10.0 66.487 0
042749 17.812 10.0 66.425 0
042819 17.812 10.0 66.425 0
042850 17.812 10.0 66.425 0
042921 17.812 10.0 66.362 0
042952 17.812 10.0 66.362 0
043022 17.812 10.0 66.362 0
043052 17.75 10.0 66.362 0
043123 17.75 10.0 66.3 0
043153 17.75 10.0 66.3 0
043223 17.75 10.0 66.3 0
043253 17.75 10.0 66.3 0
043324 17.75 10.0 66.237 0
043355 17.75 10.0 66.237 0
043425 17.75 10.0 66.175 0
043456 17.75 10.0 66.237 0
043526 17.75 10.0 66.175 0
043557 17.75 10.0 66.175 0
043627 17.75 10.0 66.175 0
043657 17.75 10.0 66.112 0
043727 17.75 10.0 66.112 0
043757 17.75 10.0 66.112 0
043828 17.75 10.0 66.05 0
043859 17.75 10.0 66.05 0
043929 17.75 10.0 66.05 0
044000 17.75 10.0 66.175 0
044032 17.687 10.0 66.3 0
044102 17.687 10.0 66.425 0
044133 17.687 10.0 66.55 0
044203 17.687 10.0 66.612 0
044234 17.687 10.0 66.675 0
044304 17.75 10.0 66.675 0
044334 17.75 10.0 66.737 0
044405 17.75 10.0 66.737 0
044435 17.75 10.0 66.737 0
044506 17.75 10.0 66.737 0
044536 17.687 10.0 66.8 0
044606 17.687 10.0 66.8 0
044637 17.687 10.0 66.8 0
044707 17.687 10.0 66.8 0
044737 17.687 10.0 66.8 0
044807 17.687 10.0 66.737 0
044838 17.687 10.0 66.737 0
044909 17.687 10.0 66.737 0
044940 17.687 10.0 66.737 0
045010 17.687 10.0 66.737 0
045040 17.687 10.0 66.737 0
045110 17.687 10.0 66.737 0
045141 17.687 10.0 66.737 0
045212 17.687 10.0 66.737 0
045242 17.687 10.0 66.737 0
045312 17.687 10.0 66.737 0
045343 17.687 10.0 66.737 0
045413 17.687 10.0 66.675 0
045443 17.687 10.0 66.675 0
045514 17.687 10.0 66.675 0
045544 17.687 10.0 66.675 0
045615 17.687 10.0 66.675 0
045646 17.687 10.0 66.612 0
045717 17.687 10.0 66.612 0
045747 17.687 10.0 66.612 0
045817 17.625 10.0 66.612 0
045848 17.625 10.0 66.612 0
045919 17.625 10.0 66.55 0
045949 17.625 10.0 66.55 0
050020 17.625 10.0 66.55 0
050050 17.687 10.0 66.55 0
050120 17.687 10.0 66.487 0
050151 17.687 10.0 66.487 0
050221 17.687 10.0 66.487 0
050252 17.687 10.0 66.487 0
050322 17.687 10.0 66.425 0
050352 17.687 10.0 66.425 0
050423 17.687 10.0 66.425 0
050453 17.687 10.0 66.425 0
050523 17.687 10.0 66.425 0
050553 17.625 10.0 66.362 0
050623 17.625 10.0 66.362 0
050654 17.625 10.0 66.362 0
050724 17.625 10.0 66.3 0
050754 17.625 10.0 66.3 0
050824 17.625 10.0 66.3 0
050854 17.625 10.0 66.237 0
050925 17.625 10.0 66.237 0
050955 17.625 10.0 66.237 0
051026 17.625 10.0 66.175 0
051057 17.625 10.0 66.175 0
051128 17.625 10.0 66.175 0
051158 17.625 10.0 66.112 0
051228 17.625 10.0 66.112 0
051259 17.625 10.0 66.112 0
051329 17.625 10.0 66.05 0
051359 17.625 10.0 66.05 0
051429 17.625 10.0 66.05 0
051500 17.625 10.0 65.987 0
051530 17.625 10.0 65.987 0
051601 17.625 10.0 65.987 0
051631 17.625 10.0 65.925 0
051701 17.625 10.0 65.925 0
051732 17.625 10.0 65.925 0
051802 17.625 10.0 65.925 0
051832 17.625 10.0 65.862 0
051903 17.625 10.0 65.862 0
051934 17.625 10.0 65.862 0
052004 17.625 10.0 65.8 0
052035 17.625 10.0 65.8 0
052105 17.562 10.0 65.8 0
052136 17.562 10.0 65.737 0
052206 17.562 10.0 65.737 0
052236 17.562 10.0 65.675 0
052307 17.562 10.0 65.675 0
052337 17.625 10.0 65.675 0
052407 17.625 10.0 65.612 0
052438 17.625 10.0 65.612 0
052508 17.625 10.0 65.612 0
052540 17.562 10.0 65.55 0
052610 17.562 10.0 65.55 0
052641 17.562 10.0 65.487 0
052711 17.562 10.0 65.487 0
052741 17.562 10.0 65.487 0
052812 17.562 10.0 65.425 0
052842 17.562 10.0 65.425 0
052913 17.562 10.0 65.362 0
052943 17.562 10.0 65.362 0
053013 17.562 10.0 65.362 0
053044 17.562 10.0 65.3 0
053114 17.562 10.0 65.3 0
053145 17.562 10.0 65.3 0
053215 17.562 10.0 65.237 0
053245 17.562 10.0 65.237 0
053316 17.562 10.0 65.175 0
053346 17.562 10.0 65.112 0
053416 17.562 10.0 65.112 0
053447 17.562 10.0 65.05 0
053517 17.562 10.0 65.05 0
053548 17.562 10.0 64.987 0
053618 17.562 10.0 64.987 0
053648 17.562 10.0 64.987 0
053719 17.562 10.0 64.925 0
053749 17.562 10.0 64.925 0
053819 17.562 10.0 64.862 0
053849 17.562 10.0 64.862 0
053919 17.562 10.0 64.862 0
053949 17.562 10.0 64.8 0
054019 17.562 10.0 64.8 0
054050 17.5 10.0 64.8 0
054120 17.5 10.0 64.737 0
054151 17.5 10.0 64.737 0
054221 17.5 10.0 64.8 0
054251 17.5 10.0 64.862 0
054322 17.5 10.0 65.05 0
054353 17.5 10.0 65.112 0
054423 17.5 10.0 65.112 0
054453 17.5 10.0 65.175 0
054523 17.5 10.0 65.175 0
054554 17.5 10.0 65.175 0
054624 17.5 10.0 65.175 0
054654 17.5 10.0 65.175 0
054724 17.5 10.0 65.175 0
054754 17.5 10.0 65.175 0
054824 17.5 10.0 65.175 0
054855 17.5 10.0 65.175 0
054925 17.5 10.0 65.175 0
054956 17.5 10.0 65.175 0
055026 17.5 10.0 65.175 0
055056 17.5 10.0 65.175 0
055127 17.5 10.0 65.175 0
055157 17.5 10.0 65.112 0
055227 17.5 10.0 64.987 0
055257 17.5 10.0 64.987 0
055327 17.5 10.0 64.987 0
055358 17.5 10.0 64.987 0
055428 17.5 10.0 64.987 0
055459 17.5 10.0 64.925 0
055529 17.5 10.0 64.925 0
055559 17.5 10.0 64.925 0
055629 17.5 10.0 64.862 0
055659 17.5 10.0 64.862 0
055730 17.5 10.0 64.862 0
055801 17.5 10.0 64.8 0
055831 17.5 10.0 64.8 0
055901 17.5 10.0 64.737 0
055931 17.5 10.0 64.737 0
060002 17.5 10.0 64.675 0
060032 17.5 10.0 64.675 0
060103 17.437 10.0 64.675 0
060133 17.437 10.0 64.612 0
060204 17.437 10.0 64.612 0
060234 17.437 10.0 64.55 0
060304 17.437 10.0 64.55 0
060335 17.437 10.0 64.55 0
060405 17.437 10.0 64.487 0
060435 17.437 10.0 64.487 0
060506 17.437 10.0 64.425 0
060536 17.437 10.0 64.425 0
060606 17.437 10.0 64.425 0
060636 17.437 10.0 64.362 0
060706 17.437 10.0 64.362 0
060737 17.437 10.0 64.362 0
060808 17.437 10.0 64.3 0
060838 17.437 10.0 64.3 0
060909 17.437 10.0 64.237 0
060939 17.437 10.0 64.237 0
061010 17.437 10.0 64.175 0
061040 17.437 10.0 64.175 0
061110 17.437 10.0 64.175 0
061140 17.437 10.0 64.112 0
061211 17.437 10.0 64.112 0
061241 17.437 10.0 64.112 0
061311 17.437 10.0 64.05 0
061341 17.375 10.0 64.05 0
061412 17.375 10.0 63.987 0
061442 17.375 10.0 63.987 0
061513 17.375 10.0 63.987 0
061543 17.375 10.0 63.925 0
061613 17.375 10.0 63.925 0
061644 17.375 10.0 63.862 0
061714 17.375 10.0 63.862 0
061745 17.375 10.0 63.8 0
061818 17.375 10.0 63.8 0
061849 17.375 10.0 63.737 0
061919 17.375 10.0 63.737 0
061950 17.375 10.0 63.737 0
062020 17.375 10.0 63.675 0
062050 17.375 10.0 63.675 0
062120 17.375 10.0 63.612 0
062151 17.375 10.0 63.55 0
062221 17.375 10.0 63.487 0
062252 17.375 10.0 63.487 0
062322 17.375 10.0 63.425 0
062352 17.375 10.0 63.425 0
062423 17.375 10.0 63.362 0
062453 17.375 10.0 63.362 0
062523 17.375 10.0 63.3 0
062553 17.375 10.0 63.3 0
062623 17.375 10.0 63.237 0
062653 17.375 10.0 63.237 0
062724 17.375 10.0 63.175 0
062754 17.375 10.0 63.175 0
062824 17.375 10.0 63.175 0
062855 17.375 10.0 63.112 0
062926 17.375 10.0 63.112 0
062956 17.375 10.0 63.05 0
063026 17.375 10.0 63.05 0
063056 17.375 10.0 62.987 0
063127 17.375 10.0 62.987 0
063157 17.375 10.0 62.925 0
063228 17.375 10.0 62.925 0
063259 17.375 10.0 62.862 0
063329 17.375 10.0 62.862 0
063359 17.375 10.0 62.8 0
063429 17.375 10.0 62.8 0
063500 17.375 10.0 62.737 0
063531 17.375 10.0 62.737 0
063601 17.375 10.0 62.675 0
063632 17.375 10.0 62.675 0
063703 17.375 10.0 62.675 0
063733 17.375 10.0 62.612 0
063803 17.375 10.0 62.55 0
063833 17.375 10.0 62.55 0
063904 17.375 10.0 62.487 0
063934 17.375 10.0 62.487 0
064004 17.375 10.0 62.487 0
064034 17.375 10.0 62.425 0
064105 17.375 10.0 62.425 0
064135 17.375 10.0 62.425 0
064205 17.375 10.0 62.425 0
064235 17.375 10.0 62.425 0
064306 17.375 10.0 62.425 0
064336 17.312 10.0 62.487 0
064407 17.312 10.0 62.487 0
064437 17.312 10.0 62.55 0
064508 17.312 10.0 62.55 0
064538 17.312 10.0 62.55 0
064608 17.312 10.0 62.487 0
064638 17.312 10.0 62.487 0
064708 17.312 10.0 62.487 0
064738 17.312 10.0 62.425 0
064809 17.312 10.0 62.425 0
064839 17.312 10.0 62.425 0
064910 17.312 10.0 62.362 0
064940 17.312 10.0 62.362 0
065010 17.312 10.0 62.3 0
065040 17.312 10.0 62.3 0
065110 17.312 10.0 62.3 0
065140 17.312 10.0 62.237 0
065211 17.312 10.0 62.237 0
065242 17.312 10.0 62.175 0
065312 17.312 10.0 62.175 0
065342 17.312 10.0 62.175 0
065412 17.312 10.0 62.175 0
065442 17.312 10.0 62.112 0
065513 17.312 10.0 62.112 0
065544 17.312 10.0 62.05 0
065614 17.312 10.0 62.05 0
065644 17.312 10.0 62.05 0
065714 17.312 10.0 61.987 0
065745 17.312 10.0 61.987 0
065815 17.312 10.0 61.987 0
065845 17.312 10.0 61.925 0
065916 17.312 10.0 61.925 0
065946 17.312 10.0 61.925 0
070016 17.312 10.0 61.862 0
070047 17.312 10.0 61.862 0
070117 17.25 10.0 61.8 0
070148 17.25 10.0 61.8 0
070218 17.25 10.0 61.737 0
070248 17.25 10.0 61.737 0
070319 17.25 10.0 61.737 0
070349 17.25 10.0 61.675 0
070420 17.25 10.0 61.675 0
070450 17.25 10.0 61.612 0
070520 17.25 10.0 61.612 0
070551 17.25 10.0 61.612 0
070621 17.25 10.0 61.55 0
070652 17.25 10.0 61.55 0
070722 17.25 10.0 61.487 0
070752 17.25 10.0 61.425 0
070822 17.25 10.0 61.362 0
070852 17.25 10.0 61.362 0
070923 17.25 10.0 61.3 0
070954 17.25 10.0 61.237 0
071025 17.25 10.0 61.237 0
071058 17.25 10.0 61.175 0
071128 17.25 10.0 61.112 0
071158 17.25 10.0 61.112 0
071228 17.25 10.0 61.05 0
071258 17.25 10.0 61.05 0
071328 17.25 10.0 60.987 0
071358 17.25 10.0 60.987 0
071429 17.25 10.0 60.925 0
071459 17.25 10.0 60.925 0
071530 17.25 10.0 60.862 0
071600 17.25 10.0 60.862 0
071630 17.25 10.0 60.8 0
071700 17.25 10.0 60.8 0
071731 17.25 10.0 60.737 0
071801 17.25 10.0 60.737 0
071832 17.25 10.0 60.737 0
071902 17.25 10.0 60.675 0
071933 17.25 10.0 60.612 0
072003 17.25 10.0 60.612 0
072034 17.25 10.0 60.612 0
072104 17.25 10.0 60.55 0
072134 17.25 10.0 60.55 0
072205 17.25 10.0 60.487 0
072235 17.25 10.0 60.487 0
072305 17.25 10.0 60.425 0
072335 17.25 10.0 60.362 0
072405 17.25 10.0 60.362 0
072436 17.25 10.0 60.362 0
072507 17.25 10.0 60.3 0
072538 17.25 10.0 60.3 0
072608 17.25 10.0 60.237 0
072639 17.25 10.0 60.237 0
072709 17.25 10.0 60.175 0
072739 17.25 10.0 60.175 0
072810 17.25 10.0 60.112 0
072840 17.25 10.0 60.112 0
072910 17.25 10.0 60.05 0
072941 17.25 10.0 59.987 0
073011 17.25 10.0 59.987 0
073042 17.25 10.0 59.862 0
073112 17.25 10.0 59.8 0
073142 17.25 10.0 59.737 0
073213 17.25 10.0 59.675 0
073243 17.25 10.0 59.612 0
073313 17.25 10.0 59.55 0
073343 17.25 10.0 59.55 0
073413 17.25 10.0 59.487 0
073444 17.25 10.0 59.362 0
073514 17.25 10.0 59.237 0
073544 17.25 10.0 59.175 0
073614 17.25 10.0 59.112 0
073644 17.25 10.0 59.237 0
073715 17.25 10.0 58.987 0
073745 17.25 10.0 58.925 0
073816 17.25 10.0 59.112 0
073846 17.25 10.0 59.112 0
073917 17.25 10.0 59.112 0
073947 17.25 10.0 59.112 0
074018 17.25 10.0 59.05 0
074048 17.25 10.0 59.05 0
074119 17.25 10.0 58.987 0
074150 17.25 10.0 58.987 0
074220 17.25 10.0 58.925 0
074251 17.25 10.0 58.925 0
074321 17.25 10.0 58.862 0
074352 17.25 10.0 58.862 0
074423 17.25 10.0 58.862 0
074453 17.25 10.0 58.862 0
074524 17.25 10.0 58.862 0
074554 17.25 10.0 58.862 0
074625 17.187 10.0 58.862 0
074655 17.187 10.0 58.862 0
074725 17.187 10.0 58.862 0
074755 17.187 10.0 58.862 0
074825 17.187 10.0 58.862 0
074856 17.187 10.0 58.862 0
074927 17.187 10.0 58.8 0
074957 17.187 10.0 58.8 0
075027 17.187 10.0 58.8 0
075057 17.187 10.0 58.737 0
075127 17.187 10.0 58.737 0
075157 17.187 10.0 58.487 0
075228 17.187 10.0 58.425 0
075258 17.187 10.0 58.362 0
075329 17.187 10.0 58.3 0
075359 17.187 10.0 58.237 0
075429 17.187 10.0 58.237 0
075500 17.187 10.0 58.175 0
075530 17.187 10.0 58.175 0
075600 17.187 10.0 58.112 0
075631 17.187 10.0 58.112 0
075701 17.187 10.0 58.05 0
075731 17.187 10.0 58.05 0
075801 17.187 10.0 57.987 0
075831 17.187 10.0 57.987 0
075901 17.187 10.0 57.987 0
075932 17.187 10.0 57.925 0
080002 17.187 10.0 57.925 0
080033 17.187 10.0 57.862 0
080106 17.125 10.0 57.862 0
080136 17.125 10.0 57.862 0
080207 17.125 10.0 57.862 0
080238 17.125 10.0 57.862 0
080309 17.125 10.0 57.8 0
080339 17.125 10.0 57.8 0
080409 17.125 10.0 57.737 0
080439 17.125 10.0 57.737 0
080509 17.125 10.0 57.737 0
080539 17.125 10.0 57.675 0
080610 17.125 10.0 57.675 0
080640 17.125 10.0 57.612 0
080711 17.125 10.0 57.612 0
080742 17.125 10.0 57.55 0
080812 17.125 10.0 57.55 0
080843 17.125 10.0 57.487 0
080914 17.125 10.0 57.487 0
080944 17.125 10.0 57.487 0
081015 17.125 10.0 57.425 0
081046 17.125 10.0 57.425 0
081116 17.125 10.0 57.362 0
081147 17.125 10.0 57.362 0
081218 17.125 10.0 57.3 0
081248 17.125 10.0 57.3 0
081318 17.125 10.0 57.237 0
081349 17.125 10.0 57.175 0
081419 17.125 10.0 57.05 0
081449 17.125 10.0 56.987 0
081519 17.125 10.0 56.862 0
081549 17.125 10.0 56.8 0
081620 17.125 10.0 56.8 0
081650 17.125 10.0 56.8 0
081720 17.125 10.0 56.8 0
081750 17.125 10.0 56.8 0
081821 17.125 10.0 56.987 0
081851 17.125 10.0 57.237 0
081921 17.125 10.0 57.55 0
081952 17.125 10.0 57.987 0
082023 17.125 10.0 58.612 0
082054 17.125 10.0 59.237 0
082124 17.062 10.0 60.05 0
082154 17.062 10.0 60.925 0
082225 17.062 10.0 61.925 0
082255 17.062 10.0 62.925 0
082325 17.062 10.0 63.675 0
082355 17.062 10.0 64.3 0
082425 17.062 10.0 64.737 0
082456 17.062 10.0 65.112 0
082527 17.062 10.0 65.425 0
082558 17.062 10.0 65.612 0
082628 17.062 10.0 65.8 0
082658 17.062 10.0 65.987 0
082729 17.062 10.0 66.112 0
082759 17.062 10.0 66.175 0
082830 17.062 10.0 66.3 0
082900 17.062 10.0 66.362 0
082930 17.062 10.0 66.425 0
083001 17.062 10.0 66.55 0
083031 17.062 10.0 66.55 0
083101 17.062 10.0 66.675 0
083131 17.062 10.0 66.675 0
083201 17.062 10.0 66.737 0
083232 17.062 10.0 66.8 0
083303 17.062 10.0 66.862 0
083333 17.062 10.0 66.925 0
083404 17.062 10.0 66.925 0
083434 17.062 10.0 66.987 0
083504 17.062 10.0 66.987 0
083535 17.062 10.0 67.05 0
083605 17.062 10.0 67.05 0
083635 17.062 10.0 67.05 0
083705 17.062 10.0 67.112 0
083735 17.062 10.0 67.112 0
083806 17.062 10.0 67.112 0
083837 17.062 10.0 67.112 0
083907 17.062 10.0 67.112 0
083937 17.062 10.0 67.112 0
084007 17.062 10.0 67.112 0
084038 17.062 10.0 67.112 0
084109 17.062 10.0 67.112 0
084139 17.062 10.0 67.112 0
084210 17.062 10.0 67.112 0
084240 17.062 10.0 67.112 0
084311 17.062 10.0 67.112 0
084344 17.0 10.0 67.112 0
084414 17.0 10.0 67.112 0
084445 17.0 10.0 67.112 0
084515 17.0 10.0 67.112 0
084545 17.0 10.0 67.112 0
084616 17.0 10.0 67.112 0
084646 17.0 10.0 67.112 0
084716 17.0 10.0 67.112 0
084746 17.0 10.0 67.112 0
084816 17.0 10.0 67.112 0
084847 17.062 10.0 67.112 0
084917 17.062 10.0 67.112 0
084947 17.062 10.0 67.112 0
085017 17.062 10.0 67.05 0
085047 17.062 10.0 67.05 0
085117 17.062 10.0 67.05 0
085148 17.062 10.0 67.05 0
085218 17.062 10.0 67.05 0
085248 17.062 10.0 67.05 0
085318 17.062 10.0 67.05 0
085348 17.062 10.0 67.05 0
085418 17.062 10.0 67.05 0
085448 17.062 10.0 66.987 0
085518 17.062 10.0 66.987 0
085549 17.062 10.0 66.987 0
085619 17.062 10.0 66.987 0
085649 17.062 10.0 66.987 0
085719 17.062 10.0 66.987 0
085749 17.062 10.0 66.925 0
085819 17.062 10.0 66.925 0
085850 17.062 10.0 66.925 0
085921 17.062 10.0 66.925 0
085951 17.062 10.0 66.925 0
090022 17.062 10.0 66.862 0
090052 17.062 10.0 66.862 0
090122 17.125 10.0 66.862 0
090152 17.125 10.0 66.862 0
090223 17.125 10.0 66.862 0
090253 17.125 10.0 66.862 0
090323 17.125 10.0 66.8 0
090354 17.125 10.0 66.8 0
090424 17.125 10.0 66.8 0
090454 17.125 10.0 66.8 0
090525 17.125 10.0 66.8 0
090555 17.125 10.0 66.737 0
090625 17.125 10.0 66.737 0
090655 17.125 10.0 66.737 0
090725 17.125 10.0 66.737 0
090755 17.125 10.0 66.675 0
090826 17.125 10.0 66.675 0
090856 17.062 10.0 66.675 0
090927 17.062 10.0 66.675 0
090957 17.062 10.0 66.675 0
091027 17.062 10.0 66.612 0
091057 17.062 10.0 66.612 0
091127 17.062 10.0 66.612 0
091157 17.062 10.0 66.612 0
091228 17.062 10.0 66.55 0
091258 17.062 10.0 66.55 0
091328 17.062 10.0 66.55 0
091358 17.062 10.0 66.55 0
091428 17.062 10.0 66.487 0
091459 17.062 10.0 66.487 0
091529 17.062 10.0 66.487 0
091600 17.062 10.0 66.487 0
091630 17.0 10.0 66.425 0
091700 17.0 10.0 66.425 0
091730 17.0 10.0 66.425 0
091800 17.0 10.0 66.425 0
091831 17.0 10.0 66.362 0
091901 17.0 10.0 66.362 0
091932 17.0 10.0 66.362 0
092002 17.0 10.0 66.362 0
092032 17.0 10.0 66.3 0
092103 17.0 10.0 66.3 0
092133 17.0 10.0 66.3 0
092203 17.0 10.0 66.3 0
092233 17.0 10.0 66.237 0
092303 17.0 10.0 66.237 0
092334 17.0 10.0 66.175 0
092404 17.0 10.0 66.237 0
092434 17.0 10.0 66.237 0
092505 17.0 10.0 66.362 0
092535 17.0 10.0 66.425 0
092606 17.0 10.0 66.487 0
092637 17.0 10.0 66.55 0
092708 17.0 10.0 66.55 0
092738 17.0 10.0 66.612 0
092808 17.0 10.0 66.612 0
092838 17.0 10.0 66.612 0
092908 16.937 10.0 66.612 0
092938 16.937 10.0 66.612 0
093008 16.937 10.0 66.55 0
093039 16.937 10.0 66.55 0
093109 16.937 10.0 66.55 0
093140 16.937 10.0 66.55 0
093210 16.937 10.0 66.55 0
093240 16.937 10.0 66.55 0
093311 16.937 10.0 66.487 0
093341 16.937 10.0 66.487 0
093411 16.937 10.0 66.487 0
093442 16.937 10.0 66.487 0
093512 16.937 10.0 66.487 0
093542 16.937 10.0 66.487 0
093612 16.937 10.0 66.425 0
093642 16.937 10.0 66.425 0
093712 16.937 10.0 66.425 0
093743 16.937 10.0 66.425 0
093813 16.937 10.0 66.425 0
093843 16.937 10.0 66.362 0
093913 16.937 10.0 66.362 0
093944 16.937 10.0 66.362 0
094014 16.937 10.0 66.362 0
094045 16.937 10.0 66.3 0
094115 16.937 10.0 66.3 0
094145 16.937 10.0 66.3 0
094216 16.937 10.0 66.3 0
094246 16.937 10.0 66.237 0
094316 16.937 10.0 66.237 0
094347 16.937 10.0 66.237 0
094418 16.937 10.0 66.237 0
094448 16.937 10.0 66.237 0
094518 16.937 10.0 66.175 0
094549 16.937 10.0 66.175 0
094619 16.937 10.0 66.175 0
094650 16.937 10.0 66.112 0
094720 16.937 10.0 66.112 0
094751 16.937 10.0 66.112 0
094821 16.937 10.0 66.05 0
094851 16.937 10.0 66.05 0
094922 16.875 10.0 66.05 0
094952 16.875 10.0 65.987 0
095022 16.875 10.0 65.987 0
095053 16.875 10.0 65.987 0
095123 16.875 10.0 65.925 0
095153 16.937 10.0 65.925 0
095223 16.937 10.0 65.925 0
095254 16.937 10.0 65.925 0
095324 16.937 10.0 65.862 0
095357 16.937 10.0 65.862 0
095428 16.937 10.0 65.862 0
095458 16.937 10.0 65.8 0
095528 16.937 10.0 65.8 0
095559 16.937 10.0 65.737 0
095629 16.937 10.0 65.737 0
095700 16.937 10.0 65.737 0
095730 16.937 10.0 65.675 0
095800 16.937 10.0 65.675 0
095831 16.937 10.0 65.675 0
095901 16.937 10.0 65.675 0
095931 16.937 10.0 65.612 0
100001 16.937 10.0 65.612 0
100032 16.937 10.0 65.55 0
100102 16.937 10.0 65.55 0
100132 16.875 10.0 65.55 0
100203 16.875 10.0 65.487 0
100233 16.875 10.0 65.487 0
100304 16.875 10.0 65.487 0
100334 16.875 10.0 65.425 0
100405 16.937 10.0 65.425 0
100436 16.937 10.0 65.425 0
100506 16.937 10.0 65.362 0
100536 16.937 10.0 65.362 0
100606 16.937 10.0 65.362 0
100636 16.875 10.0 65.3 0
100706 16.875 10.0 65.237 0
100737 16.875 10.0 65.175 0
100807 16.875 10.0 65.175 0
100837 16.875 10.0 65.112 0
100907 16.875 10.0 65.112 0
100937 16.875 10.0 65.112 0
101008 16.875 10.0 65.112 0
101038 16.875 10.0 65.112 0
101108 16.875 10.0 65.05 0
101139 16.875 10.0 65.05 0
101209 16.875 10.0 64.987 0
101239 16.875 10.0 64.987 0
101309 16.875 10.0 64.925 0
101340 16.875 10.0 64.925 0
101410 16.875 10.0 64.862 0
101440 16.875 10.0 64.862 0
101510 16.875 10.0 64.862 0
101541 16.875 10.0 64.8 0
101611 16.875 10.0 64.8 0
101641 16.875 10.0 64.737 0
101711 16.875 10.0 64.737 0
101741 16.875 10.0 64.737 0
101812 16.875 10.0 64.675 0
101843 16.875 10.0 64.675 0
101913 16.875 10.0 64.612 0
101943 16.875 10.0 64.612 0
102014 16.875 10.0 64.612 0
102044 16.875 10.0 64.55 0
102115 16.875 10.0 64.55 0
102145 16.875 10.0 64.487 0
102215 16.875 10.0 64.487 0
102246 16.875 10.0 64.425 0
102316 16.875 10.0 64.425 0
102347 16.875 10.0 64.425 0
102417 16.875 10.0 64.362 0
102448 16.875 10.0 64.362 0
102518 16.875 10.0 64.3 0
102548 16.875 10.0 64.3 0
102618 16.875 10.0 64.362 0
102648 16.875 10.0 64.362 0
102719 16.875 10.0 64.425 0
102750 16.875 10.0 64.425 0
102820 16.875 10.0 64.425 0
102850 16.875 10.0 64.425 0
102920 16.875 10.0 64.425 0
102951 16.875 10.0 64.425 0
103021 16.875 10.0 64.425 0
103052 16.875 10.0 64.425 0
103122 16.875 10.0 64.425 0
103152 16.875 10.0 64.362 0
103222 16.875 10.0 64.362 0
103252 16.875 10.0 64.362 0
103323 16.875 10.0 64.362 0
103353 16.875 10.0 64.3 0
103424 16.875 10.0 64.3 0
103454 16.875 10.0 64.237 0
103525 16.875 10.0 64.237 0
103555 16.875 10.0 64.175 0
103626 16.875 10.0 64.112 0
103656 16.875 10.0 64.112 0
103726 16.875 10.0 64.112 0
103757 16.875 10.0 64.05 0
103828 16.875 10.0 64.05 0
103858 16.875 10.0 64.05 0
103928 16.875 10.0 63.987 0
103959 16.875 10.0 63.987 0
104030 16.875 10.0 63.925 0
104100 16.875 10.0 63.925 0
104130 16.875 10.0 63.925 0
104201 16.812 10.0 63.862 0
104231 16.812 10.0 63.862 0
104302 16.812 10.0 63.862 0
104333 16.812 10.0 63.8 0
104405 16.812 10.0 63.8 0
104435 16.812 10.0 63.737 0
104506 16.812 10.0 63.737 0
104536 16.812 10.0 63.737 0
104607 16.812 10.0 63.675 0
104637 16.812 10.0 63.675 0
104707 16.812 10.0 63.612 0
104738 16.812 10.0 63.612 0
104808 16.812 10.0 63.55 0
104838 16.812 10.0 63.55 0
104908 16.812 10.0 63.55 0
104938 16.812 10.0 63.487 0
105009 16.812 10.0 63.487 0
105039 16.812 10.0 63.425 0
105110 16.812 10.0 63.425 0
105140 16.812 10.0 63.425 0
105211 16.812 10.0 63.362 0
105241 16.812 10.0 63.362 0
105312 16.812 10.0 63.3 0
105342 16.812 10.0 63.3 0
105413 16.812 10.0 63.3 0
105443 16.812 10.0 63.237 0
105514 16.812 10.0 63.237 0
105544 16.812 10.0 63.237 0
105614 16.812 10.0 63.175 0
105644 16.812 10.0 63.175 0
105715 16.812 10.0 63.112 0
105745 16.812 10.0 63.05 0
105815 16.812 10.0 62.987 0
105846 16.812 10.0 62.987 0
105916 16.812 10.0 62.925 0
105946 16.812 10.0 62.862 0
110017 16.812 10.0 62.862 0
110048 16.812 10.0 62.8 0
110118 16.812 10.0 62.8 0
110148 16.812 10.0 62.737 0
110219 16.812 10.0 62.737 0
110249 16.812 10.0 62.675 0
110320 16.812 10.0 62.675 0
110351 16.812 10.0 62.675 0
110421 16.812 10.0 62.612 0
110451 16.812 10.0 62.55 0
110522 16.812 10.0 62.55 0
110552 16.812 10.0 62.55 0
110622 16.812 10.0 62.487 0
110653 16.812 10.0 62.487 0
110723 16.812 10.0 62.425 0
110754 16.812 10.0 62.425 0
110824 16.812 10.0 62.362 0
110855 16.812 10.0 62.362 0
110925 16.812 10.0 62.3 0
110956 16.812 10.0 62.3 0
111026 16.812 10.0 62.237 0
111056 16.812 10.0 62.237 0
111127 16.812 10.0 62.175 0
111157 16.812 10.0 62.175 0
111227 16.812 10.0 62.112 0
111257 16.812 10.0 62.112 0
111328 16.812 10.0 62.05 0
111359 16.812 10.0 62.05 0
111429 16.812 10.0 61.987 0
111500 16.812 10.0 61.987 0
111530 16.812 10.0 61.925 0
111601 16.812 10.0 61.925 0
111631 16.812 10.0 61.862 0
111701 16.75 10.0 61.862 0
111732 16.75 10.0 61.8 0
111802 16.75 10.0 61.8 0
111833 16.75 10.0 61.737 0
111904 16.75 10.0 61.737 0
111934 16.812 10.0 61.675 0
112004 16.812 10.0 61.612 0
112034 16.812 10.0 61.55 0
112105 16.812 10.0 61.487 0
112135 16.812 10.0 61.362 0
112205 16.812 10.0 61.362 0
112235 16.812 10.0 61.3 0
112306 16.812 10.0 61.237 0
112336 16.812 10.0 61.237 0
112407 16.812 10.0 61.175 0
112437 16.812 10.0 61.112 0
112508 16.812 10.0 61.112 0
112538 16.812 10.0 61.05 0
112608 16.812 10.0 60.987 0
112641 16.75 10.0 60.987 0
112712 16.75 10.0 60.987 0
112742 16.75 10.0 60.925 0
112813 16.75 10.0 60.925 0
112843 16.75 10.0 60.925 0
112913 16.812 10.0 60.925 0
112943 16.812 10.0 60.925 0
113014 16.812 10.0 60.925 0
113044 16.812 10.0 60.925 0
113114 16.812 10.0 60.862 0
113144 16.75 10.0 60.862 0
113214 16.75 10.0 60.862 0
113244 16.75 10.0 60.862 0
113315 16.75 10.0 60.8 0
113345 16.75 10.0 60.8 0
113415 16.75 10.0 60.8 0
113445 16.75 10.0 60.737 0
113516 16.75 10.0 60.737 0
113546 16.75 10.0 60.675 0
113616 16.75 10.0 60.675 0
113646 16.75 10.0 60.675 0
113716 16.75 10.0 60.612 0
113747 16.75 10.0 60.612 0
113818 16.75 10.0 60.612 0
113848 16.75 10.0 60.55 0
113918 16.75 10.0 60.55 0
113948 16.75 10.0 60.487 0
114018 16.75 10.0 60.487 0
114049 16.75 10.0 60.425 0
114120 16.75 10.0 60.425 0
114151 16.75 10.0 60.362 0
114221 16.75 10.0 60.362 0
114252 16.75 10.0 60.3 0
114322 16.75 10.0 60.237 0
114352 16.75 10.0 60.175 0
114422 16.812 10.0 60.112 0
114452 16.812 10.0 60.05 0
114523 16.812 10.0 59.987 0
114554 16.812 10.0 59.925 0
114625 16.812 10.0 59.925 0
114655 16.75 10.0 59.862 0
114726 16.75 10.0 59.862 0
114757 16.75 10.0 59.8 0
114827 16.75 10.0 59.737 0
114857 16.75 10.0 59.737 0
114928 16.75 10.0 59.737 0
114958 16.75 10.0 59.675 0
115028 16.75 10.0 59.612 0
115059 16.75 10.0 59.612 0
115129 16.75 10.0 59.55 0
115159 16.75 10.0 59.55 0
115229 16.75 10.0 59.487 0
115259 16.75 10.0 59.487 0
115329 16.75 10.0 59.425 0
115400 16.75 10.0 59.425 0
115430 16.75 10.0 59.362 0
115501 16.75 10.0 59.362 0
115531 16.75 10.0 59.3 0
115601 16.75 10.0 59.3 0
115632 16.75 10.0 59.237 0
115702 16.75 10.0 59.237 0
115732 16.75 10.0 59.175 0
115803 16.75 10.0 59.175 0
115833 16.75 10.0 59.112 0
115903 16.75 10.0 59.112 0
115934 16.812 10.0 59.05 0
120004 16.812 10.0 59.05 0
120035 16.812 10.0 58.987 0
120106 16.812 10.0 58.987 0
120136 16.812 10.0 58.925 0
120206 16.812 10.0 58.925 0
120237 16.812 10.0 58.862 0
120307 16.812 10.0 58.862 0
120337 16.812 10.0 58.8 0
120407 16.812 10.0 58.737 0
120437 16.75 10.0 58.675 0
120508 16.75 10.0 58.612 0
120539 16.75 10.0 58.487 0
120609 16.75 10.0 58.362 0
120640 16.75 10.0 58.3 0
120710 16.75 10.0 58.237 0
120740 16.75 10.0 58.175 0
120811 16.75 10.0 58.112 0
120841 16.75 10.0 58.112 0
120911 16.75 10.0 58.05 0
120942 16.812 10.0 57.987 0
121012 16.812 10.0 57.987 0
121042 16.812 10.0 57.925 0
121112 16.812 10.0 57.925 0
121142 16.812 10.0 57.862 0
121212 16.812 10.0 57.862 0
121243 16.812 10.0 57.8 0
121314 16.812 10.0 57.737 0
121345 16.812 10.0 57.737 0
121416 16.812 10.0 57.675 0
121446 16.812 10.0 57.675 0
121517 16.812 10.0 57.612 0
121547 16.812 10.0 57.612 0
121617 16.812 10.0 57.55 0
121650 16.812 10.0 57.487 0
121720 16.812 10.0 57.487 0
121750 16.812 10.0 57.425 0
121820 16.812 10.0 57.425 0
121850 16.812 10.0 57.362 0
121920 16.875 10.0 57.362 0
121950 16.875 10.0 57.3 0
122021 16.875 10.0 57.3 0
122051 16.875 10.0 57.237 0
122122 16.875 10.0 57.237 0
122152 16.937 10.0 57.175 0
122222 16.937 10.0 57.175 0
122253 16.937 10.0 57.112 0
122323 16.937 10.0 57.112 0
122354 16.937 10.0 57.05 0
122424 17.0 10.0 57.05 0
122455 17.0 10.0 57.05 0
122525 17.0 10.0 57.05 0
122555 17.0 10.0 57.112 0
122625 17.0 10.0 57.237 0
122655 17.0 10.0 57.425 0
122726 17.0 10.0 57.675 0
122756 17.0 10.0 58.05 0
122826 17.0 10.0 58.487 0
122857 17.0 10.0 58.987 0
122927 17.062 10.0 59.612 0
122957 17.062 10.0 60.487 0
123027 17.062 10.0 61.362 0
123057 17.062 10.0 62.237 0
123127 17.062 10.0 63.05 0
123158 17.062 10.0 63.8 0
123228 17.062 10.0 64.362 0
123258 17.062 10.0 64.8 0
123328 17.062 10.0 65.175 0
123359 17.062 10.0 65.425 0
123429 17.125 10.0 65.612 0
123459 17.125 10.0 65.8 0
123530 17.125 10.0 65.925 0
123601 17.125 10.0 66.112 0
123631 17.125 10.0 66.237 0
123702 17.125 10.0 66.3 0
123732 17.125 10.0 66.425 0
123802 17.125 10.0 66.487 0
123833 17.125 10.0 66.55 0
123903 17.125 10.0 66.612 0
123934 17.125 10.0 66.675 0
124004 17.125 10.0 66.737 0
124034 17.125 10.0 66.737 0
124104 17.125 10.0 66.8 0
124135 17.125 10.0 66.862 0
124206 17.125 10.0 66.925 0
124236 17.125 10.0 66.925 0
124307 17.125 10.0 66.987 0
124337 17.125 10.0 66.987 0
124408 17.125 10.0 67.05 0
124438 17.125 10.0 67.05 0
124508 17.125 10.0 67.112 0
124539 17.125 10.0 67.175 0
124609 17.125 10.0 67.175 0
124640 17.125 10.0 67.175 0
124710 17.125 10.0 67.237 0
124740 17.125 10.0 67.237 0
124811 17.125 10.0 67.237 0
124841 17.125 10.0 67.3 0
124911 17.125 10.0 67.3 0
124941 17.187 10.0 67.3 0
125011 17.187 10.0 67.3 0
125042 17.187 10.0 67.3 0
125112 17.187 10.0 67.3 0
125142 17.187 10.0 67.3 0
125212 17.125 10.0 67.3 0
125242 17.125 10.0 67.3 0
125312 17.125 10.0 67.3 0
125343 17.125 10.0 67.3 0
125414 17.125 10.0 67.3 0
125444 17.125 10.0 67.3 0
125514 17.125 10.0 67.3 0
125544 17.125 10.0 67.3 0
125615 17.125 10.0 67.3 0
125645 17.125 10.0 67.3 0
125715 17.187 10.0 67.3 0
125746 17.187 10.0 67.3 0
125817 17.187 10.0 67.237 0
125847 17.187 10.0 67.237 0
125918 17.187 10.0 67.237 0
125948 17.187 10.0 67.237 0
130019 17.187 10.0 67.237 0
130049 17.187 10.0 67.237 0
130119 17.187 10.0 67.237 0
130149 17.187 10.0 67.237 0
130220 17.187 10.0 67.237 0
130250 17.187 10.0 67.175 0
130320 17.187 10.0 67.175 0
130351 17.187 10.0 67.175 0
130421 17.187 10.0 67.175 0
130451 17.187 10.0 67.175 0
130522 17.187 10.0 67.175 0
130552 17.187 10.0 67.112 0
130623 17.187 10.0 67.112 0
130653 17.187 10.0 67.112 0
130723 17.187 10.0 67.112 0
130753 17.187 10.0 67.112 0
130824 17.187 10.0 67.05 0
130854 17.187 10.0 67.05 0
130927 17.187 10.0 67.05 0
130957 17.187 10.0 67.05 0
131028 17.187 10.0 66.987 0
131058 17.187 10.0 66.987 0
131129 17.187 10.0 66.987 0
131159 17.25 10.0 66.987 0
131229 17.25 10.0 66.987 0
131259 17.25 10.0 66.925 0
131329 17.25 10.0 66.925 0
131359 17.25 10.0 66.925 0
131430 17.25 10.0 66.925 0
131500 17.25 10.0 66.862 0
131530 17.25 10.0 66.862 0
131601 17.25 10.0 66.862 0
131631 17.25 10.0 66.8 0
131701 17.187 10.0 66.8 0
131731 17.187 10.0 66.8 0
131801 17.187 10.0 66.8 0
131831 17.187 10.0 66.8 0
131902 17.187 10.0 66.737 0
131933 17.25 10.0 66.737 0
132003 17.25 10.0 66.737 0
132034 17.25 10.0 66.737 0
132105 17.25 10.0 66.675 0
132135 17.25 10.0 66.675 0
132205 17.25 10.0 66.675 0
132235 17.25 10.0 66.675 0
132305 17.25 10.0 66.612 0
132336 17.25 10.0 66.612 0
132406 17.25 10.0 66.612 0
132437 17.25 10.0 66.55 0
132507 17.25 10.0 66.55 0
132538 17.25 10.0 66.55 0
132608 17.25 10.0 66.55 0
132638 17.25 10.0 66.487 0
132709 17.25 10.0 66.487 0
132739 17.25 10.0 66.487 0
132809 17.25 10.0 66.425 0
132840 17.25 10.0 66.425 0
132911 17.25 10.0 66.425 0
132941 17.25 10.0 66.425 0
133012 17.25 10.0 66.362 0
133042 17.25 10.0 66.362 0
133112 17.25 10.0 66.362 0
133143 17.25 10.0 66.3 0
133213 17.25 10.0 66.3 0
133243 17.25 10.0 66.362 0
133313 17.25 10.0 66.487 0
133343 17.25 10.0 66.55 0
133413 17.25 10.0 66.612 0
133444 17.25 21.0 66.675 0
133514 17.25 21.0 66.675 50
133544 17.25 21.0 66.675 50
133614 17.25 21.0 66.675 50
133644 17.25 21.0 66.675 50
133715 17.312 21.0 66.612 50
133745 17.312 21.0 66.55 50
133816 17.312 21.0 66.55 50
133846 17.312 21.0 66.487 50
133916 17.312 21.0 66.425 50
133947 17.562 21.0 66.3 50
134017 17.562 21.0 66.175 50
134048 17.562 21.0 66.112 50
134119 17.562 21.0 65.925 50
134149 17.562 21.0 65.675 50
134219 17.875 21.0 65.3 50
134250 17.875 21.0 64.862 50
134320 17.875 21.0 64.362 50
134350 17.875 21.0 63.612 50
134420 17.875 21.0 62.487 50
134451 18.25 21.0 60.8 50
134521 18.25 21.0 58.55 0
134551 18.25 21.0 56.8 0
134622 18.25 21.0 55.675 0
134652 18.25 21.0 54.987 0
134722 18.5 21.0 54.487 0
134752 18.5 21.0 54.237 0
134822 18.5 21.0 54.05 0
134852 18.5 21.0 53.925 0
134923 18.5 21.0 53.862 0
134953 18.687 21.0 53.8 0
135023 18.687 21.0 53.8 0
135053 18.687 21.0 53.8 0
135124 18.687 21.0 53.862 0
135154 18.687 21.0 53.925 0
135224 18.937 21.0 54.05 0
135255 18.937 21.0 54.237 0
135325 18.937 21.0 54.425 0
135355 18.937 21.0 54.862 0
135425 18.937 21.0 55.362 0
135455 18.937 21.0 56.05 0
135525 18.937 21.0 56.987 0
135556 18.937 21.0 58.175 0
135626 18.937 21.0 59.237 0
135657 18.937 21.0 60.362 50
135727 18.875 21.0 61.425 50
135757 18.875 21.0 62.55 50
135828 18.875 21.0 63.612 50
135858 18.875 21.0 64.425 50
135929 18.875 21.0 64.987 50
135959 19.0 21.0 65.425 50
140030 19.0 21.0 65.737 50
140100 19.0 21.0 66.05 50
140130 19.0 21.0 66.237 50
140200 19.0 21.0 66.425 50
140231 19.187 21.0 66.55 50
140302 19.187 21.0 66.675 50
140333 19.187 21.0 66.8 50
140404 19.187 21.0 66.862 50
140436 19.25 21.0 66.925 50
140507 19.25 21.0 66.925 50
140537 19.25 21.0 66.925 50
140607 19.25 21.0 66.862 50
140638 19.25 21.0 66.8 50
140708 19.437 21.0 66.612 50
140738 19.437 21.0 66.3 50
140808 19.437 21.0 65.737 50
140838 19.437 21.0 64.8 50
140909 19.437 21.0 63.487 50
140940 19.75 21.0 61.925 50
141010 19.75 21.0 60.237 50
141041 19.75 21.0 58.675 0
141112 19.75 21.0 57.612 0
141143 19.75 21.0 56.925 0
141213 19.812 21.0 56.487 0
141243 19.812 21.0 56.237 0
141313 19.812 21.0 56.112 0
141343 19.812 21.0 56.175 0
141414 19.812 21.0 56.362 0
141444 20.0 21.0 56.862 0
141515 20.0 21.0 57.612 0
141546 20.0 21.0 58.487 0
141616 20.0 21.0 59.612 0
141647 20.0 21.0 60.737 50
141717 20.0 21.0 61.925 50
141747 20.0 21.0 63.05 50
141817 20.0 21.0 64.05 50
141847 20.0 21.0 64.737 50
141917 20.0 21.0 65.3 50
141948 20.0 21.0 65.8 50
142018 20.0 21.0 66.175 50
142049 20.0 21.0 66.487 50
142119 20.0 21.0 66.737 50
142150 20.0 21.0 66.925 50
142220 19.937 21.0 67.05 50
142250 19.937 21.0 67.175 50
142321 19.937 21.0 67.3 50
142351 19.937 21.0 67.425 50
142421 19.937 21.0 67.487 50
142451 20.125 21.0 67.55 50
142522 20.125 21.0 67.612 50
142552 20.125 21.0 67.675 50
142622 20.125 21.0 67.675 50
142652 20.125 21.0 67.675 50
142722 20.187 21.0 67.675 50
142753 20.187 21.0 67.612 50
142823 20.187 21.0 67.487 50
142854 20.187 21.0 67.3 50
142924 20.187 21.0 66.925 50
142954 20.187 21.0 66.3 50
143024 20.187 21.0 65.487 50
143054 20.187 21.0 64.487 50
143124 20.187 21.0 63.425 50
143154 20.187 21.0 62.425 50
143225 20.312 21.0 61.425 50
143255 20.312 21.0 60.55 50
143325 20.312 21.0 59.8 0
143355 20.312 21.0 59.237 0
143425 20.312 21.0 58.925 0
143455 20.375 21.0 58.675 50
143525 20.375 21.0 58.487 50
143556 20.375 21.0 58.362 50
143627 20.375 21.0 58.237 50
143657 20.375 21.0 58.175 50
143727 20.375 21.0 58.112 50
143757 20.375 21.0 58.05 50
143828 20.375 21.0 57.987 50
143858 20.375 21.0 57.925 50
143928 20.375 21.0 57.925 50
143958 20.437 21.0 57.862 50
144028 20.437 21.0 57.862 50
144059 20.437 21.0 57.862 50
144129 20.437 21.0 57.862 50
144200 20.437 21.0 57.8 50
144230 20.5 21.0 57.8 50
144300 20.5 21.0 57.737 50
144330 20.5 21.0 57.737 50
144400 20.5 21.0 57.675 50
144430 20.5 21.0 57.612 50
144501 20.5 21.0 57.612 50
144531 20.5 21.0 57.55 50
144601 20.5 21.0 57.487 50
144631 20.5 21.0 57.362 50
144701 20.5 21.0 57.3 50
144731 20.687 21.0 57.175 50
144802 20.687 21.0 57.112 50
144832 20.687 21.0 56.987 50
144902 20.687 21.0 56.862 50
144933 20.687 21.0 56.737 50
145003 20.875 21.0 56.612 50
145033 20.875 21.0 56.55 50
145103 20.875 21.0 56.55 50
145133 20.875 21.0 56.675 50
145203 20.875 21.0 56.925 50
145233 20.625 21.0 57.362 50
145304 20.625 21.0 58.05 50
145334 20.625 21.0 58.862 50
145405 20.625 21.0 59.737 50
145435 20.625 21.0 60.675 50
145505 20.687 21.0 61.675 50
145535 20.687 21.0 62.487 50
145605 20.687 21.0 63.237 50
145635 20.687 21.0 63.737 50
145705 20.687 21.0 64.175 50
145736 20.937 21.0 64.487 50
145806 20.937 21.0 64.737 50
145836 20.937 21.0 64.987 50
145907 20.937 21.0 65.175 50
145937 20.937 21.0 65.3 50
150007 20.75 21.0 65.487 50
150037 20.75 21.0 65.612 50
150108 20.75 21.0 65.737 50
150139 20.75 21.0 65.8 50
150209 20.75 21.0 65.862 50
150239 20.75 21.0 65.925 50
150309 20.75 21.0 65.925 50
150340 20.75 21.0 65.862 50
150410 20.75 21.0 65.8 50
150440 20.75 21.0 65.612 50
150510 21.062 21.0 65.487 0
150540 21.062 21.0 65.3 0
150610 21.062 21.0 65.175 0
150641 21.062 21.0 65.112 0
150711 21.062 21.0 65.05 0
150741 20.937 21.0 64.987 50
150811 20.937 21.0 64.925 50
150842 20.937 21.0 64.737 50
150912 20.937 21.0 64.425 50
150942 20.937 21.0 63.925 50
151013 20.875 21.0 63.425 50
151043 20.875 21.0 62.862 50
151113 20.875 21.0 62.362 50
151144 20.875 21.0 61.925 50
151216 20.937 21.0 61.55 50
151246 20.937 21.0 61.3 50
151317 20.937 22.0 61.175 50
151347 20.937 22.0 60.987 50
151418 20.937 22.0 60.925 50
151448 20.937 22.0 60.862 50
151518 20.937 22.0 60.862 50
151549 20.937 22.0 60.8 50
151619 20.937 22.0 60.8 50
151650 20.937 22.0 60.8 50
151720 20.937 22.0 60.8 50
151751 20.937 22.0 60.737 50
151821 20.937 22.0 60.675 50
151851 20.937 22.0 60.612 50
151922 20.937 22.0 60.55 50
151952 20.937 22.0 60.425 50
152022 20.937 22.0 60.3 50
152053 20.937 22.0 60.175 50
152123 20.937 22.0 60.05 50
152153 20.937 22.0 59.925 0
152224 21.062 22.0 59.8 0
152254 21.062 22.0 59.737 0
152324 21.062 22.0 59.675 0
152355 21.062 22.0 59.675 0
152425 21.062 22.0 59.612 0
152456 20.937 22.0 59.612 0
152526 20.937 22.0 59.612 0
152556 20.937 22.0 59.612 0
152627 20.937 22.0 59.675 0
152657 20.937 22.0 59.675 0
152728 21.0 22.0 59.675 0
152758 21.0 22.0 59.675 0
152828 21.0 22.0 59.675 0
152859 21.0 22.0 59.612 0
152929 21.0 22.0 59.612 0
152959 21.062 22.0 59.612 0
153029 21.062 22.0 59.612 0
153059 21.062 22.0 59.612 0
153130 21.062 22.0 59.612 0
153200 21.062 22.0 59.612 0
153230 20.875 22.0 59.675 0
153301 20.875 22.0 59.675 0
153331 20.875 22.0 59.737 0
153402 20.875 22.0 59.8 0
153432 20.875 22.0 59.862 0
153502 20.75 22.0 59.925 0
153532 20.75 22.0 59.987 0
153602 20.75 22.0 60.112 50
153633 20.75 22.0 60.237 50
153703 20.75 22.0 60.3 50
153734 20.75 22.0 60.425 50
153804 20.75 22.0 60.487 50
153834 20.75 22.0 60.55 50
153905 20.75 22.0 60.612 50
153935 20.75 22.0 60.612 50
154006 20.562 22.0 60.612 50
154037 20.562 22.0 60.675 50
154107 20.562 22.0 60.675 50
154137 20.562 22.0 60.675 50
154208 20.562 22.0 60.737 50
154238 20.562 22.0 60.737 50
154308 20.562 22.0 60.737 50
154339 20.562 22.0 60.737 50
154409 20.562 22.0 60.737 50
154440 20.562 22.0 60.675 50
154510 20.625 22.0 60.675 50
154541 20.625 22.0 60.55 50
154611 20.625 22.0 60.425 50
154641 20.625 22.0 60.112 50
154712 20.625 22.0 59.55 0
154742 20.687 22.0 59.175 0
154812 20.687 22.0 58.862 0
154842 20.687 22.0 58.675 0
154913 20.687 22.0 58.425 0
154943 20.687 22.0 57.925 0
155013 20.875 22.0 57.237 0
155044 20.875 22.0 56.55 0
155114 20.875 22.0 56.112 0
155144 20.875 22.0 55.8 0
155214 20.875 22.0 55.612 0
155245 21.125 22.0 55.487 0
155316 21.125 22.0 55.362 0
155347 21.125 22.0 55.3 0
155417 21.125 22.0 55.3 0
155447 21.125 22.0 55.3 0
155517 21.062 22.0 55.362 0
155548 21.062 22.0 55.737 0
155618 21.062 22.0 56.237 0
155649 21.062 22.0 57.05 0
155719 21.062 22.0 58.112 0
155750 21.0 22.0 59.362 0
155820 21.0 22.0 60.737 50
155850 21.0 22.0 62.05 50
155921 21.0 22.0 63.362 50
155951 21.0 22.0 64.362 50
160021 20.812 22.0 65.112 50
160051 20.812 22.0 65.675 50
160122 20.812 22.0 66.05 50
160152 20.812 22.0 66.3 50
160222 20.812 22.0 66.487 50
160252 20.812 22.0 66.612 50
160323 20.812 22.0 66.737 50
160353 20.812 22.0 66.862 50
160423 20.812 22.0 66.925 50
160455 20.937 22.0 66.987 50
160525 20.937 22.0 67.05 50
160556 20.937 22.0 67.05 50
160626 20.937 22.0 67.05 50
160656 20.937 22.0 67.05 50
160727 21.125 22.0 66.987 50
160757 21.125 22.0 66.925 50
160827 21.125 22.0 66.862 50
160858 21.125 22.0 66.675 50
160928 21.125 22.0 66.237 50
160958 21.375 22.0 65.425 50
161028 21.375 22.0 64.362 50
161058 21.375 22.0 62.862 50
161129 21.375 22.0 61.237 50
161159 21.375 22.0 59.487 50
161230 21.375 22.0 57.862 50
161300 21.375 22.0 56.737 50
161330 21.375 22.0 55.8 50
161400 21.375 22.0 55.237 50
161430 21.375 22.0 54.862 50
161500 21.625 22.0 54.8 50
161530 21.625 22.0 54.925 50
161600 21.625 22.0 55.3 50
161631 21.625 22.0 55.862 50
161701 21.625 22.0 56.675 50
161731 21.75 22.0 57.612 50
161802 21.75 22.0 58.612 50
161832 21.75 22.0 59.675 50
161902 21.75 22.0 60.737 50
161933 21.75 22.0 61.737 50
162003 21.625 22.0 62.8 50
162034 21.625 22.0 63.612 50
162104 21.625 22.0 64.237 50
162134 21.625 22.0 64.675 50
162204 21.625 22.0 65.05 50
162235 21.687 22.0 65.362 50
162305 21.687 22.0 65.612 50
162336 21.687 22.0 65.8 50
162406 21.687 22.0 65.925 50
162436 21.687 22.0 66.05 50
162506 21.875 22.0 66.112 50
162537 21.875 22.0 66.175 50
162607 21.875 22.0 66.237 50
162637 21.875 22.0 66.3 50
162707 21.875 22.0 66.3 50
162738 21.687 22.0 66.3 50
162809 21.687 22.0 66.3 50
162839 21.687 22.0 66.237 50
162909 21.687 22.0 66.175 50
162939 21.687 22.0 66.05 50
163010 21.875 22.0 65.862 50
163040 21.875 22.0 65.55 50
163110 21.875 22.0 65.05 50
163140 21.875 22.0 64.425 50
163210 21.875 22.0 63.675 50
163240 22.125 22.0 62.862 0
163311 22.125 22.0 62.237 0
163341 22.125 22.0 61.737 0
163412 22.125 22.0 61.425 0
163442 22.125 22.0 61.237 0
163512 21.937 22.0 61.112 50
163543 21.937 22.0 60.925 50
163613 21.937 22.0 60.55 50
163643 21.937 22.0 60.05 50
163713 21.937 22.0 59.55 0
163744 22.0 22.0 59.112 0
163815 22.0 22.0 58.8 0
163845 22.0 22.0 58.612 0
163916 22.0 22.0 58.487 0
163946 22.0 22.0 58.425 0
164016 22.125 22.0 58.3 0
164046 22.125 22.0 58.3 0
164117 22.125 22.0 58.237 0
164147 22.125 22.0 58.237 0
164218 22.125 22.0 58.237 0
164248 21.937 22.0 58.175 0
164319 21.937 22.0 58.175 0
164349 21.937 22.0 58.175 0
164419 21.937 22.0 58.175 0
164450 21.937 22.0 58.175 0
164520 21.875 22.0 58.175 0
164551 21.875 22.0 58.112 0
164622 21.875 22.0 58.112 0
164652 21.875 22.0 58.05 0
164722 21.875 22.0 58.05 0
164752 21.937 22.0 57.987 0
164823 21.937 22.0 57.987 0
164853 21.937 22.0 57.925 0
164924 21.937 22.0 57.925 0
164954 21.937 22.0 57.925 0
165024 21.812 22.0 57.862 0
165054 21.812 22.0 57.862 0
165124 21.812 22.0 57.862 0
165154 21.812 22.0 57.862 0
165224 21.812 22.0 57.8 0
165255 21.625 22.0 57.8 0
165325 21.625 22.0 57.8 0
165356 21.625 22.0 57.8 0
165426 21.625 22.0 57.8 0
165456 21.625 22.0 57.8 0
165526 21.625 22.0 57.8 0
165557 21.625 22.0 57.8 0
165627 21.625 22.0 57.8 0
165658 21.625 22.0 57.737 0
165728 21.625 22.0 57.737 0
165758 21.625 22.0 57.737 0
165829 21.625 22.0 57.737 0
165859 21.625 22.0 57.737 0
165930 21.625 22.0 57.737 0
170003 21.5 22.0 57.737 0
170033 21.5 22.0 57.737 0
170104 21.5 22.0 57.737 0
170134 21.5 22.0 57.737 0
170205 21.5 22.0 57.737 0
170235 21.437 22.0 57.737 0
170305 21.437 22.0 57.737 0
170336 21.437 22.0 57.737 0
170406 21.437 22.0 57.675 0
170436 21.437 22.0 57.675 0
170506 21.25 22.0 57.55 0
170537 21.25 22.0 57.487 0
170607 21.25 22.0 57.3 0
170638 21.25 22.0 57.175 0
170708 21.25 22.0 57.112 0
170738 21.125 22.0 57.05 0
170809 21.125 22.0 56.987 0
170839 21.125 22.0 56.987 0
170909 21.125 22.0 56.987 0
170940 21.125 22.0 57.05 0
171010 21.125 22.0 57.112 0
171041 21.125 22.0 57.3 0
171111 21.125 22.0 57.675 0
171141 21.125 22.0 58.175 0
171211 21.125 22.0 58.8 0
171242 21.0 22.0 59.8 0
171313 21.0 22.0 60.862 50
171343 21.0 22.0 61.925 50
171413 21.0 22.0 62.987 50
171444 21.0 22.0 63.862 50
171514 20.875 22.0 64.487 50
171545 20.875 22.0 64.862 50
171616 20.875 22.0 65.175 50
171646 20.875 22.0 65.3 50
171716 20.875 22.0 65.487 50
171747 20.937 22.0 65.612 50
171817 20.937 22.0 65.675 50
171847 20.937 22.0 65.737 50
171917 20.937 22.0 65.8 50
171948 20.937 22.0 65.8 50
172018 21.187 22.0 65.8 50
172049 21.187 22.0 65.8 50
172119 21.187 22.0 65.8 50
172150 21.187 22.0 65.737 50
172220 21.187 22.0 65.675 50
172250 21.125 22.0 65.487 50
172321 21.125 22.0 64.987 50
172351 21.125 22.0 63.675 50
172421 21.125 22.0 61.925 50
172452 21.125 22.0 59.612 0
172522 21.25 22.0 57.362 0
172553 21.25 22.0 55.925 0
172623 21.25 22.0 55.05 0
172653 21.25 22.0 54.487 0
172724 21.25 22.0 54.237 0
172754 21.437 22.0 53.925 0
172824 21.437 22.0 53.862 0
172854 21.437 22.0 53.8 0
172924 21.437 22.0 53.925 0
172954 21.437 22.0 54.3 0
173025 21.5 22.0 54.737 0
173055 21.5 22.0 55.425 0
173125 21.5 22.0 56.3 0
173156 21.5 22.0 57.362 0
173226 21.5 22.0 58.55 0
173257 21.437 22.0 59.862 0
173327 21.437 22.0 61.175 50
173357 21.437 22.0 62.425 50
173427 21.437 22.0 63.55 50
173458 21.437 22.0 64.487 50
173528 21.437 22.0 65.112 50
173559 21.437 22.0 65.612 50
173629 21.437 22.0 65.925 50
173700 21.437 22.0 66.112 50
173730 21.437 22.0 66.3 50
173800 21.562 22.0 66.425 50
173831 21.562 22.0 66.487 50
173901 21.562 22.0 66.612 50
173931 21.562 22.0 66.675 50
174001 21.562 22.0 66.737 50
174031 21.75 22.0 66.737 50
174101 21.75 22.0 66.737 50
174132 21.75 22.0 66.737 50
174202 21.75 22.0 66.737 50
174232 21.75 22.0 66.675 50
174303 22.062 22.0 66.612 0
174333 22.062 22.0 66.612 0
174403 22.062 22.0 66.55 0
174433 22.062 22.0 66.487 0
174503 22.062 22.0 66.425 0
174533 22.125 22.0 66.425 0
174604 22.125 22.0 66.362 0
174634 22.125 22.0 66.362 0
174704 22.125 22.0 66.3 0
174735 22.125 22.0 66.175 0
174805 22.062 22.0 66.05 0
174836 22.062 22.0 65.925 0
174906 22.062 22.0 65.862 0
174937 22.062 22.0 65.8 0
175007 22.062 22.0 65.737 0
175037 22.125 22.0 65.675 0
175108 22.125 22.0 65.612 0
175138 22.125 22.0 65.55 0
175208 22.125 22.0 65.55 0
175238 22.125 22.0 65.487 0
175309 22.187 22.0 65.425 0
175339 22.187 22.0 65.362 0
175409 22.187 22.0 65.362 0
175440 22.187 22.0 65.3 0
175513 22.062 22.0 65.237 0
175543 22.062 22.0 65.175 0
175613 22.062 22.0 65.175 0
175643 22.062 22.0 65.112 0
175714 22.062 22.0 65.05 0
175744 22.125 22.0 65.05 0
175814 22.125 22.0 64.987 0
175845 22.125 22.0 64.925 0
175916 22.125 22.0 64.862 0
175946 22.125 22.0 64.862 0
180016 22.062 22.0 64.8 0
180047 22.062 22.0 64.737 0
180117 22.062 22.0 64.737 0
180148 22.062 22.0 64.675 0
180218 22.062 22.0 64.612 0
180248 21.812 22.0 64.612 50
180319 21.812 22.0 64.487 50
180349 21.812 22.0 64.3 50
180420 21.812 22.0 63.737 50
180450 21.812 22.0 62.987 50
180521 21.875 22.0 62.112 50
180552 21.875 22.0 61.362 50
180622 21.875 22.0 60.737 50
180652 21.875 22.0 60.3 50
180723 21.875 22.0 59.987 0
180754 22.0 22.0 59.737 0
180824 22.0 22.0 59.612 0
180855 22.0 22.0 59.487 0
180925 22.0 22.0 59.425 0
180955 22.0 22.0 59.362 0
181026 21.875 22.0 59.3 0
181057 21.875 22.0 59.3 0
181128 21.875 22.0 59.237 0
181158 21.875 22.0 59.237 0
181228 21.875 22.0 59.237 0
181258 21.937 22.0 59.175 0
181328 21.937 22.0 59.175 0
181359 21.937 22.0 59.175 0
181429 21.937 22.0 59.112 0
181459 21.937 22.0 59.175 0
181529 22.125 22.0 59.175 0
181600 22.125 22.0 59.112 0
181630 22.125 22.0 59.112 0
181701 22.125 22.0 59.112 0
181731 22.125 22.0 59.112 0
181801 21.937 22.0 59.112 0
181831 21.937 22.0 59.112 0
181902 21.937 22.0 59.112 0
181932 21.937 22.0 59.112 0
182003 21.937 22.0 59.112 0
182033 21.875 22.0 59.112 0
182104 21.875 22.0 59.112 0
182134 21.875 22.0 59.112 0
182205 21.875 22.0 59.112 0
182235 21.875 22.0 59.112 0
182305 21.875 22.0 59.112 0
182336 21.875 22.0 59.112 0
182406 21.875 22.0 59.112 0
182437 21.875 22.0 59.112 0
182507 21.875 22.0 59.112 0
182537 21.812 22.0 59.112 0
182608 21.812 22.0 59.112 0
182638 21.812 22.0 59.112 0
182709 21.812 22.0 59.112 0
182739 21.812 22.0 59.112 0
182810 21.75 22.0 59.112 0
182840 21.75 22.0 59.112 0
182911 21.75 22.0 59.112 0
182942 21.75 22.0 59.112 0
183012 21.75 22.0 59.112 0
183042 21.625 22.0 59.112 0
183113 21.625 22.0 59.112 0
183144 21.625 22.0 59.05 0
183214 21.625 22.0 59.05 0
183244 21.625 22.0 59.05 0
183314 21.562 22.0 58.987 0
183345 21.562 22.0 58.987 0
183415 21.562 22.0 58.987 0
183445 21.562 22.0 58.925 0
183516 21.562 22.0 58.925 0
183546 21.5 22.0 58.925 0
183617 21.5 22.0 58.925 0
183647 21.5 22.0 58.987 0
183718 21.5 22.0 59.05 0
183751 21.437 22.0 59.112 0
183821 21.437 22.0 59.175 0
183851 21.437 22.0 59.237 0
183922 21.437 22.0 59.237 0
183952 21.437 22.0 59.237 0
184022 21.437 22.0 59.3 0
184053 21.437 22.0 59.3 0
184123 21.437 22.0 59.3 0
184154 21.437 22.0 59.3 0
184224 21.437 22.0 59.3 0
184254 21.312 22.0 59.3 0
184325 21.312 22.0 59.3 0
184355 21.312 22.0 59.3 0
184425 21.312 22.0 59.3 0
184456 21.312 22.0 59.3 0
184526 21.25 22.0 59.3 0
184556 21.25 22.0 59.3 0
184626 21.25 22.0 59.237 0
184657 21.25 22.0 59.237 0
184727 21.25 22.0 59.237 0
184757 21.25 22.0 59.237 0
184828 21.25 22.0 59.237 0
184858 21.25 22.0 59.237 0
184928 21.25 22.0 59.237 0
184959 21.25 22.0 59.175 0
185029 21.125 22.0 59.175 0
185059 21.125 22.0 59.175 0
185129 21.125 22.0 59.175 0
185200 21.125 22.0 59.112 0
185230 21.125 22.0 59.05 0
185300 20.937 22.0 58.987 0
185330 20.937 22.0 58.925 0
185401 20.937 22.0 58.925 0
185431 20.937 22.0 58.925 0
185501 20.937 22.0 58.925 0
185531 20.937 22.0 58.862 0
185602 20.937 22.0 58.862 0
185632 20.937 22.0 58.862 0
185702 20.937 22.0 58.862 0
185732 20.937 22.0 58.862 0
185802 21.0 22.0 58.862 0
185832 21.0 22.0 58.862 0
185902 21.0 22.0 58.862 0
185933 21.0 22.0 58.862 0
190003 21.0 22.0 58.862 0
190033 20.937 22.0 58.862 0
190104 20.937 22.0 58.862 0
190134 20.937 22.0 58.862 0
190204 20.937 22.0 58.925 0
190234 20.937 22.0 58.925 0
190304 20.875 22.0 58.925 0
190334 20.875 22.0 58.925 0
190404 20.875 22.0 58.925 0
190435 20.875 22.0 58.925 0
190505 20.875 22.0 58.987 0
190536 20.812 22.0 58.987 0
190607 20.812 22.0 58.987 0
190638 20.812 22.0 58.987 0
190709 20.812 22.0 58.987 0
190739 20.812 22.0 58.987 0
190809 20.812 22.0 58.987 0
190839 20.812 22.0 59.05 0
190910 20.812 22.0 59.05 0
190940 20.812 22.0 59.112 0
191010 20.812 22.0 59.112 0
191040 20.812 22.0 59.175 0
191110 20.812 22.0 59.175 0
191141 20.812 22.0 59.237 0
191211 20.812 22.0 59.237 0
191242 20.812 22.0 59.3 0
191312 20.75 22.0 59.3 0
191343 20.75 22.0 59.3 0
191413 20.75 22.0 59.362 0
191443 20.75 22.0 59.362 0
191513 20.75 22.0 59.362 0
191543 20.75 22.0 59.362 0
191613 20.75 22.0 59.362 0
191644 20.75 22.0 59.362 0
191714 20.75 22.0 59.362 0
191744 20.75 22.0 59.362 0
191815 20.75 22.0 59.362 50
191845 20.75 22.0 59.425 50
191915 20.75 22.0 59.425 50
191946 20.75 22.0 59.425 50
192016 20.75 22.0 59.425 50
192046 20.687 22.0 59.425 50
192116 20.687 22.0 59.425 50
192146 20.687 22.0 59.425 50
192216 20.687 22.0 59.362 50
192246 20.687 22.0 59.362 50
192317 20.75 22.0 59.3 50
192347 20.75 22.0 59.3 50
192417 20.75 22.0 59.237 50
192448 20.75 22.0 59.175 50
192518 20.75 22.0 59.05 50
192548 20.875 22.0 58.925 50
192619 20.875 22.0 58.675 50
192649 20.875 22.0 58.3 50
192719 20.875 22.0 57.675 50
192750 20.875 22.0 56.737 50
192820 21.062 22.0 55.425 50
192850 21.062 22.0 53.8 0
192921 21.062 22.0 52.175 0
192951 21.062 22.0 51.05 0
193022 21.062 22.0 50.3 0
193052 21.187 22.0 49.8 0
193122 21.187 22.0 48.987 0
193152 21.187 22.0 47.862 0
193223 21.187 22.0 46.925 0
193254 21.187 22.0 46.3 0
193324 21.312 22.0 46.112 0
193355 21.312 22.0 46.362 0
193425 21.312 22.0 47.05 0
193455 21.312 22.0 47.862 0
193528 21.437 22.0 48.925 0
193558 21.437 22.0 50.05 0
193628 21.437 22.0 51.175 0
193658 21.437 22.0 52.3 0
193728 21.437 22.0 53.3 0
193759 21.375 22.0 54.362 50
193829 21.375 22.0 55.55 50
193859 21.375 22.0 56.8 50
193930 21.375 22.0 57.987 50
194000 21.375 22.0 58.987 50
194030 21.375 22.0 59.925 50
194100 21.375 22.0 60.8 50
194130 21.375 22.0 61.55 50
194200 21.375 22.0 62.3 50
194231 21.375 22.0 62.987 50
194301 21.437 22.0 63.362 50
194331 21.437 22.0 63.675 50
194402 21.437 22.0 63.925 50
194432 21.437 22.0 64.112 50
194502 21.437 22.0 64.237 50
194532 21.375 22.0 64.3 50
194603 21.375 22.0 64.362 50
194633 21.375 22.0 64.425 50
194703 21.375 22.0 64.425 50
194733 21.375 22.0 64.362 50
194803 21.5 22.0 64.3 50
194834 21.5 22.0 64.237 50
194904 21.5 22.0 64.112 50
194934 21.5 22.0 63.987 50
195004 21.5 22.0 63.675 50
195034 21.687 22.0 63.237 50
195104 21.687 22.0 62.612 50
195135 21.687 22.0 61.612 50
195205 21.687 22.0 60.362 50
195235 21.687 22.0 58.675 50
195306 21.625 22.0 56.987 50
195336 21.625 22.0 55.55 50
195407 21.625 22.0 54.55 50
195437 21.625 22.0 53.862 0
195507 21.625 22.0 53.487 0
195538 21.625 22.0 53.362 0
195608 21.625 22.0 53.487 0
195638 21.625 22.0 53.862 0
195708 21.625 22.0 54.487 50
195738 21.625 22.0 55.362 50
195809 21.562 22.0 56.362 50
195839 21.562 22.0 57.362 50
195910 21.562 22.0 58.425 50
195940 21.562 22.0 59.487 50
200010 21.562 22.0 60.487 50
200040 21.562 22.0 61.425 50
200110 21.562 22.0 62.3 50
200140 21.562 22.0 63.05 50
200210 21.562 22.0 63.55 50
200241 21.562 22.0 63.987 50
200311 21.812 22.0 64.3 50
200341 21.812 22.0 64.487 50
200412 21.812 22.0 64.675 50
200442 21.812 22.0 64.737 50
200512 21.812 22.0 64.862 50
200543 21.75 22.0 64.925 50
200613 21.75 22.0 64.987 50
200644 21.75 22.0 64.987 50
200714 21.75 22.0 64.987 50
200745 21.75 22.0 64.987 50
200815 21.75 22.0 64.925 50
200845 21.75 22.0 64.862 50
200916 21.75 22.0 64.8 50
200946 21.75 22.0 64.675 50
201016 21.75 22.0 64.425 50
201046 21.687 22.0 64.05 50
201116 21.687 22.0 63.55 50
201147 21.687 22.0 62.737 50
201217 21.687 22.0 61.8 50
201247 21.687 22.0 60.8 50
201317 21.687 22.0 59.8 50
201348 21.687 22.0 58.862 50
201418 21.687 22.0 57.987 50
201448 21.687 22.0 57.237 50
201518 21.687 22.0 56.675 50
201549 21.937 22.0 56.237 50
201620 21.937 22.0 55.862 50
201650 21.937 22.0 55.612 50
201720 21.937 22.0 55.487 50
201751 21.937 22.0 55.612 50
201822 22.125 22.0 55.925 0
201852 22.125 22.0 56.362 0
201923 22.125 22.0 56.987 0
201953 22.125 22.0 57.8 0
202023 22.125 22.0 58.737 0
202054 22.0 22.0 59.8 0
202124 22.0 22.0 60.862 0
202154 22.0 22.0 61.987 0
202224 22.0 22.0 63.175 0
202255 22.0 22.0 64.112 0
202326 21.875 22.0 64.862 50
202356 21.875 22.0 65.362 50
202427 21.875 22.0 65.8 50
202457 21.875 22.0 66.112 50
202527 21.875 22.0 66.3 50
202558 21.875 22.0 66.425 50
202628 21.875 22.0 66.55 50
202658 21.875 22.0 66.612 50
202728 21.875 22.0 66.675 50
202758 21.875 22.0 66.675 50
202829 22.062 22.0 66.737 0
202859 22.062 22.0 66.737 0
202929 22.062 22.0 66.8 0
203000 22.062 22.0 66.8 0
203030 22.062 22.0 66.862 0
203100 22.0 22.0 66.862 0
203130 22.0 22.0 66.862 0
203201 22.0 22.0 66.925 0
203231 22.0 22.0 66.925 0
203301 22.0 22.0 66.925 0
203332 22.062 22.0 66.925 0
203402 22.062 22.0 66.925 0
203433 22.062 22.0 66.925 0
203504 22.062 22.0 66.925 0
203534 22.062 22.0 66.987 0
203604 22.187 22.0 66.987 0
203634 22.187 22.0 66.987 0
203705 22.187 22.0 66.987 0
203735 22.187 22.0 66.987 0
203805 22.187 22.0 66.987 0
203835 22.062 22.0 66.987 0
203906 22.062 22.0 66.987 0
203936 22.062 22.0 66.987 0
204006 22.062 22.0 66.987 0
204038 22.0 22.0 66.925 0
204109 22.0 22.0 66.925 0
204139 22.0 22.0 66.925 0
204210 22.0 22.0 66.925 0
204241 22.0 22.0 66.925 0
204311 22.062 22.0 66.925 0
204342 22.062 22.0 66.862 0
204413 22.062 22.0 66.862 0
204443 22.062 22.0 66.862 0
204514 22.062 22.0 66.862 0
204544 22.125 22.0 66.862 0
204614 22.125 22.0 66.862 0
204644 22.125 22.0 66.862 0
204714 22.125 22.0 66.862 0
204745 22.125 22.0 66.862 0
204815 22.125 22.0 66.8 0
204845 22.125 22.0 66.8 0
204916 22.125 22.0 66.8 0
204946 22.125 22.0 66.8 0
205016 22.125 22.0 66.8 0
205047 22.187 22.0 66.8 0
205117 22.187 22.0 66.737 0
205147 22.187 22.0 66.737 0
205218 22.187 22.0 66.737 0
205248 22.187 22.0 66.737 0
205319 22.187 22.0 66.737 0
205349 22.187 22.0 66.737 0
205419 22.187 22.0 66.675 0
205449 22.187 22.0 66.675 0
205519 22.187 22.0 66.675 0
205549 22.187 22.0 66.675 0
205620 22.187 22.0 66.675 0
205650 22.187 22.0 66.612 0
205720 22.187 22.0 66.612 0
205750 22.187 22.0 66.612 0
205821 22.25 22.0 66.612 0
205851 22.25 22.0 66.612 0
205922 22.25 22.0 66.55 0
205952 22.25 22.0 66.55 0
210022 22.25 22.0 66.55 0
210052 22.062 22.0 66.55 0
210122 22.062 22.0 66.487 0
210152 22.062 22.0 66.487 0
210223 22.062 22.0 66.487 0
210253 22.062 22.0 66.425 0
210324 21.937 22.0 66.425 50
210354 21.937 22.0 66.362 50
210424 21.937 22.0 66.3 50
210455 21.937 22.0 66.237 50
210525 21.937 22.0 66.112 50
210555 22.0 22.0 65.862 50
210626 22.0 22.0 65.55 50
210656 22.0 22.0 65.175 50
210727 22.0 22.0 64.675 50
210757 22.0 22.0 64.175 50
210827 22.062 22.0 63.675 0
210858 22.062 22.0 63.3 0
210928 22.062 22.0 63.05 0
210958 22.062 22.0 62.862 0
211029 22.062 22.0 62.675 0
211059 22.25 22.0 62.612 0
211130 22.25 22.0 62.55 0
211200 22.25 22.0 62.425 0
211231 22.25 22.0 62.425 0
211301 22.25 22.0 62.362 0
211331 22.25 22.0 62.362 0
211401 22.25 22.0 62.3 0
211432 22.25 22.0 62.3 0
211502 22.25 22.0 62.237 0
211532 22.25 22.0 62.175 0
211603 22.25 22.0 62.175 0
211633 22.25 22.0 62.112 0
211703 22.25 22.0 62.112 0
211733 22.25 22.0 62.05 0
211803 22.25 22.0 62.05 0
211833 22.312 22.0 61.987 0
211903 22.312 22.0 61.987 0
211933 22.312 22.0 61.925 0
212004 22.312 22.0 61.925 0
212035 22.312 22.0 61.862 0
212105 22.312 22.0 61.862 0
212136 22.312 22.0 61.862 0
212207 22.312 22.0 61.8 0
212238 22.312 22.0 61.8 0
212308 22.312 22.0 61.737 0
212338 22.312 22.0 61.737 0
212408 22.312 22.0 61.737 0
212438 22.312 22.0 61.737 0
212508 22.312 22.0 61.8 0
212539 22.312 22.0 61.862 0
212609 22.25 22.0 61.862 0
212640 22.25 22.0 61.925 0
212710 22.25 22.0 61.925 0
212740 22.25 22.0 61.862 0
212810 22.25 22.0 61.862 0
212840 22.187 22.0 61.862 0
212911 22.187 22.0 61.862 0
212941 22.187 22.0 61.8 0
213011 22.187 22.0 61.8 0
213042 22.187 22.0 61.8 0
213112 22.125 22.0 61.737 0
213142 22.125 22.0 61.737 0
213213 22.125 22.0 61.737 0
213243 22.125 22.0 61.737 0
213314 22.125 22.0 61.675 0
213344 22.125 22.0 61.675 0
213415 22.125 22.0 61.675 0
213445 22.125 22.0 61.612 0
213515 22.125 22.0 61.612 0
213548 22.125 22.0 61.612 0
213618 22.125 22.0 61.55 0
213649 22.125 22.0 61.55 0
213719 22.125 22.0 61.55 0
213749 22.125 22.0 61.487 0
213819 22.062 22.0 61.487 0
213850 22.062 22.0 61.425 0
213920 22.062 22.0 61.425 0
213951 22.062 22.0 61.425 0
214021 22.062 22.0 61.362 0
214052 22.0 22.0 61.362 0
214122 22.0 22.0 61.362 0
214152 22.0 22.0 61.3 0
214222 22.0 22.0 61.3 0
214253 22.0 22.0 61.237 0
214323 22.0 22.0 61.237 0
214354 22.0 22.0 61.237 0
214424 22.0 22.0 61.175 0
214455 22.0 22.0 61.175 0
214525 22.0 22.0 61.112 0
214555 21.937 22.0 61.112 50
214626 21.937 22.0 61.05 50
214656 21.937 22.0 61.05 50
214726 21.937 22.0 60.925 50
214757 21.937 22.0 60.737 50
214827 21.812 22.0 60.237 50
214858 21.812 22.0 59.487 0
214928 21.812 22.0 58.612 0
214958 21.812 22.0 57.925 0
215029 21.812 22.0 57.362 0
215059 21.812 22.0 57.05 0
215129 21.812 22.0 56.862 0
215200 21.812 22.0 56.675 0
215230 21.812 22.0 56.55 0
215301 21.812 22.0 56.487 0
215331 21.937 22.0 56.487 0
215402 21.937 22.0 56.487 0
215433 21.937 22.0 56.487 0
215503 21.937 22.0 56.55 0
215534 21.937 22.0 56.737 0
215604 21.875 22.0 56.987 0
215635 21.875 22.0 57.362 0
215705 21.875 22.0 57.8 0
215735 21.875 22.0 58.3 0
215806 21.875 22.0 58.987 0
215837 21.812 22.0 59.737 0
215907 21.812 22.0 60.55 50
215937 21.812 22.0 61.55 50
220008 21.812 22.0 62.487 50
220038 21.812 22.0 63.237 50
220108 21.75 22.0 63.8 50
220139 21.75 21.0 64.175 50
220209 21.75 21.0 64.425 0
220239 21.75 21.0 64.675 0
220310 21.75 21.0 64.862 0
220340 21.75 21.0 64.987 0
220411 21.75 21.0 65.05 0
220441 21.75 21.0 65.112 0
220512 21.75 21.0 65.175 0
220542 21.75 21.0 65.237 0
220612 21.812 21.0 65.237 0
220642 21.812 21.0 65.3 0
220712 21.812 21.0 65.3 0
220743 21.812 21.0 65.362 0
220814 21.812 21.0 65.362 0
220844 21.75 21.0 65.362 0
220914 21.75 21.0 65.425 0
220944 21.75 21.0 65.425 0
221015 21.75 21.0 65.425 0
221046 21.75 21.0 65.425 0
221116 21.687 21.0 65.425 0
221146 21.687 21.0 65.425 0
221217 21.687 21.0 65.425 0
221247 21.687 21.0 65.425 0
221317 21.687 21.0 65.425 0
221348 21.562 21.0 65.425 0
221418 21.562 21.0 65.425 0
221449 21.562 21.0 65.425 0
221519 21.562 21.0 65.425 0
221550 21.562 21.0 65.425 0
221621 21.5 21.0 65.425 0
221651 21.5 21.0 65.425 0
221722 21.5 21.0 65.425 0
221752 21.5 21.0 65.425 0
221825 21.375 21.0 65.425 0
221855 21.375 21.0 65.425 0
221926 21.375 21.0 65.425 0
221956 21.375 21.0 65.425 0
222027 21.375 21.0 65.425 0
222058 21.312 21.0 65.425 0
222128 21.312 21.0 65.425 0
222159 21.312 21.0 65.425 0
222230 21.312 21.0 65.425 0
222300 21.312 21.0 65.425 0
222330 21.25 21.0 65.425 0
222401 21.25 21.0 65.425 0
222431 21.25 21.0 65.425 0
222502 21.25 21.0 65.425 0
222533 21.25 21.0 65.425 0
222603 21.187 21.0 65.425 0
222633 21.187 21.0 65.425 0
222704 21.187 21.0 65.425 0
222734 21.187 21.0 65.425 0
222804 21.187 21.0 65.362 0
222834 21.062 21.0 65.362 0
222905 21.062 21.0 65.362 0
222935 21.062 21.0 65.362 0
223005 21.062 21.0 65.362 0
223035 21.062 21.0 65.362 0
223106 21.062 21.0 65.362 0
223137 21.062 21.0 65.362 0
223207 21.062 21.0 65.362 0
223237 21.062 21.0 65.3 0
223307 21.062 21.0 65.3 0
223338 21.0 21.0 65.3 0
223409 21.0 21.0 65.237 0
223439 21.0 21.0 65.237 0
223510 21.0 21.0 65.237 0
223540 21.0 21.0 65.175 0
223610 20.937 21.0 65.175 50
223641 20.937 21.0 65.175 50
223711 20.937 21.0 65.175 50
223741 20.937 21.0 65.112 50
223812 20.937 21.0 65.05 50
223842 20.937 21.0 64.987 50
223913 20.937 21.0 64.925 50
223943 20.937 21.0 64.8 50
224014 20.937 21.0 64.612 50
224044 20.937 21.0 64.362 50
224114 21.0 21.0 64.05 50
224144 21.0 21.0 63.55 50
224214 21.0 21.0 62.987 50
224245 21.0 21.0 62.175 50
224315 21.0 21.0 61.362 50
224345 21.125 21.0 60.55 0
224415 21.125 21.0 59.862 0
224445 21.125 21.0 59.362 0
224516 21.125 21.0 59.05 0
224546 21.125 21.0 58.8 0
224616 21.312 21.0 58.675 0
224647 21.312 21.0 58.55 0
224718 21.312 21.0 58.487 0
224749 21.312 21.0 58.425 0
224819 21.312 21.0 58.362 0
224850 21.437 21.0 58.3 0
224920 21.437 21.0 58.3 0
224951 21.437 21.0 58.237 0
225021 21.437 21.0 58.175 0
225051 21.437 21.0 58.175 0
225122 21.5 21.0 58.112 0
225152 21.5 21.0 58.05 0
225222 21.5 21.0 58.05 0
225253 21.5 21.0 57.987 0
225323 21.5 21.0 57.925 0
225354 21.5 21.0 57.862 0
225424 21.5 21.0 57.737 0
225454 21.5 21.0 57.425 0
225525 21.5 21.0 56.987 0
225555 21.5 21.0 56.362 0
225625 21.5 21.0 55.8 0
225655 21.5 21.0 55.425 0
225726 21.5 21.0 55.175 0
225756 21.5 21.0 54.987 0
225826 21.5 21.0 54.862 0
225857 21.437 21.0 54.8 0
225927 21.437 21.0 54.737 0
225958 21.437 21.0 54.737 0
230028 21.437 10.0 54.737 0
230058 21.437 10.0 54.737 0
230128 21.375 10.0 54.8 0
230159 21.375 10.0 54.925 0
230229 21.375 10.0 55.05 0
230300 21.375 10.0 55.175 0
230333 21.375 10.0 55.487 0
230403 21.375 10.0 55.987 0
230433 21.375 10.0 56.612 0
230504 21.375 10.0 57.55 0
230534 21.375 10.0 58.425 0
230604 21.312 10.0 59.425 0
230635 21.312 10.0 60.55 0
230705 21.312 10.0 61.737 0
230735 21.312 10.0 62.925 0
230806 21.312 10.0 63.925 0
230836 21.25 10.0 64.675 0
230907 21.25 10.0 65.362 0
230937 21.25 10.0 65.862 0
231008 21.25 10.0 66.237 0
231038 21.25 10.0 66.612 0
231108 21.187 10.0 66.862 0
231138 21.187 10.0 67.112 0
231208 21.187 10.0 67.362 0
231239 21.187 10.0 67.487 0
231309 21.187 10.0 67.612 0
231339 21.125 10.0 67.737 0
231409 21.125 10.0 67.8 0
231440 21.125 10.0 67.925 0
231510 21.125 10.0 68.05 0
231541 21.125 10.0 68.112 0
231611 21.062 10.0 68.175 0
231642 21.062 10.0 68.237 0
231713 21.062 10.0 68.3 0
231743 21.062 10.0 68.3 0
231813 21.062 10.0 68.362 0
231844 21.0 10.0 68.425 0
231914 21.0 10.0 68.425 0
231944 21.0 10.0 68.487 0
232014 21.0 10.0 68.487 0
232045 21.0 10.0 68.487 0
232115 21.0 10.0 68.487 0
232146 21.0 10.0 68.55 0
232216 21.0 10.0 68.55 0
232247 21.0 10.0 68.55 0
232317 21.0 10.0 68.55 0
232347 20.937 10.0 68.612 0
232417 20.937 10.0 68.612 0
232447 20.937 10.0 68.612 0
232518 20.937 10.0 68.612 0
232548 20.937 10.0 68.675 0
232618 20.937 10.0 68.675 0
232649 20.937 10.0 68.675 0
232719 20.937 10.0 68.675 0
232750 20.937 10.0 68.675 0
232820 20.937 10.0 68.675 0
232851 20.937 10.0 68.737 0
232921 20.937 10.0 68.737 0
232952 20.937 10.0 68.737 0
233023 20.937 10.0 68.737 0
233053 20.937 10.0 68.737 0
233124 20.875 10.0 68.737 0
233154 20.875 10.0 68.737 0
233225 20.875 10.0 68.737 0
233256 20.875 10.0 68.737 0
233326 20.875 10.0 68.8 0
233357 20.875 10.0 68.8 0
233427 20.875 10.0 68.8 0
233458 20.875 10.0 68.8 0
233528 20.875 10.0 68.8 0
233558 20.875 10.0 68.862 0
233629 20.812 10.0 68.862 0
233659 20.812 10.0 68.862 0
233729 20.812 10.0 68.862 0
233800 20.812 10.0 68.862 0
233831 20.812 10.0 68.862 0
233901 20.812 10.0 68.925 0
233932 20.812 10.0 68.925 0
234003 20.812 10.0 68.925 0
234033 20.812 10.0 68.925 0
234103 20.812 10.0 68.925 0
234133 20.812 10.0 68.925 0
234203 20.812 10.0 68.925 0
234233 20.812 10.0 68.925 0
234304 20.812 10.0 68.925 0
234335 20.812 10.0 68.925 0
234405 20.812 10.0 68.925 0
234435 20.812 10.0 68.925 0
234506 20.812 10.0 68.925 0
234537 20.812 10.0 68.925 0
234607 20.812 10.0 68.925 0
234637 20.75 10.0 68.925 0
234708 20.75 10.0 68.925 0
234738 20.75 10.0 68.925 0
234808 20.75 10.0 68.925 0
234841 20.75 10.0 68.925 0
234911 20.75 10.0 68.925 0
234942 20.75 10.0 68.925 0
235013 20.75 10.0 68.925 0
235043 20.75 10.0 68.925 0
235113 20.75 10.0 68.925 0
235143 20.75 10.0 68.925 0
235214 20.75 10.0 68.925 0
235244 20.75 10.0 68.925 0
235315 20.75 10.0 68.925 0
235345 20.75 10.0 68.925 0
235415 20.75 10.0 68.925 0
235445 20.75 10.0 68.862 0
235515 20.75 10.0 68.862 0
235546 20.75 10.0 68.862 0
235616 20.687 10.0 68.862 0
235646 20.687 10.0 68.862 0
235716 20.687 10.0 68.862 0
235746 20.687 10.0 68.8 0
235817 20.687 10.0 68.8 0
235848 20.687 10.0 68.8 0
