235911 17.25 10.0 59.05 0
235942 17.25 10.0 59.05 0
000012 17.25 10.0 58.925 0
000043 17.187 10.0 58.925 0
000113 17.187 10.0 58.925 0
000143 17.187 10.0 58.8 0
000214 17.187 10.0 58.862 0
000244 17.187 10.0 58.862 0
000314 17.187 10.0 58.862 0
000345 17.187 10.0 58.675 0
000415 17.187 10.0 58.737 0
000445 17.187 10.0 58.737 0
000516 17.187 10.0 58.737 0
000546 17.187 10.0 58.737 0
000617 17.187 10.0 58.675 0
000647 17.187 10.0 58.675 0
000718 17.187 10.0 58.612 0
000748 17.187 10.0 58.487 0
000818 17.125 10.0 58.425 0
000849 17.125 10.0 58.362 0
000919 17.125 10.0 58.362 0
000949 17.125 10.0 58.3 0
001020 17.125 10.0 58.3 0
001050 17.125 10.0 58.237 0
001121 17.125 10.0 58.237 0
001151 17.125 10.0 58.237 0
001221 17.125 10.0 58.175 0
001251 17.125 10.0 58.175 0
001321 17.125 10.0 58.175 0
001352 17.125 10.0 58.112 0
001423 17.125 10.0 58.112 0
001453 17.125 10.0 58.112 0
001523 17.125 10.0 58.05 0
001553 17.062 10.0 58.05 0
001624 17.062 10.0 58.05 0
001654 17.062 10.0 58.05 0
001724 17.062 10.0 58.05 0
001755 17.062 10.0 57.987 0
001825 17.062 10.0 57.987 0
001855 17.062 10.0 57.987 0
001926 17.062 10.0 57.925 0
001957 17.062 10.0 57.925 0
002027 17.062 10.0 57.925 0
002057 17.062 10.0 57.862 0
002127 17.062 10.0 57.862 0
002158 17.062 10.0 57.862 0
002229 17.062 10.0 57.8 0
002259 17.062 10.0 57.8 0
002330 17.062 10.0 57.8 0
002401 17.062 10.0 57.737 0
002432 17.062 10.0 57.737 0
002502 17.062 10.0 57.737 0
002533 17.062 10.0 57.675 0
002603 17.0 10.0 57.675 0
002633 17.0 10.0 57.675 0
002704 17.0 10.0 57.612 0
002734 17.0 10.0 57.612 0
002804 17.0 10.0 57.612 0
002835 17.0 10.0 57.55 0
002905 17.0 10.0 57.487 0
002935 17.0 10.0 57.425 0
003005 17.0 10.0 57.362 0
003036 17.0 10.0 57.362 0
003107 17.0 10.0 57.3 0
003137 17.0 10.0 57.3 0
003207 17.0 10.0 57.237 0
003238 17.0 10.0 57.237 0
003308 17.0 10.0 57.175 0
003339 16.937 10.0 57.175 0
003409 16.937 10.0 57.112 0
003439 16.937 10.0 57.112 0
003510 16.937 10.0 57.05 0
003542 16.937 10.0 56.987 0
003612 16.937 10.0 56.987 0
003642 16.937 10.0 56.987 0
003713 16.937 10.0 56.987 0
003743 16.937 10.0 56.925 0
003814 16.937 10.0 56.925 0
003844 16.937 10.0 56.925 0
003915 16.937 10.0 56.987 0
003945 16.937 10.0 57.05 0
004015 16.937 10.0 57.3 0
004045 16.875 10.0 57.737 0
004116 16.875 10.0 58.55 0
004146 16.875 10.0 59.425 0
004217 16.875 10.0 60.487 0
004247 16.875 10.0 61.55 0
004317 16.875 10.0 62.675 0
004348 16.875 10.0 63.675 0
004418 16.875 10.0 64.425 0
004448 16.875 10.0 65.112 0
004519 16.875 10.0 65.55 0
004550 16.875 10.0 65.925 0
004621 16.875 10.0 66.175 0
004652 16.875 10.0 66.425 0
004722 16.875 10.0 66.55 0
004752 16.875 10.0 66.737 0
004822 16.875 10.0 66.8 0
004852 16.875 10.0 66.925 0
004923 16.875 10.0 66.987 0
004953 16.875 10.0 67.05 0
005023 16.875 10.0 67.112 0
005054 16.875 10.0 67.175 0
005125 16.875 10.0 67.237 0
005155 16.875 10.0 67.237 0
005226 16.875 10.0 67.237 0
005256 16.875 10.0 67.3 0
005326 16.812 10.0 67.3 0
005356 16.812 10.0 67.3 0
005427 16.812 10.0 67.3 0
005458 16.812 10.0 67.3 0
005528 16.812 10.0 67.362 0
005558 16.812 10.0 67.425 0
005629 16.812 10.0 67.362 0
005700 16.812 10.0 67.425 0
005730 16.812 10.0 67.425 0
005800 16.812 10.0 67.237 0
005830 16.812 10.0 67.3 0
005900 16.812 10.0 67.425 0
005930 16.812 10.0 67.425 0
010001 16.812 10.0 67.425 0
010031 16.812 10.0 67.362 0
010102 16.812 10.0 67.425 0
010133 16.812 10.0 67.425 0
010203 16.812 10.0 67.487 0
010234 16.812 10.0 67.425 0
010304 16.812 10.0 67.425 0
010334 16.75 10.0 67.425 0
010404 16.75 10.0 67.425 0
010435 16.75 10.0 67.425 0
010505 16.75 10.0 67.425 0
010535 16.75 10.0 67.425 0
010605 16.75 10.0 67.3 0
010635 16.75 10.0 67.425 0
010705 16.75 10.0 67.425 0
010736 16.75 10.0 67.425 0
010806 16.75 10.0 67.425 0
010836 16.75 10.0 67.425 0
010906 16.75 10.0 67.425 0
010936 16.75 10.0 67.362 0
011006 16.75 10.0 67.362 0
011036 16.75 10.0 67.362 0
011107 16.75 10.0 67.362 0
011137 16.75 10.0 67.362 0
011207 16.75 10.0 67.362 0
011237 16.75 10.0 67.3 0
011308 16.75 10.0 67.3 0
011338 16.687 10.0 67.3 0
011408 16.687 10.0 67.3 0
011438 16.687 10.0 67.3 0
011509 16.687 10.0 67.237 0
011540 16.687 10.0 67.3 0
011610 16.687 10.0 67.237 0
011640 16.687 10.0 67.237 0
011710 16.687 10.0 67.237 0
011740 16.687 10.0 67.237 0
011810 16.687 10.0 67.175 0
011840 16.687 10.0 67.175 0
011911 16.687 10.0 67.175 0
011942 16.687 10.0 67.175 0
012012 16.687 10.0 67.112 0
012043 16.687 10.0 67.112 0
012113 16.687 10.0 67.112 0
012144 16.687 10.0 67.112 0
012214 16.687 10.0 67.112 0
012244 16.687 10.0 67.05 0
012315 16.687 10.0 67.05 0
012345 16.687 10.0 67.05 0
012416 16.687 10.0 67.05 0
012446 16.687 10.0 67.05 0
012516 16.687 10.0 66.987 0
012549 16.625 10.0 66.987 0
012620 16.625 10.0 66.925 0
012650 16.625 10.0 66.925 0
012720 16.625 10.0 66.925 0
012750 16.625 10.0 66.925 0
012821 16.625 10.0 66.925 0
012851 16.625 10.0 66.925 0
012921 16.625 10.0 66.862 0
012951 16.625 10.0 66.862 0
013022 16.625 10.0 66.862 0
013052 16.625 10.0 66.862 0
013122 16.625 10.0 66.8 0
013153 16.625 10.0 66.8 0
013223 16.625 10.0 66.8 0
013253 16.625 10.0 66.737 0
013323 16.625 10.0 66.737 0
013354 16.625 10.0 66.737 0
013425 16.625 10.0 66.737 0
013456 16.625 10.0 66.55 0
013526 16.625 10.0 66.487 0
013556 16.625 10.0 66.612 0
013627 16.625 10.0 66.612 0
013657 16.625 10.0 66.612 0
013727 16.625 10.0 66.55 0
013757 16.625 10.0 66.55 0
013827 16.625 10.0 66.425 0
013857 16.625 10.0 66.487 0
013928 16.625 10.0 66.487 0
013958 16.625 10.0 66.487 0
014028 16.625 10.0 66.487 0
014059 16.562 10.0 66.425 0
014129 16.562 10.0 66.425 0
014159 16.562 10.0 66.425 0
014229 16.562 10.0 66.425 0
014300 16.562 10.0 66.362 0
014330 16.562 10.0 66.362 0
014400 16.562 10.0 66.362 0
014430 16.562 10.0 66.3 0
014501 16.562 10.0 66.3 0
014531 16.562 10.0 66.3 0
014602 16.562 10.0 66.3 0
014632 16.562 10.0 66.3 0
014702 16.562 10.0 66.362 0
014732 16.562 10.0 66.362 0
014803 16.562 10.0 66.362 0
014833 16.562 10.0 66.362 0
014903 16.562 10.0 66.362 0
014934 16.562 10.0 66.362 0
015005 16.562 10.0 66.362 0
015036 16.562 10.0 66.362 0
015106 16.562 10.0 66.3 0
015136 16.562 10.0 66.3 0
015207 16.562 10.0 66.3 0
015237 16.562 10.0 66.3 0
015307 16.562 10.0 66.237 0
015337 16.562 10.0 66.237 0
015408 16.562 10.0 66.237 0
015438 16.562 10.0 66.237 0
015508 16.562 10.0 66.237 0
015539 16.562 10.0 66.237 0
015609 16.5 10.0 66.175 0
015640 16.5 10.0 66.175 0
015711 16.5 10.0 66.175 0
015741 16.5 10.0 66.175 0
015811 16.5 10.0 66.112 0
015842 16.5 10.0 66.112 0
015912 16.5 10.0 66.112 0
015943 16.5 10.0 66.112 0
020013 16.5 10.0 66.05 0
020044 16.5 10.0 66.05 0
020114 16.5 10.0 66.05 0
020144 16.5 10.0 65.987 0
020215 16.5 10.0 65.987 0
020246 16.5 10.0 65.987 0
020316 16.5 10.0 65.987 0
020346 16.5 10.0 65.925 0
020417 16.5 10.0 65.925 0
020447 16.5 10.0 65.925 0
020517 16.5 10.0 65.862 0
020548 16.5 10.0 65.862 0
020618 16.5 10.0 65.862 0
020649 16.5 10.0 65.862 0
020719 16.5 10.0 65.8 0
020750 16.5 10.0 65.8 0
020821 16.5 10.0 65.8 0
020851 16.5 10.0 65.737 0
020922 16.5 10.0 65.737 0
020953 16.5 10.0 65.737 0
021023 16.5 10.0 65.737 0
021053 16.5 10.0 65.675 0
021123 16.437 10.0 65.675 0
021154 16.437 10.0 65.612 0
021225 16.437 10.0 65.612 0
021255 16.437 10.0 65.612 0
021328 16.437 10.0 65.55 0
021358 16.437 10.0 65.55 0
021429 16.437 10.0 65.55 0
021459 16.437 10.0 65.487 0
021530 16.437 10.0 65.487 0
021600 16.437 10.0 65.487 0
021630 16.437 10.0 65.425 0
021701 16.437 10.0 65.425 0
021732 16.437 10.0 65.425 0
021802 16.437 10.0 65.362 0
021832 16.437 10.0 65.362 0
021902 16.437 10.0 65.3 0
021932 16.437 10.0 65.3 0
022003 16.437 10.0 65.3 0
022034 16.437 10.0 65.237 0
022105 16.437 10.0 65.237 0
022135 16.437 10.0 65.237 0
022205 16.437 10.0 65.175 0
022236 16.437 10.0 65.05 0
022306 16.437 10.0 65.112 0
022336 16.437 10.0 65.112 0
022407 16.437 10.0 65.05 0
022437 16.437 10.0 65.05 0
022507 16.437 10.0 64.925 0
022537 16.437 10.0 64.925 0
022608 16.437 10.0 64.925 0
022638 16.437 10.0 64.925 0
022709 16.437 10.0 64.862 0
022739 16.437 10.0 64.862 0
022809 16.437 10.0 64.8 0
022839 16.375 10.0 64.8 0
022910 16.375 10.0 64.8 0
022940 16.375 10.0 64.737 0
023010 16.375 10.0 64.737 0
023041 16.375 10.0 64.675 0
023111 16.375 10.0 64.675 0
023142 16.375 10.0 64.612 0
023212 16.375 10.0 64.612 0
023242 16.375 10.0 64.612 0
023313 16.375 10.0 64.55 0
023343 16.375 10.0 64.55 0
023414 16.375 10.0 64.487 0
023444 16.375 10.0 64.487 0
023514 16.375 10.0 64.425 0
023544 16.375 10.0 64.425 0
023614 16.375 10.0 64.425 0
023645 16.375 10.0 64.362 0
023716 16.375 10.0 64.362 0
023747 16.375 10.0 64.3 0
023817 16.375 10.0 64.3 0
023848 16.375 10.0 64.237 0
023918 16.375 10.0 64.237 0
023949 16.375 10.0 64.175 0
024019 16.375 10.0 64.175 0
024049 16.375 10.0 64.175 0
024120 16.312 10.0 64.112 0
024150 16.312 10.0 64.05 0
024221 16.312 10.0 64.05 0
024251 16.312 10.0 64.05 0
024322 16.312 10.0 63.987 0
024352 16.312 10.0 63.987 0
024422 16.312 10.0 63.925 0
024453 16.312 10.0 63.925 0
024523 16.312 10.0 63.862 0
024554 16.312 10.0 63.862 0
024624 16.312 10.0 63.8 0
024654 16.312 10.0 63.8 0
024725 16.312 10.0 63.8 0
024755 16.312 10.0 63.737 0
024825 16.312 10.0 63.737 0
024856 16.312 10.0 63.737 0
024926 16.312 10.0 63.675 0
024956 16.312 10.0 63.675 0
025027 16.312 10.0 63.612 0
025057 16.312 10.0 63.612 0
025127 16.312 10.0 63.612 0
025158 16.312 10.0 63.55 0
025228 16.312 10.0 63.55 0
025259 16.312 10.0 63.55 0
025329 16.312 10.0 63.487 0
025400 16.312 10.0 63.487 0
025430 16.312 10.0 63.487 0
025500 16.312 10.0 63.425 0
025531 16.312 10.0 63.425 0
025601 16.312 10.0 63.362 0
025631 16.312 10.0 63.362 0
025702 16.312 10.0 63.362 0
025732 16.312 10.0 63.3 0
025802 16.312 10.0 63.3 0
025832 16.312 10.0 63.3 0
025902 16.25 10.0 63.237 0
025933 16.25 10.0 63.237 0
030003 16.25 10.0 63.237 0
030034 16.25 10.0 63.175 0
030106 16.25 10.0 63.175 0
030136 16.25 10.0 63.112 0
030207 16.25 10.0 63.112 0
030237 16.25 10.0 63.112 0
030307 16.25 10.0 63.05 0
030338 16.312 10.0 63.05 0
030409 16.312 10.0 62.987 0
030439 16.312 10.0 62.987 0
030509 16.312 10.0 62.987 0
030539 16.312 10.0 62.925 0
030609 16.25 10.0 62.925 0
030639 16.25 10.0 62.862 0
030710 16.25 10.0 62.862 0
030741 16.25 10.0 62.862 0
030811 16.25 10.0 62.8 0
030841 16.25 10.0 62.8 0
030912 16.25 10.0 62.737 0
030942 16.25 10.0 62.737 0
031012 16.25 10.0 62.675 0
031043 16.25 10.0 62.675 0
031113 16.25 10.0 62.55 0
031143 16.25 10.0 62.55 0
031213 16.25 10.0 62.487 0
031244 16.25 10.0 62.425 0
031314 16.25 10.0 62.362 0
031344 16.25 10.0 62.362 0
031414 16.25 10.0 62.3 0
031445 16.25 10.0 62.3 0
031515 16.25 10.0 62.237 0
031546 16.25 10.0 62.237 0
031616 16.25 10.0 62.175 0
031646 16.25 10.0 62.112 0
031717 16.25 10.0 62.112 0
031747 16.25 10.0 62.112 0
031818 16.25 10.0 62.05 0
031849 16.187 10.0 62.05 0
031919 16.187 10.0 61.987 0
031950 16.187 10.0 61.987 0
032021 16.187 10.0 61.925 0
032051 16.187 10.0 61.925 0
032121 16.25 10.0 61.862 0
032152 16.25 10.0 61.8 0
032222 16.25 10.0 61.8 0
032252 16.25 10.0 61.8 0
032322 16.25 10.0 61.737 0
032352 16.187 10.0 61.675 0
032423 16.187 10.0 61.675 0
032454 16.187 10.0 61.612 0
032524 16.187 10.0 61.612 0
032555 16.187 10.0 61.55 0
032625 16.187 10.0 61.55 0
032656 16.187 10.0 61.487 0
032726 16.187 10.0 61.425 0
032757 16.187 10.0 61.425 0
032827 16.187 10.0 61.425 0
032858 16.187 10.0 61.362 0
032928 16.187 10.0 61.362 0
032959 16.187 10.0 61.3 0
033030 16.187 10.0 61.3 0
033100 16.187 10.0 61.237 0
033130 16.187 10.0 61.237 0
033200 16.187 10.0 61.175 0
033230 16.187 10.0 61.112 0
033301 16.187 10.0 61.112 0
033331 16.187 10.0 60.987 0
033401 16.125 10.0 60.925 0
033431 16.125 10.0 60.8 0
033501 16.125 10.0 60.737 0
033531 16.125 10.0 60.675 0
033602 16.125 10.0 60.612 0
033632 16.125 10.0 60.55 0
033703 16.125 10.0 60.487 0
033733 16.125 10.0 60.487 0
033804 16.125 10.0 60.425 0
033835 16.125 10.0 60.362 0
033905 16.187 10.0 60.362 0
033936 16.187 10.0 60.3 0
034006 16.187 10.0 60.3 0
034037 16.187 10.0 60.237 0
034108 16.187 10.0 60.175 0
034138 16.125 10.0 60.175 0
034209 16.125 10.0 60.112 0
034239 16.125 10.0 60.112 0
034310 16.125 10.0 60.05 0
034342 16.125 10.0 60.05 0
034412 16.125 10.0 59.987 0
034442 16.125 10.0 59.925 0
034513 16.125 10.0 59.925 0
034544 16.125 10.0 59.862 0
034615 16.125 10.0 59.862 0
034645 16.125 10.0 59.8 0
034716 16.125 10.0 59.8 0
034746 16.125 10.0 59.737 0
034816 16.125 10.0 59.737 0
034847 16.125 10.0 59.675 0
034917 16.125 10.0 59.675 0
034948 16.125 10.0 59.612 0
035019 16.125 10.0 59.612 0
035049 16.125 10.0 59.612 0
035119 16.062 10.0 59.55 0
035149 16.062 10.0 59.55 0
035219 16.062 10.0 59.487 0
035249 16.062 10.0 59.487 0
035320 16.062 10.0 59.487 0
035350 16.125 10.0 59.425 0
035420 16.125 10.0 59.425 0
035450 16.125 10.0 59.362 0
035520 16.125 10.0 59.3 0
035550 16.125 10.0 59.237 0
035621 16.125 10.0 59.175 0
035652 16.125 10.0 59.112 0
035722 16.125 10.0 58.987 0
035752 16.125 10.0 58.925 0
035823 16.125 10.0 58.925 0
035853 16.062 10.0 58.862 0
035924 16.062 10.0 58.8 0
035954 16.062 10.0 58.8 0
040024 16.062 10.0 58.737 0
040055 16.062 10.0 58.675 0
040126 16.062 10.0 58.675 0
040156 16.062 10.0 58.675 0
040226 16.062 10.0 58.612 0
040256 16.062 10.0 58.55 0
040326 16.062 10.0 58.55 0
040356 16.062 10.0 58.487 0
040426 16.062 10.0 58.487 0
040457 16.062 10.0 58.425 0
040528 16.062 10.0 58.425 0
040558 16.062 10.0 58.362 0
040629 16.062 10.0 58.362 0
040700 16.062 10.0 58.3 0
040730 16.062 10.0 58.3 0
040801 16.062 10.0 58.237 0
040831 16.062 10.0 58.237 0
040902 16.062 10.0 58.175 0
040932 16.062 10.0 58.175 0
041002 16.062 10.0 58.112 0
041033 16.062 10.0 58.112 0
041103 16.062 10.0 58.05 0
041134 16.062 10.0 58.05 0
041204 16.062 10.0 57.925 0
041234 16.062 10.0 57.925 0
041305 16.062 10.0 57.925 0
041335 16.062 10.0 57.925 0
041406 16.0 10.0 57.862 0
041436 16.0 10.0 57.862 0
041506 16.0 10.0 57.8 0
041536 16.0 10.0 57.8 0
041607 16.0 10.0 57.737 0
041637 16.0 10.0 57.737 0
041708 16.0 10.0 57.612 0
041739 16.0 10.0 57.55 0
041810 16.0 10.0 57.425 0
041840 16.0 10.0 57.362 0
041910 16.0 10.0 57.3 0
041941 16.0 10.0 57.175 0
042012 16.0 10.0 57.175 0
042042 16.0 10.0 57.112 0
042112 16.0 10.0 57.05 0
042143 16.0 10.0 57.05 0
042213 16.0 10.0 56.987 0
042243 16.0 10.0 56.987 0
042313 16.0 10.0 56.925 0
042343 16.0 10.0 56.925 0
042413 16.0 10.0 56.925 0
042444 16.0 10.0 56.925 0
042514 16.0 10.0 56.987 0
042545 16.0 10.0 57.175 0
042615 16.0 10.0 57.675 0
042645 16.0 10.0 58.3 0
042715 16.0 10.0 59.237 0
042745 16.0 10.0 60.3 0
042815 16.0 10.0 61.362 0
042846 16.0 10.0 62.362 0
042916 16.0 10.0 63.3 0
042946 16.0 10.0 64.112 0
043017 16.0 10.0 64.737 0
043047 16.0 10.0 65.175 0
043120 16.0 10.0 65.55 0
043150 16.0 10.0 65.862 0
043221 16.0 10.0 66.05 0
043252 16.0 10.0 66.237 0
043323 16.0 10.0 66.362 0
043353 15.937 10.0 66.487 0
043423 15.937 10.0 66.612 0
043454 15.937 10.0 66.737 0
043525 15.937 10.0 66.8 0
043555 15.937 10.0 66.925 0
043625 15.937 10.0 66.987 0
043655 15.937 10.0 67.05 0
043725 15.937 10.0 67.112 0
043756 15.937 10.0 67.175 0
043826 15.937 10.0 67.3 0
043856 15.937 10.0 67.362 0
043927 15.937 10.0 67.362 0
043957 15.937 10.0 67.425 0
044027 15.937 10.0 67.425 0
044057 15.937 10.0 67.487 0
044127 15.937 10.0 67.487 0
044158 15.937 10.0 67.487 0
044228 15.937 10.0 67.487 0
044258 15.937 10.0 67.487 0
044328 15.937 10.0 67.487 0
044358 15.937 10.0 67.487 0
044429 15.937 10.0 67.487 0
044500 15.937 10.0 67.487 0
044530 15.937 10.0 67.55 0
044600 15.937 10.0 67.55 0
044630 15.937 10.0 67.55 0
044700 15.937 10.0 67.55 0
044730 15.937 10.0 67.55 0
044801 15.937 10.0 67.55 0
044831 15.937 10.0 67.55 0
044902 15.937 10.0 67.612 0
044932 15.937 10.0 67.612 0
045003 15.937 10.0 67.612 0
045034 15.937 10.0 67.612 0
045104 15.937 10.0 67.612 0
045134 15.937 10.0 67.612 0
045204 15.937 10.0 67.612 0
045235 15.937 10.0 67.612 0
045305 15.937 10.0 67.612 0
045336 15.937 10.0 67.612 0
045406 15.875 10.0 67.612 0
045437 15.875 10.0 67.612 0
045507 15.875 10.0 67.612 0
045538 15.875 10.0 67.612 0
045608 15.875 10.0 67.55 0
045638 15.937 10.0 67.55 0
045708 15.937 10.0 67.237 0
045739 15.937 10.0 67.175 0
045809 15.937 10.0 67.175 0
045840 15.937 10.0 67.175 0
045911 15.875 10.0 67.175 0
045941 15.875 10.0 67.175 0
050011 15.875 10.0 67.175 0
050042 15.875 10.0 67.112 0
050113 15.875 10.0 67.112 0
050143 15.875 10.0 67.112 0
050214 15.875 10.0 67.362 0
050245 15.875 10.0 67.425 0
050315 15.875 10.0 67.425 0
050345 15.875 10.0 67.425 0
050415 15.875 10.0 67.425 0
050446 15.875 10.0 67.237 0
050516 15.875 10.0 67.05 0
050546 15.875 10.0 67.237 0
050616 15.875 10.0 67.362 0
050646 15.875 10.0 67.3 0
050716 15.875 10.0 67.175 0
050747 15.875 10.0 67.112 0
050817 15.875 10.0 67.237 0
050847 15.875 10.0 67.175 0
050917 15.875 10.0 67.3 0
050948 15.875 10.0 67.3 0
051018 15.875 10.0 67.237 0
051049 15.875 10.0 66.987 0
051120 15.875 10.0 66.925 0
051150 15.875 10.0 67.175 0
051221 15.875 10.0 66.987 0
051252 15.875 10.0 66.925 0
051322 15.875 10.0 67.05 0
051353 15.875 10.0 66.987 0
051424 15.875 10.0 66.987 0
051455 15.875 10.0 66.987 0
051525 15.875 10.0 66.987 0
051556 15.875 10.0 66.925 0
051629 15.875 10.0 66.925 0
051700 15.875 10.0 66.925 0
051731 15.875 10.0 66.925 0
051802 15.875 10.0 66.925 0
051832 15.875 10.0 66.925 0
051903 15.875 10.0 66.987 0
051933 15.875 10.0 66.8 0
052004 15.875 10.0 66.675 0
052035 15.875 10.0 66.675 0
052105 15.875 10.0 66.612 0
052135 15.875 10.0 66.612 0
052206 15.875 10.0 66.612 0
052236 15.875 10.0 66.55 0
052306 15.875 10.0 66.55 0
052336 15.875 10.0 66.55 0
052407 15.812 10.0 66.675 0
052437 15.812 10.0 66.737 0
052507 15.812 10.0 66.737 0
052538 15.812 10.0 66.737 0
052608 15.812 10.0 66.737 0
052638 15.812 10.0 66.675 0
052708 15.812 10.0 66.675 0
052739 15.812 10.0 66.675 0
052810 15.812 10.0 66.675 0
052840 15.812 10.0 66.612 0
052910 15.812 10.0 66.612 0
052941 15.812 10.0 66.612 0
053012 15.812 10.0 66.55 0
053042 15.812 10.0 66.55 0
053112 15.812 10.0 66.55 0
053143 15.812 10.0 66.55 0
053213 15.812 10.0 66.55 0
053243 15.812 10.0 66.55 0
053314 15.812 10.0 66.55 0
053344 15.812 10.0 66.55 0
053414 15.812 10.0 66.55 0
053445 15.812 10.0 66.55 0
053515 15.812 10.0 66.487 0
053545 15.812 10.0 66.487 0
053615 15.812 10.0 66.487 0
053646 15.812 10.0 66.487 0
053716 15.812 10.0 66.487 0
053746 15.812 10.0 66.487 0
053816 15.812 10.0 66.487 0
053847 15.812 10.0 66.425 0
053917 15.812 10.0 66.425 0
053948 15.812 10.0 66.425 0
054018 15.812 10.0 66.425 0
054048 15.812 10.0 66.425 0
054118 15.812 10.0 66.362 0
054149 15.812 10.0 66.362 0
054219 15.812 10.0 66.362 0
054250 15.812 10.0 66.362 0
054320 15.812 10.0 66.362 0
054350 15.812 10.0 66.3 0
054420 15.812 10.0 66.3 0
054450 15.812 10.0 66.3 0
054520 15.812 10.0 66.3 0
054551 15.812 10.0 66.3 0
054621 15.812 10.0 66.237 0
054651 15.75 10.0 66.237 0
054722 15.75 10.0 66.237 0
054752 15.75 10.0 66.237 0
054823 15.75 10.0 66.175 0
054853 15.75 10.0 66.175 0
054923 15.75 10.0 66.175 0
054954 15.75 10.0 66.175 0
055024 15.75 10.0 66.112 0
055054 15.75 10.0 66.112 0
055125 15.75 10.0 66.05 0
055155 15.75 10.0 66.05 0
055226 15.75 10.0 66.05 0
055256 15.75 10.0 65.987 0
055326 15.75 10.0 65.987 0
055357 15.75 10.0 65.987 0
055428 15.75 10.0 65.987 0
055459 15.75 10.0 65.925 0
055530 15.75 10.0 65.925 0
055600 15.75 10.0 65.925 0
055631 15.75 10.0 65.862 0
055701 15.75 10.0 65.862 0
055731 15.75 10.0 65.862 0
055802 15.75 10.0 65.8 0
055832 15.75 10.0 65.8 0
055903 15.75 10.0 65.8 0
055933 15.75 10.0 65.737 0
060003 15.75 10.0 65.737 0
060034 15.75 10.0 65.737 0
060104 15.75 10.0 65.737 0
060136 15.75 10.0 65.675 0
060206 15.75 10.0 65.675 0
060236 15.75 10.0 65.612 0
060307 15.75 10.0 65.612 0
060337 15.75 10.0 65.612 0
060408 15.75 10.0 65.55 0
060439 15.75 10.0 65.55 0
060509 15.75 10.0 65.55 0
060539 15.75 10.0 65.487 0
060609 15.75 10.0 65.487 0
060640 15.75 10.0 65.487 0
060711 15.75 10.0 65.425 0
060741 15.75 10.0 65.425 0
060812 15.75 10.0 65.425 0
060842 15.75 10.0 65.362 0
060912 15.75 10.0 65.362 0
060943 15.75 10.0 65.3 0
061014 15.75 10.0 65.3 0
061044 15.75 10.0 65.3 0
061114 15.75 10.0 65.237 0
061145 15.687 10.0 65.237 0
061216 15.687 10.0 65.237 0
061246 15.687 10.0 65.175 0
061317 15.687 10.0 65.175 0
061348 15.687 10.0 65.112 0
061418 15.687 10.0 65.112 0
061449 15.687 10.0 65.05 0
061519 15.687 10.0 65.05 0
061550 15.687 10.0 64.987 0
061620 15.687 10.0 64.987 0
061651 15.687 10.0 64.925 0
061722 15.687 10.0 64.925 0
061753 15.687 10.0 64.862 0
061823 15.687 10.0 64.862 0
061853 15.687 10.0 64.8 0
061924 15.687 10.0 64.8 0
061954 15.687 10.0 64.737 0
062024 15.687 10.0 64.737 0
062055 15.687 10.0 64.737 0
062125 15.687 10.0 64.675 0
062156 15.687 10.0 64.675 0
062226 15.687 10.0 64.612 0
062257 15.687 10.0 64.612 0
062328 15.687 10.0 64.55 0
062358 15.687 10.0 64.55 0
062429 15.687 10.0 64.487 0
062500 15.687 10.0 64.487 0
062530 15.687 10.0 64.487 0
062601 15.687 10.0 64.425 0
062631 15.687 10.0 64.425 0
062702 15.687 10.0 64.362 0
062732 15.687 10.0 64.362 0
062802 15.687 10.0 64.3 0
062833 15.687 10.0 64.237 0
062904 15.687 10.0 64.237 0
062934 15.687 10.0 64.237 0
063004 15.687 10.0 64.237 0
063035 15.687 10.0 64.175 0
063105 15.687 10.0 64.175 0
063136 15.687 10.0 64.112 0
063206 15.687 10.0 64.112 0
063237 15.687 10.0 64.112 0
063308 15.687 10.0 64.05 0
063338 15.687 10.0 64.05 0
063408 15.687 10.0 64.05 0
063438 15.687 10.0 64.05 0
063509 15.687 10.0 63.987 0
063539 15.687 10.0 63.987 0
063610 15.687 10.0 63.987 0
063643 15.625 10.0 63.987 0
063713 15.625 10.0 63.987 0
063744 15.625 10.0 63.987 0
063814 15.625 10.0 63.925 0
063845 15.625 10.0 63.925 0
063915 15.687 10.0 63.925 0
063945 15.687 10.0 63.862 0
064016 15.687 10.0 63.862 0
064046 15.687 10.0 63.8 0
064116 15.687 10.0 63.8 0
064146 15.687 10.0 63.737 0
064217 15.687 10.0 63.737 0
064248 15.687 10.0 63.737 0
064318 15.687 10.0 63.675 0
064348 15.687 10.0 63.675 0
064418 15.625 10.0 63.612 0
064448 15.625 10.0 63.612 0
064518 15.625 10.0 63.55 0
064549 15.625 10.0 63.55 0
064619 15.625 10.0 63.55 0
064650 15.687 10.0 63.487 0
064720 15.687 10.0 63.487 0
064750 15.687 10.0 63.487 0
064820 15.687 10.0 63.425 0
064851 15.687 10.0 63.425 0
064921 15.625 10.0 63.362 0
064951 15.625 10.0 63.362 0
065022 15.625 10.0 63.3 0
065052 15.625 10.0 63.3 0
065123 15.625 10.0 63.3 0
065153 15.625 10.0 63.237 0
065223 15.625 10.0 63.237 0
065254 15.625 10.0 63.175 0
065324 15.625 10.0 63.175 0
065355 15.625 10.0 63.175 0
065425 15.625 10.0 63.112 0
065455 15.625 10.0 63.112 0
065526 15.625 10.0 63.112 0
065556 15.625 10.0 63.05 0
065626 15.625 10.0 63.05 0
065656 15.625 10.0 62.987 0
065727 15.625 10.0 62.987 0
065757 15.625 10.0 62.987 0
065827 15.625 10.0 62.925 0
065857 15.625 10.0 62.925 0
065928 15.625 10.0 62.862 0
065958 15.625 10.0 62.862 0
070028 15.625 10.0 62.8 0
070059 15.625 10.0 62.8 0
070129 15.625 10.0 62.737 0
070200 15.562 10.0 62.737 0
070230 15.562 10.0 62.675 0
070300 15.562 10.0 62.612 0
070330 15.562 10.0 62.55 0
070401 15.562 10.0 62.487 0
070431 15.625 10.0 62.425 0
070501 15.625 10.0 62.425 0
070532 15.625 10.0 62.425 0
070602 15.625 10.0 62.362 0
070632 15.625 10.0 62.3 0
070702 15.562 10.0 62.3 0
070733 15.562 10.0 62.237 0
070803 15.562 10.0 62.237 0
070833 15.562 10.0 62.175 0
070903 15.562 10.0 62.175 0
070934 15.625 10.0 62.112 0
071005 15.625 10.0 62.112 0
071035 15.625 10.0 62.05 0
071106 15.625 10.0 62.05 0
071136 15.625 10.0 61.987 0
071206 15.625 10.0 61.987 0
071236 15.625 10.0 61.925 0
071307 15.625 10.0 61.925 0
071337 15.625 10.0 61.862 0
071408 15.625 10.0 61.862 0
071438 15.562 10.0 61.8 0
071509 15.562 10.0 61.8 0
071539 15.562 10.0 61.737 0
071609 15.562 10.0 61.737 0
071640 15.562 10.0 61.675 0
071710 15.562 10.0 61.675 0
071740 15.562 10.0 61.612 0
071811 15.562 10.0 61.612 0
071841 15.562 10.0 61.55 0
071912 15.562 10.0 61.55 0
071942 15.562 10.0 61.487 0
072013 15.562 10.0 61.487 0
072043 15.562 10.0 61.425 0
072114 15.562 10.0 61.425 0
072145 15.562 10.0 61.362 0
072215 15.625 10.0 61.362 0
072245 15.625 10.0 61.3 0
072315 15.625 10.0 61.3 0
072346 15.625 10.0 61.237 0
072416 15.625 10.0 61.175 0
072446 15.687 10.0 61.112 0
072517 15.687 10.0 61.05 0
072547 15.687 10.0 60.987 0
072618 15.687 10.0 60.862 0
072648 15.687 10.0 60.8 0
072718 15.75 10.0 60.737 0
072749 15.75 10.0 60.737 0
072819 15.75 10.0 60.675 0
072849 15.75 10.0 60.612 0
072920 15.75 10.0 60.612 0
072950 15.812 10.0 60.55 0
073021 15.812 10.0 60.487 0
073051 15.812 10.0 60.487 0
073121 15.812 10.0 60.425 0
073151 15.812 10.0 60.425 0
073221 15.875 10.0 60.362 0
073251 15.875 10.0 60.362 0
073322 15.875 10.0 60.237 0
073352 15.875 10.0 60.3 0
073424 15.875 10.0 60.237 0
073454 15.875 10.0 60.175 0
073524 15.875 10.0 60.175 0
073555 15.875 10.0 60.175 0
073625 15.875 10.0 60.175 0
073655 15.937 10.0 60.112 0
073726 15.937 10.0 60.112 0
073756 15.937 10.0 60.112 0
073827 15.937 10.0 60.05 0
073857 15.937 10.0 60.05 0
073927 16.0 10.0 59.987 0
073958 16.0 10.0 59.987 0
074028 16.0 10.0 59.987 0
074059 16.0 10.0 59.925 0
074129 16.0 10.0 59.925 0
074200 16.062 10.0 59.862 0
074230 16.062 10.0 59.862 0
074300 16.062 10.0 59.862 0
074331 16.062 10.0 59.8 0
074401 16.062 10.0 59.8 0
074432 16.062 10.0 59.737 0
074502 16.062 10.0 59.737 0
074532 16.062 10.0 59.675 0
074602 16.062 10.0 59.675 0
074632 16.062 10.0 59.612 0
074703 16.125 10.0 59.55 0
074733 16.125 10.0 59.487 0
074803 16.125 10.0 59.425 0
074834 16.125 10.0 59.3 0
074904 16.125 10.0 59.3 0
074934 16.187 10.0 59.237 0
075005 16.187 10.0 59.175 0
075035 16.187 10.0 59.175 0
075106 16.187 10.0 59.112 0
075136 16.187 10.0 59.05 0
075206 16.25 10.0 59.05 0
075237 16.25 10.0 58.987 0
075308 16.25 10.0 58.987 0
075338 16.25 10.0 58.925 0
075408 16.25 10.0 58.862 0
075438 16.312 10.0 58.862 0
075508 16.312 10.0 58.8 0
075538 16.312 10.0 58.8 0
075608 16.312 10.0 58.737 0
075639 16.312 10.0 58.737 0
075709 16.375 10.0 58.675 0
075739 16.375 10.0 58.675 0
075809 16.375 10.0 58.612 0
075839 16.375 10.0 58.612 0
075909 16.375 10.0 58.55 0
075940 16.437 10.0 58.55 0
080011 16.437 10.0 58.487 0
080041 16.437 10.0 58.487 0
080111 16.437 10.0 58.425 0
080142 16.437 10.0 58.425 0
080213 16.375 10.0 58.362 0
080243 16.375 10.0 58.362 0
080314 16.375 10.0 58.3 0
080344 16.375 10.0 58.3 0
080415 16.375 10.0 58.175 0
080445 16.437 10.0 58.175 0
080516 16.437 10.0 58.175 0
080546 16.437 10.0 58.175 0
080616 16.437 10.0 58.112 0
080647 16.437 10.0 58.112 0
080717 16.375 10.0 58.05 0
080747 16.375 10.0 57.987 0
080818 16.375 10.0 57.862 0
080848 16.375 10.0 57.737 0
080918 16.375 10.0 57.675 0
080949 16.375 10.0 57.55 0
081019 16.375 10.0 57.487 0
081049 16.375 10.0 57.425 0
081119 16.375 10.0 57.425 0
081150 16.375 10.0 57.362 0
081221 16.375 10.0 57.3 0
081251 16.375 10.0 57.3 0
081322 16.375 10.0 57.237 0
081352 16.375 10.0 57.175 0
081423 16.375 10.0 57.175 0
081453 16.437 10.0 57.112 0
081524 16.437 10.0 57.112 0
081554 16.437 10.0 57.05 0
081625 16.437 10.0 57.05 0
081656 16.437 10.0 56.925 0
081726 16.437 10.0 56.987 0
081756 16.437 10.0 56.925 0
081827 16.437 10.0 56.925 0
081857 16.437 10.0 56.987 0
081927 16.437 10.0 57.05 0
081957 16.5 10.0 57.175 0
082028 16.5 10.0 57.612 0
082058 16.5 10.0 58.362 0
082128 16.5 10.0 59.237 0
082159 16.5 10.0 60.237 0
082229 16.437 10.0 61.3 0
082259 16.437 10.0 62.3 0
082329 16.437 10.0 63.175 0
082400 16.437 10.0 64.05 0
082430 16.437 10.0 64.675 0
082500 16.437 10.0 65.175 0
082530 16.437 10.0 65.55 0
082601 16.437 10.0 65.8 0
082631 16.437 10.0 66.05 0
082703 16.5 10.0 66.237 0
082734 16.5 10.0 66.425 0
082804 16.5 10.0 66.55 0
082834 16.5 10.0 66.675 0
082905 16.5 10.0 66.8 0
082935 16.625 10.0 66.862 0
083006 16.625 10.0 66.925 0
083036 16.625 10.0 66.987 0
083106 16.625 10.0 67.05 0
083136 16.625 10.0 67.112 0
083206 16.687 10.0 67.112 0
083236 16.687 10.0 67.175 0
083306 16.687 10.0 67.175 0
083337 16.687 10.0 67.175 0
083407 16.687 10.0 67.175 0
083437 16.75 10.0 67.237 0
083507 16.75 10.0 67.237 0
083537 16.75 10.0 67.237 0
083607 16.75 10.0 67.237 0
083638 16.75 10.0 67.237 0
083708 16.75 10.0 67.237 0
083738 16.75 10.0 67.237 0
083808 16.75 10.0 67.3 0
083839 16.75 10.0 67.3 0
083910 16.75 10.0 67.3 0
083940 16.812 10.0 67.3 0
084010 16.812 10.0 67.3 0
084040 16.812 10.0 67.3 0
084111 16.812 10.0 67.362 0
084141 16.812 10.0 67.362 0
084212 16.812 10.0 67.362 0
084242 16.812 10.0 67.362 0
084312 16.812 10.0 67.362 0
084343 16.812 10.0 67.362 0
084413 16.812 10.0 67.362 0
084443 16.812 10.0 67.362 0
084513 16.812 10.0 67.362 0
084544 16.812 10.0 67.362 0
084614 16.812 10.0 67.362 0
084644 16.812 10.0 67.362 0
084714 16.75 10.0 67.362 0
084745 16.75 10.0 67.362 0
084815 16.75 10.0 67.362 0
084845 16.75 10.0 67.362 0
084915 16.75 10.0 67.362 0
084946 16.75 10.0 67.362 0
085017 16.75 10.0 67.362 0
085047 16.75 10.0 67.3 0
085117 16.75 10.0 67.3 0
085147 16.75 10.0 67.3 0
085217 16.75 10.0 67.3 0
085247 16.75 10.0 67.3 0
085318 16.75 10.0 67.3 0
085348 16.75 10.0 67.3 0
085419 16.75 10.0 67.3 0
085449 16.75 10.0 67.3 0
085519 16.75 10.0 67.3 0
085550 16.75 10.0 67.3 0
085620 16.75 10.0 67.3 0
085651 16.75 10.0 67.237 0
085722 16.812 10.0 67.237 0
085752 16.812 10.0 67.237 0
085823 16.812 10.0 67.237 0
085853 16.812 10.0 67.237 0
085923 16.812 10.0 67.175 0
085954 16.75 10.0 67.175 0
090025 16.75 10.0 67.175 0
090056 16.75 10.0 67.175 0
090127 16.75 10.0 67.175 0
090157 16.75 10.0 67.175 0
090227 16.812 10.0 67.175 0
090258 16.812 10.0 67.112 0
090328 16.812 10.0 67.112 0
090359 16.812 10.0 67.112 0
090429 16.812 10.0 67.112 0
090500 16.937 10.0 67.112 0
090530 16.937 10.0 67.05 0
090601 16.937 10.0 67.05 0
090631 16.937 21.0 67.05 0
090701 16.937 21.0 67.05 50
090731 16.937 21.0 67.05 50
090801 16.937 21.0 66.987 50
090831 16.937 21.0 66.987 50
090901 16.937 21.0 66.987 50
090932 16.937 21.0 66.925 50
091002 17.0 21.0 66.925 50
091032 17.0 21.0 66.862 50
091102 17.0 21.0 66.8 50
091133 17.0 21.0 66.8 50
091203 17.0 21.0 66.737 50
091233 17.125 21.0 66.612 50
091304 17.125 21.0 66.487 50
091334 17.125 21.0 66.362 50
091404 17.125 21.0 66.175 50
091434 17.125 21.0 65.862 50
091505 17.125 21.0 65.362 50
091535 17.125 21.0 64.55 50
091605 17.125 21.0 63.112 50
091636 17.125 21.0 60.612 50
091706 17.125 21.0 57.55 0
091736 17.562 21.0 55.425 0
091806 17.562 21.0 54.112 0
091836 17.562 21.0 53.112 0
091906 17.562 21.0 52.612 0
091936 17.562 21.0 52.3 0
092007 17.812 21.0 52.05 0
092037 17.812 21.0 51.862 0
092107 17.812 21.0 51.737 0
092137 17.812 21.0 51.675 0
092207 17.812 21.0 51.487 0
092237 17.937 21.0 51.425 0
092307 17.937 21.0 51.362 0
092338 17.937 21.0 51.3 0
092408 17.937 21.0 51.237 0
092438 17.937 21.0 51.175 0
092508 18.062 21.0 51.05 0
092539 18.062 21.0 50.925 0
092609 18.062 21.0 50.987 0
092639 18.062 21.0 51.175 0
092712 18.125 21.0 51.487 0
092742 18.125 21.0 51.862 0
092813 18.125 21.0 52.612 0
092843 18.125 21.0 53.487 0
092913 18.125 21.0 54.425 0
092943 18.125 21.0 55.487 0
093014 18.125 21.0 56.675 0
093044 18.125 21.0 57.8 0
093114 18.125 21.0 58.737 0
093145 18.125 21.0 60.112 50
093215 18.125 21.0 61.425 50
093246 18.125 21.0 62.425 50
093316 18.125 21.0 63.175 50
093347 18.125 21.0 63.862 50
093417 18.125 21.0 64.487 50
093447 18.187 21.0 64.925 50
093517 18.187 21.0 65.237 50
093548 18.187 21.0 65.425 50
093618 18.187 21.0 65.55 50
093648 18.187 21.0 65.612 50
093719 18.25 21.0 65.675 50
093749 18.25 21.0 65.737 50
093819 18.25 21.0 65.8 50
093849 18.25 21.0 65.8 50
093919 18.25 21.0 65.8 50
093949 18.375 21.0 65.8 50
094020 18.375 21.0 65.8 50
094051 18.375 21.0 65.737 50
094121 18.375 21.0 65.612 50
094151 18.375 21.0 65.362 50
094221 18.562 21.0 64.737 50
094252 18.562 21.0 63.612 50
094323 18.562 21.0 61.862 50
094354 18.562 21.0 59.55 0
094424 18.562 21.0 57.237 0
094454 18.625 21.0 55.675 0
094524 18.625 21.0 54.737 0
094554 18.625 21.0 54.175 0
094625 18.625 21.0 53.8 0
094655 18.625 21.0 53.55 0
094725 18.75 21.0 53.425 0
094756 18.75 21.0 53.237 0
094827 18.75 21.0 53.3 0
094857 18.75 21.0 53.425 0
094927 18.75 21.0 53.737 0
094958 18.812 21.0 54.3 0
095028 18.812 21.0 55.05 0
095059 18.812 21.0 56.05 0
095129 18.812 21.0 57.175 0
095159 18.812 21.0 58.237 0
095229 18.812 21.0 59.3 0
095259 18.812 21.0 60.175 50
095330 18.812 21.0 61.237 50
095400 18.812 21.0 62.425 50
095431 18.812 21.0 63.487 50
095501 18.812 21.0 64.237 50
095532 18.812 21.0 64.8 50
095602 18.812 21.0 65.237 50
095632 18.812 21.0 65.55 50
095702 18.812 21.0 65.8 50
095732 18.875 21.0 65.925 50
095803 18.875 21.0 65.987 50
095834 18.875 21.0 66.05 50
095904 18.875 21.0 66.112 50
095934 18.875 21.0 66.175 50
100004 18.937 21.0 66.237 50
100034 18.937 21.0 66.237 50
100105 18.937 21.0 66.237 50
100135 18.937 21.0 66.237 50
100205 18.937 21.0 66.237 50
100235 19.0 21.0 66.175 50
100305 19.0 21.0 66.112 50
100335 19.0 21.0 65.987 50
100406 19.0 21.0 65.737 50
100436 19.0 21.0 65.175 50
100506 19.187 21.0 64.237 50
100536 19.187 21.0 62.612 50
100607 19.187 21.0 60.362 50
100637 19.187 21.0 58.112 50
100707 19.187 21.0 56.362 50
100738 19.25 21.0 55.112 50
100808 19.25 21.0 54.112 50
100838 19.25 21.0 53.362 0
100909 19.25 21.0 52.862 0
100939 19.25 21.0 52.737 0
101009 19.312 21.0 52.8 0
101039 19.312 21.0 53.175 0
101110 19.312 21.0 53.737 0
101140 19.312 21.0 54.425 50
101210 19.312 21.0 55.3 50
101240 19.375 21.0 56.237 50
101310 19.375 21.0 57.112 50
101340 19.375 21.0 58.05 50
101411 19.375 21.0 58.987 50
101441 19.375 21.0 59.987 50
101511 19.375 21.0 60.8 50
101542 19.375 21.0 61.675 50
101612 19.375 21.0 62.425 50
101642 19.375 21.0 63.112 50
101713 19.375 21.0 63.612 50
101743 19.437 21.0 63.987 50
101813 19.437 21.0 64.237 50
101843 19.437 21.0 64.362 50
101913 19.437 21.0 64.487 50
101944 19.437 21.0 64.612 50
102014 19.5 21.0 64.737 50
102044 19.5 21.0 64.737 50
102114 19.5 21.0 64.8 50
102145 19.5 21.0 64.8 50
102215 19.5 21.0 64.862 50
102245 19.562 21.0 64.862 50
102315 19.562 21.0 64.8 50
102346 19.562 21.0 64.737 50
102417 19.562 21.0 64.737 50
102447 19.562 21.0 64.612 50
102517 19.625 21.0 64.425 50
102547 19.625 21.0 64.112 50
102618 19.625 21.0 63.612 50
102648 19.625 21.0 62.862 50
102718 19.625 21.0 61.862 50
102748 19.75 21.0 60.737 50
102818 19.75 21.0 59.612 50
102849 19.75 21.0 58.425 50
102919 19.75 21.0 57.362 50
102951 19.75 21.0 56.425 50
103021 19.75 21.0 55.612 50
103052 19.75 21.0 54.987 50
103123 19.75 21.0 54.487 50
103153 19.75 21.0 54.175 50
103223 19.812 21.0 54.05 50
103253 19.812 21.0 54.175 50
103323 19.812 21.0 54.425 50
103353 19.812 21.0 54.862 50
103424 19.812 21.0 55.425 50
103454 19.812 21.0 56.112 50
103525 19.812 21.0 56.862 50
103555 19.812 21.0 57.675 50
103625 19.812 21.0 58.55 50
103655 19.812 21.0 59.362 50
103725 19.812 21.0 60.175 50
103756 19.812 21.0 61.05 50
103826 19.812 21.0 61.925 50
103856 19.812 21.0 62.675 50
103926 19.812 21.0 63.237 50
103956 19.812 21.0 63.675 50
104027 19.812 21.0 63.987 50
104057 19.812 21.0 64.237 50
104127 19.812 21.0 64.362 50
104158 19.812 21.0 64.487 50
104228 19.875 21.0 64.612 50
104258 19.875 21.0 64.675 50
104328 19.875 21.0 64.675 50
104359 19.875 21.0 64.737 50
104429 19.875 21.0 64.737 50
104459 19.875 21.0 64.737 50
104529 19.875 21.0 64.737 50
104600 19.875 21.0 64.675 50
104630 19.875 21.0 64.612 50
104700 19.875 21.0 64.55 50
104730 20.062 21.0 64.425 50
104801 20.062 21.0 64.175 50
104831 20.062 21.0 63.8 50
104901 20.062 21.0 63.237 50
104931 20.062 21.0 62.425 50
105001 20.062 21.0 61.487 50
105031 20.062 21.0 60.425 50
105101 20.062 21.0 59.3 50
105132 20.062 21.0 58.3 50
105202 20.062 21.0 57.3 50
105232 20.125 21.0 56.487 50
105303 20.125 21.0 55.8 50
105333 20.125 21.0 55.175 50
105403 20.125 21.0 54.737 50
105434 20.125 21.0 54.425 50
105504 20.062 21.0 54.237 50
105534 20.062 21.0 54.237 50
105605 20.062 21.0 54.425 50
105635 20.062 21.0 54.987 50
105706 20.062 21.0 55.675 50
105736 20.062 21.0 56.425 50
105806 20.062 21.0 57.175 50
105837 20.062 21.0 57.987 50
105907 20.062 21.0 58.8 50
105938 20.062 21.0 59.675 50
110008 20.0 21.0 60.487 50
110038 20.0 21.0 61.237 50
110108 20.0 21.0 62.05 50
110138 20.0 21.0 62.737 50
110208 20.0 21.0 63.3 50
110238 19.875 21.0 63.675 50
110309 19.875 21.0 63.987 50
110339 19.875 21.0 64.175 50
110409 19.875 21.0 64.3 50
110440 19.875 21.0 64.362 50
110510 19.937 21.0 64.487 50
110540 19.937 21.0 64.55 50
110611 19.937 21.0 64.612 50
110641 19.937 21.0 64.612 50
110712 19.937 21.0 64.675 50
110742 19.937 21.0 64.675 50
110812 19.937 21.0 64.675 50
110842 19.937 21.0 64.612 50
110913 19.937 21.0 64.55 50
110944 19.937 21.0 64.487 50
111014 20.0 21.0 64.425 50
111044 20.0 21.0 64.237 50
111114 20.0 21.0 63.925 50
111145 20.0 21.0 63.362 50
111216 20.0 21.0 62.675 50
111246 20.062 21.0 61.737 50
111316 20.062 21.0 60.737 50
111346 20.062 21.0 59.675 50
111417 20.062 21.0 58.675 50
111448 20.062 21.0 57.675 50
111518 20.0 21.0 56.737 50
111548 20.0 21.0 55.925 50
111618 20.0 21.0 55.3 50
111648 20.0 21.0 54.8 50
111719 20.0 21.0 54.487 50
111749 20.062 21.0 54.237 50
111819 20.062 21.0 54.175 50
111849 20.062 21.0 54.175 50
111919 20.062 21.0 54.55 50
111950 20.062 21.0 55.112 50
112020 20.062 21.0 55.8 50
112051 20.062 21.0 56.675 50
112121 20.062 21.0 57.487 50
112151 20.062 21.0 58.3 50
112222 20.062 21.0 59.237 50
112252 20.0 21.0 60.05 50
112322 20.0 21.0 60.862 50
112352 20.0 21.0 61.675 50
112423 20.0 21.0 62.425 50
112453 20.0 21.0 63.05 50
112524 19.75 21.0 63.487 50
112554 19.75 21.0 63.862 50
112624 19.75 21.0 64.112 50
112654 19.75 21.0 64.237 50
112724 19.75 21.0 64.362 50
112754 19.625 21.0 64.487 50
112825 19.625 21.0 64.55 50
112856 19.625 21.0 64.612 50
112926 19.625 21.0 64.612 50
112956 19.625 21.0 64.675 50
113027 19.625 21.0 64.675 50
113058 19.625 21.0 64.675 50
113128 19.625 21.0 64.612 50
113158 19.625 21.0 64.612 50
113230 19.562 21.0 64.487 50
113300 19.562 21.0 64.425 50
113331 19.562 21.0 64.237 50
113402 19.562 21.0 63.862 50
113433 19.562 21.0 63.3 50
113503 19.562 21.0 62.55 50
113533 19.562 21.0 61.612 50
113603 19.562 21.0 60.55 50
113633 19.562 21.0 59.487 50
113704 19.562 21.0 58.425 50
113734 19.562 21.0 57.487 50
113804 19.562 21.0 56.612 50
113834 19.562 21.0 55.862 50
113905 19.562 21.0 55.175 50
113935 19.562 21.0 54.737 50
114005 19.562 21.0 54.425 50
114035 19.562 21.0 54.237 50
114106 19.562 21.0 54.237 50
114136 19.562 21.0 54.425 50
114206 19.562 21.0 54.862 50
114237 19.625 21.0 55.487 50
114307 19.625 21.0 56.175 50
114337 19.625 21.0 56.987 50
114408 19.625 21.0 57.8 50
114438 19.625 21.0 58.675 50
114509 19.562 21.0 59.487 50
114539 19.562 21.0 60.3 50
114609 19.562 21.0 61.175 50
114639 19.562 21.0 61.925 50
114710 19.562 21.0 62.737 50
114740 19.5 21.0 63.3 50
114810 19.5 21.0 63.737 50
114840 19.5 21.0 64.05 50
114910 19.5 21.0 64.3 50
114941 19.5 21.0 64.425 50
115011 19.437 21.0 64.55 50
115042 19.437 21.0 64.675 50
115112 19.437 21.0 64.737 50
115142 19.437 21.0 64.737 50
115212 19.437 21.0 64.8 50
115242 19.375 16.0 64.8 50
115312 19.375 16.0 64.8 0
115342 19.375 16.0 64.8 0
115413 19.375 16.0 64.8 0
115443 19.375 16.0 64.8 0
115514 19.312 16.0 64.8 0
115544 19.312 16.0 64.8 0
115614 19.312 16.0 64.8 0
115645 19.312 16.0 64.737 0
115715 19.312 16.0 64.737 0
115745 19.125 16.0 64.737 0
115815 19.125 16.0 64.737 0
115845 19.125 16.0 64.737 0
115915 19.125 16.0 64.737 0
115946 19.125 16.0 64.737 0
120016 18.937 16.0 64.737 0
120046 18.937 16.0 64.737 0
120117 18.937 16.0 64.675 0
120147 18.937 16.0 64.675 0
120218 18.937 16.0 64.675 0
120248 18.812 16.0 64.612 0
120319 18.812 16.0 64.612 0
120349 18.812 16.0 64.612 0
120419 18.812 16.0 64.55 0
120449 18.812 16.0 64.55 0
120520 18.687 16.0 64.55 0
120551 18.687 16.0 64.487 0
120621 18.687 16.0 64.487 0
120651 18.687 16.0 64.487 0
120721 18.687 16.0 64.425 0
120751 18.562 16.0 64.425 0
120822 18.562 16.0 64.425 0
120852 18.562 16.0 64.362 0
120922 18.562 16.0 64.362 0
120953 18.562 16.0 64.362 0
121024 18.437 16.0 64.3 0
121054 18.437 16.0 64.3 0
121124 18.437 16.0 64.3 0
121154 18.437 16.0 64.237 0
121225 18.437 16.0 64.237 0
121255 18.375 16.0 64.237 0
121325 18.375 16.0 64.175 0
121356 18.375 16.0 64.175 0
121426 18.375 16.0 64.112 0
121457 18.375 16.0 64.112 0
121527 18.312 16.0 64.112 0
121558 18.312 16.0 64.05 0
121628 18.312 16.0 64.05 0
121659 18.312 16.0 63.987 0
121730 18.312 16.0 63.987 0
121800 18.187 16.0 63.925 0
121831 18.187 16.0 63.925 0
121901 18.187 16.0 63.925 0
121932 18.187 16.0 63.862 0
122002 18.187 16.0 63.862 0
122032 18.125 16.0 63.8 0
122102 18.125 16.0 63.8 0
122133 18.125 16.0 63.737 0
122203 18.125 16.0 63.737 0
122234 18.125 16.0 63.737 0
122304 18.062 16.0 63.675 0
122334 18.062 16.0 63.675 0
122404 18.062 16.0 63.612 0
122434 18.062 16.0 63.55 0
122507 18.0 16.0 63.487 0
122538 18.0 16.0 63.425 0
122608 18.0 16.0 63.362 0
122638 18.0 16.0 63.3 0
122708 18.0 16.0 63.237 0
122738 17.937 16.0 63.237 0
122809 17.937 16.0 63.175 0
122839 17.937 16.0 63.175 0
122909 17.937 16.0 63.112 0
122940 17.937 16.0 63.05 0
123010 17.875 16.0 63.05 0
123041 17.875 16.0 62.987 0
123111 17.875 16.0 62.987 0
123141 17.875 16.0 62.925 0
123212 17.875 16.0 62.862 0
123242 17.812 16.0 62.862 0
123313 17.812 16.0 62.8 0
123343 17.812 16.0 62.8 0
123414 17.812 16.0 62.737 0
123444 17.812 16.0 62.737 0
123514 17.75 16.0 62.675 0
123545 17.75 16.0 62.612 0
123616 17.75 16.0 62.612 0
123646 17.75 16.0 62.55 0
123716 17.75 16.0 62.55 0
123746 17.687 16.0 62.487 0
123817 17.687 16.0 62.425 0
123847 17.687 16.0 62.425 0
123918 17.687 16.0 62.362 0
123949 17.687 16.0 62.362 0
124019 17.687 16.0 62.3 0
124049 17.687 16.0 62.3 0
124119 17.687 16.0 62.237 0
124150 17.687 16.0 62.237 0
124220 17.687 16.0 62.175 0
124250 17.625 16.0 62.112 0
124321 17.625 16.0 62.112 0
124352 17.625 16.0 62.05 0
124422 17.625 16.0 62.05 0
124452 17.625 16.0 61.987 0
124522 17.625 16.0 61.987 0
124552 17.625 16.0 61.925 0
124623 17.625 16.0 61.862 0
124653 17.625 16.0 61.862 0
124723 17.625 16.0 61.8 0
124754 17.562 16.0 61.675 0
124824 17.562 16.0 61.612 0
124854 17.562 16.0 61.487 0
124925 17.562 16.0 61.362 0
124955 17.562 16.0 61.3 0
125025 17.5 16.0 61.237 0
125056 17.5 16.0 61.175 0
125126 17.5 16.0 61.112 0
125157 17.5 16.0 61.112 0
125227 17.5 16.0 61.05 0
125258 17.437 16.0 60.987 0
125329 17.437 16.0 60.987 0
125359 17.437 16.0 60.925 0
125430 17.437 16.0 60.925 0
125500 17.437 16.0 60.862 0
125530 17.437 16.0 60.862 0
125600 17.437 16.0 60.8 0
125631 17.437 16.0 60.8 0
125701 17.437 16.0 60.737 0
125732 17.437 16.0 60.737 0
125802 17.375 16.0 60.675 0
125832 17.375 16.0 60.675 0
125903 17.375 16.0 60.612 0
125933 17.375 16.0 60.612 0
130003 17.375 16.0 60.612 0
130033 17.375 16.0 60.55 0
130104 17.375 16.0 60.55 0
130134 17.375 16.0 60.487 0
130204 17.375 16.0 60.425 0
130235 17.375 16.0 60.425 0
130305 17.312 16.0 60.425 0
130335 17.312 16.0 60.362 0
130406 17.312 16.0 60.362 0
130436 17.312 16.0 60.3 0
130506 17.312 16.0 60.3 0
130537 17.25 16.0 60.237 0
130607 17.25 16.0 60.237 0
130637 17.25 16.0 60.175 0
130708 17.25 16.0 60.175 0
130738 17.25 16.0 60.175 0
130808 17.25 16.0 60.112 0
130839 17.25 16.0 60.05 0
130909 17.25 16.0 60.05 0
130939 17.25 16.0 60.05 0
131009 17.25 16.0 59.987 0
131039 17.187 16.0 59.925 0
131109 17.187 16.0 59.862 0
131140 17.187 16.0 59.8 0
131210 17.187 16.0 59.737 0
131241 17.187 16.0 59.675 0
131311 17.187 16.0 59.612 0
131341 17.187 16.0 59.612 0
131411 17.187 16.0 59.55 0
131442 17.187 16.0 59.487 0
131514 17.187 16.0 59.487 0
131544 17.187 16.0 59.425 0
131614 17.187 16.0 59.425 0
131645 17.187 16.0 59.362 0
131715 17.187 16.0 59.362 0
131746 17.125 16.0 59.3 0
131816 17.125 16.0 59.3 0
131846 17.125 16.0 59.237 0
131917 17.125 16.0 59.237 0
131947 17.125 16.0 59.175 0
132018 17.125 16.0 59.175 0
132048 17.125 16.0 59.175 0
132119 17.125 16.0 59.112 0
132149 17.125 16.0 59.112 0
132219 17.125 16.0 59.05 0
132250 17.062 16.0 59.05 0
132320 17.062 16.0 58.987 0
132351 17.062 16.0 58.987 0
132422 17.062 16.0 58.925 0
132452 17.062 16.0 58.925 0
132523 17.062 16.0 58.925 0
132553 17.062 16.0 58.862 0
132624 17.062 16.0 58.862 0
132655 17.062 16.0 58.8 0
132725 17.062 16.0 58.8 0
132755 17.062 16.0 58.8 0
132826 17.062 16.0 58.737 0
132857 17.062 16.0 58.737 0
132927 17.062 16.0 58.737 0
132957 17.062 16.0 58.675 0
133027 17.0 16.0 58.675 0
133058 17.0 16.0 58.612 0
133128 17.0 16.0 58.612 0
133158 17.0 16.0 58.55 0
133229 17.0 16.0 58.55 0
133259 17.0 16.0 58.487 0
133330 17.0 16.0 58.425 0
133400 17.0 16.0 58.425 0
133431 17.0 16.0 58.362 0
133501 17.0 16.0 58.3 0
133531 16.937 16.0 58.3 0
133601 16.937 16.0 58.237 0
133631 16.937 16.0 58.175 0
133702 16.937 16.0 58.175 0
133732 16.937 16.0 58.175 0
133802 16.937 16.0 58.112 0
133832 16.937 16.0 58.112 0
133902 16.937 16.0 58.05 0
133932 16.937 16.0 58.05 0
134003 16.937 16.0 58.05 0
134033 16.875 16.0 57.987 0
134103 16.875 16.0 57.987 0
134133 16.875 16.0 57.987 0
134204 16.875 16.0 57.925 0
134234 16.875 16.0 57.925 0
134305 16.875 16.0 57.862 0
134335 16.875 16.0 57.862 0
134405 16.875 16.0 57.862 0
134436 16.875 16.0 57.8 0
134507 16.875 16.0 57.8 0
134538 16.875 16.0 57.737 0
134608 16.875 16.0 57.737 0
134638 16.875 16.0 57.737 0
134709 16.875 16.0 57.675 0
134740 16.875 16.0 57.675 0
134810 16.812 16.0 57.612 0
134840 16.812 16.0 57.612 0
134910 16.812 16.0 57.612 0
134941 16.812 16.0 57.55 0
135011 16.812 16.0 57.55 0
135041 16.812 16.0 57.55 0
135112 16.812 16.0 57.55 0
135142 16.812 16.0 57.55 0
135212 16.812 16.0 57.55 0
135242 16.812 16.0 57.55 0
135313 16.75 16.0 57.55 0
135344 16.75 16.0 57.55 0
135414 16.75 16.0 57.55 0
135445 16.75 16.0 57.55 0
135515 16.75 16.0 57.487 0
135546 16.75 16.0 57.487 0
135616 16.75 16.0 57.487 0
135646 16.75 16.0 57.487 0
135716 16.75 16.0 57.425 0
135747 16.75 16.0 57.425 0
135817 16.75 16.0 57.425 0
135847 16.75 16.0 57.362 0
135917 16.75 16.0 57.362 0
135948 16.75 16.0 57.362 0
140018 16.75 16.0 57.362 0
140049 16.75 16.0 57.3 0
140119 16.75 16.0 57.3 0
140149 16.75 16.0 57.237 0
140219 16.75 16.0 57.237 0
140252 16.75 16.0 57.237 0
140323 16.75 16.0 57.237 0
140354 16.75 16.0 57.237 0
140424 16.75 16.0 57.175 0
140454 16.75 16.0 57.175 0
140525 16.687 16.0 57.175 0
140555 16.687 16.0 57.112 0
140625 16.687 16.0 57.112 0
140656 16.687 16.0 57.112 0
140726 16.687 16.0 57.05 0
140756 16.687 16.0 57.05 0
140826 16.687 16.0 56.862 0
140856 16.687 16.0 56.737 0
140926 16.687 16.0 56.675 0
140957 16.687 16.0 56.675 0
141027 16.687 16.0 56.8 0
141058 16.687 16.0 56.862 0
141128 16.687 16.0 56.925 0
141158 16.687 16.0 56.925 0
141228 16.687 16.0 56.925 0
141258 16.625 16.0 56.925 0
141328 16.625 16.0 57.05 0
141359 16.625 16.0 57.237 0
141429 16.625 16.0 57.425 0
141459 16.625 16.0 57.925 0
141530 16.625 16.0 58.737 0
141600 16.625 16.0 59.487 0
141631 16.625 16.0 60.425 0
141702 16.625 16.0 61.237 0
141732 16.625 16.0 62.05 0
141802 16.625 16.0 62.862 0
141833 16.625 16.0 63.55 0
141903 16.625 16.0 64.05 0
141933 16.625 16.0 64.237 0
142004 16.625 16.0 64.487 0
142034 16.625 16.0 64.737 0
142105 16.625 16.0 64.987 0
142136 16.625 16.0 65.112 0
142206 16.625 16.0 65.237 0
142236 16.625 16.0 65.3 0
142307 16.562 16.0 65.425 0
142337 16.562 16.0 65.487 0
142408 16.562 16.0 65.612 0
142439 16.562 16.0 65.675 0
142510 16.562 16.0 65.737 0
142540 16.562 16.0 65.8 0
142610 16.562 16.0 65.8 0
142640 16.562 16.0 65.862 0
142711 16.562 16.0 65.925 0
142741 16.562 16.0 65.925 0
142811 16.562 16.0 65.987 0
142842 16.562 16.0 65.987 0
142912 16.562 16.0 66.05 0
142942 16.562 16.0 66.05 0
143013 16.562 16.0 66.05 0
143043 16.562 16.0 66.112 0
143113 16.562 16.0 66.112 0
143144 16.562 16.0 66.112 0
143215 16.562 16.0 66.112 0
143245 16.562 16.0 66.175 0
143316 16.5 16.0 66.175 0
143346 16.5 16.0 66.175 0
143416 16.5 16.0 66.175 0
143446 16.5 16.0 66.237 0
143517 16.5 16.0 66.237 0
143547 16.5 16.0 66.237 0
143617 16.5 16.0 66.237 0
143648 16.5 16.0 66.487 0
143718 16.5 16.0 66.487 0
143748 16.5 16.0 66.55 0
143819 16.5 16.0 66.55 0
143849 16.5 16.0 66.55 0
143919 16.5 16.0 66.55 0
143950 16.5 16.0 66.55 0
144020 16.5 16.0 66.55 0
144051 16.5 16.0 66.55 0
144121 16.5 16.0 66.55 0
144152 16.5 16.0 66.55 0
144223 16.5 16.0 66.55 0
144254 16.5 16.0 66.55 0
144324 16.5 16.0 66.55 0
144354 16.5 16.0 66.55 0
144425 16.5 16.0 66.487 0
144455 16.5 16.0 66.3 0
144525 16.5 16.0 66.237 0
144556 16.5 16.0 66.175 0
144626 16.5 16.0 66.175 0
144656 16.5 16.0 66.362 0
144727 16.5 16.0 66.425 0
144759 16.437 16.0 66.487 0
144830 16.437 16.0 66.487 0
144900 16.437 16.0 66.425 0
144931 16.437 16.0 66.425 0
145001 16.437 16.0 66.425 0
145032 16.375 16.0 66.425 0
145102 16.375 16.0 66.425 0
145133 16.375 16.0 66.425 0
145204 16.375 16.0 66.425 0
145234 16.375 16.0 66.425 0
145305 16.437 16.0 66.425 0
145335 16.437 16.0 66.425 0
145405 16.437 16.0 66.362 0
145435 16.437 16.0 66.362 0
145505 16.437 16.0 66.362 0
145536 16.375 16.0 66.237 0
145606 16.375 16.0 65.987 0
145637 16.375 16.0 65.987 0
145708 16.375 16.0 65.987 0
145738 16.375 16.0 65.925 0
145808 16.375 16.0 65.925 0
145839 16.375 16.0 65.925 0
145909 16.375 16.0 66.05 0
145939 16.375 16.0 66.175 0
150010 16.375 16.0 65.925 0
150040 16.375 16.0 65.862 0
150111 16.375 16.0 65.862 0
150142 16.375 16.0 65.8 0
150213 16.375 16.0 65.8 0
150244 16.375 16.0 65.8 0
150314 16.375 16.0 65.737 0
150344 16.375 16.0 65.737 0
150414 16.375 16.0 65.737 0
150444 16.375 16.0 65.8 0
150515 16.375 16.0 65.737 0
150545 16.375 16.0 65.675 0
150616 16.375 16.0 65.675 0
150646 16.375 16.0 65.675 0
150717 16.375 16.0 65.675 0
150747 16.375 16.0 65.737 0
150817 16.375 16.0 65.862 0
150847 16.375 16.0 65.925 0
150918 16.375 16.0 65.925 0
150948 16.375 16.0 65.737 0
151019 16.375 16.0 65.8 0
151049 16.5 16.0 65.8 0
151119 16.5 16.0 65.8 0
151149 16.5 16.0 65.737 0
151219 16.5 16.0 65.675 0
151250 16.5 16.0 65.8 0
151320 16.562 16.0 65.737 0
151350 16.562 16.0 65.487 0
151421 16.562 16.0 65.425 0
151452 16.562 16.0 65.425 0
151522 16.562 16.0 65.55 0
151552 16.625 16.0 65.612 0
151623 16.625 16.0 65.3 0
151653 16.625 16.0 65.3 0
151723 16.625 16.0 65.487 0
151753 16.625 16.0 65.55 0
151823 16.687 16.0 65.55 0
151854 16.687 16.0 65.55 0
151924 16.687 16.0 65.55 0
151954 16.687 16.0 65.237 0
152025 16.687 16.0 65.237 0
152055 16.75 16.0 65.237 0
152126 16.75 16.0 65.3 0
152156 16.75 16.0 65.3 0
152227 16.75 16.0 65.3 0
152257 16.75 16.0 65.3 0
152327 16.812 16.0 65.362 0
152357 16.812 16.0 65.425 0
152428 16.812 16.5 65.3 0
152459 16.812 19.5 65.487 0
152529 16.812 21.0 65.487 50
152600 16.812 21.0 65.487 50
152630 16.812 21.0 65.487 50
152700 16.812 21.0 65.487 50
152731 16.812 21.0 65.237 50
152802 16.812 21.0 65.175 50
152832 16.875 21.0 65.175 50
152903 16.875 21.0 65.3 50
152934 16.875 21.0 65.112 50
153004 16.875 21.0 65.05 50
153036 17.0 21.0 64.987 50
153106 17.0 21.0 64.8 50
153137 17.0 21.0 64.425 50
153207 17.0 21.0 63.925 50
153237 17.0 21.0 63.3 50
153308 17.125 21.0 62.487 50
153339 17.125 21.0 61.612 50
153409 17.125 21.0 60.487 50
153439 17.125 21.0 59.05 0
153510 17.125 21.0 57.862 0
153540 17.312 21.0 57.112 0
153610 17.312 21.0 56.612 0
153640 17.312 21.0 56.3 0
153711 17.312 21.0 56.05 0
153741 17.312 21.0 55.925 0
153811 17.562 21.0 55.8 0
153841 17.562 21.0 55.675 0
153911 17.562 21.0 55.612 0
153942 17.562 21.0 55.55 0
154012 17.562 21.0 55.55 0
154042 17.625 21.0 55.487 0
154112 17.625 21.0 55.425 0
154142 17.625 21.0 55.425 0
154212 17.625 21.0 55.362 0
154243 17.625 21.0 55.3 0
154313 17.687 21.0 55.237 0
154344 17.687 21.0 55.237 0
154414 17.687 21.0 55.425 0
154444 17.687 21.0 55.925 0
154515 17.687 21.0 56.675 0
154545 17.75 21.0 57.8 0
154615 17.75 21.0 58.925 0
154646 17.75 21.0 59.987 0
154716 17.75 21.0 60.8 50
154747 17.75 21.0 61.737 50
154817 17.75 21.0 62.862 50
154847 17.75 21.0 63.737 50
154918 17.75 21.0 64.425 50
154948 17.75 21.0 64.862 50
155018 17.75 21.0 65.175 50
155048 17.75 21.0 65.362 50
155118 17.75 21.0 65.487 50
155149 17.75 21.0 65.612 50
155219 17.75 21.0 65.675 50
155249 17.75 21.0 65.737 50
155319 17.812 21.0 65.737 50
155350 17.812 21.0 65.8 50
155420 17.812 21.0 65.8 50
155450 17.812 21.0 65.737 50
155521 17.812 21.0 65.737 50
155551 17.937 21.0 65.675 50
155622 17.937 21.0 65.55 50
155652 17.937 21.0 65.237 50
155723 17.937 21.0 64.675 50
155753 17.937 21.0 63.55 50
155823 18.062 21.0 61.8 50
155853 18.062 21.0 59.487 0
155924 18.062 21.0 57.175 0
155954 18.062 21.0 55.737 0
160024 18.062 21.0 54.8 0
160055 18.25 21.0 54.237 0
160125 18.25 21.0 53.925 0
160156 18.25 21.0 53.675 0
160227 18.25 21.0 53.425 0
160257 18.25 21.0 53.425 0
160327 18.25 21.0 53.55 0
160357 18.25 21.0 53.612 0
160428 18.25 21.0 53.987 0
160459 18.25 21.0 54.612 0
160529 18.25 21.0 55.425 0
160559 18.25 21.0 56.425 0
160630 18.25 21.0 57.425 0
160700 18.25 21.0 58.55 0
160730 18.25 21.0 59.737 0
160800 18.25 21.0 60.862 50
160830 18.312 21.0 62.05 50
160900 18.312 21.0 63.175 50
160931 18.312 21.0 64.05 50
161001 18.312 21.0 64.675 50
161032 18.312 21.0 65.175 50
161102 18.312 21.0 65.487 50
161132 18.312 21.0 65.737 50
161202 18.312 21.0 65.925 50
161232 18.312 21.0 65.987 50
161303 18.312 21.0 66.112 50
161334 18.437 21.0 66.175 50
161404 18.437 21.0 66.175 50
161435 18.437 21.0 66.237 50
161505 18.437 21.0 66.237 50
161536 18.437 21.0 66.237 50
161606 18.562 21.0 66.237 50
161636 18.562 21.0 66.175 50
161707 18.562 21.0 66.112 50
161738 18.562 21.0 65.925 50
161808 18.562 21.0 65.487 50
161839 18.625 21.0 64.737 50
161909 18.625 21.0 63.55 50
161939 18.625 21.0 62.112 50
162009 18.625 21.0 60.362 50
162039 18.625 21.0 58.737 0
162109 18.687 21.0 57.425 0
162139 18.687 21.0 56.612 0
162209 18.687 21.0 56.05 0
162240 18.687 21.0 55.737 0
162310 18.687 21.0 55.55 0
162340 18.75 21.0 55.425 0
162410 18.75 21.0 55.3 0
162440 18.75 21.0 55.237 0
162511 18.75 21.0 55.3 50
162541 18.75 21.0 55.612 50
162611 18.812 21.0 56.237 50
162641 18.812 21.0 56.987 50
162711 18.812 21.0 57.737 50
162741 18.812 21.0 58.425 50
162812 18.812 21.0 59.3 50
162842 18.812 21.0 60.05 50
162912 18.812 21.0 60.8 50
162943 18.812 21.0 61.737 50
163013 18.812 21.0 62.55 50
163045 18.812 21.0 63.237 50
163115 18.812 21.0 63.737 50
163145 18.812 21.0 64.05 50
163216 18.812 21.0 64.3 50
163247 18.812 21.0 64.487 50
163317 18.875 21.0 64.612 50
163347 18.875 21.0 64.675 50
163418 18.875 21.0 64.8 50
163448 18.875 21.0 64.8 50
163518 18.875 21.0 64.862 50
163549 18.937 21.0 64.862 50
163619 18.937 21.0 64.925 50
163649 18.937 21.0 64.925 50
163719 18.937 21.0 64.862 50
163750 18.937 21.0 64.8 50
163820 19.0 21.0 64.737 50
163851 19.0 21.0 64.612 50
163921 19.0 21.0 64.425 50
163951 19.0 21.0 64.05 50
164021 19.0 21.0 63.425 50
164051 19.062 21.0 62.612 50
164121 19.062 21.0 61.612 50
164151 19.062 21.0 60.55 50
164222 19.062 21.0 59.362 50
164252 19.062 21.0 58.3 50
164323 19.125 21.0 57.362 50
164353 19.125 21.0 56.55 50
164423 19.125 21.0 55.862 50
164453 19.125 21.0 55.3 50
164523 19.125 21.0 54.862 50
164554 19.125 21.0 54.55 50
164624 19.125 21.0 54.425 50
164654 19.125 21.0 54.425 50
164725 19.125 21.0 54.675 50
164755 19.125 21.0 55.05 50
164826 19.187 21.0 55.675 50
164856 19.187 21.0 56.425 50
164927 19.187 21.0 57.237 50
164957 19.187 21.0 58.05 50
165028 19.187 21.0 58.925 50
165058 19.125 21.0 59.737 50
165128 19.125 21.0 60.612 50
165159 19.125 21.0 61.487 50
165229 19.125 21.0 62.3 50
165259 19.125 21.0 62.987 50
165330 19.187 21.0 63.487 50
165400 19.187 21.0 63.862 50
165430 19.187 21.0 64.112 50
165501 19.187 21.0 64.237 50
165531 19.187 21.0 64.362 50
165601 19.125 21.0 64.55 50
165631 19.125 21.0 64.612 50
165701 19.125 21.0 64.675 50
165731 19.125 21.0 64.675 50
165802 19.125 21.0 64.737 50
165832 19.125 21.0 64.737 50
165902 19.125 21.0 64.737 50
165932 19.125 21.0 64.675 50
170002 19.125 21.0 64.675 50
170032 19.125 21.0 64.612 50
170103 19.25 21.0 64.487 50
170133 19.25 21.0 64.237 50
170204 19.25 21.0 63.925 50
170234 19.25 21.0 63.362 50
170304 19.25 21.0 62.612 50
170334 19.25 21.0 61.612 50
170404 19.25 21.0 60.55 50
170435 19.25 21.0 59.425 50
170505 19.25 21.0 58.425 50
170535 19.25 21.0 57.487 50
170606 19.312 21.0 56.675 50
170636 19.312 21.0 55.925 50
170706 19.312 21.0 55.362 50
170736 19.312 21.0 54.925 50
170807 19.312 21.0 54.612 50
170837 19.375 21.0 54.487 50
170907 19.375 21.0 54.487 50
170937 19.375 21.0 54.612 50
171007 19.375 21.0 55.112 50
171037 19.375 21.0 55.675 50
171108 19.375 21.0 56.487 50
171138 19.375 21.0 57.237 50
171208 19.375 21.0 58.112 50
171238 19.375 21.0 59.05 50
171308 19.375 21.0 59.925 50
171338 19.375 21.0 60.737 50
171408 19.375 21.0 61.612 50
171439 19.375 21.0 62.362 50
171509 19.375 21.0 62.862 50
171539 19.375 21.0 63.425 50
171610 19.375 21.0 63.8 50
171640 19.375 21.0 64.05 50
171710 19.375 21.0 64.237 50
171740 19.375 21.0 64.362 50
171810 19.375 21.0 64.487 50
171841 19.375 21.0 64.55 50
171911 19.375 21.0 64.55 50
171941 19.375 21.0 64.612 50
172011 19.375 21.0 64.612 50
172042 19.375 21.0 64.612 50
172112 19.375 21.0 64.612 50
172142 19.375 21.0 64.55 50
172212 19.375 21.0 64.55 50
172242 19.375 21.0 64.425 50
172313 19.375 21.0 64.3 50
172343 19.437 21.0 64.112 50
172413 19.437 21.0 63.737 50
172444 19.437 21.0 62.987 50
172514 19.437 21.0 62.3 50
172545 19.437 21.0 61.362 50
172615 19.5 21.0 60.237 50
172645 19.5 21.0 59.175 50
172716 19.5 21.0 58.175 50
172746 19.5 21.0 57.3 50
172816 19.5 21.0 56.487 50
172846 19.375 21.0 55.8 50
172916 19.375 21.0 55.175 50
172946 19.375 21.0 54.8 50
173017 19.375 21.0 54.55 50
173047 19.375 21.0 54.487 50
173117 19.437 21.0 54.487 50
173147 19.437 21.0 54.675 50
173218 19.437 21.0 55.237 50
173248 19.437 21.0 55.987 50
173318 19.437 21.0 56.737 50
173349 19.437 21.0 57.487 50
173419 19.437 21.0 58.112 50
173449 19.437 21.0 58.862 50
173519 19.437 21.0 59.925 50
173549 19.437 21.0 60.8 50
173619 19.5 21.0 61.612 50
173649 19.5 21.0 62.425 50
173719 19.5 21.0 62.987 50
173750 19.5 21.0 63.487 50
173820 19.5 21.0 63.862 50
173851 19.5 21.0 64.05 50
173921 19.5 21.0 64.175 50
173951 19.5 21.0 64.362 50
174021 19.5 21.0 64.487 50
174052 19.5 21.0 64.55 50
174122 19.437 21.0 64.55 50
174152 19.437 21.0 64.612 50
174222 19.437 21.0 64.612 50
174252 19.437 21.0 64.675 50
174323 19.437 21.0 64.612 50
174353 19.5 21.0 64.612 50
174424 19.5 21.0 64.487 50
174454 19.5 21.0 64.487 50
174525 19.5 21.0 64.362 50
174557 19.562 21.0 64.112 50
174628 19.562 21.0 63.675 50
174658 19.562 21.0 62.987 50
174729 19.562 21.0 62.175 50
174759 19.562 21.0 61.175 50
174829 19.5 21.0 60.112 50
174859 19.5 21.0 59.05 50
174929 19.5 21.0 58.05 50
174959 19.5 21.0 57.112 50
175030 19.5 21.0 56.3 50
175100 19.5 21.0 55.612 50
175130 19.5 21.0 55.05 50
175200 19.5 21.0 54.737 50
175231 19.5 21.0 54.487 50
175301 19.5 21.0 54.362 50
175331 19.562 21.0 54.487 50
175401 19.562 21.0 54.862 50
175431 19.562 21.0 55.487 50
175501 19.562 21.0 56.237 50
175533 19.562 21.0 57.05 50
175603 19.562 21.0 57.862 50
175633 19.562 21.0 58.675 50
175703 19.562 21.0 59.487 50
175733 19.562 21.0 60.3 50
175804 19.562 21.0 61.112 50
175834 19.625 21.0 61.925 50
175904 19.625 21.0 62.612 50
175934 19.625 21.0 63.175 50
180004 19.625 21.0 63.612 50
180034 19.625 21.0 63.925 50
180104 19.562 21.0 64.112 50
180134 19.562 21.0 64.237 50
180205 19.562 21.0 64.362 50
180235 19.562 21.0 64.425 50
180305 19.562 21.0 64.487 50
180335 19.562 21.0 64.55 50
180405 19.562 21.0 64.55 50
180435 19.562 21.0 64.612 50
180505 19.562 21.0 64.612 50
180535 19.562 21.0 64.55 50
180605 19.625 21.0 64.487 50
180636 19.625 21.0 64.487 50
180706 19.625 21.0 64.3 50
180736 19.625 21.0 64.237 50
180806 19.625 21.0 63.925 50
180836 19.625 21.0 63.425 50
180906 19.625 21.0 62.737 50
180936 19.625 21.0 61.925 50
181007 19.625 21.0 60.925 50
181037 19.625 21.0 59.925 50
181107 19.687 21.0 58.862 50
181138 19.687 21.0 57.987 50
181208 19.687 21.0 57.175 50
181238 19.687 21.0 56.487 50
181308 19.687 21.0 55.862 50
181338 19.75 21.0 55.362 50
181409 19.75 21.0 54.925 50
181439 19.75 21.0 54.737 50
181510 19.75 21.0 54.612 50
181540 19.75 21.0 54.675 50
181610 19.812 21.0 55.05 50
181640 19.812 21.0 55.612 50
181710 19.812 21.0 56.3 50
181741 19.812 21.0 57.112 50
181811 19.812 21.0 57.925 50
181841 19.812 21.0 58.8 50
181911 19.812 21.0 59.675 50
181942 19.812 21.0 60.487 50
182012 19.812 21.0 61.237 50
182043 19.812 21.0 61.987 50
182113 19.875 21.0 62.737 50
182143 19.875 21.0 63.3 50
182214 19.875 21.0 63.737 50
182244 19.875 21.0 64.05 50
182315 19.875 21.0 64.3 50
182345 19.812 21.0 64.425 50
182415 19.812 21.0 64.55 50
182446 19.812 21.0 64.612 50
182516 19.812 21.0 64.675 50
182547 19.812 21.0 64.737 50
182617 19.75 21.0 64.737 50
182647 19.75 21.0 64.8 50
182717 19.75 21.0 64.8 50
182747 19.75 21.0 64.737 50
182817 19.75 21.0 64.737 50
182848 19.75 21.0 64.675 50
182918 19.75 21.0 64.612 50
182948 19.75 21.0 64.487 50
183018 19.75 21.0 64.237 50
183049 19.75 21.0 63.8 50
183119 19.812 21.0 63.237 50
183149 19.812 21.0 62.425 50
183219 19.812 21.0 61.487 50
183250 19.812 21.0 60.487 50
183320 19.812 21.0 59.487 50
183350 19.937 21.0 58.55 50
183420 19.937 21.0 57.675 50
183451 19.937 21.0 56.925 50
183521 19.937 21.0 56.3 50
183551 19.937 21.0 55.737 50
183622 19.937 21.0 55.237 50
183652 19.937 21.0 54.925 50
183723 19.937 21.0 54.487 50
183753 19.937 21.0 54.3 50
183823 19.937 21.0 54.3 50
183853 19.937 21.0 54.675 50
183923 19.937 21.0 55.237 50
183953 19.937 21.0 55.987 50
184024 19.937 21.0 56.8 50
184054 19.937 21.0 57.612 50
184124 19.937 21.0 58.487 50
184155 19.937 21.0 59.362 50
184226 19.937 21.0 60.175 50
184257 19.937 21.0 60.925 50
184327 19.937 21.0 61.8 50
184357 19.875 21.0 62.487 50
184427 19.875 21.0 63.175 50
184457 19.875 21.0 63.612 50
184527 19.875 21.0 63.675 50
184558 19.875 21.0 63.8 50
184628 19.875 21.0 63.925 50
184658 19.875 21.0 64.05 50
184729 19.875 21.0 64.112 50
184759 19.875 21.0 64.175 50
184830 19.875 21.0 64.237 50
184900 19.937 21.0 64.237 50
184930 19.937 21.0 64.237 50
185001 19.937 21.0 64.237 50
185031 19.937 21.0 64.425 50
185101 19.937 21.0 64.425 50
185132 19.875 21.0 64.425 50
185203 19.875 21.0 64.362 50
185233 19.875 21.0 64.175 50
185303 19.875 21.0 63.925 50
185333 19.875 21.0 63.425 50
185403 19.75 21.0 62.737 50
185433 19.75 21.0 61.862 50
185504 19.75 21.0 60.8 50
185534 19.75 21.0 59.737 50
185604 19.75 21.0 58.737 50
185634 19.75 21.0 57.8 50
185705 19.75 21.0 56.987 50
185735 19.75 21.0 56.3 50
185805 19.75 21.0 55.737 50
185835 19.75 21.0 55.237 50
185905 19.875 21.0 54.925 50
185935 19.875 21.0 54.737 50
190005 19.875 21.0 54.737 50
190035 19.875 21.0 54.862 50
190108 20.0 21.0 55.175 50
190139 20.0 21.0 55.925 50
190209 20.0 21.0 56.425 50
190239 20.0 21.0 57.05 50
190309 20.0 21.0 58.112 50
190340 20.0 21.0 58.987 50
190410 20.0 21.0 59.8 50
190440 20.0 21.0 60.675 50
190511 20.0 21.0 61.3 50
190541 20.0 21.0 62.237 50
190611 19.937 21.0 62.987 50
190642 19.937 21.0 63.55 50
190712 19.937 21.0 63.925 50
190742 19.937 21.0 64.112 50
190812 19.937 21.0 64.237 50
190842 20.0 21.0 64.362 50
190913 20.0 21.0 64.487 50
190943 20.0 21.0 64.55 50
191014 20.0 21.0 64.612 50
191044 20.0 21.0 64.612 50
191114 20.0 21.0 64.675 50
191145 20.0 21.0 64.675 50
191215 20.0 21.0 64.675 50
191245 20.0 21.0 64.612 50
191315 20.0 21.0 64.55 50
191345 20.062 21.0 64.487 50
191415 20.062 21.0 64.425 50
191445 20.062 21.0 64.175 50
191515 20.062 21.0 63.8 50
191546 20.062 21.0 63.175 50
191616 20.062 21.0 62.362 50
191646 20.062 21.0 61.425 50
191716 20.062 21.0 60.362 50
191747 20.062 21.0 59.237 50
191817 20.062 21.0 58.237 50
191848 20.062 21.0 57.362 50
191918 20.062 21.0 56.55 50
191948 20.062 21.0 55.925 50
192019 20.062 21.0 55.425 50
192049 20.062 21.0 54.987 50
192119 20.125 21.0 54.675 50
192149 20.125 21.0 54.612 50
192219 20.125 21.0 54.675 50
192250 20.125 21.0 54.925 50
192320 20.125 21.0 55.425 50
192350 20.187 21.0 56.112 50
192420 20.187 21.0 56.8 50
192450 20.187 21.0 57.737 50
192520 20.187 21.0 58.487 50
192550 20.187 21.0 59.425 50
192620 20.187 21.0 60.3 50
192651 20.187 21.0 61.175 50
192721 20.187 21.0 61.925 50
192752 20.187 21.0 62.675 50
192822 20.187 21.0 63.237 50
192852 20.125 21.0 63.612 50
192922 20.125 21.0 63.862 50
192952 20.125 21.0 64.05 50
193022 20.125 21.0 64.237 50
193053 20.125 21.0 64.3 50
193123 20.187 21.0 64.425 50
193153 20.187 21.0 64.487 50
193223 20.187 21.0 64.55 50
193254 20.187 21.0 64.55 50
193324 20.187 21.0 64.55 50
193354 20.125 21.0 64.55 50
193425 20.125 21.0 64.55 50
193455 20.125 21.0 64.487 50
193525 20.125 21.0 64.425 50
193556 20.125 21.0 64.362 50
193626 20.187 21.0 64.175 50
193656 20.187 21.0 63.925 50
193726 20.187 21.0 63.487 50
193756 20.187 21.0 62.862 50
193827 20.187 21.0 61.987 50
193858 20.125 21.0 60.987 50
193928 20.125 21.0 59.925 50
193958 20.125 21.0 58.862 50
194029 20.125 21.0 57.925 50
194059 20.125 21.0 57.112 50
194129 20.187 21.0 56.425 50
194159 20.187 21.0 55.8 50
194229 20.187 21.0 55.3 50
194259 20.187 21.0 54.925 50
194330 20.187 21.0 54.612 50
194400 20.187 21.0 54.55 50
194430 20.187 21.0 54.737 50
194500 20.187 21.0 55.112 50
194530 20.187 21.0 55.675 50
194601 20.187 21.0 56.425 50
194631 20.187 21.0 57.112 50
194701 20.187 21.0 57.862 50
194731 20.187 21.0 58.612 50
194801 20.187 21.0 59.487 50
194832 20.187 21.0 60.362 50
194902 20.187 21.0 61.175 50
194933 20.187 21.0 61.925 50
195003 20.187 21.0 62.675 50
195033 20.187 21.0 63.175 50
195103 20.187 21.0 63.612 50
195133 20.187 21.0 63.925 50
195204 20.187 21.0 64.112 50
195234 20.187 21.0 64.237 50
195304 20.187 21.0 64.362 50
195334 20.187 21.0 64.425 50
195404 20.187 21.0 64.487 50
195435 20.187 21.0 64.55 50
195505 20.187 21.0 64.362 50
195535 20.187 21.0 64.487 50
195606 20.187 21.0 64.362 50
195636 20.25 21.0 64.55 50
195706 20.25 21.0 64.55 50
195736 20.25 21.0 64.487 50
195806 20.25 21.0 64.237 50
195836 20.25 21.0 64.237 50
195907 20.312 21.0 63.987 50
195938 20.312 21.0 63.612 50
200008 20.312 21.0 62.987 50
200038 20.312 21.0 62.175 50
200108 20.312 21.0 61.112 50
200138 20.312 21.0 60.175 50
200208 20.312 21.0 58.8 50
200239 20.312 21.0 57.8 50
200309 20.312 21.0 56.862 50
200339 20.312 21.0 56.112 50
200409 20.437 21.0 55.487 50
200440 20.437 21.0 54.987 50
200510 20.437 21.0 54.55 50
200540 20.437 21.0 54.3 50
200611 20.437 21.0 54.3 50
200641 20.437 21.0 54.487 50
200711 20.437 21.0 54.987 50
200741 20.437 21.0 55.675 50
200811 20.437 21.0 56.3 50
200841 20.437 21.0 57.05 50
200911 20.5 21.0 57.862 50
200942 20.5 21.0 58.675 50
201012 20.5 21.0 59.425 50
201043 20.5 21.0 60.3 50
201113 20.5 21.0 61.112 50
201143 20.5 21.0 61.862 50
201213 20.5 21.0 62.487 50
201243 20.5 21.0 62.987 50
201313 20.5 21.0 63.237 50
201344 20.5 21.0 63.425 50
201414 20.437 21.0 63.55 50
201445 20.437 21.0 63.612 50
201515 20.437 21.0 63.675 50
201545 20.437 21.0 63.925 50
201615 20.437 21.0 63.987 50
201646 20.5 21.0 64.05 50
201716 20.5 21.0 64.05 50
201747 20.5 21.0 64.05 50
201818 20.5 21.0 64.05 50
201848 20.5 21.0 63.987 50
201918 20.562 21.0 63.987 50
201948 20.562 21.0 63.862 50
202019 20.562 21.0 63.737 50
202049 20.562 21.0 63.487 50
202119 20.562 21.0 63.112 50
202150 20.687 21.0 62.487 50
202220 20.687 21.0 61.55 50
202250 20.687 21.0 60.487 50
202320 20.687 21.0 59.362 50
202353 20.812 21.0 58.237 50
202423 20.812 21.0 57.175 50
202453 20.812 21.0 56.3 50
202523 20.812 21.0 55.55 50
202553 20.812 21.0 54.925 50
202624 21.0 21.0 54.487 50
202654 21.0 21.0 54.362 50
202724 21.0 21.0 54.487 50
202754 21.0 21.0 54.862 50
202824 21.0 21.0 55.487 50
202854 21.062 21.0 56.175 0
202924 21.062 21.0 56.862 0
202955 21.062 21.0 57.737 0
203025 21.062 21.0 58.675 0
203055 21.062 21.0 59.8 0
203125 21.062 21.0 60.862 0
203155 21.062 21.0 61.925 0
203225 21.062 21.0 62.987 0
203256 21.062 21.0 63.862 0
203327 21.062 21.0 64.55 0
203357 21.0 21.0 65.05 0
203427 21.0 21.0 65.487 0
203457 21.0 21.0 65.8 0
203528 21.0 21.0 66.112 0
203558 21.0 21.0 66.3 0
203628 21.0 21.0 66.487 0
203658 21.0 21.0 66.612 0
203729 21.0 21.0 66.737 0
203759 21.0 21.0 66.862 0
203829 21.0 21.0 66.925 0
203900 20.875 21.0 66.987 50
203930 20.875 21.0 67.05 50
204000 20.875 21.0 67.112 50
204030 20.875 21.0 67.175 50
204100 20.875 21.0 67.237 50
204131 20.812 21.0 67.237 50
204201 20.812 21.0 67.3 50
204231 20.812 21.0 67.3 50
204301 20.812 21.0 67.3 50
204331 20.812 21.0 67.3 50
204401 20.75 21.0 67.3 50
204432 20.75 21.0 67.362 50
204502 20.75 21.0 67.3 50
204532 20.75 21.0 67.3 50
204603 20.75 21.0 67.3 50
204633 20.812 21.0 67.3 50
204703 20.812 21.0 67.237 50
204733 20.812 21.0 67.237 50
204804 20.812 21.0 67.175 50
204834 20.812 21.0 67.112 50
204904 20.937 21.0 66.987 50
204934 20.937 21.0 66.612 50
205005 20.937 21.0 65.862 50
205035 20.937 21.0 64.612 50
205105 20.937 21.0 62.8 50
205135 20.937 21.0 60.55 50
205205 20.937 21.0 58.237 0
205235 20.937 21.0 56.425 0
205306 20.937 21.0 55.362 0
205336 20.937 21.0 54.675 0
205406 21.062 21.0 54.3 0
205436 21.062 21.0 54.05 0
205507 21.062 21.0 53.862 0
205538 21.062 21.0 53.737 0
205608 21.062 21.0 53.8 0
205638 21.187 21.0 53.925 0
205708 21.187 21.0 54.237 0
205738 21.187 21.0 54.862 0
205809 21.187 21.0 55.612 0
205839 21.187 21.0 56.55 0
205909 21.125 21.0 57.612 0
205940 21.125 21.0 58.737 0
210010 21.125 21.0 59.862 0
210041 21.125 21.0 60.987 0
210111 21.125 21.0 62.3 0
210142 21.062 21.0 63.362 0
210212 21.062 21.0 64.362 0
210242 21.062 21.0 65.112 0
210312 21.062 21.0 65.737 0
210343 21.062 21.0 66.175 0
210413 21.0 21.0 66.487 0
210443 21.0 21.0 66.8 0
210514 21.0 21.0 67.05 0
210544 21.0 21.0 67.175 0
210614 21.0 21.0 67.362 0
210644 21.0 21.0 67.487 0
210715 21.0 21.0 67.612 0
210745 21.0 21.0 67.675 0
210815 21.0 21.0 67.737 0
210845 21.0 21.0 67.862 0
210916 20.75 21.0 67.925 50
210946 20.75 21.0 67.925 50
211016 20.75 21.0 67.987 50
211046 20.75 21.0 68.05 50
211116 20.75 21.0 68.112 50
211147 20.625 21.0 68.175 50
211217 20.625 21.0 68.175 50
211247 20.625 21.0 68.175 50
211317 20.625 21.0 68.175 50
211347 20.625 21.0 68.175 50
211418 20.562 21.0 68.175 50
211448 20.562 21.0 68.175 50
211518 20.562 21.0 68.175 50
211548 20.562 21.0 68.175 50
211618 20.562 21.0 68.112 50
211649 20.625 21.0 68.112 50
211719 20.625 21.0 68.05 50
211750 20.625 21.0 67.987 50
211820 20.625 21.0 67.925 50
211850 20.625 21.0 67.55 50
211920 20.75 21.0 66.487 50
211950 20.75 21.0 64.8 50
212020 20.75 21.0 62.675 50
212051 20.75 21.0 60.112 50
212121 20.75 21.0 57.675 0
212151 20.875 21.0 55.987 0
212222 20.875 21.0 54.862 0
212252 20.875 21.0 54.237 0
212322 20.875 21.0 53.862 0
212352 20.875 21.0 53.612 0
212423 20.875 21.0 53.487 0
212453 20.875 21.0 53.362 0
212523 20.875 21.0 53.362 0
212553 20.875 21.0 53.55 0
212623 20.875 21.0 53.862 0
212654 20.875 21.0 54.362 0
212724 20.875 21.0 55.05 0
212754 20.875 21.0 55.862 0
212824 20.875 21.0 56.737 0
212855 20.875 21.0 57.862 0
212925 20.812 21.0 58.987 0
212955 20.812 21.0 60.175 50
213025 20.812 21.0 61.487 50
213056 20.812 21.0 62.8 50
213126 20.812 21.0 63.612 50
213156 20.75 21.0 64.237 50
213227 20.75 21.0 64.8 50
213257 20.75 21.0 65.175 50
213327 20.75 21.0 65.425 50
213400 20.812 21.0 65.612 50
213430 20.812 21.0 65.737 50
213500 20.812 21.0 65.8 50
213530 20.812 21.0 65.925 50
213600 20.812 21.0 65.925 50
213630 20.75 21.0 65.987 50
213701 20.75 21.0 65.987 50
213731 20.75 21.0 65.987 50
213801 20.75 21.0 65.987 50
213832 20.75 21.0 65.987 50
213902 20.812 21.0 65.925 50
213932 20.812 21.0 65.862 50
214003 20.812 21.0 65.8 50
214034 20.812 21.0 65.612 50
214104 20.812 21.0 65.3 50
214134 20.875 21.0 64.675 50
214205 20.875 21.0 63.675 50
214235 20.875 21.0 62.362 50
214305 20.875 21.0 60.862 50
214335 20.875 21.0 59.237 0
214405 21.0 21.0 57.925 0
214436 21.0 21.0 57.05 0
214506 21.0 21.0 56.487 0
214536 21.0 21.0 56.112 0
214607 21.0 21.0 55.925 0
214637 21.062 21.0 55.612 0
214707 21.062 21.0 55.487 0
214738 21.062 21.0 55.362 0
214809 21.062 21.0 55.612 0
214839 21.062 21.0 56.112 0
214909 21.062 21.0 56.925 0
214940 21.062 21.0 57.675 0
215010 21.062 21.0 58.3 0
215041 21.062 21.0 59.05 0
215111 21.062 21.0 60.3 0
215141 21.062 21.0 61.487 0
215212 21.062 21.0 62.612 0
215242 21.062 21.0 63.675 0
215313 21.062 21.0 64.487 0
215343 21.062 21.0 65.237 0
215413 21.062 21.0 65.737 0
215444 21.062 21.0 66.175 0
215515 21.062 21.0 66.425 0
215545 21.062 21.0 66.612 0
215615 21.062 21.0 66.737 0
215645 20.937 21.0 66.862 50
215716 20.937 21.0 66.925 50
215746 20.937 21.0 67.05 50
215816 20.937 21.0 67.112 50
215847 20.937 21.0 67.175 50
215917 20.812 21.0 67.175 50
215947 20.812 21.0 67.237 50
220017 20.812 21.0 67.237 50
220048 20.812 21.0 67.237 50
220118 20.812 21.0 67.237 50
220148 20.75 21.0 67.237 50
220218 20.75 21.0 67.3 50
220249 20.75 21.0 67.237 50
220319 20.75 21.0 67.237 50
220350 20.75 21.0 67.237 50
220421 20.75 21.0 67.175 50
220451 20.75 21.0 67.175 50
220521 20.75 21.0 67.175 50
220551 20.75 21.0 67.112 50
220621 20.75 21.0 66.987 50
220652 20.75 21.0 66.8 50
220722 20.75 21.0 66.362 50
220752 20.75 21.0 65.487 50
220823 20.75 21.0 63.987 50
220853 20.75 21.0 62.05 50
220924 20.875 21.0 59.675 0
220954 20.875 21.0 57.55 0
221025 20.875 21.0 55.987 0
221055 20.875 21.0 54.862 0
221126 20.875 21.0 53.925 0
221156 20.937 21.0 53.237 0
221226 20.937 21.0 52.737 0
221256 20.937 21.0 52.55 0
221327 20.937 21.0 52.675 0
221357 20.937 21.0 53.175 0
221427 20.875 21.0 53.925 0
221457 20.875 21.0 54.862 0
221528 20.875 21.0 55.862 0
221558 20.875 21.0 56.675 0
221628 20.875 21.0 57.362 0
221658 20.812 21.0 58.362 0
221728 20.812 21.0 59.487 0
221759 20.812 21.0 60.675 50
221829 20.812 21.0 61.862 50
221859 20.812 21.0 63.112 50
221929 20.75 21.0 64.05 50
221959 20.75 21.0 64.8 50
222029 20.75 21.0 65.237 50
222100 20.75 21.0 65.55 50
222130 20.75 21.0 65.737 50
222200 20.687 21.0 65.862 50
222230 20.687 21.0 65.987 50
222300 20.687 21.0 66.05 50
222331 20.687 21.0 66.112 50
222401 20.687 21.0 66.175 50
222431 20.687 21.0 66.175 50
222501 20.687 21.0 66.237 50
222532 20.687 21.0 66.175 50
222602 20.687 21.0 66.175 50
222632 20.687 21.0 66.112 50
222702 20.812 21.0 66.05 50
222732 20.812 21.0 65.987 50
222802 20.812 21.0 65.987 50
222833 20.812 21.0 65.8 50
222903 20.812 21.0 65.362 50
222933 20.937 21.0 64.612 50
223004 20.937 21.0 63.487 50
223034 20.937 21.0 62.112 50
223104 20.937 21.0 60.55 50
223137 21.0 21.0 58.987 0
223207 21.0 21.0 57.737 0
223237 21.0 21.0 56.925 0
223307 21.0 21.0 56.487 0
223337 21.0 21.0 56.112 0
223408 21.062 21.0 55.925 0
223438 21.062 21.0 55.8 0
223508 21.062 21.0 55.737 0
223539 21.062 21.0 55.675 0
223609 21.062 21.0 55.737 0
223640 21.062 21.0 56.112 0
223710 21.062 21.0 56.675 0
223740 21.062 21.0 57.425 0
223811 21.062 21.0 58.362 0
223841 21.062 21.0 59.487 0
223912 21.0 21.0 60.737 0
223942 21.0 21.0 61.862 0
224012 21.0 21.0 62.925 0
224042 21.0 21.0 63.862 0
224112 21.0 21.0 64.487 0
224142 20.812 21.0 65.175 50
224212 20.812 21.0 65.675 50
224242 20.812 21.0 65.987 50
224313 20.812 21.0 66.237 50
224343 20.812 21.0 66.362 50
224413 20.812 21.0 66.425 50
224443 20.812 21.0 66.55 50
224514 20.812 21.0 66.55 50
224544 20.812 21.0 66.55 50
224614 20.812 21.0 66.55 50
224644 20.687 21.0 66.55 50
224715 20.687 21.0 66.612 50
224745 20.687 21.0 66.675 50
224815 20.687 21.0 66.675 50
224845 20.687 21.0 66.675 50
224916 20.75 21.0 66.675 50
224946 20.75 21.0 66.675 50
225016 20.75 21.0 66.612 50
225047 20.75 21.0 66.612 50
225117 20.75 21.0 66.55 50
225147 20.875 21.0 66.362 50
225217 20.875 21.0 65.987 50
225247 20.875 21.0 65.3 50
225318 20.875 21.0 64.05 50
225348 20.875 21.0 62.425 50
225418 20.875 21.0 60.487 50
225449 20.875 21.0 58.55 0
225519 20.875 21.0 57.05 0
225550 20.875 21.0 56.05 0
225621 20.875 21.0 55.487 0
225651 20.937 21.0 55.112 0
225721 20.937 21.0 54.925 0
225752 20.937 21.0 54.8 0
225822 20.937 21.0 54.8 0
225852 20.937 21.0 54.925 0
225923 20.875 21.0 55.237 0
225953 20.875 21.0 55.737 0
230023 20.875 10.0 56.487 0
230054 20.875 10.0 57.3 0
230124 20.875 10.0 58.112 0
230154 20.875 10.0 59.3 0
230225 20.875 10.0 60.425 0
230255 20.875 10.0 61.55 0
230325 20.875 10.0 62.675 0
230355 20.875 10.0 63.675 0
230426 20.687 10.0 64.487 0
230456 20.687 10.0 65.05 0
230526 20.687 10.0 65.487 0
230557 20.687 10.0 65.862 0
230627 20.687 10.0 66.112 0
230658 20.687 10.0 66.3 0
230729 20.687 10.0 66.487 0
230759 20.687 10.0 66.612 0
230830 20.687 10.0 66.737 0
230900 20.687 10.0 66.8 0
230931 20.562 10.0 66.862 0
231001 20.562 10.0 66.987 0
231031 20.562 10.0 67.05 0
231102 20.562 10.0 67.05 0
231133 20.562 10.0 66.987 0
231203 20.5 10.0 67.175 0
231233 20.5 10.0 67.237 0
231304 20.5 10.0 67.237 0
231335 20.5 10.0 67.3 0
231405 20.5 10.0 67.3 0
231435 20.437 10.0 67.362 0
231505 20.437 10.0 67.425 0
231535 20.437 10.0 67.425 0
231606 20.437 10.0 67.487 0
231636 20.437 10.0 67.487 0
231707 20.312 10.0 67.55 0
231737 20.312 10.0 67.55 0
231807 20.312 10.0 67.55 0
231837 20.312 10.0 67.612 0
231908 20.312 10.0 67.612 0
231938 20.187 10.0 67.612 0
232008 20.187 10.0 67.675 0
232039 20.187 10.0 -0.2 0
232109 20.187 10.0 -0.2 0
232139 20.187 10.0 -0.2 0
232210 20.125 10.0 -0.2 0
232240 20.125 10.0 67.737 0
232310 20.125 10.0 67.675 0
232340 20.125 10.0 67.675 0
232410 20.125 10.0 67.737 0
232441 20.0 10.0 67.737 0
232511 20.0 10.0 67.737 0
232541 20.0 10.0 67.737 0
232612 20.0 10.0 67.737 0
232642 20.0 10.0 67.737 0
232713 19.937 10.0 67.737 0
232743 19.937 10.0 67.737 0
232814 19.937 10.0 67.737 0
232844 19.937 10.0 67.737 0
232917 19.937 10.0 67.737 0
232947 19.937 10.0 67.737 0
233018 19.937 10.0 67.737 0
233048 19.937 10.0 67.737 0
233118 19.937 10.0 67.737 0
233148 19.875 10.0 67.612 0
233219 19.875 10.0 67.612 0
233249 19.875 10.0 67.612 0
233319 19.875 10.0 67.675 0
233350 19.875 10.0 67.675 0
233420 19.812 10.0 67.612 0
233451 19.812 10.0 67.612 0
233521 19.812 10.0 67.612 0
233551 19.812 10.0 67.612 0
233622 19.812 10.0 67.612 0
233652 19.75 10.0 67.612 0
233722 19.75 10.0 67.612 0
233752 19.75 10.0 67.612 0
233822 19.75 10.0 67.55 0
233853 19.75 10.0 67.55 0
233923 19.687 10.0 67.55 0
233954 19.687 10.0 67.55 0
234024 19.687 10.0 67.55 0
234055 19.687 10.0 67.55 0
234125 19.687 10.0 67.487 0
234155 19.625 10.0 67.487 0
234226 19.625 10.0 67.487 0
234256 19.625 10.0 67.487 0
234326 19.625 10.0 67.425 0
234357 19.625 10.0 67.425 0
234427 19.625 10.0 67.425 0
234457 19.625 10.0 67.425 0
234528 19.625 10.0 67.362 0
234558 19.625 10.0 67.362 0
234628 19.625 10.0 67.362 0
234659 19.625 10.0 67.362 0
234729 19.625 10.0 67.3 0
234759 19.625 10.0 67.3 0
234829 19.625 10.0 67.3 0
234900 19.625 10.0 67.3 0
234930 19.625 10.0 67.237 0
235000 19.625 10.0 67.237 0
235031 19.625 10.0 67.237 0
235102 19.625 10.0 67.175 0
235132 19.625 10.0 67.175 0
235202 19.562 10.0 67.175 0
235232 19.562 10.0 67.175 0
235302 19.562 10.0 67.112 0
235333 19.562 10.0 67.112 0
235403 19.562 10.0 67.112 0
235433 19.562 10.0 67.112 0
235503 19.562 10.0 67.05 0
235534 19.562 10.0 67.05 0
235604 19.562 10.0 67.05 0
235635 19.562 10.0 66.987 0
235705 19.5 10.0 66.987 0
235735 19.5 10.0 66.987 0
235805 19.5 10.0 66.925 0
235835 19.5 10.0 66.925 0
