235912 25.562 10.0 20.362 0
235943 25.562 10.0 20.362 0
000015 25.5 10.0 20.362 0
000045 25.5 10.0 20.362 0
000116 25.5 10.0 20.362 0
000146 25.5 10.0 20.362 0
000216 25.5 10.0 20.362 0
000246 25.5 10.0 20.425 0
000317 25.5 10.0 20.362 0
000347 25.5 10.0 20.362 0
000418 25.5 10.0 20.362 0
000448 25.5 10.0 20.362 0
000518 25.5 10.0 20.362 0
000549 25.5 10.0 20.362 0
000619 25.5 10.0 20.425 0
000650 25.5 10.0 20.362 0
000720 25.5 10.0 20.362 0
000750 25.5 10.0 20.362 0
000820 25.5 10.0 20.362 0
000850 25.5 10.0 20.362 0
000921 25.5 10.0 20.362 0
000951 25.5 10.0 20.362 0
001021 25.5 10.0 20.362 0
001052 25.5 10.0 20.362 0
001122 25.5 10.0 20.362 0
001153 25.5 10.0 20.362 0
001223 25.5 10.0 20.362 0
001253 25.5 10.0 20.362 0
001323 25.5 10.0 20.362 0
001354 25.5 10.0 20.362 0
001424 25.5 10.0 20.362 0
001455 25.5 10.0 20.425 0
001525 25.437 10.0 20.362 0
001556 25.437 10.0 20.362 0
001626 25.437 10.0 20.362 0
001656 25.437 10.0 20.362 0
001727 25.437 10.0 20.362 0
001757 25.437 10.0 20.362 0
001827 25.437 10.0 20.362 0
001858 25.437 10.0 20.362 0
001928 25.437 10.0 20.362 0
001958 25.437 10.0 20.362 0
002028 25.437 10.0 20.362 0
002058 25.437 10.0 20.425 0
002128 25.437 10.0 20.425 0
002159 25.437 10.0 20.362 0
002230 25.437 10.0 20.362 0
002300 25.437 10.0 20.362 0
002331 25.437 10.0 20.362 0
002401 25.437 10.0 20.362 0
002431 25.437 10.0 20.425 0
002502 25.437 10.0 20.362 0
002532 25.437 10.0 20.425 0
002603 25.437 10.0 20.362 0
002633 25.437 10.0 20.362 0
002704 25.437 10.0 20.362 0
002735 25.437 10.0 20.362 0
002805 25.375 10.0 20.425 0
002835 25.375 10.0 20.362 0
002906 25.375 10.0 20.425 0
002936 25.375 10.0 20.425 0
003006 25.375 10.0 20.362 0
003037 25.375 10.0 20.362 0
003107 25.375 10.0 20.362 0
003138 25.375 10.0 20.362 0
003208 25.375 10.0 20.362 0
003238 25.375 10.0 20.362 0
003308 25.312 10.0 20.362 0
003339 25.312 10.0 20.362 0
003409 25.312 10.0 20.425 0
003439 25.312 10.0 20.425 0
003509 25.312 10.0 20.362 0
003540 25.312 10.0 20.362 0
003610 25.312 10.0 20.362 0
003641 25.312 10.0 20.362 0
003712 25.312 10.0 20.362 0
003742 25.312 10.0 20.362 0
003812 25.312 10.0 20.362 0
003842 25.312 10.0 20.362 0
003913 25.312 10.0 20.362 0
003943 25.312 10.0 20.362 0
004013 25.312 10.0 20.425 0
004043 25.125 10.0 20.425 0
004114 25.125 10.0 20.362 0
004144 25.125 10.0 20.362 0
004214 25.125 10.0 20.362 0
004244 25.125 10.0 20.362 0
004315 25.0 10.0 20.425 0
004345 25.0 10.0 20.425 0
004415 25.0 10.0 20.425 0
004445 25.0 10.0 20.425 0
004516 25.0 10.0 20.425 0
004546 25.062 10.0 20.425 0
004616 25.062 10.0 20.425 0
004647 25.062 10.0 20.362 0
004717 25.062 10.0 20.362 0
004747 25.062 10.0 20.362 0
004818 25.062 10.0 20.362 0
004848 25.062 10.0 20.362 0
004919 25.062 10.0 20.425 0
004950 25.062 10.0 20.362 0
005022 25.125 10.0 20.362 0
005052 25.125 10.0 20.362 0
005123 25.125 10.0 20.425 0
005153 25.125 10.0 20.425 0
005223 25.125 10.0 20.362 0
005253 25.125 10.0 20.362 0
005324 25.125 10.0 20.425 0
005354 25.125 10.0 20.425 0
005424 25.125 10.0 20.425 0
005454 25.125 10.0 20.425 0
005524 25.125 10.0 20.362 0
005555 25.125 10.0 20.362 0
005626 25.125 10.0 20.425 0
005656 25.125 10.0 20.425 0
005726 25.125 10.0 20.425 0
005757 25.187 10.0 20.425 0
005828 25.187 10.0 20.425 0
005858 25.187 10.0 20.362 0
005928 25.187 10.0 20.362 0
005959 25.187 10.0 20.425 0
010029 25.187 10.0 20.425 0
010059 25.187 10.0 20.425 0
010130 25.187 10.0 20.362 0
010200 25.187 10.0 20.425 0
010230 25.187 10.0 20.362 0
010300 25.187 10.0 20.362 0
010331 25.187 10.0 20.362 0
010402 25.187 10.0 20.425 0
010432 25.187 10.0 20.362 0
010502 25.187 10.0 20.362 0
010532 25.187 10.0 20.425 0
010602 25.187 10.0 20.362 0
010633 25.187 10.0 20.425 0
010703 25.187 10.0 20.425 0
010733 25.187 10.0 20.425 0
010804 25.187 10.0 20.425 0
010835 25.187 10.0 20.425 0
010905 25.187 10.0 20.362 0
010935 25.187 10.0 20.425 0
011006 25.187 10.0 20.362 0
011036 25.125 10.0 20.362 0
011106 25.125 10.0 20.425 0
011136 25.125 10.0 20.425 0
011206 25.125 10.0 20.425 0
011237 25.125 10.0 20.362 0
011307 25.125 10.0 20.425 0
011337 25.125 10.0 20.425 0
011407 25.125 10.0 20.425 0
011438 25.125 10.0 20.362 0
011509 25.125 10.0 20.425 0
011539 25.187 10.0 20.425 0
011609 25.187 10.0 20.425 0
011639 25.187 10.0 20.362 0
011710 25.187 10.0 20.425 0
011740 25.187 10.0 20.425 0
011810 25.125 10.0 20.362 0
011841 25.125 10.0 20.425 0
011911 25.125 10.0 20.425 0
011942 25.125 10.0 20.362 0
012013 25.125 10.0 20.425 0
012043 25.125 10.0 20.425 0
012113 25.125 10.0 20.425 0
012143 25.125 10.0 20.425 0
012213 25.125 10.0 20.425 0
012244 25.125 10.0 20.362 0
012314 25.125 10.0 20.362 0
012344 25.125 10.0 20.362 0
012415 25.125 10.0 20.362 0
012445 25.125 10.0 20.425 0
012515 25.125 10.0 20.425 0
012545 25.125 10.0 20.362 0
012616 25.125 10.0 20.425 0
012646 25.125 10.0 20.425 0
012716 25.125 10.0 20.425 0
012747 25.125 10.0 20.425 0
012817 25.187 10.0 20.362 0
012847 25.187 10.0 20.362 0
012917 25.187 10.0 20.425 0
012948 25.187 10.0 20.362 0
013018 25.187 10.0 20.362 0
013049 25.187 10.0 20.425 0
013119 25.187 10.0 20.425 0
013150 25.187 10.0 20.425 0
013220 25.187 10.0 20.362 0
013251 25.187 10.0 20.425 0
013321 25.187 10.0 20.425 0
013352 25.187 10.0 20.425 0
013422 25.187 10.0 20.362 0
013453 25.187 10.0 20.425 0
013524 25.187 10.0 20.425 0
013554 25.187 10.0 20.425 0
013624 25.187 10.0 20.425 0
013655 25.187 10.0 20.362 0
013725 25.187 10.0 20.425 0
013755 25.187 10.0 20.362 0
013825 25.187 10.0 20.425 0
013856 25.187 10.0 20.425 0
013927 25.187 10.0 20.425 0
013957 25.187 10.0 20.425 0
014029 25.187 10.0 20.362 0
014100 25.187 10.0 20.362 0
014131 25.187 10.0 20.362 0
014201 25.187 10.0 20.425 0
014232 25.187 10.0 20.425 0
014302 25.187 10.0 20.362 0
014332 25.187 10.0 20.425 0
014403 25.187 10.0 20.425 0
014433 25.187 10.0 20.425 0
014504 25.187 10.0 20.425 0
014534 25.187 10.0 20.425 0
014604 25.187 10.0 20.425 0
014635 25.187 10.0 20.362 0
014705 25.187 10.0 20.425 0
014736 25.187 10.0 20.362 0
014806 25.187 10.0 20.425 0
014837 25.187 10.0 20.425 0
014908 25.187 10.0 20.425 0
014939 25.187 10.0 20.425 0
015009 25.187 10.0 20.425 0
015040 25.187 10.0 20.425 0
015110 25.187 10.0 20.425 0
015141 25.187 10.0 20.425 0
015211 25.187 10.0 20.425 0
015241 25.187 10.0 20.362 0
015312 25.187 10.0 20.425 0
015343 25.187 10.0 20.425 0
015413 25.187 10.0 20.425 0
015444 25.187 10.0 20.362 0
015514 25.187 10.0 20.425 0
015545 25.187 10.0 20.362 0
015616 25.187 10.0 20.425 0
015646 25.187 10.0 20.425 0
015717 25.187 10.0 20.425 0
015747 25.187 10.0 20.425 0
015818 25.187 10.0 20.425 0
015848 25.187 10.0 20.425 0
015918 25.187 10.0 20.425 0
015949 25.187 10.0 20.362 0
020019 25.187 10.0 20.362 0
020049 25.187 10.0 20.362 0
020120 25.187 10.0 20.362 0
020150 25.187 10.0 20.425 0
020221 25.187 10.0 20.425 0
020251 25.187 10.0 20.425 0
020321 25.187 10.0 20.425 0
020351 25.187 10.0 20.425 0
020422 25.187 10.0 20.425 0
020452 25.187 10.0 20.425 0
020522 25.187 10.0 20.425 0
020552 25.187 10.0 20.425 0
020623 25.187 10.0 20.425 0
020654 25.187 10.0 20.425 0
020724 25.187 10.0 20.425 0
020754 25.187 10.0 20.425 0
020824 25.187 10.0 20.425 0
020855 25.187 10.0 20.425 0
020926 25.187 10.0 20.425 0
020956 25.187 10.0 20.425 0
021026 25.187 10.0 20.362 0
021056 25.187 10.0 20.425 0
021127 25.187 10.0 20.425 0
021157 25.187 10.0 20.425 0
021228 25.187 10.0 20.425 0
021258 25.187 10.0 20.362 0
021328 25.187 10.0 20.425 0
021359 25.187 10.0 20.425 0
021429 25.187 10.0 20.425 0
021500 25.187 10.0 20.425 0
021530 25.187 10.0 20.425 0
021601 25.187 10.0 20.425 0
021631 25.187 10.0 20.425 0
021701 25.187 10.0 20.425 0
021732 25.187 10.0 20.425 0
021804 25.187 10.0 20.425 0
021835 25.187 10.0 20.425 0
021905 25.187 10.0 20.425 0
021936 25.187 10.0 20.425 0
022006 25.187 10.0 20.425 0
022036 25.187 10.0 20.425 0
022106 25.187 10.0 20.425 0
022137 25.187 10.0 20.425 0
022207 25.187 10.0 20.425 0
022238 25.187 10.0 20.425 0
022308 25.187 10.0 20.425 0
022338 25.187 10.0 20.425 0
022408 25.187 10.0 20.425 0
022439 25.187 10.0 20.425 0
022509 25.187 10.0 20.425 0
022539 25.187 10.0 20.425 0
022610 25.187 10.0 20.425 0
022640 25.187 10.0 20.425 0
022711 25.187 10.0 20.425 0
022741 25.187 10.0 20.425 0
022812 25.187 10.0 20.425 0
022842 25.187 10.0 20.425 0
022913 25.187 10.0 20.425 0
022944 25.187 10.0 20.425 0
023014 25.187 10.0 20.425 0
023045 25.187 10.0 20.425 0
023116 25.187 10.0 20.425 0
023146 25.187 10.0 20.425 0
023217 25.187 10.0 20.425 0
023248 25.187 10.0 20.425 0
023318 25.187 10.0 20.425 0
023349 25.187 10.0 20.425 0
023419 25.187 10.0 20.425 0
023450 25.187 10.0 20.425 0
023520 25.187 10.0 20.425 0
023551 25.125 10.0 20.425 0
023621 25.125 10.0 20.425 0
023652 25.125 10.0 20.425 0
023723 25.125 10.0 20.425 0
023753 25.125 10.0 20.425 0
023823 25.187 10.0 20.425 0
023854 25.187 10.0 20.425 0
023925 25.187 10.0 20.425 0
023955 25.187 10.0 20.425 0
024026 25.187 10.0 20.425 0
024056 25.125 10.0 20.425 0
024126 25.125 10.0 20.425 0
024156 25.125 10.0 20.425 0
024227 25.125 10.0 20.425 0
024257 25.125 10.0 20.425 0
024328 25.125 10.0 20.425 0
024358 25.125 10.0 20.425 0
024428 25.125 10.0 20.425 0
024459 25.125 10.0 20.425 0
024529 25.125 10.0 20.425 0
024559 25.125 10.0 20.425 0
024630 25.125 10.0 20.425 0
024700 25.125 10.0 20.425 0
024730 25.125 10.0 20.425 0
024801 25.125 10.0 20.425 0
024831 25.125 10.0 20.425 0
024902 25.125 10.0 20.425 0
024932 25.125 10.0 20.425 0
025003 25.125 10.0 20.425 0
025033 25.125 10.0 20.425 0
025103 25.125 10.0 20.425 0
025134 25.125 10.0 20.425 0
025204 25.125 10.0 20.425 0
025234 25.125 10.0 20.425 0
025304 25.125 10.0 20.425 0
025335 25.125 10.0 20.425 0
025405 25.125 10.0 20.425 0
025436 25.125 10.0 20.425 0
025506 25.125 10.0 20.425 0
025536 25.125 10.0 20.425 0
025607 25.125 10.0 20.425 0
025637 25.125 10.0 20.425 0
025707 25.125 10.0 20.425 0
025738 25.125 10.0 20.425 0
025811 25.125 10.0 20.425 0
025841 25.125 10.0 20.425 0
025912 25.125 10.0 20.425 0
025942 25.125 10.0 20.425 0
030012 25.125 10.0 20.425 0
030042 25.125 10.0 20.425 0
030113 25.125 10.0 20.425 0
030143 25.125 10.0 20.425 0
030213 25.125 10.0 20.425 0
030243 25.125 10.0 20.425 0
030313 25.125 10.0 20.425 0
030344 25.125 10.0 20.425 0
030414 25.125 10.0 20.425 0
030445 25.125 10.0 20.425 0
030515 25.125 10.0 20.425 0
030545 25.125 10.0 20.425 0
030616 25.125 10.0 20.425 0
030646 25.125 10.0 20.425 0
030717 25.125 10.0 20.425 0
030747 25.125 10.0 20.425 0
030817 25.062 10.0 20.425 0
030847 25.062 10.0 20.425 0
030918 25.062 10.0 20.425 0
030948 25.062 10.0 20.425 0
031018 25.062 10.0 20.425 0
031049 25.125 10.0 20.425 0
031119 25.125 10.0 20.425 0
031150 25.125 10.0 20.425 0
031220 25.125 10.0 20.425 0
031251 25.125 10.0 20.425 0
031321 25.125 10.0 20.425 0
031352 25.125 10.0 20.425 0
031422 25.125 10.0 20.425 0
031453 25.125 10.0 20.425 0
031523 25.125 10.0 20.425 0
031554 25.125 10.0 20.425 0
031625 25.125 10.0 20.425 0
031655 25.125 10.0 20.425 0
031726 25.125 10.0 20.425 0
031757 25.125 10.0 20.425 0
031827 25.125 10.0 20.425 0
031858 25.125 10.0 20.425 0
031928 25.125 10.0 20.425 0
031959 25.125 10.0 20.425 0
032030 25.125 10.0 20.425 0
032100 25.062 10.0 20.425 0
032131 25.062 10.0 20.425 0
032201 25.062 10.0 20.425 0
032232 25.062 10.0 20.425 0
032302 25.062 10.0 20.425 0
032333 25.125 10.0 20.425 0
032403 25.125 10.0 20.425 0
032433 25.125 10.0 20.425 0
032503 25.125 10.0 20.425 0
032534 25.125 10.0 20.425 0
032605 25.125 10.0 20.425 0
032635 25.125 10.0 20.425 0
032705 25.125 10.0 20.425 0
032736 25.125 10.0 20.425 0
032806 25.125 10.0 20.425 0
032836 25.125 10.0 20.425 0
032907 25.125 10.0 20.425 0
032937 25.125 10.0 20.425 0
033008 25.125 10.0 20.425 0
033038 25.125 10.0 20.425 0
033108 25.125 10.0 20.425 0
033138 25.125 10.0 20.425 0
033208 25.125 10.0 20.425 0
033239 25.125 10.0 20.425 0
033309 25.125 10.0 20.425 0
033339 25.062 10.0 20.425 0
033410 25.062 10.0 20.425 0
033441 25.062 10.0 20.425 0
033512 25.062 10.0 20.425 0
033542 25.062 10.0 20.425 0
033613 25.062 10.0 20.425 0
033643 25.062 10.0 20.425 0
033713 25.062 10.0 20.425 0
033744 25.062 10.0 20.425 0
033816 25.125 10.0 20.425 0
033847 25.125 10.0 20.425 0
033917 25.125 10.0 20.425 0
033947 25.125 10.0 20.425 0
034018 25.125 10.0 20.425 0
034048 25.062 10.0 20.425 0
034119 25.062 10.0 20.425 0
034149 25.062 10.0 20.425 0
034220 25.062 10.0 20.425 0
034251 25.062 10.0 20.425 0
034321 25.125 10.0 20.425 0
034351 25.125 10.0 20.425 0
034421 25.125 10.0 20.425 0
034451 25.125 10.0 20.425 0
034522 25.125 10.0 20.425 0
034552 25.062 10.0 20.425 0
034623 25.062 10.0 20.425 0
034653 25.062 10.0 20.425 0
034723 25.062 10.0 20.425 0
034754 25.062 10.0 20.425 0
034824 25.062 10.0 20.425 0
034855 25.062 10.0 20.425 0
034925 25.062 10.0 20.425 0
034955 25.062 10.0 20.362 0
035026 25.062 10.0 20.425 0
035056 25.062 10.0 20.425 0
035126 25.062 10.0 20.425 0
035156 25.062 10.0 20.425 0
035226 25.062 10.0 20.425 0
035257 25.062 10.0 20.425 0
035328 25.062 10.0 20.425 0
035358 25.062 10.0 20.425 0
035429 25.062 10.0 20.425 0
035500 25.062 10.0 20.425 0
035531 25.062 10.0 20.425 0
035601 25.062 10.0 20.425 0
035632 25.062 10.0 20.425 0
035703 25.062 10.0 20.425 0
035734 25.062 10.0 20.425 0
035804 25.062 10.0 20.425 0
035834 25.062 10.0 20.425 0
035905 25.062 10.0 20.425 0
035935 25.062 10.0 20.425 0
040005 25.062 10.0 20.425 0
040035 25.062 10.0 20.425 0
040106 25.125 10.0 20.425 0
040136 25.125 10.0 20.425 0
040206 25.125 10.0 20.425 0
040237 25.125 10.0 20.425 0
040308 25.125 10.0 20.425 0
040338 25.062 10.0 20.425 0
040408 25.062 10.0 20.425 0
040439 25.062 10.0 20.425 0
040509 25.062 10.0 20.425 0
040539 25.062 10.0 20.425 0
040610 25.125 10.0 20.425 0
040640 25.125 10.0 20.425 0
040711 25.125 10.0 20.425 0
040741 25.125 10.0 20.425 0
040811 25.125 10.0 20.425 0
040842 25.062 10.0 20.425 0
040912 25.062 10.0 20.425 0
040942 25.062 10.0 20.425 0
041013 25.062 10.0 20.425 0
041043 25.062 10.0 20.425 0
041113 25.125 10.0 20.425 0
041144 25.125 10.0 20.425 0
041214 25.125 10.0 20.425 0
041244 25.125 10.0 20.425 0
041315 25.125 10.0 20.425 0
041345 25.125 10.0 20.425 0
041415 25.125 10.0 20.425 0
041446 25.125 10.0 20.425 0
041516 25.125 10.0 20.425 0
041547 25.125 10.0 20.425 0
041617 25.062 10.0 20.425 0
041647 25.062 10.0 20.425 0
041718 25.062 10.0 20.425 0
041748 25.062 10.0 20.425 0
041819 25.062 10.0 20.425 0
041850 25.062 10.0 20.425 0
041920 25.062 10.0 20.425 0
041951 25.062 10.0 20.425 0
042022 25.062 10.0 20.425 0
042053 25.062 10.0 20.425 0
042124 25.062 10.0 20.425 0
042154 25.062 10.0 20.425 0
042225 25.062 10.0 20.425 0
042256 25.062 10.0 20.425 0
042326 25.062 10.0 20.425 0
042357 25.062 10.0 20.425 0
042427 25.062 10.0 20.425 0
042458 25.062 10.0 20.425 0
042528 25.062 10.0 20.425 0
042558 25.062 10.0 20.425 0
042629 25.062 10.0 20.425 0
042700 25.062 10.0 20.425 0
042730 25.062 10.0 20.425 0
042801 25.062 10.0 20.425 0
042831 25.062 10.0 20.425 0
042901 25.062 10.0 20.425 0
042931 25.062 10.0 20.425 0
043002 25.062 10.0 20.425 0
043032 25.062 10.0 20.425 0
043102 25.125 10.0 20.425 0
043133 25.125 10.0 20.425 0
043203 25.125 10.0 20.425 0
043233 25.125 10.0 20.425 0
043303 25.125 10.0 20.425 0
043333 25.125 10.0 20.425 0
043404 25.125 10.0 20.425 0
043434 25.125 10.0 20.425 0
043504 25.125 10.0 20.425 0
043534 25.125 10.0 20.425 0
043604 25.125 10.0 20.425 0
043634 25.125 10.0 20.425 0
043705 25.125 10.0 20.425 0
043735 25.125 10.0 20.425 0
043805 25.125 10.0 20.425 0
043836 25.125 10.0 20.425 0
043907 25.125 10.0 20.425 0
043937 25.125 10.0 20.425 0
044008 25.125 10.0 20.425 0
044038 25.125 10.0 20.425 0
044108 25.062 10.0 20.425 0
044138 25.062 10.0 20.425 0
044208 25.062 10.0 20.425 0
044238 25.062 10.0 20.425 0
044309 25.062 10.0 20.425 0
044339 25.062 10.0 20.425 0
044410 25.062 10.0 20.425 0
044440 25.062 10.0 20.425 0
044511 25.062 10.0 20.425 0
044541 25.062 10.0 20.425 0
044611 25.062 10.0 20.425 0
044641 25.062 10.0 20.425 0
044712 25.062 10.0 20.425 0
044742 25.062 10.0 20.425 0
044812 25.062 10.0 20.425 0
044842 25.062 10.0 20.425 0
044913 25.062 10.0 20.425 0
044943 25.062 10.0 20.425 0
045013 25.062 10.0 20.425 0
045044 25.062 10.0 20.425 0
045114 25.062 10.0 20.425 0
045145 25.062 10.0 20.425 0
045216 25.062 10.0 20.425 0
045246 25.062 10.0 20.425 0
045317 25.062 10.0 20.425 0
045347 25.062 10.0 20.425 0
045417 25.062 10.0 20.425 0
045448 25.062 10.0 20.425 0
045518 25.062 10.0 20.425 0
045549 25.062 10.0 20.425 0
045620 25.062 10.0 20.425 0
045650 25.062 10.0 20.425 0
045720 25.062 10.0 20.425 0
045751 25.062 10.0 20.425 0
045821 25.062 10.0 20.425 0
045851 25.062 10.0 20.425 0
045921 25.062 10.0 20.425 0
045952 25.062 10.0 20.425 0
050022 25.062 10.0 20.425 0
050052 25.062 10.0 20.425 0
050122 25.0 10.0 20.425 0
050153 25.0 10.0 20.425 0
050223 25.0 10.0 20.425 0
050253 25.0 10.0 20.425 0
050323 25.0 10.0 20.425 0
050354 25.0 10.0 20.425 0
050424 25.0 10.0 20.425 0
050454 25.0 10.0 20.425 0
050524 25.0 10.0 20.425 0
050555 25.0 10.0 20.425 0
050625 25.0 10.0 20.425 0
050655 25.0 10.0 20.425 0
050726 25.0 10.0 20.425 0
050756 25.0 10.0 20.425 0
050827 25.0 10.0 20.425 0
050857 25.0 10.0 20.425 0
050927 25.0 10.0 20.425 0
050957 25.0 10.0 20.425 0
051027 25.0 10.0 20.425 0
051058 25.0 10.0 20.425 0
051128 25.0 10.0 20.425 0
051158 25.0 10.0 20.425 0
051228 25.0 10.0 20.425 0
051258 25.0 10.0 20.425 0
051331 24.937 10.0 20.425 0
051401 24.937 10.0 20.425 0
051432 24.937 10.0 20.425 0
051503 24.937 10.0 20.425 0
051533 24.937 10.0 20.425 0
051604 25.0 10.0 20.425 0
051634 25.0 10.0 20.425 0
051705 25.0 10.0 20.425 0
051735 25.0 10.0 20.425 0
051806 25.0 10.0 20.425 0
051836 25.0 10.0 20.425 0
051907 25.0 10.0 20.425 0
051937 25.0 10.0 20.425 0
052008 25.0 10.0 20.425 0
052038 25.0 10.0 20.425 0
052109 25.0 10.0 20.425 0
052139 25.0 10.0 20.425 0
052210 25.0 10.0 20.425 0
052240 25.0 10.0 20.425 0
052311 25.0 10.0 20.425 0
052341 24.937 10.0 20.425 0
052411 24.937 10.0 20.425 0
052442 24.937 10.0 20.425 0
052512 24.937 10.0 20.425 0
052542 24.937 10.0 20.425 0
052612 24.937 10.0 20.425 0
052643 24.937 10.0 20.425 0
052713 24.937 10.0 20.425 0
052743 24.937 10.0 20.425 0
052814 24.937 10.0 20.425 0
052845 24.937 10.0 20.425 0
052915 24.937 10.0 20.425 0
052946 24.937 10.0 20.425 0
053016 24.937 10.0 20.425 0
053046 24.937 10.0 20.425 0
053116 24.937 10.0 20.425 0
053147 24.937 10.0 20.425 0
053217 24.937 10.0 20.425 0
053248 24.937 10.0 20.425 0
053318 24.937 10.0 20.425 0
053348 24.937 10.0 20.425 0
053419 24.937 10.0 20.425 0
053449 24.937 10.0 20.425 0
053519 24.937 10.0 20.425 0
053549 24.937 10.0 20.425 0
053620 24.937 10.0 20.425 0
053651 24.937 10.0 20.425 0
053721 24.937 10.0 20.425 0
053751 24.937 10.0 20.425 0
053822 24.937 10.0 20.425 0
053852 24.937 10.0 20.425 0
053922 24.937 10.0 20.425 0
053952 24.937 10.0 20.425 0
054022 24.937 10.0 20.425 0
054053 24.937 10.0 20.425 0
054123 24.937 10.0 20.425 0
054153 24.937 10.0 20.425 0
054223 24.937 10.0 20.425 0
054254 24.937 10.0 20.425 0
054324 24.937 10.0 20.425 0
054355 24.937 10.0 20.425 0
054426 24.937 10.0 20.425 0
054456 24.937 10.0 20.425 0
054526 24.937 10.0 20.425 0
054557 24.937 10.0 20.425 0
054627 24.937 10.0 20.425 0
054657 24.937 10.0 20.425 0
054727 24.937 10.0 20.425 0
054758 24.937 10.0 20.425 0
054828 24.937 10.0 20.425 0
054859 24.937 10.0 20.425 0
054929 24.937 10.0 20.425 0
054959 24.937 10.0 20.425 0
055029 24.937 10.0 20.425 0
055100 24.937 10.0 20.425 0
055130 24.937 10.0 20.425 0
055201 24.937 10.0 20.425 0
055232 24.937 10.0 20.425 0
055303 24.937 10.0 20.425 0
055333 24.937 10.0 20.425 0
055404 24.937 10.0 20.425 0
055435 24.937 10.0 20.425 0
055505 24.937 10.0 20.425 0
055536 24.937 10.0 20.425 0
055607 24.937 10.0 20.425 0
055638 24.937 10.0 20.425 0
055709 24.937 10.0 20.425 0
055739 24.937 10.0 20.425 0
055810 24.937 10.0 20.425 0
055840 24.937 10.0 20.425 0
055911 24.937 10.0 20.425 0
055941 24.937 10.0 20.425 0
060012 24.937 10.0 20.425 0
060042 24.937 10.0 20.425 0
060113 24.937 10.0 20.425 0
060144 24.937 10.0 20.425 0
060214 24.937 10.0 20.425 0
060245 24.937 10.0 20.425 0
060316 24.937 10.0 20.425 0
060346 24.875 10.0 20.425 0
060417 24.875 10.0 20.425 0
060447 24.875 10.0 20.425 0
060518 24.875 10.0 20.425 0
060549 24.875 10.0 20.425 0
060619 24.875 10.0 20.425 0
060649 24.875 10.0 20.425 0
060719 24.875 10.0 20.425 0
060750 24.875 10.0 20.425 0
060820 24.875 10.0 20.425 0
060850 24.875 10.0 20.425 0
060921 24.875 10.0 20.425 0
060951 24.875 10.0 20.425 0
061021 24.875 10.0 20.425 0
061051 24.875 10.0 20.425 0
061121 24.875 10.0 20.425 0
061152 24.875 10.0 20.425 0
061222 24.875 10.0 20.425 0
061252 24.875 10.0 20.425 0
061323 24.875 10.0 20.425 0
061353 24.875 10.0 20.425 0
061424 24.875 10.0 20.425 0
061454 24.875 10.0 20.425 0
061524 24.875 10.0 20.425 0
061554 24.875 10.0 20.425 0
061624 24.875 10.0 20.425 0
061655 24.875 10.0 20.425 0
061725 24.875 10.0 20.425 0
061755 24.875 10.0 20.425 0
061825 24.875 10.0 20.425 0
061855 24.875 10.0 20.425 0
061926 24.875 10.0 20.425 0
061957 24.875 10.0 20.425 0
062027 24.875 10.0 20.425 0
062058 24.875 10.0 20.425 0
062128 24.875 10.0 20.425 0
062158 24.875 10.0 20.425 0
062229 24.875 10.0 20.425 0
062259 24.875 10.0 20.425 0
062330 24.875 10.0 20.425 0
062400 24.875 10.0 20.425 0
062431 24.875 10.0 20.425 0
062501 24.875 10.0 20.425 0
062532 24.875 10.0 20.425 0
062603 24.875 10.0 20.425 0
062633 24.875 10.0 20.425 0
062704 24.875 10.0 20.425 0
062734 24.875 10.0 20.425 0
062805 24.875 10.0 20.425 0
062835 24.875 10.0 20.425 0
062905 24.875 10.0 20.425 0
062936 24.875 10.0 20.425 0
063006 24.875 10.0 20.425 0
063036 24.875 10.0 20.425 0
063106 24.875 10.0 20.425 0
063136 24.875 10.0 20.425 0
063207 24.875 10.0 20.425 0
063237 24.875 10.0 20.425 0
063307 24.875 10.0 20.425 0
063338 24.875 10.0 20.425 0
063408 24.875 10.0 20.425 0
063439 24.875 10.0 20.425 0
063509 24.875 10.0 20.425 0
063539 24.875 10.0 20.425 0
063610 24.875 10.0 20.425 0
063640 24.875 10.0 20.425 0
063711 24.875 10.0 20.425 0
063741 24.875 10.0 20.425 0
063812 24.875 10.0 20.425 0
063844 24.875 10.0 20.425 0
063914 24.875 10.0 20.425 0
063944 24.875 10.0 20.425 0
064015 24.875 10.0 20.425 0
064045 24.875 10.0 20.425 0
064116 24.875 10.0 20.425 0
064146 24.875 10.0 20.425 0
064217 24.875 10.0 20.425 0
064247 24.875 10.0 20.425 0
064317 24.875 10.0 20.425 0
064348 24.812 10.0 20.425 0
064418 24.812 10.0 20.425 0
064449 24.812 10.0 20.425 0
064519 24.812 10.0 20.425 0
064549 24.812 10.0 20.425 0
064620 24.812 10.0 20.425 0
064650 24.812 10.0 20.425 0
064721 24.812 10.0 20.425 0
064751 24.812 10.0 20.425 0
064821 24.812 10.0 20.425 0
064851 24.812 10.0 20.425 0
064922 24.812 10.0 20.425 0
064953 24.812 10.0 20.425 0
065023 24.812 10.0 20.425 0
065054 24.812 10.0 20.425 0
065124 24.812 10.0 20.425 0
065155 24.812 10.0 20.425 0
065225 24.812 10.0 20.425 0
065255 24.812 10.0 20.425 0
065326 24.812 10.0 20.425 0
065356 24.812 10.0 20.425 0
065426 24.812 10.0 20.425 0
065457 24.812 10.0 20.425 0
065528 24.812 10.0 20.425 0
065558 24.812 10.0 20.425 0
065629 24.812 10.0 20.425 0
065659 24.812 10.0 20.425 0
065729 24.812 10.0 20.425 0
065759 24.812 10.0 20.425 0
065830 24.812 10.0 20.425 0
065900 24.812 10.0 20.425 0
065931 24.812 10.0 20.425 0
070002 24.812 10.0 20.425 0
070033 24.812 10.0 20.425 0
070103 24.812 10.0 20.425 0
070133 24.812 10.0 20.425 0
070203 24.812 10.0 20.425 0
070234 24.812 10.0 20.425 0
070304 24.812 10.0 20.425 0
070335 24.812 10.0 20.425 0
070406 24.75 10.0 20.425 0
070436 24.75 10.0 20.425 0
070506 24.75 10.0 20.425 0
070536 24.75 10.0 20.425 0
070607 24.75 10.0 20.425 0
070637 24.812 10.0 20.425 0
070707 24.812 10.0 20.425 0
070738 24.812 10.0 20.425 0
070808 24.812 10.0 20.425 0
070838 24.812 10.0 20.425 0
070908 24.812 10.0 20.425 0
070939 24.812 10.0 20.425 0
071009 24.812 10.0 20.425 0
071040 24.812 10.0 20.425 0
071110 24.812 10.0 20.425 0
071141 24.75 10.0 20.425 0
071212 24.75 10.0 20.425 0
071242 24.75 10.0 20.425 0
071312 24.75 10.0 20.425 0
071342 24.75 10.0 20.425 0
071413 24.75 10.0 20.425 0
071443 24.75 10.0 20.425 0
071514 24.75 10.0 20.425 0
071545 24.75 10.0 20.425 0
071615 24.75 10.0 20.425 0
071646 24.75 10.0 20.425 0
071716 24.75 10.0 20.425 0
071746 24.75 10.0 20.425 0
071816 24.75 10.0 20.425 0
071849 24.75 10.0 20.425 0
071919 24.75 10.0 20.425 0
071950 24.75 10.0 20.425 0
072020 24.75 10.0 20.425 0
072050 24.75 10.0 20.425 0
072121 24.75 10.0 20.425 0
072151 24.75 10.0 20.425 0
072222 24.75 10.0 20.425 0
072252 24.75 10.0 20.425 0
072323 24.75 10.0 20.425 0
072353 24.75 10.0 20.425 0
072424 24.75 10.0 20.425 0
072455 24.75 10.0 20.425 0
072525 24.75 10.0 20.425 0
072556 24.75 10.0 20.425 0
072626 24.75 10.0 20.425 0
072656 24.75 10.0 20.425 0
072727 24.75 10.0 20.425 0
072757 24.75 10.0 20.425 0
072827 24.75 10.0 20.425 0
072857 24.75 10.0 20.425 0
072927 24.75 10.0 20.425 0
072957 24.75 10.0 20.425 0
073028 24.75 10.0 20.425 0
073059 24.75 10.0 20.425 0
073129 24.75 10.0 20.425 0
073159 24.75 10.0 20.425 0
073230 24.75 10.0 20.425 0
073300 24.75 10.0 20.425 0
073331 24.75 10.0 20.425 0
073401 24.75 10.0 20.425 0
073432 24.75 10.0 20.425 0
073502 24.75 10.0 20.425 0
073533 24.75 10.0 20.425 0
073603 24.75 10.0 20.425 0
073634 24.687 10.0 20.425 0
073704 24.687 10.0 20.425 0
073735 24.687 10.0 20.425 0
073805 24.687 10.0 20.425 0
073836 24.687 10.0 20.425 0
073906 24.687 10.0 20.425 0
073937 24.687 10.0 20.425 0
074007 24.687 10.0 20.425 0
074037 24.687 10.0 20.425 0
074108 24.687 10.0 20.425 0
074138 24.687 10.0 20.425 0
074209 24.687 10.0 20.425 0
074239 24.687 10.0 20.425 0
074309 24.687 10.0 20.425 0
074340 24.687 10.0 20.425 0
074410 24.687 10.0 20.425 0
074440 24.687 10.0 20.425 0
074511 24.687 10.0 20.425 0
074541 24.687 10.0 20.425 0
074611 24.687 10.0 20.425 0
074642 24.687 10.0 20.425 0
074712 24.687 10.0 20.425 0
074742 24.687 10.0 20.425 0
074813 24.687 10.0 20.425 0
074843 24.687 10.0 20.425 0
074914 24.687 10.0 20.425 0
074944 24.687 10.0 20.425 0
075015 24.687 10.0 20.425 0
075045 24.687 10.0 20.425 0
075115 24.687 10.0 20.425 0
075145 24.625 10.0 20.425 0
075216 24.625 10.0 20.425 0
075247 24.625 10.0 20.425 0
075318 24.625 10.0 20.425 0
075348 24.625 10.0 20.425 0
075419 24.562 10.0 20.425 0
075449 24.562 10.0 20.425 0
075520 24.562 10.0 20.425 0
075550 24.562 10.0 20.425 0
075623 24.562 10.0 20.425 0
075653 24.562 10.0 20.425 0
075724 24.562 10.0 20.425 0
075755 24.562 10.0 20.425 0
075826 24.562 10.0 20.425 0
075856 24.562 10.0 20.425 0
075926 24.562 10.0 20.425 0
075957 24.562 10.0 20.425 0
080027 24.562 10.0 20.425 0
080057 24.562 10.0 20.425 0
080127 24.5 10.0 20.425 0
080158 24.5 10.0 20.425 0
080228 24.5 10.0 20.425 0
080259 24.5 10.0 20.425 0
080329 24.5 10.0 20.425 0
080400 24.562 10.0 20.425 0
080430 24.562 10.0 20.425 0
080500 24.562 10.0 20.425 0
080530 24.562 10.0 20.425 0
080601 24.562 10.0 20.425 0
080631 24.5 10.0 20.425 0
080701 24.5 10.0 20.425 0
080731 24.5 10.0 20.425 0
080801 24.5 10.0 20.425 0
080832 24.5 10.0 20.425 0
080903 24.562 10.0 20.425 0
080934 24.562 10.0 20.425 0
081004 24.562 10.0 20.425 0
081034 24.562 10.0 20.425 0
081104 24.562 10.0 20.425 0
081134 24.5 10.0 20.425 0
081204 24.5 10.0 20.425 0
081235 24.5 10.0 20.425 0
081306 24.5 10.0 20.425 0
081336 24.5 10.0 20.425 0
081407 24.5 10.0 20.425 0
081437 24.5 10.0 20.425 0
081508 24.5 10.0 20.425 0
081538 24.5 10.0 20.425 0
081608 24.5 10.0 20.425 0
081639 24.562 10.0 20.425 0
081709 24.562 10.0 20.425 0
081739 24.562 10.0 20.425 0
081810 24.562 10.0 20.425 0
081840 24.562 10.0 20.425 0
081911 24.562 10.0 20.425 0
081942 24.562 10.0 20.425 0
082012 24.562 10.0 20.425 0
082043 24.562 10.0 20.425 0
082113 24.562 10.0 20.425 0
082143 24.562 10.0 20.425 0
082213 24.562 10.0 20.425 0
082244 24.562 10.0 20.425 0
082315 24.562 10.0 20.425 0
082345 24.562 10.0 20.425 0
082415 24.625 10.0 20.425 0
082446 24.625 10.0 20.425 0
082516 24.625 10.0 20.425 0
082546 24.625 10.0 20.425 0
082616 24.625 10.0 20.425 0
082646 24.562 10.0 20.425 0
082717 24.562 10.0 20.425 0
082747 24.562 10.0 20.425 0
082817 24.562 10.0 20.425 0
082847 24.562 10.0 20.425 0
082918 24.562 10.0 20.425 0
082948 24.562 10.0 20.425 0
083019 24.562 10.0 20.425 0
083049 24.562 10.0 20.425 0
083119 24.562 10.0 20.425 0
083149 24.562 10.0 20.425 0
083219 24.562 10.0 20.425 0
083250 24.562 10.0 20.425 0
083320 24.562 10.0 20.425 0
083351 24.562 10.0 20.425 0
083421 24.625 10.0 20.425 0
083451 24.625 10.0 20.425 0
083521 24.625 10.0 20.425 0
083552 24.625 10.0 20.425 0
083622 24.625 10.0 20.425 0
083652 24.562 10.0 20.425 0
083722 24.562 10.0 20.425 0
083753 24.562 10.0 20.425 0
083824 24.562 10.0 20.425 0
083854 24.562 10.0 20.425 0
083925 24.562 10.0 20.425 0
083956 24.562 10.0 20.425 0
084026 24.562 10.0 20.425 0
084057 24.562 10.0 20.425 0
084128 24.562 10.0 20.425 0
084158 24.5 10.0 20.425 0
084228 24.5 10.0 20.425 0
084258 24.5 10.0 20.425 0
084329 24.5 10.0 20.425 0
084402 24.5 10.0 20.425 0
084433 24.5 10.0 20.425 0
084504 24.5 10.0 20.425 0
084534 24.5 10.0 20.425 0
084605 24.5 10.0 20.425 0
084635 24.562 10.0 20.425 0
084706 24.562 10.0 20.425 0
084737 24.562 10.0 20.425 0
084808 24.562 10.0 20.425 0
084838 24.562 10.0 20.425 0
084908 24.5 10.0 20.425 0
084938 24.5 10.0 20.425 0
085008 24.5 10.0 20.425 0
085038 24.5 10.0 20.425 0
085109 24.5 10.0 20.425 0
085140 24.562 10.0 20.425 0
085210 24.562 10.0 20.425 0
085240 24.562 10.0 20.425 0
085311 24.562 10.0 20.425 0
085341 24.562 10.0 20.425 0
085411 24.562 10.0 20.425 0
085441 24.562 10.0 20.425 0
085512 24.562 10.0 20.425 0
085542 24.562 10.0 20.425 0
085612 24.562 10.0 20.425 0
085642 24.562 10.0 20.425 0
085713 24.562 10.0 20.425 0
085743 24.562 10.0 20.425 0
085813 24.562 10.0 20.425 0
085843 24.562 10.0 20.425 0
085913 24.562 10.0 20.425 0
085944 24.562 10.0 20.425 0
090014 24.562 10.0 20.425 0
090045 24.562 10.0 20.425 0
090115 24.562 10.0 20.425 0
090145 24.562 10.0 20.425 0
090216 24.562 10.0 20.425 0
090246 24.562 10.0 20.425 0
090316 24.562 10.0 20.425 0
090346 24.562 10.0 20.425 0
090417 24.562 10.0 20.425 0
090447 24.562 10.0 20.425 0
090518 24.562 10.0 20.425 0
090548 24.562 10.0 20.425 0
090618 24.562 10.0 20.425 0
090648 24.562 10.0 20.425 0
090719 24.562 10.0 20.425 0
090750 24.562 10.0 20.425 0
090821 24.562 10.0 20.425 0
090851 24.562 10.0 20.425 0
090921 24.562 10.0 20.425 0
090952 24.562 10.0 20.425 0
091022 24.562 10.0 20.425 0
091053 24.562 10.0 20.425 0
091123 24.562 10.0 20.425 0
091153 24.562 10.0 20.425 0
091223 24.562 10.0 20.425 0
091254 24.562 10.0 20.425 0
091324 24.562 10.0 20.425 0
091355 24.562 10.0 20.425 0
091426 24.562 10.0 20.425 0
091456 24.562 10.0 20.425 0
091527 24.562 10.0 20.425 0
091557 24.562 10.0 20.425 0
091627 24.562 10.0 20.425 0
091658 24.562 10.0 20.425 0
091729 24.562 10.0 20.425 0
091759 24.562 10.0 20.425 0
091830 24.562 10.0 20.425 0
091900 24.562 10.0 20.425 0
091930 24.562 10.0 20.425 0
092001 24.562 10.0 20.425 0
092032 24.562 10.0 20.425 0
092103 24.562 10.0 20.425 0
092136 24.562 10.0 20.425 0
092206 24.562 10.0 20.425 0
092236 24.562 10.0 20.425 0
092307 24.562 10.0 20.425 0
092337 24.562 10.0 20.425 0
092408 24.562 10.0 20.425 0
092438 24.562 10.0 20.425 0
092508 24.562 10.0 20.425 0
092538 24.562 10.0 20.425 0
092608 24.562 10.0 20.425 0
092639 24.562 10.0 20.425 0
092709 24.562 10.0 20.425 0
092739 24.562 10.0 20.425 0
092809 24.562 10.0 20.425 0
092840 24.562 10.0 20.425 0
092910 24.562 10.0 20.425 0
092941 24.562 10.0 20.425 0
093011 24.562 10.0 20.425 0
093041 24.562 10.0 20.425 0
093111 24.562 10.0 20.425 0
093142 24.562 10.0 20.425 0
093212 24.562 10.0 20.425 0
093242 24.562 10.0 20.425 0
093312 24.562 10.0 20.425 0
093342 24.562 10.0 20.425 0
093412 24.562 10.0 20.425 0
093443 24.562 10.0 20.425 0
093513 24.562 10.0 20.425 0
093544 24.562 10.0 20.425 0
093614 24.562 10.0 20.425 0
093644 24.5 10.0 20.425 0
093714 24.5 10.0 20.425 0
093744 24.5 10.0 20.425 0
093815 24.5 10.0 20.425 0
093845 24.5 10.0 20.425 0
093916 24.5 10.0 20.425 0
093946 24.5 10.0 20.425 0
094017 24.5 10.0 20.425 0
094047 24.5 10.0 20.425 0
094117 24.5 10.0 20.425 0
094148 24.5 10.0 20.425 0
094218 24.5 10.0 20.425 0
094248 24.5 10.0 20.425 0
094319 24.5 10.0 20.425 0
094349 24.5 10.0 20.425 0
094419 24.562 10.0 20.425 0
094450 24.562 10.0 20.425 0
094520 24.562 10.0 20.425 0
094551 24.562 10.0 20.425 0
094621 24.562 10.0 20.425 0
094652 24.562 10.0 20.425 0
094723 24.562 10.0 20.425 0
094753 24.562 10.0 20.425 0
094824 24.562 10.0 20.425 0
094855 24.562 10.0 20.425 0
094925 24.562 10.0 20.425 0
094956 24.562 10.0 20.425 0
095027 24.562 10.0 20.425 0
095057 24.562 10.0 20.425 0
095128 24.562 10.0 20.425 0
095158 24.562 10.0 20.425 0
095229 24.562 10.0 20.425 0
095300 24.562 10.0 20.425 0
095331 24.562 10.0 20.425 0
095401 24.562 10.0 20.425 0
095431 24.625 10.0 20.425 0
095502 24.625 10.0 20.425 0
095532 24.625 10.0 20.425 0
095603 24.625 10.0 20.425 0
095633 24.625 10.0 20.425 0
095703 24.562 10.0 20.425 0
095733 24.562 10.0 20.425 0
095803 24.562 10.0 20.425 0
095834 24.562 10.0 20.425 0
095904 24.562 10.0 20.425 0
095934 24.5 10.0 20.425 0
100004 24.5 10.0 20.425 0
100035 24.5 10.0 20.425 0
100105 24.5 10.0 20.425 0
100136 24.5 10.0 20.425 0
100206 24.5 10.0 20.425 0
100237 24.5 10.0 20.425 0
100307 24.5 10.0 20.425 0
100338 24.5 10.0 20.425 0
100410 24.5 10.0 20.425 0
100440 24.5 10.0 20.425 0
100511 24.5 10.0 20.425 0
100542 24.5 10.0 20.425 0
100612 24.5 10.0 20.425 0
100643 24.562 10.0 20.425 0
100713 24.562 10.0 20.425 0
100743 24.562 10.0 20.425 0
100814 24.562 10.0 20.425 0
100844 24.562 10.0 20.425 0
100914 24.562 10.0 20.425 0
100945 24.562 10.0 20.425 0
101015 24.562 10.0 20.425 0
101045 24.562 10.0 20.425 0
101115 24.562 10.0 20.425 0
101146 24.562 10.0 20.425 0
101216 24.562 10.0 20.425 0
101247 24.562 10.0 20.425 0
101318 24.562 10.0 20.425 0
101348 24.562 10.0 20.425 0
101418 24.562 10.0 20.425 0
101449 24.562 10.0 20.425 0
101519 24.562 10.0 20.425 0
101550 24.562 10.0 20.425 0
101620 24.562 10.0 20.425 0
101650 24.562 10.0 20.425 0
101720 24.562 10.0 20.425 0
101750 24.562 10.0 20.425 0
101821 24.562 10.0 20.425 0
101851 24.562 10.0 20.425 0
101922 24.5 10.0 20.425 0
101953 24.5 10.0 20.425 0
102023 24.5 10.0 20.425 0
102054 24.5 10.0 20.425 0
102125 24.5 10.0 20.425 0
102155 24.5 10.0 20.425 0
102225 24.5 10.0 20.425 0
102256 24.5 10.0 20.425 0
102326 24.5 10.0 20.425 0
102357 24.5 10.0 20.425 0
102428 24.562 10.0 20.425 0
102458 24.562 10.0 20.425 0
102528 24.562 10.0 20.425 0
102559 24.562 10.0 20.425 0
102629 24.562 10.0 20.425 0
102659 24.562 10.0 20.425 0
102730 24.562 10.0 20.425 0
102800 24.562 10.0 20.425 0
102830 24.562 10.0 20.425 0
102901 24.562 10.0 20.425 0
102931 24.562 10.0 20.425 0
103001 24.562 10.0 20.425 0
103032 24.562 10.0 20.425 0
103102 24.562 10.0 20.425 0
103133 24.562 10.0 20.425 0
103203 24.562 10.0 20.425 0
103234 24.562 10.0 20.425 0
103304 24.562 10.0 20.425 0
103334 24.562 10.0 20.425 0
103405 24.562 10.0 20.425 0
103436 24.562 10.0 20.425 0
103506 24.562 10.0 20.425 0
103537 24.562 10.0 20.425 0
103607 24.562 10.0 20.425 0
103637 24.562 10.0 20.425 0
103707 24.5 10.0 20.425 0
103738 24.5 10.0 20.425 0
103809 24.5 10.0 20.425 0
103840 24.5 10.0 20.425 0
103910 24.5 10.0 20.425 0
103941 24.562 10.0 20.425 0
104012 24.562 10.0 20.425 0
104042 24.562 10.0 20.425 0
104112 24.562 10.0 20.425 0
104145 24.562 10.0 20.425 0
104215 24.562 10.0 20.425 0
104246 24.562 10.0 20.425 0
104316 24.562 10.0 20.425 0
104346 24.562 10.0 20.425 0
104416 24.562 10.0 20.425 0
104447 24.562 10.0 20.425 0
104517 24.562 10.0 20.425 0
104547 24.562 10.0 20.425 0
104618 24.562 10.0 20.425 0
104648 24.562 10.0 20.425 0
104718 24.562 10.0 20.425 0
104748 24.562 10.0 20.425 0
104819 24.562 10.0 20.425 0
104849 24.562 10.0 20.425 0
104919 24.562 10.0 20.425 0
104950 24.562 10.0 20.425 0
105020 24.562 10.0 20.425 0
105050 24.562 10.0 20.425 0
105121 24.562 10.0 20.425 0
105151 24.625 10.0 20.425 0
105222 24.625 10.0 20.425 0
105252 24.625 10.0 20.425 0
105322 24.625 10.0 20.425 0
105353 24.625 10.0 20.425 0
105423 24.562 10.0 20.425 0
105454 24.562 10.0 20.425 0
105524 24.562 10.0 20.425 0
105555 24.562 10.0 20.425 0
105625 24.562 10.0 20.425 0
105656 24.562 10.0 20.425 0
105727 24.562 10.0 20.425 0
105757 24.562 10.0 20.425 0
105828 24.562 10.0 20.425 0
105858 24.562 10.0 20.425 0
105929 24.562 10.0 20.425 0
105959 24.562 10.0 20.425 0
110030 24.562 10.0 20.425 0
110101 24.562 10.0 20.425 0
110131 24.562 10.0 20.425 0
110202 24.5 10.0 20.425 0
110232 24.5 10.0 20.425 0
110302 24.5 10.0 20.425 0
110332 24.5 10.0 20.425 0
110403 24.5 10.0 20.425 0
110433 24.562 10.0 20.425 0
110503 24.562 10.0 20.425 0
110533 24.562 10.0 20.425 0
110603 24.562 10.0 20.425 0
110634 24.562 10.0 20.425 0
110704 24.562 10.0 20.425 0
110734 24.562 10.0 20.425 0
110804 24.562 10.0 20.425 0
110834 24.562 10.0 20.425 0
110904 24.562 10.0 20.425 0
110935 24.562 10.0 20.425 0
111005 24.562 10.0 20.425 0
111035 24.562 10.0 20.425 0
111106 24.562 10.0 20.425 0
111136 24.562 10.0 20.425 0
111207 24.562 10.0 20.425 0
111237 24.562 10.0 20.425 0
111308 24.562 10.0 20.425 0
111338 24.562 10.0 20.425 0
111408 24.562 10.0 20.425 0
111439 24.562 10.0 20.425 0
111510 24.562 10.0 20.425 0
111541 24.562 10.0 20.425 0
111611 24.562 10.0 20.425 0
111641 24.562 10.0 20.425 0
111711 24.562 10.0 20.425 0
111741 24.562 10.0 20.425 0
111811 24.562 10.0 20.425 0
111842 24.562 10.0 20.425 0
111912 24.562 10.0 20.425 0
111943 24.562 10.0 20.425 0
112013 24.562 10.0 20.425 0
112044 24.562 10.0 20.425 0
112114 24.562 10.0 20.425 0
112145 24.562 10.0 20.425 0
112215 24.562 10.0 20.425 0
112245 24.562 10.0 20.425 0
112315 24.562 10.0 20.425 0
112345 24.562 10.0 20.425 0
112415 24.562 10.0 20.425 0
112446 24.5 10.0 20.425 0
112516 24.5 10.0 20.425 0
112547 24.5 10.0 20.425 0
112617 24.5 10.0 20.425 0
112648 24.5 10.0 20.425 0
112718 24.5 10.0 20.425 0
112749 24.5 10.0 20.425 0
112820 24.5 10.0 20.425 0
112850 24.5 10.0 20.425 0
112921 24.5 10.0 20.425 0
112951 24.5 10.0 20.425 0
113022 24.5 10.0 20.425 0
113052 24.5 10.0 20.425 0
113123 24.5 10.0 20.425 0
113154 24.562 10.0 20.425 0
113224 24.562 10.0 20.425 0
113255 24.562 10.0 20.425 0
113326 24.562 10.0 20.425 0
113356 24.562 10.0 20.425 0
113427 24.562 10.0 20.425 0
113457 24.562 10.0 20.425 0
113528 24.562 10.0 20.425 0
113559 24.562 10.0 20.425 0
113630 24.562 10.0 20.425 0
113700 24.5 10.0 20.425 0
113730 24.5 10.0 20.425 0
113800 24.5 10.0 20.425 0
113831 24.5 10.0 20.425 0
113901 24.5 10.0 20.425 0
113931 24.562 10.0 20.425 0
114001 24.562 10.0 20.425 0
114032 24.562 10.0 20.425 0
114103 24.562 10.0 20.425 0
114133 24.562 10.0 20.425 0
114204 24.562 10.0 20.425 0
114234 24.562 10.0 20.425 0
114304 24.562 10.0 20.425 0
114334 24.562 10.0 20.425 0
114405 24.562 10.0 20.425 0
114435 24.562 10.0 20.425 0
114506 24.562 10.0 20.425 0
114537 24.562 10.0 20.425 0
114607 24.562 10.0 20.425 0
114638 24.562 10.0 20.425 0
114709 24.5 10.0 20.425 0
114739 24.5 10.0 20.425 0
114810 24.5 10.0 20.425 0
114841 24.5 10.0 20.425 0
114911 24.5 10.0 20.425 0
114941 24.562 10.0 20.425 0
115011 24.562 10.0 20.425 0
115041 24.562 10.0 20.425 0
115112 24.562 10.0 20.425 0
115142 24.562 10.0 20.425 0
115212 24.562 10.0 20.425 0
115243 24.562 10.0 20.425 0
115314 24.562 10.0 20.425 0
115344 24.562 10.0 20.425 0
115414 24.562 10.0 20.425 0
115444 24.562 10.0 20.425 0
115515 24.562 10.0 20.425 0
115545 24.562 10.0 20.425 0
115615 24.562 10.0 20.425 0
115646 24.562 10.0 20.425 0
115716 24.625 10.0 20.425 0
115746 24.625 10.0 20.425 0
115817 24.625 10.0 20.425 0
115847 24.625 10.0 20.425 0
115918 24.625 10.0 20.425 0
115949 24.625 10.0 20.425 0
120019 24.625 10.0 20.425 0
120049 24.625 10.0 20.425 0
120119 24.625 10.0 20.425 0
120150 24.625 10.0 20.425 0
120220 24.687 10.0 20.425 0
120251 24.687 10.0 20.425 0
120321 24.687 10.0 20.425 0
120351 24.687 10.0 20.425 0
120421 24.687 10.0 20.425 0
120451 24.687 10.0 20.425 0
120522 24.687 10.0 20.425 0
120552 24.687 10.0 20.425 0
120623 24.687 10.0 20.425 0
120655 24.75 10.0 20.425 0
120725 24.75 10.0 20.425 0
120755 24.75 10.0 20.425 0
120826 24.75 10.0 20.425 0
120857 24.75 10.0 20.425 0
120928 24.75 10.0 20.425 0
120958 24.75 10.0 20.425 0
121028 24.75 10.0 20.425 0
121058 24.75 10.0 20.425 0
121129 24.75 10.0 20.425 0
121159 24.75 10.0 20.425 0
121230 24.75 10.0 20.425 0
121300 24.75 10.0 20.425 0
121330 24.75 10.0 20.425 0
121400 24.75 10.0 20.425 0
121430 24.75 10.0 20.425 0
121501 24.75 10.0 20.425 0
121531 24.75 10.0 20.425 0
121601 24.75 10.0 20.425 0
121631 24.75 10.0 20.425 0
121702 24.75 10.0 20.425 0
121733 24.75 10.0 20.425 0
121803 24.75 10.0 20.425 0
121833 24.75 10.0 20.425 0
121904 24.75 10.0 20.425 0
121934 24.75 10.0 20.425 0
122004 24.75 10.0 20.425 0
122034 24.75 10.0 20.425 0
122105 24.75 10.0 20.425 0
122135 24.75 10.0 20.425 0
122206 24.75 10.0 20.425 0
122236 24.75 10.0 20.425 0
122307 24.75 10.0 20.425 0
122337 24.75 10.0 20.425 0
122407 24.75 10.0 20.425 0
122437 24.75 10.0 20.425 0
122508 24.75 10.0 20.425 0
122538 24.75 10.0 20.425 0
122608 24.75 10.0 20.425 0
122638 24.75 10.0 20.425 0
122709 24.75 10.0 20.425 0
122739 24.75 10.0 20.425 0
122810 24.75 10.0 20.425 0
122841 24.75 10.0 20.425 0
122911 24.75 10.0 20.425 0
122941 24.75 10.0 20.425 0
123011 24.75 10.0 20.425 0
123041 24.75 10.0 20.425 0
123112 24.75 10.0 20.425 0
123142 24.75 10.0 20.425 0
123212 24.75 10.0 20.425 0
123242 24.75 10.0 20.425 0
123313 24.75 10.0 20.425 0
123343 24.75 10.0 20.425 0
123413 24.75 10.0 20.425 0
123444 24.687 10.0 20.425 0
123514 24.687 10.0 20.425 0
123544 24.687 10.0 20.425 0
123615 24.687 10.0 20.425 0
123646 24.687 10.0 20.425 0
123716 24.687 10.0 20.425 0
123747 24.687 10.0 20.425 0
123817 24.687 10.0 20.425 0
123847 24.687 10.0 20.425 0
123917 24.687 10.0 20.425 0
123947 24.75 10.0 20.425 0
124017 24.75 10.0 20.425 0
124048 24.75 10.0 20.425 0
124118 24.75 10.0 20.425 0
124148 24.75 10.0 20.425 0
124219 24.75 10.0 20.425 0
124249 24.75 10.0 20.425 0
124319 24.75 10.0 20.425 0
124350 24.75 10.0 20.425 0
124420 24.75 10.0 20.425 0
124451 24.75 10.0 20.425 0
124521 24.75 10.0 20.425 0
124551 24.75 10.0 20.425 0
124621 24.75 10.0 20.425 0
124652 24.75 10.0 20.425 0
124722 24.75 10.0 20.425 0
124752 24.75 10.0 20.425 0
124822 24.75 10.0 20.425 0
124852 24.75 10.0 20.425 0
124923 24.75 10.0 20.425 0
124953 24.75 10.0 20.425 0
125023 24.75 10.0 20.425 0
125054 24.75 10.0 20.425 0
125124 24.75 10.0 20.425 0
125155 24.75 10.0 20.425 0
125225 24.75 10.0 20.425 0
125255 24.75 10.0 20.425 0
125325 24.75 10.0 20.425 0
125356 24.75 10.0 20.425 0
125426 24.75 10.0 20.425 0
125456 24.75 10.0 20.425 0
125526 24.75 10.0 20.425 0
125557 24.75 10.0 20.425 0
125627 24.75 10.0 20.425 0
125658 24.75 10.0 20.425 0
125728 24.812 10.0 20.425 0
125759 24.812 10.0 20.425 0
125829 24.812 10.0 20.425 0
125859 24.812 10.0 20.425 0
125932 24.812 10.0 20.425 0
130002 24.812 10.0 20.425 0
130033 24.812 10.0 20.425 0
130103 24.812 10.0 20.425 0
130134 24.812 10.0 20.425 0
130204 24.812 10.0 20.425 0
130234 24.812 10.0 20.425 0
130305 24.812 10.0 20.425 0
130335 24.812 10.0 20.425 0
130405 24.812 10.0 20.425 0
130435 24.875 10.0 20.425 0
130505 24.875 10.0 20.425 0
130536 24.875 10.0 20.425 0
130606 24.875 10.0 20.425 0
130636 24.875 10.0 20.425 0
130707 24.875 10.0 20.425 0
130737 24.875 10.0 20.425 0
130807 24.875 10.0 20.425 0
130837 24.875 10.0 20.425 0
130907 24.875 10.0 20.425 0
130938 24.875 10.0 20.425 0
131008 24.875 10.0 20.425 0
131039 24.875 10.0 20.425 0
131110 24.875 10.0 20.425 0
131140 24.875 10.0 20.425 0
131211 24.875 10.0 20.425 0
131241 24.875 10.0 20.425 0
131312 24.875 10.0 20.425 0
131342 24.875 10.0 20.425 0
131413 24.875 10.0 20.425 0
131443 24.875 10.0 20.425 0
131513 24.875 10.0 20.425 0
131544 24.875 10.0 20.425 0
131615 24.875 10.0 20.425 0
131645 24.875 10.0 20.425 0
131715 24.875 10.0 20.425 0
131746 24.875 10.0 20.425 0
131816 24.875 10.0 20.425 0
131846 24.875 10.0 20.425 0
131916 24.875 10.0 20.425 0
131947 24.937 10.0 20.425 0
132017 24.937 10.0 20.425 0
132048 24.937 10.0 20.425 0
132118 24.937 10.0 20.425 0
132149 24.937 10.0 20.425 0
132220 24.937 10.0 20.425 0
132250 24.937 10.0 20.425 0
132320 24.937 10.0 20.425 0
132351 24.937 10.0 20.425 0
132422 24.937 10.0 20.425 0
132453 25.0 10.0 20.425 0
132523 25.0 10.0 20.425 0
132553 25.0 10.0 20.425 0
132624 25.0 10.0 20.425 0
132654 25.0 10.0 20.425 0
132724 24.937 10.0 20.425 0
132754 24.937 10.0 20.425 0
132824 24.937 10.0 20.425 0
132855 24.937 10.0 20.425 0
132926 24.937 10.0 20.425 0
132956 24.937 10.0 20.425 0
133027 24.937 10.0 20.425 0
133057 24.937 10.0 20.425 0
133127 24.937 10.0 20.425 0
133158 24.937 10.0 20.425 0
133228 25.0 10.0 20.425 0
133259 25.0 10.0 20.425 0
133330 25.0 10.0 20.425 0
133400 25.0 10.0 20.425 0
133430 25.0 10.0 20.425 0
133501 25.0 10.0 20.425 0
133531 25.0 10.0 20.425 0
133601 25.0 10.0 20.425 0
133632 25.0 10.0 20.425 0
133702 25.0 10.0 20.425 0
133732 25.0 10.0 20.425 0
133803 25.0 10.0 20.425 0
133834 25.0 10.0 20.425 0
133904 25.0 10.0 20.425 0
133934 25.0 10.0 20.425 0
134004 25.0 10.0 20.425 0
134035 25.0 10.0 20.425 0
134105 25.0 10.0 20.425 0
134136 25.0 10.0 20.425 0
134208 25.0 10.0 20.425 0
134239 25.0 10.0 20.425 0
134309 25.0 10.0 20.425 0
134339 25.0 10.0 20.425 0
134410 25.0 10.0 20.425 0
134440 25.0 10.0 20.425 0
134511 25.0 10.0 20.425 0
134541 25.0 10.0 20.425 0
134611 25.0 10.0 20.425 0
134642 25.0 10.0 20.425 0
134712 25.0 10.0 20.425 0
134742 25.0 10.0 20.425 0
134813 25.0 10.0 20.425 0
134844 25.0 10.0 20.425 0
134914 25.0 10.0 20.425 0
134945 25.0 10.0 20.425 0
135015 25.0 10.0 20.425 0
135046 25.0 10.0 20.425 0
135117 25.0 10.0 20.425 0
135148 25.0 10.0 20.425 0
135218 25.062 10.0 20.425 0
135249 25.062 10.0 20.425 0
135319 25.062 10.0 20.425 0
135349 25.062 10.0 20.425 0
135420 25.062 10.0 20.425 0
135450 25.062 10.0 20.425 0
135521 25.062 10.0 20.425 0
135551 25.062 10.0 20.425 0
135622 25.062 10.0 20.425 0
135652 25.062 10.0 20.425 0
135723 25.062 10.0 20.425 0
135753 25.062 10.0 20.425 0
135823 25.062 10.0 20.425 0
135854 25.062 10.0 20.425 0
135924 25.062 10.0 20.425 0
135954 25.062 10.0 20.425 0
140024 25.062 10.0 20.425 0
140054 25.062 10.0 20.425 0
140125 25.062 10.0 20.425 0
140155 25.062 10.0 20.425 0
140225 25.062 10.0 20.425 0
140255 25.062 10.0 20.425 0
140326 25.062 10.0 20.425 0
140356 25.062 10.0 20.425 0
140427 25.062 10.0 20.425 0
140457 25.062 10.0 20.425 0
140527 25.062 10.0 20.425 0
140557 25.062 10.0 20.425 0
140628 25.062 10.0 20.425 0
140659 25.062 10.0 20.425 0
140729 25.062 10.0 20.425 0
140759 25.062 10.0 20.425 0
140829 25.062 10.0 20.425 0
140900 25.062 10.0 20.425 0
140930 25.062 10.0 20.425 0
141001 25.062 10.0 20.425 0
141031 25.062 10.0 20.425 0
141101 25.062 10.0 20.425 0
141131 25.062 10.0 20.425 0
141201 25.062 10.0 20.425 0
141232 25.125 10.0 20.425 0
141302 25.125 10.0 20.425 0
141333 25.125 10.0 20.425 0
141403 25.125 10.0 20.425 0
141434 25.125 10.0 20.425 0
141504 25.187 10.0 20.425 0
141534 25.187 10.0 20.425 0
141604 25.187 10.0 20.425 0
141634 25.187 10.0 20.425 0
141705 25.187 10.0 20.425 0
141735 25.25 10.0 20.425 0
141805 25.25 10.0 20.425 0
141836 25.25 10.0 20.425 0
141906 25.25 10.0 20.425 0
141936 25.25 10.0 20.425 0
142007 25.187 10.0 20.425 0
142037 25.187 10.0 20.425 0
142107 25.187 10.0 20.425 0
142138 25.187 10.0 20.425 0
142208 25.187 10.0 20.425 0
142239 25.187 10.0 20.425 0
142309 25.187 10.0 20.425 0
142339 25.187 10.0 20.425 0
142409 25.187 10.0 20.425 0
142440 25.187 10.0 20.425 0
142510 25.187 10.0 20.425 0
142540 25.187 10.0 20.425 0
142611 25.187 10.0 20.425 0
142642 25.187 10.0 20.425 0
142712 25.187 10.0 20.425 0
142743 25.187 10.0 20.425 0
142813 25.187 10.0 20.425 0
142844 25.187 10.0 20.425 0
142915 25.187 10.0 20.425 0
142946 25.187 10.0 20.425 0
143017 25.187 10.0 20.425 0
143048 25.187 10.0 20.425 0
143118 25.187 10.0 20.425 0
143149 25.187 10.0 20.425 0
143220 25.125 10.0 20.425 0
143250 25.125 10.0 20.425 0
143320 25.125 10.0 20.425 0
143350 25.125 10.0 20.425 0
143421 25.125 10.0 20.425 0
143451 25.187 10.0 20.425 0
143522 25.187 10.0 20.425 0
143552 25.187 10.0 20.425 0
143622 25.187 10.0 20.425 0
143653 25.187 10.0 20.425 0
143723 25.25 10.0 20.425 0
143753 25.25 10.0 20.425 0
143824 25.25 10.0 20.425 0
143854 25.25 10.0 20.425 0
143924 25.25 10.0 20.425 0
143954 25.25 10.0 20.425 0
144025 25.25 10.0 20.425 0
144056 25.25 10.0 20.425 0
144126 25.25 10.0 20.425 0
144157 25.25 10.0 20.425 0
144228 25.25 10.0 20.425 0
144259 25.25 10.0 20.425 0
144329 25.25 10.0 20.425 0
144400 25.25 10.0 20.425 0
144430 25.25 10.0 20.425 0
144501 25.25 10.0 20.425 0
144531 25.25 10.0 20.425 0
144601 25.25 10.0 20.425 0
144631 25.25 10.0 20.425 0
144701 25.25 10.0 20.425 0
144731 25.25 10.0 20.425 0
144801 25.25 10.0 20.425 0
144832 25.25 10.0 20.425 0
144903 25.25 10.0 20.425 0
144933 25.25 10.0 20.425 0
145004 25.25 10.0 20.425 0
145034 25.25 10.0 20.425 0
145104 25.25 10.0 20.425 0
145135 25.25 10.0 20.425 0
145205 25.25 10.0 20.425 0
145235 25.312 10.0 20.425 0
145305 25.312 10.0 20.425 0
145336 25.312 10.0 20.425 0
145406 25.312 10.0 20.425 0
145436 25.312 10.0 20.425 0
145507 25.312 10.0 20.425 0
145537 25.312 10.0 20.425 0
145607 25.312 10.0 20.425 0
145638 25.312 10.0 20.425 0
145708 25.312 10.0 20.425 0
145739 25.312 10.0 20.425 0
145809 25.312 10.0 20.425 0
145839 25.312 10.0 20.425 0
145910 25.312 10.0 20.425 0
145940 25.312 10.0 20.425 0
150010 25.437 10.0 20.425 0
150041 25.437 10.0 20.425 0
150111 25.437 10.0 20.425 0
150141 25.437 10.0 20.425 0
150212 25.437 10.0 20.425 0
150242 25.437 10.0 20.425 0
150312 25.437 10.0 20.425 0
150343 25.437 10.0 20.425 0
150413 25.437 10.0 20.425 0
150443 25.437 10.0 20.425 0
150514 25.437 10.0 20.425 0
150544 25.437 10.0 20.425 0
150615 25.437 10.0 20.425 0
150645 25.437 10.0 20.425 0
150716 25.437 10.0 20.425 0
150746 25.437 10.0 20.425 0
150816 25.437 10.0 20.425 0
150846 25.437 10.0 20.425 0
150916 25.437 10.0 20.425 0
150947 25.437 10.0 20.425 0
151017 25.375 10.0 20.425 0
151047 25.375 10.0 20.425 0
151118 25.375 10.0 20.425 0
151148 25.375 10.0 20.425 0
151221 25.437 10.0 20.425 0
151251 25.437 10.0 20.425 0
151322 25.437 10.0 20.425 0
151352 25.437 10.0 20.425 0
151423 25.437 10.0 20.425 0
151453 25.5 10.0 20.425 0
151523 25.5 10.0 20.425 0
151554 25.5 10.0 20.425 0
151624 25.5 10.0 20.425 0
151654 25.5 10.0 20.425 0
151725 25.437 10.0 20.425 0
151755 25.437 10.0 20.425 0
151826 25.437 10.0 20.425 0
151856 25.437 10.0 20.425 0
151926 25.437 10.0 20.425 0
151956 25.375 10.0 20.425 0
152027 25.375 10.0 20.425 0
152057 25.375 10.0 20.425 0
152127 25.375 10.0 20.425 0
152158 25.375 10.0 20.425 0
152228 25.5 10.0 20.425 0
152259 25.5 10.0 20.425 0
152329 25.5 10.0 20.425 0
152400 25.5 10.0 20.425 0
152431 25.5 10.0 20.425 0
152501 25.625 10.0 20.425 0
152532 25.625 10.0 20.425 0
152603 25.625 10.0 20.425 0
152634 25.625 10.0 20.425 0
152704 25.625 10.0 20.425 0
152734 25.687 10.0 20.425 0
152805 25.687 10.0 20.425 0
152835 25.687 10.0 20.425 0
152906 25.687 10.0 20.425 0
152936 25.687 10.0 20.425 0
153007 25.812 10.0 20.425 0
153038 25.812 10.0 20.425 0
153108 25.812 10.0 20.425 0
153138 25.812 10.0 20.425 0
153209 25.812 10.0 20.425 0
153240 25.812 10.0 20.425 0
153310 25.812 10.0 20.425 0
153341 25.812 10.0 20.425 0
153411 25.812 10.0 20.425 0
153441 25.812 10.0 20.425 0
153512 25.812 10.0 20.425 0
153542 25.812 10.0 20.425 0
153613 25.812 10.0 20.425 0
153643 25.812 10.0 20.425 0
153713 25.812 10.0 20.425 0
153744 25.75 10.0 20.425 0
153814 25.75 10.0 20.425 0
153844 25.75 10.0 20.425 0
153914 25.75 10.0 20.425 0
153945 25.75 10.0 20.425 0
154015 25.687 10.0 20.425 0
154046 25.687 10.0 20.425 0
154116 25.687 10.0 20.425 0
154147 25.687 10.0 20.425 0
154218 25.687 10.0 20.425 0
154248 25.625 10.0 20.425 0
154318 25.625 10.0 20.425 0
154349 25.625 10.0 20.425 0
154419 25.625 10.0 20.425 0
154449 25.625 10.0 20.425 0
154519 25.562 10.0 20.425 0
154549 25.562 10.0 20.425 0
154620 25.562 10.0 20.425 0
154650 25.562 10.0 20.425 0
154720 25.562 10.0 20.425 0
154750 25.625 10.0 20.425 0
154821 25.625 10.0 20.425 0
154851 25.625 10.0 20.425 0
154921 25.625 10.0 20.425 0
154952 25.625 10.0 20.425 0
155022 25.625 10.0 20.425 0
155053 25.625 10.0 20.425 0
155123 25.625 10.0 20.425 0
155154 25.625 10.0 20.425 0
155226 25.625 10.0 20.425 0
155256 25.625 10.0 20.425 0
155326 25.625 10.0 20.425 0
155357 25.625 10.0 20.425 0
155427 25.625 10.0 20.425 0
155457 25.687 10.0 20.425 0
155527 25.687 10.0 20.425 0
155557 25.687 10.0 20.425 0
155628 25.687 10.0 20.425 0
155658 25.687 10.0 20.425 0
155728 25.625 10.0 20.425 0
155758 25.625 10.0 20.425 0
155829 25.625 10.0 20.425 0
155900 25.625 10.0 20.425 0
155931 25.625 10.0 20.425 0
160001 25.625 10.0 20.425 0
160032 25.625 10.0 20.425 0
160102 25.625 10.0 20.425 0
160132 25.625 10.0 20.425 0
160202 25.625 10.0 20.425 0
160232 25.75 10.0 20.425 0
160304 25.75 10.0 20.425 0
160334 25.75 10.0 20.425 0
160404 25.75 10.0 20.425 0
160435 25.75 10.0 20.425 0
160505 25.812 10.0 20.425 0
160535 25.812 10.0 20.425 0
160606 25.812 10.0 20.425 0
160636 25.812 10.0 20.425 0
160706 25.812 10.0 20.425 0
160737 25.75 10.0 20.425 0
160808 25.75 10.0 20.425 0
160839 25.75 10.0 20.425 0
160910 25.75 10.0 20.425 0
160940 25.75 10.0 20.425 0
161011 25.812 10.0 20.425 0
161041 25.812 10.0 20.425 0
161111 25.812 10.0 20.425 0
161142 25.812 10.0 20.425 0
161212 25.812 10.0 20.425 0
161242 25.812 10.0 20.425 0
161313 25.812 10.0 20.425 0
161343 25.812 10.0 20.425 0
161414 25.812 10.0 20.425 0
161444 25.812 10.0 20.425 0
161514 25.812 10.0 20.425 0
161545 25.812 10.0 20.425 0
161615 25.812 10.0 20.425 0
161646 25.812 10.0 20.425 0
161716 25.812 10.0 20.425 0
161746 25.812 10.0 20.425 0
161816 25.812 10.0 20.425 0
161847 25.812 10.0 20.425 0
161917 25.812 10.0 20.425 0
161948 25.812 10.0 20.425 0
162018 25.812 10.0 20.425 0
162048 25.812 10.0 20.425 0
162118 25.812 10.0 20.425 0
162148 25.812 10.0 20.425 0
162219 25.812 10.0 20.425 0
162249 25.75 10.0 20.425 0
162320 25.75 10.0 20.425 0
162350 25.75 10.0 20.425 0
162420 25.75 10.0 20.425 0
162450 25.75 10.0 20.425 0
162521 25.687 10.0 20.425 0
162551 25.687 10.0 20.425 0
162621 25.687 10.0 20.425 0
162652 25.687 10.0 20.425 0
162722 25.687 10.0 20.425 0
162753 25.75 10.0 20.425 0
162823 25.75 10.0 20.425 0
162853 25.75 10.0 20.425 0
162924 25.75 10.0 20.425 0
162954 25.75 10.0 20.425 0
163024 25.75 10.0 20.425 0
163055 25.75 10.0 20.425 0
163125 25.75 10.0 20.425 0
163155 25.75 10.0 20.425 0
163226 25.75 10.0 20.425 0
163256 25.937 10.0 20.425 0
163327 25.937 10.0 20.425 0
163357 25.937 10.0 20.425 0
163428 25.937 10.0 20.425 0
163458 25.937 10.0 20.425 0
163528 25.937 10.0 20.425 0
163558 25.937 10.0 20.425 0
163629 25.937 10.0 20.425 0
163700 25.937 10.0 20.425 0
163730 25.937 10.0 20.425 0
163800 25.937 10.0 20.425 0
163830 25.937 10.0 20.425 0
163901 25.937 10.0 20.425 0
163932 25.937 10.0 20.425 0
164004 26.0 10.0 20.425 0
164034 26.0 10.0 20.425 0
164105 26.0 10.0 20.425 0
164135 26.0 10.0 20.425 0
164206 26.0 10.0 20.425 0
164236 26.062 10.0 20.425 0
164307 26.062 10.0 20.425 0
164337 26.062 10.0 20.425 0
164407 26.062 10.0 20.425 0
164437 26.062 10.0 20.425 0
164508 26.0 10.0 20.425 0
164539 26.0 10.0 20.425 0
164609 26.0 10.0 20.425 0
164639 26.0 10.0 20.425 0
164709 26.0 10.0 20.425 0
164740 26.0 10.0 20.425 0
164810 26.0 10.0 20.425 0
164840 26.0 10.0 20.425 0
164911 26.0 10.0 20.425 0
164942 26.0 10.0 20.425 0
165012 26.0 10.0 20.425 0
165043 26.0 10.0 20.425 0
165113 26.0 10.0 20.425 0
165144 26.0 10.0 20.425 0
165214 26.0 10.0 20.425 0
165245 26.062 10.0 20.425 0
165315 26.062 10.0 20.425 0
165346 26.062 10.0 20.425 0
165416 26.062 10.0 20.425 0
165446 26.062 10.0 20.425 0
165517 26.0 10.0 20.425 0
165547 26.0 10.0 20.425 0
165618 26.0 10.0 20.425 0
165648 26.0 10.0 20.425 0
165718 26.0 10.0 20.425 0
165749 25.937 10.0 20.425 0
165819 25.937 10.0 20.425 0
165850 25.937 10.0 20.425 0
165921 25.937 10.0 20.425 0
165951 25.937 10.0 20.425 0
170021 25.937 10.0 20.425 0
170052 25.937 10.0 20.425 0
170122 25.937 10.0 20.425 0
170152 25.937 10.0 20.425 0
170222 25.937 10.0 20.425 0
170252 25.937 10.0 20.425 0
170323 25.937 10.0 20.425 0
170354 25.937 10.0 20.425 0
170425 25.937 10.0 20.425 0
170455 25.937 10.0 20.425 0
170525 26.062 10.0 20.425 0
170556 26.062 10.0 20.425 0
170627 26.062 10.0 20.425 0
170658 26.062 10.0 20.425 0
170729 26.062 10.0 20.425 0
170759 26.187 10.0 20.425 0
170829 26.187 10.0 20.425 0
170900 26.187 10.0 20.425 0
170930 26.187 10.0 20.425 0
171001 26.187 10.0 20.425 0
171031 26.25 10.0 20.425 0
171102 26.25 10.0 20.425 0
171133 26.25 10.0 20.425 0
171204 26.25 10.0 20.425 0
171234 26.25 10.0 20.425 0
171304 26.187 10.0 20.425 0
171335 26.187 10.0 20.425 0
171405 26.187 10.0 20.425 0
171435 26.187 10.0 20.425 0
171508 26.187 10.0 20.425 0
171539 26.187 10.0 20.425 0
171609 26.187 10.0 20.425 0
171639 26.187 10.0 20.425 0
171710 26.187 10.0 20.425 0
171740 26.25 10.0 20.425 0
171810 26.25 10.0 20.425 0
171841 26.25 10.0 20.425 0
171911 26.25 10.0 20.425 0
171941 26.25 10.0 20.425 0
172011 26.375 10.0 20.425 0
172042 26.375 10.0 20.425 0
172112 26.375 10.0 20.425 0
172142 26.375 10.0 20.425 0
172213 26.375 10.0 20.425 0
172243 26.25 10.0 20.425 0
172313 26.25 10.0 20.425 0
172343 26.25 10.0 20.425 0
172414 26.25 10.0 20.425 0
172444 26.25 10.0 20.487 0
172514 26.187 10.0 20.425 0
172544 26.187 10.0 20.425 0
172615 26.187 10.0 20.425 0
172645 26.187 10.0 20.425 0
172715 26.187 10.0 20.425 0
172745 26.125 10.0 20.425 0
172816 26.125 10.0 20.425 0
172846 26.125 10.0 20.425 0
172917 26.125 10.0 20.425 0
172947 26.125 10.0 20.425 0
173018 26.125 10.0 20.425 0
173048 26.125 10.0 20.425 0
173118 26.125 10.0 20.425 0
173148 26.125 10.0 20.425 0
173219 26.125 10.0 20.425 0
173249 26.187 10.0 20.425 0
173319 26.187 10.0 20.487 0
173350 26.187 10.0 20.425 0
173421 26.187 10.0 20.425 0
173452 26.187 10.0 20.425 0
173522 26.187 10.0 20.425 0
173553 26.187 10.0 20.425 0
173623 26.187 10.0 20.425 0
173654 26.187 10.0 20.425 0
173724 26.187 10.0 20.425 0
173754 26.125 10.0 20.425 0
173825 26.125 10.0 20.425 0
173855 26.125 10.0 20.425 0
173925 26.125 10.0 20.425 0
173956 26.125 10.0 20.425 0
174026 26.125 10.0 20.425 0
174056 26.125 10.0 20.425 0
174127 26.125 10.0 20.425 0
174157 26.125 10.0 20.425 0
174228 26.125 10.0 20.425 0
174258 26.187 10.0 20.425 0
174329 26.187 10.0 20.425 0
174359 26.187 10.0 20.425 0
174429 26.187 10.0 20.425 0
174500 26.187 10.0 20.425 0
174530 26.187 10.0 20.425 0
174600 26.187 10.0 20.425 0
174630 26.187 10.0 20.425 0
174701 26.187 10.0 20.425 0
174731 26.187 10.0 20.425 0
174801 26.187 10.0 20.425 0
174832 26.187 10.0 20.487 0
174902 26.187 10.0 20.487 0
174932 26.187 10.0 20.425 0
175003 26.187 10.0 20.425 0
175033 26.312 10.0 20.425 0
175103 26.312 10.0 20.425 0
175134 26.312 10.0 20.425 0
175204 26.312 10.0 20.425 0
175234 26.312 10.0 20.425 0
175305 26.312 10.0 20.487 0
175335 26.312 10.0 20.425 0
175405 26.312 10.0 20.425 0
175435 26.312 10.0 20.425 0
175506 26.312 10.0 20.487 0
175537 26.25 10.0 20.425 0
175607 26.25 10.0 20.487 0
175638 26.25 10.0 20.425 0
175709 26.25 10.0 20.425 0
175739 26.25 10.0 20.425 0
175809 26.25 10.0 20.425 0
175840 26.25 10.0 20.425 0
175910 26.25 10.0 20.425 0
175940 26.25 10.0 20.425 0
180010 26.25 10.0 20.487 0
180041 26.25 10.0 20.425 0
180111 26.25 10.0 20.425 0
180141 26.25 10.0 20.425 0
180211 26.25 10.0 20.425 0
180242 26.25 10.0 20.425 0
180312 26.25 10.0 20.425 0
180342 26.25 10.0 20.425 0
180412 26.25 10.0 20.487 0
180443 26.25 10.0 20.425 0
180513 26.25 10.0 20.425 0
180543 26.5 10.0 20.425 0
180614 26.5 10.0 20.425 0
180644 26.5 10.0 20.425 0
180715 26.5 10.0 20.425 0
180748 26.625 10.0 20.425 0
180818 26.625 10.0 20.487 0
180849 26.625 10.0 20.425 0
180920 26.625 10.0 20.425 0
180950 26.625 10.0 20.487 0
181021 26.562 10.0 20.487 0
181051 26.562 10.0 20.425 0
181121 26.562 10.0 20.425 0
181152 26.562 10.0 20.425 0
181222 26.562 10.0 20.425 0
181253 26.562 10.0 20.425 0
181323 26.562 10.0 20.425 0
181354 26.562 10.0 20.487 0
181424 26.562 10.0 20.425 0
181455 26.562 10.0 20.425 0
181525 26.562 10.0 20.487 0
181555 26.562 10.0 20.425 0
181625 26.562 10.0 20.425 0
181656 26.562 10.0 20.425 0
181727 26.562 10.0 20.487 0
181757 26.5 10.0 20.487 0
181828 26.5 10.0 20.425 0
181859 26.5 10.0 20.487 0
181929 26.5 10.0 20.487 0
182000 26.5 10.0 20.487 0
182031 26.5 10.0 20.487 0
182101 26.5 10.0 20.425 0
182132 26.5 10.0 20.425 0
182202 26.5 10.0 20.425 0
182232 26.5 10.0 20.425 0
182303 26.5 10.0 20.487 0
182333 26.5 10.0 20.425 0
182404 26.5 10.0 20.425 0
182435 26.5 10.0 20.425 0
182505 26.5 10.0 20.425 0
182535 26.437 10.0 20.487 0
182605 26.437 10.0 20.425 0
182636 26.437 10.0 20.487 0
182706 26.437 10.0 20.425 0
182736 26.437 10.0 20.425 0
182806 26.437 10.0 20.487 0
182836 26.437 10.0 20.425 0
182907 26.437 10.0 20.425 0
182937 26.437 10.0 20.487 0
183007 26.437 10.0 20.487 0
183037 26.437 10.0 20.487 0
183108 26.437 10.0 20.487 0
183138 26.437 10.0 20.425 0
183208 26.437 10.0 20.425 0
183238 26.437 10.0 20.487 0
183309 26.437 10.0 20.487 0
183339 26.437 10.0 20.425 0
183410 26.437 10.0 20.425 0
183440 26.437 10.0 20.487 0
183511 26.437 10.0 20.487 0
183541 26.562 10.0 20.487 0
183612 26.562 10.0 20.487 0
183643 26.562 10.0 20.487 0
183713 26.562 10.0 20.487 0
183743 26.562 10.0 20.487 0
183813 26.625 10.0 20.425 0
183843 26.625 10.0 20.487 0
183914 26.625 10.0 20.487 0
183944 26.625 10.0 20.487 0
184015 26.625 10.0 20.487 0
184045 26.625 10.0 20.487 0
184115 26.625 10.0 20.487 0
184146 26.625 10.0 20.487 0
184216 26.625 10.0 20.487 0
184246 26.625 10.0 20.487 0
184317 26.625 10.0 20.487 0
184348 26.625 10.0 20.487 0
184418 26.625 10.0 20.487 0
184449 26.625 10.0 20.425 0
184522 26.625 10.0 20.487 0
184552 26.625 10.0 20.487 0
184622 26.625 10.0 20.487 0
184653 26.625 10.0 20.487 0
184723 26.625 10.0 20.425 0
184753 26.687 10.0 20.425 0
184823 26.687 10.0 20.487 0
184854 26.687 10.0 20.487 0
184925 26.687 10.0 20.487 0
184956 26.687 10.0 20.487 0
185026 26.75 10.0 20.487 0
185057 26.75 10.0 20.487 0
185127 26.75 10.0 20.487 0
185157 26.75 10.0 20.487 0
185228 26.75 10.0 20.487 0
185259 26.75 10.0 20.487 0
185329 26.75 10.0 20.487 0
185359 26.75 10.0 20.487 0
185430 26.75 10.0 20.487 0
185500 26.75 10.0 20.487 0
185531 26.812 10.0 20.487 0
185601 26.812 10.0 20.487 0
185632 26.812 10.0 20.487 0
185703 26.812 10.0 20.487 0
185733 26.812 10.0 20.487 0
185803 26.687 10.0 20.487 0
185833 26.687 10.0 20.487 0
185904 26.687 10.0 20.487 0
185935 26.687 10.0 20.487 0
190005 26.687 10.0 20.487 0
190036 26.625 10.0 20.487 0
190106 26.625 10.0 20.487 0
190137 26.625 10.0 20.487 0
190208 26.625 10.0 20.487 0
190238 26.625 10.0 20.487 0
190309 26.625 10.0 20.487 0
190340 26.625 10.0 20.487 0
190410 26.625 10.0 20.487 0
190440 26.625 10.0 20.487 0
190510 26.625 10.0 20.487 0
190540 26.562 10.0 20.487 0
190611 26.562 10.0 20.487 0
190641 26.562 10.0 20.487 0
190711 26.562 10.0 20.487 0
190741 26.562 10.0 20.487 0
190812 26.5 10.0 20.487 0
190842 26.5 10.0 20.487 0
190912 26.5 10.0 20.487 0
190943 26.5 10.0 20.425 0
191013 26.5 10.0 20.487 0
191044 26.5 10.0 20.487 0
191114 26.5 10.0 20.487 0
191145 26.5 10.0 20.487 0
191215 26.5 10.0 20.487 0
191246 26.5 10.0 20.487 0
191316 26.5 10.0 20.487 0
191347 26.5 10.0 20.487 0
191417 26.5 10.0 20.487 0
191447 26.5 10.0 20.487 0
191518 26.5 10.0 20.487 0
191549 26.625 10.0 20.487 0
191619 26.625 10.0 20.487 0
191650 26.625 10.0 20.487 0
191720 26.625 10.0 20.487 0
191751 26.625 10.0 20.487 0
191821 26.625 10.0 20.487 0
191851 26.625 10.0 20.487 0
191922 26.625 10.0 20.487 0
191952 26.625 10.0 20.487 0
192022 26.625 10.0 20.487 0
192052 26.687 10.0 20.487 0
192123 26.687 10.0 20.487 0
192153 26.687 10.0 20.487 0
192223 26.687 10.0 20.487 0
192253 26.687 10.0 20.487 0
192323 26.687 10.0 20.487 0
192354 26.687 10.0 20.487 0
192424 26.687 10.0 20.487 0
192455 26.687 10.0 20.487 0
192527 26.75 10.0 20.487 0
192557 26.75 10.0 20.487 0
192628 26.75 10.0 20.487 0
192658 26.75 10.0 20.487 0
192728 26.75 10.0 20.487 0
192759 26.812 10.0 20.487 0
192830 26.812 10.0 20.487 0
192900 26.812 10.0 20.487 0
192930 26.812 10.0 20.487 0
193000 26.812 10.0 20.487 0
193031 26.875 10.0 20.487 0
193101 26.875 10.0 20.487 0
193132 26.875 10.0 20.487 0
193202 26.875 10.0 20.487 0
193233 26.875 10.0 20.487 0
193304 26.875 10.0 20.487 0
193334 26.875 10.0 20.487 0
193404 26.875 10.0 20.487 0
193434 26.875 10.0 20.487 0
193505 26.875 10.0 20.487 0
193535 26.875 10.0 20.487 0
193606 26.875 10.0 20.487 0
193636 26.875 10.0 20.487 0
193707 26.875 10.0 20.487 0
193737 26.875 10.0 20.487 0
193807 26.875 10.0 20.487 0
193838 26.875 10.0 20.487 0
193909 26.875 10.0 20.487 0
193939 26.875 10.0 20.487 0
194009 26.875 10.0 20.487 0
194039 26.812 10.0 20.487 0
194110 26.812 10.0 20.487 0
194141 26.812 10.0 20.487 0
194211 26.812 10.0 20.487 0
194241 26.812 10.0 20.487 0
194312 26.812 10.0 20.487 0
194342 26.812 10.0 20.487 0
194412 26.812 10.0 20.487 0
194443 26.812 10.0 20.487 0
194513 26.812 10.0 20.487 0
194543 26.812 10.0 20.487 0
194614 26.812 10.0 20.487 0
194644 26.812 10.0 20.487 0
194715 26.812 10.0 20.487 0
194745 26.812 10.0 20.487 0
194815 26.875 10.0 20.487 0
194845 26.875 10.0 20.487 0
194916 26.875 10.0 20.487 0
194947 26.875 10.0 20.487 0
195017 26.875 10.0 20.487 0
195047 26.875 10.0 20.487 0
195118 26.875 10.0 20.487 0
195148 26.875 10.0 20.487 0
195219 26.875 10.0 20.487 0
195250 26.875 10.0 20.487 0
195320 26.875 10.0 20.487 0
195350 26.875 10.0 20.487 0
195421 26.875 10.0 20.487 0
195451 26.875 10.0 20.487 0
195522 26.875 10.0 20.487 0
195552 26.875 10.0 20.487 0
195622 26.875 10.0 20.487 0
195652 26.875 10.0 20.487 0
195723 26.875 10.0 20.487 0
195753 26.875 10.0 20.487 0
195823 26.812 10.0 20.487 0
195854 26.812 10.0 20.487 0
195924 26.812 10.0 20.487 0
195954 26.812 10.0 20.487 0
200024 26.812 10.0 20.487 0
200054 26.812 10.0 20.487 0
200125 26.812 10.0 20.487 0
200155 26.812 10.0 20.487 0
200226 26.812 10.0 20.487 0
200256 26.812 10.0 20.487 0
200326 26.75 10.0 20.487 0
200356 26.75 10.0 20.487 0
200427 26.75 10.0 20.487 0
200457 26.75 10.0 20.487 0
200528 26.75 10.0 20.487 0
200558 26.812 10.0 20.487 0
200629 26.812 10.0 20.487 0
200700 26.812 10.0 20.487 0
200730 26.812 10.0 20.487 0
200802 26.812 10.0 20.487 0
200833 26.812 10.0 20.487 0
200903 26.812 10.0 20.487 0
200934 26.812 10.0 20.487 0
201004 26.812 10.0 20.487 0
201035 26.812 10.0 20.487 0
201105 26.812 10.0 20.487 0
201136 26.812 10.0 20.487 0
201206 26.812 10.0 20.487 0
201236 26.812 10.0 20.487 0
201307 26.812 10.0 20.487 0
201337 26.812 10.0 20.487 0
201408 26.812 10.0 20.487 0
201438 26.812 10.0 20.487 0
201509 26.812 10.0 20.487 0
201540 26.812 10.0 20.487 0
201610 26.812 10.0 20.487 0
201641 26.812 10.0 20.487 0
201711 26.812 10.0 20.487 0
201742 26.812 10.0 20.487 0
201812 26.812 10.0 20.487 0
201842 26.812 10.0 20.487 0
201913 26.812 10.0 20.487 0
201943 26.812 10.0 20.487 0
202013 26.812 10.0 20.487 0
202044 26.812 10.0 20.487 0
202114 26.812 10.0 20.487 0
202144 26.812 10.0 20.487 0
202214 26.812 10.0 20.487 0
202245 26.812 10.0 20.487 0
202315 26.812 10.0 20.487 0
202345 26.812 10.0 20.487 0
202415 26.812 10.0 20.487 0
202445 26.812 10.0 20.487 0
202516 26.812 10.0 20.487 0
202546 26.812 10.0 20.487 0
202616 26.812 10.0 20.487 0
202647 26.812 10.0 20.487 0
202718 26.812 10.0 20.487 0
202749 26.812 10.0 20.487 0
202819 26.812 10.0 20.487 0
202849 26.812 10.0 20.487 0
202919 26.812 10.0 20.487 0
202949 26.812 10.0 20.487 0
203020 26.812 10.0 20.487 0
203050 26.875 10.0 20.487 0
203120 26.875 10.0 20.487 0
203150 26.875 10.0 20.487 0
203220 26.875 10.0 20.487 0
203251 26.875 10.0 20.487 0
203321 26.875 10.0 20.487 0
203352 26.875 10.0 20.487 0
203422 26.875 10.0 20.487 0
203452 26.875 10.0 20.487 0
203523 26.875 10.0 20.487 0
203553 26.875 10.0 20.487 0
203623 26.875 10.0 20.487 0
203653 26.875 10.0 20.487 0
203724 26.875 10.0 20.487 0
203755 26.875 10.0 20.487 0
203826 26.812 10.0 20.487 0
203856 26.812 10.0 20.487 0
203926 26.812 10.0 20.487 0
203956 26.812 10.0 20.487 0
204026 26.812 10.0 20.487 0
204057 26.875 10.0 20.487 0
204127 26.875 10.0 20.487 0
204158 26.875 10.0 20.487 0
204228 26.875 10.0 20.487 0
204259 26.875 10.0 20.487 0
204330 26.875 10.0 20.487 0
204400 26.875 10.0 20.487 0
204430 26.875 10.0 20.487 0
204500 26.875 10.0 20.487 0
204531 26.875 10.0 20.487 0
204601 26.875 10.0 20.487 0
204631 26.875 10.0 20.487 0
204702 26.875 10.0 20.487 0
204732 26.875 10.0 20.487 0
204802 26.875 10.0 20.487 0
204833 26.937 10.0 20.487 0
204904 26.937 10.0 20.487 0
204934 26.937 10.0 20.487 0
205004 26.937 10.0 20.487 0
205034 26.937 10.0 20.487 0
205105 27.0 10.0 20.487 0
205135 27.0 10.0 20.487 0
205205 27.0 10.0 20.487 0
205235 27.0 10.0 20.487 0
205308 27.0 10.0 20.487 0
205339 27.0 10.0 20.487 0
205410 27.0 10.0 20.487 0
205441 27.0 10.0 20.487 0
205511 27.0 10.0 20.487 0
205542 27.0 10.0 20.487 0
205612 27.0 10.0 20.487 0
205642 27.0 10.0 20.487 0
205712 27.0 10.0 20.487 0
205742 27.0 10.0 20.487 0
205813 26.937 10.0 20.487 0
205843 26.937 10.0 20.487 0
205914 26.937 10.0 20.487 0
205944 26.937 10.0 20.487 0
210014 26.937 10.0 20.487 0
210045 26.875 10.0 20.487 0
210115 26.875 10.0 20.487 0
210146 26.875 10.0 20.487 0
210217 26.875 10.0 20.487 0
210247 26.875 10.0 20.487 0
210317 26.875 10.0 20.487 0
210348 26.875 10.0 20.487 0
210418 26.875 10.0 20.487 0
210449 26.875 10.0 20.487 0
210519 26.875 10.0 20.487 0
210549 26.875 10.0 20.487 0
210620 26.875 10.0 20.487 0
210650 26.875 10.0 20.487 0
210721 26.875 10.0 20.487 0
210752 26.875 10.0 20.487 0
210822 26.812 10.0 20.487 0
210853 26.812 10.0 20.487 0
210923 26.812 10.0 20.487 0
210953 26.812 10.0 20.487 0
211024 26.812 10.0 20.487 0
211054 26.875 10.0 20.487 0
211125 26.875 10.0 20.487 0
211156 26.875 10.0 20.487 0
211226 26.875 10.0 20.487 0
211256 26.875 10.0 20.487 0
211327 26.812 10.0 20.487 0
211358 26.812 10.0 20.487 0
211428 26.812 10.0 20.487 0
211459 26.812 10.0 20.487 0
211529 26.812 10.0 20.487 0
211600 26.75 10.0 20.487 0
211630 26.75 10.0 20.487 0
211700 26.75 10.0 20.487 0
211730 26.75 10.0 20.487 0
211800 26.75 10.0 20.487 0
211831 26.75 10.0 20.487 0
211901 26.75 10.0 20.487 0
211932 26.75 10.0 20.487 0
212002 26.75 10.0 20.487 0
212032 26.75 10.0 20.487 0
212102 26.75 10.0 20.487 0
212133 26.75 10.0 20.487 0
212203 26.75 10.0 20.487 0
212233 26.75 10.0 20.487 0
212304 26.75 10.0 20.487 0
212334 26.75 10.0 20.487 0
212405 26.75 10.0 20.487 0
212435 26.75 10.0 20.487 0
212505 26.75 10.0 20.487 0
212536 26.75 10.0 20.487 0
212606 26.687 10.0 20.487 0
212636 26.687 10.0 20.487 0
212707 26.687 10.0 20.487 0
212737 26.687 10.0 20.487 0
212807 26.687 10.0 20.487 0
212838 26.687 10.0 20.487 0
212908 26.687 10.0 20.487 0
212938 26.687 10.0 20.487 0
213009 26.687 10.0 20.487 0
213039 26.687 10.0 20.487 0
213109 26.687 10.0 20.487 0
213139 26.687 10.0 20.487 0
213210 26.687 10.0 20.487 0
213240 26.687 10.0 20.487 0
213311 26.687 10.0 20.487 0
213341 26.687 10.0 20.487 0
213412 26.687 10.0 20.487 0
213442 26.687 10.0 20.487 0
213512 26.687 10.0 20.487 0
213544 26.687 10.0 20.487 0
213615 26.687 10.0 20.487 0
213645 26.687 10.0 20.487 0
213715 26.687 10.0 20.487 0
213745 26.687 10.0 20.487 0
213816 26.687 10.0 20.487 0
213846 26.687 10.0 20.487 0
213916 26.687 10.0 20.487 0
213946 26.687 10.0 20.487 0
214017 26.687 10.0 20.487 0
214047 26.687 10.0 20.487 0
214118 26.687 10.0 20.487 0
214149 26.687 10.0 20.487 0
214219 26.687 10.0 20.487 0
214250 26.687 10.0 20.487 0
214321 26.687 10.0 20.487 0
214351 26.687 10.0 20.487 0
214422 26.687 10.0 20.487 0
214452 26.687 10.0 20.487 0
214522 26.687 10.0 20.487 0
214553 26.687 10.0 20.487 0
214623 26.687 10.0 20.487 0
214653 26.687 10.0 20.487 0
214723 26.687 10.0 20.487 0
214754 26.687 10.0 20.487 0
214825 26.625 10.0 20.487 0
214855 26.625 10.0 20.487 0
214925 26.625 10.0 20.487 0
214955 26.625 10.0 20.487 0
215025 26.625 10.0 20.487 0
215056 26.625 10.0 20.487 0
215127 26.625 10.0 20.487 0
215157 26.625 10.0 20.487 0
215227 26.625 10.0 20.487 0
215258 26.625 10.0 20.487 0
215328 26.625 10.0 20.487 0
215358 26.625 10.0 20.487 0
215429 26.625 10.0 20.487 0
215459 26.625 10.0 20.487 0
215529 26.625 10.0 20.487 0
215600 26.625 10.0 20.487 0
215631 26.625 10.0 20.487 0
215701 26.625 10.0 20.487 0
215732 26.625 10.0 20.487 0
215802 26.625 10.0 20.487 0
215832 26.625 10.0 20.487 0
215903 26.625 10.0 20.487 0
215933 26.625 10.0 20.487 0
220004 26.625 10.0 20.487 0
220034 26.625 10.0 20.487 0
220104 26.625 10.0 20.487 0
220134 26.625 10.0 20.487 0
220204 26.625 10.0 20.487 0
220235 26.625 10.0 20.487 0
220306 26.625 10.0 20.487 0
220336 26.625 10.0 20.487 0
220406 26.625 10.0 20.487 0
220436 26.625 10.0 20.487 0
220507 26.625 10.0 20.487 0
220537 26.625 10.0 20.487 0
220607 26.562 10.0 20.487 0
220638 26.562 10.0 20.487 0
220708 26.562 10.0 20.487 0
220739 26.562 10.0 20.487 0
220809 26.562 10.0 20.487 0
220839 26.625 10.0 20.487 0
220909 26.625 10.0 20.487 0
220939 26.625 10.0 20.487 0
221009 26.625 10.0 20.487 0
221040 26.625 10.0 20.487 0
221110 26.625 10.0 20.487 0
221141 26.625 10.0 20.487 0
221211 26.625 10.0 20.487 0
221241 26.625 10.0 20.487 0
221312 26.625 10.0 20.487 0
221342 26.625 10.0 20.487 0
221412 26.625 10.0 20.487 0
221442 26.625 10.0 20.487 0
221512 26.625 10.0 20.487 0
221543 26.625 10.0 20.487 0
221613 26.625 10.0 20.487 0
221643 26.625 10.0 20.487 0
221713 26.625 10.0 20.487 0
221743 26.625 10.0 20.487 0
221814 26.625 10.0 20.487 0
221844 26.562 10.0 20.487 0
221914 26.562 10.0 20.487 0
221945 26.562 10.0 20.487 0
222015 26.562 10.0 20.487 0
222045 26.562 10.0 20.487 0
222115 26.562 10.0 20.487 0
222146 26.562 10.0 20.487 0
222216 26.562 10.0 20.487 0
222246 26.562 10.0 20.487 0
222319 26.562 10.0 20.487 0
222350 26.562 10.0 20.487 0
222420 26.562 10.0 20.487 0
222451 26.562 10.0 20.487 0
222522 26.562 10.0 20.487 0
222552 26.562 10.0 20.487 0
222623 26.562 10.0 20.487 0
222653 26.562 10.0 20.487 0
222723 26.562 10.0 20.487 0
222753 26.562 10.0 20.487 0
222823 26.562 10.0 20.487 0
222854 26.562 10.0 20.487 0
222925 26.562 10.0 20.487 0
222955 26.562 10.0 20.487 0
223025 26.562 10.0 20.487 0
223056 26.562 10.0 20.487 0
223126 26.562 10.0 20.487 0
223157 26.562 10.0 20.487 0
223227 26.562 10.0 20.487 0
223257 26.562 10.0 20.487 0
223327 26.562 10.0 20.487 0
223357 26.562 10.0 20.487 0
223427 26.562 10.0 20.487 0
223458 26.562 10.0 20.487 0
223528 26.562 10.0 20.487 0
223559 26.562 10.0 20.487 0
223629 26.562 10.0 20.487 0
223659 26.562 10.0 20.487 0
223730 26.562 10.0 20.487 0
223800 26.562 10.0 20.487 0
223831 26.5 10.0 20.487 0
223901 26.5 10.0 20.487 0
223931 26.5 10.0 20.487 0
224002 26.5 10.0 20.487 0
224032 26.5 10.0 20.487 0
224102 26.562 10.0 20.487 0
224133 26.562 10.0 20.487 0
224203 26.562 10.0 20.487 0
224233 26.562 10.0 20.487 0
224303 26.562 10.0 20.487 0
224334 26.562 10.0 20.487 0
224404 26.562 10.0 20.487 0
224434 26.562 10.0 20.487 0
224504 26.562 10.0 20.487 0
224535 26.562 10.0 20.487 0
224605 26.562 10.0 20.487 0
224636 26.562 10.0 20.487 0
224706 26.562 10.0 20.487 0
224737 26.562 10.0 20.487 0
224807 26.562 10.0 20.487 0
224838 26.562 10.0 20.487 0
224908 26.562 10.0 20.487 0
224938 26.562 10.0 20.487 0
225009 26.562 10.0 20.487 0
225040 26.562 10.0 20.487 0
225110 26.562 10.0 20.487 0
225140 26.562 10.0 20.487 0
225211 26.562 10.0 20.487 0
225241 26.562 10.0 20.487 0
225312 26.562 10.0 20.487 0
225343 26.562 10.0 20.487 0
225413 26.562 10.0 20.487 0
225443 26.562 10.0 20.487 0
225513 26.562 10.0 20.487 0
225544 26.562 10.0 20.487 0
225614 26.5 10.0 20.487 0
225644 26.5 10.0 20.487 0
225714 26.5 10.0 20.487 0
225744 26.5 10.0 20.487 0
225815 26.5 10.0 20.487 0
225845 26.5 10.0 20.487 0
225915 26.5 10.0 20.487 0
225946 26.5 10.0 20.487 0
230017 26.5 10.0 20.487 0
230047 26.5 10.0 20.487 0
230118 26.5 10.0 20.487 0
230149 26.5 10.0 20.487 0
230219 26.5 10.0 20.487 0
230250 26.5 10.0 20.487 0
230322 26.5 10.0 20.487 0
230353 26.5 10.0 20.487 0
230424 26.5 10.0 20.487 0
230455 26.5 10.0 20.487 0
230525 26.5 10.0 20.487 0
230556 26.5 10.0 20.487 0
230626 26.5 10.0 20.487 0
230656 26.5 10.0 20.487 0
230727 26.5 10.0 20.487 0
230757 26.5 10.0 20.487 0
230827 26.5 10.0 20.487 0
230858 26.5 10.0 20.487 0
230928 26.5 10.0 20.487 0
230959 26.5 10.0 20.487 0
231029 26.5 10.0 20.487 0
231100 26.5 10.0 20.487 0
231130 26.5 10.0 20.487 0
231200 26.5 10.0 20.487 0
231230 26.5 10.0 20.487 0
231301 26.5 10.0 20.487 0
231331 26.437 10.0 20.487 0
231401 26.437 10.0 20.487 0
231432 26.437 10.0 20.487 0
231502 26.437 10.0 20.487 0
231533 26.437 10.0 20.487 0
231604 26.437 10.0 20.487 0
231634 26.437 10.0 20.487 0
231705 26.437 10.0 20.487 0
231735 26.437 10.0 20.487 0
231805 26.437 10.0 20.487 0
231835 26.437 10.0 20.487 0
231905 26.437 10.0 20.487 0
231936 26.437 10.0 20.487 0
232006 26.437 10.0 20.487 0
232037 26.437 10.0 20.487 0
232107 26.437 10.0 20.487 0
232137 26.437 10.0 20.487 0
232208 26.437 10.0 20.487 0
232239 26.437 10.0 20.487 0
232309 26.437 10.0 20.487 0
232339 26.437 10.0 20.487 0
232409 26.437 10.0 20.487 0
232440 26.437 10.0 20.487 0
232510 26.437 10.0 20.487 0
232541 26.437 10.0 20.487 0
232612 26.375 10.0 20.487 0
232642 26.375 10.0 20.487 0
232712 26.375 10.0 20.487 0
232743 26.375 10.0 20.487 0
232813 26.375 10.0 20.487 0
232843 26.375 10.0 20.487 0
232914 26.375 10.0 20.487 0
232944 26.375 10.0 20.487 0
233015 26.375 10.0 20.487 0
233045 26.375 10.0 20.487 0
233115 26.375 10.0 20.487 0
233145 26.375 10.0 20.487 0
233215 26.375 10.0 20.487 0
233245 26.375 10.0 20.487 0
233316 26.375 10.0 20.487 0
233347 26.375 10.0 20.487 0
233417 26.375 10.0 20.487 0
233448 26.375 10.0 20.487 0
233518 26.375 10.0 20.487 0
233548 26.375 10.0 20.487 0
233618 26.375 10.0 20.487 0
233648 26.375 10.0 20.487 0
233719 26.375 10.0 20.487 0
233749 26.375 10.0 20.487 0
233820 26.375 10.0 20.487 0
233850 26.375 10.0 20.487 0
233921 26.375 10.0 20.487 0
233951 26.375 10.0 20.487 0
234022 26.375 10.0 20.487 0
234053 26.375 10.0 20.487 0
234123 26.375 10.0 20.487 0
234153 26.375 10.0 20.487 0
234223 26.375 10.0 20.487 0
234254 26.375 10.0 20.487 0
234324 26.375 10.0 20.487 0
234354 26.375 10.0 20.487 0
234424 26.375 10.0 20.487 0
234454 26.375 10.0 20.487 0
234525 26.375 10.0 20.487 0
234555 26.375 10.0 20.487 0
234625 26.375 10.0 20.487 0
234655 26.375 10.0 20.487 0
234725 26.375 10.0 20.487 0
234756 26.375 10.0 20.487 0
234826 26.375 10.0 20.487 0
234857 26.312 10.0 20.487 0
234927 26.312 10.0 20.487 0
234958 26.312 10.0 20.487 0
235028 26.312 10.0 20.487 0
235101 26.375 10.0 20.487 0
235131 26.375 10.0 20.487 0
235202 26.375 10.0 20.487 0
235233 26.375 10.0 20.487 0
235303 26.375 10.0 20.487 0
235334 26.312 10.0 20.487 0
235404 26.312 10.0 20.487 0
235434 26.312 10.0 20.487 0
235505 26.312 10.0 20.487 0
235536 26.312 10.0 20.487 0
235606 26.25 10.0 20.487 0
235637 26.25 10.0 20.487 0
235707 26.25 10.0 20.487 0
235738 26.25 10.0 20.487 0
235809 26.25 10.0 20.487 0
235839 26.25 10.0 20.487 0
