235908 21.312 10.0 17.737 0
235938 21.312 10.0 17.737 0
000009 21.312 10.0 17.737 0
000040 21.312 10.0 17.737 0
000110 21.312 10.0 17.737 0
000140 21.312 10.0 17.737 0
000210 21.312 10.0 17.737 0
000240 21.312 10.0 17.737 0
000311 21.312 10.0 17.737 0
000342 21.312 10.0 17.737 0
000412 21.312 10.0 17.737 0
000442 21.312 10.0 17.737 0
000513 21.312 10.0 17.737 0
000544 21.312 10.0 17.737 0
000616 21.312 10.0 17.737 0
000647 21.312 10.0 17.737 0
000717 21.312 10.0 17.737 0
000747 21.312 10.0 17.737 0
000817 21.312 10.0 17.737 0
000847 21.312 10.0 17.737 0
000918 21.312 10.0 17.737 0
000948 21.312 10.0 17.737 0
001018 21.312 10.0 17.737 0
001049 21.312 10.0 17.737 0
001120 21.25 10.0 17.737 0
001150 21.25 10.0 17.737 0
001220 21.25 10.0 17.737 0
001251 21.25 10.0 17.737 0
001322 21.25 10.0 17.737 0
001352 21.25 10.0 17.737 0
001423 21.25 10.0 17.737 0
001454 21.25 10.0 17.737 0
001524 21.25 10.0 17.737 0
001555 21.25 10.0 17.737 0
001626 21.25 10.0 17.737 0
001657 21.25 10.0 17.737 0
001727 21.25 10.0 17.737 0
001757 21.25 10.0 17.737 0
001828 21.25 10.0 17.737 0
001858 21.25 10.0 17.737 0
001929 21.25 10.0 17.737 0
002000 21.25 10.0 17.737 0
002030 21.25 10.0 17.737 0
002101 21.25 10.0 17.737 0
002132 21.25 10.0 17.737 0
002202 21.25 10.0 17.737 0
002233 21.25 10.0 17.737 0
002304 21.25 10.0 17.737 0
002334 21.25 10.0 17.737 0
002404 21.25 10.0 17.737 0
002435 21.25 10.0 17.737 0
002505 21.25 10.0 17.737 0
002535 21.25 10.0 17.737 0
002606 21.25 10.0 17.737 0
002637 21.25 10.0 17.737 0
002708 21.25 10.0 17.737 0
002738 21.25 10.0 17.737 0
002808 21.25 10.0 17.737 0
002839 21.25 10.0 17.737 0
002909 21.25 10.0 17.737 0
002939 21.25 10.0 17.737 0
003010 21.25 10.0 17.737 0
003040 21.25 10.0 17.737 0
003111 21.25 10.0 17.737 0
003142 21.25 10.0 17.737 0
003212 21.25 10.0 17.737 0
003243 21.25 10.0 17.737 0
003314 21.25 10.0 17.737 0
003345 21.25 10.0 17.737 0
003415 21.187 10.0 17.737 0
003445 21.187 10.0 17.737 0
003516 21.187 10.0 17.737 0
003546 21.187 10.0 17.737 0
003616 21.187 10.0 17.737 0
003647 21.25 10.0 17.737 0
003717 21.25 10.0 17.737 0
003748 21.25 10.0 17.737 0
003819 21.25 10.0 17.737 0
003851 21.25 10.0 17.737 0
003922 21.25 10.0 17.737 0
003953 21.25 10.0 17.737 0
004023 21.25 10.0 17.737 0
004054 21.25 10.0 17.737 0
004124 21.25 10.0 17.737 0
004155 21.25 10.0 17.737 0
004225 21.25 10.0 17.737 0
004256 21.25 10.0 17.737 0
004327 21.25 10.0 17.737 0
004358 21.25 10.0 17.737 0
004428 21.25 10.0 17.737 0
004458 21.25 10.0 17.737 0
004529 21.25 10.0 17.737 0
004600 21.25 10.0 17.737 0
004630 21.187 10.0 17.737 0
004701 21.187 10.0 17.737 0
004731 21.187 10.0 17.737 0
004802 21.187 10.0 17.737 0
004832 21.187 10.0 17.737 0
004903 21.187 10.0 17.737 0
004934 21.187 10.0 17.737 0
005004 21.187 10.0 17.737 0
005035 21.187 10.0 17.737 0
005105 21.187 10.0 17.737 0
005136 21.187 10.0 17.737 0
005207 21.187 10.0 17.737 0
005237 21.187 10.0 17.737 0
005307 21.187 10.0 17.737 0
005338 21.187 10.0 17.737 0
005408 21.25 10.0 17.737 0
005439 21.25 10.0 17.737 0
005510 21.25 10.0 17.737 0
005540 21.25 10.0 17.737 0
005611 21.25 10.0 17.737 0
005641 21.187 10.0 17.737 0
005712 21.187 10.0 17.737 0
005742 21.187 10.0 17.737 0
005813 21.187 10.0 17.737 0
005843 21.187 10.0 17.737 0
005913 21.25 10.0 17.737 0
005944 21.25 10.0 17.737 0
010014 21.25 10.0 17.737 0
010044 21.25 10.0 17.737 0
010115 21.25 10.0 17.737 0
010145 21.187 10.0 17.737 0
010216 21.187 10.0 17.737 0
010246 21.187 10.0 17.737 0
010316 21.187 10.0 17.737 0
010346 21.187 10.0 17.737 0
010417 21.187 10.0 17.737 0
010447 21.187 10.0 17.737 0
010517 21.187 10.0 17.737 0
010548 21.187 10.0 17.737 0
010619 21.187 10.0 17.737 0
010649 21.187 10.0 17.737 0
010719 21.187 10.0 17.737 0
010749 21.187 10.0 17.737 0
010820 21.187 10.0 17.737 0
010850 21.187 10.0 17.737 0
010920 21.187 10.0 17.737 0
010950 21.187 10.0 17.737 0
011021 21.187 10.0 17.737 0
011051 21.187 10.0 17.737 0
011122 21.187 10.0 17.737 0
011152 21.187 10.0 17.737 0
011223 21.187 10.0 17.737 0
011253 21.187 10.0 17.737 0
011324 21.187 10.0 17.737 0
011356 21.187 10.0 17.737 0
011426 21.187 10.0 17.737 0
011457 21.187 10.0 17.737 0
011527 21.187 10.0 17.737 0
011557 21.187 10.0 17.737 0
011628 21.187 10.0 17.737 0
011658 21.187 10.0 17.737 0
011729 21.187 10.0 17.737 0
011800 21.187 10.0 17.737 0
011830 21.187 10.0 17.737 0
011901 21.187 10.0 17.737 0
011931 21.187 10.0 17.737 0
012002 21.187 10.0 17.737 0
012032 21.187 10.0 17.737 0
012103 21.187 10.0 17.737 0
012134 21.187 10.0 17.737 0
012204 21.187 10.0 17.737 0
012234 21.187 10.0 17.737 0
012304 21.187 10.0 17.737 0
012335 21.187 10.0 17.737 0
012405 21.187 10.0 17.737 0
012436 21.187 10.0 17.737 0
012506 21.187 10.0 17.737 0
012536 21.187 10.0 17.737 0
012606 21.187 10.0 17.737 0
012636 21.187 10.0 17.737 0
012707 21.187 10.0 17.737 0
012738 21.187 10.0 17.737 0
012808 21.187 10.0 17.737 0
012839 21.187 10.0 17.737 0
012910 21.187 10.0 17.737 0
012940 21.187 10.0 17.737 0
013011 21.187 10.0 17.737 0
013041 21.187 10.0 17.737 0
013111 21.187 10.0 17.737 0
013142 21.187 10.0 17.737 0
013212 21.187 10.0 17.737 0
013243 21.187 10.0 17.737 0
013314 21.187 10.0 17.737 0
013344 21.187 10.0 17.737 0
013415 21.187 10.0 17.737 0
013446 21.187 10.0 17.737 0
013516 21.187 10.0 17.737 0
013546 21.187 10.0 17.737 0
013617 21.187 10.0 17.737 0
013647 21.187 10.0 17.737 0
013717 21.187 10.0 17.737 0
013748 21.187 10.0 17.737 0
013818 21.187 10.0 17.737 0
013849 21.187 10.0 17.737 0
013919 21.187 10.0 17.737 0
013949 21.187 10.0 17.737 0
014020 21.187 10.0 17.737 0
014051 21.187 10.0 17.737 0
014121 21.187 10.0 17.737 0
014152 21.187 10.0 17.737 0
014222 21.187 10.0 17.737 0
014253 21.187 10.0 17.737 0
014323 21.187 10.0 17.737 0
014353 21.187 10.0 17.737 0
014423 21.187 10.0 17.737 0
014453 21.187 10.0 17.737 0
014524 21.187 10.0 17.737 0
014555 21.187 10.0 17.737 0
014625 21.187 10.0 17.737 0
014656 21.187 10.0 17.737 0
014727 21.187 10.0 17.737 0
014757 21.187 10.0 17.737 0
014827 21.187 10.0 17.737 0
014859 21.187 10.0 17.737 0
014930 21.187 10.0 17.737 0
015001 21.187 10.0 17.737 0
015031 21.187 10.0 17.737 0
015102 21.187 10.0 17.737 0
015132 21.125 10.0 17.737 0
015202 21.125 10.0 17.737 0
015233 21.125 10.0 17.737 0
015303 21.125 10.0 17.737 0
015334 21.125 10.0 17.737 0
015405 21.125 10.0 17.737 0
015435 21.125 10.0 17.737 0
015506 21.125 10.0 17.737 0
015536 21.125 10.0 17.737 0
015607 21.125 10.0 17.737 0
015637 21.187 10.0 17.737 0
015708 21.187 10.0 17.737 0
015739 21.187 10.0 17.737 0
015809 21.187 10.0 17.737 0
015840 21.187 10.0 17.737 0
015910 21.125 10.0 17.737 0
015941 21.125 10.0 17.737 0
020011 21.125 10.0 17.737 0
020042 21.125 10.0 17.737 0
020113 21.125 10.0 17.737 0
020144 21.187 10.0 17.737 0
020214 21.187 10.0 17.737 0
020245 21.187 10.0 17.737 0
020316 21.187 10.0 17.737 0
020346 21.187 10.0 17.737 0
020417 21.125 10.0 17.737 0
020447 21.125 10.0 17.737 0
020518 21.125 10.0 17.737 0
020548 21.125 10.0 17.737 0
020619 21.125 10.0 17.737 0
020649 21.125 10.0 17.737 0
020720 21.125 10.0 17.737 0
020751 21.125 10.0 17.737 0
020821 21.125 10.0 17.737 0
020852 21.125 10.0 17.737 0
020923 21.125 10.0 17.737 0
020954 21.125 10.0 17.737 0
021024 21.125 10.0 17.737 0
021054 21.125 10.0 17.737 0
021124 21.125 10.0 17.737 0
021154 21.125 10.0 17.737 0
021225 21.125 10.0 17.737 0
021255 21.125 10.0 17.737 0
021326 21.125 10.0 17.737 0
021356 21.125 10.0 17.737 0
021426 21.125 10.0 17.737 0
021456 21.125 10.0 17.737 0
021527 21.125 10.0 17.737 0
021557 21.125 10.0 17.737 0
021628 21.125 10.0 17.737 0
021659 21.125 10.0 17.737 0
021729 21.125 10.0 17.737 0
021800 21.125 10.0 17.737 0
021831 21.125 10.0 17.737 0
021903 21.125 10.0 17.737 0
021934 21.125 10.0 17.737 0
022004 21.125 10.0 17.737 0
022034 21.125 10.0 17.737 0
022105 21.125 10.0 17.737 0
022136 21.125 10.0 17.737 0
022207 21.125 10.0 17.737 0
022237 21.125 10.0 17.737 0
022308 21.125 10.0 17.737 0
022339 21.125 10.0 17.737 0
022409 21.125 10.0 17.737 0
022440 21.125 10.0 17.737 0
022511 21.125 10.0 17.737 0
022541 21.125 10.0 17.737 0
022612 21.125 10.0 17.737 0
022642 21.125 10.0 17.737 0
022712 21.125 10.0 17.737 0
022743 21.125 10.0 17.737 0
022814 21.125 10.0 17.737 0
022844 21.125 10.0 17.737 0
022914 21.125 10.0 17.737 0
022945 21.125 10.0 17.737 0
023015 21.125 10.0 17.737 0
023045 21.125 10.0 17.737 0
023116 21.125 10.0 17.737 0
023146 21.125 10.0 17.737 0
023217 21.125 10.0 17.737 0
023248 21.125 10.0 17.737 0
023318 21.125 10.0 17.737 0
023349 21.125 10.0 17.737 0
023420 21.125 10.0 17.737 0
023450 21.125 10.0 17.737 0
023521 21.125 10.0 17.737 0
023552 21.125 10.0 17.737 0
023622 21.125 10.0 17.737 0
023652 21.125 10.0 17.737 0
023723 21.125 10.0 17.737 0
023753 21.125 10.0 17.737 0
023824 21.125 10.0 17.737 0
023855 21.125 10.0 17.737 0
023925 21.125 10.0 17.737 0
023956 21.125 10.0 17.737 0
024027 21.125 10.0 17.737 0
024057 21.125 10.0 17.737 0
024128 21.125 10.0 17.737 0
024158 21.062 10.0 17.737 0
024229 21.062 10.0 17.737 0
024300 21.062 10.0 17.737 0
024330 21.062 10.0 17.737 0
024400 21.062 10.0 17.737 0
024431 21.062 10.0 17.737 0
024502 21.062 10.0 17.737 0
024532 21.062 10.0 17.737 0
024602 21.062 10.0 17.737 0
024633 21.062 10.0 17.737 0
024703 21.125 10.0 17.737 0
024734 21.125 10.0 17.737 0
024804 21.125 10.0 17.737 0
024834 21.125 10.0 17.737 0
024904 21.125 10.0 17.737 0
024935 21.125 10.0 17.737 0
025005 21.125 10.0 17.737 0
025036 21.125 10.0 17.737 0
025106 21.125 10.0 17.737 0
025138 21.062 10.0 17.737 0
025208 21.062 10.0 17.737 0
025238 21.062 10.0 17.737 0
025309 21.062 10.0 17.737 0
025340 21.062 10.0 17.737 0
025411 21.062 10.0 17.737 0
025441 21.062 10.0 17.737 0
025511 21.062 10.0 17.737 0
025541 21.062 10.0 17.737 0
025612 21.062 10.0 17.737 0
025643 21.062 10.0 17.737 0
025714 21.062 10.0 17.737 0
025744 21.062 10.0 17.737 0
025814 21.062 10.0 17.737 0
025845 21.062 10.0 17.737 0
025916 21.125 10.0 17.737 0
025947 21.125 10.0 17.737 0
030017 21.125 10.0 17.737 0
030048 21.125 10.0 17.737 0
030119 21.125 10.0 17.737 0
030149 21.062 10.0 17.737 0
030220 21.062 10.0 17.737 0
030251 21.062 10.0 17.737 0
030321 21.062 10.0 17.737 0
030351 21.062 10.0 17.737 0
030422 21.062 10.0 17.737 0
030452 21.062 10.0 17.737 0
030523 21.062 10.0 17.737 0
030553 21.062 10.0 17.737 0
030624 21.062 10.0 17.737 0
030655 21.062 10.0 17.737 0
030726 21.062 10.0 17.737 0
030756 21.062 10.0 17.737 0
030827 21.062 10.0 17.737 0
030857 21.062 10.0 17.737 0
030927 21.062 10.0 17.737 0
030958 21.062 10.0 17.737 0
031029 21.062 10.0 17.737 0
031059 21.062 10.0 17.737 0
031129 21.062 10.0 17.737 0
031200 21.062 10.0 17.737 0
031230 21.062 10.0 17.737 0
031300 21.062 10.0 17.737 0
031331 21.062 10.0 17.737 0
031402 21.062 10.0 17.737 0
031432 21.062 10.0 17.737 0
031503 21.062 10.0 17.737 0
031534 21.062 10.0 17.737 0
031604 21.062 10.0 17.737 0
031635 21.062 10.0 17.737 0
031705 21.062 10.0 17.737 0
031736 21.062 10.0 17.737 0
031806 21.062 10.0 17.737 0
031837 21.062 10.0 17.737 0
031907 21.062 10.0 17.737 0
031938 21.062 10.0 17.737 0
032009 21.062 10.0 17.737 0
032039 21.062 10.0 17.737 0
032110 21.062 10.0 17.737 0
032142 21.062 10.0 17.737 0
032213 21.062 10.0 17.737 0
032243 21.062 10.0 17.737 0
032314 21.062 10.0 17.737 0
032345 21.062 10.0 17.737 0
032415 21.062 10.0 17.737 0
032446 21.062 10.0 17.737 0
032516 21.062 10.0 17.737 0
032547 21.062 10.0 17.737 0
032618 21.062 10.0 17.737 0
032648 21.062 10.0 17.737 0
032719 21.062 10.0 17.737 0
032749 21.062 10.0 17.737 0
032820 21.062 10.0 17.737 0
032850 21.062 10.0 17.737 0
032920 21.062 10.0 17.737 0
032950 21.062 10.0 17.737 0
033020 21.062 10.0 17.737 0
033051 21.062 10.0 17.737 0
033121 21.062 10.0 17.737 0
033151 21.062 10.0 17.737 0
033222 21.062 10.0 17.737 0
033253 21.062 10.0 17.737 0
033323 21.062 10.0 17.737 0
033353 21.062 10.0 17.737 0
033423 21.062 10.0 17.737 0
033454 21.062 10.0 17.737 0
033524 21.062 10.0 17.737 0
033555 21.062 10.0 17.737 0
033625 21.062 10.0 17.737 0
033655 21.062 10.0 17.737 0
033726 21.062 10.0 17.737 0
033756 21.062 10.0 17.737 0
033827 21.062 10.0 17.737 0
033858 21.062 10.0 17.737 0
033928 21.0 10.0 17.737 0
033959 21.0 10.0 17.737 0
034029 21.0 10.0 17.737 0
034059 21.0 10.0 17.737 0
034129 21.0 10.0 17.737 0
034159 21.0 10.0 17.737 0
034230 21.0 10.0 17.737 0
034300 21.0 10.0 17.737 0
034331 21.0 10.0 17.737 0
034401 21.0 10.0 17.737 0
034432 21.0 10.0 17.737 0
034503 21.0 10.0 17.737 0
034533 21.0 10.0 17.737 0
034604 21.0 10.0 17.737 0
034634 21.0 10.0 17.737 0
034704 21.0 10.0 17.737 0
034734 21.0 10.0 17.737 0
034805 21.0 10.0 17.737 0
034835 21.0 10.0 17.737 0
034905 21.0 10.0 17.737 0
034936 21.0 10.0 17.737 0
035007 21.0 10.0 17.737 0
035037 21.0 10.0 17.737 0
035108 21.0 10.0 17.737 0
035139 21.0 10.0 17.737 0
035210 21.0 10.0 17.737 0
035240 21.0 10.0 17.737 0
035311 21.0 10.0 17.737 0
035341 21.0 10.0 17.737 0
035412 21.0 10.0 17.737 0
035442 21.0 10.0 17.737 0
035512 21.0 10.0 17.737 0
035543 21.0 10.0 17.737 0
035613 21.0 10.0 17.737 0
035644 21.0 10.0 17.737 0
035715 21.0 10.0 17.737 0
035745 21.0 10.0 17.737 0
035816 21.0 10.0 17.737 0
035847 21.0 10.0 17.737 0
035919 20.937 10.0 17.737 0
035949 20.937 10.0 17.737 0
040019 20.937 10.0 17.737 0
040050 20.937 10.0 17.737 0
040121 20.937 10.0 17.737 0
040152 20.937 10.0 17.737 0
040222 20.937 10.0 17.737 0
040253 20.937 10.0 17.737 0
040323 20.937 10.0 17.737 0
040354 20.937 10.0 17.737 0
040424 21.0 10.0 17.737 0
040455 21.0 10.0 17.737 0
040526 21.0 10.0 17.737 0
040556 21.0 10.0 17.737 0
040626 21.0 10.0 17.737 0
040657 21.0 10.0 17.737 0
040728 21.0 10.0 17.737 0
040758 21.0 10.0 17.737 0
040829 21.0 10.0 17.737 0
040900 21.0 10.0 17.737 0
040930 20.937 10.0 17.737 0
041001 20.937 10.0 17.737 0
041032 20.937 10.0 17.737 0
041103 20.937 10.0 17.737 0
041133 20.937 10.0 17.737 0
041203 20.937 10.0 17.737 0
041233 20.937 10.0 17.737 0
041304 20.937 10.0 17.737 0
041334 20.937 10.0 17.737 0
041405 20.937 10.0 17.737 0
041436 20.937 10.0 17.737 0
041507 20.937 10.0 17.737 0
041537 20.937 10.0 17.737 0
041607 20.937 10.0 17.737 0
041637 20.937 10.0 17.737 0
041708 20.937 10.0 17.737 0
041738 20.937 10.0 17.737 0
041809 20.937 10.0 17.737 0
041839 20.937 10.0 17.737 0
041909 20.937 10.0 17.737 0
041940 20.937 10.0 17.737 0
042010 20.937 10.0 17.737 0
042040 20.937 10.0 17.737 0
042111 20.937 10.0 17.737 0
042141 20.937 10.0 17.737 0
042211 20.937 10.0 17.737 0
042241 20.937 10.0 17.737 0
042311 20.937 10.0 17.737 0
042342 20.937 10.0 17.737 0
042413 20.937 10.0 17.737 0
042443 20.937 10.0 17.737 0
042513 20.937 10.0 17.737 0
042543 20.937 10.0 17.737 0
042613 20.937 10.0 17.737 0
042644 20.937 10.0 17.737 0
042714 20.937 10.0 17.737 0
042744 20.937 10.0 17.737 0
042815 20.937 10.0 17.737 0
042845 20.937 10.0 17.737 0
042916 20.937 10.0 17.737 0
042946 20.937 10.0 17.737 0
043017 20.937 10.0 17.737 0
043047 20.937 10.0 17.737 0
043117 20.937 10.0 17.737 0
043148 20.937 10.0 17.737 0
043218 20.937 10.0 17.737 0
043249 20.937 10.0 17.737 0
043319 20.937 10.0 17.737 0
043350 20.937 10.0 17.737 0
043420 20.937 10.0 17.737 0
043451 20.937 10.0 17.737 0
043521 20.937 10.0 17.737 0
043552 20.937 10.0 17.737 0
043622 20.937 10.0 17.737 0
043655 20.937 10.0 17.737 0
043725 20.937 10.0 17.737 0
043755 20.937 10.0 17.737 0
043826 20.937 10.0 17.737 0
043857 20.937 10.0 17.737 0
043927 20.937 10.0 17.737 0
043958 20.937 10.0 17.737 0
044029 20.937 10.0 17.737 0
044059 20.937 10.0 17.737 0
044130 20.937 10.0 17.737 0
044200 20.937 10.0 17.737 0
044230 20.937 10.0 17.737 0
044301 20.937 10.0 17.737 0
044331 20.937 10.0 17.737 0
044401 20.937 10.0 17.737 0
044432 20.937 10.0 17.737 0
044503 20.937 10.0 17.737 0
044533 20.937 10.0 17.737 0
044604 20.937 10.0 17.737 0
044634 20.937 10.0 17.737 0
044705 20.937 10.0 17.737 0
044735 20.937 10.0 17.737 0
044806 20.937 10.0 17.737 0
044837 20.937 10.0 17.737 0
044907 20.937 10.0 17.737 0
044937 20.937 10.0 17.737 0
045008 20.937 10.0 17.737 0
045039 20.937 10.0 17.737 0
045109 20.937 10.0 17.737 0
045139 20.937 10.0 17.737 0
045209 20.937 10.0 17.737 0
045240 20.937 10.0 17.737 0
045311 20.937 10.0 17.737 0
045341 20.937 10.0 17.737 0
045412 20.937 10.0 17.737 0
045442 20.937 10.0 17.737 0
045512 20.937 10.0 17.737 0
045544 20.937 10.0 17.737 0
045614 20.937 10.0 17.737 0
045645 20.937 10.0 17.737 0
045715 20.937 10.0 17.737 0
045745 20.937 10.0 17.737 0
045815 20.937 10.0 17.737 0
045846 20.937 10.0 17.737 0
045916 20.937 10.0 17.737 0
045946 20.875 10.0 17.737 0
050017 20.875 10.0 17.737 0
050047 20.875 10.0 17.737 0
050117 20.875 10.0 17.737 0
050147 20.875 10.0 17.737 0
050217 20.875 10.0 17.737 0
050247 20.875 10.0 17.737 0
050317 20.875 10.0 17.737 0
050348 20.875 10.0 17.737 0
050418 20.875 10.0 17.737 0
050449 20.875 10.0 17.737 0
050519 20.875 10.0 17.737 0
050549 20.875 10.0 17.737 0
050620 20.875 10.0 17.737 0
050651 20.875 10.0 17.737 0
050722 20.875 10.0 17.737 0
050752 20.875 10.0 17.737 0
050823 20.875 10.0 17.737 0
050854 20.875 10.0 17.737 0
050924 20.875 10.0 17.737 0
050955 20.875 10.0 17.737 0
051025 20.875 10.0 17.737 0
051056 20.875 10.0 17.737 0
051126 20.875 10.0 17.737 0
051157 20.875 10.0 17.737 0
051227 20.875 10.0 17.737 0
051258 20.875 10.0 17.737 0
051329 20.875 10.0 17.737 0
051359 20.875 10.0 17.737 0
051432 20.875 10.0 17.737 0
051502 20.875 10.0 17.737 0
051532 20.875 10.0 17.737 0
051602 20.875 10.0 17.737 0
051633 20.875 10.0 17.737 0
051703 20.875 10.0 17.737 0
051733 20.875 10.0 17.737 0
051803 20.875 10.0 17.737 0
051834 20.875 10.0 17.737 0
051905 20.875 10.0 17.737 0
051935 20.875 10.0 17.737 0
052005 20.875 10.0 17.737 0
052036 20.875 10.0 17.737 0
052106 20.875 10.0 17.737 0
052137 20.875 10.0 17.737 0
052207 20.875 10.0 17.737 0
052238 20.875 10.0 17.737 0
052308 20.875 10.0 17.737 0
052339 20.875 10.0 17.737 0
052409 20.875 10.0 17.737 0
052439 20.875 10.0 17.737 0
052510 20.875 10.0 17.737 0
052540 20.875 10.0 17.737 0
052611 20.875 10.0 17.737 0
052641 20.875 10.0 17.737 0
052712 20.875 10.0 17.737 0
052742 20.875 10.0 17.737 0
052813 20.875 10.0 17.737 0
052844 20.875 10.0 17.737 0
052914 20.875 10.0 17.737 0
052945 20.875 10.0 17.737 0
053015 20.875 10.0 17.737 0
053045 20.875 10.0 17.737 0
053116 20.875 10.0 17.737 0
053146 20.875 10.0 17.737 0
053216 20.875 10.0 17.737 0
053247 20.875 10.0 17.737 0
053317 20.875 10.0 17.737 0
053347 20.875 10.0 17.737 0
053418 20.875 10.0 17.737 0
053448 20.875 10.0 17.737 0
053519 20.875 10.0 17.737 0
053549 20.875 10.0 17.737 0
053619 20.875 10.0 17.737 0
053650 20.875 10.0 17.737 0
053720 20.875 10.0 17.737 0
053750 20.875 10.0 17.737 0
053820 20.875 10.0 17.737 0
053851 20.875 10.0 17.737 0
053921 20.875 10.0 17.737 0
053952 20.875 10.0 17.737 0
054022 20.875 10.0 17.737 0
054053 20.875 10.0 17.737 0
054123 20.875 10.0 17.737 0
054153 20.875 10.0 17.737 0
054224 20.875 10.0 17.737 0
054254 20.875 10.0 17.737 0
054325 20.875 10.0 17.737 0
054356 20.875 10.0 17.737 0
054426 20.875 10.0 17.737 0
054457 20.875 10.0 17.737 0
054528 20.875 10.0 17.737 0
054558 20.875 10.0 17.737 0
054628 20.875 10.0 17.737 0
054659 20.875 10.0 17.737 0
054729 20.875 10.0 17.737 0
054759 20.875 10.0 17.737 0
054830 20.875 10.0 17.737 0
054901 20.875 10.0 17.737 0
054931 20.875 10.0 17.737 0
055002 20.875 10.0 17.737 0
055032 20.875 10.0 17.737 0
055103 20.875 10.0 17.737 0
055133 20.875 10.0 17.737 0
055206 20.875 10.0 17.737 0
055236 20.875 10.0 17.737 0
055306 20.875 10.0 17.737 0
055337 20.875 10.0 17.737 0
055407 20.875 10.0 17.737 0
055437 20.812 10.0 17.737 0
055507 20.812 10.0 17.737 0
055538 20.812 10.0 17.737 0
055608 20.812 10.0 17.737 0
055639 20.812 10.0 17.737 0
055709 20.812 10.0 17.737 0
055739 20.812 10.0 17.737 0
055810 20.812 10.0 17.737 0
055841 20.812 10.0 17.737 0
055912 20.812 10.0 17.737 0
055942 20.812 10.0 17.737 0
060013 20.812 10.0 17.737 0
060044 20.812 10.0 17.737 0
060114 20.812 10.0 17.737 0
060145 20.812 10.0 17.737 0
060215 20.812 10.0 17.737 0
060246 20.812 10.0 17.737 0
060317 20.812 10.0 17.737 0
060347 20.812 10.0 17.737 0
060417 20.812 10.0 17.737 0
060448 20.812 10.0 17.737 0
060518 20.812 10.0 17.737 0
060548 20.812 10.0 17.737 0
060618 20.812 10.0 17.737 0
060648 20.812 10.0 17.737 0
060718 20.812 10.0 17.737 0
060749 20.812 10.0 17.737 0
060820 20.812 10.0 17.737 0
060850 20.812 10.0 17.737 0
060921 20.812 10.0 17.737 0
060951 20.812 10.0 17.737 0
061022 20.812 10.0 17.737 0
061052 20.812 10.0 17.737 0
061123 20.812 10.0 17.737 0
061153 20.812 10.0 17.737 0
061224 20.812 10.0 17.737 0
061255 20.812 10.0 17.737 0
061325 20.812 10.0 17.737 0
061356 20.812 10.0 17.737 0
061426 20.812 10.0 17.737 0
061457 20.812 10.0 17.737 0
061527 20.812 10.0 17.737 0
061557 20.812 10.0 17.737 0
061628 20.812 10.0 17.737 0
061658 20.812 10.0 17.737 0
061729 20.812 10.0 17.737 0
061759 20.812 10.0 17.737 0
061829 20.812 10.0 17.737 0
061859 20.812 10.0 17.737 0
061930 20.812 10.0 17.737 0
062001 20.875 10.0 17.737 0
062031 20.875 10.0 17.737 0
062102 20.875 10.0 17.737 0
062133 20.875 10.0 17.737 0
062203 20.875 10.0 17.737 0
062235 20.812 10.0 17.737 0
062305 20.812 10.0 17.737 0
062335 20.812 10.0 17.737 0
062406 20.812 10.0 17.737 0
062436 20.812 10.0 17.737 0
062507 20.875 10.0 17.737 0
062537 20.875 10.0 17.737 0
062607 20.875 10.0 17.737 0
062638 20.875 10.0 17.737 0
062709 20.875 10.0 17.737 0
062739 20.812 10.0 17.737 0
062810 20.812 10.0 17.737 0
062840 20.812 10.0 17.737 0
062911 20.812 10.0 17.737 0
062943 20.812 10.0 17.737 0
063013 20.812 10.0 17.737 0
063043 20.812 10.0 17.737 0
063114 20.812 10.0 17.737 0
063144 20.812 10.0 17.737 0
063215 20.812 10.0 17.737 0
063245 20.812 10.0 17.737 0
063316 20.812 10.0 17.737 0
063346 20.812 10.0 17.737 0
063416 20.812 10.0 17.737 0
063447 20.812 10.0 17.737 0
063518 20.812 10.0 17.737 0
063548 20.812 10.0 17.737 0
063619 20.812 10.0 17.737 0
063650 20.812 10.0 17.737 0
063720 20.812 10.0 17.737 0
063750 20.812 10.0 17.737 0
063821 20.812 10.0 17.737 0
063851 20.812 10.0 17.737 0
063921 20.812 10.0 17.737 0
063951 20.812 10.0 17.737 0
064022 20.812 10.0 17.737 0
064053 20.812 10.0 17.737 0
064123 20.812 10.0 17.737 0
064154 20.812 10.0 17.737 0
064224 20.812 10.0 17.737 0
064255 20.812 10.0 17.737 0
064325 20.812 10.0 17.737 0
064356 20.812 10.0 17.737 0
064427 20.812 10.0 17.737 0
064458 20.812 10.0 17.737 0
064528 20.812 10.0 17.737 0
064559 20.812 10.0 17.737 0
064629 20.812 10.0 17.737 0
064700 20.812 10.0 17.737 0
064731 20.812 10.0 17.737 0
064801 20.812 10.0 17.737 0
064832 20.812 10.0 17.737 0
064902 20.812 10.0 17.737 0
064933 20.812 10.0 17.737 0
065003 20.75 10.0 17.737 0
065033 20.75 10.0 17.737 0
065103 20.75 10.0 17.737 0
065134 20.75 10.0 17.737 0
065204 20.75 10.0 17.737 0
065235 20.75 10.0 17.737 0
065305 20.75 10.0 17.737 0
065336 20.75 10.0 17.737 0
065406 20.75 10.0 17.737 0
065437 20.75 10.0 17.737 0
065508 20.75 10.0 17.737 0
065538 20.75 10.0 17.737 0
065608 20.75 10.0 17.737 0
065638 20.75 10.0 17.737 0
065709 20.75 10.0 17.737 0
065739 20.75 10.0 17.737 0
065810 20.75 10.0 17.737 0
065841 20.75 10.0 17.737 0
065911 20.75 10.0 17.737 0
065942 20.75 10.0 17.737 0
070012 20.75 10.0 17.737 0
070042 20.75 10.0 17.737 0
070112 20.75 10.0 17.737 0
070142 20.75 10.0 17.737 0
070213 20.75 10.0 17.737 0
070243 20.75 10.0 17.737 0
070313 20.75 10.0 17.737 0
070344 20.75 10.0 17.737 0
070414 20.75 10.0 17.737 0
070444 20.75 10.0 17.737 0
070515 20.75 10.0 17.737 0
070545 20.75 10.0 17.737 0
070616 20.75 10.0 17.737 0
070646 20.75 10.0 17.737 0
070719 20.75 10.0 17.737 0
070750 20.75 10.0 17.737 0
070820 20.75 10.0 17.737 0
070850 20.75 10.0 17.737 0
070920 20.75 10.0 17.737 0
070950 20.687 10.0 17.737 0
071020 20.687 10.0 17.737 0
071051 20.687 10.0 17.737 0
071121 20.687 10.0 17.737 0
071151 20.687 10.0 17.737 0
071221 20.687 10.0 17.737 0
071252 20.687 10.0 17.737 0
071323 20.687 10.0 17.737 0
071353 20.687 10.0 17.737 0
071423 20.687 10.0 17.737 0
071454 20.687 10.0 17.737 0
071524 20.687 10.0 17.737 0
071555 20.687 10.0 17.737 0
071625 20.687 10.0 17.737 0
071655 20.687 10.0 17.737 0
071726 20.75 10.0 17.737 0
071756 20.75 10.0 17.737 0
071826 20.75 10.0 17.737 0
071857 20.75 10.0 17.737 0
071927 20.75 10.0 17.737 0
071958 20.687 10.0 17.737 0
072029 20.687 10.0 17.737 0
072059 20.687 10.0 17.737 0
072130 20.687 10.0 17.737 0
072200 20.687 10.0 17.737 0
072231 20.687 10.0 17.737 0
072301 20.687 10.0 17.737 0
072332 20.687 10.0 17.737 0
072402 20.687 10.0 17.737 0
072432 20.687 10.0 17.737 0
072502 20.687 10.0 17.737 0
072532 20.687 10.0 17.737 0
072603 20.687 10.0 17.737 0
072633 20.687 10.0 17.737 0
072703 20.687 10.0 17.737 0
072734 20.687 10.0 17.737 0
072804 20.687 10.0 17.737 0
072835 20.687 10.0 17.737 0
072905 20.687 10.0 17.737 0
072936 20.687 10.0 17.737 0
073006 20.687 10.0 17.737 0
073036 20.687 10.0 17.737 0
073107 20.687 10.0 17.737 0
073137 20.687 10.0 17.737 0
073207 20.687 10.0 17.737 0
073237 20.625 10.0 17.737 0
073308 20.625 10.0 17.737 0
073338 20.625 10.0 17.737 0
073408 20.625 10.0 17.737 0
073439 20.625 10.0 17.737 0
073509 20.687 10.0 17.737 0
073540 20.687 10.0 17.737 0
073611 20.687 10.0 17.737 0
073641 20.687 10.0 17.737 0
073712 20.687 10.0 17.737 0
073742 20.625 10.0 17.737 0
073813 20.625 10.0 17.737 0
073844 20.625 10.0 17.737 0
073914 20.625 10.0 17.737 0
073945 20.625 10.0 17.737 0
074015 20.625 10.0 17.737 0
074046 20.625 10.0 17.737 0
074116 20.625 10.0 17.737 0
074147 20.625 10.0 17.737 0
074218 20.625 10.0 17.737 0
074248 20.625 10.0 17.737 0
074319 20.625 10.0 17.737 0
074349 20.625 10.0 17.737 0
074420 20.625 10.0 17.737 0
074450 20.625 10.0 17.737 0
074520 20.625 10.0 17.737 0
074551 20.625 10.0 17.737 0
074621 20.625 10.0 17.737 0
074651 20.625 10.0 17.737 0
074721 20.625 10.0 17.737 0
074751 20.625 10.0 17.737 0
074821 20.625 10.0 17.737 0
074852 20.625 10.0 17.737 0
074923 20.625 10.0 17.737 0
074955 20.625 10.0 17.737 0
075026 20.625 10.0 17.737 0
075057 20.625 10.0 17.737 0
075127 20.625 10.0 17.737 0
075157 20.625 10.0 17.737 0
075227 20.625 10.0 17.737 0
075257 20.625 10.0 17.737 0
075327 20.625 10.0 17.737 0
075358 20.625 10.0 17.737 0
075428 20.625 10.0 17.737 0
075459 20.625 10.0 17.737 0
075529 20.625 10.0 17.737 0
075559 20.625 10.0 17.737 0
075630 20.625 10.0 17.737 0
075701 20.625 10.0 17.737 0
075732 20.562 10.0 17.737 0
075802 20.562 10.0 17.737 0
075832 20.562 10.0 17.737 0
075903 20.562 10.0 17.737 0
075933 20.562 10.0 17.737 0
080003 20.625 10.0 17.737 0
080034 20.625 10.0 17.737 0
080104 20.625 10.0 17.737 0
080135 20.625 10.0 17.737 0
080206 20.625 10.0 17.737 0
080236 20.562 10.0 17.737 0
080307 20.562 10.0 17.737 0
080338 20.562 10.0 17.737 0
080408 20.562 10.0 17.737 0
080439 20.562 10.0 17.737 0
080509 20.562 10.0 17.737 0
080539 20.562 10.0 17.737 0
080609 20.562 10.0 17.737 0
080639 20.562 10.0 17.737 0
080710 20.562 10.0 17.737 0
080741 20.562 10.0 17.737 0
080812 20.562 10.0 17.737 0
080842 20.562 10.0 17.737 0
080912 20.562 10.0 17.737 0
080943 20.562 10.0 17.737 0
081014 20.562 10.0 17.737 0
081044 20.562 10.0 17.737 0
081114 20.562 10.0 17.737 0
081145 20.562 10.0 17.737 0
081216 20.562 10.0 17.737 0
081247 20.562 10.0 17.737 0
081317 20.562 10.0 17.737 0
081348 20.562 10.0 17.737 0
081419 20.562 10.0 17.737 0
081449 20.562 10.0 17.737 0
081520 20.562 10.0 17.737 0
081551 20.562 10.0 17.737 0
081621 20.562 10.0 17.737 0
081652 20.562 10.0 17.737 0
081722 20.562 10.0 17.737 0
081753 20.562 10.0 17.737 0
081823 20.562 10.0 17.737 0
081853 20.562 10.0 17.737 0
081924 20.562 10.0 17.737 0
081954 20.562 10.0 17.737 0
082024 20.562 10.0 17.737 0
082055 20.562 10.0 17.737 0
082126 20.562 10.0 17.737 0
082156 20.562 10.0 17.737 0
082227 20.562 10.0 17.737 0
082257 20.562 10.0 17.737 0
082327 20.562 10.0 17.737 0
082358 20.562 10.0 17.737 0
082428 20.562 10.0 17.737 0
082501 20.562 10.0 17.737 0
082531 20.562 10.0 17.737 0
082602 20.562 10.0 17.737 0
082633 20.562 10.0 17.737 0
082704 20.562 10.0 17.737 0
082734 20.5 10.0 17.737 0
082805 20.5 10.0 17.737 0
082836 20.5 10.0 17.737 0
082906 20.5 10.0 17.737 0
082937 20.5 10.0 17.737 0
083007 20.562 10.0 17.737 0
083037 20.562 10.0 17.737 0
083108 20.562 10.0 17.737 0
083139 20.562 10.0 17.737 0
083209 20.562 10.0 17.737 0
083240 20.5 10.0 17.737 0
083310 20.5 10.0 17.737 0
083341 20.5 10.0 17.737 0
083411 20.5 10.0 17.737 0
083442 20.5 10.0 17.737 0
083512 20.562 10.0 17.737 0
083543 20.562 10.0 17.737 0
083614 20.562 10.0 17.737 0
083645 20.562 10.0 17.737 0
083715 20.562 10.0 17.737 0
083746 20.5 10.0 17.737 0
083816 20.5 10.0 17.737 0
083846 20.5 10.0 17.737 0
083917 20.5 10.0 17.737 0
083947 20.5 10.0 17.737 0
084017 20.562 10.0 17.737 0
084048 20.562 10.0 17.737 0
084119 20.562 10.0 17.737 0
084149 20.562 10.0 17.737 0
084219 20.562 10.0 17.737 0
084250 20.5 10.0 17.737 0
084321 20.5 10.0 17.737 0
084352 20.5 10.0 17.737 0
084422 20.5 10.0 17.737 0
084452 20.5 10.0 17.737 0
084523 20.5 10.0 17.737 0
084553 20.5 10.0 17.737 0
084623 20.5 10.0 17.737 0
084654 20.5 10.0 17.737 0
084725 20.5 10.0 17.737 0
084755 20.562 10.0 17.737 0
084826 20.562 10.0 17.737 0
084856 20.562 10.0 17.737 0
084927 20.562 10.0 17.737 0
084958 20.562 10.0 17.737 0
085029 20.5 10.0 17.737 0
085059 20.5 10.0 17.737 0
085130 20.5 10.0 17.737 0
085200 20.5 10.0 17.737 0
085230 20.5 10.0 17.737 0
085300 20.5 10.0 17.737 0
085330 20.5 10.0 17.737 0
085401 20.5 10.0 17.737 0
085432 20.5 10.0 17.737 0
085505 20.5 10.0 17.737 0
085535 20.5 10.0 17.737 0
085606 20.5 10.0 17.737 0
085636 20.5 10.0 17.737 0
085707 20.5 10.0 17.737 0
085738 20.562 10.0 17.737 0
085808 20.562 10.0 17.737 0
085839 20.562 10.0 17.737 0
085910 20.562 10.0 17.737 0
085941 20.562 10.0 17.737 0
090011 20.5 10.0 17.737 0
090042 20.5 10.0 17.737 0
090113 20.5 10.0 17.737 0
090143 20.5 10.0 17.737 0
090214 20.5 10.0 17.737 0
090244 20.5 10.0 17.737 0
090314 20.5 10.0 17.737 0
090345 20.5 10.0 17.737 0
090416 20.5 10.0 17.737 0
090447 20.5 10.0 17.737 0
090517 20.5 10.0 17.737 0
090548 20.5 10.0 17.737 0
090618 20.5 10.0 17.737 0
090649 20.5 10.0 17.737 0
090719 20.5 10.0 17.737 0
090750 20.5 10.0 17.737 0
090820 20.5 10.0 17.737 0
090851 20.5 10.0 17.737 0
090921 20.5 10.0 17.737 0
090952 20.5 10.0 17.737 0
091023 20.5 10.0 17.737 0
091053 20.5 10.0 17.737 0
091124 20.5 10.0 17.737 0
091154 20.5 10.0 17.737 0
091224 20.5 10.0 17.737 0
091255 20.5 10.0 17.737 0
091325 20.5 10.0 17.737 0
091356 20.5 10.0 17.737 0
091427 20.5 10.0 17.737 0
091457 20.5 10.0 17.737 0
091528 20.5 10.0 17.737 0
091558 20.5 10.0 17.737 0
091629 20.5 10.0 17.737 0
091700 20.5 10.0 17.737 0
091730 20.5 10.0 17.737 0
091801 20.5 10.0 17.737 0
091832 20.5 10.0 17.737 0
091902 20.5 10.0 17.737 0
091933 20.5 10.0 17.737 0
092003 20.5 10.0 17.737 0
092033 20.5 10.0 17.737 0
092104 20.5 10.0 17.737 0
092135 20.5 10.0 17.737 0
092205 20.5 10.0 17.737 0
092238 20.5 10.0 17.737 0
092308 20.5 10.0 17.737 0
092339 20.5 10.0 17.737 0
092409 20.5 10.0 17.737 0
092440 20.5 10.0 17.737 0
092511 20.5 10.0 17.737 0
092541 20.5 10.0 17.737 0
092612 20.5 10.0 17.737 0
092642 20.5 10.0 17.737 0
092712 20.5 10.0 17.737 0
092743 20.562 10.0 17.737 0
092813 20.562 10.0 17.737 0
092844 20.562 10.0 17.737 0
092914 20.562 10.0 17.737 0
092944 20.562 10.0 17.737 0
093014 20.5 10.0 17.737 0
093044 20.5 10.0 17.737 0
093115 20.5 10.0 17.737 0
093145 20.5 10.0 17.737 0
093215 20.5 10.0 17.737 0
093245 20.5 10.0 17.737 0
093316 20.5 10.0 17.737 0
093347 20.5 10.0 17.737 0
093417 20.5 10.0 17.737 0
093448 20.5 10.0 17.737 0
093518 20.5 10.0 17.737 0
093548 20.5 10.0 17.737 0
093619 20.5 10.0 17.737 0
093649 20.5 10.0 17.737 0
093720 20.5 10.0 17.737 0
093751 20.5 10.0 17.737 0
093821 20.5 10.0 17.737 0
093851 20.5 10.0 17.737 0
093921 20.5 10.0 17.737 0
093952 20.5 10.0 17.737 0
094023 20.5 10.0 17.737 0
094053 20.5 10.0 17.737 0
094124 20.5 10.0 17.737 0
094155 20.5 10.0 17.737 0
094225 20.5 10.0 17.737 0
094256 20.5 10.0 17.737 0
094326 20.5 10.0 17.737 0
094357 20.5 10.0 17.737 0
094427 20.5 10.0 17.737 0
094458 20.5 10.0 17.737 0
094528 20.562 10.0 17.737 0
094558 20.562 10.0 17.737 0
094629 20.562 10.0 17.737 0
094700 20.562 10.0 17.737 0
094730 20.562 10.0 17.737 0
094801 20.562 10.0 17.737 0
094832 20.562 10.0 17.737 0
094902 20.562 10.0 17.737 0
094933 20.562 10.0 17.737 0
095004 20.562 10.0 17.737 0
095034 20.562 10.0 17.737 0
095105 20.562 10.0 17.737 0
095135 20.562 10.0 17.737 0
095206 20.562 10.0 17.737 0
095236 20.562 10.0 17.737 0
095307 20.562 10.0 17.737 0
095338 20.562 10.0 17.737 0
095408 20.562 10.0 17.737 0
095438 20.562 10.0 17.737 0
095509 20.562 10.0 17.737 0
095540 20.562 10.0 17.737 0
095611 20.562 10.0 17.737 0
095641 20.562 10.0 17.737 0
095711 20.562 10.0 17.737 0
095744 20.625 10.0 17.737 0
095814 20.625 10.0 17.737 0
095844 20.625 10.0 17.737 0
095914 20.625 10.0 17.737 0
095945 20.625 10.0 17.737 0
100016 20.562 10.0 17.737 0
100046 20.562 10.0 17.737 0
100117 20.562 10.0 17.737 0
100148 20.562 10.0 17.737 0
100218 20.562 10.0 17.737 0
100249 20.562 10.0 17.737 0
100319 20.562 10.0 17.737 0
100349 20.562 10.0 17.737 0
100419 20.562 10.0 17.737 0
100450 20.562 10.0 17.737 0
100520 20.562 10.0 17.737 0
100550 20.562 10.0 17.737 0
100621 20.562 10.0 17.737 0
100651 20.562 10.0 17.737 0
100721 20.562 10.0 17.737 0
100752 20.562 10.0 17.737 0
100822 20.562 10.0 17.737 0
100852 20.562 10.0 17.737 0
100922 20.562 10.0 17.737 0
100953 20.562 10.0 17.737 0
101023 20.625 10.0 17.737 0
101053 20.625 10.0 17.737 0
101124 20.625 10.0 17.737 0
101155 20.625 10.0 17.737 0
101225 20.625 10.0 17.737 0
101255 20.687 10.0 17.737 0
101326 20.687 10.0 17.737 0
101356 20.687 10.0 17.737 0
101427 20.687 10.0 17.737 0
101457 20.687 10.0 17.737 0
101528 20.625 10.0 17.737 0
101559 20.625 10.0 17.737 0
101630 20.625 10.0 17.737 0
101700 20.625 10.0 17.737 0
101731 20.625 10.0 17.737 0
101802 20.625 10.0 17.737 0
101832 20.625 10.0 17.737 0
101903 20.625 10.0 17.737 0
101933 20.625 10.0 17.737 0
102003 20.625 10.0 17.737 0
102033 20.687 10.0 17.737 0
102104 20.687 10.0 17.737 0
102134 20.687 10.0 17.737 0
102204 20.687 10.0 17.737 0
102235 20.687 10.0 17.737 0
102305 20.687 10.0 17.737 0
102336 20.687 10.0 17.737 0
102407 20.687 10.0 17.737 0
102437 20.687 10.0 17.737 0
102508 20.687 10.0 17.737 0
102538 20.625 10.0 17.737 0
102608 20.625 10.0 17.737 0
102639 20.625 10.0 17.737 0
102710 20.625 10.0 17.737 0
102740 20.625 10.0 17.737 0
102811 20.625 10.0 17.737 0
102841 20.625 10.0 17.737 0
102912 20.625 10.0 17.737 0
102943 20.625 10.0 17.737 0
103013 20.625 10.0 17.737 0
103044 20.562 10.0 17.737 0
103115 20.562 10.0 17.737 0
103145 20.562 10.0 17.737 0
103216 20.562 10.0 17.737 0
103248 20.562 10.0 17.737 0
103318 20.562 10.0 17.737 0
103348 20.562 10.0 17.737 0
103419 20.562 10.0 17.737 0
103450 20.562 10.0 17.737 0
103521 20.562 10.0 17.737 0
103551 20.562 10.0 17.737 0
103622 20.562 10.0 17.737 0
103653 20.562 10.0 17.737 0
103723 20.562 10.0 17.737 0
103754 20.562 10.0 17.737 0
103825 20.562 10.0 17.737 0
103856 20.562 10.0 17.737 0
103926 20.562 10.0 17.737 0
103957 20.562 10.0 17.737 0
104027 20.437 10.0 17.737 0
104057 20.437 10.0 17.737 0
104127 20.437 10.0 17.737 0
104157 20.437 10.0 17.737 0
104228 20.437 10.0 17.737 0
104259 20.5 10.0 17.737 0
104329 20.5 10.0 17.737 0
104359 20.5 10.0 17.737 0
104430 20.5 10.0 17.737 0
104500 20.5 10.0 17.737 0
104530 20.5 10.0 17.737 0
104601 20.5 10.0 17.737 0
104632 20.5 10.0 17.737 0
104702 20.5 10.0 17.737 0
104733 20.5 10.0 17.737 0
104803 20.5 10.0 17.737 0
104833 20.5 10.0 17.737 0
104903 20.5 10.0 17.737 0
104934 20.5 10.0 17.737 0
105005 20.5 10.0 17.737 0
105035 20.5 10.0 17.737 0
105106 20.5 10.0 17.737 0
105136 20.5 10.0 17.737 0
105206 20.5 10.0 17.737 0
105236 20.5 10.0 17.737 0
105307 20.5 10.0 17.737 0
105337 20.5 10.0 17.737 0
105407 20.5 10.0 17.737 0
105437 20.5 10.0 17.737 0
105507 20.5 10.0 17.737 0
105538 20.5 10.0 17.737 0
105608 20.5 10.0 17.737 0
105638 20.5 10.0 17.737 0
105709 20.5 10.0 17.737 0
105739 20.5 10.0 17.737 0
105809 20.5 10.0 17.737 0
105840 20.5 10.0 17.737 0
105910 20.5 10.0 17.737 0
105941 20.5 10.0 17.737 0
110011 20.5 10.0 17.737 0
110042 20.5 10.0 17.737 0
110112 20.5 10.0 17.737 0
110142 20.5 10.0 17.737 0
110212 20.5 10.0 17.737 0
110242 20.5 10.0 17.737 0
110313 20.562 10.0 17.737 0
110344 20.562 10.0 17.737 0
110414 20.562 10.0 17.737 0
110445 20.562 10.0 17.737 0
110515 20.562 10.0 17.737 0
110546 20.562 10.0 17.737 0
110617 20.562 10.0 17.737 0
110647 20.562 10.0 17.737 0
110717 20.562 10.0 17.737 0
110747 20.562 10.0 17.737 0
110818 20.625 10.0 17.737 0
110848 20.625 10.0 17.737 0
110919 20.625 10.0 17.737 0
110950 20.625 10.0 17.737 0
111022 20.687 10.0 17.737 0
111053 20.687 10.0 17.737 0
111123 20.687 10.0 17.737 0
111154 20.687 10.0 17.737 0
111224 20.687 10.0 17.737 0
111255 20.75 10.0 17.737 0
111325 20.75 10.0 17.737 0
111355 20.75 10.0 17.737 0
111426 20.75 10.0 17.737 0
111456 20.75 10.0 17.737 0
111526 20.812 10.0 17.737 0
111557 20.812 10.0 17.737 0
111628 20.812 10.0 17.737 0
111658 20.812 10.0 17.737 0
111729 20.812 10.0 17.737 0
111759 20.812 10.0 17.737 0
111830 20.812 10.0 17.737 0
111900 20.812 10.0 17.737 0
111930 20.812 10.0 17.737 0
112001 20.812 10.0 17.737 0
112032 20.812 10.0 17.737 0
112102 20.812 10.0 17.737 0
112133 20.812 10.0 17.737 0
112204 20.812 10.0 17.737 0
112234 20.812 10.0 17.737 0
112305 20.812 10.0 17.737 0
112335 20.812 10.0 17.737 0
112406 20.812 10.0 17.737 0
112436 20.812 10.0 17.737 0
112507 20.812 10.0 17.737 0
112537 20.812 10.0 17.737 0
112608 20.812 10.0 17.737 0
112638 20.812 10.0 17.737 0
112709 20.812 10.0 17.737 0
112739 20.812 10.0 17.737 0
112810 20.812 10.0 17.737 0
112840 20.812 10.0 17.737 0
112911 20.812 10.0 17.737 0
112942 20.812 10.0 17.737 0
113012 20.812 10.0 17.737 0
113043 20.812 10.0 17.737 0
113114 20.812 10.0 17.737 0
113144 20.812 10.0 17.737 0
113214 20.812 10.0 17.737 0
113245 20.812 10.0 17.737 0
113316 20.812 10.0 17.737 0
113347 20.812 10.0 17.737 0
113417 20.812 10.0 17.737 0
113448 20.812 10.0 17.737 0
113518 20.812 10.0 17.737 0
113549 20.75 10.0 17.737 0
113619 20.75 10.0 17.737 0
113649 20.75 10.0 17.737 0
113720 20.75 10.0 17.737 0
113750 20.75 10.0 17.737 0
113820 20.812 10.0 17.737 0
113850 20.812 10.0 17.737 0
113921 20.812 10.0 17.737 0
113951 20.812 10.0 17.737 0
114022 20.812 10.0 17.737 0
114053 20.875 10.0 17.737 0
114123 20.875 10.0 17.737 0
114153 20.875 10.0 17.737 0
114223 20.875 10.0 17.737 0
114253 20.875 10.0 17.737 0
114323 20.812 10.0 17.737 0
114353 20.812 10.0 17.737 0
114424 20.812 10.0 17.737 0
114454 20.812 10.0 17.737 0
114527 20.812 10.0 17.737 0
114557 20.812 10.0 17.737 0
114628 20.812 10.0 17.737 0
114658 20.812 10.0 17.737 0
114729 20.812 10.0 17.737 0
114759 20.875 10.0 17.737 0
114829 20.875 10.0 17.737 0
114859 20.875 10.0 17.737 0
114929 20.875 10.0 17.737 0
114959 20.875 10.0 17.737 0
115030 20.875 10.0 17.737 0
115100 20.875 10.0 17.737 0
115130 20.875 10.0 17.737 0
115201 20.875 10.0 17.737 0
115231 20.875 10.0 17.737 0
115302 20.937 10.0 17.737 0
115332 20.937 10.0 17.737 0
115402 20.937 10.0 17.737 0
115432 20.937 10.0 17.737 0
115502 20.937 10.0 17.737 0
115533 20.875 10.0 17.737 0
115603 20.875 10.0 17.737 0
115633 20.875 10.0 17.737 0
115704 20.875 10.0 17.737 0
115735 20.875 10.0 17.737 0
115805 20.937 10.0 17.737 0
115836 20.937 10.0 17.737 0
115906 20.937 10.0 17.737 0
115936 20.937 10.0 17.737 0
120006 20.937 10.0 17.737 0
120037 20.875 10.0 17.737 0
120107 20.875 10.0 17.737 0
120138 20.875 10.0 17.737 0
120208 20.875 10.0 17.737 0
120239 20.875 10.0 17.737 0
120310 20.875 10.0 17.737 0
120340 20.875 10.0 17.737 0
120411 20.875 10.0 17.737 0
120442 20.875 10.0 17.737 0
120512 20.875 10.0 17.737 0
120543 20.937 10.0 17.737 0
120613 20.937 10.0 17.737 0
120643 20.937 10.0 17.737 0
120713 20.937 10.0 17.737 0
120744 20.937 10.0 17.737 0
120815 20.875 10.0 17.737 0
120845 20.875 10.0 17.737 0
120916 20.875 10.0 17.737 0
120947 20.875 10.0 17.737 0
121017 20.875 10.0 17.737 0
121047 20.875 10.0 17.737 0
121118 20.875 10.0 17.737 0
121149 20.875 10.0 17.737 0
121220 20.875 10.0 17.737 0
121250 20.875 10.0 17.737 0
121321 20.875 10.0 17.737 0
121351 20.875 10.0 17.737 0
121422 20.875 10.0 17.737 0
121452 20.875 10.0 17.737 0
121523 20.875 10.0 17.737 0
121553 20.937 10.0 17.737 0
121623 20.937 10.0 17.737 0
121654 20.937 10.0 17.737 0
121724 20.937 10.0 17.737 0
121755 20.937 10.0 17.737 0
121825 20.875 10.0 17.737 0
121856 20.875 10.0 17.737 0
121926 20.875 10.0 17.737 0
121956 20.875 10.0 17.737 0
122027 20.875 10.0 17.737 0
122057 20.875 10.0 17.737 0
122128 20.875 10.0 17.737 0
122158 20.875 10.0 17.737 0
122228 20.875 10.0 17.737 0
122259 20.875 10.0 17.737 0
122329 20.937 10.0 17.737 0
122359 20.937 10.0 17.737 0
122430 20.937 10.0 17.737 0
122500 20.937 10.0 17.737 0
122533 20.937 10.0 17.737 0
122603 20.937 10.0 17.737 0
122634 20.937 10.0 17.737 0
122705 20.937 10.0 17.737 0
122735 20.937 10.0 17.737 0
122806 20.937 10.0 17.737 0
122837 20.937 10.0 17.737 0
122907 20.937 10.0 17.737 0
122937 20.937 10.0 17.737 0
123008 20.937 10.0 17.737 0
123038 20.937 10.0 17.737 0
123109 20.937 10.0 17.737 0
123139 20.937 10.0 17.737 0
123210 20.937 10.0 17.737 0
123240 20.937 10.0 17.737 0
123310 20.937 10.0 17.737 0
123340 20.937 10.0 17.737 0
123411 20.937 10.0 17.737 0
123442 20.937 10.0 17.737 0
123512 20.937 10.0 17.737 0
123542 21.0 10.0 17.737 0
123613 21.0 10.0 17.737 0
123644 21.0 10.0 17.737 0
123714 21.0 10.0 17.737 0
123745 21.0 10.0 17.737 0
123815 20.937 10.0 17.737 0
123846 20.937 10.0 17.737 0
123916 20.937 10.0 17.737 0
123946 20.937 10.0 17.737 0
124017 20.937 10.0 17.737 0
124048 20.937 10.0 17.737 0
124119 20.937 10.0 17.737 0
124149 20.937 10.0 17.737 0
124220 20.937 10.0 17.737 0
124251 20.937 10.0 17.737 0
124321 20.937 10.0 17.737 0
124351 20.937 10.0 17.737 0
124422 20.937 10.0 17.737 0
124452 20.937 10.0 17.737 0
124523 20.937 10.0 17.737 0
124554 21.0 10.0 17.737 0
124625 21.0 10.0 17.737 0
124655 21.0 10.0 17.737 0
124726 21.0 10.0 17.737 0
124756 21.0 10.0 17.737 0
124827 21.0 10.0 17.737 0
124858 21.0 10.0 17.737 0
124929 21.0 10.0 17.737 0
125000 21.0 10.0 17.737 0
125030 21.0 10.0 17.737 0
125100 21.0 10.0 17.737 0
125130 21.0 10.0 17.737 0
125201 21.0 10.0 17.737 0
125231 21.0 10.0 17.737 0
125302 21.0 10.0 17.737 0
125332 21.0 10.0 17.737 0
125403 21.0 10.0 17.737 0
125434 21.0 10.0 17.737 0
125505 21.0 10.0 17.737 0
125537 21.0 10.0 17.737 0
125607 21.0 10.0 17.737 0
125638 21.0 10.0 17.737 0
125709 21.0 10.0 17.737 0
125740 21.0 10.0 17.737 0
125810 21.062 10.0 17.737 0
125840 21.062 10.0 17.737 0
125910 21.062 10.0 17.737 0
125941 21.062 10.0 17.737 0
130011 21.062 10.0 17.737 0
130042 21.062 10.0 17.737 0
130112 21.062 10.0 17.737 0
130143 21.062 10.0 17.737 0
130214 21.062 10.0 17.737 0
130244 21.062 10.0 17.737 0
130315 21.062 10.0 17.737 0
130345 21.062 10.0 17.737 0
130416 21.062 10.0 17.737 0
130446 21.062 10.0 17.737 0
130516 21.062 10.0 17.737 0
130547 21.125 10.0 17.737 0
130617 21.125 10.0 17.737 0
130648 21.125 10.0 17.737 0
130718 21.125 10.0 17.737 0
130749 21.125 10.0 17.737 0
130819 21.062 10.0 17.737 0
130850 21.062 10.0 17.737 0
130921 21.062 10.0 17.737 0
130951 21.062 10.0 17.737 0
131022 21.062 10.0 17.737 0
131053 21.125 10.0 17.737 0
131123 21.125 10.0 17.737 0
131154 21.125 10.0 17.737 0
131224 21.125 10.0 17.737 0
131255 21.125 10.0 17.737 0
131325 21.125 10.0 17.737 0
131356 21.125 10.0 17.737 0
131426 21.125 10.0 17.737 0
131456 21.125 10.0 17.737 0
131526 21.125 10.0 17.737 0
131557 21.125 10.0 17.737 0
131627 21.125 10.0 17.737 0
131658 21.125 10.0 17.737 0
131729 21.125 10.0 17.737 0
131759 21.125 10.0 17.737 0
131830 21.125 10.0 17.737 0
131901 21.125 10.0 17.737 0
131931 21.125 10.0 17.737 0
132002 21.125 10.0 17.737 0
132033 21.125 10.0 17.737 0
132103 21.125 10.0 17.737 0
132134 21.125 10.0 17.737 0
132204 21.125 10.0 17.737 0
132234 21.125 10.0 17.737 0
132305 21.125 10.0 17.737 0
132335 21.125 10.0 17.737 0
132406 21.125 10.0 17.737 0
132437 21.125 10.0 17.737 0
132507 21.125 10.0 17.737 0
132538 21.125 10.0 17.737 0
132608 21.125 10.0 17.737 0
132639 21.125 10.0 17.737 0
132710 21.125 10.0 17.737 0
132740 21.125 10.0 17.737 0
132811 21.125 10.0 17.737 0
132842 21.125 10.0 17.737 0
132912 21.125 10.0 17.737 0
132943 21.125 10.0 17.737 0
133014 21.125 10.0 17.737 0
133044 21.125 10.0 17.737 0
133115 21.125 10.0 17.737 0
133146 21.125 10.0 17.737 0
133216 21.125 10.0 17.737 0
133246 21.125 10.0 17.737 0
133317 21.125 10.0 17.737 0
133347 21.125 10.0 17.737 0
133418 21.125 10.0 17.737 0
133448 21.125 10.0 17.737 0
133518 21.125 10.0 17.737 0
133549 21.125 10.0 17.737 0
133619 21.125 10.0 17.737 0
133650 21.125 10.0 17.737 0
133720 21.125 10.0 17.737 0
133751 21.125 10.0 17.737 0
133821 21.187 10.0 17.737 0
133852 21.187 10.0 17.737 0
133922 21.187 10.0 17.737 0
133952 21.187 10.0 17.737 0
134023 21.187 10.0 17.737 0
134053 21.25 10.0 17.737 0
134123 21.25 10.0 17.737 0
134154 21.25 10.0 17.737 0
134225 21.25 10.0 17.737 0
134255 21.25 10.0 17.737 0
134325 21.312 10.0 17.737 0
134356 21.312 10.0 17.737 0
134426 21.312 10.0 17.737 0
134457 21.312 10.0 17.737 0
134527 21.312 10.0 17.737 0
134557 21.375 10.0 17.737 0
134628 21.375 10.0 17.737 0
134659 21.375 10.0 17.737 0
134729 21.375 10.0 17.737 0
134800 21.375 10.0 17.737 0
134831 21.437 10.0 17.737 0
134902 21.437 10.0 17.737 0
134932 21.437 10.0 17.737 0
135003 21.437 10.0 17.737 0
135033 21.437 10.0 17.737 0
135103 21.437 10.0 17.737 0
135133 21.437 10.0 17.737 0
135204 21.437 10.0 17.737 0
135234 21.437 10.0 17.737 0
135304 21.437 10.0 17.737 0
135335 21.437 10.0 17.737 0
135405 21.437 10.0 17.737 0
135436 21.437 10.0 17.737 0
135507 21.437 10.0 17.737 0
135537 21.437 10.0 17.737 0
135608 21.5 10.0 17.737 0
135638 21.5 10.0 17.737 0
135709 21.5 10.0 17.737 0
135740 21.5 10.0 17.737 0
135811 21.5 10.0 17.737 0
135841 21.5 10.0 17.737 0
135912 21.5 10.0 17.737 0
135943 21.5 10.0 17.737 0
140013 21.5 10.0 17.737 0
140045 21.5 10.0 17.737 0
140116 21.5 10.0 17.737 0
140146 21.5 10.0 17.737 0
140217 21.5 10.0 17.737 0
140248 21.5 10.0 17.737 0
140318 21.5 10.0 17.737 0
140348 21.5 10.0 17.737 0
140419 21.5 10.0 17.737 0
140449 21.5 10.0 17.737 0
140520 21.5 10.0 17.737 0
140550 21.5 10.0 17.737 0
140621 21.5 10.0 17.737 0
140651 21.5 10.0 17.737 0
140722 21.5 10.0 17.737 0
140753 21.5 10.0 17.737 0
140824 21.5 10.0 17.737 0
140854 21.5 10.0 17.737 0
140925 21.5 10.0 17.737 0
140955 21.5 10.0 17.737 0
141026 21.5 10.0 17.737 0
141056 21.5 10.0 17.737 0
141127 21.5 10.0 17.737 0
141158 21.5 10.0 17.737 0
141228 21.5 10.0 17.737 0
141259 21.5 10.0 17.737 0
141329 21.437 10.0 17.737 0
141400 21.437 10.0 17.737 0
141431 21.437 10.0 17.737 0
141501 21.437 10.0 17.737 0
141531 21.437 10.0 17.737 0
141602 21.375 10.0 17.737 0
141632 21.375 10.0 17.737 0
141703 21.375 10.0 17.737 0
141734 21.375 10.0 17.737 0
141804 21.375 10.0 17.737 0
141835 21.375 10.0 17.737 0
141905 21.375 10.0 17.737 0
141935 21.375 10.0 17.737 0
142006 21.375 10.0 17.737 0
142037 21.375 10.0 17.737 0
142107 21.375 10.0 17.737 0
142137 21.375 10.0 17.737 0
142208 21.375 10.0 17.737 0
142238 21.375 10.0 17.737 0
142309 21.375 10.0 17.737 0
142339 21.375 10.0 17.737 0
142409 21.375 10.0 17.737 0
142440 21.375 10.0 17.737 0
142510 21.375 10.0 17.737 0
142540 21.375 10.0 17.737 0
142610 21.437 10.0 17.737 0
142641 21.437 10.0 17.737 0
142711 21.437 10.0 17.737 0
142741 21.437 10.0 17.737 0
142811 21.437 10.0 17.737 0
142842 21.437 10.0 17.737 0
142912 21.437 10.0 17.737 0
142943 21.437 10.0 17.737 0
143013 21.437 10.0 17.737 0
143044 21.437 10.0 17.737 0
143115 21.437 10.0 17.737 0
143145 21.437 10.0 17.737 0
143216 21.437 10.0 17.737 0
143246 21.437 10.0 17.737 0
143319 21.437 10.0 17.737 0
143349 21.437 10.0 17.737 0
143420 21.437 10.0 17.737 0
143450 21.437 10.0 17.737 0
143521 21.437 10.0 17.737 0
143552 21.375 10.0 17.737 0
143622 21.375 10.0 17.737 0
143653 21.375 10.0 17.737 0
143723 21.375 10.0 17.737 0
143753 21.375 10.0 17.737 0
143823 21.375 10.0 17.737 0
143854 21.375 10.0 17.737 0
143924 21.375 10.0 17.737 0
143955 21.375 10.0 17.737 0
144025 21.375 10.0 17.737 0
144056 21.312 10.0 17.737 0
144127 21.312 10.0 17.737 0
144157 21.312 10.0 17.737 0
144228 21.312 10.0 17.737 0
144258 21.312 10.0 17.737 0
144328 21.25 10.0 17.737 0
144359 21.25 10.0 17.737 0
144430 21.25 10.0 17.737 0
144500 21.25 10.0 17.737 0
144530 21.25 10.0 17.737 0
144601 21.25 10.0 17.737 0
144631 21.25 10.0 17.737 0
144702 21.25 10.0 17.737 0
144732 21.25 10.0 17.737 0
144803 21.25 10.0 17.737 0
144833 21.187 10.0 17.737 0
144904 21.187 10.0 17.737 0
144935 21.187 10.0 17.737 0
145005 21.187 10.0 17.737 0
145035 21.187 10.0 17.737 0
145105 21.187 10.0 17.737 0
145135 21.187 10.0 17.737 0
145206 21.187 10.0 17.737 0
145236 21.187 10.0 17.737 0
145307 21.187 10.0 17.737 0
145337 21.125 10.0 17.737 0
145408 21.125 10.0 17.737 0
145438 21.125 10.0 17.737 0
145509 21.125 10.0 17.737 0
145539 21.125 10.0 17.737 0
145610 21.125 10.0 17.737 0
145640 21.125 10.0 17.737 0
145711 21.125 10.0 17.737 0
145742 21.125 10.0 17.737 0
145812 21.125 10.0 17.737 0
145843 21.125 10.0 17.737 0
145914 21.125 10.0 17.737 0
145944 21.125 10.0 17.737 0
150015 21.125 10.0 17.737 0
150046 21.125 10.0 17.737 0
150116 21.125 10.0 17.737 0
150147 21.125 10.0 17.737 0
150217 21.125 10.0 17.737 0
150248 21.125 10.0 17.737 0
150318 21.125 10.0 17.737 0
150349 21.125 10.0 17.737 0
150419 21.125 10.0 17.737 0
150450 21.125 10.0 17.737 0
150520 21.125 10.0 17.737 0
150553 21.125 10.0 17.737 0
150624 21.125 10.0 17.737 0
150654 21.125 10.0 17.737 0
150725 21.125 10.0 17.737 0
150756 21.125 10.0 17.737 0
150826 21.125 10.0 17.737 0
150857 21.125 10.0 17.737 0
150927 21.125 10.0 17.737 0
150958 21.125 10.0 17.737 0
151028 21.125 10.0 17.737 0
151059 21.187 10.0 17.737 0
151129 21.187 10.0 17.737 0
151200 21.187 10.0 17.737 0
151230 21.187 10.0 17.737 0
151301 21.187 10.0 17.737 0
151331 21.125 10.0 17.737 0
151402 21.125 10.0 17.737 0
151433 21.125 10.0 17.737 0
151503 21.125 10.0 17.737 0
151534 21.125 10.0 17.737 0
151605 21.062 10.0 17.737 0
151635 21.062 10.0 17.737 0
151706 21.062 10.0 17.737 0
151736 21.062 10.0 17.737 0
151806 21.062 10.0 17.737 0
151837 21.062 10.0 17.737 0
151907 21.062 10.0 17.737 0
151937 21.062 10.0 17.737 0
152008 21.062 10.0 17.737 0
152038 21.062 10.0 17.737 0
152108 21.062 10.0 17.737 0
152139 21.062 10.0 17.737 0
152209 21.062 10.0 17.737 0
152239 21.062 10.0 17.737 0
152310 21.062 10.0 17.737 0
152340 21.062 10.0 17.737 0
152411 21.062 10.0 17.737 0
152442 21.062 10.0 17.737 0
152512 21.062 10.0 17.737 0
152543 21.062 10.0 17.737 0
152614 21.062 10.0 17.737 0
152644 21.062 10.0 17.737 0
152715 21.062 10.0 17.737 0
152745 21.062 10.0 17.737 0
152816 21.062 10.0 17.737 0
152846 21.125 10.0 17.737 0
152917 21.125 10.0 17.737 0
152947 21.125 10.0 17.737 0
153017 21.125 10.0 17.737 0
153048 21.125 10.0 17.737 0
153119 21.125 10.0 17.737 0
153149 21.125 10.0 17.737 0
153220 21.125 10.0 17.737 0
153250 21.125 10.0 17.737 0
153321 21.125 10.0 17.737 0
153352 21.125 10.0 17.737 0
153422 21.125 10.0 17.737 0
153453 21.125 10.0 17.737 0
153524 21.125 10.0 17.737 0
153556 21.187 10.0 17.737 0
153626 21.187 10.0 17.737 0
153657 21.187 10.0 17.737 0
153727 21.187 10.0 17.737 0
153758 21.187 10.0 17.737 0
153828 21.125 10.0 17.737 0
153859 21.125 10.0 17.737 0
153930 21.125 10.0 17.737 0
154000 21.125 10.0 17.737 0
154031 21.125 10.0 17.737 0
154102 21.125 10.0 17.737 0
154132 21.125 10.0 17.737 0
154202 21.125 10.0 17.737 0
154232 21.125 10.0 17.737 0
154302 21.125 10.0 17.737 0
154333 21.187 10.0 17.737 0
154403 21.187 10.0 17.737 0
154434 21.187 10.0 17.737 0
154504 21.187 10.0 17.737 0
154534 21.187 10.0 17.737 0
154604 21.125 10.0 17.737 0
154634 21.125 10.0 17.737 0
154704 21.125 10.0 17.737 0
154735 21.125 10.0 17.737 0
154805 21.125 10.0 17.737 0
154835 21.125 10.0 17.737 0
154905 21.125 10.0 17.737 0
154935 21.125 10.0 17.737 0
155006 21.125 10.0 17.737 0
155037 21.125 10.0 17.737 0
155107 21.125 10.0 17.737 0
155137 21.125 10.0 17.737 0
155208 21.125 10.0 17.737 0
155239 21.125 10.0 17.737 0
155309 21.125 10.0 17.737 0
155340 21.125 10.0 17.737 0
155411 21.125 10.0 17.737 0
155441 21.125 10.0 17.737 0
155511 21.125 10.0 17.737 0
155542 21.125 10.0 17.737 0
155612 21.062 10.0 17.737 0
155643 21.062 10.0 17.737 0
155713 21.062 10.0 17.737 0
155744 21.062 10.0 17.737 0
155814 21.062 10.0 17.737 0
155844 21.062 10.0 17.737 0
155915 21.062 10.0 17.737 0
155945 21.062 10.0 17.737 0
160015 21.062 10.0 17.737 0
160046 21.062 10.0 17.737 0
160117 21.0 10.0 17.737 0
160147 21.0 10.0 17.737 0
160218 21.0 10.0 17.737 0
160249 21.0 10.0 17.737 0
160319 21.0 10.0 17.737 0
160349 21.0 10.0 17.737 0
160419 21.0 10.0 17.737 0
160450 21.0 10.0 17.737 0
160520 21.0 10.0 17.737 0
160551 21.0 10.0 17.737 0
160621 21.0 10.0 17.737 0
160652 21.0 10.0 17.737 0
160722 21.0 10.0 17.737 0
160752 21.0 10.0 17.737 0
160822 21.0 10.0 17.737 0
160853 20.937 10.0 17.737 0
160923 20.937 10.0 17.737 0
160954 20.937 10.0 17.737 0
161025 20.937 10.0 17.737 0
161055 20.937 10.0 17.737 0
161126 20.875 10.0 17.737 0
161157 20.875 10.0 17.737 0
161227 20.875 10.0 17.737 0
161258 20.875 10.0 17.737 0
161331 20.875 10.0 17.737 0
161401 20.875 10.0 17.737 0
161432 20.875 10.0 17.737 0
161503 20.875 10.0 17.737 0
161533 20.875 10.0 17.737 0
161604 20.812 10.0 17.737 0
161634 20.812 10.0 17.737 0
161705 20.812 10.0 17.737 0
161735 20.812 10.0 17.737 0
161805 20.812 10.0 17.737 0
161835 20.812 10.0 17.737 0
161906 20.812 10.0 17.737 0
161937 20.812 10.0 17.737 0
162008 20.812 10.0 17.737 0
162038 20.812 10.0 17.737 0
162109 20.812 10.0 17.737 0
162139 20.812 10.0 17.737 0
162209 20.812 10.0 17.737 0
162239 20.812 10.0 17.737 0
162310 20.812 10.0 17.737 0
162341 20.812 10.0 17.737 0
162411 20.812 10.0 17.737 0
162442 20.812 10.0 17.737 0
162512 20.812 10.0 17.737 0
162543 20.812 10.0 17.737 0
162613 20.812 10.0 17.737 0
162644 20.812 10.0 17.737 0
162715 20.812 10.0 17.737 0
162745 20.812 10.0 17.737 0
162816 20.812 10.0 17.737 0
162846 20.812 10.0 17.737 0
162917 20.812 10.0 17.737 0
162948 20.812 10.0 17.737 0
163018 20.812 10.0 17.737 0
163049 20.812 10.0 17.737 0
163119 20.812 10.0 17.737 0
163150 20.812 10.0 17.737 0
163221 20.812 10.0 17.737 0
163251 20.812 10.0 17.737 0
163321 20.812 10.0 17.737 0
163352 20.75 10.0 17.737 0
163422 20.75 10.0 17.737 0
163453 20.75 10.0 17.737 0
163523 20.75 10.0 17.737 0
163553 20.75 10.0 17.737 0
163623 20.812 10.0 17.737 0
163653 20.812 10.0 17.737 0
163724 20.812 10.0 17.737 0
163754 20.812 10.0 17.737 0
163825 20.812 10.0 17.737 0
163856 20.812 10.0 17.737 0
163926 20.812 10.0 17.737 0
163957 20.812 10.0 17.737 0
164027 20.812 10.0 17.737 0
164057 20.812 10.0 17.737 0
164128 20.812 10.0 17.737 0
164159 20.812 10.0 17.737 0
164229 20.812 10.0 17.737 0
164259 20.812 10.0 17.737 0
164329 20.812 10.0 17.737 0
164400 20.75 10.0 17.737 0
164430 20.75 10.0 17.737 0
164501 20.75 10.0 17.737 0
164532 20.75 10.0 17.737 0
164605 20.75 10.0 17.737 0
164635 20.75 10.0 17.737 0
164706 20.75 10.0 17.737 0
164737 20.75 10.0 17.737 0
164807 20.75 10.0 17.737 0
164837 20.75 10.0 17.737 0
164908 20.75 10.0 17.737 0
164939 20.75 10.0 17.737 0
165009 20.75 10.0 17.737 0
165040 20.75 10.0 17.737 0
165110 20.812 10.0 17.737 0
165140 20.812 10.0 17.737 0
165211 20.812 10.0 17.737 0
165241 20.812 10.0 17.737 0
165311 20.812 10.0 17.737 0
165342 20.75 10.0 17.737 0
165413 20.75 10.0 17.737 0
165443 20.75 10.0 17.737 0
165513 20.75 10.0 17.737 0
165544 20.75 10.0 17.737 0
165615 20.75 10.0 17.737 0
165645 20.75 10.0 17.737 0
165716 20.75 10.0 17.737 0
165747 20.75 10.0 17.737 0
165818 20.75 10.0 17.737 0
165848 20.75 10.0 17.737 0
165918 20.75 10.0 17.737 0
165949 20.75 10.0 17.737 0
170019 20.75 10.0 17.737 0
170050 20.75 10.0 17.737 0
170120 20.812 10.0 17.737 0
170151 20.812 10.0 17.737 0
170222 20.812 10.0 17.737 0
170253 20.812 10.0 17.737 0
170323 20.812 10.0 17.737 0
170353 20.812 10.0 17.737 0
170423 20.812 10.0 17.737 0
170454 20.812 10.0 17.737 0
170524 20.812 10.0 17.737 0
170554 20.812 10.0 17.737 0
170624 20.812 10.0 17.737 0
170654 20.812 10.0 17.737 0
170724 20.812 10.0 17.737 0
170755 20.812 10.0 17.737 0
170826 20.812 10.0 17.737 0
170857 20.812 10.0 17.737 0
170927 20.812 10.0 17.737 0
170958 20.812 10.0 17.737 0
171028 20.812 10.0 17.737 0
171058 20.812 10.0 17.737 0
171129 20.75 10.0 17.737 0
171159 20.75 10.0 17.737 0
171229 20.75 10.0 17.737 0
171259 20.75 10.0 17.737 0
171330 20.75 10.0 17.737 0
171400 20.812 10.0 17.737 0
171430 20.812 10.0 17.737 0
171501 20.812 10.0 17.737 0
171531 20.812 10.0 17.737 0
171602 20.812 10.0 17.737 0
171632 20.812 10.0 17.737 0
171703 20.812 10.0 17.737 0
171733 20.812 10.0 17.737 0
171804 20.812 10.0 17.737 0
171835 20.812 10.0 17.737 0
171905 20.812 10.0 17.737 0
171936 20.812 10.0 17.737 0
172006 20.812 10.0 17.737 0
172037 20.812 10.0 17.737 0
172107 20.812 10.0 17.737 0
172138 20.875 10.0 17.675 0
172209 20.875 10.0 17.737 0
172239 20.875 10.0 17.737 0
172310 20.875 10.0 17.737 0
172342 20.875 10.0 17.737 0
172412 20.875 10.0 17.737 0
172443 20.875 10.0 17.737 0
172514 20.875 10.0 17.737 0
172544 20.875 10.0 17.737 0
172614 20.937 10.0 17.737 0
172644 20.937 10.0 17.737 0
172714 20.937 10.0 17.737 0
172745 20.937 10.0 17.737 0
172815 20.937 10.0 17.675 0
172845 21.0 10.0 17.737 0
172916 21.0 10.0 17.737 0
172946 21.0 10.0 17.737 0
173017 21.0 10.0 17.737 0
173047 21.0 10.0 17.737 0
173117 21.062 10.0 17.737 0
173147 21.062 10.0 17.737 0
173218 21.062 10.0 17.737 0
173248 21.062 10.0 17.737 0
173319 21.062 10.0 17.737 0
173349 21.062 10.0 17.737 0
173420 21.062 10.0 17.737 0
173451 21.062 10.0 17.737 0
173522 21.062 10.0 17.737 0
173552 21.062 10.0 17.737 0
173623 21.187 10.0 17.737 0
173653 21.187 10.0 17.737 0
173724 21.187 10.0 17.737 0
173754 21.187 10.0 17.737 0
173825 21.187 10.0 17.737 0
173856 21.25 10.0 17.737 0
173927 21.25 10.0 17.737 0
173957 21.25 10.0 17.737 0
174027 21.25 10.0 17.737 0
174057 21.25 10.0 17.737 0
174128 21.312 10.0 17.675 0
174158 21.312 10.0 17.737 0
174229 21.312 10.0 17.737 0
174259 21.312 10.0 17.737 0
174330 21.312 10.0 17.737 0
174401 21.312 10.0 17.737 0
174431 21.312 10.0 17.737 0
174502 21.312 10.0 17.737 0
174532 21.312 10.0 17.737 0
174603 21.312 10.0 17.737 0
174633 21.312 10.0 17.737 0
174703 21.312 10.0 17.737 0
174733 21.312 10.0 17.675 0
174803 21.312 10.0 17.737 0
174834 21.312 10.0 17.737 0
174905 21.312 10.0 17.737 0
174936 21.312 10.0 17.737 0
175006 21.312 10.0 17.737 0
175037 21.312 10.0 17.737 0
175107 21.312 10.0 17.737 0
175138 21.375 10.0 17.737 0
175208 21.375 10.0 17.737 0
175239 21.375 10.0 17.737 0
175310 21.375 10.0 17.737 0
175340 21.375 10.0 17.737 0
175411 21.375 10.0 17.737 0
175441 21.375 10.0 17.737 0
175511 21.375 10.0 17.737 0
175542 21.375 10.0 17.737 0
175612 21.375 10.0 17.737 0
175642 21.437 10.0 17.737 0
175713 21.437 10.0 17.737 0
175743 21.437 10.0 17.737 0
175814 21.437 10.0 17.737 0
175847 21.437 10.0 17.737 0
175917 21.437 10.0 17.675 0
175947 21.437 10.0 17.737 0
180018 21.437 10.0 17.737 0
180048 21.437 10.0 17.737 0
180118 21.5 10.0 17.737 0
180149 21.5 10.0 17.737 0
180220 21.5 10.0 17.737 0
180250 21.5 10.0 17.737 0
180321 21.5 10.0 17.737 0
180352 21.562 10.0 17.737 0
180422 21.562 10.0 17.675 0
180452 21.562 10.0 17.737 0
180522 21.562 10.0 17.737 0
180552 21.562 10.0 17.737 0
180622 21.562 10.0 17.737 0
180653 21.562 10.0 17.737 0
180724 21.562 10.0 17.675 0
180754 21.562 10.0 17.737 0
180824 21.562 10.0 17.737 0
180855 21.625 10.0 17.737 0
180926 21.625 10.0 17.737 0
180956 21.625 10.0 17.737 0
181027 21.625 10.0 17.737 0
181057 21.625 10.0 17.737 0
181128 21.625 10.0 17.737 0
181159 21.625 10.0 17.737 0
181229 21.625 10.0 17.737 0
181300 21.625 10.0 17.737 0
181331 21.625 10.0 17.675 0
181401 21.625 10.0 17.675 0
181432 21.625 10.0 17.737 0
181503 21.625 10.0 17.737 0
181533 21.625 10.0 17.737 0
181604 21.625 10.0 17.737 0
181634 21.625 10.0 17.737 0
181705 21.625 10.0 17.737 0
181735 21.625 10.0 17.737 0
181806 21.625 10.0 17.737 0
181837 21.625 10.0 17.737 0
181907 21.687 10.0 17.737 0
181938 21.687 10.0 17.737 0
182009 21.687 10.0 17.737 0
182039 21.687 10.0 17.675 0
182110 21.687 10.0 17.737 0
182141 21.687 10.0 17.675 0
182211 21.687 10.0 17.737 0
182242 21.687 10.0 17.675 0
182313 21.687 10.0 17.737 0
182343 21.687 10.0 17.675 0
182414 21.687 10.0 17.737 0
182445 21.687 10.0 17.737 0
182515 21.687 10.0 17.675 0
182546 21.687 10.0 17.737 0
182616 21.687 10.0 17.675 0
182647 21.687 10.0 17.737 0
182717 21.687 10.0 17.737 0
182748 21.687 10.0 17.737 0
182818 21.687 10.0 17.675 0
182851 21.687 10.0 17.675 0
182921 21.687 10.0 17.737 0
182952 21.687 10.0 17.675 0
183023 21.687 10.0 17.675 0
183053 21.687 10.0 17.737 0
183123 21.75 10.0 17.675 0
183154 21.75 10.0 17.737 0
183225 21.75 10.0 17.737 0
183255 21.75 10.0 17.675 0
183326 21.75 10.0 17.675 0
183357 21.75 10.0 17.675 0
183427 21.75 10.0 17.675 0
183458 21.75 10.0 17.675 0
183529 21.75 10.0 17.675 0
183559 21.75 10.0 17.737 0
183630 21.812 10.0 17.737 0
183701 21.812 10.0 17.737 0
183731 21.812 10.0 17.675 0
183802 21.812 10.0 17.675 0
183832 21.812 10.0 17.737 0
183903 21.812 10.0 17.737 0
183934 21.812 10.0 17.737 0
184004 21.812 10.0 17.737 0
184035 21.812 10.0 17.675 0
184105 21.812 10.0 17.675 0
184136 21.812 10.0 17.737 0
184207 21.812 10.0 17.737 0
184237 21.812 10.0 17.737 0
184308 21.812 10.0 17.675 0
184339 21.812 10.0 17.675 0
184409 21.812 10.0 17.675 0
184439 21.812 10.0 17.737 0
184510 21.812 10.0 17.737 0
184541 21.812 10.0 17.737 0
184611 21.812 10.0 17.737 0
184641 21.812 10.0 17.737 0
184711 21.812 10.0 17.675 0
184742 21.812 10.0 17.737 0
184813 21.812 10.0 17.675 0
184844 21.812 10.0 17.737 0
184914 21.812 10.0 17.675 0
184944 21.812 10.0 17.737 0
185014 21.812 10.0 17.675 0
185045 21.812 10.0 17.675 0
185115 21.812 10.0 17.675 0
185146 21.812 10.0 17.675 0
185216 21.812 10.0 17.675 0
185247 21.812 10.0 17.675 0
185318 21.812 10.0 17.675 0
185348 21.812 10.0 17.737 0
185419 21.875 10.0 17.675 0
185450 21.875 10.0 17.675 0
185520 21.875 10.0 17.737 0
185550 21.875 10.0 17.737 0
185621 21.875 10.0 17.675 0
185651 21.875 10.0 17.737 0
185722 21.875 10.0 17.675 0
185753 21.875 10.0 17.737 0
185823 21.875 10.0 17.737 0
185856 21.875 10.0 17.737 0
185927 21.875 10.0 17.737 0
185958 21.875 10.0 17.675 0
190028 21.875 10.0 17.675 0
190059 21.875 10.0 17.675 0
190129 21.875 10.0 17.675 0
190200 21.875 10.0 17.737 0
190231 21.875 10.0 17.675 0
190301 21.875 10.0 17.675 0
190332 21.875 10.0 17.737 0
190402 21.937 10.0 17.675 0
190432 21.937 10.0 17.675 0
190503 21.937 10.0 17.675 0
190533 21.937 10.0 17.675 0
190603 21.937 10.0 17.675 0
190633 21.875 10.0 17.675 0
190704 21.875 10.0 17.675 0
190734 21.875 10.0 17.675 0
190804 21.875 10.0 17.675 0
190835 21.875 10.0 17.675 0
190906 21.937 10.0 17.675 0
190936 21.937 10.0 17.675 0
191007 21.937 10.0 17.675 0
191037 21.937 10.0 17.675 0
191107 21.937 10.0 17.675 0
191138 21.875 10.0 17.675 0
191209 21.875 10.0 17.675 0
191240 21.875 10.0 17.675 0
191310 21.875 10.0 17.675 0
191340 21.875 10.0 17.675 0
191410 21.875 10.0 17.737 0
191441 21.875 10.0 17.675 0
191511 21.875 10.0 17.675 0
191542 21.875 10.0 17.675 0
191612 21.875 10.0 17.675 0
191643 21.937 10.0 17.675 0
191714 21.937 10.0 17.675 0
191744 21.937 10.0 17.737 0
191815 21.937 10.0 17.675 0
191846 21.937 10.0 17.737 0
191916 21.875 10.0 17.675 0
191947 21.875 10.0 17.675 0
192018 21.875 10.0 17.675 0
192048 21.875 10.0 17.675 0
192119 21.875 10.0 17.675 0
192149 21.875 10.0 17.675 0
192220 21.875 10.0 17.675 0
192251 21.875 10.0 17.675 0
192322 21.875 10.0 17.675 0
192352 21.875 10.0 17.675 0
192422 21.937 10.0 17.675 0
192453 21.937 10.0 17.675 0
192523 21.937 10.0 17.675 0
192554 21.937 10.0 17.675 0
192624 21.937 10.0 17.675 0
192655 21.937 10.0 17.675 0
192725 21.937 10.0 17.675 0
192755 21.937 10.0 17.675 0
192825 21.937 10.0 17.675 0
192855 21.937 10.0 17.675 0
192926 21.875 10.0 17.675 0
192956 21.875 10.0 17.675 0
193026 21.875 10.0 17.675 0
193056 21.875 10.0 17.737 0
193127 21.875 10.0 17.675 0
193158 21.875 10.0 17.675 0
193228 21.875 10.0 17.675 0
193258 21.875 10.0 17.675 0
193329 21.875 10.0 17.675 0
193401 21.875 10.0 17.675 0
193432 21.875 10.0 17.675 0
193503 21.875 10.0 17.675 0
193533 21.875 10.0 17.675 0
193603 21.875 10.0 17.675 0
193634 21.875 10.0 17.675 0
193705 21.875 10.0 17.675 0
193736 21.875 10.0 17.675 0
193806 21.875 10.0 17.675 0
193837 21.875 10.0 17.675 0
193908 21.812 10.0 17.675 0
193938 21.812 10.0 17.675 0
194008 21.812 10.0 17.675 0
194039 21.812 10.0 17.675 0
194109 21.812 10.0 17.675 0
194140 21.875 10.0 17.675 0
194210 21.875 10.0 17.675 0
194241 21.875 10.0 17.675 0
194312 21.875 10.0 17.675 0
194342 21.875 10.0 17.675 0
194413 21.812 10.0 17.675 0
194443 21.812 10.0 17.675 0
194513 21.812 10.0 17.675 0
194543 21.812 10.0 17.675 0
194613 21.812 10.0 17.675 0
194644 21.812 10.0 17.675 0
194714 21.812 10.0 17.675 0
194744 21.812 10.0 17.675 0
194814 21.812 10.0 17.675 0
194845 21.812 10.0 17.675 0
194915 21.875 10.0 17.675 0
194945 21.875 10.0 17.675 0
195015 21.875 10.0 17.675 0
195046 21.875 10.0 17.675 0
195116 21.875 10.0 17.675 0
195147 21.875 10.0 17.675 0
195217 21.875 10.0 17.675 0
195248 21.875 10.0 17.675 0
195319 21.875 10.0 17.675 0
195349 21.875 10.0 17.675 0
195420 21.812 10.0 17.675 0
195450 21.812 10.0 17.675 0
195520 21.812 10.0 17.675 0
195550 21.812 10.0 17.675 0
195620 21.812 10.0 17.675 0
195650 21.812 10.0 17.675 0
195721 21.812 10.0 17.675 0
195751 21.812 10.0 17.675 0
195821 21.812 10.0 17.675 0
195852 21.812 10.0 17.675 0
195922 21.937 10.0 17.675 0
195953 21.937 10.0 17.675 0
200023 21.937 10.0 17.675 0
200054 21.937 10.0 17.675 0
200125 21.937 10.0 17.675 0
200155 21.875 10.0 17.675 0
200226 21.875 10.0 17.675 0
200256 21.875 10.0 17.675 0
200327 21.875 10.0 17.675 0
200357 21.875 10.0 17.675 0
200427 21.937 10.0 17.675 0
200457 21.937 10.0 17.675 0
200527 21.937 10.0 17.675 0
200557 21.937 10.0 17.675 0
200628 21.937 10.0 17.675 0
200658 21.875 10.0 17.675 0
200728 21.875 10.0 17.675 0
200758 21.875 10.0 17.675 0
200828 21.875 10.0 17.675 0
200859 21.875 10.0 17.675 0
200929 21.875 10.0 17.675 0
200959 21.875 10.0 17.675 0
201029 21.875 10.0 17.675 0
201100 21.875 10.0 17.675 0
201131 21.875 10.0 17.675 0
201201 21.875 10.0 17.675 0
201232 21.875 10.0 17.675 0
201302 21.875 10.0 17.675 0
201333 21.875 10.0 17.675 0
201403 21.875 10.0 17.675 0
201434 21.875 10.0 17.675 0
201504 21.875 10.0 17.675 0
201535 21.875 10.0 17.675 0
201605 21.875 10.0 17.675 0
201638 21.812 10.0 17.675 0
201708 21.812 10.0 17.675 0
201738 21.812 10.0 17.675 0
201809 21.812 10.0 17.675 0
201839 21.812 10.0 17.675 0
201910 21.875 10.0 17.675 0
201940 21.875 10.0 17.675 0
202011 21.875 10.0 17.675 0
202042 21.875 10.0 17.675 0
202112 21.875 10.0 17.675 0
202143 21.875 10.0 17.675 0
202214 21.875 10.0 17.675 0
202244 21.875 10.0 17.675 0
202314 21.875 10.0 17.675 0
202344 21.875 10.0 17.675 0
202415 21.812 10.0 17.675 0
202446 21.812 10.0 17.675 0
202516 21.812 10.0 17.675 0
202546 21.812 10.0 17.675 0
202616 21.812 10.0 17.675 0
202646 21.75 10.0 17.675 0
202717 21.75 10.0 17.675 0
202747 21.75 10.0 17.675 0
202817 21.75 10.0 17.675 0
202848 21.75 10.0 17.675 0
202918 21.75 10.0 17.675 0
202949 21.75 10.0 17.675 0
203020 21.75 10.0 17.675 0
203051 21.75 10.0 17.675 0
203121 21.75 10.0 17.675 0
203151 21.75 10.0 17.675 0
203222 21.75 10.0 17.675 0
203253 21.75 10.0 17.675 0
203323 21.75 10.0 17.675 0
203354 21.75 10.0 17.675 0
203424 21.75 10.0 17.675 0
203454 21.75 10.0 17.675 0
203525 21.75 10.0 17.675 0
203555 21.75 10.0 17.675 0
203626 21.75 10.0 17.675 0
203656 21.75 10.0 17.675 0
203726 21.75 10.0 17.675 0
203757 21.75 10.0 17.675 0
203827 21.75 10.0 17.675 0
203857 21.75 10.0 17.675 0
203928 21.75 10.0 17.675 0
203958 21.75 10.0 17.675 0
204029 21.75 10.0 17.675 0
204059 21.75 10.0 17.675 0
204130 21.75 10.0 17.675 0
204200 21.75 10.0 17.675 0
204231 21.75 10.0 17.675 0
204302 21.75 10.0 17.675 0
204332 21.75 10.0 17.675 0
204403 21.75 10.0 17.675 0
204433 21.812 10.0 17.675 0
204504 21.812 10.0 17.675 0
204535 21.812 10.0 17.675 0
204605 21.812 10.0 17.675 0
204636 21.812 10.0 17.675 0
204706 21.875 10.0 17.675 0
204737 21.875 10.0 17.675 0
204807 21.875 10.0 17.675 0
204837 21.875 10.0 17.675 0
204908 21.875 10.0 17.675 0
204938 21.812 10.0 17.675 0
205009 21.812 10.0 17.675 0
205039 21.812 10.0 17.675 0
205109 21.812 10.0 17.675 0
205139 21.812 10.0 17.675 0
205210 21.812 10.0 17.675 0
205241 21.812 10.0 17.675 0
205311 21.812 10.0 17.675 0
205341 21.812 10.0 17.675 0
205413 21.812 10.0 17.675 0
205444 21.812 10.0 17.675 0
205514 21.812 10.0 17.675 0
205545 21.812 10.0 17.675 0
205616 21.812 10.0 17.675 0
205646 21.812 10.0 17.675 0
205717 21.812 10.0 17.675 0
205747 21.812 10.0 17.675 0
205818 21.812 10.0 17.675 0
205849 21.812 10.0 17.675 0
205919 21.875 10.0 17.675 0
205950 21.875 10.0 17.675 0
210020 21.875 10.0 17.675 0
210050 21.875 10.0 17.675 0
210120 21.875 10.0 17.675 0
210151 21.875 10.0 17.675 0
210221 21.875 10.0 17.675 0
210252 21.875 10.0 17.675 0
210323 21.875 10.0 17.675 0
210353 21.875 10.0 17.675 0
210423 21.812 10.0 17.675 0
210454 21.812 10.0 17.675 0
210524 21.812 10.0 17.675 0
210555 21.812 10.0 17.675 0
210626 21.812 10.0 17.675 0
210656 21.812 10.0 17.675 0
210727 21.812 10.0 17.675 0
210757 21.812 10.0 17.675 0
210828 21.812 10.0 17.675 0
210859 21.812 10.0 17.675 0
210929 21.812 10.0 17.675 0
210959 21.812 10.0 17.675 0
211030 21.812 10.0 17.675 0
211100 21.812 10.0 17.675 0
211131 21.812 10.0 17.675 0
211202 21.875 10.0 17.675 0
211232 21.875 10.0 17.675 0
211302 21.875 10.0 17.675 0
211333 21.875 10.0 17.675 0
211403 21.875 10.0 17.675 0
211434 21.937 10.0 17.675 0
211504 21.937 10.0 17.675 0
211535 21.937 10.0 17.675 0
211605 21.937 10.0 17.675 0
211636 21.937 10.0 17.675 0
211706 21.937 10.0 17.675 0
211737 21.937 10.0 17.675 0
211807 21.937 10.0 17.675 0
211837 21.937 10.0 17.675 0
211908 21.937 10.0 17.675 0
211938 21.937 10.0 17.675 0
212009 21.937 10.0 17.675 0
212039 21.937 10.0 17.675 0
212110 21.937 10.0 17.675 0
212141 21.937 10.0 17.675 0
212211 21.937 10.0 17.675 0
212242 21.937 10.0 17.675 0
212312 21.937 10.0 17.675 0
212343 21.937 10.0 17.675 0
212413 21.937 10.0 17.675 0
212443 21.937 10.0 17.675 0
212514 21.937 10.0 17.675 0
212544 21.937 10.0 17.675 0
212614 21.937 10.0 17.675 0
212647 21.875 10.0 17.675 0
212717 21.875 10.0 17.675 0
212747 21.875 10.0 17.675 0
212817 21.875 10.0 17.675 0
212848 21.875 10.0 17.675 0
212918 21.875 10.0 17.675 0
212949 21.875 10.0 17.675 0
213019 21.875 10.0 17.675 0
213050 21.875 10.0 17.675 0
213120 21.875 10.0 17.675 0
213151 21.937 10.0 17.675 0
213221 21.937 10.0 17.675 0
213252 21.937 10.0 17.675 0
213322 21.937 10.0 17.675 0
213353 21.937 10.0 17.675 0
213424 21.875 10.0 17.675 0
213455 21.875 10.0 17.675 0
213525 21.875 10.0 17.675 0
213556 21.875 10.0 17.675 0
213627 21.875 10.0 17.675 0
213657 21.937 10.0 17.675 0
213728 21.937 10.0 17.675 0
213758 21.937 10.0 17.675 0
213829 21.937 10.0 17.675 0
213859 21.937 10.0 17.675 0
213930 21.937 10.0 17.675 0
214000 21.937 10.0 17.675 0
214030 21.937 10.0 17.675 0
214100 21.937 10.0 17.675 0
214131 21.937 10.0 17.675 0
214201 21.875 10.0 17.675 0
214232 21.875 10.0 17.675 0
214302 21.875 10.0 17.675 0
214332 21.875 10.0 17.675 0
214403 21.875 10.0 17.675 0
214433 21.937 10.0 17.675 0
214504 21.937 10.0 17.675 0
214534 21.937 10.0 17.675 0
214604 21.937 10.0 17.675 0
214635 21.937 10.0 17.675 0
214706 21.937 10.0 17.675 0
214737 21.937 10.0 17.675 0
214807 21.937 10.0 17.675 0
214838 21.937 10.0 17.675 0
214909 21.937 10.0 17.675 0
214939 21.937 10.0 17.675 0
215009 21.937 10.0 17.675 0
215040 21.937 10.0 17.675 0
215110 21.937 10.0 17.675 0
215140 21.937 10.0 17.675 0
215211 21.937 10.0 17.675 0
215241 21.937 10.0 17.675 0
215312 21.937 10.0 17.675 0
215342 21.937 10.0 17.675 0
215412 21.937 10.0 17.675 0
215442 21.937 10.0 17.675 0
215513 21.937 10.0 17.675 0
215543 21.937 10.0 17.675 0
215613 21.937 10.0 17.675 0
215644 21.937 10.0 17.675 0
215715 21.875 10.0 17.675 0
215745 21.875 10.0 17.675 0
215816 21.875 10.0 17.675 0
215847 21.875 10.0 17.675 0
215917 21.875 10.0 17.675 0
215948 21.875 10.0 17.675 0
220018 21.875 10.0 17.675 0
220049 21.875 10.0 17.675 0
220120 21.875 10.0 17.675 0
220152 21.812 10.0 17.675 0
220223 21.812 10.0 17.675 0
220253 21.812 10.0 17.675 0
220324 21.812 10.0 17.675 0
220355 21.812 10.0 17.675 0
220426 21.75 10.0 17.675 0
220456 21.75 10.0 17.675 0
220527 21.75 10.0 17.675 0
220557 21.75 10.0 17.675 0
220627 21.75 10.0 17.675 0
220658 21.75 10.0 17.675 0
220729 21.75 10.0 17.675 0
220759 21.75 10.0 17.675 0
220830 21.75 10.0 17.675 0
220901 21.75 10.0 17.675 0
220931 21.75 10.0 17.675 0
221002 21.75 10.0 17.675 0
221032 21.75 10.0 17.675 0
221102 21.75 10.0 17.675 0
221133 21.75 10.0 17.675 0
221203 21.75 10.0 17.675 0
221233 21.75 10.0 17.675 0
221303 21.75 10.0 17.675 0
221334 21.75 10.0 17.675 0
221404 21.75 10.0 17.675 0
221434 21.687 10.0 17.675 0
221504 21.687 10.0 17.675 0
221535 21.687 10.0 17.675 0
221605 21.687 10.0 17.675 0
221635 21.687 10.0 17.675 0
221705 21.687 10.0 17.675 0
221736 21.687 10.0 17.675 0
221807 21.687 10.0 17.675 0
221837 21.687 10.0 17.675 0
221908 21.687 10.0 17.675 0
221938 21.687 10.0 17.675 0
222009 21.687 10.0 17.675 0
222039 21.687 10.0 17.675 0
222110 21.687 10.0 17.675 0
222141 21.687 10.0 17.675 0
222211 21.687 10.0 17.675 0
222242 21.687 10.0 17.675 0
222312 21.687 10.0 17.675 0
222343 21.687 10.0 17.675 0
222413 21.687 10.0 17.675 0
222444 21.687 10.0 17.675 0
222514 21.687 10.0 17.675 0
222545 21.687 10.0 17.675 0
222616 21.687 10.0 17.675 0
222646 21.687 10.0 17.675 0
222716 21.687 10.0 17.675 0
222746 21.687 10.0 17.675 0
222817 21.687 10.0 17.675 0
222848 21.687 10.0 17.675 0
222918 21.687 10.0 17.675 0
222949 21.687 10.0 17.675 0
223020 21.687 10.0 17.675 0
223051 21.687 10.0 17.675 0
223121 21.687 10.0 17.675 0
223152 21.687 10.0 17.675 0
223223 21.687 10.0 17.675 0
223253 21.687 10.0 17.675 0
223324 21.687 10.0 17.675 0
223354 21.687 10.0 17.675 0
223427 21.687 10.0 17.675 0
223457 21.687 10.0 17.675 0
223528 21.687 10.0 17.675 0
223558 21.687 10.0 17.675 0
223629 21.687 10.0 17.675 0
223659 21.625 10.0 17.675 0
223730 21.625 10.0 17.675 0
223800 21.625 10.0 17.675 0
223831 21.625 10.0 17.675 0
223902 21.625 10.0 17.675 0
223932 21.625 10.0 17.675 0
224003 21.625 10.0 17.675 0
224033 21.625 10.0 17.675 0
224104 21.625 10.0 17.675 0
224134 21.625 10.0 17.675 0
224205 21.625 10.0 17.675 0
224236 21.625 10.0 17.675 0
224306 21.625 10.0 17.675 0
224336 21.625 10.0 17.675 0
224407 21.625 10.0 17.675 0
224438 21.625 10.0 17.675 0
224508 21.625 10.0 17.675 0
224539 21.625 10.0 17.675 0
224609 21.625 10.0 17.675 0
224640 21.625 10.0 17.675 0
224710 21.562 10.0 17.675 0
224741 21.562 10.0 17.675 0
224811 21.562 10.0 17.675 0
224842 21.562 10.0 17.675 0
224913 21.562 10.0 17.675 0
224943 21.562 10.0 17.675 0
225014 21.562 10.0 17.675 0
225044 21.562 10.0 17.675 0
225115 21.562 10.0 17.675 0
225145 21.562 10.0 17.675 0
225215 21.5 10.0 17.675 0
225246 21.5 10.0 17.675 0
225317 21.5 10.0 17.675 0
225347 21.5 10.0 17.675 0
225418 21.5 10.0 17.675 0
225449 21.5 10.0 17.675 0
225519 21.5 10.0 17.675 0
225549 21.5 10.0 17.675 0
225620 21.5 10.0 17.675 0
225650 21.5 10.0 17.675 0
225720 21.5 10.0 17.675 0
225750 21.5 10.0 17.675 0
225820 21.5 10.0 17.675 0
225851 21.5 10.0 17.675 0
225921 21.5 10.0 17.675 0
225951 21.5 10.0 17.675 0
230021 21.5 10.0 17.675 0
230052 21.5 10.0 17.675 0
230122 21.5 10.0 17.675 0
230152 21.5 10.0 17.675 0
230222 21.5 10.0 17.675 0
230253 21.5 10.0 17.675 0
230323 21.5 10.0 17.675 0
230353 21.5 10.0 17.675 0
230423 21.5 10.0 17.675 0
230454 21.437 10.0 17.675 0
230525 21.437 10.0 17.675 0
230555 21.437 10.0 17.675 0
230626 21.437 10.0 17.675 0
230657 21.437 10.0 17.675 0
230727 21.437 10.0 17.675 0
230758 21.437 10.0 17.675 0
230828 21.437 10.0 17.675 0
230859 21.437 10.0 17.675 0
230929 21.437 10.0 17.675 0
230959 21.312 10.0 17.675 0
231029 21.312 10.0 17.675 0
231100 21.312 10.0 17.675 0
231130 21.312 10.0 17.675 0
231203 21.25 10.0 17.675 0
231233 21.25 10.0 17.675 0
231304 21.25 10.0 17.675 0
231335 21.25 10.0 17.675 0
231406 21.25 10.0 17.675 0
231436 21.187 10.0 17.675 0
231506 21.187 10.0 17.675 0
231537 21.187 10.0 17.675 0
231607 21.187 10.0 17.675 0
231637 21.187 10.0 17.675 0
231708 21.125 10.0 17.675 0
231739 21.125 10.0 17.675 0
231809 21.125 10.0 17.675 0
231840 21.125 10.0 17.675 0
231911 21.125 10.0 17.675 0
231941 21.062 10.0 17.675 0
232011 21.062 10.0 17.675 0
232041 21.062 10.0 17.675 0
232111 21.062 10.0 17.675 0
232142 21.062 10.0 17.675 0
232213 21.0 10.0 17.675 0
232243 21.0 10.0 17.675 0
232313 21.0 10.0 17.675 0
232344 21.0 10.0 17.675 0
232415 21.0 10.0 17.675 0
232445 20.937 10.0 17.675 0
232515 20.937 10.0 17.675 0
232545 20.937 10.0 17.675 0
232616 20.937 10.0 17.675 0
232646 20.937 10.0 17.675 0
232717 20.937 10.0 17.675 0
232747 20.937 10.0 17.675 0
232817 20.937 10.0 17.675 0
232848 20.937 10.0 17.675 0
232919 20.937 10.0 17.675 0
232950 20.875 10.0 17.675 0
233020 20.875 10.0 17.675 0
233051 20.875 10.0 17.675 0
233122 20.875 10.0 17.675 0
233152 20.875 10.0 17.675 0
233223 20.875 10.0 17.675 0
233253 20.875 10.0 17.675 0
233324 20.875 10.0 17.675 0
233354 20.875 10.0 17.675 0
233424 20.875 10.0 17.675 0
233455 20.812 10.0 17.675 0
233526 20.812 10.0 17.675 0
233556 20.812 10.0 17.675 0
233627 20.812 10.0 17.675 0
233657 20.812 10.0 17.675 0
233727 20.812 10.0 17.675 0
233758 20.812 10.0 17.675 0
233829 20.812 10.0 17.675 0
233859 20.812 10.0 17.675 0
233930 20.812 10.0 17.675 0
234000 20.75 10.0 17.675 0
234031 20.75 10.0 17.675 0
234101 20.75 10.0 17.675 0
234132 20.75 10.0 17.675 0
234202 20.75 10.0 17.675 0
234232 20.75 10.0 17.675 0
234302 20.75 10.0 17.675 0
234333 20.75 10.0 17.675 0
234404 20.75 10.0 17.675 0
234436 20.75 10.0 17.675 0
234506 20.75 10.0 17.675 0
234537 20.75 10.0 17.675 0
234607 20.75 10.0 17.675 0
234638 20.75 10.0 17.675 0
234709 20.75 10.0 17.675 0
234739 20.75 10.0 17.675 0
234810 20.75 10.0 17.675 0
234840 20.75 10.0 17.675 0
234911 20.75 10.0 17.675 0
234941 20.687 10.0 17.675 0
235011 20.687 10.0 17.675 0
235042 20.687 10.0 17.675 0
235112 20.687 10.0 17.675 0
235142 20.687 10.0 17.675 0
235213 20.687 10.0 17.675 0
235243 20.687 10.0 17.675 0
235314 20.687 10.0 17.675 0
235344 20.687 10.0 17.675 0
235415 20.687 10.0 17.675 0
235445 20.687 10.0 17.675 0
235516 20.687 10.0 17.675 0
235546 20.687 10.0 17.675 0
235617 20.687 10.0 17.675 0
235648 20.687 10.0 17.675 0
235718 20.687 10.0 17.675 0
235748 20.687 10.0 17.675 0
235819 20.687 10.0 17.675 0
235849 20.687 10.0 17.675 0
