235929 21.5 10.0 17.362 0
000000 21.5 10.0 17.362 0
000031 21.5 10.0 17.362 0
000101 21.437 10.0 17.362 0
000131 21.437 10.0 17.362 0
000202 21.437 10.0 17.362 0
000233 21.437 10.0 17.362 0
000303 21.437 10.0 17.362 0
000334 21.437 10.0 17.362 0
000405 21.437 10.0 17.362 0
000435 21.437 10.0 17.362 0
000506 21.437 10.0 17.362 0
000536 21.437 10.0 17.362 0
000607 21.437 10.0 17.362 0
000638 21.437 10.0 17.362 0
000708 21.437 10.0 17.362 0
000739 21.437 10.0 17.362 0
000812 21.437 10.0 17.362 0
000842 21.437 10.0 17.362 0
000912 21.437 10.0 17.362 0
000943 21.437 10.0 17.362 0
001014 21.437 10.0 17.362 0
001044 21.437 10.0 17.362 0
001115 21.437 10.0 17.362 0
001146 21.437 10.0 17.362 0
001216 21.437 10.0 17.362 0
001247 21.437 10.0 17.362 0
001317 21.437 10.0 17.362 0
001348 21.437 10.0 17.362 0
001418 21.437 10.0 17.362 0
001449 21.437 10.0 17.362 0
001519 21.437 10.0 17.362 0
001550 21.375 10.0 17.362 0
001621 21.375 10.0 17.362 0
001651 21.375 10.0 17.362 0
001721 21.375 10.0 17.362 0
001752 21.375 10.0 17.362 0
001822 21.437 10.0 17.362 0
001853 21.437 10.0 17.362 0
001924 21.437 10.0 17.362 0
001954 21.437 10.0 17.362 0
002025 21.437 10.0 17.362 0
002056 21.375 10.0 17.362 0
002126 21.375 10.0 17.362 0
002157 21.375 10.0 17.362 0
002228 21.375 10.0 17.362 0
002258 21.375 10.0 17.362 0
002329 21.375 10.0 17.362 0
002400 21.375 10.0 17.362 0
002430 21.375 10.0 17.362 0
002500 21.375 10.0 17.362 0
002531 21.375 10.0 17.362 0
002601 21.375 10.0 17.362 0
002632 21.375 10.0 17.362 0
002702 21.375 10.0 17.362 0
002733 21.375 10.0 17.362 0
002804 21.375 10.0 17.362 0
002835 21.375 10.0 17.362 0
002905 21.375 10.0 17.362 0
002936 21.375 10.0 17.362 0
003006 21.375 10.0 17.362 0
003037 21.375 10.0 17.362 0
003108 21.375 10.0 17.362 0
003138 21.375 10.0 17.362 0
003209 21.375 10.0 17.362 0
003239 21.375 10.0 17.362 0
003310 21.375 10.0 17.362 0
003341 21.375 10.0 17.362 0
003411 21.375 10.0 17.362 0
003442 21.375 10.0 17.362 0
003513 21.375 10.0 17.362 0
003545 21.375 10.0 17.362 0
003615 21.375 10.0 17.362 0
003646 21.375 10.0 17.362 0
003716 21.375 10.0 17.362 0
003747 21.375 10.0 17.362 0
003818 21.375 10.0 17.362 0
003848 21.375 10.0 17.362 0
003919 21.375 10.0 17.362 0
003950 21.375 10.0 17.362 0
004020 21.375 10.0 17.362 0
004051 21.312 10.0 17.362 0
004122 21.312 10.0 17.362 0
004152 21.312 10.0 17.362 0
004223 21.312 10.0 17.362 0
004254 21.312 10.0 17.362 0
004324 21.312 10.0 17.362 0
004354 21.312 10.0 17.362 0
004425 21.312 10.0 17.362 0
004455 21.312 10.0 17.362 0
004526 21.312 10.0 17.362 0
004556 21.312 10.0 17.362 0
004626 21.312 10.0 17.362 0
004657 21.312 10.0 17.362 0
004728 21.312 10.0 17.362 0
004758 21.312 10.0 17.362 0
004829 21.25 10.0 17.362 0
004900 21.25 10.0 17.362 0
004930 21.25 10.0 17.362 0
005000 21.25 10.0 17.362 0
005031 21.25 10.0 17.362 0
005102 21.312 10.0 17.362 0
005133 21.312 10.0 17.362 0
005203 21.312 10.0 17.362 0
005233 21.312 10.0 17.362 0
005303 21.312 10.0 17.362 0
005334 21.25 10.0 17.362 0
005404 21.25 10.0 17.362 0
005434 21.25 10.0 17.362 0
005505 21.25 10.0 17.362 0
005536 21.25 10.0 17.362 0
005607 21.25 10.0 17.362 0
005637 21.25 10.0 17.362 0
005708 21.25 10.0 17.362 0
005738 21.25 10.0 17.362 0
005809 21.25 10.0 17.362 0
005840 21.25 10.0 17.362 0
005910 21.25 10.0 17.362 0
005940 21.25 10.0 17.362 0
010011 21.25 10.0 17.362 0
010042 21.25 10.0 17.362 0
010112 21.25 10.0 17.362 0
010143 21.25 10.0 17.362 0
010213 21.25 10.0 17.362 0
010243 21.25 10.0 17.362 0
010314 21.25 10.0 17.362 0
010344 21.25 10.0 17.362 0
010415 21.25 10.0 17.362 0
010446 21.25 10.0 17.362 0
010516 21.25 10.0 17.362 0
010548 21.25 10.0 17.362 0
010618 21.25 10.0 17.362 0
010649 21.25 10.0 17.362 0
010719 21.25 10.0 17.362 0
010750 21.25 10.0 17.362 0
010820 21.25 10.0 17.362 0
010850 21.25 10.0 17.362 0
010921 21.25 10.0 17.362 0
010952 21.25 10.0 17.362 0
011022 21.25 10.0 17.362 0
011053 21.187 10.0 17.362 0
011123 21.187 10.0 17.362 0
011154 21.187 10.0 17.362 0
011225 21.187 10.0 17.362 0
011255 21.187 10.0 17.362 0
011326 21.187 10.0 17.362 0
011356 21.187 10.0 17.362 0
011427 21.187 10.0 17.362 0
011458 21.187 10.0 17.362 0
011528 21.187 10.0 17.362 0
011559 21.187 10.0 17.362 0
011630 21.187 10.0 17.362 0
011701 21.187 10.0 17.362 0
011731 21.187 10.0 17.362 0
011802 21.187 10.0 17.362 0
011832 21.187 10.0 17.362 0
011903 21.187 10.0 17.362 0
011933 21.187 10.0 17.362 0
012004 21.187 10.0 17.362 0
012035 21.187 10.0 17.362 0
012105 21.187 10.0 17.362 0
012135 21.187 10.0 17.362 0
012206 21.187 10.0 17.362 0
012237 21.187 10.0 17.362 0
012307 21.187 10.0 17.362 0
012338 21.187 10.0 17.362 0
012409 21.187 10.0 17.362 0
012440 21.187 10.0 17.362 0
012510 21.187 10.0 17.362 0
012541 21.187 10.0 17.362 0
012611 21.187 10.0 17.362 0
012642 21.187 10.0 17.362 0
012712 21.187 10.0 17.362 0
012743 21.187 10.0 17.362 0
012814 21.187 10.0 17.362 0
012844 21.187 10.0 17.362 0
012915 21.187 10.0 17.362 0
012945 21.187 10.0 17.362 0
013016 21.187 10.0 17.362 0
013047 21.187 10.0 17.362 0
013117 21.187 10.0 17.362 0
013148 21.187 10.0 17.362 0
013218 21.187 10.0 17.362 0
013249 21.187 10.0 17.362 0
013321 21.187 10.0 17.362 0
013352 21.187 10.0 17.362 0
013423 21.187 10.0 17.362 0
013453 21.187 10.0 17.362 0
013523 21.187 10.0 17.362 0
013553 21.187 10.0 17.362 0
013623 21.187 10.0 17.362 0
013654 21.187 10.0 17.362 0
013725 21.187 10.0 17.362 0
013755 21.187 10.0 17.362 0
013826 21.125 10.0 17.362 0
013856 21.125 10.0 17.362 0
013927 21.125 10.0 17.362 0
013958 21.125 10.0 17.362 0
014028 21.125 10.0 17.362 0
014059 21.125 10.0 17.362 0
014129 21.125 10.0 17.362 0
014159 21.125 10.0 17.362 0
014230 21.125 10.0 17.362 0
014300 21.125 10.0 17.362 0
014331 21.125 10.0 17.362 0
014401 21.125 10.0 17.362 0
014431 21.125 10.0 17.362 0
014502 21.125 10.0 17.362 0
014532 21.125 10.0 17.362 0
014603 21.125 10.0 17.362 0
014633 21.125 10.0 17.362 0
014704 21.125 10.0 17.362 0
014734 21.125 10.0 17.362 0
014805 21.125 10.0 17.362 0
014835 21.125 10.0 17.362 0
014905 21.125 10.0 17.362 0
014936 21.125 10.0 17.362 0
015007 21.125 10.0 17.362 0
015037 21.125 10.0 17.362 0
015108 21.125 10.0 17.362 0
015139 21.125 10.0 17.362 0
015209 21.125 10.0 17.362 0
015240 21.125 10.0 17.362 0
015311 21.125 10.0 17.362 0
015341 21.125 10.0 17.362 0
015411 21.125 10.0 17.362 0
015442 21.125 10.0 17.362 0
015512 21.125 10.0 17.362 0
015543 21.125 10.0 17.362 0
015613 21.125 10.0 17.362 0
015644 21.125 10.0 17.362 0
015715 21.125 10.0 17.362 0
015745 21.125 10.0 17.362 0
015816 21.125 10.0 17.362 0
015846 21.125 10.0 17.362 0
015917 21.125 10.0 17.362 0
015947 21.125 10.0 17.362 0
020018 21.125 10.0 17.362 0
020049 21.125 10.0 17.362 0
020119 21.125 10.0 17.362 0
020150 21.125 10.0 17.362 0
020220 21.125 10.0 17.362 0
020251 21.125 10.0 17.362 0
020322 21.125 10.0 17.362 0
020352 21.125 10.0 17.362 0
020423 21.125 10.0 17.362 0
020454 21.125 10.0 17.362 0
020524 21.125 10.0 17.362 0
020556 21.125 10.0 17.362 0
020627 21.125 10.0 17.362 0
020657 21.125 10.0 17.362 0
020727 21.125 10.0 17.362 0
020758 21.125 10.0 17.362 0
020828 21.125 10.0 17.362 0
020859 21.125 10.0 17.362 0
020930 21.125 10.0 17.362 0
021000 21.125 10.0 17.362 0
021031 21.125 10.0 17.362 0
021101 21.062 10.0 17.362 0
021131 21.062 10.0 17.362 0
021202 21.062 10.0 17.362 0
021233 21.062 10.0 17.362 0
021304 21.062 10.0 17.362 0
021334 21.125 10.0 17.362 0
021405 21.125 10.0 17.362 0
021436 21.125 10.0 17.362 0
021506 21.125 10.0 17.362 0
021536 21.125 10.0 17.362 0
021607 21.062 10.0 17.362 0
021637 21.062 10.0 17.362 0
021708 21.062 10.0 17.362 0
021738 21.062 10.0 17.362 0
021808 21.062 10.0 17.362 0
021838 21.062 10.0 17.362 0
021909 21.062 10.0 17.362 0
021940 21.062 10.0 17.362 0
022011 21.062 10.0 17.362 0
022041 21.062 10.0 17.362 0
022112 21.062 10.0 17.362 0
022142 21.062 10.0 17.362 0
022213 21.062 10.0 17.362 0
022244 21.062 10.0 17.362 0
022314 21.062 10.0 17.362 0
022345 21.062 10.0 17.362 0
022416 21.062 10.0 17.362 0
022446 21.062 10.0 17.362 0
022517 21.062 10.0 17.362 0
022548 21.062 10.0 17.362 0
022618 21.062 10.0 17.362 0
022648 21.062 10.0 17.362 0
022719 21.062 10.0 17.362 0
022750 21.062 10.0 17.362 0
022820 21.062 10.0 17.362 0
022851 21.062 10.0 17.362 0
022921 21.062 10.0 17.362 0
022952 21.062 10.0 17.362 0
023022 21.062 10.0 17.362 0
023052 21.062 10.0 17.362 0
023122 21.062 10.0 17.362 0
023152 21.062 10.0 17.362 0
023223 21.062 10.0 17.362 0
023254 21.062 10.0 17.362 0
023324 21.062 10.0 17.362 0
023355 21.062 10.0 17.362 0
023425 21.062 10.0 17.362 0
023455 21.062 10.0 17.362 0
023526 21.062 10.0 17.362 0
023557 21.062 10.0 17.362 0
023627 21.062 10.0 17.362 0
023658 21.062 10.0 17.362 0
023728 21.062 10.0 17.362 0
023759 21.062 10.0 17.362 0
023831 21.062 10.0 17.362 0
023902 21.062 10.0 17.362 0
023932 21.062 10.0 17.362 0
024003 21.062 10.0 17.362 0
024033 21.062 10.0 17.362 0
024103 21.062 10.0 17.362 0
024134 21.062 10.0 17.362 0
024205 21.062 10.0 17.362 0
024235 21.062 10.0 17.362 0
024306 21.062 10.0 17.362 0
024336 21.062 10.0 17.362 0
024407 21.062 10.0 17.362 0
024437 21.062 10.0 17.362 0
024508 21.062 10.0 17.362 0
024539 21.062 10.0 17.362 0
024609 21.062 10.0 17.362 0
024640 21.062 10.0 17.362 0
024711 21.062 10.0 17.362 0
024742 21.062 10.0 17.362 0
024812 21.062 10.0 17.362 0
024842 21.062 10.0 17.362 0
024913 21.062 10.0 17.362 0
024944 21.062 10.0 17.362 0
025014 21.062 10.0 17.362 0
025045 21.062 10.0 17.362 0
025115 21.0 10.0 17.362 0
025146 21.0 10.0 17.362 0
025217 21.0 10.0 17.362 0
025247 21.0 10.0 17.362 0
025318 21.0 10.0 17.362 0
025349 21.0 10.0 17.362 0
025419 21.0 10.0 17.362 0
025450 21.0 10.0 17.362 0
025520 21.0 10.0 17.362 0
025551 21.0 10.0 17.362 0
025621 21.0 10.0 17.362 0
025652 21.0 10.0 17.362 0
025723 21.0 10.0 17.362 0
025753 21.0 10.0 17.362 0
025824 21.0 10.0 17.362 0
025854 21.0 10.0 17.362 0
025925 21.0 10.0 17.362 0
025955 21.0 10.0 17.362 0
030025 21.0 10.0 17.362 0
030056 21.0 10.0 17.362 0
030127 21.0 10.0 17.362 0
030157 21.0 10.0 17.362 0
030227 21.0 10.0 17.362 0
030258 21.0 10.0 17.362 0
030328 21.0 10.0 17.362 0
030359 21.0 10.0 17.362 0
030429 21.0 10.0 17.362 0
030500 21.0 10.0 17.362 0
030530 21.0 10.0 17.362 0
030600 21.0 10.0 17.362 0
030631 21.0 10.0 17.362 0
030701 21.0 10.0 17.362 0
030732 21.0 10.0 17.362 0
030802 21.0 10.0 17.362 0
030834 21.0 10.0 17.362 0
030905 21.0 10.0 17.362 0
030935 21.0 10.0 17.362 0
031006 21.0 10.0 17.362 0
031036 21.0 10.0 17.362 0
031107 21.0 10.0 17.362 0
031138 21.0 10.0 17.362 0
031208 21.0 10.0 17.362 0
031239 21.0 10.0 17.362 0
031309 21.0 10.0 17.362 0
031340 21.0 10.0 17.362 0
031411 21.0 10.0 17.362 0
031441 21.0 10.0 17.362 0
031512 21.0 10.0 17.362 0
031543 21.0 10.0 17.362 0
031613 21.0 10.0 17.362 0
031644 21.0 10.0 17.362 0
031714 21.0 10.0 17.362 0
031745 21.0 10.0 17.362 0
031816 21.0 10.0 17.362 0
031846 21.0 10.0 17.362 0
031917 21.0 10.0 17.362 0
031948 21.0 10.0 17.362 0
032018 21.0 10.0 17.362 0
032048 21.0 10.0 17.362 0
032118 21.0 10.0 17.362 0
032149 21.0 10.0 17.362 0
032219 21.0 10.0 17.362 0
032250 21.0 10.0 17.362 0
032320 21.0 10.0 17.362 0
032351 21.0 10.0 17.362 0
032421 21.0 10.0 17.362 0
032452 21.0 10.0 17.362 0
032523 21.0 10.0 17.362 0
032554 21.0 10.0 17.362 0
032624 21.0 10.0 17.362 0
032655 21.0 10.0 17.362 0
032725 21.0 10.0 17.362 0
032755 21.0 10.0 17.362 0
032826 21.0 10.0 17.362 0
032856 21.0 10.0 17.362 0
032927 21.0 10.0 17.362 0
032958 21.0 10.0 17.362 0
033028 21.0 10.0 17.362 0
033059 21.0 10.0 17.362 0
033129 20.937 10.0 17.362 0
033200 20.937 10.0 17.362 0
033231 20.937 10.0 17.362 0
033301 20.937 10.0 17.362 0
033331 20.937 10.0 17.362 0
033402 20.937 10.0 17.362 0
033433 20.937 10.0 17.362 0
033503 20.937 10.0 17.362 0
033534 20.937 10.0 17.362 0
033607 20.937 10.0 17.362 0
033637 20.937 10.0 17.362 0
033708 20.937 10.0 17.362 0
033739 20.937 10.0 17.362 0
033809 20.937 10.0 17.362 0
033840 20.937 10.0 17.362 0
033910 20.937 10.0 17.362 0
033941 20.937 10.0 17.362 0
034011 20.937 10.0 17.362 0
034041 20.937 10.0 17.362 0
034112 20.937 10.0 17.362 0
034142 20.937 10.0 17.362 0
034213 20.937 10.0 17.362 0
034243 20.937 10.0 17.362 0
034314 20.937 10.0 17.362 0
034345 20.937 10.0 17.362 0
034415 20.937 10.0 17.362 0
034446 20.937 10.0 17.362 0
034517 20.937 10.0 17.362 0
034547 20.937 10.0 17.362 0
034618 20.937 10.0 17.362 0
034649 20.937 10.0 17.362 0
034719 20.937 10.0 17.362 0
034749 20.937 10.0 17.362 0
034820 20.937 10.0 17.362 0
034850 20.937 10.0 17.362 0
034921 20.937 10.0 17.362 0
034951 20.937 10.0 17.362 0
035022 20.937 10.0 17.362 0
035053 20.937 10.0 17.362 0
035123 20.937 10.0 17.362 0
035154 20.937 10.0 17.362 0
035225 20.937 10.0 17.362 0
035255 20.937 10.0 17.362 0
035326 20.937 10.0 17.362 0
035357 20.937 10.0 17.362 0
035427 20.937 10.0 17.362 0
035458 20.937 10.0 17.362 0
035529 20.937 10.0 17.362 0
035559 20.937 10.0 17.362 0
035630 20.937 10.0 17.362 0
035701 20.937 10.0 17.362 0
035731 20.937 10.0 17.362 0
035802 20.937 10.0 17.362 0
035833 20.937 10.0 17.362 0
035903 20.937 10.0 17.362 0
035934 20.937 10.0 17.362 0
040004 20.937 10.0 17.362 0
040035 20.937 10.0 17.362 0
040105 20.937 10.0 17.362 0
040136 20.937 10.0 17.362 0
040207 20.937 10.0 17.362 0
040237 20.937 10.0 17.362 0
040307 20.937 10.0 17.362 0
040340 20.937 10.0 17.362 0
040410 20.937 10.0 17.362 0
040441 20.937 10.0 17.362 0
040512 20.937 10.0 17.362 0
040542 20.937 10.0 17.362 0
040613 20.937 10.0 17.362 0
040643 20.937 10.0 17.362 0
040714 20.937 10.0 17.362 0
040745 20.937 10.0 17.362 0
040815 20.937 10.0 17.362 0
040845 20.937 10.0 17.362 0
040915 20.937 10.0 17.362 0
040946 20.937 10.0 17.362 0
041016 20.937 10.0 17.362 0
041046 20.937 10.0 17.362 0
041116 20.937 10.0 17.362 0
041146 20.937 10.0 17.362 0
041217 20.937 10.0 17.362 0
041248 20.937 10.0 17.362 0
041318 20.937 10.0 17.362 0
041349 20.937 10.0 17.362 0
041420 20.937 10.0 17.362 0
041451 20.937 10.0 17.362 0
041521 20.937 10.0 17.362 0
041551 20.937 10.0 17.362 0
041622 20.937 10.0 17.362 0
041653 20.937 10.0 17.362 0
041723 20.937 10.0 17.362 0
041754 20.937 10.0 17.362 0
041824 20.937 10.0 17.362 0
041855 20.937 10.0 17.362 0
041925 20.937 10.0 17.362 0
041956 20.937 10.0 17.362 0
042027 20.937 10.0 17.362 0
042058 20.937 10.0 17.362 0
042128 20.937 10.0 17.362 0
042159 20.937 10.0 17.362 0
042229 20.937 10.0 17.362 0
042300 20.937 10.0 17.362 0
042331 20.937 10.0 17.362 0
042401 20.875 10.0 17.362 0
042432 20.875 10.0 17.362 0
042502 20.875 10.0 17.362 0
042533 20.875 10.0 17.362 0
042604 20.875 10.0 17.362 0
042634 20.875 10.0 17.362 0
042705 20.875 10.0 17.362 0
042735 20.875 10.0 17.362 0
042806 20.875 10.0 17.362 0
042837 20.875 10.0 17.362 0
042907 20.875 10.0 17.362 0
042938 20.875 10.0 17.362 0
043009 20.875 10.0 17.362 0
043040 20.875 10.0 17.362 0
043112 20.875 10.0 17.362 0
043143 20.875 10.0 17.362 0
043213 20.875 10.0 17.362 0
043244 20.875 10.0 17.362 0
043315 20.875 10.0 17.362 0
043345 20.875 10.0 17.362 0
043415 20.875 10.0 17.362 0
043445 20.875 10.0 17.362 0
043516 20.875 10.0 17.362 0
043547 20.875 10.0 17.362 0
043617 20.875 10.0 17.362 0
043648 20.875 10.0 17.362 0
043719 20.875 10.0 17.362 0
043749 20.875 10.0 17.362 0
043820 20.875 10.0 17.362 0
043850 20.875 10.0 17.362 0
043920 20.875 10.0 17.362 0
043951 20.875 10.0 17.362 0
044021 20.875 10.0 17.362 0
044052 20.875 10.0 17.362 0
044123 20.875 10.0 17.362 0
044153 20.875 10.0 17.362 0
044224 20.875 10.0 17.362 0
044254 20.875 10.0 17.362 0
044325 20.875 10.0 17.362 0
044355 20.875 10.0 17.362 0
044425 20.875 10.0 17.362 0
044456 20.875 10.0 17.362 0
044526 20.875 10.0 17.362 0
044557 20.875 10.0 17.362 0
044628 20.875 10.0 17.362 0
044658 20.875 10.0 17.362 0
044729 20.875 10.0 17.362 0
044800 20.875 10.0 17.362 0
044830 20.875 10.0 17.362 0
044901 20.875 10.0 17.362 0
044931 20.875 10.0 17.362 0
045002 20.875 10.0 17.362 0
045032 20.875 10.0 17.362 0
045103 20.875 10.0 17.362 0
045133 20.812 10.0 17.362 0
045204 20.812 10.0 17.362 0
045235 20.812 10.0 17.362 0
045305 20.812 10.0 17.362 0
045336 20.812 10.0 17.362 0
045407 20.875 10.0 17.362 0
045438 20.875 10.0 17.362 0
045508 20.875 10.0 17.362 0
045538 20.875 10.0 17.362 0
045609 20.875 10.0 17.362 0
045640 20.875 10.0 17.362 0
045710 20.875 10.0 17.362 0
045741 20.875 10.0 17.362 0
045812 20.875 10.0 17.362 0
045843 20.875 10.0 17.362 0
045913 20.875 10.0 17.362 0
045944 20.875 10.0 17.362 0
050015 20.875 10.0 17.362 0
050045 20.875 10.0 17.362 0
050117 20.812 10.0 17.362 0
050148 20.812 10.0 17.362 0
050218 20.812 10.0 17.362 0
050249 20.812 10.0 17.362 0
050319 20.812 10.0 17.362 0
050350 20.812 10.0 17.362 0
050421 20.812 10.0 17.362 0
050451 20.812 10.0 17.362 0
050522 20.812 10.0 17.362 0
050553 20.812 10.0 17.362 0
050623 20.812 10.0 17.362 0
050654 20.812 10.0 17.362 0
050725 20.812 10.0 17.362 0
050755 20.812 10.0 17.362 0
050825 20.812 10.0 17.362 0
050856 20.812 10.0 17.362 0
050927 20.812 10.0 17.362 0
050957 20.812 10.0 17.362 0
051028 20.812 10.0 17.362 0
051059 20.812 10.0 17.362 0
051129 20.812 10.0 17.362 0
051200 20.812 10.0 17.362 0
051230 20.812 10.0 17.362 0
051301 20.812 10.0 17.362 0
051332 20.812 10.0 17.362 0
051402 20.812 10.0 17.362 0
051433 20.812 10.0 17.362 0
051504 20.812 10.0 17.362 0
051535 20.812 10.0 17.362 0
051605 20.812 10.0 17.362 0
051635 20.812 10.0 17.362 0
051706 20.812 10.0 17.362 0
051737 20.812 10.0 17.362 0
051807 20.812 10.0 17.362 0
051838 20.812 10.0 17.362 0
051908 20.812 10.0 17.362 0
051939 20.812 10.0 17.362 0
052010 20.812 10.0 17.362 0
052040 20.812 10.0 17.362 0
052110 20.812 10.0 17.362 0
052141 20.812 10.0 17.362 0
052211 20.812 10.0 17.362 0
052241 20.812 10.0 17.362 0
052312 20.812 10.0 17.362 0
052342 20.812 10.0 17.362 0
052412 20.75 10.0 17.362 0
052443 20.75 10.0 17.362 0
052513 20.75 10.0 17.362 0
052544 20.75 10.0 17.362 0
052615 20.75 10.0 17.362 0
052645 20.812 10.0 17.362 0
052716 20.812 10.0 17.362 0
052747 20.812 10.0 17.362 0
052817 20.812 10.0 17.362 0
052848 20.812 10.0 17.362 0
052918 20.812 10.0 17.362 0
052949 20.812 10.0 17.362 0
053019 20.812 10.0 17.362 0
053050 20.812 10.0 17.362 0
053122 20.75 10.0 17.362 0
053153 20.75 10.0 17.362 0
053223 20.75 10.0 17.362 0
053254 20.75 10.0 17.362 0
053324 20.75 10.0 17.362 0
053355 20.75 10.0 17.362 0
053425 20.75 10.0 17.362 0
053455 20.75 10.0 17.362 0
053526 20.75 10.0 17.362 0
053557 20.75 10.0 17.362 0
053627 20.812 10.0 17.362 0
053658 20.812 10.0 17.362 0
053728 20.812 10.0 17.362 0
053759 20.812 10.0 17.362 0
053829 20.812 10.0 17.362 0
053900 20.75 10.0 17.362 0
053930 20.75 10.0 17.362 0
054001 20.75 10.0 17.362 0
054031 20.75 10.0 17.362 0
054102 20.75 10.0 17.362 0
054132 20.75 10.0 17.362 0
054202 20.75 10.0 17.362 0
054233 20.75 10.0 17.362 0
054304 20.75 10.0 17.362 0
054335 20.75 10.0 17.362 0
054405 20.75 10.0 17.362 0
054436 20.75 10.0 17.362 0
054507 20.75 10.0 17.362 0
054537 20.75 10.0 17.362 0
054608 20.75 10.0 17.362 0
054639 20.75 10.0 17.362 0
054709 20.75 10.0 17.362 0
054740 20.75 10.0 17.362 0
054810 20.75 10.0 17.362 0
054841 20.75 10.0 17.362 0
054911 20.75 10.0 17.362 0
054941 20.75 10.0 17.362 0
055012 20.75 10.0 17.362 0
055043 20.75 10.0 17.362 0
055113 20.75 10.0 17.362 0
055144 20.75 10.0 17.362 0
055215 20.75 10.0 17.362 0
055245 20.75 10.0 17.362 0
055316 20.75 10.0 17.362 0
055347 20.75 10.0 17.362 0
055417 20.75 10.0 17.362 0
055447 20.75 10.0 17.362 0
055518 20.75 10.0 17.362 0
055548 20.75 10.0 17.362 0
055619 20.75 10.0 17.362 0
055650 20.75 10.0 17.362 0
055721 20.75 10.0 17.362 0
055751 20.75 10.0 17.362 0
055822 20.75 10.0 17.362 0
055855 20.75 10.0 17.362 0
055925 20.75 10.0 17.362 0
055956 20.75 10.0 17.362 0
060026 20.75 10.0 17.362 0
060057 20.75 10.0 17.362 0
060127 20.75 10.0 17.362 0
060158 20.75 10.0 17.362 0
060228 20.75 10.0 17.362 0
060259 20.75 10.0 17.362 0
060329 20.75 10.0 17.362 0
060400 20.75 10.0 17.362 0
060430 20.75 10.0 17.362 0
060501 20.75 10.0 17.362 0
060531 20.75 10.0 17.362 0
060602 20.75 10.0 17.362 0
060633 20.75 10.0 17.362 0
060703 20.75 10.0 17.362 0
060733 20.75 10.0 17.362 0
060804 20.75 10.0 17.362 0
060835 20.75 10.0 17.362 0
060905 20.75 10.0 17.362 0
060936 20.75 10.0 17.362 0
061006 20.75 10.0 17.362 0
061037 20.75 10.0 17.362 0
061108 20.75 10.0 17.362 0
061138 20.75 10.0 17.362 0
061209 20.75 10.0 17.362 0
061239 20.75 10.0 17.362 0
061310 20.75 10.0 17.362 0
061340 20.75 10.0 17.362 0
061410 20.75 10.0 17.362 0
061441 20.75 10.0 17.362 0
061512 20.75 10.0 17.362 0
061542 20.75 10.0 17.362 0
061613 20.75 10.0 17.362 0
061644 20.75 10.0 17.362 0
061715 20.75 10.0 17.362 0
061745 20.75 10.0 17.362 0
061816 20.75 10.0 17.362 0
061846 20.75 10.0 17.362 0
061917 20.75 10.0 17.362 0
061948 20.75 10.0 17.362 0
062018 20.75 10.0 17.362 0
062048 20.75 10.0 17.362 0
062119 20.75 10.0 17.362 0
062149 20.75 10.0 17.362 0
062219 20.75 10.0 17.362 0
062250 20.75 10.0 17.362 0
062321 20.75 10.0 17.362 0
062351 20.75 10.0 17.362 0
062422 20.75 10.0 17.362 0
062452 20.75 10.0 17.362 0
062523 20.75 10.0 17.362 0
062554 20.75 10.0 17.362 0
062625 20.75 10.0 17.362 0
062655 20.812 10.0 17.362 0
062726 20.812 10.0 17.362 0
062756 20.812 10.0 17.362 0
062827 20.812 10.0 17.362 0
062859 20.75 10.0 17.362 0
062930 20.75 10.0 17.362 0
063000 20.75 10.0 17.362 0
063030 20.75 10.0 17.362 0
063100 20.75 10.0 17.362 0
063131 20.75 10.0 17.362 0
063201 20.75 10.0 17.362 0
063232 20.75 10.0 17.362 0
063303 20.75 10.0 17.362 0
063333 20.75 10.0 17.362 0
063403 20.75 10.0 17.362 0
063434 20.75 10.0 17.362 0
063505 20.75 10.0 17.362 0
063535 20.75 10.0 17.362 0
063606 20.75 10.0 17.362 0
063636 20.75 10.0 17.362 0
063707 20.75 10.0 17.362 0
063738 20.75 10.0 17.362 0
063808 20.75 10.0 17.362 0
063839 20.75 10.0 17.362 0
063909 20.75 10.0 17.362 0
063940 20.75 10.0 17.362 0
064010 20.75 10.0 17.362 0
064041 20.75 10.0 17.362 0
064111 20.75 10.0 17.362 0
064141 20.75 10.0 17.362 0
064212 20.75 10.0 17.362 0
064243 20.75 10.0 17.362 0
064313 20.75 10.0 17.362 0
064344 20.75 10.0 17.362 0
064415 20.75 10.0 17.362 0
064445 20.75 10.0 17.362 0
064515 20.75 10.0 17.362 0
064546 20.75 10.0 17.362 0
064616 20.75 10.0 17.362 0
064647 20.75 10.0 17.362 0
064718 20.75 10.0 17.362 0
064748 20.75 10.0 17.362 0
064819 20.75 10.0 17.362 0
064849 20.75 10.0 17.362 0
064919 20.812 10.0 17.362 0
064950 20.812 10.0 17.362 0
065021 20.812 10.0 17.362 0
065051 20.812 10.0 17.362 0
065122 20.812 10.0 17.362 0
065153 20.75 10.0 17.362 0
065223 20.75 10.0 17.362 0
065254 20.75 10.0 17.362 0
065325 20.75 10.0 17.362 0
065355 20.75 10.0 17.362 0
065426 20.75 10.0 17.362 0
065457 20.75 10.0 17.362 0
065528 20.75 10.0 17.362 0
065558 20.75 10.0 17.362 0
065628 20.75 10.0 17.362 0
065659 20.75 10.0 17.362 0
065730 20.75 10.0 17.362 0
065800 20.75 10.0 17.362 0
065831 20.75 10.0 17.362 0
065904 20.75 10.0 17.362 0
065934 20.75 10.0 17.362 0
070004 20.75 10.0 17.362 0
070035 20.75 10.0 17.362 0
070106 20.75 10.0 17.362 0
070136 20.75 10.0 17.362 0
070207 20.75 10.0 17.362 0
070237 20.75 10.0 17.362 0
070308 20.75 10.0 17.362 0
070338 20.75 10.0 17.362 0
070408 20.75 10.0 17.362 0
070439 20.75 10.0 17.362 0
070509 20.75 10.0 17.362 0
070540 20.75 10.0 17.362 0
070610 20.75 10.0 17.362 0
070641 20.687 10.0 17.362 0
070711 20.687 10.0 17.362 0
070742 20.687 10.0 17.362 0
070812 20.687 10.0 17.362 0
070843 20.687 10.0 17.362 0
070914 20.75 10.0 17.362 0
070944 20.75 10.0 17.362 0
071015 20.75 10.0 17.362 0
071045 20.75 10.0 17.362 0
071116 20.75 10.0 17.362 0
071146 20.687 10.0 17.362 0
071217 20.687 10.0 17.362 0
071247 20.687 10.0 17.362 0
071318 20.687 10.0 17.362 0
071349 20.687 10.0 17.362 0
071419 20.75 10.0 17.362 0
071450 20.75 10.0 17.362 0
071520 20.75 10.0 17.362 0
071551 20.75 10.0 17.362 0
071622 20.75 10.0 17.362 0
071652 20.687 10.0 17.362 0
071723 20.687 10.0 17.362 0
071754 20.687 10.0 17.362 0
071824 20.687 10.0 17.362 0
071855 20.687 10.0 17.362 0
071925 20.687 10.0 17.362 0
071956 20.687 10.0 17.362 0
072026 20.687 10.0 17.362 0
072057 20.687 10.0 17.362 0
072127 20.687 10.0 17.362 0
072158 20.687 10.0 17.362 0
072229 20.687 10.0 17.362 0
072300 20.687 10.0 17.362 0
072330 20.687 10.0 17.362 0
072401 20.687 10.0 17.362 0
072432 20.687 10.0 17.362 0
072502 20.687 10.0 17.362 0
072533 20.687 10.0 17.362 0
072604 20.687 10.0 17.362 0
072636 20.687 10.0 17.362 0
072707 20.687 10.0 17.362 0
072737 20.687 10.0 17.362 0
072808 20.687 10.0 17.362 0
072838 20.687 10.0 17.362 0
072909 20.687 10.0 17.362 0
072940 20.687 10.0 17.362 0
073010 20.687 10.0 17.362 0
073041 20.687 10.0 17.362 0
073111 20.687 10.0 17.362 0
073142 20.687 10.0 17.362 0
073212 20.687 10.0 17.362 0
073243 20.687 10.0 17.362 0
073313 20.687 10.0 17.362 0
073344 20.687 10.0 17.362 0
073414 20.687 10.0 17.362 0
073445 20.687 10.0 17.362 0
073515 20.687 10.0 17.362 0
073546 20.687 10.0 17.362 0
073616 20.687 10.0 17.362 0
073646 20.687 10.0 17.362 0
073717 20.687 10.0 17.362 0
073748 20.687 10.0 17.362 0
073818 20.687 10.0 17.362 0
073849 20.687 10.0 17.362 0
073919 20.75 10.0 17.362 0
073950 20.75 10.0 17.362 0
074020 20.75 10.0 17.362 0
074051 20.75 10.0 17.362 0
074122 20.75 10.0 17.362 0
074152 20.687 10.0 17.362 0
074223 20.687 10.0 17.362 0
074253 20.687 10.0 17.362 0
074324 20.687 10.0 17.362 0
074355 20.687 10.0 17.362 0
074425 20.75 10.0 17.362 0
074456 20.75 10.0 17.362 0
074526 20.75 10.0 17.362 0
074557 20.75 10.0 17.362 0
074627 20.75 10.0 17.362 0
074657 20.687 10.0 17.362 0
074727 20.687 10.0 17.362 0
074758 20.687 10.0 17.362 0
074828 20.687 10.0 17.362 0
074859 20.687 10.0 17.362 0
074930 20.687 10.0 17.362 0
075000 20.687 10.0 17.362 0
075031 20.687 10.0 17.362 0
075102 20.687 10.0 17.362 0
075132 20.687 10.0 17.362 0
075202 20.687 10.0 17.362 0
075233 20.687 10.0 17.362 0
075303 20.687 10.0 17.362 0
075334 20.687 10.0 17.362 0
075405 20.687 10.0 17.362 0
075435 20.687 10.0 17.362 0
075506 20.687 10.0 17.362 0
075536 20.687 10.0 17.362 0
075606 20.687 10.0 17.362 0
075639 20.687 10.0 17.362 0
075710 20.687 10.0 17.362 0
075741 20.687 10.0 17.362 0
075811 20.687 10.0 17.362 0
075841 20.687 10.0 17.362 0
075912 20.687 10.0 17.362 0
075942 20.687 10.0 17.362 0
080013 20.687 10.0 17.362 0
080044 20.687 10.0 17.362 0
080114 20.687 10.0 17.362 0
080145 20.687 10.0 17.362 0
080215 20.687 10.0 17.362 0
080245 20.687 10.0 17.362 0
080316 20.687 10.0 17.362 0
080346 20.687 10.0 17.362 0
080416 20.687 10.0 17.362 0
080446 20.687 10.0 17.362 0
080517 20.687 10.0 17.362 0
080548 20.687 10.0 17.362 0
080618 20.687 10.0 17.362 0
080648 20.687 10.0 17.362 0
080719 20.687 10.0 17.362 0
080749 20.687 10.0 17.362 0
080820 20.687 10.0 17.362 0
080851 20.687 10.0 17.362 0
080921 20.687 10.0 17.362 0
080952 20.687 10.0 17.362 0
081022 20.687 10.0 17.362 0
081053 20.687 10.0 17.362 0
081123 20.687 10.0 17.362 0
081153 20.687 10.0 17.362 0
081223 20.687 10.0 17.362 0
081254 20.687 10.0 17.362 0
081325 20.687 10.0 17.362 0
081356 20.687 10.0 17.362 0
081426 20.625 10.0 17.362 0
081457 20.625 10.0 17.362 0
081528 20.625 10.0 17.362 0
081558 20.625 10.0 17.362 0
081629 20.625 10.0 17.362 0
081700 20.625 10.0 17.362 0
081730 20.625 10.0 17.362 0
081801 20.625 10.0 17.362 0
081832 20.625 10.0 17.362 0
081902 20.625 10.0 17.362 0
081932 20.625 10.0 17.362 0
082003 20.625 10.0 17.362 0
082033 20.625 10.0 17.362 0
082104 20.625 10.0 17.362 0
082134 20.625 10.0 17.362 0
082205 20.625 10.0 17.362 0
082235 20.625 10.0 17.362 0
082305 20.625 10.0 17.362 0
082336 20.625 10.0 17.362 0
082407 20.625 10.0 17.362 0
082437 20.625 10.0 17.362 0
082507 20.625 10.0 17.362 0
082538 20.625 10.0 17.362 0
082608 20.625 10.0 17.362 0
082639 20.625 10.0 17.362 0
082709 20.625 10.0 17.362 0
082739 20.625 10.0 17.362 0
082810 20.625 10.0 17.362 0
082841 20.625 10.0 17.362 0
082913 20.625 10.0 17.362 0
082944 20.625 10.0 17.362 0
083015 20.625 10.0 17.362 0
083045 20.625 10.0 17.362 0
083116 20.625 10.0 17.362 0
083147 20.625 10.0 17.362 0
083217 20.625 10.0 17.362 0
083248 20.625 10.0 17.362 0
083319 20.625 10.0 17.362 0
083350 20.625 10.0 17.362 0
083420 20.625 10.0 17.362 0
083451 20.625 10.0 17.362 0
083521 20.625 10.0 17.362 0
083552 20.625 10.0 17.362 0
083622 20.625 10.0 17.362 0
083653 20.625 10.0 17.362 0
083723 20.625 10.0 17.362 0
083754 20.625 10.0 17.362 0
083825 20.625 10.0 17.362 0
083855 20.625 10.0 17.362 0
083926 20.625 10.0 17.362 0
083956 20.625 10.0 17.362 0
084026 20.625 10.0 17.362 0
084057 20.625 10.0 17.362 0
084128 20.625 10.0 17.362 0
084158 20.625 10.0 17.362 0
084229 20.625 10.0 17.362 0
084300 20.625 10.0 17.362 0
084330 20.625 10.0 17.362 0
084401 20.625 10.0 17.362 0
084431 20.625 10.0 17.362 0
084501 20.625 10.0 17.362 0
084532 20.625 10.0 17.362 0
084602 20.625 10.0 17.362 0
084632 20.625 10.0 17.362 0
084703 20.625 10.0 17.362 0
084734 20.625 10.0 17.362 0
084805 20.625 10.0 17.362 0
084835 20.625 10.0 17.362 0
084906 20.625 10.0 17.362 0
084936 20.625 10.0 17.362 0
085007 20.625 10.0 17.362 0
085037 20.625 10.0 17.362 0
085107 20.625 10.0 17.362 0
085138 20.625 10.0 17.362 0
085209 20.562 10.0 17.362 0
085239 20.562 10.0 17.362 0
085310 20.562 10.0 17.362 0
085340 20.562 10.0 17.362 0
085411 20.562 10.0 17.362 0
085441 20.625 10.0 17.362 0
085512 20.625 10.0 17.362 0
085543 20.625 10.0 17.362 0
085613 20.625 10.0 17.362 0
085644 20.625 10.0 17.362 0
085714 20.625 10.0 17.362 0
085744 20.625 10.0 17.362 0
085814 20.625 10.0 17.362 0
085845 20.625 10.0 17.362 0
085917 20.625 10.0 17.362 0
085948 20.625 10.0 17.362 0
090018 20.625 10.0 17.362 0
090049 20.625 10.0 17.362 0
090120 20.625 10.0 17.362 0
090150 20.625 10.0 17.362 0
090221 20.625 10.0 17.362 0
090251 20.625 10.0 17.362 0
090322 20.625 10.0 17.362 0
090352 20.625 10.0 17.362 0
090422 20.625 10.0 17.362 0
090453 20.625 10.0 17.362 0
090524 20.625 10.0 17.362 0
090554 20.625 10.0 17.362 0
090624 20.625 10.0 17.362 0
090655 20.562 10.0 17.362 0
090725 20.562 10.0 17.362 0
090756 20.562 10.0 17.362 0
090827 20.562 10.0 17.362 0
090857 20.562 10.0 17.362 0
090928 20.625 10.0 17.362 0
090959 20.625 10.0 17.362 0
091029 20.625 10.0 17.362 0
091100 20.625 10.0 17.362 0
091131 20.625 10.0 17.362 0
091201 20.625 10.0 17.362 0
091232 20.625 10.0 17.362 0
091303 20.625 10.0 17.362 0
091333 20.625 10.0 17.362 0
091404 20.625 10.0 17.362 0
091434 20.625 10.0 17.362 0
091505 20.625 10.0 17.362 0
091535 20.625 10.0 17.362 0
091606 20.625 10.0 17.362 0
091637 20.625 10.0 17.362 0
091707 20.625 10.0 17.362 0
091738 20.625 10.0 17.362 0
091809 20.625 10.0 17.362 0
091839 20.625 10.0 17.362 0
091909 20.625 10.0 17.362 0
091940 20.625 10.0 17.362 0
092010 20.625 10.0 17.362 0
092040 20.625 10.0 17.362 0
092111 20.625 10.0 17.362 0
092142 20.625 10.0 17.362 0
092213 20.625 10.0 17.362 0
092243 20.625 10.0 17.362 0
092314 20.625 10.0 17.362 0
092345 20.625 10.0 17.362 0
092415 20.625 10.0 17.362 0
092446 20.625 10.0 17.362 0
092517 20.625 10.0 17.362 0
092548 20.625 10.0 17.362 0
092618 20.625 10.0 17.362 0
092650 20.625 10.0 17.362 0
092721 20.625 10.0 17.362 0
092751 20.625 10.0 17.362 0
092822 20.625 10.0 17.362 0
092853 20.625 10.0 17.362 0
092923 20.625 10.0 17.362 0
092954 20.625 10.0 17.362 0
093024 20.625 10.0 17.362 0
093055 20.625 10.0 17.362 0
093125 20.625 10.0 17.362 0
093155 20.625 10.0 17.362 0
093226 20.625 10.0 17.362 0
093256 20.625 10.0 17.362 0
093327 20.625 10.0 17.362 0
093357 20.625 10.0 17.362 0
093428 20.625 10.0 17.362 0
093459 20.625 10.0 17.362 0
093529 20.625 10.0 17.362 0
093559 20.625 10.0 17.362 0
093629 20.625 10.0 17.362 0
093700 20.625 10.0 17.362 0
093731 20.625 10.0 17.362 0
093801 20.625 10.0 17.362 0
093832 20.625 10.0 17.362 0
093903 20.625 10.0 17.362 0
093933 20.625 10.0 17.362 0
094004 20.625 10.0 17.362 0
094034 20.625 10.0 17.362 0
094105 20.625 10.0 17.362 0
094136 20.625 10.0 17.362 0
094207 20.625 10.0 17.362 0
094237 20.625 10.0 17.362 0
094308 20.625 10.0 17.362 0
094339 20.625 10.0 17.362 0
094409 20.625 10.0 17.362 0
094440 20.625 10.0 17.362 0
094511 20.625 10.0 17.362 0
094541 20.625 10.0 17.362 0
094612 20.625 10.0 17.362 0
094643 20.625 10.0 17.362 0
094713 20.625 10.0 17.362 0
094744 20.625 10.0 17.362 0
094814 20.625 10.0 17.362 0
094845 20.625 10.0 17.362 0
094916 20.625 10.0 17.362 0
094946 20.625 10.0 17.362 0
095017 20.625 10.0 17.362 0
095048 20.625 10.0 17.362 0
095118 20.625 10.0 17.362 0
095148 20.625 10.0 17.362 0
095218 20.562 10.0 17.362 0
095249 20.562 10.0 17.362 0
095319 20.562 10.0 17.362 0
095350 20.562 10.0 17.362 0
095423 20.562 10.0 17.362 0
095454 20.562 10.0 17.362 0
095524 20.562 10.0 17.362 0
095554 20.562 10.0 17.362 0
095624 20.562 10.0 17.362 0
095655 20.562 10.0 17.362 0
095725 20.562 10.0 17.362 0
095756 20.562 10.0 17.362 0
095826 20.562 10.0 17.362 0
095856 20.562 10.0 17.362 0
095927 20.625 10.0 17.362 0
095958 20.625 10.0 17.362 0
100028 20.625 10.0 17.362 0
100059 20.625 10.0 17.362 0
100130 20.625 10.0 17.362 0
100200 20.562 10.0 17.362 0
100231 20.562 10.0 17.362 0
100301 20.562 10.0 17.362 0
100332 20.562 10.0 17.362 0
100403 20.562 10.0 17.362 0
100433 20.562 10.0 17.362 0
100504 20.562 10.0 17.362 0
100534 20.562 10.0 17.362 0
100605 20.562 10.0 17.362 0
100635 20.562 10.0 17.362 0
100705 20.562 10.0 17.362 0
100736 20.562 10.0 17.362 0
100807 20.562 10.0 17.362 0
100838 20.562 10.0 17.362 0
100908 20.562 10.0 17.362 0
100939 20.562 10.0 17.362 0
101010 20.562 10.0 17.362 0
101040 20.562 10.0 17.362 0
101111 20.562 10.0 17.362 0
101142 20.562 10.0 17.362 0
101212 20.562 10.0 17.362 0
101243 20.562 10.0 17.362 0
101313 20.562 10.0 17.362 0
101344 20.562 10.0 17.362 0
101414 20.562 10.0 17.362 0
101445 20.562 10.0 17.362 0
101515 20.562 10.0 17.362 0
101546 20.562 10.0 17.362 0
101616 20.562 10.0 17.362 0
101647 20.562 10.0 17.362 0
101717 20.562 10.0 17.362 0
101748 20.562 10.0 17.362 0
101818 20.562 10.0 17.362 0
101849 20.562 10.0 17.362 0
101920 20.562 10.0 17.362 0
101950 20.562 10.0 17.362 0
102021 20.562 10.0 17.362 0
102052 20.562 10.0 17.362 0
102122 20.562 10.0 17.362 0
102153 20.562 10.0 17.362 0
102223 20.625 10.0 17.362 0
102253 20.625 10.0 17.362 0
102324 20.625 10.0 17.362 0
102354 20.625 10.0 17.362 0
102427 20.562 10.0 17.362 0
102457 20.562 10.0 17.362 0
102528 20.562 10.0 17.362 0
102559 20.562 10.0 17.362 0
102629 20.562 10.0 17.362 0
102700 20.562 10.0 17.362 0
102731 20.562 10.0 17.362 0
102801 20.562 10.0 17.362 0
102832 20.562 10.0 17.362 0
102903 20.562 10.0 17.362 0
102933 20.625 10.0 17.362 0
103004 20.625 10.0 17.362 0
103034 20.625 10.0 17.362 0
103105 20.625 10.0 17.362 0
103136 20.625 10.0 17.362 0
103206 20.625 10.0 17.362 0
103237 20.625 10.0 17.362 0
103307 20.625 10.0 17.362 0
103338 20.625 10.0 17.362 0
103408 20.625 10.0 17.362 0
103439 20.625 10.0 17.362 0
103510 20.625 10.0 17.362 0
103540 20.625 10.0 17.362 0
103611 20.625 10.0 17.362 0
103642 20.625 10.0 17.362 0
103712 20.625 10.0 17.362 0
103743 20.625 10.0 17.362 0
103813 20.625 10.0 17.362 0
103844 20.625 10.0 17.362 0
103915 20.625 10.0 17.362 0
103946 20.625 10.0 17.362 0
104016 20.625 10.0 17.362 0
104046 20.625 10.0 17.362 0
104117 20.625 10.0 17.362 0
104148 20.625 10.0 17.362 0
104218 20.687 10.0 17.362 0
104249 20.687 10.0 17.362 0
104319 20.687 10.0 17.362 0
104350 20.687 10.0 17.362 0
104420 20.687 10.0 17.362 0
104451 20.625 10.0 17.362 0
104521 20.625 10.0 17.362 0
104552 20.625 10.0 17.362 0
104623 20.625 10.0 17.362 0
104654 20.625 10.0 17.362 0
104724 20.625 10.0 17.362 0
104755 20.625 10.0 17.362 0
104826 20.625 10.0 17.362 0
104856 20.625 10.0 17.362 0
104926 20.625 10.0 17.362 0
104957 20.687 10.0 17.362 0
105028 20.687 10.0 17.362 0
105058 20.687 10.0 17.362 0
105129 20.687 10.0 17.362 0
105201 20.625 10.0 17.362 0
105232 20.625 10.0 17.362 0
105302 20.625 10.0 17.362 0
105332 20.625 10.0 17.362 0
105403 20.625 10.0 17.362 0
105433 20.687 10.0 17.362 0
105504 20.687 10.0 17.362 0
105535 20.687 10.0 17.362 0
105606 20.687 10.0 17.362 0
105636 20.687 10.0 17.362 0
105707 20.687 10.0 17.362 0
105737 20.687 10.0 17.362 0
105807 20.687 10.0 17.362 0
105837 20.687 10.0 17.362 0
105908 20.687 10.0 17.362 0
105939 20.75 10.0 17.362 0
110009 20.75 10.0 17.362 0
110040 20.75 10.0 17.362 0
110110 20.75 10.0 17.362 0
110140 20.75 10.0 17.362 0
110211 20.812 10.0 17.362 0
110242 20.812 10.0 17.362 0
110312 20.812 10.0 17.362 0
110343 20.812 10.0 17.362 0
110413 20.812 10.0 17.362 0
110443 20.812 10.0 17.362 0
110514 20.812 10.0 17.362 0
110544 20.812 10.0 17.362 0
110615 20.812 10.0 17.362 0
110645 20.812 10.0 17.362 0
110716 20.812 10.0 17.362 0
110746 20.812 10.0 17.362 0
110817 20.812 10.0 17.362 0
110848 20.812 10.0 17.362 0
110918 20.812 10.0 17.362 0
110948 20.875 10.0 17.362 0
111019 20.875 10.0 17.362 0
111049 20.875 10.0 17.362 0
111119 20.875 10.0 17.362 0
111150 20.875 10.0 17.362 0
111221 20.75 10.0 17.362 0
111251 20.75 10.0 17.362 0
111321 20.75 10.0 17.362 0
111352 20.75 10.0 17.362 0
111423 20.75 10.0 17.362 0
111453 20.75 10.0 17.362 0
111524 20.75 10.0 17.362 0
111554 20.75 10.0 17.362 0
111625 20.75 10.0 17.362 0
111655 20.75 10.0 17.362 0
111726 20.687 10.0 17.362 0
111756 20.687 10.0 17.362 0
111827 20.687 10.0 17.362 0
111858 20.687 10.0 17.362 0
111928 20.687 10.0 17.362 0
111959 20.812 10.0 17.362 0
112029 20.812 10.0 17.362 0
112059 20.812 10.0 17.362 0
112130 20.812 10.0 17.362 0
112201 20.812 10.0 17.362 0
112231 20.875 10.0 17.362 0
112301 20.875 10.0 17.362 0
112332 20.875 10.0 17.362 0
112403 20.875 10.0 17.362 0
112436 20.937 10.0 17.362 0
112506 20.937 10.0 17.362 0
112537 20.937 10.0 17.362 0
112607 20.937 10.0 17.362 0
112638 20.937 10.0 17.362 0
112708 20.875 10.0 17.362 0
112738 20.875 10.0 17.362 0
112809 20.875 10.0 17.362 0
112840 20.875 10.0 17.362 0
112911 20.875 10.0 17.362 0
112941 20.875 10.0 17.362 0
113012 20.875 10.0 17.362 0
113043 20.875 10.0 17.362 0
113113 20.875 10.0 17.362 0
113144 20.875 10.0 17.362 0
113214 20.875 10.0 17.362 0
113245 20.875 10.0 17.362 0
113315 20.875 10.0 17.362 0
113345 20.875 10.0 17.362 0
113415 20.875 10.0 17.362 0
113446 20.937 10.0 17.362 0
113517 20.937 10.0 17.362 0
113548 20.937 10.0 17.362 0
113618 20.937 10.0 17.362 0
113649 20.937 10.0 17.362 0
113719 20.937 10.0 17.362 0
113750 20.937 10.0 17.362 0
113821 20.937 10.0 17.362 0
113851 20.937 10.0 17.362 0
113922 20.937 10.0 17.362 0
113952 20.875 10.0 17.362 0
114023 20.875 10.0 17.362 0
114053 20.875 10.0 17.362 0
114124 20.875 10.0 17.362 0
114154 20.875 10.0 17.362 0
114225 20.875 10.0 17.362 0
114256 20.875 10.0 17.362 0
114327 20.875 10.0 17.362 0
114357 20.875 10.0 17.362 0
114427 20.875 10.0 17.362 0
114458 20.875 10.0 17.362 0
114528 20.875 10.0 17.362 0
114559 20.875 10.0 17.362 0
114630 20.875 10.0 17.362 0
114701 20.875 10.0 17.362 0
114731 20.875 10.0 17.425 0
114802 20.875 10.0 17.362 0
114832 20.875 10.0 17.362 0
114903 20.875 10.0 17.362 0
114934 20.875 10.0 17.362 0
115004 20.875 10.0 17.362 0
115034 20.875 10.0 17.362 0
115105 20.875 10.0 17.362 0
115135 20.875 10.0 17.362 0
115205 20.875 10.0 17.362 0
115236 20.875 10.0 17.362 0
115307 20.875 10.0 17.362 0
115337 20.875 10.0 17.362 0
115408 20.875 10.0 17.362 0
115440 20.937 10.0 17.362 0
115511 20.937 10.0 17.362 0
115542 20.937 10.0 17.362 0
115612 20.937 10.0 17.362 0
115643 20.937 10.0 17.362 0
115714 20.937 10.0 17.362 0
115744 20.937 10.0 17.362 0
115815 20.937 10.0 17.362 0
115846 20.937 10.0 17.362 0
115916 20.937 10.0 17.362 0
115947 20.937 10.0 17.362 0
120017 20.937 10.0 17.362 0
120047 20.937 10.0 17.362 0
120118 20.937 10.0 17.362 0
120148 20.937 10.0 17.362 0
120218 20.875 10.0 17.362 0
120249 20.875 10.0 17.362 0
120320 20.875 10.0 17.362 0
120350 20.875 10.0 17.362 0
120421 20.875 10.0 17.362 0
120451 20.875 10.0 17.362 0
120522 20.875 10.0 17.362 0
120553 20.875 10.0 17.362 0
120623 20.875 10.0 17.362 0
120653 20.875 10.0 17.362 0
120724 20.937 10.0 17.362 0
120755 20.937 10.0 17.362 0
120825 20.937 10.0 17.362 0
120856 20.937 10.0 17.362 0
120927 20.937 10.0 17.362 0
120958 20.812 10.0 17.362 0
121028 20.812 10.0 17.362 0
121059 20.812 10.0 17.362 0
121129 20.812 10.0 17.425 0
121200 20.812 10.0 17.362 0
121230 20.812 10.0 17.362 0
121300 20.812 10.0 17.362 0
121331 20.812 10.0 17.362 0
121402 20.812 10.0 17.362 0
121432 20.812 10.0 17.362 0
121503 20.812 10.0 17.362 0
121533 20.812 10.0 17.362 0
121604 20.812 10.0 17.362 0
121635 20.812 10.0 17.362 0
121705 20.812 10.0 17.362 0
121735 20.812 10.0 17.362 0
121806 20.812 10.0 17.362 0
121837 20.812 10.0 17.362 0
121907 20.812 10.0 17.362 0
121937 20.812 10.0 17.362 0
122007 20.812 10.0 17.362 0
122038 20.812 10.0 17.362 0
122108 20.812 10.0 17.362 0
122138 20.812 10.0 17.362 0
122209 20.812 10.0 17.362 0
122239 20.812 10.0 17.362 0
122310 20.812 10.0 17.362 0
122341 20.812 10.0 17.362 0
122411 20.812 10.0 17.362 0
122445 20.75 10.0 17.362 0
122516 20.75 10.0 17.362 0
122546 20.75 10.0 17.362 0
122617 20.75 10.0 17.362 0
122648 20.75 10.0 17.362 0
122718 20.75 10.0 17.362 0
122749 20.75 10.0 17.362 0
122819 20.75 10.0 17.362 0
122850 20.75 10.0 17.362 0
122921 20.75 10.0 17.362 0
122951 20.75 10.0 17.362 0
123021 20.75 10.0 17.362 0
123052 20.75 10.0 17.362 0
123122 20.75 10.0 17.362 0
123153 20.75 10.0 17.362 0
123223 20.75 10.0 17.362 0
123253 20.75 10.0 17.425 0
123324 20.75 10.0 17.362 0
123355 20.75 10.0 17.362 0
123426 20.75 10.0 17.362 0
123456 20.75 10.0 17.362 0
123527 20.75 10.0 17.362 0
123557 20.75 10.0 17.362 0
123628 20.75 10.0 17.362 0
123658 20.75 10.0 17.362 0
123728 20.75 10.0 17.362 0
123759 20.75 10.0 17.362 0
123829 20.75 10.0 17.425 0
123900 20.75 10.0 17.362 0
123931 20.75 10.0 17.362 0
124001 20.75 10.0 17.362 0
124032 20.75 10.0 17.425 0
124102 20.75 10.0 17.362 0
124132 20.75 10.0 17.362 0
124202 20.75 10.0 17.362 0
124232 20.75 10.0 17.362 0
124303 20.75 10.0 17.362 0
124333 20.75 10.0 17.362 0
124404 20.75 10.0 17.362 0
124435 20.75 10.0 17.362 0
124505 20.75 10.0 17.362 0
124536 20.75 10.0 17.362 0
124606 20.75 10.0 17.362 0
124637 20.75 10.0 17.362 0
124707 20.75 10.0 17.362 0
124738 20.75 10.0 17.362 0
124809 20.75 10.0 17.362 0
124839 20.75 10.0 17.425 0
124910 20.75 10.0 17.425 0
124940 20.75 10.0 17.362 0
125011 20.75 10.0 17.362 0
125041 20.75 10.0 17.362 0
125112 20.75 10.0 17.362 0
125143 20.75 10.0 17.362 0
125213 20.75 10.0 17.362 0
125243 20.75 10.0 17.362 0
125314 20.75 10.0 17.362 0
125345 20.75 10.0 17.362 0
125415 20.75 10.0 17.425 0
125447 20.812 10.0 17.362 0
125517 20.812 10.0 17.362 0
125548 20.812 10.0 17.362 0
125618 20.812 10.0 17.362 0
125649 20.812 10.0 17.362 0
125720 20.75 10.0 17.425 0
125750 20.75 10.0 17.362 0
125821 20.75 10.0 17.362 0
125851 20.75 10.0 17.362 0
125922 20.75 10.0 17.362 0
125953 20.75 10.0 17.362 0
130023 20.75 10.0 17.425 0
130054 20.75 10.0 17.362 0
130125 20.75 10.0 17.362 0
130155 20.75 10.0 17.362 0
130226 20.75 10.0 17.362 0
130256 20.75 10.0 17.362 0
130327 20.75 10.0 17.362 0
130358 20.75 10.0 17.425 0
130428 20.75 10.0 17.362 0
130458 20.812 10.0 17.362 0
130529 20.812 10.0 17.362 0
130559 20.812 10.0 17.362 0
130630 20.812 10.0 17.362 0
130701 20.812 10.0 17.362 0
130731 20.812 10.0 17.425 0
130802 20.812 10.0 17.362 0
130832 20.812 10.0 17.362 0
130902 20.812 10.0 17.362 0
130933 20.812 10.0 17.425 0
131004 20.812 10.0 17.362 0
131034 20.812 10.0 17.362 0
131105 20.812 10.0 17.425 0
131136 20.812 10.0 17.362 0
131206 20.812 10.0 17.362 0
131237 20.812 10.0 17.362 0
131308 20.812 10.0 17.362 0
131338 20.812 10.0 17.425 0
131409 20.812 10.0 17.362 0
131440 20.812 10.0 17.362 0
131510 20.812 10.0 17.362 0
131540 20.812 10.0 17.362 0
131611 20.812 10.0 17.362 0
131641 20.812 10.0 17.362 0
131712 20.812 10.0 17.362 0
131743 20.812 10.0 17.362 0
131813 20.812 10.0 17.362 0
131844 20.812 10.0 17.362 0
131915 20.812 10.0 17.362 0
131945 20.812 10.0 17.362 0
132016 20.812 10.0 17.425 0
132046 20.812 10.0 17.425 0
132117 20.812 10.0 17.425 0
132147 20.812 10.0 17.362 0
132217 20.812 10.0 17.362 0
132248 20.812 10.0 17.362 0
132319 20.812 10.0 17.425 0
132349 20.812 10.0 17.362 0
132420 20.812 10.0 17.425 0
132451 20.812 10.0 17.425 0
132521 20.812 10.0 17.362 0
132552 20.812 10.0 17.362 0
132623 20.812 10.0 17.362 0
132653 20.812 10.0 17.362 0
132723 20.812 10.0 17.362 0
132754 20.812 10.0 17.362 0
132825 20.812 10.0 17.425 0
132856 20.812 10.0 17.362 0
132926 20.812 10.0 17.362 0
132957 20.812 10.0 17.362 0
133028 20.812 10.0 17.362 0
133058 20.812 10.0 17.425 0
133129 20.812 10.0 17.362 0
133159 20.812 10.0 17.362 0
133230 20.875 10.0 17.362 0
133300 20.875 10.0 17.362 0
133331 20.875 10.0 17.362 0
133401 20.875 10.0 17.362 0
133432 20.875 10.0 17.425 0
133502 20.875 10.0 17.425 0
133532 20.875 10.0 17.362 0
133603 20.875 10.0 17.362 0
133634 20.875 10.0 17.362 0
133704 20.875 10.0 17.362 0
133734 20.875 10.0 17.362 0
133805 20.875 10.0 17.425 0
133836 20.875 10.0 17.362 0
133906 20.875 10.0 17.362 0
133936 20.875 10.0 17.362 0
134007 20.875 10.0 17.362 0
134037 20.875 10.0 17.362 0
134108 20.875 10.0 17.425 0
134139 20.875 10.0 17.425 0
134209 20.875 10.0 17.362 0
134240 20.875 10.0 17.362 0
134310 20.875 10.0 17.362 0
134340 20.875 10.0 17.362 0
134411 20.875 10.0 17.362 0
134442 20.875 10.0 17.425 0
134512 20.875 10.0 17.362 0
134543 20.875 10.0 17.425 0
134614 20.875 10.0 17.362 0
134644 20.875 10.0 17.362 0
134715 20.875 10.0 17.425 0
134745 20.875 10.0 17.362 0
134816 20.875 10.0 17.425 0
134847 20.875 10.0 17.362 0
134917 20.875 10.0 17.362 0
134948 20.875 10.0 17.362 0
135018 20.875 10.0 17.425 0
135049 20.875 10.0 17.362 0
135119 20.875 10.0 17.362 0
135150 20.875 10.0 17.425 0
135221 20.875 10.0 17.362 0
135251 20.875 10.0 17.362 0
135322 20.875 10.0 17.362 0
135352 20.875 10.0 17.425 0
135422 20.875 10.0 17.362 0
135454 20.875 10.0 17.362 0
135524 20.875 10.0 17.362 0
135555 20.875 10.0 17.362 0
135625 20.875 10.0 17.425 0
135656 20.875 10.0 17.362 0
135727 20.875 10.0 17.362 0
135757 20.875 10.0 17.362 0
135828 20.875 10.0 17.362 0
135858 20.875 10.0 17.362 0
135929 20.875 10.0 17.425 0
140000 20.875 10.0 17.362 0
140030 20.875 10.0 17.362 0
140100 20.875 10.0 17.425 0
140131 20.875 10.0 17.362 0
140202 20.875 10.0 17.362 0
140232 20.875 10.0 17.362 0
140303 20.875 10.0 17.425 0
140334 20.875 10.0 17.362 0
140404 20.875 10.0 17.362 0
140435 20.875 10.0 17.362 0
140506 20.875 10.0 17.362 0
140536 20.875 10.0 17.362 0
140607 20.875 10.0 17.425 0
140638 20.875 10.0 17.362 0
140708 20.875 10.0 17.362 0
140739 20.937 10.0 17.362 0
140810 20.937 10.0 17.362 0
140841 20.937 10.0 17.425 0
140911 20.937 10.0 17.362 0
140942 20.937 10.0 17.362 0
141013 20.937 10.0 17.425 0
141043 20.937 10.0 17.362 0
141114 20.937 10.0 17.362 0
141145 20.937 10.0 17.362 0
141216 20.937 10.0 17.362 0
141246 20.875 10.0 17.362 0
141317 20.875 10.0 17.362 0
141348 20.875 10.0 17.362 0
141418 20.875 10.0 17.362 0
141449 20.875 10.0 17.425 0
141519 20.875 10.0 17.425 0
141550 20.875 10.0 17.425 0
141621 20.875 10.0 17.425 0
141651 20.875 10.0 17.362 0
141722 20.875 10.0 17.362 0
141753 20.937 10.0 17.362 0
141823 20.937 10.0 17.362 0
141854 20.937 10.0 17.362 0
141925 20.937 10.0 17.362 0
141957 20.875 10.0 17.362 0
142027 20.875 10.0 17.362 0
142057 20.875 10.0 17.362 0
142127 20.875 10.0 17.362 0
142158 20.875 10.0 17.425 0
142228 20.937 10.0 17.362 0
142258 20.937 10.0 17.362 0
142329 20.937 10.0 17.362 0
142400 20.937 10.0 17.362 0
142431 20.937 10.0 17.362 0
142501 20.937 10.0 17.362 0
142531 20.937 10.0 17.362 0
142602 20.937 10.0 17.362 0
142632 20.937 10.0 17.362 0
142702 20.937 10.0 17.362 0
142733 20.937 10.0 17.362 0
142803 20.937 10.0 17.362 0
142834 20.937 10.0 17.362 0
142905 20.937 10.0 17.425 0
142935 20.937 10.0 17.362 0
143006 20.937 10.0 17.362 0
143036 20.937 10.0 17.425 0
143107 20.937 10.0 17.362 0
143138 20.937 10.0 17.362 0
143208 20.937 10.0 17.425 0
143238 20.937 10.0 17.362 0
143309 20.937 10.0 17.425 0
143339 20.937 10.0 17.362 0
143410 20.937 10.0 17.362 0
143440 20.937 10.0 17.362 0
143511 21.0 10.0 17.362 0
143542 21.0 10.0 17.425 0
143612 21.0 10.0 17.425 0
143643 21.0 10.0 17.362 0
143713 21.0 10.0 17.425 0
143744 21.0 10.0 17.362 0
143815 21.0 10.0 17.362 0
143845 21.0 10.0 17.425 0
143915 21.0 10.0 17.362 0
143945 21.0 10.0 17.362 0
144015 21.062 10.0 17.425 0
144045 21.062 10.0 17.425 0
144116 21.062 10.0 17.425 0
144146 21.062 10.0 17.425 0
144217 21.062 10.0 17.362 0
144247 21.0 10.0 17.362 0
144318 21.0 10.0 17.425 0
144348 21.0 10.0 17.362 0
144418 21.0 10.0 17.362 0
144449 21.0 10.0 17.362 0
144520 21.062 10.0 17.362 0
144550 21.062 10.0 17.425 0
144621 21.062 10.0 17.425 0
144651 21.062 10.0 17.362 0
144722 21.062 10.0 17.362 0
144752 21.062 10.0 17.362 0
144823 21.062 10.0 17.425 0
144853 21.062 10.0 17.425 0
144924 21.062 10.0 17.425 0
144955 21.062 10.0 17.425 0
145026 21.062 10.0 17.362 0
145056 21.062 10.0 17.362 0
145127 21.062 10.0 17.425 0
145157 21.062 10.0 17.362 0
145228 21.062 10.0 17.362 0
145258 21.187 10.0 17.425 0
145329 21.187 10.0 17.362 0
145359 21.187 10.0 17.425 0
145429 21.187 10.0 17.425 0
145502 21.187 10.0 17.362 0
145533 21.187 10.0 17.425 0
145603 21.187 10.0 17.425 0
145634 21.187 10.0 17.425 0
145705 21.187 10.0 17.425 0
145736 21.187 10.0 17.362 0
145806 21.187 10.0 17.425 0
145837 21.187 10.0 17.362 0
145908 21.187 10.0 17.425 0
145939 21.187 10.0 17.425 0
150009 21.187 10.0 17.362 0
150040 21.187 10.0 17.425 0
150111 21.187 10.0 17.425 0
150142 21.187 10.0 17.362 0
150212 21.187 10.0 17.362 0
150243 21.187 10.0 17.362 0
150313 21.187 10.0 17.425 0
150344 21.187 10.0 17.362 0
150415 21.187 10.0 17.362 0
150445 21.187 10.0 17.425 0
150516 21.187 10.0 17.425 0
150547 21.187 10.0 17.362 0
150617 21.187 10.0 17.362 0
150648 21.187 10.0 17.362 0
150718 21.187 10.0 17.362 0
150749 21.187 10.0 17.362 0
150820 21.187 10.0 17.362 0
150851 21.187 10.0 17.425 0
150921 21.187 10.0 17.425 0
150952 21.187 10.0 17.425 0
151022 21.187 10.0 17.362 0
151053 21.187 10.0 17.362 0
151123 21.187 10.0 17.425 0
151154 21.187 10.0 17.362 0
151225 21.187 10.0 17.425 0
151255 21.25 10.0 17.425 0
151326 21.25 10.0 17.425 0
151357 21.25 10.0 17.425 0
151427 21.25 10.0 17.425 0
151458 21.25 10.0 17.362 0
151529 21.25 10.0 17.362 0
151559 21.25 10.0 17.425 0
151630 21.25 10.0 17.362 0
151701 21.25 10.0 17.362 0
151732 21.25 10.0 17.425 0
151802 21.312 10.0 17.425 0
151833 21.312 10.0 17.425 0
151904 21.312 10.0 17.362 0
151934 21.312 10.0 17.425 0
152006 21.312 10.0 17.362 0
152037 21.312 10.0 17.425 0
152107 21.312 10.0 17.425 0
152138 21.312 10.0 17.425 0
152209 21.312 10.0 17.362 0
152239 21.312 10.0 17.425 0
152309 21.312 10.0 17.362 0
152339 21.312 10.0 17.362 0
152410 21.312 10.0 17.362 0
152440 21.312 10.0 17.362 0
152510 21.375 10.0 17.425 0
152540 21.375 10.0 17.362 0
152611 21.375 10.0 17.362 0
152642 21.375 10.0 17.425 0
152712 21.375 10.0 17.425 0
152742 21.375 10.0 17.362 0
152813 21.375 10.0 17.362 0
152844 21.375 10.0 17.425 0
152914 21.375 10.0 17.425 0
152944 21.375 10.0 17.425 0
153014 21.437 10.0 17.362 0
153045 21.437 10.0 17.425 0
153116 21.437 10.0 17.425 0
153146 21.437 10.0 17.425 0
153216 21.437 10.0 17.425 0
153247 21.437 10.0 17.425 0
153317 21.437 10.0 17.425 0
153348 21.437 10.0 17.425 0
153418 21.437 10.0 17.425 0
153449 21.437 10.0 17.425 0
153519 21.5 10.0 17.425 0
153550 21.5 10.0 17.362 0
153621 21.5 10.0 17.425 0
153651 21.5 10.0 17.425 0
153721 21.5 10.0 17.362 0
153752 21.5 10.0 17.362 0
153823 21.5 10.0 17.425 0
153853 21.5 10.0 17.362 0
153924 21.5 10.0 17.362 0
153955 21.5 10.0 17.362 0
154025 21.562 10.0 17.362 0
154056 21.562 10.0 17.425 0
154126 21.562 10.0 17.362 0
154157 21.562 10.0 17.425 0
154228 21.562 10.0 17.425 0
154258 21.5 10.0 17.362 0
154329 21.5 10.0 17.362 0
154359 21.5 10.0 17.425 0
154430 21.5 10.0 17.425 0
154500 21.5 10.0 17.425 0
154531 21.562 10.0 17.425 0
154601 21.562 10.0 17.425 0
154632 21.562 10.0 17.425 0
154702 21.562 10.0 17.425 0
154733 21.562 10.0 17.425 0
154803 21.5 10.0 17.425 0
154833 21.5 10.0 17.425 0
154904 21.5 10.0 17.425 0
154934 21.5 10.0 17.425 0
155005 21.5 10.0 17.362 0
155036 21.5 10.0 17.425 0
155106 21.5 10.0 17.425 0
155137 21.5 10.0 17.362 0
155207 21.5 10.0 17.362 0
155239 21.5 10.0 17.425 0
155310 21.5 10.0 17.425 0
155340 21.5 10.0 17.425 0
155411 21.5 10.0 17.425 0
155441 21.5 10.0 17.425 0
155511 21.5 10.0 17.362 0
155542 21.5 10.0 17.362 0
155613 21.5 10.0 17.425 0
155643 21.5 10.0 17.425 0
155714 21.5 10.0 17.425 0
155745 21.562 10.0 17.425 0
155815 21.562 10.0 17.425 0
155846 21.562 10.0 17.362 0
155917 21.562 10.0 17.425 0
155947 21.562 10.0 17.425 0
160018 21.625 10.0 17.425 0
160048 21.625 10.0 17.425 0
160118 21.625 10.0 17.425 0
160149 21.625 10.0 17.425 0
160219 21.625 10.0 17.425 0
160250 21.625 10.0 17.362 0
160320 21.625 10.0 17.425 0
160351 21.625 10.0 17.425 0
160421 21.625 10.0 17.425 0
160451 21.625 10.0 17.425 0
160521 21.562 10.0 17.425 0
160551 21.562 10.0 17.425 0
160622 21.562 10.0 17.425 0
160653 21.562 10.0 17.425 0
160724 21.562 10.0 17.425 0
160755 21.625 10.0 17.425 0
160825 21.625 10.0 17.425 0
160856 21.625 10.0 17.362 0
160926 21.625 10.0 17.425 0
160956 21.625 10.0 17.425 0
161027 21.625 10.0 17.425 0
161057 21.625 10.0 17.362 0
161128 21.625 10.0 17.425 0
161159 21.625 10.0 17.425 0
161229 21.625 10.0 17.425 0
161300 21.687 10.0 17.425 0
161331 21.687 10.0 17.362 0
161401 21.687 10.0 17.362 0
161431 21.687 10.0 17.362 0
161501 21.687 10.0 17.362 0
161532 21.625 10.0 17.425 0
161602 21.625 10.0 17.362 0
161633 21.625 10.0 17.425 0
161704 21.625 10.0 17.425 0
161734 21.625 10.0 17.425 0
161805 21.625 10.0 17.425 0
161835 21.625 10.0 17.425 0
161906 21.625 10.0 17.425 0
161936 21.625 10.0 17.362 0
162007 21.625 10.0 17.425 0
162037 21.625 10.0 17.425 0
162107 21.625 10.0 17.425 0
162138 21.625 10.0 17.362 0
162208 21.625 10.0 17.425 0
162239 21.625 10.0 17.425 0
162310 21.687 10.0 17.362 0
162340 21.687 10.0 17.425 0
162411 21.687 10.0 17.425 0
162442 21.687 10.0 17.425 0
162514 21.75 10.0 17.425 0
162544 21.75 10.0 17.425 0
162615 21.75 10.0 17.425 0
162645 21.75 10.0 17.425 0
162716 21.75 10.0 17.425 0
162746 21.812 10.0 17.362 0
162817 21.812 10.0 17.425 0
162847 21.812 10.0 17.425 0
162918 21.812 10.0 17.425 0
162948 21.812 10.0 17.425 0
163019 21.875 10.0 17.362 0
163050 21.875 10.0 17.425 0
163120 21.875 10.0 17.425 0
163151 21.875 10.0 17.425 0
163222 21.875 10.0 17.425 0
163252 21.875 10.0 17.362 0
163323 21.875 10.0 17.362 0
163354 21.875 10.0 17.362 0
163424 21.875 10.0 17.425 0
163454 21.875 10.0 17.425 0
163525 21.812 10.0 17.425 0
163556 21.812 10.0 17.425 0
163626 21.812 10.0 17.425 0
163656 21.812 10.0 17.425 0
163727 21.812 10.0 17.425 0
163758 21.812 10.0 17.425 0
163828 21.812 10.0 17.425 0
163858 21.812 10.0 17.425 0
163928 21.812 10.0 17.425 0
163959 21.812 10.0 17.362 0
164030 21.937 10.0 17.425 0
164100 21.937 10.0 17.425 0
164131 21.937 10.0 17.425 0
164202 21.937 10.0 17.425 0
164232 21.937 10.0 17.425 0
164303 22.0 10.0 17.425 0
164333 22.0 10.0 17.425 0
164404 22.0 10.0 17.425 0
164435 22.0 10.0 17.425 0
164506 22.0 10.0 17.425 0
164536 22.0 10.0 17.425 0
164606 22.0 10.0 17.425 0
164636 22.0 10.0 17.425 0
164707 22.0 10.0 17.425 0
164738 22.0 10.0 17.425 0
164808 22.062 10.0 17.362 0
164839 22.062 10.0 17.425 0
164909 22.062 10.0 17.425 0
164940 22.062 10.0 17.362 0
165011 22.062 10.0 17.425 0
165041 22.0 10.0 17.425 0
165112 22.0 10.0 17.425 0
165142 22.0 10.0 17.425 0
165213 22.0 10.0 17.425 0
165243 22.0 10.0 17.425 0
165314 21.937 10.0 17.425 0
165344 21.937 10.0 17.425 0
165415 21.937 10.0 17.362 0
165446 21.937 10.0 17.425 0
165518 21.812 10.0 17.425 0
165549 21.812 10.0 17.425 0
165620 21.812 10.0 17.425 0
165650 21.812 10.0 17.425 0
165721 21.812 10.0 17.425 0
165751 21.687 10.0 17.425 0
165822 21.687 10.0 17.425 0
165853 21.687 10.0 17.425 0
165923 21.687 10.0 17.425 0
165954 21.687 10.0 17.362 0
170025 21.562 10.0 17.425 0
170055 21.562 10.0 17.425 0
170126 21.562 10.0 17.425 0
170157 21.562 10.0 17.425 0
170227 21.562 10.0 17.425 0
170258 21.625 10.0 17.425 0
170328 21.625 10.0 17.425 0
170359 21.625 10.0 17.425 0
170430 21.625 10.0 17.425 0
170501 21.625 10.0 17.425 0
170531 21.687 10.0 17.425 0
170602 21.687 10.0 17.425 0
170633 21.687 10.0 17.425 0
170703 21.687 10.0 17.425 0
170734 21.687 10.0 17.425 0
170804 21.687 10.0 17.425 0
170835 21.687 10.0 17.362 0
170905 21.687 10.0 17.425 0
170936 21.687 10.0 17.425 0
171006 21.687 10.0 17.425 0
171037 21.687 10.0 17.425 0
171107 21.687 10.0 17.425 0
171138 21.687 10.0 17.425 0
171209 21.687 10.0 17.425 0
171239 21.687 10.0 17.425 0
171310 21.75 10.0 17.425 0
171341 21.75 10.0 17.425 0
171411 21.75 10.0 17.425 0
171441 21.75 10.0 17.425 0
171512 21.75 10.0 17.425 0
171543 21.75 10.0 17.425 0
171614 21.75 10.0 17.425 0
171644 21.75 10.0 17.425 0
171714 21.75 10.0 17.425 0
171745 21.75 10.0 17.425 0
171815 21.75 10.0 17.425 0
171846 21.75 10.0 17.425 0
171917 21.75 10.0 17.425 0
171947 21.75 10.0 17.425 0
172018 21.75 10.0 17.425 0
172049 21.75 10.0 17.425 0
172119 21.75 10.0 17.425 0
172150 21.75 10.0 17.425 0
172220 21.75 10.0 17.425 0
172253 21.812 10.0 17.425 0
172323 21.812 10.0 17.425 0
172354 21.812 10.0 17.425 0
172425 21.812 10.0 17.425 0
172455 21.812 10.0 17.425 0
172526 21.875 10.0 17.425 0
172557 21.875 10.0 17.425 0
172627 21.875 10.0 17.425 0
172658 21.875 10.0 17.425 0
172729 21.875 10.0 17.425 0
172759 21.875 10.0 17.425 0
172830 21.875 10.0 17.425 0
172900 21.875 10.0 17.425 0
172930 21.875 10.0 17.425 0
173001 21.875 10.0 17.425 0
173031 21.875 10.0 17.425 0
173102 21.875 10.0 17.362 0
173133 21.875 10.0 17.425 0
173203 21.875 10.0 17.425 0
173234 21.875 10.0 17.425 0
173304 21.875 10.0 17.425 0
173335 21.875 10.0 17.425 0
173406 21.875 10.0 17.425 0
173436 21.875 10.0 17.425 0
173507 21.875 10.0 17.425 0
173538 21.875 10.0 17.425 0
173608 21.875 10.0 17.425 0
173638 21.875 10.0 17.425 0
173709 21.875 10.0 17.425 0
173740 21.875 10.0 17.425 0
173810 21.812 10.0 17.425 0
173841 21.812 10.0 17.425 0
173911 21.812 10.0 17.425 0
173942 21.812 10.0 17.425 0
174013 21.812 10.0 17.425 0
174044 21.75 10.0 17.425 0
174114 21.75 10.0 17.425 0
174145 21.75 10.0 17.425 0
174215 21.75 10.0 17.425 0
174246 21.75 10.0 17.425 0
174316 21.812 10.0 17.425 0
174347 21.812 10.0 17.425 0
174417 21.812 10.0 17.425 0
174447 21.812 10.0 17.425 0
174518 21.812 10.0 17.425 0
174549 21.875 10.0 17.425 0
174620 21.875 10.0 17.425 0
174650 21.875 10.0 17.425 0
174721 21.875 10.0 17.425 0
174751 21.875 10.0 17.425 0
174822 21.875 10.0 17.425 0
174852 21.875 10.0 17.425 0
174922 21.875 10.0 17.425 0
174952 21.875 10.0 17.425 0
175025 21.937 10.0 17.425 0
175056 21.937 10.0 17.425 0
175126 21.937 10.0 17.425 0
175156 21.937 10.0 17.425 0
175227 21.937 10.0 17.425 0
175258 21.937 10.0 17.425 0
175328 21.937 10.0 17.425 0
175359 21.937 10.0 17.425 0
175430 21.937 10.0 17.425 0
175500 21.937 10.0 17.425 0
175531 22.0 10.0 17.425 0
175602 22.0 10.0 17.425 0
175632 22.0 10.0 17.425 0
175702 22.0 10.0 17.425 0
175733 22.0 10.0 17.425 0
175804 22.125 10.0 17.425 0
175835 22.125 10.0 17.425 0
175905 22.125 10.0 17.425 0
175935 22.125 10.0 17.425 0
180006 22.125 10.0 17.425 0
180037 22.062 10.0 17.425 0
180108 22.062 10.0 17.425 0
180138 22.062 10.0 17.425 0
180208 22.062 10.0 17.425 0
180239 22.062 10.0 17.425 0
180309 22.062 10.0 17.425 0
180340 22.062 10.0 17.425 0
180410 22.062 10.0 17.425 0
180441 22.062 10.0 17.425 0
180512 22.062 10.0 17.425 0
180542 22.062 10.0 17.425 0
180613 22.062 10.0 17.425 0
180643 22.062 10.0 17.425 0
180713 22.062 10.0 17.425 0
180744 22.062 10.0 17.425 0
180814 22.125 10.0 17.425 0
180845 22.125 10.0 17.425 0
180916 22.125 10.0 17.425 0
180946 22.125 10.0 17.425 0
181017 22.125 10.0 17.425 0
181047 22.125 10.0 17.425 0
181117 22.125 10.0 17.425 0
181148 22.125 10.0 17.425 0
181218 22.125 10.0 17.425 0
181249 22.125 10.0 17.425 0
181320 22.25 10.0 17.425 0
181350 22.25 10.0 17.425 0
181421 22.25 10.0 17.425 0
181451 22.25 10.0 17.425 0
181522 22.25 10.0 17.425 0
181552 22.25 10.0 17.425 0
181623 22.25 10.0 17.425 0
181654 22.25 10.0 17.425 0
181724 22.25 10.0 17.425 0
181754 22.25 10.0 17.425 0
181825 22.312 10.0 17.425 0
181855 22.312 10.0 17.425 0
181926 22.312 10.0 17.425 0
181956 22.312 10.0 17.425 0
182029 22.312 10.0 17.425 0
182100 22.312 10.0 17.425 0
182130 22.312 10.0 17.425 0
182201 22.312 10.0 17.425 0
182232 22.312 10.0 17.425 0
182302 22.312 10.0 17.425 0
182333 22.312 10.0 17.425 0
182403 22.312 10.0 17.425 0
182434 22.312 10.0 17.425 0
182505 22.312 10.0 17.425 0
182536 22.312 10.0 17.425 0
182606 22.312 10.0 17.425 0
182636 22.312 10.0 17.425 0
182707 22.312 10.0 17.425 0
182738 22.312 10.0 17.425 0
182808 22.25 10.0 17.425 0
182839 22.25 10.0 17.425 0
182910 22.25 10.0 17.425 0
182941 22.25 10.0 17.425 0
183011 22.25 10.0 17.425 0
183042 22.312 10.0 17.425 0
183112 22.312 10.0 17.425 0
183142 22.312 10.0 17.425 0
183213 22.312 10.0 17.425 0
183243 22.312 10.0 17.425 0
183313 22.312 10.0 17.425 0
183344 22.312 10.0 17.425 0
183415 22.312 10.0 17.425 0
183446 22.312 10.0 17.425 0
183516 22.312 10.0 17.425 0
183547 22.375 10.0 17.425 0
183617 22.375 10.0 17.425 0
183648 22.375 10.0 17.425 0
183718 22.375 10.0 17.425 0
183749 22.375 10.0 17.425 0
183820 22.375 10.0 17.425 0
183851 22.375 10.0 17.425 0
183921 22.375 10.0 17.425 0
183952 22.375 10.0 17.425 0
184022 22.375 10.0 17.425 0
184053 22.375 10.0 17.425 0
184124 22.375 10.0 17.425 0
184154 22.375 10.0 17.425 0
184225 22.375 10.0 17.425 0
184255 22.375 10.0 17.425 0
184326 22.375 10.0 17.425 0
184357 22.375 10.0 17.425 0
184427 22.375 10.0 17.425 0
184457 22.375 10.0 17.425 0
184527 22.375 10.0 17.425 0
184557 22.375 10.0 17.425 0
184628 22.375 10.0 17.425 0
184659 22.375 10.0 17.425 0
184729 22.375 10.0 17.425 0
184800 22.375 10.0 17.425 0
184831 22.437 10.0 17.425 0
184901 22.437 10.0 17.425 0
184932 22.437 10.0 17.425 0
185003 22.437 10.0 17.425 0
185033 22.5 10.0 17.425 0
185104 22.5 10.0 17.425 0
185135 22.5 10.0 17.425 0
185205 22.5 10.0 17.425 0
185236 22.5 10.0 17.425 0
185306 22.5 10.0 17.425 0
185336 22.5 10.0 17.425 0
185407 22.5 10.0 17.425 0
185437 22.5 10.0 17.425 0
185507 22.5 10.0 17.425 0
185538 22.5 10.0 17.425 0
185609 22.5 10.0 17.425 0
185639 22.5 10.0 17.425 0
185710 22.5 10.0 17.425 0
185740 22.5 10.0 17.425 0
185811 22.5 10.0 17.425 0
185841 22.5 10.0 17.425 0
185912 22.5 10.0 17.425 0
185942 22.5 10.0 17.425 0
190013 22.5 10.0 17.425 0
190043 22.5 10.0 17.425 0
190114 22.5 10.0 17.425 0
190144 22.5 10.0 17.425 0
190215 22.5 10.0 17.425 0
190246 22.5 10.0 17.425 0
190316 22.5 10.0 17.425 0
190346 22.5 10.0 17.425 0
190417 22.5 10.0 17.425 0
190448 22.5 10.0 17.425 0
190518 22.5 10.0 17.425 0
190549 22.5 10.0 17.425 0
190620 22.5 10.0 17.425 0
190650 22.5 10.0 17.425 0
190721 22.5 10.0 17.425 0
190751 22.5 10.0 17.425 0
190821 22.437 10.0 17.425 0
190852 22.437 10.0 17.425 0
190922 22.437 10.0 17.425 0
190953 22.437 10.0 17.425 0
191024 22.437 10.0 17.425 0
191055 22.437 10.0 17.425 0
191125 22.437 10.0 17.425 0
191155 22.437 10.0 17.425 0
191226 22.437 10.0 17.425 0
191257 22.437 10.0 17.425 0
191328 22.437 10.0 17.425 0
191358 22.437 10.0 17.425 0
191429 22.437 10.0 17.425 0
191459 22.437 10.0 17.425 0
191530 22.437 10.0 17.425 0
191601 22.437 10.0 17.425 0
191631 22.437 10.0 17.425 0
191702 22.437 10.0 17.425 0
191732 22.437 10.0 17.425 0
191802 22.437 10.0 17.425 0
191832 22.375 10.0 17.425 0
191903 22.375 10.0 17.425 0
191934 22.375 10.0 17.425 0
192005 22.375 10.0 17.425 0
192037 22.437 10.0 17.425 0
192107 22.437 10.0 17.425 0
192138 22.437 10.0 17.425 0
192208 22.437 10.0 17.425 0
192239 22.437 10.0 17.425 0
192310 22.375 10.0 17.425 0
192340 22.375 10.0 17.425 0
192411 22.375 10.0 17.425 0
192442 22.375 10.0 17.425 0
192512 22.375 10.0 17.425 0
192543 22.375 10.0 17.425 0
192613 22.375 10.0 17.425 0
192644 22.375 10.0 17.425 0
192715 22.375 10.0 17.425 0
192745 22.375 10.0 17.425 0
192816 22.312 10.0 17.425 0
192846 22.312 10.0 17.425 0
192916 22.312 10.0 17.425 0
192947 22.312 10.0 17.425 0
193017 22.312 10.0 17.425 0
193048 22.312 10.0 17.425 0
193119 22.312 10.0 17.425 0
193149 22.312 10.0 17.425 0
193220 22.312 10.0 17.425 0
193250 22.312 10.0 17.425 0
193321 22.312 10.0 17.425 0
193352 22.312 10.0 17.425 0
193422 22.312 10.0 17.425 0
193453 22.312 10.0 17.425 0
193523 22.312 10.0 17.425 0
193554 22.312 10.0 17.425 0
193624 22.312 10.0 17.425 0
193655 22.312 10.0 17.425 0
193726 22.312 10.0 17.425 0
193756 22.312 10.0 17.425 0
193826 22.312 10.0 17.425 0
193857 22.312 10.0 17.425 0
193928 22.312 10.0 17.425 0
193959 22.312 10.0 17.425 0
194029 22.312 10.0 17.425 0
194100 22.312 10.0 17.425 0
194130 22.312 10.0 17.425 0
194200 22.312 10.0 17.425 0
194231 22.312 10.0 17.425 0
194301 22.312 10.0 17.425 0
194332 22.312 10.0 17.425 0
194403 22.312 10.0 17.425 0
194434 22.312 10.0 17.425 0
194504 22.312 10.0 17.425 0
194534 22.312 10.0 17.425 0
194605 22.312 10.0 17.425 0
194636 22.312 10.0 17.425 0
194706 22.312 10.0 17.425 0
194737 22.312 10.0 17.425 0
194810 22.312 10.0 17.425 0
194840 22.312 10.0 17.425 0
194911 22.312 10.0 17.425 0
194942 22.312 10.0 17.425 0
195012 22.312 10.0 17.425 0
195043 22.312 10.0 17.425 0
195114 22.312 10.0 17.425 0
195145 22.312 10.0 17.425 0
195215 22.312 10.0 17.425 0
195246 22.312 10.0 17.425 0
195316 22.312 10.0 17.425 0
195347 22.312 10.0 17.425 0
195418 22.312 10.0 17.425 0
195448 22.312 10.0 17.425 0
195518 22.312 10.0 17.425 0
195549 22.312 10.0 17.425 0
195619 22.312 10.0 17.425 0
195649 22.312 10.0 17.425 0
195720 22.312 10.0 17.425 0
195751 22.312 10.0 17.425 0
195821 22.312 10.0 17.425 0
195852 22.312 10.0 17.425 0
195923 22.312 10.0 17.425 0
195953 22.312 10.0 17.425 0
200024 22.312 10.0 17.425 0
200054 22.25 10.0 17.425 0
200125 22.25 10.0 17.425 0
200156 22.25 10.0 17.425 0
200227 22.25 10.0 17.425 0
200257 22.25 10.0 17.425 0
200327 22.25 10.0 17.425 0
200358 22.25 10.0 17.425 0
200428 22.25 10.0 17.425 0
200459 22.25 10.0 17.425 0
200529 22.25 10.0 17.425 0
200600 22.25 10.0 17.425 0
200631 22.25 10.0 17.425 0
200701 22.25 10.0 17.425 0
200731 22.25 10.0 17.425 0
200802 22.25 10.0 17.425 0
200832 22.25 10.0 17.425 0
200903 22.25 10.0 17.425 0
200933 22.25 10.0 17.425 0
201004 22.25 10.0 17.425 0
201034 22.25 10.0 17.425 0
201105 22.187 10.0 17.425 0
201135 22.187 10.0 17.425 0
201206 22.187 10.0 17.425 0
201237 22.187 10.0 17.425 0
201307 22.187 10.0 17.425 0
201338 22.187 10.0 17.425 0
201408 22.187 10.0 17.425 0
201439 22.187 10.0 17.425 0
201510 22.187 10.0 17.425 0
201542 22.187 10.0 17.425 0
201613 22.187 10.0 17.425 0
201643 22.187 10.0 17.425 0
201713 22.187 10.0 17.425 0
201744 22.187 10.0 17.425 0
201814 22.187 10.0 17.425 0
201845 22.187 10.0 17.425 0
201915 22.187 10.0 17.425 0
201945 22.187 10.0 17.425 0
202016 22.187 10.0 17.425 0
202047 22.187 10.0 17.425 0
202117 22.187 10.0 17.425 0
202148 22.187 10.0 17.425 0
202218 22.187 10.0 17.425 0
202249 22.187 10.0 17.425 0
202320 22.187 10.0 17.425 0
202350 22.187 10.0 17.425 0
202421 22.187 10.0 17.425 0
202451 22.187 10.0 17.425 0
202522 22.187 10.0 17.425 0
202553 22.187 10.0 17.425 0
202623 22.187 10.0 17.425 0
202654 22.187 10.0 17.425 0
202724 22.187 10.0 17.425 0
202755 22.187 10.0 17.425 0
202825 22.187 10.0 17.425 0
202855 22.187 10.0 17.425 0
202926 22.187 10.0 17.425 0
202957 22.187 10.0 17.425 0
203028 22.187 10.0 17.425 0
203058 22.25 10.0 17.425 0
203128 22.25 10.0 17.425 0
203159 22.25 10.0 17.425 0
203229 22.25 10.0 17.425 0
203300 22.25 10.0 17.425 0
203330 22.25 10.0 17.425 0
203401 22.25 10.0 17.425 0
203432 22.25 10.0 17.425 0
203502 22.25 10.0 17.425 0
203533 22.25 10.0 17.425 0
203603 22.25 10.0 17.425 0
203634 22.25 10.0 17.425 0
203704 22.25 10.0 17.425 0
203735 22.25 10.0 17.425 0
203805 22.25 10.0 17.425 0
203836 22.25 10.0 17.425 0
203907 22.25 10.0 17.425 0
203937 22.25 10.0 17.425 0
204007 22.25 10.0 17.425 0
204038 22.25 10.0 17.425 0
204109 22.25 10.0 17.425 0
204139 22.25 10.0 17.425 0
204210 22.25 10.0 17.425 0
204240 22.25 10.0 17.425 0
204311 22.25 10.0 17.425 0
204341 22.25 10.0 17.425 0
204412 22.25 10.0 17.425 0
204443 22.25 10.0 17.425 0
204513 22.25 10.0 17.425 0
204544 22.25 10.0 17.425 0
204614 22.312 10.0 17.425 0
204644 22.312 10.0 17.425 0
204715 22.312 10.0 17.425 0
204745 22.312 10.0 17.425 0
204817 22.25 10.0 17.425 0
204848 22.25 10.0 17.425 0
204918 22.25 10.0 17.425 0
204948 22.25 10.0 17.425 0
205019 22.25 10.0 17.425 0
205049 22.25 10.0 17.425 0
205120 22.25 10.0 17.425 0
205150 22.25 10.0 17.425 0
205221 22.25 10.0 17.425 0
205251 22.25 10.0 17.425 0
205322 22.25 10.0 17.425 0
205352 22.25 10.0 17.425 0
205423 22.25 10.0 17.425 0
205454 22.25 10.0 17.425 0
205524 22.25 10.0 17.425 0
205555 22.25 10.0 17.425 0
205626 22.25 10.0 17.425 0
205656 22.25 10.0 17.425 0
205726 22.25 10.0 17.425 0
205757 22.25 10.0 17.425 0
205828 22.312 10.0 17.425 0
205858 22.312 10.0 17.425 0
205929 22.312 10.0 17.425 0
210000 22.312 10.0 17.425 0
210030 22.312 10.0 17.425 0
210101 22.25 10.0 17.425 0
210132 22.25 10.0 17.425 0
210202 22.25 10.0 17.425 0
210233 22.25 10.0 17.425 0
210303 22.25 10.0 17.425 0
210334 22.25 10.0 17.425 0
210404 22.25 10.0 17.425 0
210435 22.25 10.0 17.425 0
210505 22.25 10.0 17.425 0
210536 22.25 10.0 17.425 0
210607 22.25 10.0 17.425 0
210637 22.25 10.0 17.425 0
210708 22.25 10.0 17.425 0
210738 22.25 10.0 17.425 0
210808 22.25 10.0 17.425 0
210839 22.25 10.0 17.425 0
210910 22.25 10.0 17.425 0
210941 22.25 10.0 17.425 0
211011 22.25 10.0 17.425 0
211041 22.25 10.0 17.425 0
211112 22.25 10.0 17.425 0
211142 22.25 10.0 17.425 0
211212 22.25 10.0 17.425 0
211243 22.25 10.0 17.425 0
211313 22.25 10.0 17.425 0
211344 22.25 10.0 17.425 0
211415 22.25 10.0 17.425 0
211445 22.25 10.0 17.425 0
211516 22.25 10.0 17.425 0
211547 22.25 10.0 17.425 0
211617 22.187 10.0 17.425 0
211648 22.187 10.0 17.425 0
211718 22.187 10.0 17.425 0
211749 22.187 10.0 17.425 0
211821 22.187 10.0 17.425 0
211852 22.187 10.0 17.425 0
211923 22.187 10.0 17.425 0
211953 22.187 10.0 17.425 0
212024 22.187 10.0 17.425 0
212054 22.125 10.0 17.425 0
212125 22.125 10.0 17.425 0
212156 22.125 10.0 17.425 0
212227 22.125 10.0 17.425 0
212257 22.125 10.0 17.425 0
212327 22.187 10.0 17.425 0
212357 22.187 10.0 17.425 0
212428 22.187 10.0 17.425 0
212458 22.187 10.0 17.425 0
212529 22.187 10.0 17.425 0
212600 22.187 10.0 17.425 0
212630 22.187 10.0 17.425 0
212701 22.187 10.0 17.425 0
212732 22.187 10.0 17.425 0
212803 22.187 10.0 17.425 0
212833 22.25 10.0 17.425 0
212903 22.25 10.0 17.425 0
212934 22.25 10.0 17.425 0
213004 22.25 10.0 17.425 0
213035 22.25 10.0 17.425 0
213105 22.25 10.0 17.425 0
213136 22.25 10.0 17.425 0
213207 22.25 10.0 17.425 0
213237 22.25 10.0 17.425 0
213308 22.25 10.0 17.425 0
213338 22.25 10.0 17.425 0
213409 22.25 10.0 17.425 0
213440 22.25 10.0 17.425 0
213510 22.25 10.0 17.425 0
213541 22.25 10.0 17.425 0
213612 22.25 10.0 17.425 0
213642 22.25 10.0 17.425 0
213712 22.25 10.0 17.425 0
213743 22.25 10.0 17.425 0
213814 22.25 10.0 17.425 0
213844 22.25 10.0 17.425 0
213914 22.25 10.0 17.425 0
213945 22.25 10.0 17.425 0
214015 22.25 10.0 17.425 0
214046 22.25 10.0 17.425 0
214117 22.25 10.0 17.425 0
214147 22.25 10.0 17.425 0
214218 22.25 10.0 17.425 0
214249 22.25 10.0 17.425 0
214319 22.25 10.0 17.425 0
214350 22.187 10.0 17.425 0
214420 22.187 10.0 17.425 0
214451 22.187 10.0 17.425 0
214521 22.187 10.0 17.425 0
214551 22.187 10.0 17.425 0
214621 22.187 10.0 17.425 0
214652 22.187 10.0 17.425 0
214722 22.187 10.0 17.425 0
214753 22.187 10.0 17.425 0
214826 22.187 10.0 17.425 0
214856 22.187 10.0 17.425 0
214927 22.187 10.0 17.425 0
214958 22.187 10.0 17.425 0
215028 22.187 10.0 17.425 0
215059 22.125 10.0 17.425 0
215130 22.125 10.0 17.425 0
215201 22.125 10.0 17.425 0
215231 22.125 10.0 17.425 0
215301 22.125 10.0 17.425 0
215331 22.125 10.0 17.425 0
215402 22.125 10.0 17.425 0
215432 22.125 10.0 17.425 0
215503 22.125 10.0 17.425 0
215533 22.125 10.0 17.425 0
215603 22.125 10.0 17.425 0
215634 22.125 10.0 17.425 0
215704 22.125 10.0 17.425 0
215734 22.125 10.0 17.425 0
215805 22.125 10.0 17.425 0
215835 22.125 10.0 17.425 0
215906 22.125 10.0 17.425 0
215937 22.125 10.0 17.425 0
220007 22.125 10.0 17.425 0
220038 22.125 10.0 17.425 0
220108 22.125 10.0 17.425 0
220139 22.125 10.0 17.425 0
220209 22.125 10.0 17.425 0
220240 22.125 10.0 17.425 0
220310 22.125 10.0 17.425 0
220340 22.062 10.0 17.425 0
220411 22.062 10.0 17.425 0
220442 22.062 10.0 17.425 0
220512 22.062 10.0 17.425 0
220542 22.062 10.0 17.425 0
220613 22.062 10.0 17.425 0
220644 22.062 10.0 17.425 0
220714 22.062 10.0 17.425 0
220745 22.062 10.0 17.425 0
220816 22.062 10.0 17.425 0
220846 22.062 10.0 17.425 0
220917 22.062 10.0 17.425 0
220948 22.062 10.0 17.425 0
221018 22.062 10.0 17.425 0
221049 22.062 10.0 17.425 0
221119 22.0 10.0 17.425 0
221150 22.0 10.0 17.425 0
221221 22.0 10.0 17.425 0
221252 22.0 10.0 17.425 0
221322 22.0 10.0 17.425 0
221352 22.0 10.0 17.425 0
221423 22.0 10.0 17.425 0
221454 22.0 10.0 17.425 0
221524 22.0 10.0 17.425 0
221555 22.0 10.0 17.425 0
221626 22.0 10.0 17.425 0
221656 22.0 10.0 17.425 0
221727 22.0 10.0 17.425 0
221758 22.0 10.0 17.425 0
221831 21.937 10.0 17.425 0
221901 21.937 10.0 17.425 0
221932 21.937 10.0 17.425 0
222003 21.937 10.0 17.425 0
222033 21.937 10.0 17.425 0
222104 21.937 10.0 17.425 0
222134 21.937 10.0 17.425 0
222205 21.937 10.0 17.425 0
222235 21.937 10.0 17.425 0
222306 21.937 10.0 17.425 0
222336 21.937 10.0 17.425 0
222407 21.937 10.0 17.425 0
222437 21.937 10.0 17.425 0
222508 21.937 10.0 17.425 0
222539 21.937 10.0 17.425 0
222609 21.937 10.0 17.425 0
222640 21.937 10.0 17.425 0
222710 21.937 10.0 17.425 0
222741 21.937 10.0 17.425 0
222812 21.937 10.0 17.425 0
222842 21.937 10.0 17.425 0
222913 21.937 10.0 17.425 0
222944 21.937 10.0 17.425 0
223014 21.937 10.0 17.425 0
223045 21.937 10.0 17.425 0
223115 21.937 10.0 17.425 0
223146 21.937 10.0 17.425 0
223217 21.937 10.0 17.425 0
223247 21.937 10.0 17.425 0
223318 21.937 10.0 17.425 0
223348 21.937 10.0 17.425 0
223419 21.937 10.0 17.425 0
223449 21.937 10.0 17.425 0
223520 21.937 10.0 17.425 0
223551 21.937 10.0 17.425 0
223621 21.937 10.0 17.425 0
223652 21.937 10.0 17.425 0
223723 21.937 10.0 17.425 0
223753 21.937 10.0 17.425 0
223824 21.937 10.0 17.425 0
223854 21.937 10.0 17.425 0
223925 21.937 10.0 17.425 0
223956 21.937 10.0 17.425 0
224026 21.937 10.0 17.425 0
224057 21.937 10.0 17.425 0
224127 21.875 10.0 17.425 0
224157 21.875 10.0 17.425 0
224228 21.875 10.0 17.425 0
224258 21.875 10.0 17.425 0
224329 21.875 10.0 17.425 0
224400 21.937 10.0 17.425 0
224431 21.937 10.0 17.425 0
224501 21.937 10.0 17.425 0
224532 21.937 10.0 17.425 0
224603 21.937 10.0 17.425 0
224634 21.937 10.0 17.425 0
224704 21.937 10.0 17.425 0
224735 21.937 10.0 17.425 0
224806 21.937 10.0 17.425 0
224836 21.875 10.0 17.425 0
224907 21.875 10.0 17.425 0
224938 21.875 10.0 17.425 0
225008 21.875 10.0 17.425 0
225039 21.875 10.0 17.425 0
225109 21.875 10.0 17.425 0
225139 21.875 10.0 17.425 0
225210 21.875 10.0 17.425 0
225241 21.875 10.0 17.425 0
225312 21.875 10.0 17.425 0
225342 21.812 10.0 17.425 0
225413 21.812 10.0 17.425 0
225443 21.812 10.0 17.425 0
225514 21.812 10.0 17.425 0
225545 21.812 10.0 17.425 0
225615 21.812 10.0 17.425 0
225646 21.812 10.0 17.425 0
225717 21.812 10.0 17.425 0
225747 21.812 10.0 17.425 0
225818 21.812 10.0 17.425 0
225849 21.812 10.0 17.425 0
225919 21.812 10.0 17.425 0
225950 21.812 10.0 17.425 0
230020 21.812 10.0 17.425 0
230051 21.812 10.0 17.425 0
230122 21.75 10.0 17.425 0
230152 21.75 10.0 17.425 0
230223 21.75 10.0 17.425 0
230253 21.75 10.0 17.425 0
230323 21.75 10.0 17.425 0
230354 21.75 10.0 17.425 0
230425 21.75 10.0 17.425 0
230455 21.75 10.0 17.425 0
230526 21.75 10.0 17.425 0
230556 21.75 10.0 17.425 0
230627 21.75 10.0 17.425 0
230657 21.75 10.0 17.425 0
230728 21.75 10.0 17.425 0
230758 21.75 10.0 17.425 0
230829 21.75 10.0 17.425 0
230859 21.75 10.0 17.425 0
230930 21.75 10.0 17.425 0
231000 21.75 10.0 17.425 0
231031 21.75 10.0 17.425 0
231101 21.75 10.0 17.425 0
231132 21.75 10.0 17.425 0
231202 21.75 10.0 17.425 0
231233 21.75 10.0 17.425 0
231304 21.75 10.0 17.425 0
231337 21.687 10.0 17.425 0
231407 21.687 10.0 17.425 0
231437 21.687 10.0 17.425 0
231508 21.687 10.0 17.425 0
231539 21.687 10.0 17.425 0
231609 21.687 10.0 17.425 0
231640 21.687 10.0 17.425 0
231710 21.687 10.0 17.425 0
231741 21.687 10.0 17.425 0
231812 21.687 10.0 17.425 0
231842 21.687 10.0 17.425 0
231913 21.687 10.0 17.425 0
231943 21.687 10.0 17.425 0
232014 21.687 10.0 17.425 0
232045 21.687 10.0 17.425 0
232115 21.687 10.0 17.425 0
232146 21.687 10.0 17.425 0
232216 21.687 10.0 17.425 0
232247 21.687 10.0 17.425 0
232318 21.687 10.0 17.425 0
232348 21.687 10.0 17.425 0
232419 21.687 10.0 17.425 0
232450 21.687 10.0 17.425 0
232520 21.687 10.0 17.425 0
232551 21.687 10.0 17.425 0
232622 21.687 10.0 17.425 0
232652 21.687 10.0 17.425 0
232723 21.687 10.0 17.425 0
232753 21.687 10.0 17.425 0
232824 21.687 10.0 17.425 0
232855 21.687 10.0 17.425 0
232925 21.687 10.0 17.425 0
232955 21.687 10.0 17.425 0
233026 21.687 10.0 17.425 0
233057 21.687 10.0 17.425 0
233127 21.687 10.0 17.425 0
233158 21.687 10.0 17.425 0
233229 21.687 10.0 17.425 0
233259 21.687 10.0 17.425 0
233330 21.687 10.0 17.425 0
233401 21.687 10.0 17.425 0
233431 21.687 10.0 17.425 0
233502 21.687 10.0 17.425 0
233532 21.687 10.0 17.425 0
233603 21.687 10.0 17.425 0
233634 21.687 10.0 17.425 0
233704 21.687 10.0 17.425 0
233735 21.687 10.0 17.425 0
233806 21.687 10.0 17.425 0
233836 21.687 10.0 17.425 0
233907 21.687 10.0 17.425 0
233937 21.687 10.0 17.425 0
234008 21.687 10.0 17.425 0
234038 21.687 10.0 17.425 0
234111 21.625 10.0 17.425 0
234141 21.625 10.0 17.425 0
234212 21.625 10.0 17.425 0
234243 21.625 10.0 17.425 0
234313 21.625 10.0 17.425 0
234344 21.625 10.0 17.425 0
234415 21.625 10.0 17.425 0
234445 21.625 10.0 17.425 0
234515 21.625 10.0 17.425 0
234546 21.625 10.0 17.425 0
234616 21.625 10.0 17.425 0
234647 21.625 10.0 17.425 0
234717 21.625 10.0 17.425 0
234748 21.625 10.0 17.425 0
234819 21.625 10.0 17.425 0
234849 21.625 10.0 17.425 0
234919 21.625 10.0 17.425 0
234950 21.625 10.0 17.425 0
235021 21.625 10.0 17.425 0
235051 21.625 10.0 17.425 0
235121 21.625 10.0 17.425 0
235152 21.625 10.0 17.425 0
235222 21.625 10.0 17.425 0
235252 21.625 10.0 17.425 0
235323 21.625 10.0 17.425 0
235353 21.625 10.0 17.425 0
235424 21.625 10.0 17.425 0
235454 21.625 10.0 17.425 0
235525 21.625 10.0 17.425 0
235555 21.625 10.0 17.425 0
235625 21.625 10.0 17.425 0
235656 21.625 10.0 17.425 0
235726 21.625 10.0 17.425 0
235757 21.625 10.0 17.425 0
235827 21.625 10.0 17.425 0
235858 21.625 10.0 17.425 0
