235926 18.562 10.0 65.987 0
235956 18.562 10.0 65.925 0
000026 18.562 10.0 65.8 0
000056 18.562 10.0 65.737 0
000126 18.437 10.0 65.675 0
000156 18.437 10.0 65.612 0
000227 18.437 10.0 65.55 0
000257 18.437 10.0 65.487 0
000327 18.437 10.0 65.362 0
000358 18.375 10.0 65.3 0
000428 18.375 10.0 65.237 0
000458 18.375 10.0 65.175 0
000529 18.375 10.0 65.112 0
000559 18.375 10.0 65.05 0
000629 18.375 10.0 64.987 0
000700 18.375 10.0 64.862 0
000730 18.375 10.0 64.55 0
000800 18.375 10.0 63.862 0
000830 18.375 10.0 63.05 0
000901 18.25 10.0 62.3 0
000932 18.25 10.0 61.8 0
001002 18.25 10.0 61.487 0
001033 18.25 10.0 61.3 0
001103 18.25 10.0 61.175 0
001134 18.187 10.0 61.05 0
001204 18.187 10.0 60.925 0
001234 18.187 10.0 60.862 0
001305 18.187 10.0 60.8 0
001335 18.187 10.0 60.737 0
001405 18.125 10.0 60.675 0
001436 18.125 10.0 60.612 0
001506 18.125 10.0 60.55 0
001537 18.125 10.0 60.487 0
001607 18.125 10.0 60.425 0
001638 18.062 10.0 60.362 0
001708 18.062 10.0 60.3 0
001739 18.062 10.0 60.237 0
001809 18.062 10.0 60.237 0
001839 18.062 10.0 60.175 0
001909 18.0 10.0 60.112 0
001939 18.0 10.0 60.05 0
002009 18.0 10.0 59.987 0
002040 18.0 10.0 59.925 0
002110 18.0 10.0 59.862 0
002140 17.937 10.0 59.8 0
002211 17.937 10.0 59.8 0
002241 17.937 10.0 59.737 0
002312 17.937 10.0 59.675 0
002342 17.937 10.0 59.612 0
002412 17.875 10.0 59.55 0
002442 17.875 10.0 59.487 0
002513 17.875 10.0 59.425 0
002543 17.875 10.0 59.425 0
002614 17.875 10.0 59.362 0
002644 17.812 10.0 59.3 0
002714 17.812 10.0 59.237 0
002744 17.812 10.0 59.175 0
002814 17.812 10.0 59.112 0
002844 17.812 10.0 59.05 0
002915 17.75 10.0 58.925 0
002945 17.75 10.0 58.55 0
003016 17.75 10.0 58.112 0
003046 17.75 10.0 57.8 0
003118 17.75 10.0 57.55 0
003149 17.75 10.0 57.362 0
003219 17.75 10.0 57.237 0
003249 17.75 10.0 57.175 0
003320 17.75 10.0 57.112 0
003351 17.75 10.0 57.112 0
003421 17.75 10.0 57.05 0
003451 17.75 10.0 57.05 0
003522 17.75 10.0 57.05 0
003552 17.75 10.0 56.987 0
003623 17.687 10.0 56.987 0
003654 17.687 10.0 56.987 0
003725 17.687 10.0 56.987 0
003755 17.687 10.0 56.987 0
003825 17.687 10.0 56.987 0
003855 17.625 10.0 56.925 0
003926 17.625 10.0 56.925 0
003956 17.625 10.0 56.925 0
004026 17.625 10.0 56.925 0
004057 17.625 10.0 56.925 0
004127 17.625 10.0 56.987 0
004157 17.625 10.0 56.987 0
004228 17.625 10.0 56.987 0
004258 17.625 10.0 56.987 0
004328 17.625 10.0 56.987 0
004358 17.562 10.0 56.987 0
004428 17.562 10.0 56.987 0
004459 17.562 10.0 57.05 0
004529 17.562 10.0 57.05 0
004600 17.562 10.0 57.05 0
004630 17.562 10.0 57.05 0
004701 17.562 10.0 57.112 0
004731 17.562 10.0 57.112 0
004801 17.562 10.0 57.112 0
004831 17.562 10.0 57.175 0
004902 17.5 10.0 57.175 0
004933 17.5 10.0 57.175 0
005003 17.5 10.0 57.237 0
005033 17.5 10.0 57.237 0
005103 17.5 10.0 57.237 0
005134 17.437 10.0 57.237 0
005204 17.437 10.0 57.3 0
005235 17.437 10.0 57.3 0
005305 17.437 10.0 57.3 0
005335 17.437 10.0 57.3 0
005405 17.437 10.0 57.3 0
005435 17.437 10.0 57.3 0
005505 17.437 10.0 57.3 0
005536 17.437 10.0 57.3 0
005606 17.437 10.0 57.3 0
005636 17.375 10.0 57.3 0
005707 17.375 10.0 57.3 0
005737 17.375 10.0 57.3 0
005808 17.375 10.0 57.3 0
005839 17.375 10.0 57.3 0
005909 17.375 10.0 57.3 0
005939 17.375 10.0 57.3 0
010009 17.375 10.0 57.3 0
010039 17.375 10.0 57.3 0
010110 17.375 10.0 57.3 0
010140 17.312 10.0 57.3 0
010210 17.312 10.0 57.3 0
010240 17.312 10.0 57.3 0
010310 17.312 10.0 57.3 0
010340 17.312 10.0 57.3 0
010411 17.25 10.0 57.3 0
010441 17.25 10.0 57.3 0
010512 17.25 10.0 57.237 0
010542 17.25 10.0 57.3 0
010612 17.25 10.0 57.237 0
010643 17.25 10.0 57.237 0
010713 17.25 10.0 57.237 0
010743 17.25 10.0 57.237 0
010814 17.25 10.0 57.237 0
010844 17.25 10.0 57.237 0
010914 17.187 10.0 57.237 0
010944 17.187 10.0 57.237 0
011015 17.187 10.0 57.237 0
011046 17.187 10.0 57.237 0
011116 17.187 10.0 57.3 0
011147 17.187 10.0 57.487 0
011217 17.187 10.0 57.612 0
011247 17.187 10.0 57.8 0
011318 17.187 10.0 57.862 0
011349 17.187 10.0 57.987 0
011419 17.187 10.0 57.987 0
011449 17.187 10.0 58.05 0
011519 17.187 10.0 58.112 0
011550 17.187 10.0 58.112 0
011620 17.187 10.0 58.175 0
011650 17.125 10.0 58.175 0
011721 17.125 10.0 58.237 0
011751 17.125 10.0 58.175 0
011821 17.125 10.0 58.237 0
011851 17.125 10.0 58.237 0
011921 17.125 10.0 58.3 0
011952 17.125 10.0 58.3 0
012022 17.125 10.0 58.3 0
012053 17.125 10.0 58.3 0
012123 17.125 10.0 58.362 0
012153 17.062 10.0 58.362 0
012224 17.062 10.0 58.425 0
012254 17.062 10.0 58.425 0
012324 17.062 10.0 58.487 0
012354 17.062 10.0 58.487 0
012425 17.062 10.0 58.487 0
012455 17.062 10.0 58.55 0
012525 17.062 10.0 58.55 0
012555 17.062 10.0 58.612 0
012628 17.062 10.0 58.612 0
012658 17.062 10.0 58.675 0
012728 17.062 10.0 58.675 0
012759 17.062 10.0 58.737 0
012829 17.062 10.0 58.737 0
012859 17.0 10.0 58.737 0
012930 17.0 10.0 58.8 0
013000 17.0 10.0 58.8 0
013031 17.0 10.0 58.8 0
013101 17.0 10.0 58.8 0
013132 17.0 10.0 58.8 0
013202 17.0 10.0 58.862 0
013233 17.0 10.0 58.862 0
013304 17.0 10.0 58.862 0
013334 17.0 10.0 58.862 0
013405 17.0 10.0 58.862 0
013435 17.0 10.0 58.862 0
013505 17.0 10.0 58.862 0
013536 17.0 10.0 58.8 0
013606 17.0 10.0 58.8 0
013636 17.0 10.0 58.862 0
013706 17.0 10.0 58.862 0
013736 17.0 10.0 58.862 0
013807 17.0 10.0 58.862 0
013837 17.0 10.0 58.862 0
013907 16.937 10.0 58.8 0
013937 16.937 10.0 58.862 0
014007 16.937 10.0 58.862 0
014037 16.937 10.0 58.862 0
014107 16.937 10.0 58.862 0
014138 16.937 10.0 58.862 0
014208 16.937 10.0 58.862 0
014239 16.937 10.0 58.862 0
014309 16.937 10.0 58.862 0
014339 16.937 10.0 58.862 0
014410 16.937 10.0 58.862 0
014440 16.937 10.0 58.862 0
014510 16.937 10.0 58.862 0
014541 16.937 10.0 58.862 0
014611 16.937 10.0 58.925 0
014641 16.875 10.0 58.862 0
014711 16.875 10.0 58.862 0
014741 16.875 10.0 58.862 0
014812 16.875 10.0 58.862 0
014842 16.875 10.0 58.862 0
014913 16.875 10.0 58.862 0
014943 16.875 10.0 58.862 0
015014 16.875 10.0 58.862 0
015044 16.875 10.0 58.862 0
015114 16.875 10.0 58.8 0
015144 16.875 10.0 58.8 0
015215 16.875 10.0 58.8 0
015245 16.875 10.0 58.8 0
015315 16.875 10.0 58.8 0
015346 16.875 10.0 58.8 0
015417 16.812 10.0 58.8 0
015447 16.812 10.0 58.8 0
015518 16.812 10.0 58.8 0
015548 16.812 10.0 58.737 0
015619 16.812 10.0 58.737 0
015649 16.812 10.0 58.737 0
015720 16.812 10.0 58.737 0
015750 16.812 10.0 58.737 0
015820 16.812 10.0 58.737 0
015851 16.812 10.0 58.737 0
015921 16.812 10.0 58.737 0
015951 16.812 10.0 58.675 0
020022 16.812 10.0 58.675 0
020052 16.812 10.0 58.675 0
020123 16.812 10.0 58.675 0
020153 16.75 10.0 58.675 0
020223 16.75 10.0 58.675 0
020253 16.75 10.0 58.675 0
020324 16.75 10.0 58.675 0
020354 16.75 10.0 58.612 0
020425 16.75 10.0 58.612 0
020455 16.75 10.0 58.612 0
020525 16.75 10.0 58.612 0
020555 16.75 10.0 58.612 0
020626 16.75 10.0 58.612 0
020656 16.75 10.0 58.55 0
020727 16.75 10.0 58.55 0
020757 16.75 10.0 58.55 0
020828 16.75 10.0 58.55 0
020858 16.75 10.0 58.55 0
020929 16.75 10.0 58.487 0
020959 16.75 10.0 58.487 0
021030 16.75 10.0 58.487 0
021100 16.75 10.0 58.487 0
021130 16.75 10.0 58.487 0
021200 16.687 10.0 58.487 0
021231 16.687 10.0 58.425 0
021301 16.687 10.0 58.487 0
021332 16.687 10.0 58.612 0
021402 16.687 10.0 58.737 0
021432 16.687 10.0 58.8 0
021503 16.687 10.0 58.862 0
021533 16.687 10.0 58.925 0
021603 16.687 10.0 58.925 0
021635 16.687 10.0 58.987 0
021706 16.687 10.0 58.987 0
021736 16.687 10.0 58.987 0
021806 16.687 10.0 58.987 0
021837 16.687 10.0 58.987 0
021907 16.625 10.0 59.05 0
021938 16.625 10.0 59.05 0
022009 16.625 10.0 59.05 0
022039 16.625 10.0 59.05 0
022110 16.625 10.0 59.05 0
022140 16.625 10.0 59.05 0
022211 16.625 10.0 59.05 0
022241 16.625 10.0 59.05 0
022311 16.625 10.0 59.05 0
022341 16.625 10.0 59.05 0
022411 16.625 10.0 58.987 0
022442 16.625 10.0 58.987 0
022512 16.625 10.0 59.05 0
022542 16.625 10.0 58.987 0
022613 16.625 10.0 58.987 0
022643 16.562 10.0 58.987 0
022713 16.562 10.0 58.987 0
022744 16.562 10.0 58.987 0
022814 16.562 10.0 58.987 0
022845 16.562 10.0 58.987 0
022915 16.562 10.0 58.987 0
022945 16.562 10.0 58.925 0
023016 16.562 10.0 58.987 0
023046 16.562 10.0 58.925 0
023116 16.562 10.0 58.925 0
023146 16.562 10.0 58.925 0
023217 16.562 10.0 58.925 0
023248 16.562 10.0 58.925 0
023318 16.562 10.0 58.925 0
023348 16.562 10.0 58.925 0
023418 16.5 10.0 58.925 0
023449 16.5 10.0 58.925 0
023520 16.5 10.0 58.925 0
023550 16.5 10.0 58.925 0
023621 16.5 10.0 58.925 0
023651 16.5 10.0 58.925 0
023721 16.5 10.0 58.862 0
023751 16.5 10.0 58.925 0
023821 16.5 10.0 58.862 0
023851 16.5 10.0 58.862 0
023922 16.5 10.0 58.862 0
023952 16.5 10.0 58.862 0
024022 16.5 10.0 58.862 0
024052 16.5 10.0 58.862 0
024122 16.5 10.0 58.8 0
024152 16.5 10.0 58.8 0
024223 16.5 10.0 58.8 0
024254 16.5 10.0 58.737 0
024324 16.5 10.0 58.8 0
024354 16.5 10.0 58.8 0
024424 16.5 10.0 58.8 0
024455 16.5 10.0 58.8 0
024525 16.5 10.0 58.8 0
024555 16.5 10.0 58.737 0
024625 16.5 10.0 58.737 0
024656 16.5 10.0 58.737 0
024727 16.5 10.0 58.737 0
024757 16.5 10.0 58.737 0
024827 16.5 10.0 58.737 0
024857 16.5 10.0 58.675 0
024927 16.437 10.0 58.675 0
024958 16.437 10.0 58.675 0
025028 16.437 10.0 58.675 0
025058 16.437 10.0 58.675 0
025129 16.437 10.0 58.675 0
025159 16.437 10.0 58.612 0
025230 16.437 10.0 58.612 0
025300 16.437 10.0 58.612 0
025330 16.437 10.0 58.612 0
025401 16.437 10.0 58.612 0
025431 16.437 10.0 58.612 0
025501 16.437 10.0 58.55 0
025531 16.437 10.0 58.55 0
025601 16.437 10.0 58.55 0
025631 16.437 10.0 58.55 0
025702 16.437 10.0 58.55 0
025732 16.437 10.0 58.55 0
025803 16.437 10.0 58.487 0
025833 16.437 10.0 58.487 0
025903 16.437 10.0 58.487 0
025933 16.437 10.0 58.487 0
030004 16.437 10.0 58.425 0
030034 16.437 10.0 58.425 0
030104 16.437 10.0 58.425 0
030134 16.437 10.0 58.425 0
030205 16.375 10.0 58.425 0
030236 16.375 10.0 58.362 0
030306 16.375 10.0 58.362 0
030337 16.375 10.0 58.362 0
030407 16.375 10.0 58.362 0
030437 16.375 10.0 58.3 0
030507 16.375 10.0 58.3 0
030538 16.375 10.0 58.3 0
030608 16.375 10.0 58.3 0
030638 16.375 10.0 58.237 0
030708 16.375 10.0 58.237 0
030738 16.375 10.0 58.237 0
030809 16.375 10.0 58.175 0
030839 16.375 10.0 58.175 0
030909 16.375 10.0 58.175 0
030939 16.375 10.0 58.175 0
031009 16.375 10.0 58.112 0
031039 16.375 10.0 58.112 0
031110 16.375 10.0 58.112 0
031140 16.375 10.0 58.05 0
031210 16.312 10.0 58.05 0
031241 16.312 10.0 58.05 0
031311 16.312 10.0 58.05 0
031341 16.312 10.0 58.05 0
031414 16.312 10.0 58.05 0
031444 16.312 10.0 58.05 0
031515 16.312 10.0 58.112 0
031546 16.312 10.0 58.175 0
031616 16.312 10.0 58.237 0
031646 16.312 10.0 58.3 0
031716 16.312 10.0 58.3 0
031746 16.312 10.0 58.3 0
031817 16.312 10.0 58.3 0
031847 16.312 10.0 58.3 0
031918 16.312 10.0 58.3 0
031948 16.312 10.0 58.3 0
032018 16.312 10.0 58.3 0
032049 16.312 10.0 58.3 0
032119 16.312 10.0 58.3 0
032149 16.312 10.0 58.3 0
032220 16.312 10.0 58.3 0
032250 16.312 10.0 58.3 0
032321 16.312 10.0 58.3 0
032351 16.312 10.0 58.3 0
032422 16.25 10.0 58.237 0
032452 16.25 10.0 58.237 0
032522 16.25 10.0 58.237 0
032553 16.25 10.0 58.237 0
032623 16.25 10.0 58.237 0
032653 16.25 10.0 58.237 0
032724 16.25 10.0 58.237 0
032755 16.25 10.0 58.175 0
032825 16.25 10.0 58.175 0
032855 16.25 10.0 58.175 0
032926 16.25 10.0 58.175 0
032956 16.25 10.0 58.112 0
033026 16.25 10.0 58.112 0
033056 16.25 10.0 58.112 0
033127 16.25 10.0 58.112 0
033157 16.187 10.0 58.112 0
033227 16.187 10.0 58.05 0
033257 16.187 10.0 58.05 0
033328 16.187 10.0 58.05 0
033358 16.187 10.0 58.05 0
033429 16.25 10.0 58.05 0
033459 16.25 10.0 58.05 0
033530 16.25 10.0 58.05 0
033600 16.25 10.0 58.05 0
033631 16.25 10.0 57.987 0
033701 16.187 10.0 57.987 0
033731 16.187 10.0 57.987 0
033801 16.187 10.0 57.987 0
033831 16.187 10.0 57.925 0
033902 16.187 10.0 57.925 0
033932 16.187 10.0 57.925 0
034002 16.187 10.0 57.925 0
034033 16.187 10.0 57.925 0
034103 16.187 10.0 57.925 0
034133 16.187 10.0 57.862 0
034204 16.187 10.0 57.862 0
034234 16.187 10.0 57.862 0
034304 16.187 10.0 57.862 0
034334 16.187 10.0 57.862 0
034404 16.187 10.0 57.8 0
034434 16.187 10.0 57.8 0
034505 16.187 10.0 57.8 0
034535 16.187 10.0 57.8 0
034606 16.187 10.0 57.737 0
034637 16.187 10.0 57.737 0
034707 16.125 10.0 57.737 0
034738 16.125 10.0 57.675 0
034809 16.125 10.0 57.675 0
034839 16.125 10.0 57.675 0
034909 16.125 10.0 57.675 0
034939 16.125 10.0 57.612 0
035009 16.125 10.0 57.612 0
035040 16.125 10.0 57.612 0
035110 16.125 10.0 57.612 0
035141 16.125 10.0 57.55 0
035211 16.125 10.0 57.55 0
035242 16.125 10.0 57.55 0
035312 16.125 10.0 57.55 0
035342 16.125 10.0 57.487 0
035413 16.125 10.0 57.487 0
035444 16.125 10.0 57.487 0
035514 16.125 10.0 57.487 0
035544 16.125 10.0 57.487 0
035614 16.125 10.0 57.425 0
035645 16.125 10.0 57.425 0
035715 16.125 10.0 57.425 0
035745 16.125 10.0 57.425 0
035815 16.125 10.0 57.425 0
035845 16.125 10.0 57.425 0
035916 16.125 10.0 57.362 0
035946 16.062 10.0 57.362 0
040016 16.062 10.0 57.362 0
040046 16.062 10.0 57.3 0
040117 16.062 10.0 57.3 0
040147 16.062 10.0 57.3 0
040218 16.062 10.0 57.3 0
040248 16.062 10.0 57.3 0
040319 16.062 10.0 57.237 0
040349 16.062 10.0 57.237 0
040419 16.062 10.0 57.237 0
040449 16.062 10.0 57.175 0
040519 16.062 10.0 57.175 0
040549 16.062 10.0 57.112 0
040620 16.062 10.0 57.112 0
040651 16.062 10.0 57.112 0
040721 16.062 10.0 57.05 0
040751 16.062 10.0 57.05 0
040821 16.062 10.0 57.05 0
040852 16.062 10.0 56.987 0
040925 16.062 10.0 56.987 0
040956 16.062 10.0 56.987 0
041026 16.062 10.0 56.987 0
041056 16.062 10.0 56.925 0
041126 16.062 10.0 56.925 0
041157 16.0 10.0 56.925 0
041227 16.0 10.0 56.862 0
041257 16.0 10.0 56.862 0
041327 16.0 10.0 56.862 0
041358 16.0 10.0 56.8 0
041429 16.062 10.0 56.8 0
041459 16.062 10.0 56.8 0
041530 16.062 10.0 56.737 0
041600 16.062 10.0 56.8 0
041630 16.062 10.0 56.862 0
041701 16.0 10.0 57.05 0
041731 16.0 10.0 57.362 0
041802 16.0 10.0 57.862 0
041832 16.0 10.0 58.487 0
041902 16.0 10.0 59.362 0
041932 16.0 10.0 60.487 0
042003 16.0 10.0 61.612 0
042034 16.0 10.0 62.675 0
042104 16.0 10.0 63.55 0
042135 16.0 10.0 64.237 0
042205 16.0 10.0 64.862 0
042235 16.0 10.0 65.237 0
042305 16.0 10.0 65.55 0
042336 16.0 10.0 65.862 0
042407 16.0 10.0 66.05 0
042437 16.0 10.0 66.175 0
042507 16.0 10.0 66.3 0
042537 16.0 10.0 66.362 0
042607 16.0 10.0 66.425 0
042638 16.0 10.0 66.487 0
042708 15.937 10.0 66.55 0
042738 15.937 10.0 66.55 0
042808 15.937 10.0 66.612 0
042838 15.937 10.0 66.612 0
042909 15.937 10.0 66.612 0
042939 15.937 10.0 66.675 0
043010 15.937 10.0 66.675 0
043040 15.937 10.0 66.737 0
043111 15.937 10.0 66.737 0
043142 15.937 10.0 66.737 0
043212 15.937 10.0 66.737 0
043243 15.937 10.0 66.8 0
043313 15.937 10.0 66.8 0
043344 15.937 10.0 66.8 0
043414 15.937 10.0 66.862 0
043444 15.937 10.0 66.862 0
043514 15.937 10.0 66.925 0
043545 15.937 10.0 66.925 0
043615 15.937 10.0 66.925 0
043646 15.937 10.0 66.925 0
043716 15.937 10.0 66.925 0
043746 15.937 10.0 66.987 0
043816 15.937 10.0 66.987 0
043847 15.937 10.0 66.987 0
043917 15.937 10.0 67.05 0
043947 15.937 10.0 67.05 0
044018 15.937 10.0 67.05 0
044048 15.937 10.0 67.05 0
044118 15.937 10.0 67.05 0
044148 15.937 10.0 67.112 0
044218 15.875 10.0 67.112 0
044248 15.875 10.0 67.112 0
044319 15.875 10.0 67.175 0
044350 15.875 10.0 67.175 0
044421 15.875 10.0 67.175 0
044451 15.875 10.0 67.175 0
044521 15.875 10.0 67.175 0
044552 15.875 10.0 67.237 0
044622 15.875 10.0 67.237 0
044652 15.875 10.0 67.237 0
044722 15.875 10.0 67.237 0
044753 15.875 10.0 67.237 0
044823 15.875 10.0 67.237 0
044853 15.875 10.0 67.237 0
044924 15.875 10.0 67.237 0
044954 15.875 10.0 67.237 0
045024 15.875 10.0 67.175 0
045055 15.875 10.0 67.175 0
045125 15.875 10.0 67.175 0
045156 15.875 10.0 67.175 0
045226 15.875 10.0 67.175 0
045257 15.875 10.0 67.175 0
045327 15.875 10.0 67.175 0
045357 15.875 10.0 67.175 0
045428 15.875 10.0 67.175 0
045458 15.875 10.0 67.175 0
045528 15.875 10.0 67.175 0
045558 15.875 10.0 67.175 0
045629 15.875 10.0 67.175 0
045659 15.875 10.0 67.175 0
045729 15.812 10.0 67.175 0
045800 15.812 10.0 67.112 0
045830 15.812 10.0 67.112 0
045900 15.812 10.0 67.112 0
045930 15.812 10.0 67.112 0
050000 15.875 10.0 67.05 0
050030 15.875 10.0 67.05 0
050100 15.875 10.0 67.05 0
050131 15.875 10.0 67.05 0
050203 15.812 10.0 67.05 0
050234 15.812 10.0 67.05 0
050304 15.812 10.0 66.987 0
050335 15.812 10.0 66.987 0
050405 15.812 10.0 66.987 0
050435 15.812 10.0 66.987 0
050505 15.812 10.0 66.987 0
050535 15.812 10.0 66.987 0
050606 15.812 10.0 66.925 0
050636 15.812 10.0 66.925 0
050707 15.75 10.0 66.925 0
050737 15.75 10.0 66.925 0
050807 15.75 10.0 66.925 0
050837 15.75 10.0 66.862 0
050907 15.75 10.0 66.862 0
050938 15.812 10.0 66.862 0
051008 15.812 10.0 66.862 0
051039 15.812 10.0 66.8 0
051109 15.812 10.0 66.8 0
051139 15.812 10.0 66.8 0
051210 15.812 10.0 66.8 0
051240 15.812 10.0 66.737 0
051310 15.812 10.0 66.737 0
051340 15.812 10.0 66.737 0
051411 15.812 10.0 66.675 0
051441 15.75 10.0 66.675 0
051512 15.75 10.0 66.675 0
051542 15.75 10.0 66.675 0
051613 15.75 10.0 66.612 0
051643 15.75 10.0 66.612 0
051713 15.75 10.0 66.612 0
051744 15.75 10.0 66.612 0
051815 15.75 10.0 66.55 0
051845 15.75 10.0 66.55 0
051915 15.75 10.0 66.55 0
051946 15.75 10.0 66.55 0
052016 15.75 10.0 66.487 0
052047 15.75 10.0 66.487 0
052118 15.75 10.0 66.487 0
052148 15.75 10.0 66.487 0
052219 15.75 10.0 66.425 0
052249 15.75 10.0 66.487 0
052319 15.75 10.0 66.612 0
052350 15.75 10.0 66.675 0
052420 15.75 10.0 66.675 0
052450 15.75 10.0 66.737 0
052520 15.75 10.0 66.737 0
052550 15.75 10.0 66.8 0
052621 15.75 10.0 66.8 0
052651 15.75 10.0 66.8 0
052722 15.75 10.0 66.8 0
052752 15.75 10.0 66.862 0
052823 15.75 10.0 66.862 0
052853 15.75 10.0 66.862 0
052923 15.75 10.0 66.862 0
052954 15.75 10.0 66.862 0
053024 15.75 10.0 66.8 0
053055 15.75 10.0 66.8 0
053125 15.75 10.0 66.8 0
053156 15.75 10.0 66.8 0
053226 15.687 10.0 66.8 0
053256 15.687 10.0 66.737 0
053326 15.687 10.0 66.737 0
053356 15.687 10.0 66.737 0
053426 15.687 10.0 66.737 0
053457 15.687 10.0 66.737 0
053528 15.687 10.0 66.675 0
053558 15.687 10.0 66.675 0
053628 15.687 10.0 66.675 0
053659 15.687 10.0 66.675 0
053729 15.687 10.0 66.675 0
053800 15.687 10.0 66.675 0
053830 15.687 10.0 66.612 0
053900 15.687 10.0 66.612 0
053930 15.687 10.0 66.612 0
054001 15.687 10.0 66.612 0
054032 15.687 10.0 66.612 0
054102 15.687 10.0 66.55 0
054132 15.687 10.0 66.55 0
054203 15.687 10.0 66.55 0
054233 15.687 10.0 66.55 0
054304 15.687 10.0 66.55 0
054334 15.687 10.0 66.487 0
054404 15.687 10.0 66.487 0
054435 15.687 10.0 66.487 0
054505 15.687 10.0 66.487 0
054536 15.687 10.0 66.425 0
054606 15.687 10.0 66.425 0
054637 15.687 10.0 66.425 0
054709 15.687 10.0 66.425 0
054740 15.687 10.0 66.362 0
054810 15.687 10.0 66.362 0
054841 15.687 10.0 66.362 0
054911 15.687 10.0 66.3 0
054941 15.687 10.0 66.3 0
055011 15.687 10.0 66.3 0
055042 15.687 10.0 66.3 0
055112 15.687 10.0 66.237 0
055142 15.687 10.0 66.237 0
055213 15.625 10.0 66.237 0
055243 15.625 10.0 66.175 0
055314 15.625 10.0 66.175 0
055344 15.625 10.0 66.175 0
055414 15.625 10.0 66.175 0
055445 15.625 10.0 66.112 0
055515 15.625 10.0 66.112 0
055545 15.625 10.0 66.112 0
055615 15.625 10.0 66.05 0
055646 15.625 10.0 66.05 0
055717 15.625 10.0 65.987 0
055747 15.625 10.0 65.987 0
055818 15.625 10.0 65.987 0
055848 15.625 10.0 65.987 0
055918 15.625 10.0 65.925 0
055949 15.625 10.0 65.925 0
060019 15.625 10.0 65.925 0
060049 15.625 10.0 65.862 0
060120 15.625 10.0 65.862 0
060150 15.625 10.0 65.862 0
060220 15.625 10.0 65.8 0
060251 15.625 10.0 65.8 0
060321 15.625 10.0 65.8 0
060352 15.625 10.0 65.737 0
060423 15.625 10.0 65.737 0
060453 15.562 10.0 65.737 0
060524 15.562 10.0 65.675 0
060554 15.562 10.0 65.675 0
060624 15.562 10.0 65.675 0
060654 15.562 10.0 65.612 0
060724 15.562 10.0 65.612 0
060755 15.562 10.0 65.612 0
060825 15.562 10.0 65.55 0
060855 15.562 10.0 65.55 0
060926 15.562 10.0 65.55 0
060956 15.562 10.0 65.487 0
061027 15.562 10.0 65.487 0
061058 15.562 10.0 65.487 0
061128 15.562 10.0 65.425 0
061158 15.562 10.0 65.425 0
061228 15.562 10.0 65.425 0
061259 15.562 10.0 65.362 0
061330 15.562 10.0 65.362 0
061400 15.562 10.0 65.3 0
061430 15.562 10.0 65.3 0
061500 15.562 10.0 65.3 0
061531 15.562 10.0 65.237 0
061601 15.562 10.0 65.237 0
061632 15.562 10.0 65.237 0
061702 15.562 10.0 65.175 0
061733 15.562 10.0 65.175 0
061803 15.562 10.0 65.112 0
061833 15.562 10.0 65.05 0
061904 15.562 10.0 65.05 0
061934 15.562 10.0 65.05 0
062005 15.562 10.0 64.987 0
062035 15.562 10.0 64.987 0
062105 15.562 10.0 64.925 0
062135 15.562 10.0 64.925 0
062206 15.562 10.0 64.862 0
062237 15.562 10.0 64.862 0
062307 15.562 10.0 64.862 0
062338 15.562 10.0 64.8 0
062408 15.562 10.0 64.862 0
062438 15.562 10.0 64.862 0
062509 15.5 10.0 64.925 0
062540 15.5 10.0 64.925 0
062610 15.5 10.0 64.987 0
062641 15.5 10.0 65.05 0
062712 15.5 10.0 65.05 0
062742 15.5 10.0 65.05 0
062812 15.5 10.0 65.05 0
062842 15.5 10.0 65.05 0
062913 15.5 10.0 64.987 0
062943 15.5 10.0 64.987 0
063014 15.5 10.0 64.987 0
063044 15.5 10.0 64.987 0
063114 15.5 10.0 64.987 0
063144 15.5 10.0 64.987 0
063217 15.5 10.0 64.925 0
063248 15.5 10.0 64.925 0
063319 15.5 10.0 64.925 0
063349 15.5 10.0 64.925 0
063420 15.5 10.0 64.925 0
063450 15.5 10.0 64.862 0
063520 15.5 10.0 64.862 0
063551 15.5 10.0 64.862 0
063621 15.5 10.0 64.8 0
063652 15.5 10.0 64.8 0
063722 15.5 10.0 64.8 0
063752 15.5 10.0 64.8 0
063823 15.5 10.0 64.737 0
063854 15.5 10.0 64.737 0
063924 15.5 10.0 64.737 0
063954 15.5 10.0 64.737 0
064025 15.5 10.0 64.675 0
064055 15.5 10.0 64.675 0
064126 15.5 10.0 64.612 0
064156 15.5 10.0 64.612 0
064226 15.5 10.0 64.612 0
064257 15.5 10.0 64.55 0
064327 15.5 10.0 64.55 0
064357 15.5 10.0 64.55 0
064428 15.5 10.0 64.487 0
064458 15.437 10.0 64.487 0
064528 15.437 10.0 64.487 0
064559 15.437 10.0 64.425 0
064629 15.437 10.0 64.425 0
064700 15.437 10.0 64.425 0
064730 15.437 10.0 64.362 0
064801 15.437 10.0 64.362 0
064831 15.437 10.0 64.362 0
064901 15.437 10.0 64.3 0
064932 15.437 10.0 64.3 0
065002 15.437 10.0 64.3 0
065033 15.437 10.0 64.237 0
065103 15.437 10.0 64.237 0
065133 15.437 10.0 64.237 0
065204 15.437 10.0 64.175 0
065234 15.437 10.0 64.175 0
065305 15.437 10.0 64.175 0
065335 15.437 10.0 64.112 0
065405 15.437 10.0 64.112 0
065436 15.437 10.0 64.112 0
065506 15.437 10.0 64.05 0
065537 15.437 10.0 64.05 0
065607 15.437 10.0 64.05 0
065637 15.437 10.0 63.987 0
065708 15.437 10.0 63.987 0
065738 15.437 10.0 63.987 0
065809 15.437 10.0 63.925 0
065839 15.437 10.0 63.925 0
065910 15.437 10.0 63.925 0
065940 15.437 10.0 63.862 0
070010 15.437 10.0 63.862 0
070040 15.437 10.0 63.8 0
070111 15.437 10.0 63.8 0
070141 15.437 10.0 63.737 0
070211 15.437 10.0 63.737 0
070241 15.437 10.0 63.675 0
070312 15.437 10.0 63.675 0
070342 15.437 10.0 63.612 0
070413 15.437 10.0 63.55 0
070443 15.437 10.0 63.55 0
070513 15.437 10.0 63.55 0
070543 15.437 10.0 63.487 0
070614 15.437 10.0 63.487 0
070644 15.437 10.0 63.425 0
070715 15.437 10.0 63.425 0
070745 15.437 10.0 63.425 0
070815 15.437 10.0 63.362 0
070845 15.437 10.0 63.362 0
070915 15.437 10.0 63.3 0
070946 15.437 10.0 63.3 0
071016 15.375 10.0 63.237 0
071047 15.375 10.0 63.237 0
071117 15.375 10.0 63.237 0
071147 15.375 10.0 63.175 0
071218 15.375 10.0 63.175 0
071248 15.375 10.0 63.112 0
071319 15.375 10.0 63.112 0
071349 15.375 10.0 63.05 0
071419 15.375 10.0 63.05 0
071449 15.375 10.0 62.987 0
071519 15.375 10.0 62.987 0
071549 15.375 10.0 62.987 0
071620 15.375 10.0 62.925 0
071650 15.375 10.0 62.925 0
071720 15.375 10.0 62.862 0
071750 15.437 10.0 62.862 0
071821 15.437 10.0 62.8 0
071852 15.437 10.0 62.8 0
071922 15.437 10.0 62.8 0
071952 15.437 10.0 62.737 0
072022 15.625 10.0 62.737 0
072052 15.625 10.0 62.675 0
072123 15.625 10.0 62.675 0
072154 15.625 10.0 62.675 0
072226 15.812 10.0 62.612 0
072256 15.812 10.0 62.55 0
072326 15.812 10.0 62.55 0
072357 15.812 10.0 62.487 0
072427 15.812 10.0 62.425 0
072457 16.0 10.0 62.425 0
072528 16.0 10.0 62.362 0
072558 16.0 10.0 62.362 0
072628 16.0 10.0 62.362 0
072658 16.0 10.0 62.362 0
072729 16.187 10.0 62.3 0
072759 16.187 10.0 62.362 0
072830 16.187 10.0 62.362 0
072900 16.187 10.0 62.362 0
072930 16.187 10.0 62.362 0
073000 16.375 10.0 62.362 0
073030 16.375 10.0 62.3 0
073101 16.375 10.0 62.3 0
073131 16.375 10.0 62.3 0
073201 16.375 10.0 62.3 0
073232 16.5 10.0 62.3 0
073302 16.5 10.0 62.3 0
073333 16.5 10.0 62.237 0
073403 16.5 10.0 62.237 0
073433 16.5 10.0 62.237 0
073503 16.625 10.0 62.237 0
073533 16.625 10.0 62.175 0
073604 16.625 10.0 62.175 0
073635 16.625 10.0 62.175 0
073705 16.625 10.0 62.112 0
073735 16.687 10.0 62.112 0
073806 16.687 10.0 62.05 0
073837 16.687 10.0 62.05 0
073907 16.687 10.0 62.05 0
073938 16.687 10.0 62.05 0
074008 16.687 10.0 61.987 0
074038 16.687 10.0 61.987 0
074109 16.687 10.0 61.987 0
074139 16.687 10.0 61.925 0
074210 16.687 10.0 61.925 0
074240 16.687 10.0 61.925 0
074311 16.687 10.0 61.862 0
074341 16.687 10.0 61.862 0
074411 16.687 10.0 61.8 0
074442 16.687 10.0 61.8 0
074512 16.687 10.0 61.8 0
074542 16.687 10.0 61.737 0
074613 16.687 10.0 61.675 0
074644 16.687 10.0 61.675 0
074714 16.687 10.0 61.612 0
074744 16.812 10.0 61.612 0
074815 16.812 10.0 61.55 0
074845 16.812 10.0 61.55 0
074915 16.812 10.0 61.487 0
074946 16.812 10.0 61.487 0
075016 16.875 10.0 61.425 0
075046 16.875 10.0 61.425 0
075117 16.875 10.0 61.425 0
075147 16.875 10.0 61.362 0
075217 16.875 10.0 61.362 0
075248 17.0 10.0 61.3 0
075318 17.0 10.0 61.3 0
075348 17.0 10.0 61.3 0
075419 17.0 10.0 61.237 0
075449 17.0 10.0 61.237 0
075520 17.062 10.0 61.175 0
075550 17.062 10.0 61.112 0
075620 17.062 10.0 61.175 0
075651 17.062 10.0 61.112 0
075721 17.062 10.0 61.112 0
075752 17.062 10.0 61.05 0
075822 17.062 10.0 61.05 0
075852 17.062 10.0 61.05 0
075923 17.062 10.0 60.987 0
075953 17.062 10.0 60.987 0
080023 17.062 10.0 60.925 0
080053 17.062 10.0 60.925 0
080123 17.062 10.0 60.925 0
080154 17.062 10.0 60.862 0
080224 17.062 10.0 60.862 0
080255 17.062 10.0 60.8 0
080325 17.062 10.0 60.8 0
080355 17.062 10.0 60.8 0
080425 17.062 10.0 60.737 0
080456 17.062 10.0 60.675 0
080527 16.562 10.0 60.675 0
080557 16.562 10.0 60.612 0
080627 16.562 10.0 60.55 0
080658 16.562 10.0 60.487 0
080728 16.562 10.0 60.425 0
080758 16.375 10.0 60.425 0
080829 16.375 10.0 60.362 0
080859 16.375 10.0 60.362 0
080930 16.375 10.0 60.3 0
081000 16.375 10.0 60.237 0
081030 16.25 10.0 60.237 0
081100 16.25 10.0 60.237 0
081131 16.25 10.0 60.175 0
081202 16.25 10.0 60.175 0
081234 16.125 10.0 60.112 0
081305 16.125 10.0 60.112 0
081335 16.125 10.0 60.05 0
081405 16.125 10.0 60.05 0
081436 16.125 10.0 59.987 0
081506 16.062 10.0 59.987 0
081536 16.062 10.0 59.925 0
081606 16.062 10.0 59.925 0
081637 16.062 10.0 59.925 0
081707 16.062 10.0 59.862 0
081737 16.0 10.0 59.8 0
081807 16.0 10.0 59.8 0
081837 16.0 10.0 59.8 0
081907 16.0 10.0 59.737 0
081938 16.0 10.0 59.737 0
082008 15.937 10.0 59.675 0
082038 15.937 10.0 59.675 0
082108 15.937 10.0 59.612 0
082139 15.937 10.0 59.612 0
082209 15.937 10.0 59.55 0
082240 15.875 10.0 59.55 0
082310 15.875 10.0 59.487 0
082341 15.875 10.0 59.487 0
082411 15.875 10.0 59.487 0
082441 15.875 10.0 59.425 0
082511 15.812 10.0 59.362 0
082541 15.812 10.0 59.362 0
082612 15.812 10.0 59.3 0
082642 15.812 10.0 59.237 0
082712 15.812 10.0 59.175 0
082743 15.812 10.0 59.112 0
082813 15.812 10.0 59.112 0
082844 15.812 10.0 59.05 0
082914 15.812 10.0 59.05 0
082944 15.812 10.0 59.05 0
083015 15.75 10.0 59.05 0
083045 15.75 10.0 59.05 0
083115 15.75 10.0 58.987 0
083146 15.75 10.0 58.987 0
083217 15.75 10.0 58.987 0
083247 15.75 10.0 58.987 0
083318 15.75 10.0 58.925 0
083349 15.75 10.0 58.925 0
083419 15.75 10.0 58.925 0
083449 15.75 10.0 58.925 0
083519 15.687 10.0 58.862 0
083549 15.687 10.0 58.862 0
083619 15.687 10.0 58.862 0
083649 15.687 10.0 58.862 0
083720 15.687 10.0 58.8 0
083751 15.687 10.0 58.8 0
083822 15.687 10.0 58.8 0
083852 15.687 10.0 58.737 0
083922 15.687 10.0 58.737 0
083953 15.687 10.0 58.737 0
084023 15.625 10.0 58.675 0
084054 15.625 10.0 58.675 0
084124 15.625 10.0 58.675 0
084155 15.625 10.0 58.612 0
084225 15.625 10.0 58.612 0
084256 15.625 10.0 58.612 0
084326 15.625 10.0 58.55 0
084357 15.625 10.0 58.487 0
084428 15.625 10.0 58.487 0
084459 15.625 10.0 58.425 0
084529 15.625 10.0 58.425 0
084600 15.625 10.0 58.362 0
084630 15.625 10.0 58.3 0
084700 15.625 10.0 58.3 0
084731 15.625 10.0 58.3 0
084801 15.562 10.0 58.237 0
084831 15.562 10.0 58.175 0
084901 15.562 10.0 58.175 0
084931 15.562 10.0 58.175 0
085002 15.562 10.0 58.05 0
085032 15.562 10.0 58.05 0
085102 15.562 10.0 57.987 0
085133 15.562 10.0 57.987 0
085204 15.562 10.0 57.987 0
085234 15.562 10.0 57.925 0
085304 15.5 10.0 57.925 0
085334 15.5 10.0 57.862 0
085404 15.5 10.0 57.862 0
085435 15.5 10.0 57.8 0
085505 15.5 10.0 57.8 0
085535 15.5 10.0 57.737 0
085605 15.5 10.0 57.737 0
085636 15.5 10.0 57.737 0
085707 15.5 10.0 57.675 0
085737 15.5 10.0 57.675 0
085807 15.5 10.0 57.612 0
085837 15.5 10.0 57.612 0
085908 15.5 10.0 57.612 0
085938 15.5 10.0 57.612 0
090011 15.437 10.0 57.55 0
090041 15.437 10.0 57.55 0
090111 15.437 10.0 57.487 0
090142 15.437 10.0 57.425 0
090212 15.437 10.0 57.425 0
090242 15.437 10.0 57.425 0
090313 15.437 10.0 57.425 0
090344 15.437 10.0 57.362 0
090414 15.437 10.0 57.3 0
090444 15.437 10.0 57.3 0
090515 15.437 10.0 57.237 0
090545 15.437 10.0 57.175 0
090616 15.437 10.0 57.112 0
090647 15.437 10.0 57.05 0
090718 15.437 10.0 56.987 0
090748 15.437 10.0 56.925 0
090818 15.437 10.0 56.925 0
090849 15.437 10.0 56.862 0
090919 15.437 10.0 56.862 0
090949 15.437 10.0 56.8 0
091019 15.375 10.0 56.737 0
091049 15.375 10.0 56.737 0
091119 15.375 10.0 56.737 0
091150 15.375 10.0 56.675 0
091221 15.375 10.0 56.675 0
091252 15.375 10.0 56.612 0
091322 15.375 10.0 56.612 0
091353 15.375 10.0 56.675 0
091423 15.375 10.0 56.737 0
091454 15.375 10.0 56.925 0
091524 15.375 10.0 57.3 0
091554 15.375 10.0 57.925 0
091625 15.375 10.0 58.8 0
091655 15.375 10.0 59.737 0
091726 15.375 10.0 60.675 0
091756 15.312 10.0 61.737 0
091826 15.312 10.0 62.8 0
091857 15.312 10.0 63.737 0
091927 15.312 10.0 64.362 0
091957 15.312 10.0 64.862 0
092028 15.312 10.0 65.237 0
092058 15.312 10.0 65.55 0
092128 15.312 10.0 65.8 0
092158 15.312 10.0 65.987 0
092228 15.312 10.0 66.112 0
092259 15.312 10.0 66.3 0
092329 15.312 10.0 66.362 0
092400 15.312 10.0 66.487 0
092430 15.312 10.0 66.55 0
092500 15.312 10.0 66.612 0
092530 15.312 10.0 66.675 0
092600 15.312 10.0 66.737 0
092631 15.312 10.0 66.8 0
092701 15.312 10.0 66.862 0
092732 15.312 10.0 66.862 0
092802 15.312 10.0 66.925 0
092833 15.312 10.0 66.925 0
092903 15.312 10.0 66.925 0
092933 15.312 10.0 66.925 0
093004 15.312 10.0 66.925 0
093034 15.25 10.0 66.987 0
093105 15.25 10.0 66.987 0
093136 15.25 10.0 66.987 0
093207 15.25 10.0 66.987 0
093237 15.25 10.0 67.05 0
093308 15.25 10.0 67.05 0
093338 15.25 10.0 67.05 0
093408 15.25 10.0 67.05 0
093439 15.25 10.0 67.05 0
093510 15.25 10.0 67.05 0
093540 15.25 10.0 67.05 0
093611 15.25 10.0 67.112 0
093642 15.25 10.0 67.112 0
093712 15.25 10.0 67.112 0
093743 15.25 10.0 67.112 0
093813 15.25 10.0 67.112 0
093844 15.25 10.0 67.112 0
093914 15.25 10.0 67.112 0
093944 15.25 10.0 67.112 0
094015 15.25 10.0 67.112 0
094045 15.25 10.0 67.112 0
094115 15.25 10.0 67.112 0
094145 15.25 10.0 67.175 0
094215 15.25 10.0 67.175 0
094248 15.187 10.0 67.112 0
094319 15.187 10.0 67.175 0
094349 15.187 10.0 67.175 0
094419 15.187 10.0 67.112 0
094450 15.187 10.0 67.175 0
094521 15.187 10.0 67.112 0
094551 15.187 10.0 67.112 0
094622 15.187 10.0 67.175 0
094653 15.187 10.0 67.175 0
094724 15.187 10.0 67.175 0
094754 15.187 10.0 67.175 0
094825 15.187 10.0 67.175 0
094855 15.187 10.0 67.175 0
094926 15.187 10.0 67.112 0
094956 15.187 10.0 67.112 0
095027 15.187 10.0 67.112 0
095057 15.187 10.0 67.112 0
095127 15.187 10.0 67.112 0
095158 15.187 10.0 67.112 0
095228 15.187 10.0 67.112 0
095258 15.187 10.0 67.112 0
095329 15.187 10.0 67.112 0
095359 15.187 10.0 67.05 0
095429 15.187 10.0 67.05 0
095500 15.187 10.0 67.05 0
095531 15.125 10.0 67.05 0
095601 15.125 10.0 67.05 0
095632 15.125 10.0 67.05 0
095703 15.125 10.0 66.987 0
095733 15.125 10.0 66.987 0
095803 15.187 10.0 66.987 0
095833 15.187 10.0 66.987 0
095904 15.187 10.0 66.987 0
095935 15.187 10.0 66.925 0
100005 15.187 10.0 66.925 0
100036 15.125 10.0 66.925 0
100106 15.125 10.0 66.925 0
100136 15.125 10.0 66.862 0
100206 15.125 10.0 66.862 0
100236 15.125 10.0 66.8 0
100306 15.125 10.0 66.8 0
100336 15.125 10.0 66.8 0
100407 15.125 10.0 66.8 0
100437 15.125 10.0 66.737 0
100508 15.125 10.0 66.8 0
100538 15.125 10.0 66.8 0
100609 15.125 10.0 66.737 0
100640 15.125 10.0 66.737 0
100710 15.125 10.0 66.737 0
100741 15.125 10.0 66.675 0
100811 15.125 10.0 66.675 0
100842 15.125 10.0 66.675 0
100912 15.125 10.0 66.675 0
100943 15.125 10.0 66.675 0
101013 15.125 10.0 66.612 0
101044 15.125 10.0 66.612 0
101114 15.125 10.0 66.612 0
101145 15.125 10.0 66.55 0
101215 15.125 10.0 66.55 0
101245 15.125 10.0 66.55 0
101316 15.125 10.0 66.487 0
101346 15.125 10.0 66.487 0
101417 15.125 10.0 66.487 0
101447 15.125 10.0 66.487 0
101517 15.125 10.0 66.487 0
101547 15.125 10.0 66.425 0
101617 15.125 10.0 66.425 0
101648 15.125 10.0 66.362 0
101718 15.125 10.0 66.362 0
101749 15.125 10.0 66.3 0
101819 15.125 10.0 66.3 0
101849 15.125 10.0 66.3 0
101919 15.125 10.0 66.3 0
101949 15.125 10.0 66.3 0
102019 15.125 10.0 66.3 0
102050 15.187 10.0 66.3 0
102120 15.187 10.0 66.362 0
102151 15.187 10.0 66.425 0
102221 15.187 10.0 66.425 0
102251 15.187 10.0 66.425 0
102322 15.187 10.0 66.425 0
102352 15.187 10.0 66.425 0
102423 15.187 10.0 66.487 0
102454 15.187 10.0 66.425 0
102525 15.25 10.0 66.425 0
102556 15.25 10.0 66.487 0
102627 15.25 10.0 66.425 0
102658 15.25 10.0 66.425 0
102728 15.25 10.0 66.425 0
102758 15.5 10.0 66.425 0
102829 15.5 10.0 66.425 0
102859 15.5 10.0 66.362 0
102930 15.5 10.0 66.362 0
103001 15.5 10.0 66.362 0
103031 15.75 10.0 66.3 0
103101 15.75 10.0 66.3 0
103132 15.75 10.0 66.3 0
103202 15.75 10.0 66.3 0
103232 15.75 10.0 66.3 0
103303 16.0 10.0 66.3 0
103333 16.0 10.0 66.237 0
103403 16.0 10.0 66.237 0
103433 16.0 10.0 66.112 0
103504 16.0 10.0 66.175 0
103535 16.125 10.0 66.175 0
103606 16.125 10.0 66.175 0
103636 16.125 10.0 66.175 0
103707 16.125 10.0 66.175 0
103737 16.125 10.0 66.175 0
103807 16.312 10.0 66.112 0
103838 16.312 10.0 66.112 0
103908 16.312 10.0 66.112 0
103938 16.312 10.0 66.112 0
104008 16.312 10.0 66.05 0
104039 16.437 10.0 66.05 0
104109 16.437 10.0 66.05 0
104140 16.437 10.0 65.987 0
104211 16.437 10.0 65.987 0
104241 16.437 10.0 65.987 0
104311 16.437 10.0 65.925 0
104342 16.437 10.0 65.925 0
104412 16.437 10.0 65.925 0
104443 16.437 10.0 65.862 0
104513 16.437 10.0 65.862 0
104543 16.5 10.0 65.862 0
104614 16.5 10.0 65.862 0
104644 16.5 10.0 65.8 0
104714 16.5 10.0 65.8 0
104745 16.5 10.0 65.8 0
104815 16.562 10.0 65.737 0
104846 16.562 10.0 65.675 0
104916 16.562 10.0 65.612 0
104946 16.562 10.0 65.675 0
105017 16.562 10.0 65.675 0
105047 16.562 10.0 65.675 0
105117 16.562 10.0 65.612 0
105148 16.562 10.0 65.612 0
105218 16.562 10.0 65.612 0
105248 16.562 10.0 65.612 0
105319 16.625 10.0 65.55 0
105350 16.625 10.0 65.55 0
105420 16.625 10.0 65.487 0
105451 16.625 10.0 65.487 0
105521 16.625 10.0 65.425 0
105551 16.625 10.0 65.425 0
105621 16.625 10.0 65.425 0
105652 16.625 10.0 65.362 0
105722 16.625 10.0 65.362 0
105752 16.625 10.0 65.3 0
105823 16.562 10.0 65.3 0
105853 16.562 10.0 65.237 0
105924 16.562 10.0 65.237 0
105954 16.562 10.0 65.237 0
110024 16.562 10.0 65.175 0
110055 16.312 10.0 65.175 0
110125 16.312 10.0 65.175 0
110155 16.312 10.0 65.112 0
110225 16.312 10.0 65.112 0
110256 16.312 10.0 65.05 0
110326 16.187 10.0 65.05 0
110357 16.187 10.0 65.05 0
110427 16.187 10.0 64.987 0
110457 16.187 10.0 64.987 0
110527 16.187 10.0 64.925 0
110558 16.062 10.0 64.925 0
110628 16.062 10.0 64.925 0
110658 16.062 10.0 64.862 0
110729 16.062 10.0 64.862 0
110759 16.062 10.0 64.862 0
110829 16.0 10.0 64.862 0
110900 16.0 10.0 64.8 0
110930 16.0 10.0 64.8 0
111001 16.0 10.0 64.737 0
111033 16.0 10.0 64.737 0
111104 16.0 10.0 64.675 0
111134 16.0 10.0 64.675 0
111204 16.0 10.0 64.612 0
111235 16.0 10.0 64.612 0
111305 15.937 10.0 64.55 0
111335 15.937 10.0 64.55 0
111406 15.937 20.0 64.55 0
111436 15.937 20.0 64.487 50
111507 15.937 20.0 64.425 50
111537 15.937 20.0 64.3 50
111608 15.937 20.0 64.112 50
111639 15.937 20.0 63.925 50
111709 15.937 20.0 63.737 50
111740 15.937 20.0 63.487 50
111810 15.875 20.0 63.237 50
111840 15.875 20.0 62.925 50
111910 15.875 20.0 62.55 50
111941 15.875 20.0 62.175 50
112011 15.875 20.0 61.675 50
112042 15.937 20.0 61.112 50
112112 15.937 20.0 60.425 50
112142 15.937 20.0 59.55 0
112213 15.937 20.0 58.862 0
112243 15.937 20.0 58.425 0
112313 15.937 20.0 58.112 0
112344 15.937 20.0 57.862 0
112414 15.937 20.0 57.737 0
112445 15.937 20.0 57.612 0
112515 15.937 20.0 57.55 0
112545 16.125 20.0 57.425 0
112616 16.125 20.0 57.362 0
112647 16.125 20.0 57.362 0
112717 16.125 20.0 57.362 0
112747 16.125 20.0 57.362 0
112818 16.25 20.0 57.487 0
112849 16.25 20.0 57.612 0
112919 16.25 20.0 57.8 0
112950 16.25 20.0 57.987 0
113020 16.25 20.0 58.237 0
113050 16.312 20.0 58.612 0
113120 16.312 20.0 58.987 0
113150 16.312 20.0 59.425 0
113220 16.312 20.0 59.862 0
113251 16.312 20.0 60.3 50
113322 16.375 20.0 60.737 50
113352 16.375 20.0 61.05 50
113422 16.375 20.0 61.3 50
113452 16.375 20.0 61.3 50
113522 16.375 20.0 61.05 50
113553 16.375 20.0 60.612 50
113623 16.375 20.0 60.05 50
113654 16.375 20.0 59.425 0
113724 16.375 20.0 58.925 0
113754 16.375 20.0 58.487 0
113824 16.437 20.0 58.175 0
113854 16.437 20.0 57.925 0
113924 16.437 20.0 57.8 0
113955 16.437 20.0 57.737 0
114025 16.437 20.0 57.675 0
114056 16.5 20.0 57.737 0
114126 16.5 20.0 57.8 0
114156 16.5 20.0 57.862 0
114227 16.5 20.0 57.862 0
114257 16.5 20.0 57.987 0
114327 16.562 20.0 58.05 0
114357 16.562 20.0 58.112 0
114427 16.562 20.0 58.237 0
114457 16.562 20.0 58.3 0
114528 16.562 20.0 58.425 0
114558 16.625 20.0 58.487 0
114629 16.625 20.0 58.612 0
114659 16.625 20.0 58.675 0
114729 16.625 20.0 58.737 0
114800 16.625 20.0 58.8 0
114830 16.687 20.0 58.862 0
114900 16.687 20.0 58.925 0
114931 16.687 20.0 58.987 0
115001 16.687 20.0 58.987 0
115031 16.687 20.0 59.05 0
115101 16.75 20.0 59.112 0
115132 16.75 20.0 59.175 0
115202 16.75 20.0 59.237 0
115232 16.75 20.0 59.3 0
115303 16.75 20.0 59.3 0
115333 16.75 20.0 59.362 0
115403 16.75 20.0 59.425 0
115434 16.75 20.0 59.425 0
115504 16.75 20.0 59.487 0
115535 16.75 20.0 59.55 0
115605 16.875 20.0 59.55 0
115635 16.875 20.0 59.612 0
115706 16.875 20.0 59.612 0
115736 16.875 20.0 59.675 0
115806 16.875 20.0 59.675 0
115837 17.0 20.0 59.737 0
115907 17.0 20.0 59.8 0
115937 17.0 20.0 59.862 0
120008 17.0 20.0 59.925 0
120040 17.062 20.0 59.987 0
120111 17.062 20.0 60.05 50
120141 17.062 20.0 60.05 50
120211 17.062 20.0 60.112 50
120241 17.062 20.0 60.112 50
120311 17.187 20.0 60.112 50
120341 17.187 20.0 60.175 50
120412 17.187 20.0 60.237 50
120442 17.187 20.0 60.237 50
120513 17.187 20.0 60.237 50
120543 17.125 20.0 60.3 50
120614 17.125 20.0 60.3 50
120644 17.125 20.0 60.3 50
120715 17.125 20.0 60.237 50
120745 17.125 20.0 60.237 50
120815 17.125 20.0 60.175 50
120845 17.125 20.0 60.112 50
120915 17.125 20.0 60.05 50
120946 17.125 20.0 59.987 0
121016 17.125 20.0 59.862 0
121046 17.25 20.0 59.8 0
121117 17.25 20.0 59.737 0
121148 17.25 20.0 59.675 0
121218 17.25 20.0 59.675 0
121249 17.25 20.0 59.612 0
121319 17.375 20.0 59.55 0
121350 17.375 20.0 59.487 0
121420 17.375 20.0 59.487 50
121450 17.375 20.0 59.425 50
121520 17.375 20.0 59.175 50
121550 17.5 20.0 58.55 50
121621 17.5 20.0 57.112 50
121651 17.5 20.0 54.987 50
121721 17.5 20.0 52.675 0
121751 17.5 20.0 50.987 0
121822 17.625 20.0 49.925 0
121852 17.625 20.0 49.237 0
121923 17.625 20.0 48.862 0
121953 17.625 20.0 48.675 0
122023 17.625 20.0 48.675 0
122053 17.687 20.0 48.925 0
122124 17.687 20.0 49.487 0
122154 17.687 20.0 50.112 0
122224 17.687 20.0 51.112 0
122254 17.687 20.0 52.237 0
122325 17.75 20.0 53.425 0
122355 17.75 20.0 54.737 50
122425 17.75 20.0 55.987 50
122456 17.75 20.0 57.362 50
122526 17.75 20.0 58.737 50
122556 17.687 20.0 59.987 50
122627 17.687 20.0 61.175 50
122657 17.687 20.0 62.3 50
122728 17.687 20.0 63.237 50
122758 17.687 20.0 63.925 50
122828 17.812 20.0 64.487 50
122859 17.812 20.0 64.925 50
122929 17.812 20.0 65.3 50
122959 17.812 20.0 65.487 50
123030 17.812 20.0 65.737 50
123100 17.75 20.0 65.862 50
123130 17.75 20.0 65.987 50
123200 17.75 20.0 66.05 50
123230 17.75 20.0 66.112 50
123301 17.75 20.0 66.112 50
123331 17.687 20.0 66.112 50
123401 17.687 20.0 66.05 50
123431 17.687 20.0 65.925 50
123502 17.687 20.0 65.8 50
123532 17.687 20.0 65.425 50
123602 17.687 20.0 64.675 50
123632 17.687 20.0 63.675 50
123703 17.687 20.0 62.487 50
123733 17.687 20.0 61.237 50
123804 17.687 20.0 59.8 50
123834 17.75 20.0 58.425 50
123904 17.75 20.0 57.175 50
123935 17.75 20.0 56.05 50
124006 17.75 20.0 55.05 50
124036 17.75 20.0 54.3 50
124106 17.812 20.0 53.737 0
124136 17.812 20.0 53.55 0
124206 17.812 20.0 53.675 0
124237 17.812 20.0 54.112 50
124307 17.812 20.0 54.737 50
124337 17.937 20.0 55.55 50
124408 17.937 20.0 56.55 50
124438 17.937 20.0 57.737 50
124509 17.937 20.0 58.925 50
124539 17.937 20.0 60.112 50
124609 17.937 20.0 61.175 50
124640 17.937 20.0 62.3 50
124710 17.937 20.0 63.362 50
124740 17.937 20.0 64.175 50
124810 17.937 20.0 64.8 50
124840 17.937 20.0 65.237 50
124911 17.937 20.0 65.612 50
124941 17.937 20.0 65.925 50
125011 17.937 20.0 66.112 50
125041 17.937 20.0 66.3 50
125111 17.875 20.0 66.425 50
125141 17.875 20.0 66.55 50
125212 17.875 20.0 66.675 50
125243 17.875 20.0 66.737 50
125315 17.875 20.0 66.8 50
125345 17.875 20.0 66.862 50
125416 17.875 20.0 66.8 50
125446 17.875 20.0 66.8 50
125516 17.875 20.0 66.737 50
125547 17.875 20.0 66.675 50
125617 17.875 20.0 66.487 50
125647 17.875 20.0 66.3 50
125718 17.875 20.0 65.925 50
125748 17.875 20.0 65.425 50
125818 17.937 20.0 64.8 50
125848 17.937 20.0 64.05 50
125919 17.937 20.0 63.237 50
125949 17.937 20.0 62.425 50
130020 17.937 20.0 61.487 50
130050 18.062 20.0 60.55 50
130121 18.062 20.0 59.612 50
130151 18.062 20.0 58.862 50
130221 18.062 20.0 58.362 50
130251 18.062 20.0 57.987 50
130322 18.125 20.0 57.675 50
130352 18.125 20.0 57.425 50
130423 18.125 20.0 57.237 50
130453 18.125 20.0 57.112 50
130523 18.125 20.0 57.05 50
130553 18.187 20.0 56.925 50
130623 18.187 20.0 56.8 50
130653 18.187 20.0 56.737 50
130723 18.187 20.0 56.675 50
130754 18.187 20.0 56.675 50
130824 18.25 20.0 56.675 50
130855 18.25 20.0 56.8 50
130925 18.25 20.0 56.987 50
130955 18.25 20.0 57.3 50
131026 18.25 20.0 57.862 50
131056 18.187 20.0 58.612 50
131126 18.187 20.0 59.55 50
131156 18.187 20.0 60.55 50
131227 18.187 20.0 61.612 50
131257 18.187 20.0 62.55 50
131327 18.125 20.0 63.362 50
131358 18.125 20.0 64.05 50
131428 18.125 20.0 64.55 50
131459 18.125 20.0 64.987 50
131529 18.125 20.0 65.362 50
131559 18.125 20.0 65.675 50
131630 18.125 20.0 65.925 50
131700 18.125 20.0 66.175 50
131730 18.125 20.0 66.362 50
131800 18.125 20.0 66.55 50
131831 18.125 20.0 66.737 50
131901 18.125 20.0 66.862 50
131932 18.125 20.0 66.987 50
132002 18.125 20.0 67.05 50
132032 18.125 20.0 67.112 50
132103 18.125 20.0 67.175 50
132133 18.125 20.0 67.175 50
132203 18.125 20.0 67.05 50
132233 18.125 20.0 66.925 50
132303 18.125 20.0 66.737 50
132334 18.187 20.0 66.55 50
132404 18.187 20.0 66.237 50
132434 18.187 20.0 65.925 50
132504 18.187 20.0 65.425 50
132534 18.187 20.0 64.987 50
132605 18.312 20.0 64.487 50
132636 18.312 20.0 63.987 50
132706 18.312 20.0 63.487 50
132736 18.312 20.0 62.987 50
132806 18.312 20.0 62.55 50
132836 18.375 20.0 62.175 50
132906 18.375 20.0 61.8 50
132937 18.375 20.0 61.487 50
133007 18.375 20.0 61.237 50
133038 18.375 20.0 60.987 50
133108 18.437 20.0 60.8 50
133138 18.437 20.0 60.487 50
133209 18.437 20.0 60.487 50
133240 18.437 20.0 60.425 50
133310 18.437 20.0 60.3 50
133340 18.437 20.0 60.237 50
133410 18.437 20.0 60.112 50
133441 18.437 20.0 60.112 50
133511 18.437 20.0 60.05 50
133541 18.437 20.0 59.925 50
133612 18.437 20.0 59.925 50
133642 18.437 20.0 59.862 50
133713 18.437 20.0 59.8 50
133743 18.437 20.0 59.737 50
133814 18.437 20.0 59.675 50
133844 18.437 20.0 59.612 50
133914 18.437 20.0 59.55 50
133944 18.437 20.0 59.425 50
134014 18.437 20.0 59.362 50
134044 18.437 20.0 59.3 50
134115 18.437 20.0 59.237 50
134145 18.437 20.0 59.112 50
134215 18.437 20.0 59.05 50
134246 18.437 20.0 58.925 50
134316 18.437 20.0 58.8 50
134346 18.375 20.0 58.675 50
134416 18.375 20.0 58.55 50
134446 18.375 20.0 58.425 50
134516 18.375 20.0 58.237 50
134547 18.375 20.0 58.112 50
134618 18.437 20.0 57.925 50
134648 18.437 20.0 57.737 50
134719 18.437 20.0 57.487 50
134749 18.437 20.0 57.175 50
134819 18.437 20.0 56.925 50
134849 18.5 20.0 56.737 50
134919 18.5 20.0 56.487 50
134950 18.5 20.0 56.3 50
135021 18.5 20.0 56.175 50
135051 18.5 20.0 56.05 50
135121 18.5 20.0 55.925 50
135152 18.5 20.0 55.925 50
135223 18.5 20.0 55.925 50
135254 18.5 20.0 56.112 50
135326 18.5 20.0 56.362 50
135357 18.5 20.0 56.8 50
135428 18.5 20.0 57.487 50
135458 18.5 20.0 58.362 50
135528 18.5 20.0 59.3 50
135559 18.5 20.0 60.3 50
135629 18.5 20.0 61.362 50
135700 18.5 20.0 62.3 50
135730 18.5 20.0 63.05 50
135800 18.5 20.0 63.737 50
135830 18.5 20.0 64.237 50
135901 18.5 20.0 64.612 50
135932 18.5 20.0 64.862 50
140002 18.5 20.0 65.112 50
140032 18.5 20.0 65.237 50
140103 18.437 20.0 65.362 50
140134 18.437 20.0 65.487 50
140204 18.437 20.0 65.612 50
140235 18.437 20.0 65.675 50
140305 18.437 20.0 65.737 50
140335 18.437 20.0 65.8 50
140406 18.437 20.0 65.8 50
140436 18.437 20.0 65.8 50
140506 18.437 20.0 65.8 50
140536 18.437 20.0 65.737 50
140606 18.5 20.0 65.612 50
140636 18.5 20.0 65.362 50
140707 18.5 20.0 64.925 50
140738 18.5 20.0 64.362 50
140808 18.5 20.0 63.8 50
140838 18.5 20.0 63.112 50
140909 18.5 20.0 62.362 50
140939 18.5 20.0 61.8 50
141009 18.5 20.0 61.237 50
141039 18.5 20.0 60.675 50
141110 18.562 20.0 60.175 50
141140 18.562 20.0 59.737 50
141210 18.562 20.0 59.3 50
141240 18.562 20.0 58.987 50
141311 18.562 20.0 58.612 50
141341 18.625 20.0 58.362 50
141412 18.625 20.0 58.05 50
141443 18.625 20.0 57.862 50
141513 18.625 20.0 57.612 50
141543 18.625 20.0 57.487 50
141614 18.562 20.0 57.3 50
141644 18.562 20.0 57.175 50
141715 18.562 20.0 57.05 50
141745 18.562 20.0 56.987 50
141816 18.562 20.0 56.925 50
141846 18.562 20.0 56.862 50
141917 18.562 20.0 56.862 50
141947 18.562 20.0 56.8 50
142018 18.562 20.0 56.8 50
142048 18.562 20.0 56.8 50
142119 18.5 20.0 56.925 50
142149 18.5 20.0 57.05 50
142219 18.5 20.0 57.3 50
142249 18.5 20.0 57.55 50
142319 18.5 20.0 57.925 50
142350 18.5 20.0 58.425 50
142420 18.5 20.0 59.05 50
142450 18.5 20.0 59.8 50
142520 18.5 20.0 60.612 50
142551 18.5 20.0 61.55 50
142621 18.625 20.0 62.3 50
142651 18.625 20.0 62.8 50
142722 18.625 20.0 63.3 50
142752 18.625 20.0 63.612 50
142822 18.625 20.0 63.8 50
142853 18.937 20.0 63.925 50
142923 18.937 20.0 64.05 50
142954 18.937 20.0 64.175 50
143024 18.937 20.0 64.237 50
143054 18.937 20.0 64.3 50
143125 19.187 20.0 64.362 50
143155 19.187 20.0 64.362 50
143225 19.187 20.0 64.362 50
143255 19.187 20.0 64.362 50
143325 19.187 20.0 64.3 50
143356 19.312 20.0 64.3 50
143426 19.312 20.0 64.175 50
143457 19.312 20.0 64.05 50
143527 19.312 20.0 63.925 50
143557 19.312 20.0 63.612 50
143627 19.5 20.0 63.175 50
143658 19.5 20.0 62.612 50
143728 19.5 20.0 61.925 50
143758 19.5 20.0 61.175 50
143829 19.5 20.0 60.425 50
143859 19.562 20.0 59.612 50
143930 19.562 20.0 58.925 50
144000 19.562 20.0 58.237 50
144030 19.562 20.0 57.675 50
144100 19.562 20.0 57.175 50
144130 19.687 20.0 56.8 50
144201 19.687 20.0 56.487 50
144231 19.687 20.0 56.237 50
144302 19.687 20.0 56.05 50
144332 19.687 20.0 55.925 50
144402 19.75 20.0 55.925 50
144433 19.75 20.0 56.112 50
144503 19.75 20.0 56.362 50
144534 19.75 20.0 56.862 50
144606 19.812 20.0 57.612 50
144637 19.812 20.0 58.612 50
144707 19.812 20.0 59.612 50
144738 19.812 20.0 60.612 50
144808 19.812 20.0 61.612 50
144839 19.75 20.0 62.487 50
144909 19.75 20.0 63.112 50
144939 19.75 20.0 63.612 50
145009 19.75 20.0 63.987 50
145039 19.75 20.0 64.237 50
145109 19.875 20.0 64.487 50
145140 19.875 20.0 64.612 50
145210 19.875 20.0 64.8 50
145241 19.875 20.0 64.862 50
145311 19.875 20.0 64.987 50
145341 19.875 20.0 65.05 50
145411 19.875 20.0 65.175 50
145441 19.875 20.0 65.237 50
145512 19.875 20.0 65.237 50
145542 19.875 20.0 65.3 50
145612 20.0 20.0 65.237 50
145642 20.0 20.0 65.175 50
145713 20.0 20.0 65.112 50
145743 20.0 20.0 64.987 50
145813 20.0 20.0 64.737 50
145844 20.062 20.0 64.425 0
145915 20.062 20.0 64.05 0
145945 20.062 20.0 63.8 0
150015 20.062 20.0 63.612 0
150046 20.062 20.0 63.487 0
150116 20.125 20.0 63.425 0
150147 20.125 20.0 63.362 0
150217 20.125 20.0 63.3 0
150248 20.125 20.0 63.237 0
150318 20.125 20.0 63.175 0
150348 20.062 20.0 63.175 0
150418 20.062 20.0 63.112 0
150448 20.062 20.0 63.05 0
150519 20.062 20.0 62.987 0
150549 20.062 20.0 62.987 0
150619 20.0 20.0 62.987 0
150649 20.0 20.0 62.925 0
150719 20.0 20.0 62.925 0
150749 20.0 20.0 62.862 0
150820 20.0 20.0 62.862 0
150850 19.875 20.0 62.8 50
150921 19.875 20.0 62.8 50
150952 19.875 20.0 62.675 50
151022 19.875 20.0 62.487 50
151052 19.875 20.0 62.112 50
151122 19.875 20.0 61.675 50
151153 19.875 20.0 61.3 50
151223 19.875 20.0 61.05 50
151253 19.875 20.0 60.8 50
151324 19.875 20.0 60.675 50
151354 19.875 20.0 60.55 50
151424 19.875 20.0 60.487 50
151455 19.875 20.0 60.425 50
151525 19.875 20.0 60.425 50
151555 19.875 20.0 60.362 50
151625 20.0 20.0 60.362 50
151656 20.0 20.0 60.3 50
151726 20.0 20.0 60.3 50
151756 20.0 20.0 60.237 50
151826 20.0 20.0 60.175 50
151857 20.25 20.0 60.112 0
151927 20.25 20.0 60.05 0
151957 20.25 20.0 59.925 0
152028 20.25 20.0 59.737 0
152058 20.25 20.0 59.612 0
152128 20.25 20.0 59.487 0
152158 20.25 20.0 59.425 0
152228 20.25 20.0 59.362 0
152259 20.25 20.0 59.3 0
152329 20.25 20.0 59.237 0
152400 20.312 20.0 59.237 0
152431 20.312 20.0 59.175 0
152501 20.312 20.0 59.175 0
152531 20.312 20.0 59.112 0
152602 20.312 20.0 59.05 0
152632 20.25 20.0 59.05 0
152703 20.25 20.0 58.987 0
152733 20.25 20.0 58.925 0
152803 20.25 20.0 58.925 0
152834 20.25 20.0 58.8 0
152904 20.25 20.0 58.862 0
152934 20.25 20.0 58.8 0
153005 20.25 20.0 58.737 0
153035 20.25 20.0 58.737 0
153105 20.25 20.0 58.675 0
153136 20.25 20.0 58.675 0
153206 20.25 20.0 58.612 0
153236 20.25 20.0 58.612 0
153307 20.25 20.0 58.425 0
153338 20.25 20.0 58.487 0
153408 20.187 20.0 58.425 0
153438 20.187 20.0 58.487 0
153509 20.187 20.0 58.425 0
153539 20.187 20.0 58.425 0
153609 20.187 20.0 58.362 0
153640 20.062 20.0 58.3 0
153710 20.062 20.0 58.3 0
153741 20.062 20.0 58.237 0
153812 20.062 20.0 58.237 0
153844 20.0 20.0 58.175 0
153915 20.0 20.0 58.112 0
153945 20.0 20.0 58.05 0
154015 20.0 20.0 57.987 0
154046 20.0 20.0 57.8 0
154116 19.937 20.0 57.675 0
154146 19.937 20.0 57.55 0
154217 19.937 20.0 57.487 0
154247 19.937 20.0 57.362 0
154317 19.937 20.0 57.3 0
154347 19.937 20.0 57.3 0
154418 19.937 20.0 57.237 0
154448 19.937 20.0 57.237 0
154519 19.937 20.0 57.3 0
154549 19.937 20.0 57.3 0
154619 19.875 20.0 57.362 0
154649 19.875 20.0 57.362 0
154720 19.875 20.0 57.425 0
154751 19.875 20.0 57.425 0
154821 19.875 20.0 57.487 0
154852 19.812 20.0 57.487 0
154923 19.812 20.0 57.55 0
154953 19.812 20.0 57.737 0
155023 19.812 20.0 57.987 0
155054 19.812 20.0 58.237 0
155125 19.812 20.0 58.55 0
155155 19.812 20.0 58.925 0
155226 19.812 20.0 59.175 0
155256 19.812 20.0 59.362 0
155326 19.812 20.0 59.55 0
155356 19.812 20.0 59.675 0
155426 19.812 20.0 59.8 0
155456 19.812 20.0 59.925 0
155527 19.812 20.0 60.05 50
155557 19.812 20.0 60.175 50
155627 19.75 20.0 60.237 50
155657 19.75 20.0 60.3 50
155727 19.75 20.0 60.362 50
155757 19.75 20.0 60.425 50
155827 19.75 20.0 60.487 50
155858 19.75 20.0 60.487 50
155928 19.75 20.0 60.55 50
155958 19.75 20.0 60.55 50
160028 19.75 20.0 60.55 50
160058 19.75 20.0 60.55 50
160129 19.875 20.0 60.55 50
160159 19.875 20.0 60.55 50
160229 19.875 20.0 60.55 50
160300 19.875 20.0 60.487 50
160330 19.875 20.0 60.487 50
160400 20.0 20.0 60.425 50
160430 20.0 20.0 60.362 50
160500 20.0 20.0 60.175 50
160531 20.0 20.0 59.737 0
160601 20.0 20.0 59.487 0
160631 20.062 20.0 59.3 0
160702 20.062 20.0 59.112 0
160732 20.062 20.0 58.987 0
160803 20.062 20.0 58.862 0
160834 20.062 20.0 58.8 0
160904 20.125 20.0 58.737 0
160935 20.125 20.0 58.675 0
161005 20.125 20.0 58.55 0
161035 20.125 20.0 58.487 0
161105 20.125 20.0 58.425 0
161135 20.125 20.0 58.362 0
161205 20.125 20.0 58.3 0
161236 20.125 20.0 58.175 0
161306 20.125 20.0 58.175 0
161337 20.125 20.0 58.112 0
161407 20.125 20.0 58.05 0
161438 20.125 20.0 57.987 0
161508 20.125 20.0 57.925 0
161539 20.125 20.0 57.862 0
161609 20.125 20.0 57.8 0
161639 20.125 20.0 57.737 0
161709 20.125 20.0 57.675 0
161740 20.125 20.0 57.612 0
161810 20.125 20.0 57.55 0
161841 20.125 20.0 57.487 0
161911 20.25 20.0 57.487 0
161941 20.25 20.0 57.362 0
162011 20.25 20.0 57.112 0
162041 20.25 20.0 56.675 0
162112 20.25 20.0 55.987 0
162142 20.25 20.0 55.487 0
162212 20.25 20.0 55.112 0
162242 20.25 20.0 55.05 0
162312 20.25 20.0 55.175 0
162343 20.25 20.0 55.55 0
162413 20.125 20.0 56.237 0
162443 20.125 20.0 57.237 0
162514 20.125 20.0 58.237 0
162544 20.125 20.0 59.425 0
162615 20.125 20.0 60.612 0
162646 20.062 20.0 61.862 0
162716 20.062 20.0 62.987 0
162746 20.062 20.0 64.05 0
162816 20.062 20.0 64.8 0
162847 20.062 20.0 65.55 0
162917 19.937 20.0 66.05 50
162947 19.937 20.0 66.487 50
163017 19.937 20.0 66.925 50
163048 19.937 20.0 67.175 50
163119 19.937 20.0 67.362 50
163149 19.875 20.0 67.55 50
163220 19.875 20.0 67.612 50
163250 19.875 20.0 67.737 50
163321 19.875 20.0 67.8 50
163354 20.062 20.0 67.862 0
163424 20.062 20.0 67.925 0
163454 20.062 20.0 67.987 0
163524 20.062 20.0 67.987 0
163554 20.062 20.0 68.05 0
163625 20.312 20.0 68.05 0
163655 20.312 20.0 68.112 0
163725 20.312 20.0 68.112 0
163755 20.312 20.0 68.175 0
163826 20.312 20.0 68.175 0
163856 20.312 20.0 68.175 0
163926 20.312 20.0 68.237 0
163957 20.312 20.0 68.237 0
164028 20.312 20.0 68.237 0
164058 20.312 20.0 68.237 0
164128 20.25 20.0 68.3 0
164159 20.25 20.0 68.3 0
164229 20.25 20.0 68.362 0
164300 20.25 20.0 68.362 0
164330 20.25 20.0 68.362 0
164401 20.125 20.0 68.362 0
164431 20.125 20.0 68.362 0
164501 20.125 20.0 68.362 0
164532 20.125 20.0 68.362 0
164602 20.125 20.0 68.425 0
164632 20.125 20.0 68.425 0
164702 20.125 20.0 68.425 0
164732 20.125 20.0 68.425 0
164802 20.125 20.0 68.425 0
164833 20.125 20.0 68.425 0
164903 20.125 20.0 68.425 0
164933 20.125 20.0 68.425 0
165004 20.125 20.0 68.425 0
165034 20.125 20.0 68.425 0
165105 20.125 20.0 68.425 0
165135 20.187 20.0 68.425 0
165205 20.187 20.0 68.425 0
165235 20.187 20.0 68.425 0
165306 20.187 20.0 68.425 0
165336 20.187 20.0 68.487 0
165406 20.187 20.0 68.425 0
165437 20.187 20.0 68.425 0
165507 20.187 20.0 68.425 0
165537 20.187 20.0 68.487 0
165608 20.187 20.0 68.425 0
165638 20.125 20.0 68.487 0
165708 20.125 20.0 68.487 0
165739 20.125 20.0 68.487 0
165809 20.125 20.0 68.487 0
165839 20.125 20.0 68.487 0
165909 20.125 20.0 68.487 0
165939 20.125 20.0 68.487 0
170010 20.125 20.0 68.487 0
170040 20.125 20.0 68.487 0
170110 20.125 20.0 68.487 0
170141 20.125 20.0 68.487 0
170211 20.125 20.0 68.487 0
170242 20.125 20.0 68.487 0
170312 20.125 20.0 68.487 0
170342 20.125 20.0 68.425 0
170413 20.125 20.0 68.425 0
170443 20.125 20.0 68.425 0
170514 20.125 20.0 68.362 0
170544 20.125 20.0 68.362 0
170615 20.125 20.0 68.362 0
170645 20.062 20.0 68.3 0
170715 20.062 20.0 68.3 0
170746 20.062 20.0 68.3 0
170816 20.062 20.0 68.3 0
170846 20.062 20.0 68.3 0
170916 20.0 20.0 68.3 0
170947 20.0 20.0 68.237 0
171017 20.0 20.0 68.237 0
171047 20.0 20.0 68.237 0
171118 20.0 20.0 68.237 0
171148 19.937 20.0 68.175 50
171219 19.937 20.0 68.175 50
171250 19.937 20.0 68.112 50
171320 19.937 20.0 68.05 50
171350 19.937 20.0 67.925 50
171421 19.937 20.0 67.737 50
171451 19.937 20.0 67.425 50
171521 19.937 20.0 66.987 50
171552 19.937 20.0 66.362 50
171622 19.937 20.0 65.737 50
171652 20.062 20.0 65.112 0
171723 20.062 20.0 64.612 0
171753 20.062 20.0 64.3 0
171823 20.062 20.0 64.05 0
171853 20.062 20.0 63.925 0
171923 20.187 20.0 63.8 0
171953 20.187 20.0 63.737 0
172024 20.187 20.0 63.675 0
172054 20.187 20.0 63.612 0
172125 20.187 20.0 63.612 0
172155 20.375 20.0 63.55 0
172225 20.375 20.0 63.487 0
172256 20.375 20.0 63.487 0
172327 20.375 20.0 63.425 0
172357 20.375 20.0 63.425 0
172427 20.437 20.0 63.362 0
172458 20.437 20.0 63.362 0
172529 20.437 20.0 63.3 0
172559 20.437 20.0 63.175 0
172629 20.437 20.0 63.05 0
172659 20.5 20.0 63.05 0
172730 20.5 20.0 62.987 0
172801 20.5 20.0 62.925 0
172831 20.5 20.0 62.925 0
172903 20.437 20.0 62.925 0
172934 20.437 20.0 62.925 0
173004 20.437 20.0 62.987 0
173034 20.437 20.0 63.05 0
173104 20.437 20.0 63.05 0
173135 20.375 20.0 63.112 0
173205 20.375 20.0 63.112 0
173235 20.375 20.0 63.175 0
173305 20.375 20.0 63.175 0
173336 20.375 20.0 63.175 0
173406 20.312 20.0 63.175 0
173436 20.312 20.0 63.237 0
173506 20.312 20.0 63.237 0
173536 20.312 20.0 63.237 0
173607 20.312 20.0 63.237 0
173637 20.25 20.0 63.237 0
173708 20.25 20.0 63.237 0
173738 20.25 20.0 63.237 0
173808 20.25 20.0 63.237 0
173839 20.25 20.0 63.237 0
173909 20.25 20.0 63.175 0
173939 20.25 20.0 63.175 0
174009 20.25 20.0 63.175 0
174039 20.25 20.0 63.175 0
174110 20.25 20.0 63.175 0
174140 20.25 20.0 63.175 0
174211 20.25 20.0 63.175 0
174242 20.25 20.0 63.112 0
174312 20.25 20.0 63.112 0
174342 20.25 20.0 63.112 0
174412 20.25 20.0 63.112 0
174443 20.25 20.0 63.112 0
174514 20.25 20.0 63.05 0
174544 20.25 20.0 63.05 0
174614 20.25 20.0 63.05 0
174644 20.25 20.0 62.987 0
174714 20.25 20.0 62.987 0
174744 20.25 20.0 62.925 0
174815 20.25 20.0 62.925 0
174846 20.25 20.0 62.862 0
174916 20.187 20.0 62.862 0
174947 20.187 20.0 62.862 0
175018 20.187 20.0 62.8 0
175048 20.187 20.0 62.8 0
175119 20.187 20.0 62.737 0
175149 20.125 20.0 62.737 0
175219 20.125 20.0 62.675 0
175250 20.125 20.0 62.675 0
175320 20.125 20.0 62.612 0
175351 20.125 20.0 62.612 0
175421 20.062 20.0 62.612 0
175451 20.062 20.0 62.55 0
175521 20.062 20.0 62.55 0
175552 20.062 20.0 62.55 0
175623 20.062 20.0 62.55 0
175653 20.0 20.0 62.487 0
175723 20.0 20.0 62.487 0
175753 20.0 20.0 62.425 0
175823 20.0 20.0 62.362 0
175854 20.0 20.0 62.362 0
175924 19.937 20.0 62.3 50
175954 19.937 20.0 62.3 50
180025 19.937 20.0 62.237 50
180055 19.937 20.0 62.112 50
180125 19.937 20.0 61.862 50
180155 19.937 20.0 61.487 50
180225 19.937 20.0 60.987 50
180255 19.937 20.0 60.3 50
180325 19.937 20.0 59.675 0
180356 19.937 20.0 59.112 0
180426 20.062 20.0 58.737 0
180456 20.062 20.0 58.487 0
180526 20.062 20.0 58.362 0
180556 20.062 20.0 58.237 0
180627 20.062 20.0 58.112 0
180657 20.187 20.0 57.987 0
180727 20.187 20.0 57.8 0
180758 20.187 20.0 57.675 0
180828 20.187 20.0 57.55 0
180859 20.187 20.0 57.425 0
180929 20.25 20.0 57.362 0
180959 20.25 20.0 57.3 0
181029 20.25 20.0 57.3 0
181059 20.25 20.0 57.237 0
181129 20.25 20.0 57.237 0
181200 20.312 20.0 57.175 0
181230 20.312 20.0 57.175 0
181300 20.312 20.0 57.175 0
181330 20.312 20.0 57.112 0
181401 20.312 20.0 57.112 0
181431 20.25 20.0 57.112 0
181501 20.25 20.0 57.05 0
181532 20.25 20.0 57.05 0
181603 20.25 20.0 57.05 0
181633 20.25 20.0 56.987 0
181703 20.312 20.0 56.987 0
181733 20.312 20.0 56.987 0
181804 20.312 20.0 56.987 0
181834 20.312 20.0 56.925 0
181904 20.312 20.0 56.925 0
181934 20.187 20.0 56.925 0
182005 20.187 20.0 56.925 0
182036 20.187 20.0 56.862 0
182107 20.187 20.0 56.862 0
182137 20.187 20.0 56.862 0
182207 20.187 20.0 56.862 0
182238 20.187 20.0 56.8 0
182309 20.187 20.0 56.862 0
182339 20.187 20.0 56.8 0
182409 20.187 20.0 56.8 0
182439 20.187 20.0 56.8 0
182510 20.187 20.0 56.8 0
182540 20.187 20.0 56.737 0
182611 20.187 20.0 56.737 0
182643 20.125 20.0 56.737 0
182713 20.125 20.0 56.675 0
182744 20.125 20.0 56.675 0
182814 20.125 20.0 56.675 0
182845 20.125 20.0 56.612 0
182915 20.187 20.0 56.612 0
182945 20.187 20.0 56.675 0
183015 20.187 20.0 56.737 0
183045 20.187 20.0 56.925 0
183116 20.187 20.0 57.175 0
183147 20.125 20.0 57.487 0
183217 20.125 20.0 57.862 0
183247 20.125 20.0 58.3 0
183317 20.125 20.0 58.737 0
183348 20.125 20.0 59.237 0
183418 20.062 20.0 59.737 0
183448 20.062 20.0 60.237 0
183519 20.062 20.0 60.737 0
183549 20.062 20.0 61.237 0
183619 20.062 20.0 61.675 0
183650 19.937 20.0 62.112 50
183720 19.937 20.0 62.487 50
183750 19.937 20.0 62.8 50
183820 19.937 20.0 63.05 50
183851 19.937 20.0 63.237 50
183921 19.875 20.0 63.362 50
183952 19.875 20.0 63.487 50
184023 19.875 20.0 63.55 50
184053 19.875 20.0 63.612 50
184124 19.875 20.0 63.675 50
184154 19.812 20.0 63.675 50
184224 19.812 20.0 63.675 50
184255 19.812 20.0 63.737 50
184325 19.812 20.0 63.737 50
184355 19.812 20.0 63.737 50
184425 20.0 20.0 63.737 50
184456 20.0 20.0 63.737 50
184526 20.0 20.0 63.675 50
184556 20.0 20.0 63.55 50
184626 20.0 20.0 63.362 50
184656 20.187 20.0 62.925 0
184727 20.187 20.0 62.425 0
184757 20.187 20.0 62.05 0
184828 20.187 20.0 61.8 0
184858 20.187 20.0 61.612 0
184929 20.375 20.0 61.487 0
184959 20.375 20.0 61.362 0
185029 20.375 20.0 61.237 0
185059 20.375 20.0 61.175 0
185129 20.375 20.0 61.112 0
185159 20.437 20.0 60.987 0
185229 20.437 20.0 60.925 0
185300 20.437 20.0 60.862 0
185330 20.437 20.0 60.8 0
185401 20.437 20.0 60.675 0
185431 20.437 20.0 60.612 0
185501 20.437 20.0 60.55 0
185531 20.437 20.0 60.487 0
185601 20.437 20.0 60.362 0
185631 20.437 20.0 60.3 0
185701 20.437 20.0 60.237 0
185732 20.437 20.0 60.175 0
185803 20.437 20.0 60.112 0
185833 20.437 20.0 60.05 0
185904 20.437 20.0 59.987 0
185934 20.312 20.0 59.925 0
190005 20.312 20.0 59.8 0
190035 20.312 20.0 59.737 0
190106 20.312 20.0 59.675 0
190136 20.312 20.0 59.612 0
190206 20.25 20.0 59.55 0
190237 20.25 20.0 59.487 0
190307 20.25 20.0 59.425 0
190338 20.25 20.0 59.362 0
190408 20.25 20.0 59.3 0
190438 20.125 20.0 59.237 0
190508 20.125 20.0 59.175 0
190539 20.125 20.0 59.112 0
190609 20.125 20.0 59.05 0
190639 20.125 20.0 58.8 0
190710 20.0 20.0 58.237 0
190740 20.0 20.0 57.487 0
190810 20.0 20.0 56.675 0
190840 20.0 20.0 56.05 0
190910 20.0 20.0 55.675 0
190940 19.937 20.0 55.487 0
191011 19.937 20.0 55.612 0
191041 19.937 20.0 55.925 0
191111 19.937 20.0 56.487 0
191141 19.937 20.0 57.3 0
191211 19.875 20.0 58.237 0
191241 19.875 20.0 59.237 0
191312 19.875 20.0 60.237 50
191342 19.875 20.0 61.362 50
191413 19.875 20.0 62.487 50
191443 19.875 20.0 63.612 50
191513 19.875 20.0 64.425 50
191543 19.875 20.0 65.05 50
191613 19.875 20.0 65.425 50
191643 19.875 20.0 65.737 50
191714 19.75 20.0 65.925 50
191744 19.75 20.0 66.05 50
191815 19.75 20.0 66.237 50
191845 19.75 20.0 66.362 50
191915 19.75 20.0 66.425 50
191946 19.75 20.0 66.487 50
192016 19.75 20.0 66.55 50
192047 19.75 20.0 66.55 50
192117 19.75 20.0 66.55 50
192147 19.75 20.0 66.55 50
192217 19.875 20.0 66.487 50
192247 19.875 20.0 66.425 50
192318 19.875 20.0 66.362 50
192349 19.875 20.0 66.175 50
192421 20.0 20.0 65.8 50
192452 20.0 20.0 64.987 50
192522 20.0 20.0 63.737 50
192552 20.0 20.0 61.862 50
192622 20.0 20.0 59.55 0
192653 20.187 20.0 56.925 0
192724 20.187 20.0 55.05 0
192755 20.187 20.0 53.675 0
192825 20.187 20.0 52.55 0
192855 20.187 20.0 51.862 0
192926 20.312 20.0 51.675 0
192956 20.312 20.0 51.862 0
193026 20.312 20.0 52.3 0
193056 20.312 20.0 53.05 0
193126 20.312 20.0 54.05 0
193156 20.375 20.0 55.175 0
193227 20.375 20.0 56.55 0
193258 20.375 20.0 57.862 0
193328 20.375 20.0 59.175 0
193358 20.375 20.0 60.55 0
193429 20.5 20.0 61.925 0
193459 20.5 20.0 63.237 0
193529 20.5 20.0 64.425 0
193600 20.5 20.0 65.362 0
193630 20.5 20.0 66.237 0
193700 20.375 20.0 66.925 0
193730 20.375 20.0 67.55 0
193801 20.375 20.0 68.05 0
193831 20.375 20.0 68.487 0
193902 20.375 20.0 68.862 0
193932 20.375 20.0 69.237 0
194003 20.375 20.0 69.55 0
194033 20.375 20.0 69.8 0
194103 20.375 20.0 70.05 0
194133 20.375 20.0 70.237 50
194203 20.375 20.0 70.425 50
194234 20.375 20.0 70.612 50
194304 20.375 20.0 70.8 50
194334 20.375 20.0 70.925 50
194405 20.375 20.0 71.05 50
194435 20.375 20.0 71.112 50
194506 20.375 20.0 71.175 50
194536 20.375 20.0 71.237 50
194606 20.375 20.0 71.3 50
194637 20.375 20.0 71.3 50
194707 20.562 20.0 71.362 50
194737 20.562 20.0 71.425 50
194807 20.562 20.0 71.425 50
194838 20.562 20.0 71.425 50
194908 20.562 20.0 71.425 50
194939 20.75 20.0 71.362 50
195009 20.75 20.0 71.3 50
195039 20.75 20.0 71.175 50
195110 20.75 20.0 70.987 50
195140 20.75 20.0 70.425 50
195210 21.0 20.0 69.362 0
195240 21.0 20.0 68.362 0
195310 21.0 20.0 67.737 0
195341 21.0 20.0 67.3 0
195411 21.0 20.0 66.987 0
195442 21.25 20.0 66.8 0
195512 21.25 20.0 66.675 0
195542 21.25 20.0 66.55 0
195612 21.25 20.0 66.425 0
195643 21.25 20.0 66.3 0
195713 21.25 20.0 66.237 0
195744 21.25 20.0 66.175 0
195814 21.25 20.0 66.05 0
195844 21.25 20.0 65.987 0
195915 21.25 20.0 65.925 0
195945 21.25 20.0 65.8 0
200016 21.25 20.0 65.737 0
200046 21.25 20.0 65.612 0
200116 21.25 20.0 65.55 0
200146 21.25 20.0 65.487 0
200216 21.312 20.0 65.425 0
200246 21.312 20.0 65.3 0
200317 21.312 20.0 65.237 0
200347 21.312 20.0 65.175 0
200418 21.312 20.0 65.112 0
200448 21.187 20.0 64.987 0
200518 21.187 20.0 64.925 0
200549 21.187 20.0 64.862 0
200619 21.187 20.0 64.8 0
200649 21.187 20.0 64.675 0
200719 21.187 20.0 64.612 0
200750 21.187 20.0 64.487 0
200821 21.187 20.0 64.425 0
200851 21.187 20.0 64.3 0
200921 21.187 20.0 64.175 0
200951 21.125 20.0 64.112 0
201022 21.125 20.0 63.987 0
201052 21.125 20.0 63.925 0
201123 21.125 20.0 63.737 0
201153 21.125 20.0 63.612 0
201224 21.125 20.0 63.487 0
201254 21.125 20.0 63.362 0
201324 21.125 20.0 63.237 0
201355 21.125 20.0 63.05 0
201425 21.125 20.0 62.862 0
201456 21.0 20.0 62.675 0
201526 21.0 20.0 62.487 0
201556 21.0 20.0 62.175 0
201626 21.0 20.0 61.8 0
201658 20.937 20.0 61.55 0
201728 20.937 20.0 61.3 0
201759 20.937 20.0 61.175 0
201829 20.937 20.0 61.112 0
201859 20.937 20.0 61.05 0
201930 20.937 20.0 61.05 0
202000 20.937 20.0 61.05 0
202031 20.937 20.0 61.112 0
202102 20.937 20.0 61.175 0
202132 20.937 20.0 61.237 0
202202 20.812 20.0 61.362 0
202232 20.812 20.0 61.425 0
202303 20.812 20.0 61.55 0
202334 20.812 20.0 61.612 0
202404 20.812 20.0 61.737 0
202434 20.75 20.0 61.8 0
202505 20.75 20.0 61.925 0
202535 20.75 20.0 62.05 0
202606 20.75 20.0 62.112 0
202636 20.75 20.0 62.237 0
202706 20.687 20.0 62.3 0
202737 20.687 20.0 62.362 0
202807 20.687 20.0 62.425 0
202838 20.687 20.0 62.55 0
202908 20.687 20.0 62.675 0
202938 20.687 20.0 62.8 0
203009 20.687 20.0 62.925 0
203039 20.687 20.0 62.987 0
203110 20.687 20.0 63.05 0
203140 20.687 20.0 63.112 0
203211 20.625 20.0 63.237 0
203241 20.625 20.0 63.3 0
203312 20.625 20.0 63.425 0
203342 20.625 20.0 63.487 0
203412 20.625 20.0 63.612 0
203442 20.687 20.0 63.675 0
203512 20.687 20.0 63.737 0
203543 20.687 20.0 63.925 0
203613 20.687 21.0 64.112 0
203643 20.687 21.0 64.487 50
203713 20.375 21.0 64.737 50
203743 20.375 21.0 65.05 50
203814 20.375 21.0 65.3 50
203844 20.375 21.0 65.55 50
203914 20.375 21.0 65.737 50
203944 20.125 21.0 65.862 50
204015 20.125 21.0 65.925 50
204046 20.125 21.0 65.987 50
204116 20.125 21.0 65.987 50
204146 20.125 21.0 66.05 50
204217 20.125 21.0 66.05 50
204247 20.125 21.0 66.05 50
204317 20.125 21.0 66.05 50
204347 20.125 21.0 66.05 50
204418 20.125 21.0 66.05 50
204448 20.25 21.0 65.987 50
204518 20.25 21.0 65.925 50
204549 20.25 21.0 65.862 50
204619 20.25 21.0 65.737 50
204650 20.25 21.0 65.362 50
204720 20.5 21.0 64.612 50
204751 20.5 21.0 63.175 50
204821 20.5 21.0 61.175 50
204852 20.5 21.0 58.675 0
204922 20.5 21.0 56.737 0
204952 20.687 21.0 55.487 0
205023 20.687 21.0 54.737 0
205053 20.687 21.0 54.3 0
205123 20.687 21.0 53.925 0
205153 20.687 21.0 53.8 0
205223 20.812 21.0 53.675 0
205253 20.812 21.0 53.55 0
205324 20.812 21.0 53.425 0
205355 20.812 21.0 53.55 0
205425 20.812 21.0 53.862 0
205455 20.937 21.0 54.237 0
205525 20.937 21.0 54.737 0
205555 20.937 21.0 55.612 0
205626 20.937 21.0 56.737 0
205656 20.937 21.0 57.925 0
205726 20.875 21.0 59.237 0
205756 20.875 21.0 60.55 50
205827 20.875 21.0 61.862 50
205857 20.875 21.0 63.175 50
205928 20.875 21.0 64.175 50
205958 20.875 21.0 64.862 50
210028 20.875 21.0 65.3 50
210058 20.875 21.0 65.612 50
210128 20.875 21.0 65.862 50
210159 20.875 21.0 66.05 50
210230 20.937 21.0 66.175 50
210300 20.937 21.0 66.237 50
210330 20.937 21.0 66.362 50
210400 20.937 21.0 66.425 50
210431 20.937 21.0 66.487 50
210501 20.875 21.0 66.487 50
210532 20.875 21.0 66.487 50
210602 20.875 21.0 66.487 50
210633 20.875 21.0 66.487 50
210703 20.875 21.0 66.425 50
210733 21.062 21.0 66.362 0
210804 21.062 21.0 66.362 0
210834 21.062 21.0 66.3 0
210904 21.062 21.0 66.237 0
210935 21.062 21.0 66.175 0
211005 21.187 21.0 66.175 0
211035 21.187 21.0 66.112 0
211105 21.187 21.0 66.112 0
211135 21.187 21.0 66.05 0
211205 21.187 21.0 66.05 0
211235 21.125 21.0 65.987 0
211306 21.125 21.0 65.987 0
211336 21.125 21.0 65.925 0
211406 21.125 21.0 65.925 0
211439 21.062 21.0 65.925 0
211509 21.062 21.0 65.862 0
211539 21.062 21.0 65.862 0
211609 21.062 20.5 65.8 0
211639 21.062 20.5 65.8 0
211710 21.062 20.5 65.737 0
211740 21.062 20.5 65.737 0
211811 21.062 20.5 65.675 0
211841 21.062 20.5 65.675 0
211912 21.062 20.5 65.675 0
211942 21.0 20.5 65.612 0
212013 21.0 20.5 65.612 0
212043 21.0 20.5 65.55 0
212113 21.0 20.5 65.55 0
212143 21.0 20.5 65.487 0
212213 20.875 20.5 65.487 0
212244 20.875 20.5 65.425 0
212314 20.875 20.5 65.425 0
212345 20.875 20.5 65.362 0
212415 20.875 20.5 65.362 0
212445 20.875 20.5 65.362 0
212516 20.875 20.5 65.3 0
212546 20.875 20.5 65.3 0
212617 20.875 20.5 65.237 0
212647 20.875 20.5 65.237 0
212717 20.687 20.5 65.237 0
212747 20.687 20.5 65.175 0
212818 20.687 20.5 65.112 0
212848 20.687 20.5 65.05 0
212919 20.687 20.5 64.987 0
212949 20.625 20.5 64.862 0
213019 20.625 20.5 64.737 0
213050 20.625 20.5 64.612 0
213120 20.625 20.5 64.55 0
213150 20.625 20.5 64.487 0
213220 20.5 20.5 64.425 0
213250 20.5 20.5 64.362 0
213320 20.5 20.5 64.3 0
213351 20.5 20.5 64.237 0
213421 20.5 20.5 64.175 0
213451 20.437 20.5 64.112 50
213521 20.437 20.5 63.987 50
213551 20.437 20.5 63.612 50
213621 20.437 20.5 63.05 50
213652 20.437 20.5 62.425 50
213722 20.375 20.5 61.925 50
213752 20.375 20.5 61.55 50
213822 20.375 20.5 61.237 50
213852 20.375 20.5 61.05 50
213922 20.375 20.5 60.862 50
213953 20.375 20.5 60.737 50
214023 20.375 20.5 60.675 50
214053 20.375 20.5 60.55 50
214123 20.375 20.5 60.487 50
214154 20.375 20.5 60.425 50
214224 20.5 20.5 60.425 50
214255 20.5 20.5 60.362 50
214325 20.5 20.5 60.3 50
214356 20.5 20.5 60.237 50
214426 20.5 20.5 60.112 50
214456 20.562 20.5 59.862 0
214527 20.562 20.5 59.675 0
214557 20.562 20.5 59.487 0
214627 20.562 20.5 59.362 0
214657 20.562 20.5 59.3 0
214727 20.75 20.5 59.237 0
214757 20.75 20.5 59.112 0
214828 20.75 20.5 59.05 0
214858 20.75 20.5 59.05 0
214928 20.75 20.5 58.987 0
214958 20.812 20.5 58.925 0
215029 20.812 20.5 58.862 0
215059 20.812 20.5 58.8 0
215130 20.812 20.5 58.737 0
215200 20.812 20.5 58.612 0
215230 20.687 20.5 58.362 0
215300 20.687 20.5 57.925 0
215331 20.687 20.5 57.425 0
215401 20.687 20.5 57.112 0
215432 20.687 20.5 56.925 0
215502 20.687 20.5 56.737 0
215532 20.687 20.5 56.675 0
215602 20.687 20.5 56.55 0
215632 20.687 20.5 56.487 0
215703 20.687 20.5 56.425 0
215733 20.562 20.5 56.362 0
215803 20.562 20.5 56.3 0
215833 20.562 20.5 56.3 0
215904 20.562 20.5 56.3 0
215934 20.562 20.5 56.237 0
220005 20.5 20.5 56.175 0
220035 20.5 20.5 56.175 0
220106 20.5 20.5 56.362 0
220136 20.5 20.5 56.925 0
220206 20.5 20.5 57.862 0
220237 20.5 20.5 58.862 0
220307 20.5 20.5 60.05 0
220337 20.5 20.5 61.175 0
220408 20.5 20.5 62.362 0
220438 20.5 20.5 63.425 0
220508 20.437 20.5 64.175 50
220539 20.437 20.5 64.8 50
220609 20.437 20.5 65.3 50
220639 20.437 20.5 65.612 50
220709 20.437 20.5 65.862 50
220739 20.375 20.5 66.05 50
220810 20.375 20.5 66.175 50
220841 20.375 20.5 66.3 50
220911 20.375 20.5 66.362 50
220941 20.375 20.5 66.362 50
221011 20.375 20.5 66.425 50
221042 20.375 20.5 66.487 50
221112 20.375 20.5 66.487 50
221142 20.375 20.5 66.55 50
221212 20.375 20.5 66.55 50
221242 20.375 20.5 66.55 50
221313 20.375 20.5 66.55 50
221343 20.375 20.5 66.487 50
221414 20.375 20.5 66.362 50
221444 20.375 20.5 66.237 50
221514 20.562 20.5 65.925 0
221545 20.562 20.5 65.675 0
221615 20.562 20.5 65.55 0
221645 20.562 20.5 65.425 0
221718 20.687 20.5 65.3 0
221748 20.687 20.5 65.175 0
221819 20.687 20.5 65.112 0
221849 20.687 20.5 65.05 0
221919 20.687 20.5 64.987 0
221949 20.812 20.5 64.925 0
222020 20.812 20.5 64.862 0
222050 20.812 20.5 64.8 0
222121 20.812 20.5 64.737 0
222151 20.812 20.5 64.675 0
222221 20.812 20.5 64.55 0
222252 20.812 20.5 64.55 0
222322 20.812 20.5 64.425 0
222352 20.812 20.5 64.425 0
222423 20.812 20.5 64.3 0
222454 20.687 20.5 64.237 0
222524 20.687 20.5 64.237 0
222554 20.687 20.5 64.175 0
222625 20.687 20.5 64.05 0
222655 20.687 20.5 63.987 0
222726 20.562 20.5 63.925 0
222756 20.562 20.5 63.925 0
222826 20.562 20.5 63.862 0
222856 20.562 20.5 63.8 0
222926 20.562 20.5 63.737 0
222957 20.5 20.5 63.675 0
223027 20.5 20.5 63.55 0
223057 20.5 20.5 63.487 0
223127 20.5 20.5 63.487 0
223157 20.5 20.5 63.425 0
223227 20.437 20.5 63.362 50
223258 20.437 20.5 63.175 50
223328 20.437 20.5 62.612 50
223358 20.437 20.5 61.612 50
223428 20.437 20.5 60.175 50
223458 20.375 20.5 58.675 0
223529 20.375 20.5 57.55 0
223559 20.375 20.5 56.862 0
223629 20.375 20.5 56.425 0
223659 20.375 20.5 55.987 0
223729 20.312 20.5 55.487 0
223800 20.312 20.5 54.987 0
223830 20.312 20.5 54.612 0
223900 20.312 20.5 54.425 0
223931 20.312 20.5 54.362 0
224001 20.25 20.5 54.425 0
224032 20.25 20.5 54.675 0
224102 20.25 20.5 55.05 0
224132 20.25 20.5 55.55 0
224203 20.25 20.5 56.237 0
224233 20.187 20.5 57.3 0
224303 20.187 20.5 58.425 0
224334 20.187 20.5 59.362 0
224404 20.187 20.5 60.487 50
224435 20.187 20.5 61.55 50
224505 20.125 20.5 62.612 50
224535 20.125 20.5 63.425 50
224606 20.125 20.5 64.05 50
224636 20.125 20.5 64.487 50
224707 20.125 20.5 64.862 50
224737 20.125 20.5 65.05 50
224807 20.125 20.5 65.237 50
224837 20.125 20.5 65.362 50
224907 20.125 20.5 65.425 50
224937 20.125 20.5 65.55 50
225008 20.125 20.5 65.612 50
225038 20.125 20.5 65.612 50
225108 20.125 20.5 65.675 50
225139 20.125 20.5 65.675 50
225209 20.125 20.5 65.675 50
225240 20.125 20.5 65.675 50
225310 20.125 20.5 65.612 50
225340 20.125 20.5 65.55 50
225411 20.125 20.5 65.487 50
225441 20.125 20.5 65.3 50
225512 20.0 20.5 64.987 50
225542 20.0 20.5 64.3 50
225612 20.0 20.5 63.112 50
225642 20.0 20.5 61.425 50
225712 20.0 20.5 59.237 0
225743 19.875 20.5 57.175 0
225813 19.875 20.5 55.675 0
225843 19.875 20.5 54.425 0
225914 19.875 20.5 53.425 0
225944 19.875 20.5 52.675 0
230014 19.812 10.0 52.237 0
230044 19.812 10.0 52.05 0
230114 19.812 10.0 52.112 0
230145 19.812 10.0 52.425 0
230216 19.812 10.0 52.987 0
230246 19.75 10.0 54.05 0
230317 19.75 10.0 55.237 0
230347 19.75 10.0 56.05 0
230418 19.75 10.0 57.237 0
230448 19.75 10.0 58.237 0
230518 19.625 10.0 59.362 0
230548 19.625 10.0 60.487 0
230619 19.625 10.0 61.675 0
230650 19.625 10.0 62.737 0
230720 19.625 10.0 63.737 0
230750 19.5 10.0 64.487 0
230821 19.5 10.0 65.112 0
230851 19.5 10.0 65.675 0
230922 19.5 10.0 66.05 0
230955 19.437 10.0 66.362 0
231025 19.437 10.0 66.675 0
231055 19.437 10.0 66.925 0
231126 19.437 10.0 67.175 0
231156 19.437 10.0 67.362 0
231226 19.375 10.0 67.55 0
231256 19.375 10.0 67.675 0
231327 19.375 10.0 67.862 0
231357 19.375 10.0 67.987 0
231428 19.375 10.0 68.05 0
231458 19.25 10.0 68.175 0
231528 19.25 10.0 68.237 0
231558 19.25 10.0 68.362 0
231629 19.25 10.0 68.425 0
231659 19.25 10.0 68.55 0
231729 19.187 10.0 68.612 0
231800 19.187 10.0 68.675 0
231830 19.187 10.0 68.8 0
231901 19.187 10.0 68.862 0
231931 19.187 10.0 68.925 0
232001 19.062 10.0 69.05 0
232032 19.062 10.0 69.112 0
232102 19.062 10.0 69.175 0
232133 19.062 10.0 69.175 0
232203 19.062 10.0 69.237 0
232233 19.0 10.0 69.3 0
232303 19.0 10.0 69.3 0
232333 19.0 10.0 69.362 0
232403 19.0 10.0 69.362 0
232433 19.0 10.0 69.362 0
232504 18.875 10.0 69.362 0
232534 18.875 10.0 69.362 0
232604 18.875 10.0 69.362 0
232634 18.875 10.0 69.362 0
232704 18.875 10.0 69.362 0
232734 18.812 10.0 69.362 0
232805 18.812 10.0 69.425 0
232835 18.812 10.0 69.425 0
232905 18.812 10.0 69.425 0
232935 18.812 10.0 69.425 0
233005 18.75 10.0 69.425 0
233035 18.75 10.0 69.425 0
233105 18.75 10.0 69.425 0
233136 18.75 10.0 69.425 0
233206 18.75 10.0 69.425 0
233237 18.687 10.0 69.425 0
233307 18.687 10.0 69.487 0
233337 18.687 10.0 69.487 0
233408 18.687 10.0 69.487 0
233438 18.687 10.0 69.487 0
233508 18.625 10.0 69.487 0
233538 18.625 10.0 69.487 0
233609 18.625 10.0 69.487 0
233640 18.625 10.0 69.425 0
233711 18.625 10.0 69.425 0
233741 18.625 10.0 69.425 0
233811 18.625 10.0 69.425 0
233841 18.625 10.0 69.425 0
233912 18.625 10.0 69.425 0
233942 18.625 10.0 69.425 0
234012 18.562 10.0 69.425 0
234043 18.562 10.0 69.425 0
234114 18.562 10.0 69.425 0
234144 18.562 10.0 69.425 0
234214 18.562 10.0 69.425 0
234245 18.5 10.0 69.425 0
234315 18.5 10.0 69.362 0
234345 18.5 10.0 69.3 0
234416 18.5 10.0 69.3 0
234446 18.5 10.0 69.3 0
234517 18.437 10.0 69.237 0
234548 18.437 10.0 69.237 0
234618 18.437 10.0 69.237 0
234649 18.437 10.0 69.237 0
234719 18.437 10.0 69.237 0
234749 18.375 10.0 69.237 0
234819 18.375 10.0 69.237 0
234849 18.375 10.0 69.237 0
234919 18.375 10.0 69.175 0
234950 18.375 10.0 69.175 0
235021 18.375 10.0 69.175 0
235051 18.375 10.0 69.112 0
235121 18.375 10.0 69.112 0
235152 18.375 10.0 69.112 0
235222 18.375 10.0 69.112 0
235253 18.312 10.0 69.05 0
235323 18.312 10.0 69.05 0
235353 18.312 10.0 69.05 0
235424 18.312 10.0 69.05 0
235454 18.312 10.0 68.987 0
235524 18.25 10.0 68.987 0
235554 18.25 10.0 68.987 0
235624 18.25 10.0 68.987 0
235655 18.25 10.0 68.987 0
235725 18.25 10.0 68.987 0
235755 18.187 10.0 68.987 0
235826 18.187 10.0 68.925 0
235856 18.187 10.0 68.925 0
