235912 18.375 10.0 60.675 0
235943 18.375 10.0 60.612 0
000013 18.375 10.0 60.612 0
000043 18.375 10.0 60.55 0
000113 18.375 10.0 60.55 0
000144 18.375 10.0 60.487 0
000214 18.375 10.0 60.487 0
000244 18.375 10.0 60.362 0
000315 18.375 10.0 60.175 0
000345 18.375 10.0 60.175 0
000416 18.375 10.0 60.237 0
000446 18.375 10.0 60.112 0
000517 18.375 10.0 60.05 0
000547 18.375 10.0 60.175 0
000617 18.375 10.0 60.175 0
000648 18.375 10.0 60.175 0
000718 18.375 10.0 60.175 0
000748 18.375 10.0 60.112 0
000818 18.375 10.0 60.05 0
000848 18.375 10.0 59.862 0
000918 18.375 10.0 59.987 0
000949 18.375 10.0 59.987 0
001019 18.375 10.0 59.987 0
001049 18.375 10.0 59.925 0
001119 18.375 10.0 59.925 0
001150 18.375 10.0 59.862 0
001220 18.375 10.0 59.862 0
001250 18.375 10.0 59.8 0
001320 18.375 10.0 59.612 0
001351 18.375 10.0 59.55 0
001421 18.375 10.0 59.675 0
001452 18.375 10.0 59.675 0
001522 18.375 10.0 59.675 0
001553 18.375 10.0 59.675 0
001623 18.375 10.0 59.612 0
001653 18.375 10.0 59.612 0
001724 18.375 10.0 59.55 0
001755 18.312 10.0 59.55 0
001825 18.312 10.0 59.487 0
001856 18.312 10.0 59.425 0
001926 18.312 10.0 59.362 0
001958 18.312 10.0 59.237 0
002028 18.312 10.0 59.175 0
002059 18.312 10.0 59.112 0
002129 18.312 10.0 59.05 0
002159 18.312 10.0 58.987 0
002230 18.375 10.0 58.987 0
002300 18.375 10.0 58.925 0
002330 18.375 10.0 58.925 0
002401 18.375 10.0 58.862 0
002431 18.375 10.0 58.862 0
002501 18.375 10.0 58.8 0
002531 18.375 10.0 58.737 0
002601 18.375 10.0 58.737 0
002631 18.375 10.0 58.675 0
002702 18.375 10.0 58.675 0
002732 18.375 10.0 58.612 0
002802 18.375 10.0 58.675 0
002833 18.375 10.0 58.612 0
002903 18.375 10.0 58.612 0
002933 18.375 10.0 58.612 0
003003 18.375 10.0 58.55 0
003034 18.375 10.0 58.487 0
003104 18.375 10.0 58.55 0
003134 18.375 10.0 58.55 0
003204 18.375 10.0 58.55 0
003235 18.375 10.0 58.55 0
003306 18.375 10.0 58.487 0
003336 18.375 10.0 58.487 0
003407 18.375 10.0 58.487 0
003437 18.375 10.0 58.425 0
003507 18.312 10.0 58.425 0
003538 18.312 10.0 58.425 0
003608 18.312 10.0 58.425 0
003638 18.312 10.0 58.362 0
003708 18.312 10.0 58.362 0
003739 18.312 10.0 58.362 0
003809 18.312 10.0 58.3 0
003840 18.312 10.0 58.3 0
003910 18.312 10.0 58.3 0
003940 18.312 10.0 58.237 0
004010 18.312 10.0 58.237 0
004040 18.312 10.0 58.237 0
004111 18.312 10.0 58.05 0
004141 18.312 10.0 57.925 0
004212 18.312 10.0 57.925 0
004242 18.312 10.0 57.862 0
004312 18.312 10.0 57.8 0
004342 18.312 10.0 57.737 0
004413 18.312 10.0 57.8 0
004444 18.312 10.0 57.8 0
004514 18.312 10.0 57.737 0
004544 18.312 10.0 57.737 0
004614 18.312 10.0 57.55 0
004645 18.312 10.0 57.487 0
004715 18.312 10.0 57.612 0
004745 18.312 10.0 57.487 0
004815 18.312 10.0 57.55 0
004845 18.312 10.0 57.55 0
004915 18.312 10.0 57.55 0
004946 18.312 10.0 57.425 0
005016 18.312 10.0 57.487 0
005046 18.312 10.0 57.487 0
005116 18.312 10.0 57.487 0
005146 18.312 10.0 57.487 0
005216 18.312 10.0 57.425 0
005247 18.312 10.0 57.425 0
005317 18.312 10.0 57.362 0
005347 18.312 10.0 57.3 0
005417 18.312 10.0 57.175 0
005447 18.312 10.0 57.175 0
005518 18.312 10.0 57.112 0
005548 18.312 10.0 57.05 0
005619 18.312 10.0 57.05 0
005649 18.312 10.0 56.987 0
005720 18.312 10.0 56.925 0
005750 18.312 10.0 56.925 0
005821 18.312 10.0 57.05 0
005851 18.312 10.0 56.987 0
005922 18.312 10.0 56.862 0
005952 18.312 10.0 56.8 0
010023 18.312 10.0 56.737 0
010053 18.312 10.0 56.737 0
010123 18.312 10.0 56.737 0
010153 18.312 10.0 56.862 0
010224 18.312 10.0 56.862 0
010254 18.312 10.0 56.862 0
010325 18.312 10.0 56.862 0
010355 18.312 10.0 56.612 0
010426 18.312 10.0 56.55 0
010456 18.312 10.0 56.487 0
010526 18.312 10.0 56.425 0
010557 18.312 10.0 56.425 0
010628 18.312 10.0 56.425 0
010658 18.312 10.0 56.425 0
010729 18.312 10.0 56.612 0
010800 18.312 10.0 56.925 0
010830 18.312 10.0 57.487 0
010901 18.312 10.0 58.05 0
010931 18.312 10.0 58.987 0
011002 18.312 10.0 60.05 0
011032 18.312 10.0 61.112 0
011103 18.312 10.0 62.175 0
011133 18.312 10.0 63.3 0
011203 18.312 10.0 63.862 0
011236 18.25 10.0 64.487 0
011307 18.25 10.0 64.987 0
011337 18.25 10.0 65.425 0
011407 18.25 10.0 65.737 0
011438 18.25 10.0 65.987 0
011508 18.312 10.0 66.175 0
011539 18.312 10.0 66.112 0
011609 18.312 10.0 66.237 0
011640 18.312 10.0 66.237 0
011710 18.312 10.0 66.362 0
011740 18.312 10.0 66.425 0
011810 18.312 10.0 66.487 0
011841 18.312 10.0 66.55 0
011912 18.312 10.0 66.612 0
011943 18.312 10.0 66.675 0
012013 18.25 10.0 66.737 0
012043 18.25 10.0 66.8 0
012113 18.25 10.0 66.862 0
012144 18.25 10.0 66.862 0
012214 18.25 10.0 66.925 0
012244 18.25 10.0 66.925 0
012315 18.25 10.0 66.987 0
012345 18.25 10.0 67.05 0
012415 18.25 10.0 67.05 0
012446 18.25 10.0 67.112 0
012516 18.25 10.0 67.112 0
012547 18.25 10.0 67.175 0
012618 18.25 10.0 67.237 0
012648 18.25 10.0 67.237 0
012718 18.25 10.0 67.425 0
012748 18.25 10.0 67.3 0
012818 18.25 10.0 67.3 0
012849 18.25 10.0 67.362 0
012920 18.25 10.0 67.362 0
012951 18.25 10.0 67.362 0
013021 18.25 10.0 67.362 0
013052 18.25 10.0 67.362 0
013122 18.25 10.0 67.362 0
013153 18.25 10.0 67.362 0
013224 18.25 10.0 67.362 0
013254 18.25 10.0 67.362 0
013325 18.25 10.0 67.362 0
013356 18.25 10.0 67.362 0
013426 18.25 10.0 67.362 0
013456 18.25 10.0 67.362 0
013527 18.25 10.0 67.362 0
013557 18.25 10.0 67.362 0
013627 18.25 10.0 67.362 0
013657 18.25 10.0 67.362 0
013728 18.25 10.0 67.362 0
013758 18.25 10.0 67.362 0
013828 18.25 10.0 67.362 0
013859 18.25 10.0 67.362 0
013929 18.25 10.0 67.362 0
013959 18.25 10.0 67.425 0
014029 18.25 10.0 67.487 0
014100 18.25 10.0 67.487 0
014130 18.25 10.0 67.487 0
014201 18.25 10.0 67.487 0
014232 18.25 10.0 67.487 0
014302 18.25 10.0 67.487 0
014333 18.25 10.0 67.487 0
014403 18.25 10.0 67.487 0
014434 18.25 10.0 67.487 0
014504 18.25 10.0 67.487 0
014534 18.25 10.0 67.487 0
014604 18.25 10.0 67.425 0
014634 18.25 10.0 67.425 0
014705 18.25 10.0 67.425 0
014735 18.25 10.0 67.425 0
014806 18.25 10.0 67.425 0
014836 18.25 10.0 67.425 0
014906 18.25 10.0 67.3 0
014937 18.25 10.0 67.362 0
015008 18.25 10.0 67.362 0
015038 18.25 10.0 67.362 0
015109 18.25 10.0 67.362 0
015139 18.25 10.0 67.362 0
015209 18.25 10.0 67.3 0
015241 18.25 10.0 67.3 0
015311 18.25 10.0 67.3 0
015342 18.25 10.0 67.3 0
015412 18.25 10.0 67.3 0
015443 18.25 10.0 67.175 0
015513 18.25 10.0 67.237 0
015544 18.25 10.0 67.237 0
015614 18.25 10.0 67.237 0
015644 18.25 10.0 67.237 0
015714 18.25 10.0 67.175 0
015744 18.25 10.0 67.175 0
015815 18.25 10.0 67.175 0
015846 18.25 10.0 67.175 0
015916 18.25 10.0 67.112 0
015947 18.25 10.0 67.112 0
020018 18.187 10.0 67.112 0
020048 18.187 10.0 67.112 0
020118 18.187 10.0 67.112 0
020149 18.187 10.0 67.05 0
020219 18.187 10.0 67.05 0
020249 18.187 10.0 66.987 0
020320 18.187 10.0 66.987 0
020350 18.187 10.0 66.987 0
020420 18.187 10.0 66.987 0
020450 18.187 10.0 66.987 0
020521 18.187 10.0 66.8 0
020552 18.187 10.0 66.862 0
020622 18.187 10.0 66.925 0
020653 18.187 10.0 66.925 0
020724 18.187 10.0 66.925 0
020754 18.25 10.0 66.862 0
020825 18.25 10.0 66.862 0
020855 18.25 10.0 66.862 0
020925 18.25 10.0 66.862 0
020955 18.25 10.0 66.8 0
021026 18.25 10.0 66.8 0
021056 18.25 10.0 66.8 0
021126 18.25 10.0 66.675 0
021157 18.25 10.0 66.737 0
021227 18.25 10.0 66.737 0
021257 18.187 10.0 66.8 0
021328 18.187 10.0 66.925 0
021358 18.187 10.0 67.05 0
021429 18.187 10.0 67.112 0
021459 18.187 10.0 67.175 0
021529 18.187 10.0 67.237 0
021600 18.187 10.0 67.3 0
021630 18.187 10.0 67.3 0
021700 18.187 10.0 67.362 0
021731 18.187 10.0 67.362 0
021801 18.187 10.0 67.425 0
021831 18.187 10.0 67.425 0
021901 18.187 10.0 67.425 0
021932 18.187 10.0 67.487 0
022002 18.187 10.0 67.425 0
022032 18.187 10.0 67.487 0
022103 18.187 10.0 67.487 0
022133 18.187 10.0 67.487 0
022204 18.187 10.0 67.487 0
022234 18.187 10.0 67.487 0
022304 18.187 10.0 67.487 0
022334 18.187 10.0 67.487 0
022405 18.187 10.0 67.487 0
022435 18.187 10.0 67.487 0
022505 18.187 10.0 67.487 0
022535 18.187 10.0 67.487 0
022606 18.187 10.0 67.487 0
022636 18.187 10.0 67.487 0
022707 18.187 10.0 67.425 0
022737 18.187 10.0 67.425 0
022808 18.187 10.0 67.425 0
022839 18.187 10.0 67.425 0
022909 18.187 10.0 67.425 0
022939 18.187 10.0 67.425 0
023010 18.187 10.0 67.362 0
023040 18.187 10.0 67.362 0
023111 18.187 10.0 67.362 0
023141 18.187 10.0 67.362 0
023212 18.187 10.0 67.362 0
023242 18.187 10.0 67.3 0
023313 18.187 10.0 67.3 0
023343 18.187 10.0 67.3 0
023414 18.187 10.0 67.3 0
023444 18.187 10.0 67.3 0
023514 18.187 10.0 67.237 0
023545 18.125 10.0 67.237 0
023615 18.125 10.0 67.237 0
023645 18.125 10.0 67.237 0
023715 18.125 10.0 67.237 0
023745 18.125 10.0 67.175 0
023815 18.125 10.0 67.175 0
023846 18.125 10.0 67.175 0
023917 18.125 10.0 67.175 0
023947 18.125 10.0 67.112 0
024019 18.125 10.0 67.112 0
024049 18.125 10.0 67.112 0
024120 18.125 10.0 67.112 0
024150 18.125 10.0 67.112 0
024220 18.125 10.0 67.05 0
024251 18.125 10.0 67.05 0
024322 18.125 10.0 67.05 0
024352 18.125 10.0 67.05 0
024422 18.125 10.0 66.987 0
024453 18.125 10.0 66.987 0
024523 18.125 10.0 66.987 0
024554 18.125 10.0 66.987 0
024624 18.125 10.0 66.925 0
024654 18.125 10.0 66.925 0
024725 18.125 10.0 66.862 0
024755 18.125 10.0 66.862 0
024826 18.125 10.0 66.862 0
024856 18.125 10.0 66.8 0
024926 18.125 10.0 66.8 0
024957 18.125 10.0 66.8 0
025027 18.125 10.0 66.737 0
025058 18.125 10.0 66.737 0
025128 18.125 10.0 66.737 0
025158 18.125 10.0 66.737 0
025228 18.125 10.0 66.675 0
025258 18.125 10.0 66.675 0
025329 18.125 10.0 66.675 0
025359 18.125 10.0 66.612 0
025430 18.125 10.0 66.612 0
025500 18.125 10.0 66.612 0
025530 18.125 10.0 66.612 0
025600 18.125 10.0 66.55 0
025630 18.125 10.0 66.55 0
025700 18.125 10.0 66.55 0
025731 18.125 10.0 66.487 0
025801 18.125 10.0 66.487 0
025831 18.125 10.0 66.487 0
025902 18.125 10.0 66.425 0
025932 18.125 10.0 66.425 0
030003 18.125 10.0 66.425 0
030033 18.125 10.0 66.362 0
030104 18.125 10.0 66.362 0
030134 18.125 10.0 66.362 0
030204 18.125 10.0 66.3 0
030235 18.125 10.0 66.3 0
030306 18.062 10.0 66.3 0
030336 18.062 10.0 66.237 0
030406 18.062 10.0 66.237 0
030437 18.062 10.0 66.237 0
030508 18.062 10.0 66.175 0
030538 18.062 10.0 66.175 0
030609 18.062 10.0 66.112 0
030640 18.062 10.0 66.112 0
030710 18.062 10.0 66.112 0
030740 18.062 10.0 66.05 0
030811 18.125 10.0 66.05 0
030841 18.125 10.0 66.05 0
030911 18.125 10.0 65.987 0
030942 18.125 10.0 65.987 0
031012 18.125 10.0 65.987 0
031042 18.125 10.0 65.925 0
031112 18.125 10.0 65.925 0
031143 18.125 10.0 65.862 0
031214 18.125 10.0 65.862 0
031244 18.125 10.0 65.8 0
031314 18.125 10.0 65.8 0
031345 18.125 10.0 65.8 0
031415 18.125 10.0 65.737 0
031446 18.125 10.0 65.8 0
031516 18.125 10.0 65.862 0
031547 18.125 10.0 65.862 0
031617 18.125 10.0 65.925 0
031648 18.125 10.0 65.925 0
031718 18.125 10.0 65.925 0
031748 18.125 10.0 65.925 0
031819 18.125 10.0 65.925 0
031849 18.125 10.0 65.925 0
031920 18.125 10.0 65.925 0
031951 18.125 10.0 65.925 0
032023 18.125 10.0 65.925 0
032054 18.125 10.0 65.862 0
032124 18.125 10.0 65.862 0
032155 18.125 10.0 65.862 0
032225 18.125 10.0 65.862 0
032255 18.062 10.0 65.862 0
032325 18.062 10.0 65.862 0
032356 18.062 10.0 65.862 0
032426 18.062 10.0 65.8 0
032457 18.062 10.0 65.8 0
032527 18.062 10.0 65.8 0
032558 18.062 10.0 65.8 0
032628 18.062 10.0 65.8 0
032659 18.062 10.0 65.8 0
032729 18.062 10.0 65.737 0
032800 18.062 10.0 65.737 0
032830 18.062 10.0 65.737 0
032901 18.062 10.0 65.737 0
032931 18.062 10.0 65.737 0
033001 18.062 10.0 65.737 0
033031 18.062 10.0 65.675 0
033101 18.062 10.0 65.675 0
033131 18.062 10.0 65.675 0
033202 18.062 10.0 65.612 0
033232 18.062 10.0 65.612 0
033303 18.062 10.0 65.612 0
033333 18.062 10.0 65.612 0
033404 18.062 10.0 65.55 0
033435 18.062 10.0 65.55 0
033506 18.062 10.0 65.55 0
033536 18.062 10.0 65.487 0
033606 18.062 10.0 65.487 0
033637 18.062 10.0 65.487 0
033707 18.062 10.0 65.425 0
033737 18.062 10.0 65.425 0
033807 18.062 10.0 65.362 0
033838 18.062 10.0 65.362 0
033908 18.062 10.0 65.362 0
033939 18.062 10.0 65.3 0
034009 18.062 10.0 65.3 0
034040 18.062 10.0 65.237 0
034110 18.062 10.0 65.237 0
034140 18.062 10.0 65.175 0
034211 18.062 10.0 65.175 0
034241 18.062 10.0 65.175 0
034311 18.062 10.0 65.175 0
034342 18.062 10.0 65.112 0
034412 18.062 10.0 65.112 0
034443 18.062 10.0 65.05 0
034513 18.062 10.0 65.05 0
034543 18.062 10.0 65.05 0
034613 18.062 10.0 64.987 0
034643 18.062 10.0 64.987 0
034714 18.062 10.0 64.925 0
034744 18.062 10.0 64.925 0
034815 18.062 10.0 64.925 0
034845 18.062 10.0 64.862 0
034915 18.062 10.0 64.862 0
034946 18.062 10.0 64.8 0
035016 18.062 10.0 64.8 0
035046 18.062 10.0 64.8 0
035117 18.062 10.0 64.737 0
035148 18.062 10.0 64.737 0
035218 18.062 10.0 64.675 0
035249 18.062 10.0 64.675 0
035319 18.062 10.0 64.675 0
035350 18.062 10.0 64.612 0
035420 18.062 10.0 64.612 0
035450 18.062 10.0 64.612 0
035520 18.062 10.0 64.55 0
035550 18.062 10.0 64.55 0
035621 18.062 10.0 64.487 0
035651 18.062 10.0 64.487 0
035721 18.062 10.0 64.487 0
035752 18.062 10.0 64.425 0
035822 18.0 10.0 64.425 0
035853 18.0 10.0 64.362 0
035923 18.0 10.0 64.362 0
035954 18.0 10.0 64.362 0
040024 18.0 10.0 64.3 0
040054 18.0 10.0 64.3 0
040125 18.0 10.0 64.3 0
040155 18.0 10.0 64.237 0
040226 18.0 10.0 64.237 0
040256 18.0 10.0 64.175 0
040326 18.0 10.0 64.175 0
040356 18.0 10.0 64.112 0
040427 18.0 10.0 64.05 0
040458 18.0 10.0 64.05 0
040529 18.0 10.0 63.987 0
040559 18.0 10.0 63.925 0
040630 18.0 10.0 63.925 0
040700 18.0 10.0 63.925 0
040730 18.0 10.0 63.862 0
040803 18.0 10.0 63.862 0
040833 18.0 10.0 63.8 0
040903 18.0 10.0 63.8 0
040933 18.0 10.0 63.737 0
041003 18.0 10.0 63.737 0
041033 18.0 10.0 63.675 0
041104 18.0 10.0 63.675 0
041134 18.0 10.0 63.675 0
041205 18.0 10.0 63.612 0
041235 18.0 10.0 63.612 0
041305 18.0 10.0 63.55 0
041335 18.0 10.0 63.55 0
041406 18.0 10.0 63.487 0
041436 18.0 10.0 63.487 0
041507 18.0 10.0 63.425 0
041537 18.0 10.0 63.425 0
041608 18.0 10.0 63.425 0
041638 18.0 10.0 63.425 0
041708 18.0 10.0 63.487 0
041738 18.0 10.0 63.487 0
041809 18.0 10.0 63.487 0
041839 18.0 10.0 63.487 0
041909 18.0 10.0 63.487 0
041939 18.0 10.0 63.487 0
042009 18.0 10.0 63.487 0
042040 18.0 10.0 63.487 0
042110 18.0 10.0 63.487 0
042140 18.0 10.0 63.487 0
042211 18.0 10.0 63.425 0
042241 18.0 10.0 63.425 0
042311 18.0 10.0 63.425 0
042341 18.0 10.0 63.425 0
042412 18.0 10.0 63.362 0
042442 18.0 10.0 63.362 0
042513 18.0 10.0 63.3 0
042543 18.0 10.0 63.3 0
042614 18.0 10.0 63.3 0
042644 18.0 10.0 63.3 0
042714 18.0 10.0 63.237 0
042745 18.0 10.0 63.237 0
042815 18.0 10.0 63.237 0
042846 18.0 10.0 63.175 0
042916 18.0 10.0 63.175 0
042946 18.0 10.0 63.175 0
043017 18.0 10.0 63.112 0
043048 18.0 10.0 63.112 0
043118 18.0 10.0 63.05 0
043149 18.0 10.0 63.05 0
043219 18.0 10.0 62.987 0
043250 18.0 10.0 62.987 0
043320 18.0 10.0 62.925 0
043351 18.0 10.0 62.925 0
043421 18.0 10.0 62.862 0
043452 18.0 10.0 62.862 0
043522 18.0 10.0 62.8 0
043552 17.937 10.0 62.8 0
043623 17.937 10.0 62.8 0
043653 17.937 10.0 62.737 0
043723 17.937 10.0 62.737 0
043754 17.937 10.0 62.675 0
043824 18.0 10.0 62.675 0
043855 18.0 10.0 62.675 0
043925 18.0 10.0 62.612 0
043955 18.0 10.0 62.612 0
044025 18.0 10.0 62.55 0
044055 17.937 10.0 62.55 0
044125 17.937 10.0 62.55 0
044156 17.937 10.0 62.487 0
044226 17.937 10.0 62.487 0
044256 17.937 10.0 62.487 0
044326 17.937 10.0 62.425 0
044357 17.937 10.0 62.425 0
044427 17.937 10.0 62.362 0
044457 17.937 10.0 62.362 0
044527 17.937 10.0 62.3 0
044558 17.937 10.0 62.3 0
044628 17.937 10.0 62.237 0
044659 17.937 10.0 62.237 0
044730 17.937 10.0 62.237 0
044800 17.937 10.0 62.175 0
044830 17.937 10.0 62.175 0
044900 17.937 10.0 62.112 0
044930 17.937 10.0 62.112 0
045000 17.937 10.0 62.05 0
045030 17.937 10.0 62.05 0
045101 17.937 10.0 62.05 0
045131 17.937 10.0 61.987 0
045202 17.937 10.0 61.987 0
045232 17.937 10.0 61.925 0
045302 17.937 10.0 61.925 0
045333 17.937 10.0 61.862 0
045403 17.937 10.0 61.8 0
045433 17.937 10.0 61.737 0
045504 17.937 10.0 61.737 0
045534 17.937 10.0 61.675 0
045605 17.937 10.0 61.612 0
045635 17.937 10.0 61.55 0
045706 17.937 10.0 61.55 0
045736 17.937 10.0 61.487 0
045806 17.937 10.0 61.487 0
045836 17.937 10.0 61.425 0
045906 17.937 10.0 61.425 0
045936 17.937 10.0 61.425 0
050006 17.937 10.0 61.362 0
050037 17.937 10.0 61.362 0
050107 17.937 10.0 61.3 0
050137 17.937 10.0 61.3 0
050208 17.937 10.0 61.237 0
050238 17.937 10.0 61.237 0
050310 17.937 10.0 61.175 0
050341 17.937 10.0 61.175 0
050411 17.937 10.0 61.112 0
050441 17.937 10.0 61.112 0
050512 17.937 10.0 61.05 0
050542 17.875 10.0 61.05 0
050613 17.875 10.0 60.987 0
050644 17.875 10.0 60.987 0
050714 17.875 10.0 60.862 0
050745 17.875 10.0 60.925 0
050816 17.875 10.0 60.862 0
050846 17.875 10.0 60.737 0
050916 17.875 10.0 60.675 0
050946 17.875 10.0 60.612 0
051016 17.875 10.0 60.612 0
051047 17.875 10.0 60.675 0
051118 17.875 10.0 60.612 0
051148 17.875 10.0 60.612 0
051218 17.875 10.0 60.612 0
051248 17.875 10.0 60.55 0
051318 17.875 10.0 60.55 0
051348 17.875 10.0 60.487 0
051419 17.875 10.0 60.487 0
051449 17.875 10.0 60.487 0
051520 17.875 10.0 60.425 0
051550 17.875 10.0 60.362 0
051620 17.875 10.0 60.362 0
051651 17.875 10.0 60.237 0
051721 17.875 10.0 60.3 0
051752 17.875 10.0 60.3 0
051822 17.875 10.0 60.3 0
051852 17.875 10.0 60.3 0
051923 17.875 10.0 60.3 0
051954 17.875 10.0 60.237 0
052025 17.875 10.0 60.237 0
052055 17.875 10.0 60.112 0
052125 17.875 10.0 60.175 0
052156 17.875 10.0 60.175 0
052226 17.875 10.0 60.175 0
052256 17.875 10.0 60.112 0
052327 17.875 10.0 60.05 0
052357 17.875 10.0 59.987 0
052427 17.875 10.0 59.987 0
052458 17.875 10.0 60.05 0
052528 17.875 10.0 59.987 0
052559 17.875 10.0 59.862 0
052629 17.875 10.0 59.925 0
052659 17.875 10.0 59.925 0
052730 17.875 10.0 59.925 0
052800 17.875 10.0 59.925 0
052830 17.875 10.0 59.925 0
052901 17.875 10.0 59.862 0
052931 17.875 10.0 59.862 0
053002 17.875 10.0 59.862 0
053032 17.875 10.0 59.8 0
053102 17.875 10.0 59.8 0
053133 17.875 10.0 59.8 0
053204 17.875 10.0 59.737 0
053235 17.875 10.0 59.737 0
053305 17.875 10.0 59.737 0
053335 17.875 10.0 59.675 0
053405 17.875 10.0 59.675 0
053436 17.875 10.0 59.612 0
053506 17.875 10.0 59.612 0
053536 17.875 10.0 59.612 0
053607 17.875 10.0 59.55 0
053637 17.875 10.0 59.55 0
053708 17.875 10.0 59.55 0
053739 17.875 10.0 59.487 0
053810 17.875 10.0 59.487 0
053840 17.875 10.0 59.425 0
053911 17.875 10.0 59.425 0
053941 17.875 10.0 59.237 0
054011 17.875 10.0 59.3 0
054042 17.875 10.0 59.3 0
054112 17.875 10.0 59.112 0
054142 17.875 10.0 59.05 0
054212 17.875 10.0 59.112 0
054242 17.875 10.0 59.05 0
054312 17.875 10.0 59.05 0
054343 17.875 10.0 58.987 0
054414 17.875 10.0 58.987 0
054445 17.875 10.0 58.925 0
054515 17.875 10.0 58.862 0
054545 17.875 10.0 58.8 0
054615 17.812 10.0 58.8 0
054645 17.812 10.0 58.8 0
054716 17.812 10.0 58.737 0
054747 17.812 10.0 58.737 0
054820 17.875 10.0 58.675 0
054850 17.875 10.0 58.675 0
054921 17.875 10.0 58.675 0
054951 17.875 10.0 58.612 0
055022 17.875 10.0 58.612 0
055052 17.812 10.0 58.55 0
055122 17.812 10.0 58.55 0
055152 17.812 10.0 58.425 0
055222 17.812 10.0 58.425 0
055253 17.812 10.0 58.425 0
055323 17.812 10.0 58.425 0
055354 17.812 10.0 58.362 0
055424 17.812 10.0 58.362 0
055454 17.812 10.0 58.237 0
055525 17.812 10.0 58.175 0
055555 17.812 10.0 58.237 0
055625 17.812 10.0 58.175 0
055656 17.812 10.0 58.175 0
055727 17.812 10.0 58.112 0
055758 17.812 10.0 58.175 0
055828 17.812 10.0 58.112 0
055859 17.812 10.0 58.112 0
055929 17.812 10.0 58.05 0
055959 17.812 10.0 58.05 0
060030 17.812 10.0 58.05 0
060100 17.812 10.0 57.987 0
060130 17.812 10.0 57.987 0
060201 17.812 10.0 57.925 0
060231 17.812 10.0 57.925 0
060302 17.812 10.0 57.8 0
060332 17.812 10.0 57.862 0
060403 17.812 10.0 57.8 0
060434 17.812 10.0 57.8 0
060504 17.812 10.0 57.737 0
060535 17.812 10.0 57.612 0
060605 17.812 10.0 57.55 0
060635 17.812 10.0 57.487 0
060706 17.812 10.0 57.425 0
060737 17.812 10.0 57.362 0
060807 17.812 10.0 57.362 0
060837 17.812 10.0 57.3 0
060908 17.812 10.0 57.3 0
060938 17.812 10.0 57.237 0
061009 17.812 10.0 57.175 0
061039 17.812 10.0 57.175 0
061109 17.812 10.0 57.112 0
061140 17.812 10.0 57.112 0
061210 17.812 10.0 57.05 0
061241 17.812 10.0 57.05 0
061311 17.812 10.0 57.05 0
061341 17.812 10.0 56.987 0
061412 17.812 10.0 56.987 0
061442 17.812 10.0 56.925 0
061512 17.812 10.0 56.925 0
061543 17.812 10.0 56.862 0
061614 17.812 10.0 56.862 0
061644 17.812 10.0 56.8 0
061714 17.812 10.0 56.8 0
061745 17.812 10.0 56.737 0
061815 17.812 10.0 56.737 0
061845 17.812 10.0 56.675 0
061916 17.812 10.0 56.675 0
061946 17.812 10.0 56.675 0
062017 17.812 10.0 56.675 0
062047 17.812 10.0 56.737 0
062117 17.875 10.0 56.862 0
062147 17.875 10.0 57.112 0
062217 17.875 10.0 57.487 0
062248 17.875 10.0 58.05 0
062318 17.875 10.0 58.737 0
062349 17.875 10.0 59.55 0
062419 17.875 10.0 60.487 0
062450 17.875 10.0 61.612 0
062520 17.875 10.0 62.612 0
062550 17.875 10.0 63.487 0
062621 17.875 10.0 64.112 0
062652 17.875 10.0 64.612 0
062722 17.875 10.0 64.925 0
062752 17.875 10.0 65.237 0
062825 17.875 10.0 65.425 0
062855 17.875 10.0 65.612 0
062925 17.875 10.0 65.737 0
062956 17.875 10.0 65.8 0
063026 17.875 10.0 65.8 0
063056 17.812 10.0 65.862 0
063127 17.812 10.0 65.925 0
063157 17.812 10.0 65.925 0
063227 17.812 10.0 65.987 0
063257 17.812 10.0 65.987 0
063327 17.875 10.0 66.05 0
063357 17.875 10.0 66.112 0
063428 17.875 10.0 66.112 0
063458 17.875 10.0 66.05 0
063528 17.875 10.0 66.112 0
063559 17.875 10.0 66.112 0
063629 17.875 10.0 66.175 0
063700 17.875 10.0 66.175 0
063730 17.875 10.0 66.175 0
063800 17.875 10.0 66.175 0
063831 17.812 10.0 66.237 0
063901 17.812 10.0 66.237 0
063931 17.812 10.0 66.237 0
064002 17.812 10.0 66.237 0
064032 17.812 10.0 66.237 0
064102 17.812 10.0 66.237 0
064133 17.812 10.0 66.237 0
064203 17.812 10.0 66.237 0
064233 17.812 10.0 66.237 0
064303 17.812 10.0 66.237 0
064334 17.812 10.0 66.237 0
064404 17.812 10.0 66.3 0
064435 17.812 10.0 66.3 0
064505 17.812 10.0 66.3 0
064536 17.812 10.0 66.3 0
064606 17.875 10.0 66.3 0
064636 17.875 10.0 66.3 0
064706 17.875 10.0 66.3 0
064737 17.875 10.0 66.3 0
064808 17.875 10.0 66.3 0
064838 17.812 10.0 66.175 0
064909 17.812 10.0 66.3 0
064939 17.812 10.0 66.3 0
065010 17.812 10.0 66.3 0
065040 17.812 10.0 66.3 0
065110 17.875 10.0 66.3 0
065140 17.875 10.0 66.3 0
065210 17.875 10.0 66.3 0
065241 17.875 10.0 66.3 0
065311 17.875 10.0 66.3 0
065341 17.812 10.0 66.3 0
065411 17.812 10.0 66.3 0
065441 17.812 10.0 66.3 0
065511 17.812 10.0 66.3 0
065542 17.812 10.0 66.3 0
065612 17.812 10.0 66.3 0
065642 17.812 10.0 66.3 0
065713 17.812 10.0 66.3 0
065743 17.812 10.0 66.3 0
065814 17.812 10.0 66.3 0
065844 17.812 10.0 66.3 0
065914 17.812 10.0 66.237 0
065945 17.812 10.0 66.237 0
070015 17.812 10.0 66.237 0
070045 17.812 10.0 66.237 0
070115 17.812 10.0 66.237 0
070146 17.812 10.0 66.237 0
070217 17.812 10.0 66.237 0
070247 17.812 10.0 66.237 0
070317 17.812 10.0 66.237 0
070347 17.812 10.0 66.175 0
070418 17.812 10.0 66.175 0
070448 17.812 10.0 66.175 0
070518 17.812 10.0 66.05 0
070548 17.812 10.0 66.112 0
070618 17.75 10.0 66.112 0
070649 17.75 10.0 66.112 0
070719 17.75 10.0 65.987 0
070750 17.75 10.0 66.05 0
070820 17.75 10.0 66.112 0
070850 17.75 10.0 66.112 0
070921 17.75 10.0 66.05 0
070951 17.75 10.0 66.05 0
071022 17.75 10.0 66.05 0
071052 17.75 10.0 66.05 0
071122 17.812 10.0 66.05 0
071153 17.812 10.0 65.987 0
071223 17.812 10.0 65.987 0
071254 17.812 10.0 65.987 0
071324 17.812 10.0 65.987 0
071354 17.812 10.0 65.925 0
071425 17.812 10.0 65.925 0
071455 17.812 10.0 65.925 0
071526 17.812 10.0 65.925 0
071557 17.812 10.0 65.925 0
071627 17.75 10.0 65.862 0
071657 17.75 10.0 65.862 0
071727 17.75 10.0 65.862 0
071758 17.75 10.0 65.862 0
071828 17.75 10.0 65.8 0
071858 17.812 10.0 65.8 0
071929 17.812 10.0 65.8 0
071959 17.812 10.0 65.8 0
072030 17.812 10.0 65.737 0
072101 17.812 10.0 65.737 0
072131 17.75 10.0 65.737 0
072201 17.75 10.0 65.675 0
072232 17.75 10.0 65.675 0
072302 17.75 10.0 65.675 0
072332 17.75 10.0 65.675 0
072402 17.75 10.0 65.612 0
072433 17.75 10.0 65.612 0
072503 17.75 10.0 65.612 0
072534 17.75 10.0 65.55 0
072606 17.75 10.0 65.487 0
072636 17.75 10.0 65.487 0
072706 17.75 10.0 65.55 0
072736 17.75 10.0 65.675 0
072807 17.75 10.0 65.737 0
072837 17.75 10.0 65.8 0
072908 17.75 10.0 65.862 0
072938 17.75 10.0 65.925 0
073008 17.75 10.0 65.925 0
073038 17.75 10.0 65.925 0
073109 17.812 10.0 65.925 0
073140 17.812 10.0 65.925 0
073210 17.812 10.0 65.925 0
073240 17.812 10.0 65.925 0
073311 17.812 10.0 65.925 0
073341 17.75 10.0 65.925 0
073412 17.75 10.0 65.925 0
073442 17.75 10.0 65.8 0
073513 17.75 10.0 65.862 0
073543 17.75 10.0 65.862 0
073613 17.75 10.0 65.862 0
073643 17.75 10.0 65.8 0
073714 17.75 10.0 65.8 0
073745 17.75 10.0 65.8 0
073816 17.75 10.0 65.8 0
073846 17.812 10.0 65.8 0
073917 17.812 10.0 65.8 0
073947 17.812 10.0 65.8 0
074018 17.812 10.0 65.737 0
074048 17.812 10.0 65.737 0
074119 17.75 10.0 65.737 0
074149 17.75 10.0 65.737 0
074219 17.75 10.0 65.675 0
074250 17.75 10.0 65.675 0
074321 17.75 10.0 65.675 0
074351 17.75 10.0 65.675 0
074421 17.75 10.0 65.612 0
074451 17.75 10.0 65.612 0
074522 17.75 10.0 65.612 0
074553 17.75 10.0 65.612 0
074623 17.75 10.0 65.55 0
074653 17.75 10.0 65.55 0
074724 17.75 10.0 65.55 0
074754 17.75 10.0 65.55 0
074824 17.75 10.0 65.487 0
074854 17.75 10.0 65.487 0
074924 17.75 10.0 65.487 0
074954 17.75 10.0 65.487 0
075024 17.75 10.0 65.425 0
075055 17.75 10.0 65.425 0
075125 17.75 10.0 65.425 0
075156 17.75 10.0 65.425 0
075226 17.75 10.0 65.362 0
075257 17.75 10.0 65.362 0
075328 17.75 10.0 65.362 0
075358 17.75 10.0 65.362 0
075428 17.75 10.0 65.362 0
075458 17.75 10.0 65.3 0
075529 17.75 10.0 65.3 0
075559 17.75 10.0 65.3 0
075630 17.75 10.0 65.237 0
075700 17.75 10.0 65.237 0
075730 17.75 10.0 65.237 0
075800 17.75 10.0 65.237 0
075830 17.75 10.0 65.175 0
075900 17.75 10.0 65.175 0
075931 17.75 10.0 65.175 0
080001 17.75 10.0 65.112 0
080031 17.75 10.0 65.112 0
080101 17.75 10.0 65.112 0
080131 17.687 10.0 65.05 0
080201 17.687 10.0 65.05 0
080232 17.687 10.0 65.05 0
080302 17.687 10.0 65.05 0
080332 17.687 10.0 64.987 0
080403 17.75 10.0 64.987 0
080433 17.75 10.0 64.987 0
080503 17.75 10.0 64.925 0
080533 17.75 10.0 64.925 0
080603 17.75 10.0 64.925 0
080634 17.687 10.0 64.862 0
080705 17.687 10.0 64.862 0
080735 17.687 10.0 64.8 0
080806 17.687 10.0 64.8 0
080836 17.687 10.0 64.8 0
080907 17.687 10.0 64.737 0
080937 17.687 10.0 64.737 0
081007 17.687 10.0 64.675 0
081038 17.687 10.0 64.675 0
081108 17.687 10.0 64.675 0
081138 17.687 10.0 64.612 0
081209 17.687 10.0 64.612 0
081239 17.687 10.0 64.55 0
081309 17.687 10.0 64.55 0
081342 17.687 10.0 64.55 0
081413 17.687 10.0 64.487 0
081443 17.687 10.0 64.487 0
081513 17.687 10.0 64.487 0
081543 17.687 10.0 64.425 0
081613 17.687 10.0 64.425 0
081643 17.687 10.0 64.425 0
081714 17.687 10.0 64.362 0
081745 17.687 10.0 64.362 0
081815 17.687 10.0 64.3 0
081845 17.687 10.0 64.3 0
081915 17.687 10.0 64.3 0
081945 17.687 10.0 64.237 0
082016 17.687 10.0 64.237 0
082047 17.687 10.0 64.175 0
082117 17.687 10.0 64.175 0
082148 17.687 10.0 64.175 0
082219 17.687 10.0 64.112 0
082249 17.687 10.0 64.112 0
082320 17.687 10.0 64.05 0
082350 17.687 10.0 64.05 0
082420 17.687 10.0 63.987 0
082450 17.687 10.0 63.987 0
082520 17.687 10.0 63.987 0
082551 17.687 10.0 63.925 0
082621 17.625 10.0 63.925 0
082651 17.625 10.0 63.925 0
082721 17.625 10.0 63.862 0
082752 17.625 10.0 63.862 0
082822 17.625 10.0 63.862 0
082853 17.625 10.0 63.862 0
082923 17.625 10.0 63.925 0
082954 17.625 10.0 63.987 0
083025 17.625 10.0 63.987 0
083056 17.625 10.0 63.987 0
083126 17.625 10.0 63.987 0
083156 17.625 10.0 63.987 0
083226 17.625 10.0 63.987 0
083256 17.625 10.0 63.987 0
083327 17.625 10.0 63.987 0
083358 17.625 10.0 63.987 0
083429 17.625 10.0 63.987 0
083459 17.625 10.0 63.987 0
083529 17.625 10.0 63.925 0
083559 17.625 10.0 63.925 0
083629 17.625 10.0 63.862 0
083700 17.625 10.0 63.862 0
083730 17.625 10.0 63.862 0
083800 17.625 10.0 63.862 0
083831 17.625 10.0 63.8 0
083901 17.625 10.0 63.737 0
083932 17.625 10.0 63.737 0
084002 17.625 10.0 63.675 0
084032 17.625 10.0 63.675 0
084103 17.625 10.0 63.612 0
084133 17.625 10.0 63.612 0
084204 17.625 10.0 63.612 0
084235 17.625 10.0 63.55 0
084306 17.625 10.0 63.55 0
084336 17.625 10.0 63.487 0
084406 17.625 10.0 63.487 0
084437 17.625 10.0 63.487 0
084507 17.625 10.0 63.425 0
084537 17.625 10.0 63.425 0
084607 17.625 10.0 63.425 0
084638 17.625 10.0 63.362 0
084708 17.625 10.0 63.362 0
084738 17.625 10.0 63.362 0
084808 17.625 10.0 63.3 0
084838 17.625 10.0 63.3 0
084909 17.625 10.0 63.3 0
084939 17.625 10.0 63.3 0
085010 17.625 10.0 63.237 0
085040 17.625 10.0 63.237 0
085111 17.625 10.0 63.175 0
085141 17.625 10.0 63.175 0
085212 17.625 10.0 63.175 0
085242 17.625 10.0 63.112 0
085312 17.625 10.0 63.112 0
085343 17.625 10.0 63.05 0
085413 17.562 10.0 63.05 0
085443 17.562 10.0 63.05 0
085514 17.562 10.0 62.987 0
085544 17.562 10.0 62.987 0
085614 17.562 10.0 62.987 0
085644 17.562 10.0 62.925 0
085714 17.562 10.0 62.925 0
085745 17.562 10.0 62.862 0
085815 17.562 10.0 62.8 0
085845 17.562 10.0 62.8 0
085915 17.625 10.0 62.737 0
085946 17.625 10.0 62.737 0
090016 17.625 10.0 62.675 0
090047 17.625 10.0 62.675 0
090117 17.625 10.0 62.675 0
090147 17.625 10.0 62.612 0
090218 17.625 10.0 62.612 0
090249 17.625 10.0 62.55 0
090319 17.625 10.0 62.55 0
090351 17.562 10.0 62.55 0
090422 17.562 10.0 62.487 0
090452 17.562 10.0 62.487 0
090523 17.562 10.0 62.425 0
090553 17.562 10.0 62.425 0
090623 17.562 10.0 62.362 0
090653 17.562 10.0 62.362 0
090724 17.562 10.0 62.3 0
090754 17.562 10.0 62.3 0
090825 17.562 10.0 62.3 0
090855 17.562 10.0 62.237 0
090925 17.562 10.0 62.237 0
090955 17.562 10.0 62.175 0
091026 17.562 10.0 62.175 0
091057 17.562 10.0 62.175 0
091127 17.562 10.0 62.112 0
091157 17.562 10.0 62.112 0
091228 17.562 10.0 62.05 0
091258 17.562 10.0 62.05 0
091328 17.562 10.0 61.987 0
091358 17.562 10.0 61.987 0
091429 17.562 10.0 61.987 0
091459 17.562 10.0 61.925 0
091529 17.562 10.0 61.925 0
091600 17.562 10.0 61.862 0
091630 17.562 10.0 61.862 0
091700 17.562 10.0 61.8 0
091730 17.562 10.0 61.8 0
091801 17.562 10.0 61.8 0
091831 17.562 10.0 61.737 0
091902 17.562 10.0 61.675 0
091932 17.562 10.0 61.675 0
092002 17.562 10.0 61.675 0
092033 17.562 10.0 61.612 0
092103 17.562 10.0 61.55 0
092133 17.562 10.0 61.487 0
092203 17.562 10.0 61.425 0
092234 17.562 10.0 61.362 0
092304 17.562 10.0 61.362 0
092334 17.562 10.0 61.3 0
092405 17.562 10.0 61.237 0
092435 17.562 10.0 61.237 0
092506 17.562 10.0 61.175 0
092537 17.562 10.0 61.175 0
092607 17.562 10.0 61.112 0
092637 17.562 10.0 61.112 0
092708 17.562 10.0 61.05 0
092739 17.562 10.0 61.05 0
092810 17.562 10.0 60.987 0
092840 17.562 10.0 60.987 0
092910 17.562 10.0 60.925 0
092940 17.562 10.0 60.925 0
093010 17.562 10.0 60.925 0
093041 17.562 10.0 60.925 0
093111 17.562 10.0 60.925 0
093142 17.562 10.0 60.925 0
093212 17.562 10.0 60.925 0
093243 17.562 10.0 60.925 0
093313 17.562 10.0 60.862 0
093343 17.562 10.0 60.862 0
093413 17.562 10.0 60.862 0
093443 17.562 10.0 60.862 0
093513 17.562 10.0 60.8 0
093544 17.562 10.0 60.8 0
093615 17.562 10.0 60.8 0
093645 17.562 10.0 60.8 0
093716 17.562 10.0 60.737 0
093747 17.562 10.0 60.737 0
093817 17.562 10.0 60.737 0
093847 17.562 10.0 60.675 0
093917 17.5 10.0 60.675 0
093948 17.5 10.0 60.612 0
094019 17.5 10.0 60.612 0
094049 17.5 10.0 60.612 0
094119 17.5 10.0 60.55 0
094150 17.5 10.0 60.55 0
094220 17.5 10.0 60.487 0
094251 17.5 10.0 60.487 0
094321 17.5 10.0 60.487 0
094352 17.5 10.0 60.425 0
094422 17.5 10.0 60.362 0
094452 17.5 10.0 60.362 0
094523 17.5 10.0 60.3 0
094553 17.5 10.0 60.237 0
094623 17.5 10.0 60.175 0
094654 17.5 10.0 60.175 0
094724 17.5 10.0 60.112 0
094755 17.5 10.0 60.05 0
094826 17.5 10.0 60.05 0
094858 17.5 10.0 59.987 0
094928 17.5 10.0 59.987 0
094959 17.5 10.0 59.925 0
095029 17.5 10.0 59.925 0
095100 17.5 10.0 59.862 0
095130 17.5 10.0 59.862 0
095201 17.5 10.0 59.8 0
095232 17.5 10.0 59.8 0
095303 17.5 10.0 59.737 0
095333 17.5 10.0 59.737 0
095403 17.5 10.0 59.675 0
095434 17.5 10.0 59.675 0
095504 17.5 10.0 59.612 0
095535 17.5 10.0 59.612 0
095605 17.5 10.0 59.55 0
095635 17.5 10.0 59.55 0
095705 17.5 10.0 59.55 0
095736 17.5 10.0 59.487 0
095806 17.5 10.0 59.487 0
095837 17.5 10.0 59.425 0
095907 17.5 10.0 59.425 0
095937 17.5 10.0 59.362 0
100008 17.5 10.0 59.362 0
100038 17.5 10.0 59.3 0
100109 17.5 10.0 59.3 0
100140 17.5 10.0 59.237 0
100210 17.5 10.0 59.237 0
100240 17.5 10.0 59.175 0
100311 17.5 10.0 59.175 0
100341 17.5 10.0 59.112 0
100411 17.5 10.0 59.112 0
100442 17.5 10.0 59.05 0
100512 17.5 10.0 59.05 0
100543 17.5 10.0 59.05 0
100613 17.5 10.0 58.987 0
100644 17.5 10.0 58.925 0
100714 17.5 10.0 58.925 0
100744 17.5 10.0 58.8 0
100814 17.5 10.0 58.737 0
100845 17.5 10.0 58.675 0
100915 17.5 10.0 58.55 0
100945 17.5 10.0 58.487 0
101016 17.5 10.0 58.487 0
101047 17.5 10.0 58.425 0
101117 17.5 10.0 58.362 0
101147 17.5 10.0 58.362 0
101217 17.5 10.0 58.3 0
101247 17.5 10.0 58.237 0
101317 17.5 10.0 58.237 0
101348 17.5 10.0 58.237 0
101418 17.5 10.0 58.175 0
101449 17.5 10.0 58.175 0
101519 17.5 10.0 58.112 0
101550 17.5 10.0 58.112 0
101621 17.5 10.0 58.05 0
101651 17.5 10.0 57.987 0
101722 17.5 10.0 57.987 0
101752 17.5 10.0 57.987 0
101823 17.5 10.0 57.925 0
101854 17.5 10.0 57.862 0
101924 17.5 10.0 57.862 0
101955 17.5 10.0 57.8 0
102026 17.5 10.0 57.8 0
102056 17.5 10.0 57.737 0
102126 17.5 10.0 57.737 0
102157 17.5 10.0 57.675 0
102227 17.5 10.0 57.675 0
102257 17.5 10.0 57.612 0
102328 17.5 10.0 57.612 0
102358 17.5 10.0 57.55 0
102428 17.5 10.0 57.362 0
102458 17.5 10.0 57.3 0
102528 17.5 10.0 57.237 0
102558 17.5 10.0 57.175 0
102629 17.5 10.0 57.175 0
102700 17.437 10.0 57.112 0
102731 17.437 10.0 57.112 0
102801 17.437 10.0 57.175 0
102831 17.437 10.0 57.237 0
102902 17.437 10.0 57.175 0
102932 17.437 10.0 57.175 0
103003 17.437 10.0 57.05 0
103033 17.437 10.0 56.987 0
103104 17.437 10.0 56.862 0
103136 17.5 10.0 56.8 0
103207 17.5 10.0 56.737 0
103237 17.5 10.0 56.737 0
103307 17.5 10.0 56.8 0
103338 17.5 10.0 56.925 0
103408 17.437 10.0 57.175 0
103438 17.437 10.0 57.675 0
103509 17.437 10.0 58.237 0
103540 17.437 10.0 59.05 0
103610 17.437 10.0 59.987 0
103640 17.5 10.0 61.05 0
103711 17.5 10.0 62.112 0
103742 17.5 10.0 63.175 0
103812 17.5 10.0 63.987 0
103843 17.5 10.0 64.612 0
103913 17.5 10.0 65.175 0
103944 17.5 10.0 65.55 0
104014 17.5 10.0 65.925 0
104044 17.5 10.0 66.175 0
104114 17.5 10.0 66.362 0
104144 17.437 10.0 66.55 0
104214 17.437 10.0 66.675 0
104245 17.437 10.0 66.8 0
104315 17.437 10.0 66.925 0
104345 17.437 10.0 66.987 0
104416 17.437 10.0 67.05 0
104446 17.437 10.0 67.112 0
104516 17.437 10.0 67.175 0
104546 17.437 10.0 67.237 0
104617 17.437 10.0 67.3 0
104647 17.437 10.0 67.362 0
104717 17.437 10.0 67.425 0
104748 17.437 10.0 67.425 0
104818 17.437 10.0 67.487 0
104848 17.437 10.0 67.55 0
104919 17.437 10.0 67.55 0
104949 17.437 10.0 67.612 0
105019 17.437 10.0 67.612 0
105050 17.437 10.0 67.675 0
105120 17.437 10.0 67.675 0
105151 17.437 10.0 67.737 0
105221 17.437 10.0 67.8 0
105251 17.437 10.0 67.8 0
105322 17.437 10.0 67.862 0
105352 17.437 10.0 67.862 0
105422 17.437 10.0 67.862 0
105452 17.437 10.0 67.862 0
105523 17.437 10.0 67.862 0
105553 17.437 10.0 67.862 0
105624 17.437 10.0 67.862 0
105654 17.437 10.0 67.862 0
105725 17.437 10.0 67.862 0
105756 17.437 10.0 67.862 0
105826 17.437 10.0 67.862 0
105856 17.437 10.0 67.862 0
105927 17.437 10.0 67.862 0
105957 17.437 10.0 67.862 0
110027 17.437 10.0 67.862 0
110057 17.437 10.0 67.862 0
110127 17.437 10.0 67.862 0
110157 17.437 10.0 67.862 0
110227 17.437 10.0 67.862 0
110257 17.437 10.0 67.862 0
110328 17.437 10.0 67.862 0
110359 17.437 10.0 67.862 0
110429 17.437 10.0 67.862 0
110500 17.437 10.0 67.862 0
110531 17.437 10.0 67.862 0
110601 17.437 10.0 67.862 0
110631 17.437 10.0 67.862 0
110702 17.437 10.0 67.862 0
110732 17.437 10.0 67.8 0
110803 17.437 10.0 67.862 0
110834 17.437 10.0 67.8 0
110905 17.437 10.0 67.8 0
110935 17.437 10.0 67.8 0
111006 17.437 10.0 67.8 0
111036 17.437 10.0 67.8 0
111106 17.437 10.0 67.8 0
111136 17.437 10.0 67.8 0
111206 17.437 10.0 67.8 0
111237 17.437 10.0 67.737 0
111307 17.437 10.0 67.737 0
111338 17.437 10.0 67.737 0
111409 17.437 10.0 67.737 0
111439 17.437 10.0 67.737 0
111509 17.437 10.0 67.737 0
111540 17.437 10.0 67.737 0
111611 17.437 10.0 67.737 0
111644 17.437 10.0 67.675 0
111714 17.437 10.0 67.675 0
111744 17.437 10.0 67.675 0
111815 17.437 10.0 67.675 0
111846 17.437 10.0 67.675 0
111916 17.437 10.0 67.612 0
111946 17.437 10.0 67.612 0
112016 17.437 10.0 67.612 0
112047 17.437 10.0 67.612 0
112117 17.437 10.0 67.55 0
112149 17.437 10.0 67.55 0
112220 17.437 10.0 67.55 0
112251 17.437 10.0 67.55 0
112321 17.437 10.0 67.55 0
112352 17.437 10.0 67.487 0
112422 17.437 10.0 67.487 0
112453 17.437 10.0 67.487 0
112523 17.437 10.0 67.487 0
112554 17.437 10.0 67.487 0
112624 17.437 10.0 67.425 0
112655 17.437 10.0 67.425 0
112725 17.437 10.0 67.425 0
112755 17.437 10.0 67.425 0
112825 17.437 10.0 67.362 0
112855 17.437 10.0 67.362 0
112925 17.437 10.0 67.362 0
112956 17.437 10.0 67.362 0
113027 17.437 10.0 67.362 0
113057 17.437 10.0 67.3 0
113127 17.437 10.0 67.3 0
113157 17.5 10.0 67.3 0
113227 17.5 10.0 67.3 0
113258 17.5 10.0 67.237 0
113329 17.5 10.0 67.237 0
113359 17.5 10.0 67.237 0
113430 17.437 10.0 67.237 0
113500 17.437 10.0 67.175 0
113530 17.437 10.0 67.175 0
113600 17.437 10.0 67.175 0
113630 17.437 10.0 67.175 0
113701 17.437 10.0 67.112 0
113731 17.437 10.0 67.112 0
113802 17.437 10.0 67.112 0
113832 17.437 10.0 67.112 0
113903 17.437 10.0 67.112 0
113934 17.5 10.0 67.237 0
114005 17.5 10.0 67.3 0
114035 17.5 10.0 67.3 0
114105 17.5 10.0 67.362 0
114136 17.5 10.0 67.425 0
114206 17.437 10.0 67.425 0
114237 17.437 10.0 67.487 0
114307 17.437 10.0 67.487 0
114337 17.437 10.0 67.487 0
114408 17.437 10.0 67.487 0
114438 17.5 10.0 67.425 0
114508 17.5 10.0 67.425 0
114539 17.5 10.0 67.425 0
114609 17.5 10.0 67.425 0
114639 17.5 10.0 67.425 0
114709 17.437 10.0 67.425 0
114739 17.437 10.0 67.487 0
114809 17.437 10.0 67.425 0
114840 17.437 10.0 67.425 0
114910 17.437 10.0 67.425 0
114940 17.5 10.0 67.425 0
115011 17.5 10.0 67.425 0
115041 17.5 10.0 67.425 0
115111 17.5 10.0 67.425 0
115142 17.5 10.0 67.362 0
115212 17.5 10.0 67.362 0
115242 17.5 10.0 67.362 0
115312 17.5 10.0 67.362 0
115343 17.5 10.0 67.362 0
115413 17.5 10.0 67.362 0
115444 17.5 10.0 67.3 0
115514 17.5 10.0 67.3 0
115544 17.5 10.0 67.3 0
115614 17.5 10.0 67.3 0
115645 17.5 10.0 67.3 0
115715 17.5 10.0 67.237 0
115745 17.5 10.0 67.237 0
115815 17.5 10.0 67.237 0
115845 17.5 10.0 67.237 0
115916 17.5 10.0 67.237 0
115946 17.5 10.0 67.175 0
120016 17.5 10.0 67.175 0
120047 17.5 10.0 67.175 0
120118 17.5 10.0 67.112 0
120148 17.5 10.0 67.112 0
120218 17.5 10.0 67.112 0
120249 17.5 10.0 67.112 0
120319 17.5 10.0 67.05 0
120350 17.5 10.0 67.05 0
120422 17.5 10.0 67.05 0
120452 17.5 10.0 67.05 0
120522 17.5 10.0 66.987 0
120553 17.5 10.0 66.987 0
120623 17.5 10.0 66.987 0
120653 17.5 10.0 66.925 0
120724 17.5 10.0 66.925 0
120754 17.5 10.0 66.925 0
120824 17.5 10.0 66.925 0
120854 17.5 10.0 66.862 0
120924 17.5 10.0 66.862 0
120955 17.5 10.0 66.8 0
121025 17.5 10.0 66.8 0
121055 17.5 10.0 66.8 0
121126 17.5 10.0 66.737 0
121156 17.5 10.0 66.737 0
121226 17.5 10.0 66.737 0
121257 17.5 10.0 66.737 0
121327 17.5 10.0 66.675 0
121357 17.5 10.0 66.675 0
121427 17.5 10.0 66.612 0
121458 17.5 10.0 66.612 0
121528 17.5 10.0 66.612 0
121558 17.5 10.0 66.612 0
121629 17.5 10.0 66.55 0
121659 17.437 10.0 66.55 0
121730 17.437 10.0 66.487 0
121800 17.437 10.0 66.487 0
121830 17.437 10.0 66.487 0
121901 17.437 10.0 66.487 0
121931 17.5 10.0 66.425 0
122002 17.5 10.0 66.425 0
122032 17.5 10.0 66.425 0
122103 17.5 10.0 66.362 0
122133 17.5 10.0 66.362 0
122204 17.5 10.0 66.3 0
122235 17.5 10.0 66.3 0
122305 17.5 10.0 66.3 0
122335 17.5 10.0 66.237 0
122406 17.5 10.0 66.237 0
122436 17.5 10.0 66.237 0
122507 17.5 10.0 66.175 0
122537 17.5 10.0 66.175 0
122607 17.5 10.0 66.175 0
122638 17.5 10.0 66.112 0
122708 17.5 10.0 66.112 0
122738 17.5 10.0 66.05 0
122808 17.5 10.0 66.05 0
122839 17.5 10.0 66.05 0
122909 17.5 10.0 66.05 0
122939 17.5 10.0 65.987 0
123009 17.5 10.0 65.987 0
123039 17.5 10.0 65.987 0
123109 17.5 10.0 65.862 0
123140 17.5 10.0 65.862 0
123211 17.5 10.0 65.8 0
123242 17.5 10.0 65.8 0
123312 17.5 10.0 65.737 0
123342 17.5 10.0 65.737 0
123413 17.5 10.0 65.675 0
123443 17.5 10.0 65.675 0
123513 17.5 10.0 65.612 0
123543 17.5 10.0 65.612 0
123613 17.5 10.0 65.55 0
123643 17.5 10.0 65.55 0
123714 17.5 10.0 65.487 0
123744 17.5 10.0 65.487 0
123815 17.5 10.0 65.487 0
123845 17.5 10.0 65.425 0
123915 17.5 10.0 65.425 0
123945 17.5 10.0 65.362 0
124016 17.5 10.0 65.362 0
124046 17.5 10.0 65.362 0
124117 17.5 10.0 65.362 0
124147 17.5 10.0 65.425 0
124218 17.5 10.0 65.425 0
124248 17.5 10.0 65.425 0
124318 17.5 10.0 65.425 0
124349 17.5 10.0 65.425 0
124419 17.5 10.0 65.425 0
124449 17.5 10.0 65.425 0
124520 17.5 10.0 65.425 0
124550 17.5 10.0 65.362 0
124621 17.5 10.0 65.362 0
124651 17.5 10.0 65.362 0
124721 17.5 10.0 65.362 0
124752 17.5 10.0 65.3 0
124822 17.5 10.0 65.3 0
124852 17.5 10.0 65.3 0
124923 17.5 10.0 65.3 0
124953 17.437 10.0 65.237 0
125023 17.437 10.0 65.237 0
125053 17.437 10.0 65.237 0
125123 17.437 10.0 65.175 0
125154 17.437 10.0 65.175 0
125224 17.437 10.0 65.175 0
125255 17.437 10.0 65.112 0
125325 17.437 10.0 65.112 0
125355 17.437 10.0 65.112 0
125425 17.437 10.0 65.112 0
125455 17.437 10.0 65.05 0
125525 17.437 10.0 65.05 0
125556 17.437 10.0 64.987 0
125628 17.437 10.0 64.987 0
125700 17.437 10.0 64.987 0
125730 17.437 10.0 64.987 0
125801 17.437 10.0 64.925 0
125831 17.437 10.0 64.925 0
125902 17.437 10.0 64.862 0
125932 17.437 10.0 64.862 0
130003 17.437 10.0 64.8 0
130033 17.437 10.0 64.8 0
130103 17.437 10.0 64.737 0
130134 17.437 10.0 64.737 0
130204 17.437 10.0 64.737 0
130234 17.437 10.0 64.675 0
130305 17.437 10.0 64.675 0
130335 17.437 10.0 64.612 0
130406 17.437 10.0 64.612 0
130436 17.437 10.0 64.55 0
130506 17.437 10.0 64.55 0
130537 17.437 10.0 64.487 0
130607 17.437 10.0 64.487 0
130638 17.437 10.0 64.487 0
130708 17.437 10.0 64.425 0
130738 17.437 10.0 64.425 0
130809 17.437 10.0 64.425 0
130839 17.437 10.0 64.362 0
130910 17.437 10.0 64.362 0
130940 17.437 10.0 64.362 0
131011 17.437 10.0 64.3 0
131042 17.437 10.0 64.3 0
131112 17.437 10.0 64.237 0
131142 17.437 10.0 64.237 0
131213 17.437 10.0 64.175 0
131244 17.437 10.0 64.175 0
131314 17.437 10.0 64.175 0
131345 17.437 10.0 64.112 0
131415 17.437 10.0 64.112 0
131446 17.437 10.0 64.05 0
131516 17.437 10.0 64.05 0
131546 17.437 10.0 64.05 0
131617 17.437 10.0 63.987 0
131647 17.437 10.0 63.987 0
131717 17.437 10.0 63.925 0
131748 17.437 10.0 63.925 0
131818 17.437 10.0 63.925 0
131848 17.437 10.0 63.862 0
131918 17.437 10.0 63.862 0
131948 17.5 10.0 63.8 0
132018 17.5 10.0 63.8 0
132049 17.5 10.0 63.737 0
132120 17.5 10.0 63.737 0
132151 17.5 10.0 63.737 0
132221 17.5 10.0 63.675 0
132252 17.5 10.0 63.675 0
132322 17.5 10.0 63.612 0
132353 17.5 10.0 63.612 0
132423 17.5 10.0 63.487 0
132454 17.5 10.0 63.487 0
132524 17.5 10.0 63.487 0
132554 17.5 10.0 63.362 0
132625 17.5 10.0 63.362 0
132655 17.5 10.0 63.3 0
132725 17.5 10.0 63.237 0
132755 17.5 10.0 63.237 0
132826 17.5 10.0 63.175 0
132856 17.5 10.0 63.175 0
132926 17.5 10.0 63.112 0
132956 17.562 10.0 63.112 0
133026 17.562 10.0 63.112 0
133057 17.562 10.0 63.05 0
133127 17.562 10.0 63.05 0
133157 17.562 10.0 62.987 0
133227 17.75 10.0 62.987 0
133258 17.75 10.0 62.925 0
133329 17.75 10.0 62.925 0
133359 17.75 10.0 62.862 0
133429 17.75 10.0 62.862 0
133459 17.875 10.0 62.8 0
133529 17.875 10.0 62.8 0
133559 17.875 10.0 62.737 0
133629 17.875 10.0 62.737 0
133700 17.875 10.0 62.737 0
133730 18.125 10.0 62.675 0
133800 18.125 10.0 62.675 0
133830 18.125 10.0 62.612 0
133901 18.125 10.0 62.612 0
133931 18.125 10.0 62.55 0
134001 18.25 10.0 62.55 0
134031 18.25 10.0 62.487 0
134101 18.25 10.0 62.487 0
134132 18.25 10.0 62.425 0
134202 18.25 10.0 62.425 0
134232 18.375 10.0 62.425 0
134303 18.375 10.0 62.425 0
134333 18.375 10.0 62.425 0
134404 18.375 10.0 62.425 0
134435 18.375 10.0 62.425 0
134506 18.437 10.0 62.425 0
134536 18.437 10.0 62.362 0
134606 18.437 10.0 62.362 0
134636 18.437 10.0 62.362 0
134709 18.5 10.0 62.362 0
134740 18.5 10.0 62.3 0
134810 18.5 10.0 62.3 0
134840 18.5 10.0 62.3 0
134910 18.5 10.0 62.237 0
134940 18.562 10.0 62.237 0
135010 18.562 10.0 62.175 0
135040 18.562 10.0 62.175 0
135111 18.562 10.0 62.112 0
135141 18.562 10.0 62.05 0
135211 18.562 10.0 62.05 0
135241 18.562 10.0 61.987 0
135311 18.562 10.0 61.987 0
135342 18.562 10.0 61.925 0
135412 18.562 10.0 61.925 0
135442 18.625 10.0 61.862 0
135512 18.625 10.0 61.862 0
135542 18.625 10.0 61.8 0
135613 18.625 10.0 61.8 0
135643 18.625 10.0 61.737 0
135713 18.562 10.0 61.737 0
135744 18.562 10.0 61.675 0
135814 18.562 10.0 61.675 0
135844 18.562 10.0 61.612 0
135915 18.562 10.0 61.612 0
135945 18.625 10.0 61.612 0
140015 18.625 10.0 61.55 0
140046 18.625 10.0 61.55 0
140116 18.625 10.0 61.487 0
140146 18.625 10.0 61.487 0
140216 18.625 10.0 61.425 0
140246 18.625 10.0 61.425 0
140317 18.625 10.0 61.425 0
140347 18.625 10.0 61.362 0
140418 18.625 10.0 61.362 0
140448 18.625 10.0 61.3 0
140518 18.625 10.0 61.3 0
140548 18.625 10.0 61.237 0
140619 18.625 10.0 61.237 0
140650 18.625 10.0 61.175 0
140720 18.687 10.0 61.175 0
140750 18.687 10.0 61.175 0
140820 18.687 10.0 61.112 0
140851 18.687 10.0 61.112 0
140921 18.687 10.0 61.05 0
140951 18.625 10.0 61.05 0
141022 18.625 10.0 60.987 0
141052 18.625 10.0 60.987 0
141122 18.625 10.0 60.987 0
141152 18.625 10.0 60.925 0
141223 18.625 10.0 60.925 0
141253 18.625 10.0 60.862 0
141324 18.625 10.0 60.862 0
141354 18.625 10.0 60.8 0
141425 18.625 10.0 60.737 0
141455 18.625 10.0 60.675 0
141526 18.625 10.0 60.612 0
141556 18.625 10.0 60.55 0
141627 18.625 10.0 60.487 0
141657 18.625 10.0 60.425 0
141727 18.562 10.0 60.425 0
141757 18.562 10.0 60.362 0
141827 18.562 10.0 60.3 0
141857 18.562 10.0 60.3 0
141927 18.562 10.0 60.237 0
141958 18.5 10.0 60.237 0
142028 18.5 10.0 60.175 0
142058 18.5 10.0 60.175 0
142128 18.5 10.0 60.112 0
142159 18.5 10.0 60.112 0
142229 18.5 10.0 60.05 0
142259 18.5 10.0 60.05 0
142329 18.5 10.0 60.05 0
142359 18.5 10.0 59.987 0
142430 18.5 10.0 59.925 0
142500 18.5 10.0 59.925 0
142531 18.5 10.0 59.862 0
142601 18.5 10.0 59.862 0
142631 18.5 10.0 59.8 0
142702 18.5 10.0 59.8 0
142732 18.5 10.0 59.737 0
142802 18.5 10.0 59.737 0
142832 18.5 10.0 59.675 0
142903 18.5 10.0 59.675 0
142933 18.5 10.0 59.487 0
143004 18.5 10.0 59.425 0
143034 18.5 10.0 59.487 0
143104 18.5 10.0 59.487 0
143134 18.5 10.0 59.487 0
143204 18.5 10.0 59.425 0
143235 18.562 10.0 59.425 0
143305 18.562 10.0 59.362 0
143335 18.562 10.0 59.362 0
143405 18.562 10.0 59.3 0
143435 18.562 10.0 59.3 0
143506 18.562 10.0 59.237 0
143536 18.562 10.0 59.237 0
143606 18.562 10.0 59.175 0
143636 18.562 10.0 59.175 0
143706 18.562 10.0 59.112 0
143736 18.5 10.0 59.112 0
143807 18.5 10.0 58.987 0
143837 18.5 10.0 58.925 0
143907 18.5 10.0 58.8 0
143937 18.5 10.0 58.737 0
144008 18.437 10.0 58.675 0
144038 18.437 10.0 58.612 0
144109 18.437 10.0 58.612 0
144139 18.437 10.0 58.55 0
144209 18.437 10.0 58.487 0
144239 18.375 10.0 58.487 0
144309 18.375 10.0 58.425 0
144339 18.375 10.0 58.425 0
144410 18.375 10.0 58.362 0
144440 18.375 10.0 58.362 0
144510 18.375 10.0 58.362 0
144541 18.375 10.0 58.362 0
144611 18.375 10.0 58.362 0
144641 18.375 10.0 58.3 0
144712 18.375 10.0 58.3 0
144743 18.312 10.0 58.3 0
144813 18.312 10.0 58.237 0
144843 18.312 10.0 58.237 0
144913 18.312 10.0 58.237 0
144944 18.312 10.0 58.175 0
145014 18.312 10.0 58.175 0
145044 18.312 10.0 58.175 0
145115 18.312 10.0 58.112 0
145145 18.312 10.0 58.112 0
145217 18.312 10.0 58.112 0
145247 18.312 10.0 58.05 0
145318 18.312 10.0 58.05 0
145348 18.312 10.0 57.987 0
145418 18.312 10.0 57.987 0
145449 18.375 10.0 57.987 0
145519 18.375 10.0 57.925 0
145550 18.375 10.0 57.925 0
145620 18.375 10.0 57.925 0
145650 18.375 10.0 57.862 0
145721 18.437 10.0 57.862 0
145751 18.437 10.0 57.862 0
145822 18.437 10.0 57.8 0
145853 18.437 10.0 57.8 0
145923 18.437 10.0 57.737 0
145954 18.437 10.0 57.737 0
150024 18.437 10.0 57.737 0
150054 18.437 10.0 57.675 0
150124 18.437 10.0 57.612 0
150155 18.437 10.0 57.55 0
150225 18.437 10.0 57.487 0
150255 18.437 10.0 57.425 0
150325 18.437 10.0 57.362 0
150356 18.437 10.0 57.3 0
150426 18.437 10.0 57.3 0
150456 18.437 10.0 57.237 0
150526 18.437 10.0 57.237 0
150556 18.437 10.0 57.175 0
150627 18.437 10.0 57.175 0
150657 18.437 10.0 57.112 0
150727 18.437 10.0 57.05 0
150757 18.437 10.0 57.05 0
150828 18.437 10.0 57.05 0
150858 18.437 10.0 57.05 0
150928 18.437 10.0 56.987 0
150959 18.5 10.0 56.987 0
151029 18.5 10.0 56.925 0
151059 18.5 10.0 56.925 0
151129 18.5 10.0 56.862 0
151159 18.5 10.0 56.862 0
151230 18.5 10.0 56.8 0
151300 18.5 10.0 56.8 0
151330 18.5 10.0 56.8 0
151401 18.5 10.0 56.8 0
151431 18.5 10.0 56.862 0
151501 18.562 10.0 56.987 0
151531 18.562 10.0 57.3 0
151601 18.562 10.0 57.8 0
151632 18.562 10.0 58.425 0
151702 18.562 10.0 59.3 0
151732 18.687 10.0 60.3 0
151802 18.687 10.0 61.362 0
151833 18.687 10.0 62.425 0
151903 18.687 10.0 63.425 0
151933 18.687 10.0 64.175 0
152003 18.75 10.0 64.737 0
152033 18.75 10.0 65.175 0
152104 18.75 10.0 65.55 0
152135 18.75 10.0 65.8 0
152205 18.75 10.0 66.05 0
152235 18.75 10.0 66.175 0
152305 18.75 10.0 66.3 0
152335 18.75 10.0 66.362 0
152406 18.75 10.0 66.487 0
152436 18.75 10.0 66.55 0
152506 18.75 10.0 66.675 0
152536 18.75 10.0 66.737 0
152606 18.75 10.0 66.8 0
152637 18.75 10.0 66.862 0
152708 18.75 10.0 66.862 0
152738 18.687 10.0 66.862 0
152808 18.687 10.0 66.925 0
152838 18.687 10.0 66.925 0
152908 18.687 10.0 66.925 0
152939 18.687 10.0 66.925 0
153009 18.687 10.0 66.987 0
153039 18.687 10.0 66.987 0
153109 18.687 10.0 66.987 0
153139 18.687 10.0 66.987 0
153209 18.687 10.0 66.987 0
153240 18.687 10.0 67.05 0
153310 18.687 10.0 67.05 0
153341 18.687 10.0 67.05 0
153412 18.687 10.0 67.05 0
153442 18.687 10.0 67.05 0
153512 18.687 10.0 67.05 0
153542 18.687 10.0 67.05 0
153613 18.687 10.0 67.05 0
153643 18.687 10.0 67.05 0
153713 18.687 10.0 67.05 0
153743 18.687 10.0 67.05 0
153813 18.687 10.0 67.05 0
153844 18.687 10.0 67.05 0
153914 18.687 10.0 67.112 0
153944 18.687 10.0 67.112 0
154014 18.687 10.0 67.112 0
154044 18.687 10.0 67.112 0
154114 18.687 10.0 67.112 0
154145 18.687 10.0 67.112 0
154215 18.687 10.0 67.112 0
154245 18.687 10.0 67.112 0
154315 18.687 10.0 67.112 0
154345 18.687 10.0 67.112 0
154415 18.687 10.0 67.112 0
154446 18.687 10.0 67.112 0
154516 18.687 10.0 67.112 0
154546 18.687 10.0 67.112 0
154617 18.687 10.0 67.112 0
154647 18.687 10.0 67.112 0
154717 18.687 10.0 67.112 0
154747 18.687 10.0 67.112 0
154817 18.687 10.0 67.05 0
154847 18.687 10.0 67.05 0
154918 18.687 10.0 67.112 0
154948 18.687 10.0 67.05 0
155019 18.687 10.0 67.112 0
155049 18.687 10.0 67.112 0
155119 18.687 10.0 67.112 0
155150 18.687 10.0 67.112 0
155220 18.687 10.0 67.112 0
155250 18.687 10.0 67.05 0
155320 18.687 10.0 67.05 0
155351 18.687 10.0 67.05 0
155421 18.687 10.0 67.05 0
155451 18.687 10.0 67.05 0
155521 18.687 10.0 67.05 0
155552 18.687 10.0 67.05 0
155622 18.687 10.0 67.05 0
155652 18.687 10.0 67.05 0
155722 18.687 10.0 67.05 0
155752 18.625 10.0 67.05 0
155822 18.625 10.0 67.05 0
155853 18.625 10.0 67.05 0
155923 18.625 10.0 66.987 0
155953 18.625 10.0 66.987 0
160023 18.5 10.0 66.987 0
160054 18.5 10.0 66.987 0
160124 18.5 10.0 66.987 0
160155 18.5 10.0 66.987 0
160227 18.437 10.0 66.987 0
160258 18.437 10.0 66.925 0
160328 18.437 10.0 66.925 0
160358 18.437 10.0 66.925 0
160429 18.437 10.0 66.925 0
160459 18.375 10.0 66.925 0
160530 18.375 10.0 66.862 0
160600 18.375 10.0 66.862 0
160630 18.375 10.0 66.862 0
160700 18.375 10.0 66.862 0
160730 18.312 10.0 66.862 0
160800 18.312 10.0 66.862 0
160831 18.312 10.0 66.8 0
160901 18.312 10.0 66.8 0
160931 18.312 10.0 66.8 0
161001 18.25 10.0 66.8 0
161032 18.25 10.0 66.8 0
161102 18.25 10.0 66.737 0
161133 18.25 10.0 66.737 0
161203 18.25 10.0 66.737 0
161234 18.25 10.0 66.737 0
161304 18.25 10.0 66.675 0
161334 18.25 10.0 66.675 0
161405 18.25 10.0 66.675 0
161435 18.25 10.0 66.675 0
161505 18.187 10.0 66.675 0
161535 18.187 10.0 66.612 0
161605 18.187 10.0 66.612 0
161636 18.187 10.0 66.612 0
161707 18.187 10.0 66.55 0
161737 18.187 10.0 66.55 0
161808 18.187 10.0 66.55 0
161838 18.187 10.0 66.55 0
161908 18.187 10.0 66.487 0
161938 18.187 10.0 66.487 0
162008 18.187 10.0 66.487 0
162038 18.187 10.0 66.487 0
162109 18.187 10.0 66.55 0
162139 18.187 10.0 66.612 0
162209 18.187 10.0 66.612 0
162240 18.187 10.0 66.675 0
162310 18.187 10.0 66.675 0
162341 18.187 10.0 66.675 0
162411 18.187 10.0 66.675 0
162442 18.187 10.0 66.612 0
162513 18.187 10.0 66.612 0
162543 18.187 10.0 66.612 0
162613 18.187 10.0 66.612 0
162644 18.187 10.0 66.612 0
162714 18.187 10.0 66.612 0
162744 18.125 10.0 66.55 0
162815 18.125 10.0 66.55 0
162845 18.125 10.0 66.55 0
162915 18.125 10.0 66.55 0
162945 18.125 10.0 66.55 0
163015 18.125 10.0 66.55 0
163046 18.125 10.0 66.55 0
163116 18.125 10.0 66.487 0
163147 18.125 10.0 66.487 0
163217 18.125 10.0 66.487 0
163248 18.125 10.0 66.487 0
163318 18.125 10.0 66.487 0
163348 18.125 10.0 66.487 0
163419 18.125 10.0 66.425 0
163449 18.125 10.0 66.425 0
163520 18.125 10.0 66.425 0
163550 18.125 10.0 66.425 0
163621 18.125 10.0 66.425 0
163651 18.125 10.0 66.362 0
163721 18.125 10.0 66.362 0
163751 18.187 10.0 66.362 0
163821 18.187 21.0 66.362 0
163851 18.187 21.0 66.3 50
163922 18.187 21.0 66.3 50
163952 18.187 21.0 66.237 50
164022 18.187 21.0 66.237 50
164053 18.187 21.0 66.175 50
164123 18.187 21.0 66.112 50
164154 18.187 21.0 66.05 50
164224 18.187 21.0 65.987 50
164254 18.187 21.0 65.862 50
164324 18.187 21.0 65.737 50
164355 18.187 21.0 65.612 50
164425 18.187 21.0 65.425 50
164455 18.187 21.0 65.175 50
164525 18.25 21.0 64.862 50
164555 18.25 21.0 64.425 50
164626 18.25 21.0 63.925 50
164656 18.25 21.0 63.3 50
164727 18.25 21.0 62.487 50
164757 18.312 21.0 61.237 50
164828 18.312 21.0 59.487 0
164858 18.312 21.0 57.8 0
164929 18.312 21.0 56.675 0
164959 18.312 21.0 55.925 0
165029 18.5 21.0 55.425 0
165100 18.5 21.0 55.112 0
165130 18.5 21.0 54.925 0
165200 18.5 21.0 54.737 0
165231 18.5 21.0 54.675 0
165301 18.687 21.0 54.55 0
165331 18.687 21.0 54.487 0
165402 18.687 21.0 54.425 0
165432 18.687 21.0 54.425 0
165502 18.687 21.0 54.362 0
165532 18.75 21.0 54.362 0
165602 18.75 21.0 54.3 0
165632 18.75 21.0 54.3 0
165703 18.75 21.0 54.3 0
165735 18.812 21.0 54.3 0
165806 18.812 21.0 54.425 0
165836 18.812 21.0 54.612 0
165907 18.812 21.0 55.05 0
165937 18.812 21.0 55.675 0
170007 18.875 21.0 56.55 0
170037 18.875 21.0 57.425 0
170108 18.875 21.0 58.362 0
170138 18.875 21.0 59.362 0
170208 18.875 21.0 60.425 50
170238 18.812 21.0 61.55 50
170309 18.812 21.0 62.55 50
170339 18.812 21.0 63.487 50
170409 18.812 21.0 64.175 50
170439 18.812 21.0 64.675 50
170510 18.875 21.0 65.05 50
170540 18.875 21.0 65.3 50
170610 18.875 21.0 65.487 50
170640 18.875 21.0 65.675 50
170711 18.875 21.0 65.8 50
170741 18.937 21.0 65.925 50
170811 18.937 21.0 65.987 50
170841 18.937 21.0 66.05 50
170912 18.937 21.0 66.175 50
170942 18.937 21.0 66.175 50
171012 19.125 21.0 66.175 50
171042 19.125 21.0 66.175 50
171113 19.125 21.0 66.05 50
171143 19.125 21.0 65.862 50
171213 19.125 21.0 65.55 50
171243 19.25 21.0 64.862 50
171313 19.25 21.0 63.737 50
171344 19.25 21.0 62.237 50
171414 19.25 21.0 60.55 50
171444 19.25 21.0 58.612 0
171514 19.437 21.0 57.112 0
171545 19.437 21.0 56.112 0
171615 19.437 21.0 55.487 0
171645 19.437 21.0 55.237 0
171716 19.437 21.0 55.112 0
171746 19.562 21.0 55.362 0
171816 19.562 21.0 55.987 0
171846 19.562 21.0 56.737 0
171916 19.562 21.0 57.55 0
171946 19.562 21.0 58.425 0
172017 19.625 21.0 59.425 0
172047 19.625 21.0 60.55 50
172117 19.625 21.0 61.675 50
172147 19.625 21.0 62.737 50
172217 19.625 21.0 63.675 50
172247 19.687 21.0 64.425 50
172317 19.687 21.0 64.987 50
172348 19.687 21.0 65.362 50
172418 19.687 21.0 65.675 50
172448 19.687 21.0 65.925 50
172518 19.75 21.0 66.05 50
172548 19.75 21.0 66.175 50
172618 19.75 21.0 66.3 50
172648 19.75 21.0 66.425 50
172719 19.75 21.0 66.487 50
172749 19.75 21.0 66.55 50
172819 19.75 21.0 66.55 50
172849 19.75 21.0 66.612 50
172919 19.75 21.0 66.612 50
172950 19.75 21.0 66.55 50
173020 19.812 21.0 66.55 50
173050 19.812 21.0 66.487 50
173120 19.812 21.0 66.362 50
173150 19.812 21.0 66.175 50
173220 19.812 21.0 65.862 50
173250 20.0 21.0 65.3 50
173321 20.0 21.0 64.487 50
173351 20.0 21.0 63.487 50
173421 20.0 21.0 62.3 50
173451 20.0 21.0 61.05 50
173521 20.062 21.0 59.862 0
173551 20.062 21.0 58.862 0
173621 20.062 21.0 58.175 0
173652 20.062 21.0 57.737 0
173722 20.062 21.0 57.425 0
173752 20.125 21.0 57.175 0
173822 20.125 21.0 57.05 50
173852 20.125 21.0 56.862 50
173923 20.125 21.0 56.675 50
173953 20.125 21.0 56.55 50
174023 20.187 21.0 56.612 50
174053 20.187 21.0 56.862 50
174123 20.187 21.0 57.237 50
174154 20.187 21.0 57.925 50
174224 20.187 21.0 58.8 50
174254 20.312 21.0 59.737 50
174324 20.312 21.0 60.737 50
174354 20.312 21.0 61.675 50
174425 20.312 21.0 62.55 50
174455 20.312 21.0 63.237 50
174525 20.375 21.0 63.737 50
174556 20.375 21.0 64.112 50
174626 20.375 21.0 64.362 50
174657 20.375 21.0 64.55 50
174727 20.375 21.0 64.737 50
174758 20.375 21.0 64.862 50
174828 20.375 21.0 64.987 50
174858 20.375 21.0 65.05 50
174928 20.375 21.0 65.112 50
174958 20.375 21.0 65.175 50
175029 20.375 21.0 65.175 50
175059 20.375 21.0 65.175 50
175129 20.375 21.0 65.112 50
175200 20.375 21.0 65.05 50
175230 20.375 21.0 64.925 50
175301 20.375 21.0 64.8 50
175331 20.375 21.0 64.55 50
175401 20.375 21.0 64.237 50
175432 20.375 21.0 63.8 50
175502 20.375 21.0 63.175 50
175533 20.437 21.0 62.55 50
175603 20.437 21.0 61.8 50
175633 20.437 21.0 61.112 50
175703 20.437 21.0 60.362 50
175733 20.437 21.0 59.675 50
175803 20.5 21.0 59.05 50
175834 20.5 21.0 58.487 50
175904 20.5 21.0 58.05 50
175934 20.5 21.0 57.675 50
180005 20.5 21.0 57.362 50
180035 20.562 21.0 57.112 50
180105 20.562 21.0 56.862 50
180136 20.562 21.0 56.675 50
180206 20.562 21.0 56.55 50
180236 20.562 21.0 56.487 50
180307 20.687 21.0 56.425 50
180337 20.687 21.0 56.425 50
180407 20.687 21.0 56.55 50
180438 20.687 21.0 56.862 50
180508 20.687 21.0 57.362 50
180539 20.687 21.0 58.112 50
180609 20.687 21.0 58.925 50
180640 20.687 21.0 59.8 50
180710 20.687 21.0 60.737 50
180740 20.687 21.0 61.737 50
180810 20.75 21.0 62.675 50
180840 20.75 21.0 63.425 50
180911 20.75 21.0 63.987 50
180941 20.75 21.0 64.425 50
181011 20.75 21.0 64.675 50
181041 20.75 21.0 64.925 50
181111 20.75 21.0 65.05 50
181142 20.75 21.0 65.237 50
181212 20.75 21.0 65.3 50
181242 20.75 21.0 65.425 50
181312 20.75 21.0 65.487 50
181343 20.75 21.0 65.55 50
181413 20.75 21.0 65.612 50
181443 20.75 21.0 65.55 50
181515 20.75 21.0 65.55 50
181546 20.75 21.0 65.425 50
181616 20.75 21.0 65.3 50
181647 20.75 21.0 65.112 50
181717 20.75 21.0 64.737 50
181747 20.75 21.0 64.237 50
181817 20.75 21.0 63.55 50
181848 20.75 21.0 62.8 50
181918 20.75 21.0 61.925 50
181948 20.75 21.0 60.987 50
182019 20.75 21.0 60.175 50
182049 20.75 21.0 59.425 50
182119 20.75 21.0 58.737 50
182149 20.75 21.0 58.112 50
182219 20.75 21.0 57.612 50
182249 20.812 21.0 57.237 50
182320 20.812 21.0 56.925 50
182350 20.812 21.0 56.612 50
182420 20.812 21.0 56.425 50
182450 20.812 21.0 56.237 50
182521 20.937 21.0 56.175 50
182551 20.937 21.0 56.175 50
182621 20.937 21.0 56.362 50
182651 20.937 21.0 56.737 50
182721 20.937 21.0 57.3 50
182751 21.062 21.0 58.05 0
182822 21.062 21.0 58.925 0
182852 21.062 21.0 59.862 0
182922 21.062 21.0 60.925 0
182952 21.062 21.0 62.175 0
183023 21.0 21.0 63.3 0
183053 21.0 21.0 64.3 0
183123 21.0 21.0 65.05 0
183154 21.0 21.0 65.675 0
183224 21.0 21.0 66.237 0
183254 21.0 21.0 66.675 0
183325 21.0 21.0 67.05 0
183355 21.0 21.0 67.362 0
183425 21.0 21.0 67.612 0
183456 21.0 21.0 67.862 0
183526 20.937 21.0 68.112 50
183556 20.937 21.0 68.3 50
183627 20.937 21.0 68.55 50
183657 20.937 21.0 68.675 50
183727 20.937 21.0 68.862 50
183757 20.875 21.0 68.925 50
183827 20.875 21.0 69.05 50
183858 20.875 21.0 69.112 50
183928 20.875 21.0 69.175 50
183958 20.875 21.0 69.237 50
184029 20.812 21.0 69.237 50
184059 20.812 21.0 69.3 50
184130 20.812 21.0 69.3 50
184200 20.812 21.0 69.362 50
184230 20.812 21.0 69.362 50
184300 20.812 21.0 69.362 50
184330 20.812 21.0 69.362 50
184400 20.812 21.0 69.362 50
184431 20.812 21.0 69.3 50
184501 20.812 21.0 69.175 50
184532 20.875 21.0 69.112 50
184602 20.875 21.0 68.737 50
184633 20.875 21.0 67.55 50
184703 20.875 21.0 65.8 50
184733 20.875 21.0 63.8 50
184803 20.937 21.0 61.737 50
184833 20.937 21.0 59.8 0
184903 20.937 21.0 58.237 0
184934 20.937 21.0 57.175 0
185004 20.937 21.0 56.425 0
185035 21.062 21.0 55.862 0
185105 21.062 21.0 55.675 0
185135 21.062 21.0 55.612 0
185206 21.062 21.0 55.675 0
185236 21.062 21.0 55.925 0
185306 21.125 21.0 56.362 0
185336 21.125 21.0 56.925 0
185406 21.125 21.0 57.8 0
185437 21.125 21.0 58.8 0
185507 21.125 21.0 59.925 0
185537 21.125 21.0 61.112 0
185607 21.125 21.0 62.362 0
185637 21.125 21.0 63.487 0
185707 21.125 21.0 64.425 0
185738 21.125 21.0 65.237 0
185808 21.125 21.0 65.925 0
185838 21.125 21.0 66.425 0
185908 21.125 21.0 66.862 0
185938 21.125 21.0 67.237 0
190008 21.125 21.0 67.55 0
190039 21.062 21.0 67.862 0
190109 21.062 21.0 68.112 0
190139 21.062 21.0 68.362 0
190209 21.062 21.0 68.55 0
190239 21.062 21.0 68.8 0
190309 20.937 21.0 68.925 50
190339 20.937 21.0 69.112 50
190410 20.937 21.0 69.3 50
190440 20.937 21.0 69.487 50
190510 20.937 21.0 69.612 50
190540 20.875 21.0 69.737 50
190610 20.875 21.0 69.8 50
190640 20.875 21.0 69.925 50
190710 20.875 21.0 69.987 50
190741 20.875 21.0 69.987 50
190811 20.875 21.0 69.925 50
190841 20.875 21.0 69.987 50
190911 20.875 21.0 70.05 50
190941 20.875 21.0 70.05 50
191011 20.875 21.0 70.112 50
191042 20.75 21.0 70.112 50
191112 20.75 21.0 70.05 50
191142 20.75 21.0 70.05 50
191212 20.75 21.0 69.987 50
191242 20.75 21.0 69.925 50
191313 20.75 21.0 69.862 50
191343 20.75 21.0 69.612 50
191413 20.75 21.0 69.112 50
191443 20.75 21.0 68.237 50
191514 20.75 21.0 66.862 50
191544 20.812 21.0 65.112 50
191614 20.812 21.0 63.05 50
191644 20.812 21.0 60.862 50
191715 20.812 21.0 58.675 0
191745 20.812 21.0 57.237 0
191815 20.875 21.0 56.425 0
191845 20.875 21.0 55.925 0
191916 20.875 21.0 55.612 0
191946 20.875 21.0 55.55 0
192016 20.875 21.0 55.612 0
192046 20.875 21.0 55.737 0
192117 20.875 21.0 56.112 0
192147 20.875 21.0 56.612 0
192217 20.875 21.0 57.362 0
192247 20.875 21.0 58.3 0
192317 20.875 21.0 59.362 0
192348 20.875 21.0 60.612 50
192418 20.875 21.0 61.862 50
192448 20.875 21.0 63.112 50
192518 20.875 21.0 64.05 50
192548 20.875 21.0 64.8 50
192619 20.875 21.0 65.3 50
192649 20.875 21.0 65.737 50
192719 20.875 21.0 66.05 50
192749 20.875 21.0 66.237 50
192819 20.812 21.0 66.362 50
192849 20.812 21.0 66.487 50
192919 20.812 21.0 66.55 50
192950 20.812 21.0 66.675 50
193020 20.812 21.0 66.737 50
193051 20.75 21.0 66.8 50
193121 20.75 21.0 66.862 50
193152 20.75 21.0 66.925 50
193222 20.75 21.0 66.925 50
193254 20.75 21.0 66.925 50
193324 20.75 21.0 66.925 50
193354 20.75 21.0 66.862 50
193425 20.75 21.0 66.8 50
193455 20.75 21.0 66.675 50
193525 20.75 21.0 66.425 50
193555 20.75 21.0 65.987 50
193625 20.75 21.0 65.3 50
193655 20.75 21.0 64.425 50
193726 20.75 21.0 63.425 50
193756 20.75 21.0 62.425 50
193826 20.75 21.0 61.425 50
193856 20.75 21.0 60.487 50
193927 20.75 21.0 59.737 0
193957 20.75 21.0 59.175 0
194027 20.812 21.0 58.737 0
194058 20.812 21.0 58.487 0
194128 20.812 21.0 58.3 0
194158 20.812 21.0 58.237 0
194228 20.812 21.0 58.175 0
194258 20.875 21.0 58.112 0
194329 20.875 21.0 58.05 0
194359 20.875 21.0 58.112 0
194429 20.875 21.0 58.112 0
194500 20.875 21.0 58.175 0
194530 20.937 21.0 58.3 0
194600 20.937 21.0 58.425 0
194631 20.937 21.0 58.55 0
194701 20.937 21.0 58.8 0
194731 20.937 21.0 59.05 0
194801 20.937 21.0 59.175 0
194831 20.937 21.0 59.3 0
194902 20.937 21.0 59.425 0
194932 20.937 21.0 59.612 0
195002 20.937 21.0 59.8 0
195032 20.812 21.0 59.987 0
195103 20.812 21.0 60.175 50
195133 20.812 21.0 60.362 50
195203 20.812 21.0 60.55 50
195233 20.812 21.0 60.675 50
195304 20.812 21.0 60.737 50
195334 20.812 21.0 60.8 50
195404 20.812 21.0 60.862 50
195434 20.812 21.0 60.925 50
195504 20.812 21.0 60.925 50
195535 20.812 21.0 60.987 50
195605 20.812 21.0 60.987 50
195636 20.812 21.0 61.05 50
195706 20.812 21.0 61.05 50
195736 20.812 21.0 61.112 50
195806 20.75 21.0 61.112 50
195836 20.75 21.0 61.112 50
195907 20.75 21.0 61.05 50
195937 20.75 21.0 60.987 50
200007 20.75 21.0 60.925 50
200037 20.75 21.0 60.8 50
200107 20.75 21.0 60.55 50
200137 20.75 21.0 60.112 50
200208 20.75 21.0 59.612 0
200238 20.75 21.0 59.175 0
200308 20.875 21.0 58.862 50
200339 20.875 21.0 58.487 50
200409 20.875 21.0 57.925 50
200439 20.875 21.0 57.175 50
200510 20.875 21.0 56.362 50
200540 20.875 21.0 55.55 50
200610 20.875 21.0 54.737 50
200641 20.875 21.0 54.05 50
200711 20.875 21.0 53.612 0
200741 20.875 21.0 53.612 0
200811 21.062 21.0 53.987 0
200842 21.062 21.0 54.8 0
200912 21.062 21.0 55.737 0
200943 21.062 21.0 56.737 0
201013 21.062 21.0 57.862 0
201043 21.0 21.0 59.05 0
201113 21.0 21.0 60.237 0
201143 21.0 21.0 61.612 0
201214 21.0 21.0 62.862 0
201244 21.0 21.0 64.05 0
201314 21.0 21.0 64.987 0
201344 21.0 21.0 65.862 0
201414 21.0 21.0 66.55 0
201445 21.0 21.0 67.112 0
201515 21.0 21.0 67.612 0
201545 20.937 21.0 68.112 50
201615 20.937 21.0 68.612 50
201645 20.937 21.0 69.05 50
201716 20.937 21.0 69.425 50
201746 20.937 21.0 69.8 50
201816 20.937 21.0 70.05 50
201847 20.937 21.0 70.3 50
201917 20.937 21.0 70.487 50
201947 20.937 21.0 70.612 50
202017 20.937 21.0 70.737 50
202048 20.937 21.0 70.862 50
202118 20.937 21.0 70.925 50
202148 20.937 21.0 71.05 50
202218 20.937 21.0 71.112 50
202248 20.937 21.0 71.175 50
202319 20.937 21.0 71.237 50
202349 20.937 21.0 71.237 50
202419 20.937 21.0 71.237 50
202450 20.937 21.0 71.175 50
202520 20.937 21.0 71.05 50
202550 21.0 21.0 70.737 50
202620 21.0 21.0 70.05 50
202650 21.0 21.0 68.925 50
202720 21.0 21.0 67.362 50
202751 21.0 21.0 65.55 50
202821 21.187 21.0 63.675 0
202851 21.187 21.0 62.3 0
202921 21.187 21.0 61.425 0
202952 21.187 21.0 60.862 0
203022 21.187 21.0 60.487 0
203052 21.312 21.0 60.3 0
203122 21.312 21.0 60.112 0
203152 21.312 21.0 60.05 0
203222 21.312 21.0 59.987 0
203253 21.312 21.0 60.05 0
203323 21.5 21.0 60.112 0
203353 21.5 21.0 60.237 0
203423 21.5 21.0 60.425 0
203453 21.5 21.0 60.55 0
203524 21.5 21.0 60.8 0
203554 21.437 21.0 60.987 0
203624 21.437 21.0 61.3 0
203655 21.437 21.0 61.612 0
203725 21.437 21.0 61.862 0
203755 21.437 21.0 62.175 0
203825 21.375 21.0 62.425 0
203855 21.375 21.0 62.675 0
203925 21.375 21.0 62.987 0
203956 21.375 21.0 63.237 0
204026 21.375 21.0 63.612 0
204056 21.25 21.0 63.862 0
204126 21.25 21.0 64.112 0
204156 21.25 21.0 64.362 0
204227 21.25 21.0 64.612 0
204257 21.25 21.0 64.862 0
204327 21.187 21.0 65.175 0
204358 21.187 21.0 65.487 0
204428 21.187 21.0 65.8 0
204458 21.187 21.0 66.05 0
204529 21.187 21.0 66.237 0
204559 21.125 21.0 66.487 0
204630 21.125 21.0 66.612 0
204700 21.125 21.0 66.862 0
204730 21.125 21.0 67.112 0
204802 21.062 21.0 67.362 0
204832 21.062 21.0 67.612 0
204903 21.062 21.0 67.862 0
204933 21.062 21.0 68.05 0
205003 21.062 21.0 68.175 0
205033 20.937 21.0 68.425 50
205103 20.937 21.0 68.612 50
205133 20.937 21.0 68.8 50
205204 20.937 21.0 68.987 50
205234 20.937 21.0 69.175 50
205304 20.812 21.0 69.3 50
205334 20.812 21.0 69.425 50
205404 20.812 21.0 69.487 50
205435 20.812 21.0 69.612 50
205505 20.812 21.0 69.612 50
205535 20.875 21.0 69.737 50
205606 20.875 21.0 69.737 50
205636 20.875 21.0 69.8 50
205706 20.875 21.0 69.862 50
205736 20.875 21.0 69.862 50
205806 20.937 21.0 69.925 50
205836 20.937 21.0 69.862 50
205906 20.937 21.0 69.8 50
205937 20.937 21.0 69.737 50
210007 20.937 21.0 69.612 50
210037 21.062 21.0 69.3 0
210107 21.062 21.0 68.8 0
210137 21.062 21.0 68.487 0
210208 21.062 21.0 68.237 0
210238 21.062 21.0 68.05 0
210308 21.187 21.0 67.925 0
210338 21.187 21.0 67.8 0
210408 21.187 21.0 67.737 0
210438 21.187 21.0 67.675 0
210509 21.187 21.0 67.612 0
210539 21.25 21.0 67.55 0
210609 21.25 21.0 67.487 0
210639 21.25 21.0 67.425 0
210709 21.25 21.0 67.362 0
210739 21.25 21.0 67.3 0
210809 21.25 21.0 67.237 0
210840 21.25 21.0 67.175 0
210910 21.25 21.0 67.112 0
210941 21.25 21.0 67.05 0
211011 21.25 21.0 66.987 0
211041 21.187 21.0 66.925 0
211111 21.187 21.0 66.862 0
211141 21.187 21.0 66.8 0
211211 21.187 21.0 66.737 0
211242 21.187 21.0 66.675 0
211312 21.187 21.0 66.55 0
211342 21.187 21.0 66.55 0
211412 21.187 21.0 66.487 0
211443 21.187 21.0 66.362 0
211513 21.187 21.0 66.05 0
211543 21.125 21.0 65.487 0
211613 21.125 21.0 64.675 0
211643 21.125 21.0 63.987 0
211713 21.125 21.0 63.487 0
211743 21.125 21.0 63.112 0
211814 21.062 21.0 62.925 0
211844 21.062 21.0 62.862 0
211914 21.062 21.0 62.737 0
211944 21.062 21.0 62.737 0
212014 21.062 21.0 62.737 0
212044 20.937 21.0 62.8 50
212114 20.937 21.0 62.8 50
212144 20.937 21.0 62.862 50
212215 20.937 21.0 62.925 50
212245 20.937 21.0 62.925 50
212315 20.875 21.0 62.925 50
212345 20.875 21.0 62.987 50
212415 20.875 21.0 63.05 50
212445 20.875 21.0 63.05 50
212516 20.875 21.0 63.05 50
212546 20.812 21.0 63.112 50
212616 20.812 21.0 63.112 50
212646 20.812 21.0 63.175 50
212716 20.812 21.0 63.175 50
212747 20.812 21.0 63.237 50
212817 20.875 21.0 63.237 50
212847 20.875 21.0 63.175 50
212918 20.875 21.0 63.175 50
212948 20.875 21.0 63.112 50
213018 20.875 21.0 63.05 50
213048 21.0 21.0 62.862 50
213118 21.0 21.0 62.487 50
213148 21.0 21.0 61.737 50
213219 21.0 21.0 60.675 50
213249 21.0 21.0 59.3 0
213319 21.0 21.0 58.175 0
213349 21.0 21.0 57.487 0
213419 21.0 21.0 56.987 0
213449 21.0 21.0 56.612 0
213520 21.0 21.0 56.425 0
213550 21.0 21.0 56.175 0
213620 21.0 21.0 55.925 0
213650 21.0 21.0 55.862 0
213720 21.0 21.0 55.737 0
213750 21.0 21.0 55.925 0
213821 21.125 21.0 56.425 0
213851 21.125 21.0 57.487 0
213921 21.125 21.0 58.612 0
213951 21.125 21.0 59.8 0
214021 21.125 21.0 61.05 0
214051 21.125 21.0 62.3 0
214122 21.125 21.0 63.55 0
214152 21.125 21.0 64.55 0
214222 21.125 21.0 65.362 0
214253 21.125 21.0 66.112 0
214323 21.125 21.0 66.612 0
214353 21.125 21.0 67.112 0
214423 21.125 21.0 67.487 0
214453 21.125 21.0 67.862 0
214523 21.125 21.0 68.237 0
214553 21.062 21.0 68.612 0
214624 21.062 21.0 68.925 0
214654 21.062 21.0 69.3 0
214724 21.062 21.0 69.55 0
214754 21.062 21.0 69.862 0
214825 21.0 21.0 70.175 0
214855 21.0 21.0 70.487 0
214925 21.0 21.0 70.8 0
214955 21.0 21.0 71.05 0
215025 21.0 21.0 71.3 0
215055 20.937 21.0 71.55 50
215126 20.937 21.0 71.737 50
215156 20.937 21.0 71.925 50
215226 20.937 21.0 72.05 50
215257 20.937 21.0 72.237 50
215327 20.937 21.0 72.3 50
215358 20.937 21.0 72.425 50
215428 20.937 21.0 72.487 50
215458 20.937 21.0 72.487 50
215528 20.937 21.0 72.55 50
215558 20.937 21.0 72.55 50
215628 20.937 21.0 72.612 50
215658 20.937 21.0 72.612 50
215729 20.937 21.0 72.675 50
215759 20.937 21.0 72.675 50
215829 20.937 21.0 72.675 50
215859 20.937 21.0 72.737 50
215930 20.937 21.0 72.675 50
220000 20.937 21.0 72.612 50
220030 20.937 21.0 72.612 50
220100 21.0 21.0 72.425 50
220130 21.0 21.0 71.987 50
220200 21.0 21.0 71.3 50
220231 21.0 21.0 69.925 50
220301 21.0 21.0 67.987 50
220331 21.062 21.0 65.675 0
220401 21.062 21.0 63.925 0
220431 21.062 21.0 62.8 0
220502 21.062 21.0 62.05 0
220532 21.062 21.0 61.55 0
220602 21.125 21.0 61.112 0
220633 21.125 21.0 60.8 0
220703 21.125 21.0 60.425 0
220734 21.125 21.0 60.175 0
220804 21.125 21.0 59.862 0
220834 21.125 21.0 59.612 0
220904 21.125 21.0 59.362 0
220934 21.125 21.0 59.175 0
221004 21.125 21.0 58.862 0
221035 21.125 21.0 58.487 0
221106 21.187 21.0 58.175 0
221136 21.187 21.0 57.925 0
221207 21.187 21.0 57.737 0
221237 21.187 21.0 57.675 0
221309 21.125 21.0 57.675 0
221339 21.125 21.0 57.737 0
221409 21.125 21.0 57.737 0
221439 21.125 21.0 57.862 0
221509 21.125 21.0 57.987 0
221540 21.062 21.0 58.112 0
221610 21.062 21.0 58.3 0
221640 21.062 21.0 58.425 0
221710 21.062 21.0 58.55 0
221741 21.062 21.0 58.737 0
221811 21.0 21.0 58.925 0
221841 21.0 21.0 59.05 0
221911 21.0 21.0 59.175 0
221942 21.0 21.0 59.237 0
222012 21.0 21.0 59.425 0
222042 20.937 21.0 59.55 0
222112 20.937 21.0 59.737 0
222142 20.937 21.0 59.862 0
222212 20.937 21.0 60.05 50
222243 20.937 21.0 60.175 50
222313 20.812 21.0 60.3 50
222343 20.812 21.0 60.425 50
222413 20.812 21.0 60.55 50
222443 20.812 21.0 60.675 50
222514 20.812 21.0 60.737 50
222544 20.812 21.0 60.8 50
222614 20.812 21.0 60.862 50
222644 20.812 21.0 60.862 50
222715 20.812 21.0 60.925 50
222745 20.812 21.0 60.925 50
222815 20.75 21.0 60.987 50
222845 20.75 21.0 60.987 50
222915 20.75 21.0 60.987 50
222946 20.75 21.0 60.987 50
223016 20.75 21.0 60.987 50
223046 20.75 21.0 60.987 50
223116 20.75 21.0 60.987 50
223146 20.75 21.0 60.925 50
223217 20.75 21.0 60.862 50
223247 20.75 21.0 60.737 50
223317 20.812 21.0 60.55 50
223347 20.812 21.0 60.112 50
223417 20.812 21.0 59.175 0
223448 20.812 21.0 58.175 0
223518 20.812 21.0 57.175 0
223548 20.812 21.0 56.425 0
223618 20.812 21.0 55.987 0
223648 20.812 21.0 55.675 0
223718 20.812 21.0 55.487 0
223749 20.812 21.0 55.362 0
223819 20.812 21.0 55.175 0
223849 20.812 21.0 55.05 0
223919 20.812 21.0 54.925 0
223949 20.812 21.0 54.925 0
224019 20.812 21.0 54.987 0
224050 20.812 21.0 55.487 0
224121 20.812 21.0 56.425 0
224151 20.812 21.0 57.487 0
224222 20.812 21.0 58.612 0
224252 20.812 21.0 59.737 0
224322 20.812 21.0 60.987 50
224352 20.812 21.0 62.237 50
224422 20.812 21.0 63.362 50
224453 20.812 21.0 64.237 50
224523 20.812 21.0 64.862 50
224553 20.75 21.0 65.362 50
224624 20.75 21.0 65.737 50
224655 20.75 21.0 65.925 50
224725 20.75 21.0 66.112 50
224755 20.75 21.0 66.237 50
224826 20.75 21.0 66.3 50
224856 20.75 21.0 66.425 50
224926 20.75 21.0 66.487 50
224957 20.75 21.0 66.55 50
225027 20.75 21.0 66.55 50
225058 20.75 21.0 66.55 50
225128 20.75 21.0 66.612 50
225158 20.75 21.0 66.55 50
225229 20.75 21.0 66.55 50
225259 20.75 21.0 66.425 50
225329 20.812 21.0 66.362 50
225359 20.812 21.0 66.112 50
225429 20.812 21.0 65.675 50
225500 20.812 21.0 64.987 50
225530 20.812 21.0 63.862 50
225600 20.875 21.0 62.487 50
225631 20.875 21.0 60.862 50
225701 20.875 21.0 59.362 0
225732 20.875 21.0 58.175 0
225802 20.875 21.0 57.3 0
225832 20.875 21.0 56.612 0
225902 20.875 21.0 56.237 0
225932 20.875 21.0 55.925 0
230003 20.875 10.0 55.862 0
230033 20.875 10.0 55.925 0
230103 20.937 10.0 56.3 0
230133 20.937 10.0 56.925 0
230204 20.937 10.0 57.8 0
230234 20.937 10.0 58.8 0
230304 20.937 10.0 59.862 0
230335 20.937 10.0 60.987 0
230405 20.937 10.0 62.175 0
230435 20.937 10.0 63.3 0
230506 20.937 10.0 64.3 0
230536 20.937 10.0 65.112 0
230606 21.0 10.0 65.675 0
230636 21.0 16.0 66.175 0
230706 21.0 16.0 66.55 0
230736 21.0 16.0 66.862 0
230806 21.0 16.0 67.175 0
230837 20.937 16.0 67.425 0
230907 20.937 16.0 67.675 0
230937 20.937 16.0 67.925 0
231007 20.937 16.0 68.112 0
231037 20.937 16.0 68.3 0
231108 20.812 16.0 68.487 0
231138 20.812 16.0 68.612 0
231208 20.812 16.0 68.8 0
231238 20.812 16.0 68.987 0
231308 20.812 16.0 69.175 0
231338 20.75 16.0 69.362 0
231409 20.75 16.0 69.55 0
231439 20.75 16.0 69.675 0
231509 20.75 16.0 69.862 0
231539 20.75 16.0 70.05 50
231610 20.75 16.0 70.237 50
231641 20.75 16.0 70.362 50
231711 20.75 16.0 70.487 50
231741 20.75 16.0 70.612 50
231811 20.75 16.0 70.675 50
231841 20.625 16.0 70.737 50
231912 20.625 16.0 70.8 50
231942 20.625 16.0 70.862 50
232012 20.625 16.0 70.862 50
232042 20.625 16.0 70.925 50
232112 20.562 16.0 70.925 50
232142 20.562 16.0 70.925 50
232212 20.562 16.0 70.925 50
232243 20.562 16.0 70.862 50
232313 20.562 16.0 70.675 50
232343 20.562 16.0 70.8 50
232413 20.562 16.0 70.737 50
232443 20.562 16.0 70.487 50
232514 20.562 16.0 70.112 50
232544 20.562 16.0 69.425 0
232614 20.687 16.0 68.8 0
232644 20.687 16.0 68.362 0
232715 20.687 16.0 68.05 0
232745 20.687 16.0 67.862 0
232815 20.687 16.0 67.737 0
232845 20.75 16.0 67.612 0
232916 20.75 16.0 67.487 0
232947 20.75 16.0 67.425 0
233017 20.75 16.0 67.3 0
233049 20.812 16.0 67.237 0
233119 20.812 16.0 67.112 0
233150 20.812 16.0 67.05 0
233220 20.812 16.0 66.987 0
233251 20.812 16.0 66.862 0
233321 20.812 16.0 66.8 0
233351 20.812 16.0 66.737 0
233422 20.812 16.0 66.675 0
233452 20.812 16.0 66.55 0
233522 20.812 16.0 66.487 0
233552 20.75 16.0 66.425 0
233623 20.75 16.0 66.3 0
233653 20.75 16.0 66.237 0
233724 20.75 16.0 66.175 0
233754 20.75 16.0 66.112 0
233824 20.687 16.0 65.987 0
233854 20.687 16.0 65.925 0
233925 20.687 16.0 65.862 0
233956 20.687 16.0 65.737 0
234026 20.687 16.0 65.675 0
234056 20.625 16.0 65.612 0
234126 20.625 16.0 65.487 0
234157 20.625 16.0 65.425 0
234227 20.625 16.0 65.362 0
234257 20.625 16.0 65.3 0
234327 20.562 16.0 65.175 0
234357 20.562 16.0 65.112 0
234427 20.562 16.0 64.8 0
234458 20.562 16.0 64.05 0
234528 20.562 16.0 62.987 0
234558 20.562 16.0 61.862 0
234628 20.562 16.0 60.862 0
234658 20.562 16.0 60.112 0
234729 20.562 16.0 59.487 0
234759 20.562 16.0 59.175 0
234829 20.5 16.0 58.862 0
234859 20.5 16.0 58.737 0
234929 20.5 16.0 58.675 0
234959 20.5 16.0 58.612 0
235030 20.5 16.0 58.55 0
235100 20.437 16.0 58.55 0
235130 20.437 16.0 58.55 0
235200 20.437 16.0 58.55 0
235230 20.437 16.0 58.55 0
235300 20.437 16.0 58.55 0
235330 20.375 16.0 58.612 0
235401 20.375 16.0 58.612 0
235431 20.375 16.0 58.675 0
235501 20.375 16.0 58.737 0
235532 20.375 16.0 58.8 0
235602 20.312 16.0 58.862 0
235632 20.312 16.0 58.925 0
235702 20.312 16.0 58.987 0
235732 20.312 16.0 59.112 0
235803 20.312 16.0 59.175 0
235833 20.25 16.0 59.237 0
