235931 19.75 16.0 57.487 0
000001 19.75 16.0 57.3 0
000032 19.75 16.0 57.175 0
000103 19.75 16.0 56.987 0
000133 19.75 16.0 56.8 0
000203 19.625 16.0 56.8 0
000233 19.625 16.0 56.675 0
000303 19.625 16.0 56.612 0
000334 19.625 16.0 56.362 0
000405 19.625 16.0 56.112 0
000435 19.562 16.0 56.112 0
000505 19.562 16.0 56.487 0
000536 19.562 16.0 56.925 0
000606 19.562 16.0 57.8 0
000636 19.562 16.0 58.8 0
000707 19.437 16.0 59.925 0
000737 19.437 16.0 61.112 0
000808 19.437 16.0 62.3 0
000838 19.437 16.0 63.425 0
000908 19.437 16.0 64.3 0
000938 19.375 16.0 64.987 0
001009 19.375 16.0 65.55 0
001039 19.375 16.0 65.987 0
001109 19.375 16.0 66.362 0
001140 19.375 16.0 66.675 0
001210 19.25 16.0 66.925 0
001240 19.25 16.0 67.112 0
001311 19.25 16.0 67.3 0
001341 19.25 16.0 67.55 0
001411 19.25 16.0 67.675 0
001441 19.187 16.0 67.737 0
001512 19.187 16.0 67.862 0
001543 19.187 16.0 67.925 0
001613 19.187 16.0 67.987 0
001643 19.187 16.0 68.05 0
001714 19.062 16.0 68.175 0
001745 19.062 16.0 68.237 0
001816 19.062 16.0 68.362 0
001846 19.062 16.0 68.487 0
001916 19.062 16.0 68.612 0
001946 19.0 16.0 68.55 0
002016 19.0 16.0 68.675 0
002046 19.0 16.0 68.675 0
002117 19.0 16.0 68.737 0
002147 19.0 16.0 68.862 0
002217 18.937 16.0 68.925 0
002247 18.937 16.0 68.987 0
002317 18.937 16.0 69.112 0
002348 18.937 16.0 69.175 0
002418 18.937 16.0 69.3 0
002449 18.875 16.0 69.425 0
002519 18.875 16.0 69.55 0
002549 18.875 16.0 69.612 0
002619 18.875 16.0 69.737 0
002652 18.812 16.0 69.862 0
002722 18.812 16.0 69.925 0
002753 18.812 16.0 70.05 50
002823 18.812 16.0 70.112 50
002854 18.812 16.0 70.237 50
002924 18.75 16.0 70.362 50
002954 18.75 16.0 70.425 50
003024 18.75 16.0 70.425 50
003054 18.75 16.0 70.487 50
003125 18.75 16.0 70.487 50
003155 18.687 16.0 70.55 50
003226 18.687 16.0 70.55 50
003257 18.687 16.0 70.55 50
003327 18.687 16.0 70.487 50
003357 18.687 16.0 70.55 50
003428 18.687 16.0 70.487 50
003458 18.687 16.0 70.487 50
003528 18.687 16.0 70.425 50
003558 18.687 16.0 70.362 50
003629 18.687 16.0 70.175 50
003659 18.812 16.0 69.925 0
003729 18.812 16.0 69.487 0
003800 18.812 16.0 69.112 0
003830 18.812 16.0 68.862 0
003901 18.812 16.0 68.675 0
003931 18.937 16.0 68.55 0
004001 18.937 16.0 68.425 0
004032 18.937 16.0 68.3 0
004102 18.937 16.0 68.237 0
004132 18.937 16.0 68.112 0
004203 19.0 16.0 68.05 0
004233 19.0 16.0 67.987 0
004303 19.0 16.0 67.862 0
004334 19.0 16.0 67.8 0
004404 19.0 16.0 67.737 0
004435 19.062 16.0 67.612 0
004505 19.062 16.0 67.55 0
004535 19.062 16.0 67.487 0
004605 19.062 16.0 67.425 0
004635 19.062 16.0 67.3 0
004706 19.062 16.0 67.05 0
004736 19.062 16.0 66.425 0
004806 19.062 16.0 65.487 0
004836 19.062 16.0 64.612 0
004906 19.062 16.0 63.987 0
004937 19.062 16.0 63.55 0
005008 19.062 16.0 63.3 0
005038 19.062 16.0 63.05 0
005108 19.062 16.0 62.925 0
005138 19.062 16.0 62.8 0
005208 19.0 16.0 62.737 0
005239 19.0 16.0 62.675 0
005309 19.0 16.0 62.55 0
005339 19.0 16.0 62.487 0
005409 19.0 16.0 62.425 0
005440 18.937 16.0 62.3 0
005510 18.937 16.0 62.237 0
005540 18.937 16.0 62.175 0
005611 18.937 16.0 62.112 0
005642 18.937 16.0 62.175 0
005712 18.812 16.0 61.987 0
005743 18.812 16.0 61.925 0
005814 18.812 16.0 61.8 0
005845 18.812 16.0 61.737 0
005915 18.812 16.0 61.675 0
005946 18.812 16.0 61.612 0
010017 18.812 16.0 61.487 0
010047 18.812 16.0 61.425 0
010117 18.812 16.0 61.362 0
010147 18.812 16.0 61.3 0
010217 18.75 16.0 61.175 0
010248 18.75 16.0 61.112 0
010319 18.75 16.0 61.05 0
010350 18.75 16.0 60.987 0
010420 18.75 16.0 60.8 0
010450 18.687 16.0 60.237 0
010521 18.687 16.0 59.112 0
010551 18.687 16.0 58.112 0
010621 18.687 16.0 57.3 0
010652 18.687 16.0 56.737 0
010722 18.625 16.0 56.3 0
010753 18.625 16.0 56.05 0
010824 18.625 16.0 55.862 0
010854 18.625 16.0 55.8 0
010924 18.625 16.0 55.8 0
010954 18.5 16.0 55.925 0
011025 18.5 16.0 56.112 0
011056 18.5 16.0 56.3 0
011127 18.5 16.0 56.487 0
011159 18.5 16.0 57.237 0
011229 18.5 16.0 58.05 0
011300 18.5 16.0 58.987 0
011330 18.5 16.0 60.05 0
011400 18.5 16.0 61.175 0
011431 18.437 16.0 62.362 0
011502 18.437 16.0 63.425 0
011532 18.437 16.0 64.362 0
011603 18.437 16.0 65.05 0
011634 18.437 16.0 65.612 0
011704 18.375 16.0 66.05 0
011735 18.375 16.0 66.425 0
011806 18.375 16.0 66.675 0
011836 18.375 16.0 66.925 0
011906 18.375 16.0 66.925 0
011937 18.312 16.0 67.05 0
012008 18.312 16.0 67.175 0
012038 18.312 16.0 67.3 0
012109 18.312 16.0 67.425 0
012140 18.312 16.0 67.487 0
012210 18.25 16.0 67.55 0
012241 18.25 16.0 67.675 0
012311 18.25 16.0 67.737 0
012342 18.25 16.0 67.737 0
012413 18.25 16.0 67.8 0
012443 18.25 16.0 67.862 0
012514 18.25 16.0 67.925 0
012544 18.25 16.0 67.925 0
012614 18.25 16.0 67.987 0
012645 18.25 16.0 68.05 0
012716 18.187 16.0 68.112 0
012746 18.187 16.0 68.175 0
012817 18.187 16.0 68.175 0
012847 18.187 16.0 68.3 0
012918 18.187 16.0 68.362 0
012948 18.125 16.0 68.425 0
013018 18.125 16.0 68.487 0
013049 18.125 16.0 68.55 0
013119 18.125 16.0 68.612 0
013149 18.125 16.0 68.675 0
013219 18.062 16.0 68.737 0
013249 18.062 16.0 68.737 0
013319 18.062 16.0 68.8 0
013349 18.062 16.0 68.862 0
013420 18.062 16.0 68.925 0
013451 18.0 16.0 68.987 0
013521 18.0 16.0 69.05 0
013552 18.0 16.0 69.112 0
013622 18.0 16.0 69.175 0
013652 18.0 16.0 69.237 0
013722 18.0 16.0 69.3 0
013752 18.0 16.0 69.362 0
013823 18.0 16.0 69.425 0
013853 18.0 16.0 69.425 0
013924 18.0 16.0 69.487 0
013955 18.0 16.0 69.55 0
014025 18.0 16.0 69.55 0
014055 18.0 16.0 69.55 0
014126 18.0 16.0 69.612 0
014157 18.0 16.0 69.612 0
014227 17.937 16.0 69.612 0
014257 17.937 16.0 69.675 0
014328 17.937 16.0 69.675 0
014358 17.937 16.0 69.675 0
014428 17.937 16.0 69.675 0
014458 17.875 16.0 69.675 0
014528 17.875 16.0 69.737 0
014558 17.875 16.0 69.737 0
014629 17.875 16.0 69.737 0
014659 17.875 16.0 69.8 0
014730 17.875 16.0 69.8 0
014801 17.875 16.0 69.862 0
014831 17.875 16.0 69.862 0
014902 17.875 16.0 69.925 0
014934 17.875 16.0 69.987 0
015005 17.875 16.0 70.05 0
015036 17.875 16.0 70.175 50
015106 17.875 16.0 70.237 50
015136 17.875 16.0 70.3 50
015206 17.812 16.0 70.362 50
015237 17.812 16.0 70.362 50
015308 17.812 16.0 70.425 50
015338 17.812 16.0 70.425 50
015409 17.812 16.0 70.425 50
015439 17.812 16.0 70.425 50
015509 17.812 16.0 70.425 50
015540 17.812 16.0 70.425 50
015611 17.812 16.0 70.425 50
015641 17.812 16.0 70.362 50
015711 17.875 16.0 70.3 50
015742 17.875 16.0 70.237 50
015813 17.875 16.0 70.112 50
015843 17.875 16.0 69.925 0
015914 17.875 16.0 69.675 0
015945 17.937 16.0 69.487 0
020016 17.937 16.0 69.362 0
020046 17.937 16.0 69.237 0
020117 17.937 16.0 69.112 0
020147 17.937 16.0 69.05 0
020217 18.062 16.0 68.987 0
020248 18.062 16.0 68.862 0
020318 18.062 16.0 68.8 0
020348 18.062 16.0 68.737 0
020418 18.062 16.0 68.675 0
020449 18.187 16.0 68.612 0
020519 18.187 16.0 68.425 0
020550 18.187 16.0 68.425 0
020620 18.187 16.0 68.362 0
020651 18.187 16.0 68.3 0
020721 18.187 16.0 68.237 0
020751 18.187 16.0 68.175 0
020821 18.187 16.0 68.05 0
020852 18.187 16.0 67.987 0
020923 18.187 16.0 67.925 0
020953 18.25 16.0 67.862 0
021024 18.25 16.0 67.8 0
021055 18.25 16.0 67.737 0
021125 18.25 16.0 67.612 0
021156 18.25 16.0 67.55 0
021227 18.187 16.0 67.3 0
021257 18.187 16.0 67.237 0
021328 18.187 16.0 67.112 0
021359 18.187 16.0 67.05 0
021429 18.187 16.0 66.8 0
021459 18.187 16.0 66.3 0
021529 18.187 16.0 65.425 0
021559 18.187 16.0 64.55 0
021630 18.187 16.0 63.925 0
021701 18.187 16.0 63.487 0
021731 18.187 16.0 63.237 0
021802 18.187 16.0 63.05 0
021833 18.187 16.0 62.862 0
021903 18.187 16.0 62.737 0
021933 18.187 16.0 62.675 0
022004 18.125 16.0 62.55 0
022034 18.125 16.0 62.487 0
022104 18.125 16.0 62.425 0
022135 18.125 16.0 62.175 0
022206 18.125 16.0 62.237 0
022237 18.125 16.0 62.175 0
022307 18.125 16.0 62.05 0
022338 18.125 16.0 61.987 0
022409 18.125 16.0 61.925 0
022441 18.062 16.0 61.862 0
022512 18.062 16.0 61.8 0
022543 18.062 16.0 61.675 0
022613 18.062 16.0 61.612 0
022644 18.062 16.0 61.55 0
022714 18.0 16.0 61.487 0
022745 18.0 16.0 61.425 0
022815 18.0 16.0 61.3 0
022846 18.0 16.0 61.237 0
022916 18.0 16.0 61.175 0
022947 17.937 16.0 61.112 0
023018 17.937 16.0 61.05 0
023048 17.937 16.0 60.925 0
023119 17.937 16.0 60.8 0
023149 17.937 16.0 60.362 0
023219 17.937 16.0 59.487 0
023250 17.937 16.0 58.362 0
023320 17.937 16.0 57.237 0
023351 17.937 16.0 56.3 0
023421 17.937 16.0 55.675 0
023451 17.875 16.0 55.175 0
023521 17.875 16.0 54.925 0
023552 17.875 16.0 54.862 0
023622 17.875 16.0 55.112 0
023652 17.875 16.0 55.362 0
023723 17.812 16.0 55.862 0
023753 17.812 16.0 56.675 0
023824 17.812 16.0 57.675 0
023854 17.812 16.0 58.675 0
023925 17.812 16.0 59.8 0
023955 17.812 16.0 60.925 0
024026 17.812 16.0 62.112 0
024056 17.812 16.0 63.3 0
024127 17.812 16.0 64.175 0
024157 17.812 16.0 64.925 0
024228 17.75 16.0 65.425 0
024258 17.75 16.0 65.8 0
024328 17.75 16.0 66.112 0
024359 17.75 16.0 66.362 0
024430 17.75 16.0 66.612 0
024500 17.687 16.0 66.8 0
024531 17.687 16.0 66.987 0
024601 17.687 16.0 66.925 0
024632 17.687 16.0 66.987 0
024702 17.687 16.0 67.05 0
024732 17.687 16.0 67.112 0
024802 17.687 16.0 67.237 0
024833 17.687 16.0 67.3 0
024904 17.687 16.0 67.362 0
024935 17.687 16.0 67.425 0
025005 17.625 16.0 67.487 0
025035 17.625 16.0 67.55 0
025106 17.625 16.0 67.55 0
025136 17.625 16.0 67.55 0
025207 17.625 16.0 67.612 0
025237 17.625 16.0 67.612 0
025308 17.625 16.0 67.675 0
025338 17.625 16.0 67.675 0
025409 17.625 16.0 67.675 0
025439 17.625 16.0 67.737 0
025510 17.562 16.0 67.737 0
025540 17.562 16.0 67.8 0
025611 17.562 16.0 67.862 0
025642 17.562 16.0 67.862 0
025713 17.562 16.0 67.925 0
025743 17.562 16.0 67.925 0
025814 17.562 16.0 67.925 0
025844 17.562 16.0 67.987 0
025914 17.562 16.0 67.987 0
025947 17.5 16.0 68.05 0
030017 17.5 16.0 68.05 0
030048 17.5 16.0 68.112 0
030118 17.5 16.0 68.175 0
030148 17.5 16.0 68.237 0
030218 17.5 16.0 68.425 0
030249 17.5 16.0 68.487 0
030319 17.5 16.0 68.55 0
030350 17.5 16.0 68.612 0
030421 17.5 16.0 68.612 0
030451 17.437 16.0 68.612 0
030522 17.437 16.0 68.425 0
030553 17.437 16.0 68.425 0
030623 17.437 16.0 68.487 0
030653 17.437 16.0 68.612 0
030723 17.437 16.0 68.487 0
030754 17.437 16.0 68.55 0
030824 17.437 16.0 68.55 0
030855 17.437 16.0 68.675 0
030925 17.437 16.0 68.675 0
030956 17.375 16.0 68.675 0
031027 17.375 16.0 68.55 0
031057 17.375 16.0 68.487 0
031128 17.375 16.0 68.487 0
031159 17.375 16.0 68.487 0
031229 17.375 16.0 68.487 0
031300 17.375 16.0 68.487 0
031331 17.375 16.0 68.487 0
031402 17.375 16.0 68.487 0
031432 17.375 16.0 68.55 0
031503 17.375 16.0 68.612 0
031534 17.375 16.0 68.612 0
031604 17.375 16.0 68.612 0
031635 17.375 16.0 68.612 0
031706 17.375 16.0 68.612 0
031736 17.375 16.0 68.612 0
031806 17.375 16.0 68.612 0
031837 17.375 16.0 68.612 0
031908 17.375 16.0 68.55 0
031938 17.375 16.0 68.55 0
032009 17.312 16.0 68.55 0
032039 17.312 16.0 68.55 0
032109 17.312 16.0 68.55 0
032140 17.312 16.0 68.675 0
032210 17.312 16.0 68.737 0
032241 17.25 16.0 68.8 0
032311 17.25 16.0 68.8 0
032341 17.25 16.0 68.862 0
032412 17.25 16.0 68.862 0
032442 17.25 16.0 68.862 0
032512 17.25 16.0 68.862 0
032543 17.25 16.0 68.925 0
032613 17.25 16.0 68.925 0
032643 17.25 16.0 68.925 0
032714 17.25 16.0 68.925 0
032744 17.187 16.0 68.862 0
032814 17.187 16.0 68.925 0
032845 17.187 16.0 68.925 0
032915 17.187 16.0 68.925 0
032946 17.187 16.0 68.925 0
033017 17.187 16.0 68.925 0
033047 17.187 16.0 68.925 0
033117 17.187 16.0 68.925 0
033148 17.187 16.0 68.925 0
033218 17.187 16.0 68.862 0
033249 17.187 16.0 68.862 0
033319 17.187 16.0 68.862 0
033349 17.187 16.0 68.862 0
033420 17.187 16.0 68.862 0
033452 17.125 16.0 68.862 0
033522 17.125 16.0 68.862 0
033553 17.125 16.0 68.862 0
033623 17.125 16.0 68.862 0
033653 17.125 16.0 68.862 0
033723 17.125 16.0 68.862 0
033754 17.125 16.0 68.8 0
033824 17.125 16.0 68.8 0
033854 17.125 16.0 68.8 0
033925 17.125 16.0 68.8 0
033956 17.062 16.0 68.8 0
034026 17.062 16.0 68.8 0
034056 17.062 16.0 68.8 0
034126 17.062 16.0 68.8 0
034157 17.062 16.0 68.8 0
034227 17.125 16.0 68.862 0
034257 17.125 16.0 68.925 0
034328 17.125 16.0 69.05 0
034358 17.125 16.0 69.175 0
034429 17.125 16.0 69.3 0
034459 17.062 16.0 69.362 0
034530 17.062 16.0 69.425 0
034601 17.062 16.0 69.487 0
034632 17.062 16.0 69.55 0
034702 17.062 16.0 69.612 0
034732 17.062 16.0 69.612 0
034803 17.062 16.0 69.675 0
034833 17.062 16.0 69.487 0
034904 17.062 16.0 69.612 0
034935 17.062 16.0 69.612 0
035005 17.062 16.0 69.675 0
035036 17.062 16.0 69.737 0
035106 17.062 16.0 69.737 0
035137 17.062 16.0 69.737 0
035208 17.062 16.0 69.737 0
035238 17.0 16.0 69.8 0
035308 17.0 16.0 69.8 0
035339 17.0 16.0 69.8 0
035409 17.0 16.0 69.8 0
035439 17.0 16.0 69.8 0
035510 17.0 16.0 69.8 0
035541 17.0 16.0 69.8 0
035612 17.0 16.0 69.8 0
035642 17.0 16.0 69.675 0
035713 17.0 16.0 69.8 0
035744 17.0 16.0 69.8 0
035814 17.0 16.0 69.862 0
035845 17.0 16.0 69.862 0
035915 17.0 16.0 69.862 0
035946 17.0 16.0 69.925 0
040017 16.937 16.0 69.925 0
040047 16.937 16.0 69.925 0
040117 16.937 16.0 69.925 0
040148 16.937 16.0 69.925 0
040218 16.937 16.0 69.925 0
040249 16.937 16.0 69.925 0
040320 16.937 16.0 69.925 0
040350 16.937 16.0 69.925 0
040421 16.937 16.0 69.925 0
040452 16.937 16.0 69.925 0
040523 16.937 16.0 69.925 0
040553 16.937 16.0 69.925 0
040623 16.937 16.0 69.925 0
040654 16.937 16.0 69.925 0
040727 16.875 16.0 69.925 0
040758 16.875 16.0 69.925 0
040828 16.875 16.0 69.862 0
040859 16.875 16.0 69.925 0
040929 16.875 16.0 69.987 0
041000 16.875 16.0 69.987 0
041030 16.875 16.0 69.987 0
041100 16.875 16.0 69.987 0
041131 16.875 16.0 69.987 0
041201 16.875 16.0 69.925 0
041232 16.875 16.0 69.925 0
041303 16.875 16.0 69.925 0
041333 16.875 16.0 69.862 0
041404 16.875 16.0 69.862 0
041434 16.875 16.0 69.862 0
041505 16.812 16.0 69.862 0
041536 16.812 16.0 69.862 0
041606 16.812 16.0 69.862 0
041637 16.812 16.0 69.862 0
041707 16.812 16.0 69.8 0
041737 16.812 16.0 69.737 0
041808 16.812 16.0 69.737 0
041839 16.812 16.0 69.8 0
041909 16.812 16.0 69.737 0
041940 16.812 16.0 69.737 0
042011 16.812 16.0 69.675 0
042041 16.812 16.0 69.675 0
042112 16.812 16.0 69.612 0
042143 16.812 16.0 69.612 0
042213 16.812 16.0 69.612 0
042244 16.812 16.0 69.55 0
042314 16.812 16.0 69.55 0
042345 16.812 16.0 69.55 0
042416 16.812 16.0 69.487 0
042446 16.812 16.0 69.487 0
042517 16.75 16.0 69.487 0
042548 16.75 16.0 69.487 0
042618 16.75 16.0 69.425 0
042649 16.75 16.0 69.425 0
042719 16.75 16.0 69.425 0
042750 16.75 16.0 69.425 0
042820 16.75 16.0 69.362 0
042851 16.75 16.0 69.362 0
042921 16.75 16.0 69.362 0
042951 16.75 16.0 69.362 0
043022 16.75 16.0 69.3 0
043052 16.75 16.0 69.3 0
043122 16.75 16.0 69.3 0
043153 16.75 16.0 69.237 0
043223 16.75 16.0 69.237 0
043253 16.687 16.0 69.237 0
043324 16.687 16.0 69.237 0
043355 16.687 16.0 69.175 0
043425 16.687 16.0 69.175 0
043456 16.687 16.0 69.175 0
043526 16.687 16.0 69.175 0
043557 16.687 16.0 69.112 0
043627 16.687 16.0 69.112 0
043658 16.687 16.0 69.05 0
043730 16.687 16.0 69.05 0
043801 16.687 16.0 69.05 0
043832 16.687 16.0 68.987 0
043902 16.687 16.0 68.987 0
043933 16.687 16.0 68.925 0
044003 16.687 16.0 68.925 0
044034 16.687 16.0 68.862 0
044105 16.687 16.0 68.862 0
044135 16.687 16.0 68.862 0
044206 16.687 16.0 68.8 0
044236 16.625 16.0 68.8 0
044307 16.625 16.0 68.8 0
044337 16.625 16.0 68.8 0
044408 16.625 16.0 68.862 0
044438 16.625 16.0 68.925 0
044509 16.625 16.0 69.05 0
044540 16.625 16.0 69.112 0
044610 16.625 16.0 69.175 0
044641 16.625 16.0 69.237 0
044712 16.625 16.0 69.237 0
044742 16.625 16.0 69.362 0
044813 16.625 16.0 69.362 0
044843 16.625 16.0 69.425 0
044913 16.625 16.0 69.425 0
044944 16.625 16.0 69.425 0
045014 16.625 16.0 69.425 0
045044 16.625 16.0 69.487 0
045115 16.625 16.0 69.487 0
045145 16.625 16.0 69.487 0
045216 16.625 16.0 69.487 0
045246 16.625 16.0 69.55 0
045317 16.625 16.0 69.487 0
045347 16.625 16.0 69.487 0
045417 16.625 16.0 69.487 0
045448 16.625 16.0 69.55 0
045518 16.625 16.0 69.55 0
045549 16.625 16.0 69.487 0
045620 16.625 16.0 69.487 0
045650 16.625 16.0 69.487 0
045721 16.625 16.0 69.487 0
045751 16.562 16.0 69.425 0
045822 16.562 16.0 69.425 0
045852 16.562 16.0 69.425 0
045923 16.562 16.0 69.425 0
045954 16.562 16.0 69.362 0
050025 16.562 16.0 69.362 0
050055 16.562 16.0 69.362 0
050126 16.562 16.0 69.362 0
050156 16.562 16.0 69.362 0
050227 16.562 16.0 69.3 0
050257 16.562 16.0 69.3 0
050328 16.562 16.0 69.3 0
050359 16.562 16.0 69.3 0
050430 16.562 16.0 69.3 0
050500 16.562 16.0 69.3 0
050530 16.5 16.0 69.237 0
050601 16.5 16.0 69.237 0
050632 16.5 16.0 69.237 0
050702 16.5 16.0 69.237 0
050735 16.5 16.0 69.175 0
050805 16.5 16.0 69.175 0
050836 16.5 16.0 69.175 0
050907 16.5 16.0 69.175 0
050937 16.5 16.0 69.175 0
051008 16.5 16.0 68.987 0
051038 16.5 16.0 68.925 0
051109 16.5 16.0 68.987 0
051139 16.5 16.0 68.925 0
051210 16.5 16.0 68.925 0
051240 16.5 16.0 68.987 0
051311 16.5 16.0 68.987 0
051341 16.5 16.0 68.987 0
051412 16.5 16.0 68.987 0
051443 16.5 16.0 68.987 0
051513 16.5 16.0 68.925 0
051543 16.5 16.0 68.925 0
051614 16.5 16.0 68.925 0
051644 16.5 16.0 68.862 0
051715 16.5 16.0 68.862 0
051745 16.5 16.0 68.862 0
051816 16.5 16.0 68.862 0
051846 16.5 16.0 68.8 0
051916 16.5 16.0 68.8 0
051947 16.5 16.0 68.8 0
052018 16.437 16.0 68.737 0
052048 16.437 16.0 68.737 0
052118 16.437 16.0 68.737 0
052149 16.437 16.0 68.737 0
052219 16.437 16.0 68.675 0
052250 16.437 16.0 68.675 0
052320 16.437 16.0 68.675 0
052351 16.437 16.0 68.675 0
052421 16.437 16.0 68.612 0
052452 16.437 16.0 68.612 0
052523 16.437 16.0 68.612 0
052553 16.437 16.0 68.55 0
052623 16.437 16.0 68.55 0
052654 16.437 16.0 68.55 0
052724 16.437 16.0 68.487 0
052755 16.437 16.0 68.487 0
052825 16.437 16.0 68.487 0
052855 16.437 16.0 68.425 0
052926 16.437 16.0 68.425 0
052956 16.437 16.0 68.362 0
053026 16.375 16.0 68.362 0
053057 16.375 16.0 68.362 0
053127 16.375 16.0 68.3 0
053158 16.375 16.0 68.3 0
053228 16.375 16.0 68.237 0
053258 16.437 16.0 68.237 0
053328 16.437 16.0 68.237 0
053359 16.437 16.0 68.175 0
053429 16.437 16.0 68.175 0
053500 16.437 16.0 68.112 0
053531 16.375 16.0 68.112 0
053602 16.375 16.0 68.112 0
053632 16.375 16.0 68.05 0
053702 16.375 16.0 68.05 0
053733 16.375 16.0 67.987 0
053803 16.375 16.0 67.987 0
053834 16.375 16.0 67.987 0
053905 16.375 16.0 67.925 0
053935 16.375 16.0 67.925 0
054006 16.375 16.0 67.862 0
054037 16.375 16.0 67.862 0
054108 16.375 16.0 67.862 0
054138 16.375 16.0 67.8 0
054208 16.375 16.0 67.8 0
054241 16.312 16.0 67.737 0
054311 16.312 16.0 67.737 0
054341 16.312 16.0 67.737 0
054412 16.312 16.0 67.675 0
054442 16.312 16.0 67.675 0
054513 16.312 16.0 67.675 0
054543 16.312 16.0 67.737 0
054613 16.312 16.0 67.8 0
054644 16.312 16.0 67.925 0
054714 16.312 16.0 67.987 0
054745 16.312 16.0 68.05 0
054815 16.312 16.0 68.112 0
054846 16.312 16.0 68.112 0
054916 16.312 16.0 -0.2 0
054948 16.312 16.0 -0.2 0
055019 16.312 16.0 -0.2 0
055049 16.312 16.0 68.3 0
055119 16.312 16.0 68.112 0
055149 16.312 16.0 68.112 0
055219 16.312 16.0 68.112 0
055250 16.25 16.0 68.112 0
055321 16.25 16.0 68.112 0
055351 16.25 16.0 68.112 0
055422 16.25 16.0 68.112 0
055452 16.25 16.0 68.112 0
055522 16.312 16.0 68.05 0
055552 16.312 16.0 68.05 0
055623 16.312 16.0 68.05 0
055653 16.312 16.0 68.05 0
055724 16.312 16.0 68.05 0
055754 16.25 16.0 67.987 0
055825 16.25 16.0 67.987 0
055856 16.25 16.0 67.987 0
055927 16.25 16.0 67.925 0
055957 16.25 16.0 67.925 0
060028 16.25 16.0 67.925 0
060058 16.25 16.0 67.925 0
060129 16.25 16.0 67.925 0
060159 16.25 16.0 67.862 0
060229 16.25 16.0 67.862 0
060259 16.25 16.0 67.737 0
060330 16.25 16.0 67.737 0
060400 16.25 16.0 67.737 0
060431 16.25 16.0 67.8 0
060502 16.25 16.0 67.8 0
060532 16.25 16.0 67.8 0
060603 16.25 16.0 67.675 0
060634 16.25 16.0 67.737 0
060704 16.25 16.0 67.737 0
060735 16.25 16.0 67.675 0
060805 16.187 16.0 67.675 0
060836 16.187 16.0 67.675 0
060906 16.187 16.0 67.612 0
060936 16.187 16.0 67.612 0
061007 16.187 16.0 67.55 0
061037 16.187 16.0 67.55 0
061107 16.187 16.0 67.487 0
061137 16.187 16.0 67.487 0
061208 16.187 16.0 67.487 0
061238 16.187 16.0 67.425 0
061308 16.187 16.0 67.425 0
061339 16.187 16.0 67.362 0
061410 16.187 16.0 67.362 0
061441 16.187 16.0 67.362 0
061511 16.187 16.0 67.3 0
061542 16.187 16.0 67.3 0
061612 16.187 16.0 67.3 0
061642 16.187 16.0 67.237 0
061713 16.187 16.0 67.237 0
061746 16.187 16.0 67.175 0
061816 16.187 16.0 67.175 0
061847 16.187 16.0 67.175 0
061917 16.187 16.0 67.112 0
061947 16.187 16.0 67.112 0
062018 16.125 16.0 67.112 0
062049 16.125 16.0 67.05 0
062119 16.125 16.0 67.05 0
062150 16.125 16.0 66.987 0
062221 16.125 16.0 66.987 0
062252 16.187 16.0 66.987 0
062322 16.187 16.0 66.925 0
062353 16.187 16.0 66.925 0
062424 16.187 16.0 66.862 0
062454 16.187 16.0 66.862 0
062524 16.125 16.0 66.862 0
062555 16.125 16.0 66.8 0
062625 16.125 16.0 66.8 0
062655 16.125 16.0 66.737 0
062726 16.125 16.0 66.612 0
062756 16.187 16.0 66.675 0
062827 16.187 16.0 66.675 0
062857 16.187 16.0 66.612 0
062928 16.187 16.0 66.612 0
062958 16.187 16.0 66.55 0
063028 16.125 16.0 66.55 0
063058 16.125 16.0 66.487 0
063129 16.125 16.0 66.487 0
063200 16.125 16.0 66.362 0
063230 16.125 16.0 66.425 0
063300 16.062 16.0 66.425 0
063331 16.062 16.0 66.362 0
063401 16.062 16.0 66.362 0
063431 16.062 16.0 66.3 0
063502 16.062 16.0 66.112 0
063533 16.125 16.0 66.175 0
063604 16.125 16.0 66.112 0
063634 16.125 16.0 65.987 0
063705 16.125 16.0 66.175 0
063736 16.125 16.0 66.175 0
063806 16.062 16.0 66.05 0
063837 16.062 16.0 66.112 0
063907 16.062 16.0 66.05 0
063938 16.062 16.0 66.05 0
064008 16.062 16.0 66.05 0
064038 16.062 16.0 65.987 0
064109 16.062 16.0 65.987 0
064140 16.062 16.0 65.987 0
064210 16.062 16.0 65.925 0
064241 16.062 16.0 65.925 0
064311 16.062 16.0 65.862 0
064342 16.062 16.0 65.862 0
064413 16.062 16.0 65.737 0
064443 16.062 16.0 65.737 0
064514 16.062 16.0 65.675 0
064544 16.062 16.0 65.675 0
064614 16.062 16.0 65.612 0
064644 16.062 16.0 65.612 0
064715 16.062 16.0 65.612 0
064745 16.062 16.0 65.612 0
064815 16.062 16.0 65.612 0
064845 16.062 16.0 65.8 0
064916 16.062 16.0 65.925 0
064948 16.062 16.0 65.987 0
065020 16.062 16.0 65.925 0
065050 16.062 16.0 65.925 0
065121 16.062 16.0 65.987 0
065151 16.062 16.0 66.112 0
065221 16.062 16.0 65.987 0
065252 16.0 16.0 66.112 0
065322 16.0 16.0 66.05 0
065353 16.0 16.0 65.925 0
065423 16.0 16.0 65.925 0
065454 16.0 16.0 65.987 0
065524 16.0 16.0 65.925 0
065555 16.0 16.0 66.05 0
065626 16.0 16.0 65.862 0
065656 16.0 16.0 65.862 0
065727 16.0 16.0 65.987 0
065758 16.0 16.0 65.987 0
065829 16.0 16.0 65.987 0
065859 16.0 16.0 65.925 0
065930 16.0 16.0 65.862 0
070000 16.0 16.0 65.925 0
070030 16.0 16.0 65.925 0
070100 16.0 16.0 65.925 0
070130 16.0 16.0 65.925 0
070200 16.0 16.0 65.862 0
070230 16.0 16.0 65.862 0
070301 16.0 16.0 65.8 0
070331 16.0 16.0 65.8 0
070401 16.0 16.0 65.675 0
070432 16.0 16.0 65.487 0
070503 16.0 16.0 65.55 0
070533 15.937 16.0 65.487 50
070603 15.937 16.0 65.425 50
070634 15.937 16.0 65.487 50
070704 15.937 16.0 65.425 50
070735 15.937 16.0 65.3 50
070805 15.937 16.0 65.05 50
070836 15.937 16.0 65.05 50
070906 15.937 16.0 64.862 50
070937 15.937 16.0 64.737 50
071007 15.937 16.0 64.55 50
071037 16.0 16.0 64.3 50
071108 16.0 16.0 64.112 50
071139 16.0 16.0 63.925 50
071209 16.0 16.0 63.737 50
071240 16.0 16.0 63.487 50
071310 16.062 16.0 63.175 0
071341 16.062 16.0 62.737 0
071411 16.062 16.0 62.675 0
071441 16.062 16.0 62.487 0
071512 16.062 16.0 62.425 0
071542 16.25 16.0 62.175 0
071612 16.25 16.0 62.237 0
071643 16.25 16.0 62.237 0
071714 16.25 16.0 62.175 0
071744 16.25 16.0 62.112 0
071815 16.375 16.0 62.05 0
071845 16.375 16.0 61.8 0
071916 16.375 16.0 61.237 0
071946 16.375 16.0 60.675 0
072017 16.375 16.0 60.175 0
072047 16.5 16.0 59.8 0
072117 16.5 16.0 59.612 0
072147 16.5 16.0 59.425 0
072218 16.5 16.0 59.3 0
072249 16.5 16.0 59.175 0
072319 16.5 16.0 59.112 0
072350 16.5 16.0 58.987 0
072420 16.5 16.0 58.925 0
072451 16.5 16.0 58.862 0
072521 16.5 16.0 58.8 0
072551 16.5 16.0 58.737 0
072622 16.5 16.0 58.675 0
072653 16.5 16.0 58.612 0
072723 16.5 16.0 58.55 0
072755 16.5 16.0 58.487 0
072826 16.5 16.0 58.425 0
072856 16.5 16.0 58.362 0
072927 16.5 16.0 58.3 0
072957 16.5 16.0 58.237 0
073027 16.5 16.0 58.175 0
073058 16.5 16.0 58.112 0
073128 16.5 16.0 58.05 0
073158 16.5 16.0 57.987 0
073228 16.5 16.0 57.925 0
073258 16.562 16.0 57.862 0
073329 16.562 16.0 57.612 0
073359 16.562 16.0 57.05 0
073430 16.562 16.0 56.237 0
073500 16.562 16.0 55.237 0
073531 16.5 16.0 54.05 0
073602 16.5 16.0 52.987 0
073632 16.5 16.0 52.175 0
073703 16.5 16.0 51.737 0
073734 16.5 16.0 51.487 0
073805 16.5 16.0 51.237 0
073835 16.5 16.0 51.175 0
073906 16.5 16.0 51.112 0
073936 16.5 16.0 51.3 0
074006 16.5 16.0 51.362 0
074037 16.5 16.0 51.487 0
074107 16.5 16.0 51.675 0
074138 16.5 16.0 52.3 0
074209 16.5 16.0 53.175 0
074239 16.5 16.0 54.175 0
074309 16.5 16.0 55.237 0
074340 16.5 16.0 56.425 0
074411 16.5 16.0 57.612 0
074441 16.5 16.0 58.8 0
074511 16.5 16.0 59.925 0
074542 16.437 16.0 61.05 0
074612 16.437 16.0 62.3 0
074643 16.437 16.0 63.362 0
074713 16.437 16.0 64.112 0
074744 16.437 16.0 64.737 0
074814 16.437 16.0 65.175 0
074844 16.437 16.0 65.487 0
074915 16.437 16.0 65.737 0
074946 16.437 16.0 65.8 0
075017 16.437 16.0 65.925 0
075047 16.375 16.0 65.987 0
075117 16.375 16.0 66.112 0
075148 16.375 16.0 66.112 0
075218 16.375 16.0 66.175 0
075248 16.375 16.0 66.362 0
075319 16.375 16.0 66.362 0
075349 16.375 16.0 66.362 0
075420 16.375 16.0 66.362 0
075450 16.375 16.0 66.425 0
075521 16.375 16.0 66.487 0
075552 16.375 16.0 66.487 0
075623 16.375 16.0 66.55 0
075653 16.375 16.0 66.612 0
075723 16.375 16.0 66.612 0
075753 16.375 16.0 66.675 0
075823 16.375 16.0 66.8 0
075854 16.375 16.0 66.8 0
075924 16.375 16.0 66.8 0
075955 16.375 16.0 66.862 0
080025 16.375 16.0 66.925 0
080056 16.312 16.0 66.987 0
080127 16.312 16.0 66.925 0
080158 16.312 16.0 66.987 0
080228 16.312 16.0 67.05 0
080300 16.25 16.0 67.05 0
080330 16.25 16.0 67.05 0
080401 16.25 16.0 67.112 0
080431 16.25 16.0 67.175 0
080502 16.25 16.0 67.175 0
080532 16.25 16.0 67.175 0
080603 16.25 16.0 67.237 0
080633 16.25 16.0 67.237 0
080703 16.25 16.0 67.237 0
080734 16.25 16.0 67.237 0
080805 16.25 16.0 67.237 0
080836 16.25 16.0 67.237 0
080906 16.25 16.0 67.237 0
080937 16.25 16.0 67.237 0
081008 16.25 16.0 67.237 0
081038 16.187 16.0 67.237 0
081109 16.187 16.0 67.3 0
081140 16.187 16.0 67.3 0
081211 16.187 16.0 67.3 0
081241 16.187 16.0 67.3 0
081312 16.125 16.0 67.3 0
081342 16.125 16.0 67.362 0
081412 16.125 16.0 67.362 0
081442 16.125 16.0 67.362 0
081513 16.125 16.0 67.3 0
081543 16.125 16.0 67.362 0
081614 16.125 16.0 67.362 0
081644 16.125 16.0 67.362 0
081715 16.125 16.0 67.362 0
081746 16.125 16.0 67.362 0
081816 16.125 16.0 67.362 0
081846 16.125 16.0 67.362 0
081916 16.125 16.0 67.3 0
081947 16.125 16.0 67.3 0
082018 16.125 16.0 67.3 0
082048 16.062 16.0 67.3 0
082118 16.062 16.0 67.3 0
082149 16.062 16.0 67.3 0
082219 16.062 16.0 67.3 0
082250 16.062 16.0 67.237 0
082321 16.0 16.0 67.237 0
082352 16.0 16.0 67.237 0
082422 16.0 16.0 67.237 0
082452 16.0 16.0 67.237 0
082523 16.0 16.0 67.175 0
082553 16.0 16.0 67.175 0
082624 16.0 16.0 67.175 0
082655 16.0 16.0 67.112 0
082726 16.0 16.0 67.112 0
082756 16.0 16.0 67.112 0
082827 16.0 16.0 67.112 0
082858 16.0 16.0 67.112 0
082928 16.0 16.0 67.112 0
082959 16.0 16.0 67.05 0
083029 16.0 16.0 67.112 0
083100 16.0 16.0 67.175 0
083130 16.0 16.0 67.05 0
083201 16.0 16.0 67.05 0
083232 16.0 16.0 66.987 0
083304 15.937 16.0 66.987 50
083334 15.937 16.0 66.987 50
083405 15.937 16.0 66.987 50
083435 15.937 16.0 66.925 50
083506 15.937 16.0 66.925 50
083536 15.937 16.0 66.862 50
083607 15.937 16.0 66.862 50
083637 15.937 16.0 66.8 50
083708 15.937 16.0 66.737 50
083738 15.937 16.0 66.737 50
083809 16.0 16.0 66.612 50
083839 16.0 16.0 66.487 50
083910 16.0 16.0 66.362 50
083941 16.0 16.0 66.175 50
084011 16.0 16.0 65.862 50
084042 16.0 16.0 65.487 50
084112 16.0 16.0 64.925 50
084142 16.0 16.0 64.237 50
084212 16.0 16.0 63.3 50
084243 16.0 16.0 61.987 50
084313 16.187 16.0 60.362 0
084343 16.187 16.0 58.737 0
084414 16.187 16.0 57.737 0
084444 16.187 16.0 57.05 0
084515 16.187 16.0 56.55 0
084545 16.375 16.0 56.237 0
084616 16.375 16.0 56.05 0
084647 16.375 16.0 55.862 0
084717 16.375 16.0 55.737 0
084748 16.375 16.0 55.612 0
084819 16.5 16.0 55.55 0
084849 16.5 16.0 55.487 0
084920 16.5 16.0 55.425 0
084950 16.5 16.0 55.362 0
085021 16.5 16.0 55.3 0
085051 16.562 16.0 55.3 0
085122 16.562 16.0 55.3 0
085152 16.562 16.0 55.3 0
085222 16.562 16.0 55.3 0
085253 16.562 16.0 55.3 0
085323 16.562 16.0 55.362 0
085354 16.562 16.0 55.487 0
085425 16.562 16.0 55.8 0
085455 16.562 16.0 56.3 0
085525 16.562 16.0 56.925 0
085556 16.562 16.0 57.925 0
085626 16.562 16.0 58.862 0
085657 16.562 16.0 59.925 0
085727 16.562 16.0 60.862 0
085758 16.562 16.0 61.862 0
085828 16.562 16.0 62.737 0
085859 16.562 16.0 63.425 0
085929 16.562 16.0 63.925 0
085959 16.562 16.0 64.362 0
090030 16.562 16.0 64.675 0
090100 16.5 16.0 64.925 0
090131 16.5 16.0 65.175 0
090202 16.5 16.0 65.362 0
090232 16.5 16.0 65.487 0
090303 16.5 16.0 65.612 0
090333 16.5 16.0 65.737 0
090404 16.5 16.0 65.8 0
090435 16.5 16.0 65.925 0
090505 16.5 16.0 65.987 0
090538 16.5 16.0 66.05 0
090609 16.5 16.0 66.175 0
090640 16.5 16.0 66.237 0
090710 16.5 16.0 66.3 0
090741 16.5 16.0 66.362 0
090812 16.5 16.0 66.425 0
090842 16.5 16.0 66.487 0
090913 16.5 16.0 66.55 0
090943 16.5 16.0 66.55 0
091013 16.5 16.0 66.612 0
091044 16.5 16.0 66.675 0
091114 16.5 16.0 66.737 0
091145 16.5 16.0 66.737 0
091216 16.5 16.0 66.8 0
091247 16.5 16.0 66.862 0
091317 16.375 16.0 66.862 0
091347 16.375 16.0 66.862 0
091418 16.375 16.0 66.925 0
091448 16.375 16.0 66.925 0
091519 16.375 16.0 66.925 0
091549 16.375 16.0 66.987 0
091620 16.375 16.0 66.987 0
091650 16.375 16.0 66.987 0
091720 16.375 16.0 66.925 0
091751 16.375 16.0 66.925 0
091822 16.375 16.0 66.987 0
091853 16.375 16.0 66.987 0
091923 16.375 16.0 66.987 0
091953 16.375 16.0 66.987 0
092024 16.375 16.0 66.987 0
092054 16.312 16.0 66.987 0
092125 16.312 16.0 66.987 0
092155 16.312 16.0 66.987 0
092226 16.312 16.0 66.987 0
092257 16.312 16.0 67.05 0
092327 16.25 16.0 67.05 0
092358 16.25 16.0 66.987 0
092428 16.25 16.0 67.05 0
092459 16.25 16.0 67.05 0
092530 16.25 16.0 67.05 0
092600 16.25 16.0 66.987 0
092631 16.25 16.0 67.05 0
092701 16.25 16.0 67.05 0
092732 16.25 16.0 67.05 0
092803 16.25 16.0 67.05 0
092833 16.187 16.0 67.05 0
092903 16.187 16.0 67.05 0
092934 16.187 16.0 67.05 0
093005 16.187 16.0 67.05 0
093035 16.187 16.0 66.987 0
093106 16.187 16.0 66.987 0
093136 16.187 16.0 66.987 0
093207 16.187 16.0 66.987 0
093237 16.187 16.0 66.925 0
093307 16.187 16.0 66.925 0
093338 16.187 16.0 66.925 0
093408 16.187 16.0 66.925 0
093439 16.187 16.0 66.925 0
093510 16.187 16.0 66.925 0
093540 16.187 16.0 66.862 0
093611 16.125 16.0 66.862 0
093642 16.125 16.0 66.862 0
093712 16.125 16.0 66.862 0
093742 16.125 16.0 66.8 0
093814 16.062 16.0 66.8 0
093845 16.062 16.0 66.8 0
093915 16.062 16.0 66.8 0
093946 16.062 16.0 66.8 0
094016 16.062 16.0 66.737 0
094047 16.125 16.0 66.737 0
094118 16.125 16.0 66.737 0
094149 16.125 16.0 66.737 0
094219 16.125 16.0 66.675 0
094250 16.125 16.0 66.675 0
094321 16.062 16.0 66.675 0
094351 16.062 16.0 66.675 0
094421 16.062 16.0 66.675 0
094452 16.062 16.0 66.612 0
094522 16.062 16.0 66.612 0
094553 16.062 16.0 66.612 0
094624 16.062 16.0 66.612 0
094654 16.062 16.0 66.55 0
094725 16.062 16.0 66.55 0
094756 16.062 16.0 66.55 0
094826 16.0 16.0 66.487 0
094857 16.0 16.0 66.487 0
094927 16.0 16.0 66.487 0
094958 16.0 16.0 66.612 0
095029 16.0 16.0 66.612 0
095059 16.0 16.0 66.487 0
095129 16.0 16.0 66.612 0
095200 16.0 16.0 66.425 0
095230 16.0 16.0 66.487 0
095301 16.0 16.0 66.362 0
095331 16.0 16.0 66.3 0
095401 16.0 16.0 66.425 0
095432 16.0 16.0 66.425 0
095503 16.0 16.0 66.487 0
095533 16.0 16.0 66.487 0
095603 16.0 16.0 66.425 0
095634 16.0 16.0 66.55 0
095705 16.0 16.0 66.487 0
095735 16.0 16.0 66.55 0
095806 16.0 16.0 66.612 0
095836 15.937 16.0 66.55 50
095907 15.937 16.0 66.55 50
095937 15.937 16.0 66.425 50
100007 15.937 16.0 66.425 50
100038 15.937 16.0 66.425 50
100109 15.937 16.0 66.425 50
100139 15.937 16.0 66.425 50
100209 15.937 16.0 66.3 50
100240 15.937 16.0 66.362 50
100310 15.937 16.0 66.425 50
100341 15.937 16.0 66.362 50
100411 15.937 16.0 65.737 50
100442 15.937 16.0 65.612 50
100513 15.937 16.0 65.3 50
100543 15.937 16.0 64.612 50
100614 16.0 16.0 63.987 50
100644 16.0 16.0 62.987 50
100715 16.0 16.0 61.925 50
100746 16.0 16.0 60.862 50
100818 16.125 16.0 59.487 0
100849 16.125 16.0 58.425 0
100919 16.125 16.0 57.8 0
100949 16.125 16.0 57.3 0
101020 16.125 16.0 57.05 0
101050 16.312 16.0 56.862 0
101121 16.312 16.0 56.675 0
101151 16.312 16.0 56.612 0
101222 16.312 16.0 56.425 0
101252 16.312 16.0 56.487 0
101322 16.437 16.0 56.487 0
101353 16.437 16.0 56.487 0
101424 16.437 16.0 56.425 0
101454 16.437 16.0 56.362 0
101525 16.437 16.0 56.362 0
101555 16.5 16.0 56.487 0
101626 16.5 16.0 56.487 0
101656 16.5 16.0 56.487 0
101727 16.5 16.0 56.8 0
101757 16.5 16.0 57.425 0
101828 16.5 16.0 58.237 0
101858 16.5 16.0 59.3 0
101929 16.5 16.0 60.425 0
101959 16.5 16.0 61.675 0
102029 16.5 16.0 62.925 0
102059 16.5 16.0 63.987 0
102130 16.5 16.0 64.8 0
102200 16.5 16.0 65.362 0
102231 16.5 16.0 65.8 0
102302 16.5 16.0 66.112 0
102332 16.5 16.0 66.3 0
102403 16.5 16.0 66.612 0
102434 16.5 16.0 66.612 0
102505 16.5 16.0 66.675 0
102535 16.5 16.0 66.8 0
102606 16.437 16.0 66.862 0
102637 16.437 16.0 66.987 0
102707 16.437 16.0 67.112 0
102737 16.437 16.0 67.175 0
102808 16.437 16.0 67.362 0
102838 16.375 16.0 67.3 0
102909 16.375 16.0 67.425 0
102939 16.375 16.0 67.55 0
103009 16.375 16.0 67.612 0
103039 16.375 16.0 67.675 0
103110 16.375 16.0 67.675 0
103140 16.375 16.0 67.675 0
103211 16.375 16.0 67.612 0
103242 16.375 16.0 67.8 0
103312 16.375 16.0 67.675 0
103343 16.312 16.0 67.925 0
103414 16.312 16.0 67.987 0
103444 16.312 16.0 68.05 0
103515 16.312 16.0 67.925 0
103545 16.312 16.0 67.862 0
103615 16.25 16.0 67.925 0
103646 16.25 16.0 67.925 0
103717 16.25 16.0 68.05 0
103748 16.25 16.0 67.987 0
103820 16.187 16.0 68.05 0
103851 16.187 16.0 67.987 0
103922 16.187 16.0 67.987 0
103952 16.187 16.0 68.05 0
104023 16.187 16.0 67.987 0
104054 16.187 16.0 68.05 0
104124 16.187 16.0 68.05 0
104155 16.187 16.0 68.05 0
104225 16.187 16.0 68.112 0
104255 16.187 16.0 68.05 0
104326 16.187 16.0 67.987 0
104356 16.187 16.0 67.987 0
104427 16.187 16.0 68.05 0
104458 16.187 16.0 68.237 0
104528 16.187 16.0 68.112 0
104559 16.125 16.0 68.112 0
104630 16.125 16.0 68.112 0
104701 16.125 16.0 68.112 0
104731 16.125 16.0 68.112 0
104801 16.125 16.0 68.112 0
104832 16.062 16.0 68.112 0
104902 16.062 16.0 68.112 0
104933 16.062 16.0 68.05 0
105003 16.062 16.0 68.05 0
105034 16.062 16.0 68.05 0
105104 16.125 16.0 68.05 0
105134 16.125 16.0 68.05 0
105204 16.125 16.0 68.05 0
105235 16.125 16.0 68.05 0
105305 16.125 16.0 68.05 0
105336 16.062 16.0 68.05 0
105406 16.062 16.0 67.987 0
105437 16.062 16.0 67.987 0
105507 16.062 16.0 67.987 0
105538 16.062 16.0 67.987 0
105608 16.062 16.0 67.987 0
105639 16.062 16.0 67.987 0
105709 16.062 16.0 67.925 0
105740 16.062 16.0 68.05 0
105810 16.062 16.0 68.05 0
105840 16.0 16.0 67.925 0
105910 16.0 16.0 67.862 0
105941 16.0 16.0 67.862 0
110011 16.0 16.0 67.8 0
110042 16.0 16.0 67.8 0
110113 16.0 16.0 67.8 0
110143 16.0 16.0 67.8 0
110213 16.0 16.0 67.737 0
110244 16.0 16.0 67.737 0
110314 16.0 16.0 67.737 0
110344 16.0 16.0 67.737 0
110415 16.0 16.0 67.737 0
110446 16.0 16.0 67.675 0
110516 16.0 16.0 67.675 0
110547 16.0 16.0 67.675 0
110617 16.0 16.0 67.675 0
110648 16.0 16.0 67.612 0
110719 16.0 16.0 67.612 0
110749 16.0 16.0 67.612 0
110820 16.0 16.0 67.55 0
110850 15.937 16.0 67.55 50
110921 15.937 16.0 67.55 50
110951 15.937 16.0 67.487 50
111021 15.937 16.0 67.487 50
111052 15.937 16.0 67.425 50
111123 15.937 16.0 67.362 50
111153 15.937 16.0 67.3 50
111224 15.937 16.0 67.237 50
111254 15.937 16.0 67.175 50
111327 15.937 16.0 67.05 50
111357 15.937 16.0 66.925 50
111427 15.937 16.0 66.8 50
111458 15.937 16.0 66.612 50
111529 15.937 16.0 66.237 50
111559 16.0 16.0 65.612 50
111629 16.0 16.0 64.737 50
111700 16.0 16.0 63.675 50
111730 16.0 16.0 62.362 50
111800 16.0 16.0 60.8 50
111831 16.187 16.0 58.925 0
111902 16.187 16.0 57.362 0
111932 16.187 16.0 56.425 0
112002 16.187 16.0 55.737 0
112033 16.187 16.0 55.362 0
112103 16.375 16.0 55.05 0
112133 16.375 16.0 54.862 0
112204 16.375 16.0 54.737 0
112234 16.375 16.0 54.675 0
112305 16.375 16.0 54.675 0
112335 16.5 16.0 54.612 0
112405 16.5 16.0 54.612 0
112436 16.5 16.0 54.55 0
112507 16.5 16.0 54.55 0
112538 16.5 16.0 54.425 0
112608 16.562 16.0 54.487 0
112639 16.562 16.0 54.487 0
112709 16.562 16.0 54.55 0
112739 16.562 16.0 54.55 0
112809 16.562 16.0 54.612 0
112840 16.562 16.0 54.987 0
112910 16.562 16.0 55.487 0
112940 16.562 16.0 56.175 0
113011 16.562 16.0 57.175 0
113041 16.562 16.0 58.237 0
113112 16.562 16.0 59.237 0
113143 16.562 16.0 60.362 0
113213 16.562 16.0 61.612 0
113244 16.562 16.0 62.8 0
113315 16.562 16.0 63.862 0
113346 16.562 16.0 64.612 0
113416 16.562 16.0 65.175 0
113446 16.562 16.0 65.55 0
113516 16.562 16.0 65.8 0
113547 16.562 16.0 66.05 0
113618 16.562 16.0 66.175 0
113648 16.562 16.0 66.3 0
113719 16.562 16.0 66.362 0
113750 16.562 16.0 66.425 0
113821 16.562 16.0 66.55 0
113851 16.5 16.0 66.612 0
113921 16.5 16.0 66.675 0
113952 16.5 16.0 66.55 0
114023 16.5 16.0 66.675 0
114053 16.5 16.0 66.55 0
114123 16.437 16.0 66.55 0
114154 16.437 16.0 66.612 0
114224 16.437 16.0 66.612 0
114255 16.437 16.0 66.675 0
114325 16.437 16.0 66.675 0
114355 16.437 16.0 66.675 0
114426 16.437 16.0 66.737 0
114456 16.437 16.0 66.737 0
114527 16.437 16.0 66.8 0
114558 16.437 16.0 66.8 0
114628 16.375 16.0 66.8 0
114659 16.375 16.0 66.8 0
114729 16.375 16.0 66.862 0
114800 16.375 16.0 66.862 0
114832 16.312 16.0 66.925 0
114903 16.312 16.0 66.925 0
114933 16.312 16.0 66.925 0
115004 16.312 16.0 66.925 0
115034 16.312 16.0 66.925 0
115105 16.312 16.0 66.987 0
115135 16.312 16.0 66.987 0
115206 16.312 16.0 66.987 0
115236 16.312 16.0 66.987 0
115307 16.312 16.0 67.05 0
115338 16.25 16.0 66.987 0
115408 16.25 16.0 66.987 0
115438 16.25 16.0 66.987 0
115509 16.25 16.0 66.987 0
115539 16.25 16.0 66.987 0
115610 16.25 16.0 66.987 0
115641 16.25 16.0 67.05 0
115712 16.25 16.0 67.05 0
115742 16.25 16.0 67.05 0
115813 16.25 16.0 67.05 0
115844 16.187 16.0 67.05 0
115914 16.187 16.0 67.05 0
115945 16.187 16.0 67.05 0
120015 16.187 16.0 66.987 0
120045 16.187 16.0 67.05 0
120116 16.187 16.0 66.987 0
120146 16.187 16.0 66.987 0
120217 16.187 16.0 66.987 0
120248 16.187 16.0 66.987 0
120318 16.187 16.0 66.987 0
120348 16.187 16.0 66.987 0
120419 16.187 16.0 66.987 0
120450 16.187 16.0 66.987 0
120521 16.187 16.0 66.925 0
120551 16.187 16.0 66.925 0
120622 16.125 16.0 66.925 0
120652 16.125 16.0 66.925 0
120723 16.125 16.0 66.925 0
120753 16.125 16.0 66.925 0
120824 16.125 16.0 66.862 0
120854 16.125 16.0 66.862 0
120925 16.125 16.0 66.862 0
120956 16.125 16.0 66.862 0
121026 16.125 16.0 66.8 0
121056 16.125 16.0 66.8 0
121126 16.125 16.0 66.737 0
121157 16.125 16.0 66.737 0
121228 16.125 16.0 66.737 0
121258 16.125 16.0 66.737 0
121329 16.125 16.0 66.737 0
121400 16.125 16.0 66.675 0
121430 16.125 16.0 66.675 0
121501 16.125 16.0 66.675 0
121532 16.125 16.0 66.675 0
121602 16.125 16.0 66.675 0
121632 16.062 16.0 66.612 0
121703 16.062 16.0 66.612 0
121734 16.062 16.0 66.612 0
121804 16.062 16.0 66.612 0
121836 16.062 16.0 66.612 0
121907 16.062 16.0 66.55 0
121937 16.062 16.0 66.55 0
122008 16.062 16.0 66.487 0
122038 16.062 16.0 66.487 0
122109 16.062 16.0 66.487 0
122139 16.062 16.0 66.425 0
122210 16.062 16.0 66.425 0
122241 16.062 16.0 66.425 0
122312 16.062 16.0 66.425 0
122342 16.062 16.0 66.362 0
122412 16.062 16.0 66.362 0
122443 16.062 16.0 66.362 0
122513 16.062 16.0 66.3 0
122544 16.062 16.0 66.3 0
122614 16.062 16.0 66.3 0
122644 16.062 16.0 66.237 0
122715 16.062 16.0 66.237 0
122745 16.062 16.0 66.237 0
122815 16.062 16.0 66.175 0
122846 16.062 16.0 66.175 0
122916 16.062 16.0 66.112 0
122947 16.062 16.0 66.112 0
123017 16.062 16.0 66.05 0
123047 16.062 16.0 66.05 0
123118 16.062 16.0 65.987 0
123149 16.062 16.0 65.987 0
123219 16.062 16.0 65.987 0
123250 16.062 16.0 65.925 0
123321 16.062 16.0 65.925 0
123351 16.0 16.0 65.925 0
123422 16.0 16.0 65.862 0
123452 16.0 16.0 65.925 0
123523 16.0 16.0 65.987 0
123553 16.0 16.0 66.05 0
123624 16.0 16.0 66.112 0
123655 16.0 16.0 66.175 0
123725 16.0 16.0 66.237 0
123756 16.0 16.0 66.237 0
123826 16.0 16.0 66.3 0
123857 16.0 16.0 66.3 0
123928 16.0 16.0 66.3 0
123958 16.0 16.0 66.362 0
124029 16.0 16.0 66.362 0
124100 16.0 16.0 66.362 0
124131 16.0 16.0 66.362 0
124201 16.0 16.0 66.362 0
124231 16.0 16.0 66.3 0
124302 16.0 16.0 66.3 0
124333 16.0 16.0 66.3 0
124403 16.0 16.0 66.3 0
124434 16.0 16.0 66.3 0
124504 16.0 16.0 66.3 0
124535 16.0 16.0 66.237 0
124605 16.0 16.0 66.237 0
124635 16.0 16.0 66.237 0
124706 16.0 16.0 66.175 0
124736 16.0 16.0 66.175 0
124807 16.0 16.0 66.112 0
124839 16.062 16.0 66.112 0
124910 16.062 16.0 66.05 0
124940 16.062 16.0 66.05 0
125011 16.062 16.0 65.987 0
125041 16.062 16.0 65.987 0
125112 16.062 16.0 65.987 0
125143 16.062 16.0 65.925 0
125214 16.062 16.0 65.925 0
125244 16.062 16.0 65.925 0
125314 16.062 16.0 65.862 0
125345 16.062 16.0 65.862 0
125415 16.062 16.0 65.8 0
125446 16.062 16.0 65.8 0
125516 16.062 16.0 65.737 0
125546 16.062 16.0 65.737 0
125617 16.0 16.0 65.737 0
125647 16.0 16.0 65.675 0
125718 16.0 16.0 65.675 0
125748 16.0 16.0 65.675 0
125818 16.0 16.0 65.675 0
125848 16.0 16.0 65.612 0
125919 16.0 16.0 65.612 0
125949 16.0 16.0 65.612 0
130020 16.0 16.0 65.55 0
130050 16.0 16.0 65.487 0
130120 16.062 16.0 65.487 0
130151 16.062 16.0 65.425 0
130222 16.062 16.0 65.425 0
130252 16.062 16.0 65.362 0
130322 16.062 16.0 65.3 0
130352 16.125 16.0 65.3 0
130423 16.125 16.0 65.237 0
130453 16.125 16.0 65.237 0
130524 16.125 16.0 65.237 0
130555 16.125 16.0 65.237 0
130625 16.125 16.0 65.237 0
130655 16.125 16.0 65.175 0
130726 16.125 16.0 65.112 0
130756 16.125 16.0 65.112 0
130827 16.125 16.0 65.112 0
130858 16.187 16.0 65.05 0
130928 16.187 16.0 65.05 0
130959 16.187 16.0 64.987 0
131029 16.187 16.0 64.987 0
131100 16.187 16.0 64.925 0
131130 16.187 16.0 64.925 0
131201 16.187 16.0 64.925 0
131232 16.187 16.0 64.862 0
131302 16.187 16.0 64.862 0
131333 16.187 16.0 64.8 0
131403 16.187 16.0 64.8 0
131433 16.187 16.0 64.675 0
131504 16.187 16.0 64.612 0
131534 16.187 16.0 64.612 0
131605 16.187 16.0 64.55 0
131635 16.25 16.0 64.55 0
131705 16.25 16.0 64.487 0
131735 16.25 16.0 64.487 0
131806 16.25 16.0 64.487 0
131837 16.25 16.0 64.425 0
131907 16.25 16.0 64.425 0
131938 16.25 16.0 64.362 0
132008 16.25 16.0 64.362 0
132038 16.25 16.0 64.3 0
132109 16.25 16.0 64.237 0
132139 16.125 16.0 64.175 0
132210 16.125 16.0 64.112 0
132241 16.125 16.0 64.05 0
132312 16.125 16.0 63.987 0
132344 16.125 16.0 63.987 0
132415 16.125 16.0 63.925 0
132445 16.125 16.0 63.862 0
132515 16.125 16.0 63.862 0
132546 16.125 16.0 63.8 0
132616 16.125 16.0 63.8 0
132647 16.125 16.0 63.737 0
132717 16.125 16.0 63.737 0
132748 16.125 16.0 63.675 0
132819 16.125 16.0 63.675 0
132850 16.062 16.0 63.612 0
132920 16.062 16.0 63.55 0
132950 16.062 16.0 63.55 0
133020 16.062 16.0 63.487 0
133051 16.062 16.0 63.487 0
133122 16.0 16.0 63.487 0
133152 16.0 16.0 63.425 0
133222 16.0 16.0 63.362 0
133253 16.0 16.0 63.362 0
133324 16.0 16.0 63.3 0
133354 16.0 16.0 63.3 0
133425 16.0 16.0 63.237 0
133455 16.0 16.0 63.237 0
133526 16.0 16.0 63.175 0
133557 16.0 16.0 63.175 0
133627 15.937 16.0 63.175 50
133658 15.937 16.0 63.175 50
133728 15.937 16.0 63.175 50
133759 15.937 16.0 63.175 50
133829 15.937 16.0 62.987 50
133900 15.937 16.0 62.8 50
133931 15.937 16.0 62.55 50
134001 15.937 16.0 62.237 50
134031 15.937 16.0 61.925 50
134101 15.937 16.0 61.612 50
134131 15.875 16.0 61.237 50
134202 15.875 16.0 60.737 50
134233 15.875 16.0 60.237 50
134303 15.875 16.0 59.675 0
134333 15.875 16.0 59.237 0
134404 15.812 16.0 58.862 0
134435 15.812 16.0 58.675 0
134505 15.812 16.0 58.55 0
134536 15.812 16.0 58.425 0
134606 15.812 16.0 58.362 0
134636 15.875 16.0 58.3 0
134707 15.875 16.0 58.237 0
134738 15.875 16.0 58.175 0
134808 15.875 16.0 58.175 0
134839 15.875 16.0 58.112 0
134909 15.937 16.0 58.05 0
134939 15.937 16.0 58.05 0
135010 15.937 16.0 57.987 0
135041 15.937 16.0 57.925 0
135112 15.937 16.0 57.925 0
135142 15.937 16.0 57.862 0
135213 15.937 16.0 57.862 0
135244 15.937 16.0 57.862 0
135314 15.937 16.0 57.8 0
135345 15.937 16.0 57.737 0
135415 15.937 16.0 57.675 0
135446 15.937 16.0 57.487 0
135516 15.937 16.0 57.3 0
135547 15.937 16.0 56.987 0
135619 15.937 16.0 56.55 0
135650 15.937 16.0 56.237 0
135720 15.937 16.0 56.05 0
135751 15.937 16.0 55.925 0
135821 15.937 16.0 55.862 0
135851 15.937 16.0 55.737 0
135922 15.937 16.0 55.737 0
135953 15.937 16.0 55.8 0
140023 15.937 16.0 55.862 0
140054 15.937 16.0 55.925 0
140125 15.937 16.0 56.05 0
140156 15.937 16.0 56.237 0
140226 15.937 16.0 56.425 0
140257 15.937 16.0 56.737 0
140328 15.937 16.0 56.987 0
140358 15.875 16.0 57.3 0
140429 15.875 16.0 57.675 0
140459 15.875 16.0 58.3 0
140530 15.875 16.0 59.112 0
140601 15.875 16.0 60.05 50
140631 15.875 16.0 61.05 50
140701 15.875 16.0 62.112 50
140732 15.875 16.0 63.05 50
140802 15.875 16.0 63.8 50
140833 15.875 16.0 64.3 50
140903 15.875 16.0 64.675 50
140934 15.875 16.0 64.862 50
141004 15.875 16.0 65.05 50
141035 15.875 16.0 65.175 50
141105 15.875 16.0 65.237 50
141136 15.875 16.0 65.3 50
141206 15.875 16.0 65.362 50
141237 15.875 16.0 65.425 50
141308 15.875 16.0 65.362 50
141338 15.875 16.0 65.362 50
141408 15.937 16.0 65.3 50
141439 15.937 16.0 65.237 50
141509 15.937 16.0 65.112 50
141540 15.937 16.0 64.925 50
141610 15.937 16.0 64.425 50
141641 15.937 16.0 63.3 50
141712 15.937 16.0 61.55 50
141743 15.937 16.0 59.3 0
141813 15.937 16.0 57.237 0
141844 15.937 16.0 55.925 0
141915 16.187 16.0 55.112 0
141945 16.187 16.0 54.55 0
142016 16.187 16.0 54.237 0
142047 16.187 16.0 54.05 0
142117 16.187 16.0 53.925 0
142147 16.312 16.0 53.862 0
142218 16.312 16.0 53.8 0
142248 16.312 16.0 53.737 0
142319 16.312 16.0 53.8 0
142349 16.312 16.0 53.987 0
142419 16.437 16.0 54.3 0
142450 16.437 16.0 54.862 0
142520 16.437 16.0 55.8 0
142550 16.437 16.0 56.862 0
142623 16.437 16.0 57.925 0
142654 16.437 16.0 58.987 0
142724 16.437 16.0 60.112 0
142754 16.437 16.0 61.237 0
142825 16.437 16.0 62.3 0
142855 16.437 16.0 63.175 0
142925 16.437 16.0 63.862 0
142956 16.437 16.0 64.487 0
143026 16.437 16.0 64.987 0
143057 16.437 16.0 65.362 0
143128 16.375 16.0 65.675 0
143158 16.375 16.0 65.925 0
143228 16.375 16.0 66.112 0
143259 16.375 16.0 66.3 0
143329 16.375 16.0 66.425 0
143359 16.375 16.0 66.55 0
143430 16.375 16.0 66.675 0
143500 16.375 16.0 66.8 0
143531 16.375 16.0 66.862 0
143601 16.375 16.0 66.987 0
143631 16.312 16.0 67.05 0
143702 16.312 16.0 67.175 0
143732 16.312 16.0 67.237 0
143802 16.312 16.0 67.3 0
143833 16.312 16.0 67.425 0
143903 16.312 16.0 67.487 0
143934 16.312 16.0 67.55 0
144004 16.312 16.0 67.612 0
144035 16.312 16.0 67.675 0
144105 16.312 16.0 67.737 0
144135 16.25 16.0 67.8 0
144205 16.25 16.0 67.862 0
144235 16.25 16.0 67.925 0
144306 16.25 16.0 67.925 0
144336 16.25 16.0 67.987 0
144407 16.187 16.0 68.05 0
144437 16.187 16.0 68.05 0
144508 16.187 16.0 68.05 0
144538 16.187 16.0 68.05 0
144609 16.187 16.0 68.05 0
144639 16.187 16.0 68.112 0
144709 16.187 16.0 68.112 0
144740 16.187 16.0 68.112 0
144811 16.187 16.0 68.112 0
144841 16.187 16.0 68.112 0
144911 16.125 16.0 68.175 0
144942 16.125 16.0 68.175 0
145012 16.125 16.0 68.175 0
145042 16.125 16.0 68.175 0
145113 16.125 16.0 68.175 0
145143 16.062 16.0 68.175 0
145214 16.062 16.0 68.175 0
145244 16.062 16.0 68.175 0
145314 16.062 16.0 68.175 0
145345 16.062 16.0 68.175 0
145416 16.062 16.0 68.175 0
145446 16.062 16.0 68.175 0
145517 16.062 16.0 68.175 0
145547 16.062 16.0 68.175 0
145618 16.062 16.0 68.175 0
145649 16.0 16.0 68.175 0
145719 16.0 16.0 68.175 0
145750 16.0 16.0 68.175 0
145821 16.0 16.0 68.175 0
145851 16.0 16.0 68.175 0
145922 15.937 16.0 68.175 50
145952 15.937 16.0 68.175 50
150023 15.937 16.0 68.175 50
150053 15.937 16.0 68.112 50
150123 15.937 16.0 68.05 50
150153 15.937 16.0 68.05 50
150224 15.937 16.0 67.987 50
150255 15.937 16.0 67.987 50
150325 15.937 16.0 67.925 50
150356 15.937 16.0 67.862 50
150426 15.937 16.0 67.862 50
150456 15.937 16.0 67.8 50
150527 15.937 16.0 67.737 50
150558 15.937 16.0 67.612 50
150630 16.0 16.0 67.487 50
150700 16.0 16.0 67.3 50
150731 16.0 16.0 66.862 50
150802 16.0 16.0 66.05 50
150832 16.0 16.0 64.737 50
150902 16.125 16.0 62.925 0
150933 16.125 16.0 60.987 0
151003 16.125 16.0 59.675 0
151034 16.125 16.0 58.8 0
151104 16.125 16.0 58.237 0
151135 16.312 16.0 57.925 0
151205 16.312 16.0 57.675 0
151236 16.312 16.0 57.487 0
151306 16.312 16.0 57.425 0
151336 16.312 16.0 57.3 0
151407 16.375 16.0 57.237 0
151437 16.375 16.0 57.175 0
151508 16.375 16.0 57.112 0
151538 16.375 16.0 57.05 0
151609 16.375 16.0 56.987 0
151639 16.437 16.0 56.987 0
151709 16.437 16.0 56.612 0
151740 16.437 16.0 56.05 0
151810 16.437 16.0 55.487 0
151841 16.437 16.0 54.987 0
151912 16.437 16.0 54.8 0
151943 16.437 16.0 54.862 0
152014 16.437 16.0 55.425 0
152044 16.437 16.0 56.237 0
152115 16.437 16.0 57.237 0
152145 16.375 16.0 58.3 0
152216 16.375 16.0 59.425 0
152247 16.375 16.0 60.55 0
152318 16.375 16.0 61.8 0
152348 16.375 16.0 63.05 0
152418 16.375 16.0 63.987 0
152449 16.375 16.0 64.737 0
152519 16.375 16.0 65.362 0
152550 16.375 16.0 65.8 0
152621 16.375 16.0 66.175 0
152651 16.312 16.0 66.425 0
152722 16.312 16.0 66.675 0
152752 16.312 16.0 66.862 0
152823 16.312 16.0 67.112 0
152854 16.312 16.0 67.3 0
152924 16.312 16.0 67.487 0
152955 16.312 16.0 67.612 0
153025 16.312 16.0 67.737 0
153056 16.312 16.0 67.862 0
153126 16.312 16.0 67.925 0
153157 16.25 16.0 67.862 0
153228 16.25 16.0 68.05 0
153259 16.25 16.0 68.112 0
153329 16.25 16.0 68.175 0
153400 16.25 16.0 68.237 0
153430 16.187 16.0 68.237 0
153500 16.187 16.0 68.3 0
153531 16.187 16.0 68.3 0
153601 16.187 16.0 68.3 0
153631 16.187 16.0 68.362 0
153701 16.125 16.0 68.362 0
153732 16.125 16.0 68.362 0
153803 16.125 16.0 68.425 0
153833 16.125 16.0 68.425 0
153906 16.125 16.0 68.487 0
153937 16.125 16.0 68.487 0
154007 16.125 16.0 68.487 0
154038 16.125 16.0 68.425 0
154108 16.125 16.0 68.425 0
154138 16.062 16.0 68.425 0
154209 16.062 16.0 68.487 0
154239 16.062 16.0 68.487 0
154310 16.062 16.0 68.487 0
154340 16.062 16.0 68.487 0
154411 16.0 16.0 68.487 0
154442 16.0 16.0 68.487 0
154512 16.0 16.0 68.487 0
154543 16.0 16.0 68.487 0
154613 16.0 16.0 68.487 0
154644 16.0 16.0 68.487 0
154715 16.0 16.0 68.487 0
154746 16.0 16.0 68.487 0
154816 16.0 16.0 68.487 0
154847 16.0 16.0 68.425 0
154917 15.937 16.0 68.425 50
154947 15.937 16.0 68.425 50
155018 15.937 16.0 68.487 50
155049 15.937 16.0 68.425 50
155119 15.937 16.0 68.425 50
155150 15.875 16.0 68.425 50
155221 15.875 16.0 68.362 50
155251 15.875 16.0 68.362 50
155322 15.875 16.0 68.3 50
155352 15.875 16.0 68.3 50
155423 15.875 16.0 68.237 50
155454 15.875 16.0 68.175 50
155525 15.875 16.0 68.175 50
155555 15.875 16.0 68.112 50
155626 15.875 16.0 67.987 50
155656 15.937 16.0 67.925 50
155726 15.937 16.0 67.737 50
155757 15.937 16.0 67.425 50
155827 15.937 16.0 66.737 50
155858 15.937 16.0 65.612 50
155929 16.062 16.0 63.987 0
155959 16.062 16.0 62.737 0
160029 16.062 16.0 61.925 0
160059 16.062 16.0 61.362 0
160129 16.062 16.0 61.05 0
160200 16.25 16.0 60.8 0
160230 16.25 16.0 60.612 0
160301 16.25 16.0 60.487 0
160331 16.25 16.0 60.362 0
160402 16.25 16.0 60.237 0
160433 16.312 16.0 60.175 0
160503 16.312 16.0 60.112 0
160534 16.312 16.0 59.987 0
160604 16.312 16.0 59.925 0
160635 16.312 16.0 59.862 0
160706 16.375 16.0 59.8 0
160736 16.375 16.0 59.55 0
160807 16.375 16.0 58.8 0
160838 16.375 16.0 57.675 0
160910 16.375 16.0 56.3 0
160941 16.375 16.0 55.112 0
161011 16.375 16.0 54.425 0
161042 16.375 16.0 53.987 0
161112 16.375 16.0 53.675 0
161142 16.375 16.0 53.55 0
161212 16.375 16.0 53.487 0
161243 16.375 16.0 53.487 0
161314 16.375 16.0 53.487 0
161345 16.375 16.0 53.487 0
161415 16.375 16.0 53.612 0
161445 16.375 16.0 53.987 0
161516 16.375 16.0 54.612 0
161546 16.375 16.0 55.55 0
161616 16.375 16.0 56.737 0
161647 16.312 16.0 57.737 0
161717 16.312 16.0 58.925 0
161748 16.312 16.0 60.237 0
161818 16.312 16.0 61.675 0
161849 16.312 16.0 63.05 0
161919 16.312 16.0 64.362 0
161950 16.312 16.0 65.237 0
162020 16.312 16.0 65.925 0
162051 16.312 16.0 66.425 0
162122 16.312 16.0 66.987 0
162152 16.25 21.0 67.362 0
162223 16.25 21.0 67.675 50
162254 16.25 21.0 68.05 50
162324 16.25 21.0 68.3 50
162354 16.25 21.0 68.487 50
162425 16.312 21.0 68.612 50
162456 16.312 21.0 68.737 50
162526 16.312 21.0 68.8 50
162557 16.312 21.0 68.862 50
162627 16.312 21.0 68.925 50
162657 16.312 21.0 68.987 50
162728 16.312 21.0 69.112 50
162758 16.312 21.0 69.175 50
162829 16.312 21.0 69.237 50
162859 16.312 21.0 69.3 50
162930 16.375 21.0 69.362 50
163001 16.375 21.0 69.362 50
163031 16.375 21.0 69.362 50
163101 16.375 21.0 69.3 50
163132 16.375 21.0 69.112 50
163202 16.437 21.0 68.55 50
163232 16.437 21.0 67.55 50
163302 16.437 21.0 66.05 50
163333 16.437 21.0 64.175 50
163404 16.437 21.0 62.175 50
163435 16.437 21.0 59.987 50
163505 16.437 21.0 58.3 0
163536 16.437 21.0 57.112 0
163606 16.437 21.0 56.362 0
163637 16.437 21.0 55.987 0
163707 16.75 21.0 56.05 0
163737 16.75 21.0 56.55 0
163807 16.75 21.0 57.362 0
163837 16.75 21.0 58.425 0
163908 16.75 21.0 59.425 0
163939 16.75 21.0 60.425 50
164010 16.75 21.0 61.487 50
164040 16.75 21.0 62.612 50
164111 16.75 21.0 63.612 50
164141 16.75 21.0 64.3 50
164211 16.812 21.0 64.862 50
164242 16.812 21.0 65.175 50
164312 16.812 21.0 65.425 50
164342 16.812 21.0 65.612 50
164415 16.875 21.0 65.8 50
164445 16.875 21.0 65.925 50
164515 16.875 21.0 66.05 50
164546 16.875 21.0 66.175 50
164616 16.875 21.0 66.237 50
164647 16.937 21.0 66.3 50
164717 16.937 21.0 66.362 50
164748 16.937 21.0 66.425 50
164819 16.937 21.0 66.425 50
164849 16.937 21.0 66.237 50
164920 17.0 21.0 66.175 50
164950 17.0 21.0 65.862 50
165020 17.0 21.0 65.675 50
165051 17.0 21.0 65.362 50
165121 17.0 21.0 64.862 50
165152 17.062 21.0 64.362 50
165222 17.062 21.0 63.737 50
165253 17.062 21.0 63.112 50
165324 17.062 21.0 62.487 50
165354 17.062 21.0 61.8 50
165424 17.187 21.0 61.237 50
165455 17.187 21.0 60.737 50
165526 17.187 21.0 60.3 50
165557 17.187 21.0 59.862 0
165627 17.187 21.0 59.737 0
165658 17.187 21.0 59.612 0
165729 17.187 21.0 59.425 0
165800 17.187 21.0 59.487 0
165830 17.187 21.0 59.362 0
165900 17.187 21.0 59.487 0
165930 17.25 21.0 59.675 0
170001 17.25 21.0 59.862 0
170031 17.25 21.0 60.05 50
170102 17.25 21.0 60.237 50
170132 17.25 21.0 60.55 50
170202 17.187 21.0 60.987 50
170232 17.187 21.0 61.55 50
170303 17.187 21.0 62.3 50
170334 17.187 21.0 63.112 50
170404 17.187 21.0 63.612 50
170434 17.187 21.0 64.175 50
170505 17.187 21.0 64.612 50
170536 17.187 21.0 65.05 50
170606 17.187 21.0 65.3 50
170636 17.187 21.0 65.487 50
170707 17.125 21.0 65.675 50
170738 17.125 21.0 65.8 50
170808 17.125 21.0 65.987 50
170839 17.125 21.0 66.112 50
170909 17.125 21.0 66.237 50
170939 17.125 21.0 66.112 50
171009 17.125 21.0 66.112 50
171040 17.125 21.0 66.175 50
171111 17.125 21.0 66.175 50
171142 17.125 21.0 66.175 50
171212 17.125 21.0 66.175 50
171243 17.125 21.0 66.112 50
171314 17.125 21.0 65.987 50
171344 17.125 21.0 65.737 50
171415 17.125 21.0 65.425 50
171445 17.25 21.0 64.987 50
171515 17.25 21.0 64.425 50
171546 17.25 21.0 63.675 50
171616 17.25 21.0 62.925 50
171646 17.25 21.0 62.237 50
171717 17.375 21.0 61.737 50
171748 17.375 21.0 61.362 50
171818 17.375 21.0 61.112 50
171849 17.375 21.0 60.925 50
171920 17.375 21.0 60.8 50
171951 17.375 21.0 60.675 50
172021 17.375 21.0 60.612 50
172052 17.375 21.0 60.55 50
172122 17.375 21.0 60.55 50
172153 17.375 21.0 60.487 50
172223 17.375 21.0 60.487 50
172254 17.375 21.0 60.55 50
172324 17.375 21.0 60.55 50
172355 17.375 21.0 60.55 50
172425 17.437 21.0 60.612 50
172455 17.437 21.0 60.675 50
172526 17.437 21.0 60.675 50
172556 17.437 21.0 60.737 50
172627 17.437 21.0 60.862 50
172657 17.375 21.0 60.925 50
172728 17.375 21.0 60.987 50
172758 17.375 21.0 61.112 50
172829 17.375 21.0 61.175 50
172859 17.375 21.0 61.237 50
172929 17.375 21.0 61.3 50
173000 17.375 21.0 61.362 50
173030 17.375 21.0 61.425 50
173100 17.375 21.0 61.425 50
173130 17.375 21.0 61.425 50
173200 17.375 21.0 61.425 50
173231 17.375 21.0 61.425 50
173301 17.375 21.0 61.425 50
173331 17.375 21.0 61.362 50
173401 17.375 21.0 61.3 50
173431 17.375 21.0 61.237 50
173501 17.375 21.0 61.175 50
173531 17.375 21.0 60.987 50
173601 17.375 21.0 60.8 50
173632 17.375 21.0 60.612 50
173702 17.375 21.0 60.3 50
173732 17.375 21.0 59.925 50
173803 17.375 21.0 59.55 50
173833 17.375 21.0 59.112 50
173903 17.375 21.0 58.675 50
173934 17.437 21.0 58.175 50
174004 17.437 21.0 57.675 50
174035 17.437 21.0 57.3 50
174106 17.437 21.0 56.737 50
174136 17.437 21.0 56.112 50
174206 17.437 21.0 55.487 50
174237 17.437 21.0 54.925 50
174307 17.437 21.0 54.425 50
174338 17.437 21.0 54.05 50
174409 17.437 21.0 53.8 0
174439 17.5 21.0 53.737 0
174509 17.5 21.0 54.05 50
174539 17.5 21.0 54.8 50
174609 17.5 21.0 55.737 50
174640 17.5 21.0 56.612 50
174710 17.687 21.0 57.55 50
174741 17.687 21.0 58.425 50
174811 17.687 21.0 59.425 50
174841 17.687 21.0 60.237 50
174912 17.687 21.0 60.987 50
174942 18.125 21.0 61.675 50
175013 18.125 21.0 62.237 50
175043 18.125 21.0 62.675 50
175113 18.125 21.0 62.987 50
175144 18.125 21.0 63.237 50
175214 18.687 21.0 63.425 50
175245 18.687 21.0 63.612 50
175315 18.687 21.0 63.675 50
175345 18.687 21.0 63.675 50
175415 18.687 21.0 63.675 50
175445 18.937 21.0 63.675 50
175515 18.937 21.0 63.612 50
175546 18.937 21.0 63.487 50
175616 18.937 21.0 63.362 50
175646 18.937 21.0 63.112 50
175716 19.25 21.0 62.862 50
175746 19.25 21.0 62.55 50
175816 19.25 21.0 62.112 50
175847 19.25 21.0 61.675 50
175917 19.25 21.0 61.175 50
175948 19.375 21.0 60.675 50
180018 19.375 21.0 60.175 50
180048 19.375 21.0 59.675 50
180118 19.375 21.0 59.237 50
180149 19.375 21.0 58.8 50
180219 19.625 21.0 58.425 50
180249 19.625 21.0 58.112 50
180320 19.625 21.0 57.8 50
180351 19.625 21.0 57.55 50
180421 19.625 21.0 57.362 50
180452 19.687 21.0 57.175 50
180522 19.687 21.0 56.987 50
180552 19.687 21.0 56.8 50
180623 19.687 21.0 56.675 50
180655 19.687 21.0 56.55 50
180726 19.687 21.0 56.425 50
180756 19.687 21.0 56.362 50
180827 19.687 21.0 56.362 50
180857 19.687 21.0 56.487 50
180927 19.75 21.0 56.675 50
180957 19.75 21.0 56.862 50
181028 19.75 21.0 57.3 50
181058 19.75 21.0 57.862 50
181128 19.75 21.0 58.487 50
181158 19.75 21.0 59.3 50
181228 19.75 21.0 60.05 50
181259 19.75 21.0 60.925 50
181329 19.75 21.0 61.8 50
181359 19.75 21.0 62.55 50
181430 19.875 21.0 63.175 50
181500 19.875 21.0 63.55 50
181531 19.875 21.0 63.862 50
181602 19.875 21.0 64.175 50
181633 19.875 21.0 64.362 50
181703 19.937 21.0 64.487 50
181734 19.937 21.0 64.612 50
181804 19.937 21.0 64.737 50
181834 19.937 21.0 64.8 50
181905 19.937 21.0 64.862 50
181935 20.0 21.0 64.925 50
182006 20.0 21.0 64.925 50
182036 20.0 21.0 64.987 50
182106 20.0 21.0 64.987 50
182136 20.0 21.0 64.987 50
182206 20.0 21.0 64.987 50
182236 20.0 21.0 64.862 50
182306 20.0 21.0 64.737 50
182337 20.0 21.0 64.425 50
182407 20.0 21.0 63.987 50
182437 20.0 21.0 63.487 50
182507 20.0 21.0 62.8 50
182537 20.0 21.0 62.112 50
182608 20.0 21.0 61.362 50
182638 20.0 21.0 60.612 50
182708 20.062 21.0 59.925 50
182738 20.062 21.0 59.3 50
182808 20.062 21.0 58.737 50
182838 20.062 21.0 58.3 50
182909 20.062 21.0 57.862 50
182939 20.062 21.0 57.612 50
183009 20.062 21.0 57.425 50
183039 20.062 21.0 57.3 50
183110 20.062 21.0 57.3 50
183140 20.062 21.0 57.362 50
183210 20.125 21.0 57.362 50
183240 20.125 21.0 57.487 50
183310 20.125 21.0 57.55 50
183341 20.125 21.0 57.675 50
183411 20.125 21.0 57.862 50
183441 20.187 21.0 57.925 50
183512 20.187 21.0 58.112 50
183542 20.187 21.0 58.175 50
183612 20.187 21.0 58.362 50
183643 20.187 21.0 58.487 50
183713 20.062 21.0 58.612 50
183744 20.062 21.0 58.737 50
183814 20.062 21.0 58.8 50
183844 20.062 21.0 58.925 50
183915 20.062 21.0 58.987 50
183945 19.937 21.0 59.05 50
184015 19.937 21.0 59.112 50
184046 19.937 21.0 59.175 50
184116 19.937 21.0 59.237 50
184147 19.937 21.0 59.237 50
184217 19.812 21.0 59.3 50
184247 19.812 21.0 59.237 50
184318 19.812 21.0 59.237 50
184348 19.812 21.0 59.175 50
184418 19.812 21.0 59.112 50
184448 19.687 21.0 58.987 50
184518 19.687 21.0 58.862 50
184548 19.687 21.0 58.675 50
184619 19.687 21.0 58.487 50
184649 19.687 21.0 58.3 50
184719 19.625 21.0 58.175 50
184750 19.625 21.0 57.987 50
184820 19.625 21.0 57.862 50
184851 19.625 21.0 57.8 50
184921 19.625 21.0 57.737 50
184951 19.687 21.0 57.675 50
185021 19.687 21.0 57.675 50
185051 19.687 21.0 57.675 50
185121 19.687 21.0 57.612 50
185151 19.687 21.0 57.675 50
185222 19.75 21.0 57.612 50
185252 19.75 21.0 57.612 50
185322 19.75 21.0 57.612 50
185353 19.75 21.0 57.612 50
185423 19.75 21.0 57.612 50
185453 19.875 21.0 57.612 50
185524 19.875 21.0 57.612 50
185554 19.875 21.0 57.612 50
185624 19.875 21.0 57.612 50
185655 19.875 21.0 57.55 50
185725 19.937 21.0 57.55 50
185755 19.937 21.0 57.487 50
185825 19.937 21.0 57.362 50
185856 19.937 21.0 57.3 50
185927 19.937 21.0 57.175 50
185958 19.937 21.0 57.112 50
190028 19.937 21.0 57.05 50
190058 19.937 21.0 56.987 50
190129 19.937 21.0 56.925 50
190159 19.937 21.0 56.925 50
190229 19.875 21.0 56.925 50
190259 19.875 21.0 56.925 50
190329 19.875 21.0 56.862 50
190359 19.875 21.0 56.8 50
190430 19.875 21.0 56.862 50
190501 20.0 21.0 56.987 50
190531 20.0 21.0 57.112 50
190601 20.0 21.0 57.362 50
190631 20.0 21.0 57.675 50
190701 20.0 21.0 58.05 50
190731 19.875 21.0 58.612 50
190802 19.875 21.0 59.112 50
190832 19.875 21.0 59.8 50
190902 19.875 21.0 60.425 50
190933 19.875 21.0 61.175 50
191003 20.0 21.0 61.862 50
191033 20.0 21.0 62.425 50
191103 20.0 21.0 62.925 50
191133 20.0 21.0 63.237 50
191206 20.0 21.0 63.55 50
191236 20.0 21.0 63.8 50
191307 20.0 21.0 63.925 50
191337 20.0 21.0 64.05 50
191407 20.0 21.0 64.175 50
191437 20.125 21.0 64.3 50
191507 20.125 21.0 64.425 50
191538 20.125 21.0 64.55 50
191608 20.125 21.0 64.675 50
191638 20.125 21.0 64.737 50
191709 20.125 21.0 64.8 50
191739 20.125 21.0 64.862 50
191809 20.125 21.0 64.862 50
191839 20.125 21.0 64.8 50
191910 20.125 21.0 64.737 50
191940 20.25 21.0 64.55 50
192011 20.25 21.0 64.362 50
192041 20.25 21.0 64.05 50
192111 20.25 21.0 63.737 50
192141 20.25 21.0 63.425 50
192211 20.312 21.0 63.05 50
192242 20.312 21.0 62.675 50
192312 20.312 21.0 62.3 50
192342 20.312 21.0 61.862 50
192413 20.312 21.0 61.55 50
192443 20.375 21.0 61.175 50
192513 20.375 21.0 60.862 50
192543 20.375 21.0 60.487 50
192614 20.375 21.0 60.175 50
192644 20.375 21.0 59.862 50
192714 20.5 21.0 59.612 50
192745 20.5 21.0 59.362 50
192815 20.5 21.0 59.175 50
192845 20.5 21.0 58.987 50
192915 20.5 21.0 58.862 50
192946 20.437 21.0 58.737 50
193016 20.437 21.0 58.612 50
193046 20.437 21.0 58.55 50
193117 20.437 21.0 58.487 50
193147 20.437 21.0 58.425 50
193218 20.5 21.0 58.425 50
193249 20.5 21.0 58.362 50
193319 20.5 21.0 58.3 50
193350 20.5 21.0 58.3 50
193420 20.5 21.0 58.237 50
193450 20.562 21.0 58.237 50
193521 20.562 21.0 58.112 50
193551 20.562 21.0 58.05 50
193622 20.562 21.0 57.925 50
193652 20.562 21.0 57.8 50
193722 20.5 21.0 57.612 50
193753 20.5 21.0 57.487 50
193823 20.5 21.0 57.237 50
193853 20.5 21.0 56.987 50
193924 20.5 21.0 56.737 50
193955 20.5 21.0 56.425 50
194025 20.5 21.0 56.05 50
194055 20.5 21.0 55.612 50
194126 20.5 21.0 55.175 50
194156 20.5 21.0 54.737 50
194226 20.5 21.0 54.3 50
194256 20.5 21.0 53.925 0
194326 20.5 21.0 53.675 0
194356 20.5 21.0 53.675 0
194426 20.5 21.0 54.112 50
194457 20.562 21.0 54.737 50
194527 20.562 21.0 55.612 50
194557 20.562 21.0 56.425 50
194627 20.562 21.0 57.237 50
194657 20.562 21.0 58.05 50
194727 20.5 21.0 58.737 50
194758 20.5 21.0 59.425 50
194828 20.5 21.0 60.05 50
194859 20.5 21.0 60.675 50
194929 20.5 21.0 61.175 50
195000 20.5 21.0 61.612 50
195030 20.5 21.0 61.987 50
195100 20.5 21.0 62.237 50
195130 20.5 21.0 62.487 50
195200 20.5 21.0 62.675 50
195230 20.562 21.0 62.862 50
195301 20.562 21.0 62.925 50
195331 20.562 21.0 62.925 50
195402 20.562 21.0 62.862 50
195432 20.562 21.0 62.737 50
195502 20.625 21.0 62.487 50
195532 20.625 21.0 62.112 50
195602 20.625 21.0 61.612 50
195633 20.625 21.0 60.925 50
195703 20.625 21.0 60.237 50
195734 20.687 21.0 59.487 50
195804 20.687 21.0 58.737 50
195834 20.687 21.0 57.987 50
195905 20.687 21.0 57.3 50
195935 20.687 21.0 56.675 50
200005 20.75 21.0 56.175 50
200036 20.75 21.0 55.675 50
200106 20.75 21.0 55.3 50
200137 20.75 21.0 55.05 50
200207 20.75 21.0 54.925 50
200238 20.75 21.0 54.987 50
200308 20.75 21.0 55.362 50
200338 20.75 21.0 55.862 50
200408 20.75 21.0 56.612 50
200438 20.75 21.0 57.362 50
200508 20.75 21.0 58.175 50
200539 20.75 21.0 59.05 50
200610 20.75 21.0 59.925 50
200640 20.75 21.0 60.675 50
200710 20.75 21.0 61.487 50
200741 20.687 21.0 62.175 50
200811 20.687 21.0 62.737 50
200841 20.687 21.0 63.112 50
200911 20.687 21.0 63.425 50
200941 20.687 21.0 63.675 50
201011 20.687 21.0 63.862 50
201042 20.687 21.0 63.987 50
201112 20.687 21.0 64.175 50
201142 20.687 21.0 64.237 50
201215 20.812 21.0 64.3 50
201245 20.812 21.0 64.362 50
201315 20.812 21.0 64.362 50
201345 20.812 21.0 64.425 50
201416 20.812 21.0 64.362 50
201446 20.812 21.0 64.3 50
201516 20.812 21.0 64.237 50
201547 20.812 21.0 64.175 50
201618 20.812 21.0 63.987 50
201649 20.812 21.0 63.862 50
201719 20.875 21.0 63.612 50
201749 20.875 21.0 63.237 50
201820 20.875 21.0 62.862 50
201850 20.875 21.0 62.425 50
201920 20.875 21.0 61.987 50
201951 20.937 21.0 61.487 50
202022 20.937 21.0 60.987 50
202052 20.937 21.0 60.487 50
202122 20.937 21.0 59.987 50
202153 20.937 21.0 59.425 50
202223 21.0 21.0 58.862 50
202254 21.0 21.0 58.362 50
202324 21.0 21.0 57.987 50
202354 21.0 21.0 57.612 50
202424 21.0 21.0 57.362 50
202454 20.937 21.0 57.112 50
202525 20.937 21.0 56.925 50
202555 20.937 21.0 56.8 50
202626 20.937 21.0 56.675 50
202657 20.937 21.0 56.487 50
202727 20.937 21.0 56.362 50
202758 20.937 21.0 56.175 50
202829 20.937 21.0 55.987 50
202859 20.937 21.0 55.862 50
202929 20.937 21.0 55.8 50
203000 21.0 21.0 55.862 50
203030 21.0 21.0 56.175 50
203101 21.0 21.0 56.8 50
203131 21.0 21.0 57.675 50
203201 21.0 21.0 58.612 50
203232 21.0 21.0 59.675 50
203302 21.0 21.0 60.675 50
203333 21.0 21.0 61.675 50
203403 21.0 21.0 62.675 50
203434 21.0 21.0 63.487 50
203504 20.937 21.0 63.987 50
203534 20.937 21.0 64.362 50
203604 20.937 21.0 64.675 50
203634 20.937 21.0 64.925 50
203705 20.937 21.0 65.112 50
203735 21.0 21.0 65.237 50
203806 21.0 21.0 65.362 50
203837 21.0 21.0 65.487 50
203907 21.0 21.0 65.55 50
203938 21.0 21.0 65.675 50
204009 21.062 21.0 65.737 0
204039 21.062 21.0 65.737 0
204110 21.062 21.0 65.737 0
204141 21.062 21.0 65.737 0
204211 21.062 21.0 65.737 0
204242 21.062 21.0 65.8 0
204313 21.062 21.0 65.8 0
204344 21.062 21.0 65.8 0
204414 21.062 21.0 65.8 0
204445 21.062 21.0 65.8 0
204516 21.062 21.0 65.862 0
204546 21.062 21.0 65.862 0
204617 21.062 21.0 65.862 0
204647 21.062 21.0 65.925 0
204720 21.0 21.0 65.925 0
204750 21.0 21.0 65.925 0
204820 21.0 21.0 65.925 0
204851 21.0 21.0 65.987 0
204921 21.0 21.0 65.987 0
204951 20.875 21.0 65.987 50
205021 20.875 21.0 65.987 50
205051 20.875 21.0 66.05 50
205122 20.875 21.0 66.05 50
205152 20.875 21.0 65.987 50
205223 20.875 21.0 65.925 50
205253 20.875 21.0 65.737 50
205323 20.875 21.0 65.425 50
205353 20.875 21.0 65.05 50
205424 20.875 21.0 64.675 50
205454 20.812 21.0 64.362 50
205525 20.812 21.0 64.112 50
205555 20.812 21.0 63.862 50
205625 20.812 21.0 63.737 50
205655 20.812 21.0 63.55 50
205725 20.937 21.0 63.425 50
205755 20.937 21.0 63.3 50
205826 20.937 21.0 63.175 50
205856 20.937 21.0 63.112 50
205927 20.937 21.0 62.925 50
205958 20.937 21.0 62.737 50
210028 20.937 21.0 62.3 50
210058 20.937 21.0 61.737 50
210129 20.937 21.0 60.862 50
210159 20.937 21.0 59.8 0
210229 21.062 21.0 58.8 0
210300 21.062 21.0 58.112 0
210331 21.062 21.0 57.675 0
210401 21.062 21.0 57.425 0
210432 21.062 21.0 57.175 0
210503 21.125 21.0 57.05 0
210533 21.125 21.0 56.925 0
210603 21.125 21.0 56.55 0
210634 21.125 21.0 56.3 0
210704 21.125 21.0 56.237 0
210735 21.125 21.0 56.3 0
210805 21.125 21.0 56.737 0
210836 21.125 21.0 57.425 0
210907 21.125 21.0 58.237 0
210937 21.125 21.0 59.237 0
211008 21.062 21.0 60.362 0
211038 21.062 21.0 61.675 0
211108 21.062 21.0 62.925 0
211139 21.062 21.0 64.05 0
211210 21.062 21.0 64.862 0
211240 20.937 21.0 65.487 50
211311 20.937 21.0 65.987 50
211341 20.937 21.0 66.3 50
211412 20.937 21.0 66.55 50
211442 20.937 21.0 66.737 50
211512 20.875 21.0 66.862 50
211543 20.875 21.0 66.925 50
211614 20.875 21.0 67.05 50
211645 20.875 21.0 67.112 50
211715 20.875 21.0 67.175 50
211746 20.875 21.0 67.237 50
211817 20.875 21.0 67.237 50
211847 20.875 21.0 67.3 50
211917 20.875 21.0 67.3 50
211948 20.875 21.0 67.3 50
212019 20.937 21.0 67.3 50
212049 20.937 21.0 67.237 50
212120 20.937 21.0 67.112 50
212150 20.937 21.0 66.987 50
212221 20.937 21.0 66.737 50
212252 20.937 21.0 66.237 50
212322 20.937 21.0 65.425 50
212353 20.937 21.0 64.362 50
212423 20.937 21.0 63.175 50
212456 21.0 21.0 61.737 50
212526 21.0 21.0 60.487 50
212556 21.0 21.0 59.175 0
212627 21.0 21.0 57.987 0
212657 21.0 21.0 57.237 0
212727 21.062 21.0 56.675 0
212757 21.062 21.0 56.112 0
212827 21.062 21.0 55.55 0
212858 21.062 21.0 55.237 0
212928 21.062 21.0 55.112 0
212958 21.187 21.0 55.175 0
213028 21.187 21.0 55.425 0
213059 21.187 21.0 55.987 0
213130 21.187 21.0 56.8 0
213200 21.187 21.0 57.737 0
213231 21.187 21.0 58.737 0
213301 21.187 21.0 59.925 0
213332 21.187 21.0 61.237 0
213403 21.187 21.0 62.425 0
213433 21.187 21.0 63.612 0
213504 21.062 21.0 64.55 0
213534 21.062 21.0 65.3 0
213605 21.062 21.0 65.862 0
213635 21.062 21.0 66.362 0
213706 21.062 21.0 66.737 0
213736 21.0 21.0 67.05 0
213807 21.0 21.0 67.3 0
213837 21.0 21.0 67.487 0
213907 21.0 21.0 67.737 0
213938 21.0 21.0 67.925 0
214008 21.0 21.0 68.112 0
214038 21.0 21.0 68.3 0
214109 21.0 21.0 68.487 0
214140 21.0 21.0 68.675 0
214210 21.0 21.0 68.8 0
214241 20.937 21.0 68.925 50
214311 20.937 21.0 68.987 50
214342 20.937 21.0 69.112 50
214413 20.937 21.0 69.175 50
214443 20.937 21.0 69.237 50
214513 20.875 21.0 69.3 50
214544 20.875 21.0 69.362 50
214614 20.875 21.0 69.362 50
214645 20.875 21.0 69.362 50
214715 20.875 21.0 69.362 50
214745 21.0 21.0 69.362 50
214816 21.0 21.0 69.362 50
214847 21.0 21.0 69.425 50
214918 21.0 21.0 69.425 50
214948 21.0 21.0 69.362 50
215018 20.937 21.0 69.362 50
215048 20.937 21.0 69.3 50
215119 20.937 21.0 69.237 50
215150 20.937 21.0 69.112 50
215220 20.937 21.0 68.8 50
215250 21.062 21.0 68.237 0
215321 21.062 21.0 67.675 0
215351 21.062 21.0 67.362 0
215421 21.062 21.0 67.112 0
215452 21.062 21.0 66.925 0
215522 21.25 21.0 66.8 0
215552 21.25 21.0 66.737 0
215622 21.25 21.0 66.612 0
215653 21.25 21.0 66.55 0
215724 21.25 21.0 66.425 0
215754 21.25 21.0 66.362 0
215824 21.25 21.0 66.237 0
215855 21.25 21.0 65.862 0
215926 21.25 21.0 65.175 0
215957 21.25 21.0 64.237 0
220027 21.125 21.0 63.487 0
220058 21.125 21.0 63.05 0
220129 21.125 21.0 62.737 0
220159 21.125 21.0 62.55 0
220230 21.062 21.0 62.362 0
220301 21.062 21.0 62.237 0
220332 21.062 21.0 62.112 0
220402 21.062 21.0 62.05 0
220433 21.062 21.0 61.925 0
220503 20.937 21.0 61.862 50
220534 20.937 21.0 61.487 50
220605 20.937 21.0 60.487 50
220635 20.937 21.0 59.487 0
220706 20.937 21.0 58.737 0
220736 20.812 21.0 58.237 0
220806 20.812 21.0 57.862 0
220836 20.812 21.0 57.612 0
220907 20.812 21.0 57.487 0
220937 20.812 21.0 57.362 0
221007 20.875 21.0 57.3 0
221038 20.875 21.0 57.237 0
221108 20.875 21.0 57.237 0
221139 20.875 21.0 57.237 0
221209 20.875 21.0 57.237 0
221240 20.812 21.0 57.3 0
221311 20.812 21.0 57.3 0
221341 20.812 21.0 57.362 0
221411 20.812 21.0 57.425 0
221442 20.812 21.0 57.487 0
221512 20.75 21.0 57.55 0
221543 20.75 21.0 57.675 0
221613 20.75 21.0 57.737 0
221644 20.75 21.0 57.8 0
221715 20.75 21.0 57.8 0
221745 20.687 21.0 57.862 0
221816 20.687 21.0 57.925 0
221847 20.687 21.0 57.987 0
221917 20.687 21.0 57.987 0
221948 20.687 21.0 58.05 0
222018 20.562 21.0 58.05 0
222048 20.562 21.0 58.05 0
222119 20.562 21.0 58.112 0
222150 20.562 21.0 58.112 0
222220 20.562 21.0 58.175 0
222250 20.5 21.0 58.175 0
222321 20.5 21.0 58.237 0
222351 20.5 21.0 58.3 0
222421 20.5 21.0 58.362 0
222451 20.5 21.0 58.425 0
222522 20.437 21.0 58.487 0
222552 20.437 21.0 58.55 0
222623 20.437 21.0 58.612 0
222653 20.437 21.0 58.675 0
222723 20.437 21.0 58.737 0
222754 20.375 21.0 58.8 0
222824 20.375 21.0 58.862 0
222855 20.375 21.0 58.925 0
222925 20.375 21.0 59.05 0
222956 20.375 21.0 59.112 0
223026 20.25 21.0 59.175 0
223056 20.25 21.0 59.237 0
223127 20.25 21.0 59.237 0
223157 20.25 21.0 59.3 0
223228 20.25 21.0 59.362 0
223258 20.125 21.0 59.362 0
223329 20.125 21.0 59.362 0
223359 20.125 21.0 59.425 0
223429 20.125 21.0 59.425 0
223500 20.125 21.0 59.425 0
223530 20.0 21.0 59.487 0
223600 20.0 21.0 59.675 0
223630 20.0 21.0 59.925 0
223700 20.0 21.0 60.175 50
223731 20.0 21.0 60.425 50
223801 19.875 21.0 60.675 50
223831 19.875 21.0 60.925 50
223901 19.875 21.0 61.112 50
223931 19.875 21.0 61.175 50
224002 19.875 21.0 61.237 50
224032 19.875 21.0 61.3 50
224102 19.875 21.0 61.362 50
224132 19.875 21.0 61.362 50
224203 19.875 21.0 61.425 50
224235 19.937 21.0 61.425 50
224305 19.937 21.0 61.425 50
224335 19.937 21.0 61.425 50
224406 19.937 21.0 61.425 50
224436 19.937 21.0 61.362 50
224506 20.187 21.0 61.237 50
224537 20.187 21.0 61.175 50
224607 20.187 21.0 60.987 50
224638 20.187 21.0 60.612 50
224708 20.187 21.0 59.925 0
224738 20.437 21.0 59.112 0
224809 20.437 21.0 58.487 0
224840 20.437 21.0 58.112 0
224910 20.437 21.0 57.862 0
224941 20.437 21.0 57.675 0
225012 20.562 21.0 57.487 0
225042 20.562 21.0 57.425 0
225113 20.562 21.0 57.3 0
225143 20.562 21.0 57.237 0
225214 20.562 21.0 57.175 0
225244 20.562 21.0 57.175 0
225315 20.562 21.0 57.112 0
225346 20.562 21.0 57.112 0
225416 20.562 21.0 57.112 0
225447 20.562 21.0 57.112 0
225517 20.625 21.0 57.237 0
225547 20.625 21.0 57.675 0
225618 20.625 21.0 58.362 0
225649 20.625 21.0 59.3 0
225719 20.625 21.0 60.425 50
225750 20.625 21.0 61.55 50
225820 20.625 21.0 62.737 50
225851 20.625 21.0 63.55 50
225921 20.625 21.0 64.112 50
225952 20.625 21.0 64.487 50
230022 20.562 10.0 64.8 50
230053 20.562 10.0 64.987 0
230123 20.562 10.0 65.175 0
230154 20.562 10.0 65.3 0
230224 20.562 10.0 65.425 0
230254 20.5 10.0 65.487 0
230325 20.5 10.0 65.55 0
230355 20.5 10.0 65.612 0
230426 20.5 10.0 65.675 0
230456 20.5 10.0 65.675 0
230526 20.437 10.0 65.737 0
230557 20.437 10.0 65.737 0
230627 20.437 10.0 65.8 0
230658 20.437 10.0 65.862 0
230729 20.437 10.0 65.862 0
230759 20.125 10.0 65.925 0
230829 20.125 10.0 65.925 0
230900 20.125 10.0 65.925 0
230931 20.125 10.0 65.925 0
231001 20.125 10.0 65.987 0
231032 19.75 10.0 65.987 0
231102 19.75 10.0 65.987 0
231133 19.75 10.0 66.05 0
231203 19.75 10.0 66.05 0
231234 19.75 10.0 66.05 0
231304 19.5 10.0 66.112 0
231335 19.5 10.0 66.112 0
231406 19.5 10.0 66.112 0
231436 19.5 10.0 66.112 0
231507 19.5 10.0 66.175 0
231537 19.312 10.0 66.112 0
231608 19.312 10.0 66.175 0
231639 19.312 10.0 66.175 0
231709 19.312 10.0 66.112 0
231741 19.125 10.0 66.112 0
231811 19.125 10.0 66.175 0
231842 19.125 10.0 66.175 0
231912 19.125 10.0 66.175 0
231943 19.125 10.0 66.175 0
232013 19.0 10.0 66.175 0
232044 19.0 10.0 66.175 0
232114 19.0 10.0 66.175 0
232145 19.0 10.0 66.175 0
232215 19.0 10.0 66.175 0
232245 18.875 10.0 66.175 0
232316 18.875 10.0 66.175 0
232346 18.875 10.0 66.175 0
232416 18.875 10.0 66.175 0
232447 18.875 10.0 66.175 0
232517 18.75 10.0 66.175 0
232548 18.75 10.0 66.175 0
232619 18.75 10.0 66.237 0
232649 18.75 10.0 66.237 0
232720 18.75 10.0 66.3 0
232751 18.625 10.0 66.362 0
232822 18.625 10.0 66.425 0
232852 18.625 10.0 66.487 0
232922 18.625 10.0 66.55 0
232952 18.625 10.0 66.612 0
233022 18.562 10.0 66.737 0
233053 18.562 10.0 66.737 0
233123 18.562 10.0 66.8 0
233154 18.562 10.0 66.862 0
233224 18.562 10.0 66.925 0
233255 18.5 10.0 66.925 0
233325 18.5 10.0 66.925 0
233356 18.5 10.0 66.987 0
233427 18.5 10.0 66.987 0
233457 18.5 10.0 66.987 0
233528 18.437 10.0 66.987 0
233558 18.437 10.0 67.05 0
233629 18.437 10.0 67.05 0
233659 18.437 10.0 67.05 0
233730 18.437 10.0 67.112 0
233800 18.375 10.0 67.112 0
233831 18.375 10.0 67.112 0
233902 18.375 10.0 67.175 0
233932 18.375 10.0 67.175 0
234002 18.375 10.0 67.175 0
234032 18.375 10.0 67.175 0
234102 18.375 10.0 67.237 0
234133 18.375 10.0 67.237 0
234203 18.375 10.0 67.237 0
234234 18.375 10.0 67.3 0
234304 18.312 10.0 67.362 0
234335 18.312 10.0 67.362 0
234406 18.312 10.0 67.425 0
234436 18.312 10.0 67.487 0
234506 18.312 10.0 67.55 0
234536 18.25 10.0 67.612 0
234606 18.25 10.0 67.675 0
234637 18.25 10.0 67.737 0
234707 18.25 10.0 67.8 0
234738 18.25 10.0 67.8 0
234808 18.187 10.0 67.862 0
234839 18.187 10.0 67.862 0
234910 18.187 10.0 67.925 0
234940 18.187 10.0 67.925 0
235011 18.187 10.0 67.925 0
235041 18.125 10.0 67.987 0
235112 18.125 10.0 67.987 0
235142 18.125 10.0 67.987 0
235213 18.125 10.0 67.987 0
235246 18.062 10.0 67.987 0
235316 18.062 10.0 68.05 0
235347 18.062 10.0 68.05 0
235417 18.062 10.0 68.05 0
235447 18.062 10.0 68.05 0
235517 18.0 10.0 68.05 0
235548 18.0 10.0 68.112 0
235618 18.0 10.0 68.112 0
235649 18.0 10.0 68.112 0
235720 18.0 10.0 68.112 0
235750 17.937 10.0 68.112 0
235820 17.937 10.0 68.175 0
235851 17.937 10.0 68.175 0
