235926 18.812 10.0 68.487 0
235957 18.812 10.0 68.487 0
000027 18.812 10.0 68.487 0
000057 18.812 10.0 68.487 0
000127 18.812 10.0 68.487 0
000158 18.812 10.0 68.487 0
000228 18.812 10.0 68.487 0
000259 18.812 10.0 68.487 0
000330 18.812 10.0 68.487 0
000400 18.812 10.0 68.487 0
000431 18.812 10.0 68.487 0
000501 18.75 10.0 68.487 0
000532 18.75 10.0 68.487 0
000603 18.75 10.0 68.487 0
000634 18.75 10.0 68.487 0
000704 18.75 10.0 68.425 0
000734 18.75 10.0 68.425 0
000805 18.75 10.0 68.425 0
000835 18.75 10.0 68.425 0
000906 18.75 10.0 68.425 0
000936 18.75 10.0 68.425 0
001006 18.687 10.0 68.425 0
001037 18.687 10.0 68.425 0
001108 18.687 10.0 68.362 0
001138 18.687 10.0 68.362 0
001209 18.687 10.0 68.362 0
001240 18.687 10.0 68.362 0
001310 18.687 10.0 68.3 0
001341 18.687 10.0 68.3 0
001411 18.687 10.0 68.3 0
001442 18.687 10.0 68.3 0
001512 18.687 10.0 68.3 0
001543 18.687 10.0 68.237 0
001614 18.687 10.0 68.237 0
001644 18.687 10.0 68.237 0
001715 18.687 10.0 68.237 0
001745 18.625 10.0 68.175 0
001816 18.625 10.0 68.175 0
001847 18.625 10.0 68.175 0
001917 18.625 10.0 68.175 0
001948 18.625 10.0 68.175 0
002019 18.625 10.0 68.112 0
002049 18.625 10.0 68.112 0
002120 18.625 10.0 68.112 0
002150 18.625 10.0 68.112 0
002222 18.625 10.0 68.05 0
002253 18.625 10.0 68.05 0
002323 18.625 10.0 68.05 0
002354 18.625 10.0 68.05 0
002425 18.625 10.0 68.05 0
002455 18.562 10.0 68.05 0
002526 18.562 10.0 68.05 0
002556 18.562 10.0 68.112 0
002627 18.562 10.0 68.3 0
002658 18.562 10.0 68.362 0
002729 18.562 10.0 68.487 0
002759 18.562 10.0 68.55 0
002829 18.562 10.0 68.612 0
002900 18.562 10.0 68.675 0
002930 18.562 10.0 68.737 0
003001 18.5 10.0 68.8 0
003031 18.5 10.0 68.8 0
003102 18.5 10.0 68.862 0
003132 18.5 10.0 68.862 0
003203 18.5 10.0 68.925 0
003234 18.562 10.0 68.925 0
003304 18.562 10.0 68.925 0
003335 18.562 10.0 68.987 0
003405 18.562 10.0 68.925 0
003436 18.562 10.0 68.925 0
003507 18.5 10.0 68.987 0
003538 18.5 10.0 68.987 0
003608 18.5 10.0 68.987 0
003639 18.5 10.0 68.987 0
003710 18.5 10.0 68.987 0
003740 18.437 10.0 68.987 0
003811 18.437 10.0 68.925 0
003842 18.437 10.0 68.925 0
003912 18.437 10.0 68.925 0
003942 18.437 10.0 68.925 0
004013 18.437 10.0 68.925 0
004044 18.437 10.0 68.925 0
004115 18.437 10.0 68.925 0
004145 18.437 10.0 68.925 0
004216 18.437 10.0 68.925 0
004246 18.437 10.0 68.925 0
004317 18.437 10.0 68.925 0
004347 18.437 10.0 68.925 0
004417 18.437 10.0 68.925 0
004448 18.437 10.0 68.925 0
004519 18.437 10.0 68.925 0
004549 18.437 10.0 68.862 0
004620 18.437 10.0 68.862 0
004651 18.437 10.0 68.862 0
004722 18.437 10.0 68.862 0
004752 18.437 10.0 68.862 0
004823 18.437 10.0 68.862 0
004854 18.437 10.0 68.862 0
004925 18.437 10.0 68.862 0
004956 18.375 10.0 68.8 0
005027 18.375 10.0 68.8 0
005057 18.375 10.0 68.8 0
005128 18.375 10.0 68.8 0
005159 18.375 10.0 68.8 0
005229 18.375 10.0 68.737 0
005300 18.375 10.0 68.737 0
005331 18.375 10.0 68.737 0
005401 18.375 10.0 68.737 0
005432 18.375 10.0 68.675 0
005503 18.312 10.0 68.675 0
005533 18.312 10.0 68.675 0
005604 18.312 10.0 68.675 0
005634 18.312 10.0 68.675 0
005704 18.312 10.0 68.612 0
005735 18.312 10.0 68.612 0
005805 18.312 10.0 68.612 0
005836 18.312 10.0 68.612 0
005907 18.312 10.0 68.55 0
005937 18.312 10.0 68.55 0
010008 18.25 10.0 68.55 0
010038 18.25 10.0 68.55 0
010109 18.25 10.0 68.487 0
010139 18.25 10.0 68.487 0
010210 18.25 10.0 68.487 0
010240 18.25 10.0 68.487 0
010310 18.25 10.0 68.487 0
010341 18.25 10.0 68.487 0
010411 18.25 10.0 68.425 0
010442 18.25 10.0 68.425 0
010513 18.25 10.0 68.425 0
010543 18.25 10.0 68.362 0
010614 18.25 10.0 68.362 0
010645 18.25 10.0 68.362 0
010715 18.25 10.0 68.362 0
010746 18.25 10.0 68.362 0
010817 18.25 10.0 68.3 0
010847 18.25 10.0 68.3 0
010918 18.25 10.0 68.3 0
010948 18.25 10.0 68.237 0
011019 18.187 10.0 68.237 0
011049 18.187 10.0 68.237 0
011120 18.187 10.0 68.237 0
011151 18.187 10.0 68.175 0
011222 18.187 10.0 68.175 0
011252 18.187 10.0 68.112 0
011322 18.187 10.0 68.112 0
011353 18.187 10.0 68.112 0
011423 18.187 10.0 68.112 0
011454 18.187 10.0 68.05 0
011524 18.187 10.0 68.05 0
011555 18.187 10.0 68.05 0
011626 18.187 10.0 67.987 0
011656 18.187 10.0 67.987 0
011729 18.125 10.0 67.987 0
011759 18.125 10.0 67.925 0
011830 18.125 10.0 67.925 0
011901 18.125 10.0 67.925 0
011931 18.125 10.0 67.862 0
012001 18.125 10.0 67.862 0
012032 18.125 10.0 67.862 0
012103 18.125 10.0 67.8 0
012133 18.125 10.0 67.8 0
012204 18.125 10.0 67.8 0
012234 18.187 10.0 67.737 0
012305 18.187 10.0 67.737 0
012336 18.187 10.0 67.737 0
012407 18.187 10.0 67.675 0
012437 18.187 10.0 67.675 0
012507 18.125 10.0 67.675 0
012538 18.125 10.0 67.675 0
012609 18.125 10.0 67.612 0
012639 18.125 10.0 67.612 0
012710 18.125 10.0 67.612 0
012741 18.125 10.0 67.675 0
012811 18.125 10.0 67.737 0
012842 18.125 10.0 67.8 0
012913 18.125 10.0 67.862 0
012944 18.125 10.0 67.925 0
013014 18.062 10.0 67.925 0
013044 18.062 10.0 67.925 0
013114 18.062 10.0 67.987 0
013145 18.062 10.0 67.987 0
013216 18.062 10.0 67.987 0
013246 18.125 10.0 67.987 0
013317 18.125 10.0 67.925 0
013347 18.125 10.0 67.925 0
013418 18.125 10.0 67.925 0
013449 18.125 10.0 67.925 0
013519 18.062 10.0 67.862 0
013550 18.062 10.0 67.862 0
013621 18.062 10.0 67.862 0
013652 18.062 10.0 67.862 0
013722 18.062 10.0 67.862 0
013753 18.062 10.0 67.8 0
013823 18.062 10.0 67.8 0
013854 18.062 10.0 67.8 0
013925 18.062 10.0 67.8 0
013955 18.062 10.0 67.737 0
014026 18.062 10.0 67.737 0
014057 18.062 10.0 67.737 0
014127 18.062 10.0 67.737 0
014157 18.062 10.0 67.675 0
014228 18.062 10.0 67.675 0
014259 18.0 10.0 67.675 0
014329 18.0 10.0 67.675 0
014400 18.0 10.0 67.612 0
014431 18.0 10.0 67.612 0
014504 18.0 10.0 67.612 0
014534 18.0 10.0 67.55 0
014604 18.0 10.0 67.55 0
014635 18.0 10.0 67.55 0
014705 18.0 10.0 67.55 0
014736 18.0 10.0 67.487 0
014806 18.0 10.0 67.487 0
014837 18.0 10.0 67.487 0
014908 18.0 10.0 67.425 0
014938 18.0 10.0 67.425 0
015009 18.0 10.0 67.425 0
015040 18.0 10.0 67.425 0
015110 18.0 10.0 67.362 0
015141 18.0 10.0 67.362 0
015211 18.0 10.0 67.3 0
015242 18.0 10.0 67.3 0
015312 18.0 10.0 67.237 0
015343 18.0 10.0 67.237 0
015414 18.0 10.0 67.237 0
015444 18.0 10.0 67.175 0
015515 17.937 10.0 67.175 0
015545 17.937 10.0 67.175 0
015615 17.937 10.0 67.112 0
015646 17.937 10.0 67.112 0
015716 17.937 10.0 67.05 0
015747 18.0 10.0 67.05 0
015818 18.0 10.0 67.05 0
015848 18.0 10.0 66.987 0
015919 18.0 10.0 66.987 0
015950 18.0 10.0 66.987 0
020020 18.0 10.0 66.925 0
020051 18.0 10.0 66.925 0
020121 18.0 10.0 66.925 0
020152 18.0 10.0 66.862 0
020223 18.0 10.0 66.862 0
020253 17.937 10.0 66.862 0
020323 17.937 10.0 66.8 0
020354 17.937 10.0 66.8 0
020425 17.937 10.0 66.8 0
020455 17.937 10.0 66.737 0
020526 17.937 10.0 66.737 0
020556 17.937 10.0 66.675 0
020627 17.937 10.0 66.675 0
020658 17.937 10.0 66.675 0
020728 17.937 10.0 66.612 0
020759 17.937 10.0 66.612 0
020830 17.937 10.0 66.612 0
020901 17.937 10.0 66.55 0
020931 17.937 10.0 66.55 0
021002 17.937 10.0 66.55 0
021032 17.937 10.0 66.487 0
021103 17.937 10.0 66.487 0
021134 17.937 10.0 66.425 0
021204 17.937 10.0 66.362 0
021236 17.937 10.0 66.362 0
021307 17.937 10.0 66.3 0
021338 17.937 10.0 66.3 0
021409 17.937 10.0 66.237 0
021439 17.937 10.0 66.237 0
021509 17.937 10.0 66.237 0
021540 17.937 10.0 66.175 0
021611 17.937 10.0 66.175 0
021641 17.937 10.0 66.175 0
021712 17.937 10.0 66.112 0
021743 17.875 10.0 66.112 0
021813 17.875 10.0 66.05 0
021844 17.875 10.0 66.05 0
021914 17.875 10.0 65.987 0
021945 17.875 10.0 65.987 0
022016 17.875 10.0 65.987 0
022047 17.875 10.0 65.925 0
022117 17.875 10.0 65.925 0
022147 17.875 10.0 65.862 0
022218 17.875 10.0 65.862 0
022248 17.875 10.0 65.862 0
022319 17.875 10.0 65.8 0
022349 17.875 10.0 65.8 0
022420 17.875 10.0 65.737 0
022450 17.875 10.0 65.737 0
022520 17.875 10.0 65.737 0
022551 17.875 10.0 65.675 0
022621 17.875 10.0 65.675 0
022651 17.875 10.0 65.612 0
022722 17.875 10.0 65.612 0
022752 17.875 10.0 65.55 0
022822 17.875 10.0 65.55 0
022853 17.875 10.0 65.55 0
022924 17.875 10.0 65.612 0
022955 17.875 10.0 65.612 0
023025 17.812 10.0 65.675 0
023056 17.812 10.0 65.675 0
023126 17.812 10.0 65.737 0
023157 17.812 10.0 65.737 0
023227 17.812 10.0 65.737 0
023258 17.812 10.0 65.737 0
023329 17.812 10.0 65.675 0
023359 17.812 10.0 65.675 0
023430 17.812 10.0 65.675 0
023501 17.812 10.0 65.675 0
023531 17.812 10.0 65.675 0
023602 17.812 10.0 65.675 0
023633 17.812 10.0 65.612 0
023703 17.812 10.0 65.612 0
023734 17.812 10.0 65.612 0
023804 17.812 10.0 65.612 0
023835 17.812 10.0 65.55 0
023905 17.812 10.0 65.55 0
023936 17.812 10.0 65.55 0
024007 17.812 10.0 65.487 0
024037 17.812 10.0 65.487 0
024108 17.812 10.0 65.487 0
024138 17.812 10.0 65.425 0
024209 17.812 10.0 65.425 0
024241 17.812 10.0 65.425 0
024312 17.812 10.0 65.362 0
024342 17.812 10.0 65.362 0
024413 17.812 10.0 65.362 0
024444 17.812 10.0 65.3 0
024514 17.812 10.0 65.3 0
024545 17.812 10.0 65.3 0
024616 17.812 10.0 65.237 0
024646 17.812 10.0 65.237 0
024717 17.812 10.0 65.237 0
024747 17.812 10.0 65.175 0
024818 17.812 10.0 65.175 0
024848 17.812 10.0 65.112 0
024919 17.812 10.0 65.112 0
024949 17.812 10.0 65.05 0
025020 17.812 10.0 65.05 0
025050 17.812 10.0 64.987 0
025121 17.812 10.0 64.925 0
025151 17.812 10.0 64.925 0
025221 17.812 10.0 64.862 0
025252 17.812 10.0 64.862 0
025323 17.812 10.0 64.8 0
025353 17.812 10.0 64.8 0
025424 17.812 10.0 64.737 0
025454 17.812 10.0 64.737 0
025525 17.75 10.0 64.675 0
025556 17.75 10.0 64.675 0
025626 17.75 10.0 64.675 0
025657 17.75 10.0 64.612 0
025727 17.75 10.0 64.612 0
025758 17.75 10.0 64.55 0
025828 17.75 10.0 64.55 0
025859 17.75 10.0 64.487 0
025929 17.75 10.0 64.487 0
030000 17.75 10.0 64.425 0
030030 17.812 10.0 64.425 0
030101 17.812 10.0 64.425 0
030132 17.812 10.0 64.362 0
030202 17.812 10.0 64.362 0
030233 17.812 10.0 64.3 0
030304 17.75 10.0 64.3 0
030334 17.75 10.0 64.237 0
030405 17.75 10.0 64.237 0
030436 17.75 10.0 64.175 0
030506 17.75 10.0 64.175 0
030537 17.75 10.0 64.175 0
030608 17.75 10.0 64.112 0
030638 17.75 10.0 64.112 0
030709 17.75 10.0 64.05 0
030740 17.75 10.0 64.05 0
030810 17.75 10.0 63.987 0
030840 17.75 10.0 63.987 0
030911 17.75 10.0 63.925 0
030941 17.75 10.0 63.862 0
031014 17.75 10.0 63.8 0
031045 17.75 10.0 63.737 0
031115 17.75 10.0 63.737 0
031145 17.75 10.0 63.675 0
031216 17.75 10.0 63.675 0
031246 17.687 10.0 63.612 0
031317 17.687 10.0 63.612 0
031347 17.687 10.0 63.55 0
031418 17.687 10.0 63.55 0
031448 17.687 10.0 63.487 0
031519 17.75 10.0 63.487 0
031549 17.75 10.0 63.425 0
031620 17.75 10.0 63.425 0
031651 17.75 10.0 63.362 0
031721 17.75 10.0 63.362 0
031752 17.687 10.0 63.3 0
031823 17.687 10.0 63.3 0
031853 17.687 10.0 63.3 0
031924 17.687 10.0 63.237 0
031954 17.687 10.0 63.237 0
032025 17.687 10.0 63.175 0
032055 17.687 10.0 63.175 0
032126 17.687 10.0 63.112 0
032157 17.687 10.0 63.112 0
032227 17.687 10.0 63.05 0
032258 17.687 10.0 63.05 0
032328 17.687 10.0 62.987 0
032359 17.687 10.0 62.987 0
032429 17.687 10.0 62.987 0
032500 17.687 10.0 62.925 0
032530 17.687 10.0 62.925 0
032601 17.687 10.0 62.862 0
032631 17.687 10.0 62.862 0
032701 17.687 10.0 62.8 0
032732 17.687 10.0 62.737 0
032802 17.687 10.0 62.675 0
032833 17.687 10.0 62.675 0
032904 17.687 10.0 62.612 0
032934 17.687 10.0 62.55 0
033004 17.687 10.0 62.487 0
033035 17.687 10.0 62.487 0
033105 17.687 10.0 62.487 0
033135 17.687 10.0 62.487 0
033206 17.687 10.0 62.487 0
033237 17.687 10.0 62.487 0
033307 17.687 10.0 62.55 0
033338 17.687 10.0 62.55 0
033409 17.687 10.0 62.55 0
033440 17.687 10.0 62.487 0
033510 17.687 10.0 62.487 0
033541 17.625 10.0 62.487 0
033611 17.625 10.0 62.487 0
033641 17.625 10.0 62.487 0
033712 17.625 10.0 62.487 0
033742 17.625 10.0 62.487 0
033813 17.687 10.0 62.425 0
033843 17.687 10.0 62.425 0
033914 17.687 10.0 62.425 0
033944 17.687 10.0 62.425 0
034014 17.687 10.0 62.425 0
034045 17.625 10.0 62.425 0
034115 17.625 10.0 62.425 0
034145 17.625 10.0 62.362 0
034215 17.625 10.0 62.362 0
034245 17.625 10.0 62.362 0
034315 17.687 10.0 62.3 0
034346 17.687 10.0 62.3 0
034417 17.687 10.0 62.3 0
034448 17.687 10.0 62.3 0
034519 17.625 10.0 62.237 0
034550 17.625 10.0 62.237 0
034620 17.625 10.0 62.175 0
034651 17.625 10.0 62.112 0
034722 17.625 10.0 62.112 0
034752 17.625 10.0 62.05 0
034823 17.625 10.0 61.987 0
034853 17.625 10.0 61.987 0
034924 17.625 10.0 61.925 0
034955 17.625 10.0 61.925 0
035025 17.625 10.0 61.862 0
035055 17.625 10.0 61.862 0
035126 17.625 10.0 61.862 0
035156 17.625 10.0 61.8 0
035227 17.625 10.0 61.737 0
035258 17.625 10.0 61.737 0
035328 17.625 10.0 61.737 0
035359 17.625 10.0 61.675 0
035430 17.625 10.0 61.675 0
035500 17.625 10.0 61.675 0
035530 17.625 10.0 61.612 0
035601 17.625 10.0 61.612 0
035632 17.625 10.0 61.55 0
035702 17.625 10.0 61.487 0
035733 17.625 10.0 61.487 0
035804 17.562 10.0 61.487 0
035834 17.562 10.0 61.425 0
035905 17.562 10.0 61.425 0
035936 17.562 10.0 61.362 0
040006 17.562 10.0 61.362 0
040037 17.625 10.0 61.3 0
040107 17.625 10.0 61.3 0
040138 17.625 10.0 61.3 0
040209 17.625 10.0 61.237 0
040239 17.625 10.0 61.237 0
040310 17.562 10.0 61.175 0
040340 17.562 10.0 61.112 0
040410 17.562 10.0 61.112 0
040441 17.562 10.0 61.05 0
040512 17.562 10.0 60.987 0
040542 17.562 10.0 60.925 0
040613 17.562 10.0 60.862 0
040643 17.562 10.0 60.8 0
040714 17.562 10.0 60.737 0
040745 17.562 10.0 60.737 0
040815 17.562 10.0 60.675 0
040846 17.562 10.0 60.675 0
040916 17.562 10.0 60.612 0
040946 17.562 10.0 60.612 0
041017 17.562 10.0 60.55 0
041048 17.562 10.0 60.55 0
041118 17.562 10.0 60.487 0
041149 17.562 10.0 60.487 0
041219 17.562 10.0 60.425 0
041252 17.562 10.0 60.425 0
041322 17.562 10.0 60.362 0
041353 17.562 10.0 60.362 0
041423 17.562 10.0 60.362 0
041453 17.562 10.0 60.3 0
041523 17.562 10.0 60.3 0
041553 17.562 10.0 60.237 0
041624 17.562 10.0 60.237 0
041655 17.562 10.0 60.175 0
041726 17.562 10.0 60.175 0
041756 17.562 10.0 60.112 0
041827 17.562 10.0 60.112 0
041858 17.562 10.0 60.05 0
041928 17.562 10.0 60.05 0
041959 17.562 10.0 60.05 0
042029 17.562 10.0 59.987 0
042100 17.562 10.0 59.925 0
042131 17.562 10.0 59.925 0
042201 17.562 10.0 59.862 0
042231 17.562 10.0 59.737 0
042302 17.5 10.0 59.675 0
042332 17.5 10.0 59.675 0
042403 17.5 10.0 59.612 0
042433 17.5 10.0 59.55 0
042504 17.5 10.0 59.487 0
042534 17.5 10.0 59.487 0
042604 17.5 10.0 59.425 0
042635 17.5 10.0 59.425 0
042706 17.5 10.0 59.362 0
042736 17.5 10.0 59.362 0
042807 17.5 10.0 59.3 0
042838 17.5 10.0 59.3 0
042908 17.5 10.0 59.237 0
042939 17.5 10.0 59.237 0
043010 17.5 10.0 59.175 0
043041 17.5 10.0 59.175 0
043111 17.5 10.0 59.112 0
043141 17.5 10.0 59.112 0
043212 17.5 10.0 59.112 0
043243 17.5 10.0 59.112 0
043313 17.5 10.0 59.175 0
043343 17.5 10.0 59.175 0
043414 17.5 10.0 59.175 0
043445 17.5 10.0 59.175 0
043516 17.5 10.0 59.237 0
043546 17.5 10.0 59.237 0
043617 17.5 10.0 59.237 0
043647 17.5 10.0 59.237 0
043719 17.5 10.0 59.237 0
043749 17.5 10.0 59.237 0
043820 17.5 10.0 59.237 0
043851 17.5 10.0 59.175 0
043922 17.5 10.0 59.175 0
043952 17.5 10.0 59.112 0
044023 17.5 10.0 59.112 0
044054 17.437 10.0 59.05 0
044124 17.437 10.0 59.05 0
044155 17.437 10.0 58.987 0
044226 17.437 10.0 58.987 0
044257 17.437 10.0 58.925 0
044327 17.437 10.0 58.925 0
044357 17.437 10.0 58.925 0
044428 17.437 10.0 58.862 0
044459 17.437 10.0 58.862 0
044529 17.437 10.0 58.862 0
044600 17.437 10.0 58.8 0
044630 17.437 10.0 58.8 0
044701 17.437 10.0 58.737 0
044732 17.437 10.0 58.737 0
044802 17.437 10.0 58.737 0
044833 17.437 10.0 58.675 0
044904 17.437 10.0 58.675 0
044934 17.437 10.0 58.675 0
045005 17.437 10.0 58.612 0
045036 17.437 10.0 58.612 0
045106 17.437 10.0 58.612 0
045137 17.437 10.0 58.55 0
045207 17.437 10.0 58.55 0
045237 17.437 10.0 58.487 0
045308 17.437 10.0 58.487 0
045338 17.437 10.0 58.487 0
045409 17.437 10.0 58.425 0
045439 17.437 10.0 58.425 0
045509 17.437 10.0 58.362 0
045540 17.437 10.0 58.3 0
045611 17.437 10.0 58.237 0
045641 17.437 10.0 58.237 0
045712 17.437 10.0 58.175 0
045743 17.437 10.0 58.112 0
045813 17.437 10.0 58.112 0
045844 17.437 10.0 58.05 0
045914 17.437 10.0 58.05 0
045944 17.437 10.0 57.987 0
050015 17.437 10.0 57.987 0
050045 17.437 10.0 57.925 0
050116 17.437 10.0 57.925 0
050147 17.437 10.0 57.925 0
050218 17.437 10.0 57.862 0
050248 17.437 10.0 57.862 0
050318 17.437 10.0 57.8 0
050349 17.437 10.0 57.8 0
050420 17.437 10.0 57.737 0
050450 17.437 10.0 57.737 0
050521 17.437 10.0 57.737 0
050552 17.375 10.0 57.675 0
050622 17.375 10.0 57.675 0
050653 17.375 10.0 57.612 0
050724 17.375 10.0 57.612 0
050755 17.375 10.0 57.612 0
050825 17.375 10.0 57.55 0
050855 17.375 10.0 57.55 0
050926 17.375 10.0 57.55 0
050957 17.375 10.0 57.487 0
051028 17.375 10.0 57.487 0
051058 17.375 10.0 57.425 0
051129 17.375 10.0 57.362 0
051200 17.375 10.0 57.3 0
051230 17.375 10.0 57.3 0
051301 17.375 10.0 57.237 0
051332 17.375 10.0 57.175 0
051403 17.375 10.0 57.175 0
051433 17.375 10.0 57.112 0
051504 17.375 10.0 57.112 0
051534 17.375 10.0 57.05 0
051605 17.375 10.0 57.05 0
051636 17.375 10.0 56.987 0
051706 17.375 10.0 56.987 0
051736 17.375 10.0 56.987 0
051806 17.375 10.0 56.925 0
051837 17.375 10.0 56.925 0
051908 17.375 10.0 56.925 0
051938 17.375 10.0 56.862 0
052009 17.375 10.0 56.862 0
052040 17.375 10.0 56.8 0
052110 17.375 10.0 56.8 0
052141 17.375 10.0 56.8 0
052211 17.375 10.0 56.737 0
052242 17.375 10.0 56.737 0
052313 17.375 10.0 56.737 0
052344 17.375 10.0 56.675 0
052414 17.375 10.0 56.675 0
052445 17.375 10.0 56.675 0
052515 17.375 10.0 56.737 0
052545 17.375 10.0 56.862 0
052616 17.375 10.0 57.05 0
052647 17.375 10.0 57.362 0
052717 17.375 10.0 57.675 0
052748 17.375 10.0 58.237 0
052819 17.312 10.0 58.862 0
052849 17.312 10.0 59.612 0
052919 17.312 10.0 60.487 0
052950 17.312 10.0 61.425 0
053021 17.312 10.0 62.362 0
053051 17.312 10.0 63.05 0
053122 17.312 10.0 63.675 0
053153 17.312 10.0 64.112 0
053223 17.312 10.0 64.425 0
053253 17.312 10.0 64.675 0
053323 17.312 10.0 64.925 0
053354 17.312 10.0 65.112 0
053425 17.312 10.0 65.237 0
053455 17.312 10.0 65.362 0
053526 17.312 10.0 65.487 0
053557 17.312 10.0 65.55 0
053628 17.312 10.0 65.675 0
053658 17.312 10.0 65.737 0
053729 17.312 10.0 65.862 0
053800 17.312 10.0 65.925 0
053830 17.312 10.0 65.987 0
053901 17.312 10.0 66.05 0
053932 17.312 10.0 66.112 0
054002 17.312 10.0 66.175 0
054033 17.312 10.0 66.237 0
054103 17.312 10.0 66.237 0
054133 17.312 10.0 66.3 0
054204 17.312 10.0 66.362 0
054235 17.312 10.0 66.425 0
054306 17.312 10.0 66.487 0
054337 17.312 10.0 66.487 0
054408 17.312 10.0 66.55 0
054438 17.312 10.0 66.612 0
054509 17.312 10.0 66.612 0
054539 17.312 10.0 66.612 0
054609 17.312 10.0 66.612 0
054640 17.312 10.0 66.675 0
054711 17.312 10.0 66.675 0
054742 17.312 10.0 66.675 0
054812 17.312 10.0 66.675 0
054843 17.312 10.0 66.675 0
054914 17.312 10.0 66.675 0
054945 17.312 10.0 66.675 0
055015 17.312 10.0 66.675 0
055045 17.25 10.0 66.675 0
055116 17.25 10.0 66.675 0
055147 17.25 10.0 66.675 0
055218 17.25 10.0 66.737 0
055248 17.25 10.0 66.675 0
055319 17.312 10.0 66.737 0
055349 17.312 10.0 66.737 0
055420 17.312 10.0 66.737 0
055451 17.312 10.0 66.737 0
055521 17.312 10.0 66.737 0
055552 17.312 10.0 66.737 0
055622 17.312 10.0 66.737 0
055653 17.312 10.0 66.737 0
055724 17.312 10.0 66.737 0
055754 17.312 10.0 66.737 0
055825 17.312 10.0 66.737 0
055855 17.312 10.0 66.737 0
055926 17.312 10.0 66.737 0
055956 17.312 10.0 66.737 0
060027 17.312 10.0 66.737 0
060057 17.312 10.0 66.737 0
060128 17.312 10.0 66.675 0
060158 17.312 10.0 66.675 0
060229 17.312 10.0 66.675 0
060259 17.312 10.0 66.675 0
060330 17.25 10.0 66.675 0
060400 17.25 10.0 66.675 0
060431 17.25 10.0 66.675 0
060501 17.25 10.0 66.675 0
060531 17.25 10.0 66.675 0
060602 17.25 10.0 66.675 0
060632 17.25 10.0 66.675 0
060703 17.25 10.0 66.612 0
060733 17.25 10.0 66.612 0
060804 17.25 10.0 66.612 0
060835 17.25 10.0 66.612 0
060905 17.25 10.0 66.612 0
060936 17.25 10.0 66.612 0
061006 17.25 10.0 66.55 0
061039 17.25 10.0 66.55 0
061110 17.25 10.0 66.55 0
061140 17.25 10.0 66.55 0
061210 17.25 10.0 66.55 0
061240 17.25 10.0 66.55 0
061311 17.25 10.0 66.487 0
061341 17.25 10.0 66.487 0
061412 17.25 10.0 66.487 0
061442 17.25 10.0 66.487 0
061513 17.25 10.0 66.487 0
061543 17.25 10.0 66.487 0
061614 17.25 10.0 66.487 0
061644 17.25 10.0 66.425 0
061714 17.25 10.0 66.425 0
061744 17.25 10.0 66.425 0
061815 17.25 10.0 66.425 0
061845 17.25 10.0 66.425 0
061916 17.25 10.0 66.362 0
061946 17.25 10.0 66.362 0
062017 17.25 10.0 66.362 0
062048 17.25 10.0 66.362 0
062119 17.25 10.0 66.362 0
062149 17.25 10.0 66.3 0
062219 17.25 10.0 66.3 0
062250 17.25 10.0 66.3 0
062321 17.25 10.0 66.237 0
062352 17.25 10.0 66.237 0
062422 17.25 10.0 66.237 0
062453 17.25 10.0 66.237 0
062524 17.25 10.0 66.175 0
062554 17.187 10.0 66.175 0
062625 17.187 10.0 66.175 0
062656 17.187 10.0 66.175 0
062726 17.187 10.0 66.112 0
062757 17.187 10.0 66.112 0
062827 17.187 10.0 66.112 0
062858 17.187 10.0 66.112 0
062928 17.187 10.0 66.05 0
062959 17.187 10.0 66.05 0
063029 17.187 10.0 66.05 0
063100 17.187 10.0 66.05 0
063131 17.187 10.0 66.05 0
063202 17.187 10.0 66.05 0
063233 17.187 10.0 66.175 0
063304 17.187 10.0 66.175 0
063334 17.25 10.0 66.237 0
063404 17.25 10.0 66.3 0
063435 17.25 10.0 66.3 0
063506 17.25 10.0 66.3 0
063536 17.25 10.0 66.362 0
063607 17.187 10.0 66.362 0
063638 17.187 10.0 66.362 0
063708 17.187 10.0 66.362 0
063739 17.187 10.0 66.425 0
063810 17.187 10.0 66.425 0
063840 17.187 10.0 66.425 0
063911 17.187 10.0 66.425 0
063941 17.187 10.0 66.425 0
064012 17.187 10.0 66.425 0
064044 17.187 10.0 66.425 0
064114 17.187 10.0 66.425 0
064144 17.187 10.0 66.362 0
064215 17.187 10.0 66.362 0
064245 17.187 10.0 66.362 0
064316 17.187 10.0 66.362 0
064346 17.187 10.0 66.362 0
064417 17.187 10.0 66.3 0
064448 17.187 10.0 66.3 0
064518 17.187 10.0 66.3 0
064549 17.187 10.0 66.3 0
064619 17.187 10.0 66.237 0
064650 17.187 10.0 66.237 0
064720 17.187 10.0 66.237 0
064751 17.187 10.0 66.237 0
064822 17.187 10.0 66.175 0
064852 17.187 10.0 66.175 0
064923 17.187 10.0 66.175 0
064953 17.187 10.0 66.175 0
065024 17.187 10.0 66.175 0
065055 17.187 10.0 66.175 0
065125 17.187 10.0 66.112 0
065156 17.187 10.0 66.112 0
065227 17.187 10.0 66.112 0
065257 17.187 10.0 66.112 0
065328 17.125 10.0 66.05 0
065359 17.125 10.0 66.05 0
065429 17.125 10.0 66.05 0
065459 17.125 10.0 66.05 0
065530 17.125 10.0 65.987 0
065601 17.125 10.0 65.987 0
065631 17.125 10.0 65.987 0
065702 17.125 10.0 65.987 0
065732 17.125 10.0 65.925 0
065802 17.125 10.0 65.925 0
065833 17.187 10.0 65.925 0
065904 17.187 10.0 65.925 0
065934 17.187 10.0 65.862 0
070005 17.187 10.0 65.862 0
070036 17.187 10.0 65.862 0
070106 17.125 10.0 65.862 0
070137 17.125 10.0 65.8 0
070207 17.125 10.0 65.8 0
070238 17.125 10.0 65.8 0
070309 17.125 10.0 65.737 0
070340 17.125 10.0 65.737 0
070410 17.125 10.0 65.737 0
070441 17.125 10.0 65.675 0
070511 17.125 10.0 65.675 0
070542 17.125 10.0 65.612 0
070613 17.125 10.0 65.612 0
070643 17.125 10.0 65.612 0
070714 17.125 10.0 65.55 0
070744 17.125 10.0 65.55 0
070816 17.125 10.0 65.55 0
070847 17.125 10.0 65.487 0
070917 17.125 10.0 65.487 0
070948 17.125 10.0 65.487 0
071018 17.125 10.0 65.425 0
071049 17.125 10.0 65.425 0
071120 17.125 10.0 65.425 0
071150 17.125 10.0 65.362 0
071221 17.125 10.0 65.362 0
071251 17.125 10.0 65.362 0
071321 17.125 10.0 65.3 0
071352 17.125 10.0 65.3 0
071423 17.125 10.0 65.3 0
071453 17.125 10.0 65.237 0
071524 17.125 10.0 65.237 0
071555 17.187 10.0 65.237 0
071625 17.187 10.0 65.175 0
071656 17.187 10.0 65.175 0
071727 17.187 10.0 65.175 0
071758 17.187 10.0 65.112 0
071828 17.187 10.0 65.112 0
071859 17.187 10.0 65.112 0
071929 17.187 10.0 65.05 0
072000 17.187 10.0 65.05 0
072031 17.187 10.0 65.05 0
072101 17.187 10.0 64.987 0
072132 17.187 10.0 64.987 0
072202 17.187 10.0 64.987 0
072233 17.187 10.0 64.925 0
072303 17.187 10.0 64.862 0
072333 17.312 10.0 64.862 0
072404 17.312 10.0 64.8 0
072435 17.312 10.0 64.8 0
072505 17.312 10.0 64.8 0
072535 17.312 10.0 64.737 0
072606 17.312 10.0 64.737 0
072636 17.312 10.0 64.675 0
072707 17.312 10.0 64.675 0
072738 17.312 10.0 64.675 0
072809 17.312 10.0 64.612 0
072839 17.375 10.0 64.612 0
072910 17.375 10.0 64.55 0
072941 17.375 10.0 64.55 0
073011 17.375 10.0 64.55 0
073041 17.375 10.0 64.487 0
073112 17.437 10.0 64.487 0
073143 17.437 10.0 64.425 0
073213 17.437 10.0 64.425 0
073244 17.437 10.0 64.425 0
073315 17.437 10.0 64.362 0
073345 17.437 10.0 64.425 0
073416 17.437 10.0 64.487 0
073447 17.437 10.0 64.55 0
073517 17.437 10.0 64.612 0
073549 17.437 10.0 64.612 0
073619 17.437 10.0 64.612 0
073650 17.437 10.0 64.612 0
073721 17.437 10.0 64.612 0
073751 17.437 10.0 64.612 0
073821 17.437 10.0 64.612 0
073851 17.437 10.0 64.612 0
073921 17.437 10.0 64.612 0
073952 17.437 10.0 64.612 0
074023 17.437 10.0 64.55 0
074053 17.437 10.0 64.55 0
074124 17.437 10.0 64.55 0
074154 17.437 10.0 64.487 0
074225 17.437 10.0 64.487 0
074255 17.437 10.0 64.425 0
074325 17.437 10.0 64.425 0
074356 17.437 10.0 64.425 0
074427 17.437 10.0 64.362 0
074457 17.437 10.0 64.362 0
074528 17.437 10.0 64.3 0
074559 17.437 10.0 64.3 0
074630 17.437 10.0 64.3 0
074700 17.437 10.0 64.237 0
074731 17.437 10.0 64.237 0
074801 17.437 10.0 64.175 0
074831 17.437 10.0 64.175 0
074902 17.437 10.0 64.175 0
074933 17.437 10.0 64.112 0
075003 17.437 10.0 64.112 0
075034 17.437 10.0 64.05 0
075104 17.437 10.0 64.05 0
075134 17.437 10.0 64.05 0
075205 17.437 10.0 63.987 0
075236 17.437 10.0 63.987 0
075306 17.437 10.0 63.925 0
075337 17.437 10.0 63.925 0
075407 17.437 10.0 63.925 0
075438 17.437 10.0 63.862 0
075509 17.437 10.0 63.862 0
075539 17.437 10.0 63.8 0
075609 17.375 10.0 63.8 0
075640 17.375 10.0 63.8 0
075710 17.375 10.0 63.737 0
075741 17.375 10.0 63.737 0
075811 17.375 10.0 63.737 0
075842 17.375 10.0 63.675 0
075912 17.375 10.0 63.675 0
075942 17.375 10.0 63.612 0
080013 17.375 10.0 63.612 0
080044 17.375 10.0 63.55 0
080114 17.312 10.0 63.487 0
080145 17.312 10.0 63.425 0
080215 17.312 10.0 63.425 0
080246 17.312 10.0 63.362 0
080317 17.312 10.0 63.3 0
080347 17.25 10.0 63.3 0
080418 17.25 10.0 63.3 0
080448 17.25 10.0 63.237 0
080518 17.25 10.0 63.237 0
080549 17.25 10.0 63.175 0
080619 17.25 10.0 63.175 0
080650 17.25 10.0 63.112 0
080720 17.25 10.0 63.112 0
080751 17.25 10.0 63.05 0
080821 17.25 10.0 63.05 0
080852 17.25 10.0 62.987 0
080922 17.25 10.0 62.987 0
080953 17.25 10.0 62.925 0
081023 17.25 10.0 62.925 0
081055 17.187 10.0 62.862 0
081125 17.187 10.0 62.862 0
081156 17.187 10.0 62.862 0
081226 17.187 10.0 62.8 0
081256 17.187 10.0 62.8 0
081327 17.187 10.0 62.737 0
081357 17.187 10.0 62.737 0
081428 17.187 10.0 62.675 0
081458 17.187 10.0 62.675 0
081529 17.187 10.0 62.612 0
081559 17.187 10.0 62.612 0
081630 17.187 10.0 62.55 0
081700 17.187 10.0 62.55 0
081731 17.187 10.0 62.55 0
081801 17.187 10.0 62.487 0
081832 17.125 10.0 62.425 0
081903 17.125 10.0 62.362 0
081933 17.125 10.0 62.3 0
082004 17.125 10.0 62.237 0
082035 17.125 10.0 62.175 0
082105 17.125 10.0 62.112 0
082135 17.125 10.0 62.05 0
082206 17.125 10.0 62.05 0
082236 17.125 10.0 61.987 0
082307 17.125 10.0 61.925 0
082338 17.062 10.0 61.925 0
082408 17.062 10.0 61.862 0
082439 17.062 10.0 61.862 0
082510 17.062 10.0 61.8 0
082541 17.062 10.0 61.8 0
082611 17.062 10.0 61.737 0
082642 17.062 10.0 61.737 0
082712 17.062 10.0 61.675 0
082743 17.062 10.0 61.675 0
082814 17.062 10.0 61.612 0
082844 17.062 10.0 61.612 0
082915 17.062 10.0 61.55 0
082946 17.062 10.0 61.487 0
083016 17.062 10.0 61.487 0
083046 17.062 10.0 61.487 0
083116 17.062 10.0 61.425 0
083147 17.062 10.0 61.425 0
083217 17.062 10.0 61.362 0
083248 17.062 10.0 61.3 0
083319 17.062 10.0 61.3 0
083349 17.0 10.0 61.237 0
083420 17.0 10.0 61.237 0
083451 17.0 10.0 61.237 0
083521 17.0 10.0 61.237 0
083552 17.0 10.0 61.237 0
083622 17.0 10.0 61.237 0
083652 17.0 10.0 61.237 0
083723 17.0 10.0 61.237 0
083753 17.0 10.0 61.175 0
083824 17.0 10.0 61.112 0
083854 17.0 10.0 61.05 0
083925 17.0 10.0 61.05 0
083955 17.0 10.0 60.987 0
084026 17.0 10.0 60.987 0
084058 17.0 10.0 60.925 0
084129 17.0 10.0 60.925 0
084200 17.0 10.0 60.862 0
084230 17.0 10.0 60.8 0
084300 17.0 10.0 60.8 0
084330 17.0 10.0 60.8 0
084401 17.0 10.0 60.737 0
084432 17.0 10.0 60.737 0
084502 17.0 10.0 60.675 0
084533 17.0 10.0 60.675 0
084603 16.937 10.0 60.612 0
084634 16.937 10.0 60.612 0
084704 16.937 10.0 60.612 0
084735 16.937 10.0 60.55 0
084806 16.937 10.0 60.55 0
084836 16.937 10.0 60.487 0
084907 16.937 10.0 60.487 0
084937 16.937 10.0 60.425 0
085007 16.937 10.0 60.425 0
085037 16.937 10.0 60.362 0
085108 16.937 10.0 60.362 0
085139 16.937 10.0 60.3 0
085209 16.937 10.0 60.3 0
085239 16.937 10.0 60.237 0
085310 16.937 10.0 60.237 0
085341 16.937 10.0 60.175 0
085412 16.937 10.0 60.112 0
085442 16.937 10.0 60.05 0
085512 16.937 10.0 59.925 0
085543 16.937 10.0 59.862 0
085614 16.937 10.0 59.8 0
085644 16.937 10.0 59.737 0
085715 16.937 10.0 59.675 0
085746 16.937 10.0 59.612 0
085816 16.937 10.0 59.55 0
085847 16.937 10.0 59.55 0
085917 16.937 10.0 59.487 0
085947 16.937 10.0 59.425 0
090018 16.937 10.0 59.425 0
090049 16.937 10.0 59.362 0
090119 16.937 10.0 59.362 0
090149 16.937 10.0 59.3 0
090220 16.937 10.0 59.3 0
090250 16.937 10.0 59.237 0
090321 16.937 10.0 59.237 0
090351 16.937 10.0 59.175 0
090422 16.937 10.0 59.175 0
090452 16.937 10.0 59.112 0
090523 16.937 10.0 59.05 0
090554 16.937 10.0 59.05 0
090624 16.937 10.0 58.987 0
090655 16.937 10.0 58.987 0
090725 16.937 10.0 58.925 0
090755 16.937 10.0 58.925 0
090826 16.937 10.0 58.862 0
090857 16.875 10.0 58.862 0
090927 16.875 10.0 58.8 0
090958 16.875 10.0 58.737 0
091028 16.875 10.0 58.737 0
091058 16.875 10.0 58.612 0
091128 16.937 10.0 58.55 0
091159 16.937 10.0 58.425 0
091230 16.937 10.0 58.3 0
091300 16.937 10.0 58.175 0
091332 16.937 10.0 58.112 0
091403 16.937 10.0 58.05 0
091434 16.937 10.0 57.987 0
091504 16.937 10.0 57.987 0
091535 16.937 10.0 57.925 0
091605 16.937 10.0 57.862 0
091636 16.937 10.0 57.862 0
091706 16.937 10.0 57.8 0
091737 16.937 10.0 57.8 0
091807 16.937 10.0 57.737 0
091838 16.937 10.0 57.675 0
091908 16.937 10.0 57.675 0
091939 16.937 10.0 57.675 0
092010 16.937 10.0 57.612 0
092040 16.937 10.0 57.55 0
092111 16.937 10.0 57.55 0
092141 16.937 10.0 57.487 0
092212 16.937 10.0 57.487 0
092243 16.937 10.0 57.425 0
092313 16.937 10.0 57.425 0
092343 16.937 10.0 57.362 0
092414 16.937 10.0 57.362 0
092445 16.937 10.0 57.3 0
092515 16.937 10.0 57.3 0
092546 16.937 10.0 57.237 0
092616 16.875 10.0 57.237 0
092647 16.875 10.0 57.175 0
092717 16.875 10.0 57.05 0
092747 16.875 10.0 56.987 0
092818 16.875 10.0 56.862 0
092849 16.875 10.0 56.737 0
092919 16.875 10.0 56.612 0
092949 16.875 10.0 56.55 0
093020 16.875 10.0 56.487 0
093050 16.875 10.0 56.425 0
093121 16.875 10.0 56.362 0
093151 16.875 10.0 56.362 0
093222 16.875 10.0 56.362 0
093253 16.875 10.0 56.362 0
093323 16.875 10.0 56.487 0
093354 16.875 10.0 56.675 0
093424 16.875 10.0 56.925 0
093455 16.875 10.0 57.362 0
093525 16.875 10.0 57.925 0
093556 16.875 10.0 58.8 0
093627 16.875 10.0 59.737 0
093657 16.875 10.0 60.675 0
093728 16.875 10.0 61.675 0
093758 16.875 10.0 62.8 0
093829 16.875 10.0 63.612 0
093900 16.875 10.0 64.237 0
093930 16.875 10.0 64.737 0
094001 16.875 10.0 65.112 0
094031 16.875 10.0 65.487 0
094102 16.875 10.0 65.737 0
094132 16.875 10.0 65.925 0
094202 16.875 10.0 66.112 0
094233 16.875 10.0 66.237 0
094304 16.875 10.0 66.362 0
094337 16.875 10.0 66.425 0
094407 16.875 10.0 66.55 0
094438 16.875 10.0 66.55 0
094509 16.875 10.0 66.612 0
094540 16.875 10.0 66.675 0
094610 16.875 10.0 66.675 0
094640 16.875 10.0 66.737 0
094710 16.875 10.0 66.737 0
094740 16.875 10.0 66.737 0
094810 16.875 10.0 66.8 0
094841 16.875 10.0 66.8 0
094911 16.875 10.0 66.8 0
094942 16.875 10.0 66.8 0
095012 16.875 10.0 66.862 0
095043 16.875 10.0 66.862 0
095113 16.875 10.0 66.862 0
095143 16.875 10.0 66.862 0
095214 16.875 10.0 66.862 0
095244 16.875 10.0 66.862 0
095315 16.875 10.0 66.862 0
095345 16.875 10.0 66.925 0
095416 16.875 10.0 66.925 0
095447 16.875 10.0 66.925 0
095517 16.875 10.0 66.925 0
095548 16.875 10.0 66.925 0
095618 16.875 10.0 66.925 0
095648 16.875 10.0 66.925 0
095718 16.875 10.0 66.925 0
095748 16.875 10.0 66.925 0
095819 16.875 10.0 66.925 0
095849 16.875 10.0 66.925 0
095920 16.875 10.0 66.925 0
095950 16.875 10.0 66.925 0
100021 16.875 10.0 66.987 0
100051 16.875 10.0 66.987 0
100121 16.812 10.0 66.987 0
100152 16.812 10.0 66.987 0
100222 16.812 10.0 66.987 0
100252 16.812 10.0 66.987 0
100323 16.812 10.0 66.987 0
100353 16.875 10.0 66.987 0
100424 16.875 10.0 66.987 0
100454 16.875 10.0 66.987 0
100525 16.875 10.0 66.987 0
100555 16.875 10.0 66.987 0
100626 16.875 10.0 66.987 0
100657 16.875 10.0 66.987 0
100728 16.875 10.0 66.987 0
100758 16.875 10.0 66.987 0
100829 16.875 10.0 66.987 0
100859 16.812 10.0 66.987 0
100930 16.812 10.0 66.987 0
101001 16.812 10.0 66.987 0
101031 16.812 10.0 66.987 0
101102 16.812 10.0 66.925 0
101133 16.875 10.0 66.987 0
101203 16.875 10.0 66.925 0
101234 16.875 10.0 66.925 0
101305 16.875 10.0 66.925 0
101336 16.875 10.0 66.925 0
101406 16.875 10.0 66.925 0
101436 16.875 10.0 66.925 0
101507 16.875 10.0 66.862 0
101537 16.875 10.0 66.862 0
101607 16.875 10.0 66.862 0
101638 16.875 10.0 66.862 0
101708 16.875 10.0 66.862 0
101739 16.875 10.0 66.862 0
101809 16.875 10.0 66.8 0
101842 16.812 10.0 66.8 0
101913 16.812 10.0 66.8 0
101943 16.812 10.0 66.8 0
102014 16.812 10.0 66.8 0
102044 16.812 10.0 66.737 0
102114 16.812 10.0 66.737 0
102145 16.812 10.0 66.737 0
102216 16.812 10.0 66.737 0
102246 16.812 10.0 66.675 0
102317 16.812 10.0 66.675 0
102348 16.812 10.0 66.675 0
102418 16.812 10.0 66.675 0
102448 16.812 10.0 66.675 0
102519 16.812 10.0 66.612 0
102550 16.812 10.0 66.612 0
102620 16.812 10.0 66.612 0
102651 16.812 10.0 66.55 0
102721 16.812 10.0 66.55 0
102752 16.812 10.0 66.55 0
102822 16.812 10.0 66.55 0
102852 16.812 10.0 66.487 0
102923 16.812 10.0 66.487 0
102954 16.812 10.0 66.487 0
103025 16.812 10.0 66.487 0
103055 16.812 10.0 66.425 0
103126 16.812 10.0 66.425 0
103157 16.812 10.0 66.425 0
103227 16.812 10.0 66.425 0
103258 16.812 10.0 66.362 0
103328 16.812 10.0 66.362 0
103358 16.812 10.0 66.362 0
103428 16.812 10.0 66.3 0
103458 16.812 10.0 66.3 0
103528 16.812 10.0 66.3 0
103559 16.812 10.0 66.3 0
103629 16.812 10.0 66.237 0
103700 16.812 10.0 66.237 0
103731 16.812 10.0 66.237 0
103801 16.812 10.0 66.175 0
103832 16.812 10.0 66.175 0
103902 16.812 10.0 66.175 0
103933 16.812 10.0 66.175 0
104003 16.812 10.0 66.237 0
104033 16.812 10.0 66.3 0
104104 16.812 10.0 66.3 0
104134 16.812 10.0 66.362 0
104205 16.812 10.0 66.362 0
104236 16.812 10.0 66.362 0
104306 16.812 10.0 66.425 0
104336 16.812 10.0 66.425 0
104406 16.812 10.0 66.425 0
104437 16.812 10.0 66.425 0
104507 16.812 10.0 66.425 0
104538 16.812 10.0 66.425 0
104608 16.812 10.0 66.425 0
104639 16.812 10.0 66.425 0
104710 16.812 10.0 66.425 0
104740 16.812 10.0 66.362 0
104811 16.812 10.0 66.362 0
104842 16.812 10.0 66.362 0
104912 16.875 10.0 66.362 0
104943 16.875 10.0 66.362 0
105014 16.875 10.0 66.362 0
105045 16.875 10.0 66.362 0
105117 16.812 10.0 66.3 0
105147 16.812 10.0 66.3 0
105217 16.812 10.0 66.3 0
105248 16.812 10.0 66.3 0
105319 16.812 10.0 66.3 0
105350 16.812 10.0 66.237 0
105420 16.812 10.0 66.237 0
105451 16.812 10.0 66.237 0
105521 16.812 10.0 66.237 0
105552 16.812 10.0 66.237 0
105623 16.812 10.0 66.175 0
105654 16.812 10.0 66.175 0
105724 16.812 10.0 66.175 0
105754 16.812 10.0 66.112 0
105825 16.812 10.0 66.112 0
105855 16.812 10.0 66.112 0
105925 16.812 10.0 66.112 0
105955 16.812 10.0 66.05 0
110026 16.812 10.0 66.05 0
110057 16.812 10.0 66.05 0
110127 16.812 10.0 66.05 0
110157 16.812 10.0 65.987 0
110228 16.812 10.0 65.987 0
110258 16.812 10.0 65.987 0
110329 16.812 10.0 65.925 0
110400 16.812 10.0 65.925 0
110430 16.812 10.0 65.862 0
110500 16.812 10.0 65.862 0
110531 16.812 10.0 65.8 0
110602 16.812 10.0 65.8 0
110632 16.812 10.0 65.8 0
110702 16.812 10.0 65.737 0
110733 16.812 10.0 65.737 0
110803 16.812 10.0 65.675 0
110833 16.812 10.0 65.675 0
110904 16.812 10.0 65.675 0
110934 16.812 10.0 65.612 0
111005 16.812 10.0 65.612 0
111035 16.812 10.0 65.612 0
111106 16.812 10.0 65.55 0
111137 16.812 10.0 65.55 0
111208 16.812 10.0 65.55 0
111238 16.812 10.0 65.487 0
111309 16.812 10.0 65.487 0
111339 16.812 10.0 65.425 0
111410 16.812 10.0 65.425 0
111441 16.812 10.0 65.425 0
111511 16.812 10.0 65.425 0
111542 16.812 10.0 65.362 0
111612 16.812 10.0 65.362 0
111643 16.812 10.0 65.3 0
111714 16.812 10.0 65.3 0
111744 16.812 10.0 65.3 0
111815 16.812 10.0 65.237 0
111846 16.812 10.0 65.237 0
111916 16.812 10.0 65.175 0
111947 16.812 10.0 65.175 0
112017 16.812 10.0 65.175 0
112048 16.812 10.0 65.112 0
112120 16.812 10.0 65.112 0
112151 16.812 10.0 65.05 0
112222 16.812 10.0 65.05 0
112253 16.812 10.0 64.987 0
112323 16.812 10.0 64.987 0
112353 16.812 10.0 64.925 0
112424 16.812 10.0 64.925 0
112455 16.812 10.0 64.862 0
112525 16.812 10.0 64.8 0
112556 16.812 10.0 64.8 0
112626 16.812 10.0 64.8 0
112657 16.812 10.0 64.737 0
112727 16.812 10.0 64.737 0
112757 16.812 10.0 64.675 0
112828 16.812 10.0 64.675 0
112859 16.812 10.0 64.612 0
112929 16.812 10.0 64.612 0
112959 16.812 10.0 64.612 0
113030 16.812 10.0 64.55 0
113100 16.812 10.0 64.55 0
113130 16.875 10.0 64.487 0
113201 16.875 10.0 64.487 0
113231 16.875 10.0 64.425 0
113302 16.875 10.0 64.425 0
113332 16.875 10.0 64.362 0
113403 16.875 10.0 64.362 0
113434 16.875 10.0 64.362 0
113505 16.875 10.0 64.3 0
113535 16.875 10.0 64.3 0
113605 16.875 10.0 64.237 0
113636 16.875 10.0 64.237 0
113706 16.875 10.0 64.175 0
113737 16.875 10.0 64.175 0
113807 16.875 10.0 64.175 0
113838 16.875 10.0 64.112 0
113908 16.875 10.0 64.112 0
113939 16.875 10.0 64.05 0
114009 16.875 10.0 64.05 0
114039 16.875 10.0 64.05 0
114109 16.875 10.0 64.05 0
114140 16.937 10.0 64.05 0
114211 16.937 10.0 64.05 0
114242 16.937 10.0 64.112 0
114312 16.937 10.0 64.112 0
114343 16.937 10.0 64.112 0
114414 16.937 10.0 64.05 0
114444 16.937 10.0 64.05 0
114514 16.937 10.0 64.05 0
114545 16.937 10.0 63.987 0
114615 16.937 10.0 63.987 0
114646 16.937 10.0 63.987 0
114716 16.937 10.0 63.925 0
114747 16.937 10.0 63.925 0
114817 16.937 10.0 63.862 0
114848 16.937 10.0 63.862 0
114919 16.937 10.0 63.862 0
114949 16.937 10.0 63.8 0
115020 16.937 10.0 63.8 0
115051 16.937 10.0 63.737 0
115124 17.0 10.0 63.737 0
115154 17.0 10.0 63.737 0
115225 17.0 10.0 63.675 0
115256 17.0 10.0 63.675 0
115326 17.0 10.0 63.675 0
115357 17.0 10.0 63.612 0
115428 17.0 10.0 63.612 0
115458 17.0 10.0 63.55 0
115529 17.0 10.0 63.55 0
115559 17.0 10.0 63.487 0
115630 17.0 10.0 63.487 0
115701 17.0 10.0 63.487 0
115732 17.0 10.0 63.425 0
115802 17.0 10.0 63.425 0
115833 17.0 10.0 63.425 0
115904 17.0 10.0 63.362 0
115934 17.0 10.0 63.362 0
120004 17.0 10.0 63.3 0
120035 17.0 10.0 63.3 0
120105 17.0 10.0 63.237 0
120136 17.0 10.0 63.237 0
120207 17.0 10.0 63.175 0
120237 17.0 10.0 63.112 0
120308 17.0 10.0 63.05 0
120339 17.0 10.0 62.987 0
120409 17.062 10.0 62.925 0
120440 17.062 10.0 62.925 0
120511 17.062 10.0 62.862 0
120541 17.062 10.0 62.862 0
120612 17.062 10.0 62.8 0
120642 17.062 10.0 62.737 0
120713 17.062 10.0 62.737 0
120744 17.062 10.0 62.675 0
120815 17.062 10.0 62.675 0
120845 17.062 10.0 62.612 0
120915 17.0 10.0 62.612 0
120946 17.0 10.0 62.55 0
121017 17.0 10.0 62.55 0
121047 17.0 10.0 62.487 0
121118 17.0 10.0 62.487 0
121149 17.062 10.0 62.425 0
121220 17.062 10.0 62.425 0
121250 17.062 10.0 62.362 0
121320 17.062 10.0 62.362 0
121351 17.062 10.0 62.3 0
121422 17.062 10.0 62.3 0
121452 17.062 10.0 62.237 0
121523 17.062 10.0 62.237 0
121554 17.062 10.0 62.175 0
121626 17.062 10.0 62.175 0
121657 17.062 10.0 62.112 0
121727 17.062 10.0 62.112 0
121757 17.062 10.0 62.05 0
121828 17.062 10.0 62.05 0
121858 17.062 10.0 61.987 0
121929 17.062 10.0 61.987 0
121959 17.062 10.0 61.925 0
122030 17.062 10.0 61.925 0
122100 17.062 10.0 61.862 0
122130 17.062 10.0 61.8 0
122201 17.062 10.0 61.675 0
122232 17.062 10.0 61.612 0
122302 17.062 10.0 61.55 0
122333 17.062 10.0 61.487 0
122404 17.062 10.0 61.425 0
122434 17.062 10.0 61.362 0
122505 17.062 10.0 61.362 0
122536 17.062 10.0 61.3 0
122606 17.062 10.0 61.237 0
122637 17.062 10.0 61.237 0
122707 17.062 10.0 61.175 0
122738 17.062 10.0 61.175 0
122809 17.062 10.0 61.112 0
122839 17.062 10.0 61.05 0
122910 17.125 10.0 61.05 0
122940 17.125 10.0 60.987 0
123011 17.125 10.0 60.987 0
123041 17.125 10.0 60.925 0
123112 17.125 10.0 60.925 0
123142 17.125 10.0 60.862 0
123212 17.125 10.0 60.862 0
123243 17.125 10.0 60.8 0
123314 17.125 10.0 60.737 0
123344 17.125 10.0 60.737 0
123414 17.062 10.0 60.675 0
123445 17.062 10.0 60.675 0
123516 17.062 10.0 60.612 0
123546 17.062 10.0 60.612 0
123617 17.062 10.0 60.55 0
123647 17.125 10.0 60.55 0
123717 17.125 10.0 60.487 0
123748 17.125 10.0 60.487 0
123818 17.125 10.0 60.425 0
123848 17.125 10.0 60.362 0
123919 17.062 10.0 60.3 0
123949 17.062 10.0 60.237 0
124019 17.062 10.0 60.112 0
124050 17.062 10.0 59.987 0
124120 17.062 10.0 59.862 0
124151 17.062 10.0 59.8 0
124221 17.062 10.0 59.737 0
124252 17.062 10.0 59.675 0
124323 17.062 10.0 59.675 0
124354 17.062 10.0 59.675 0
124424 17.125 10.0 59.612 0
124455 17.125 10.0 59.612 0
124525 17.125 10.0 59.55 0
124556 17.125 10.0 59.55 0
124628 17.062 10.0 59.55 0
124659 17.062 10.0 59.487 0
124730 17.062 10.0 59.487 0
124800 17.062 10.0 59.487 0
124831 17.062 10.0 59.425 0
124901 17.062 10.0 59.425 0
124932 17.062 10.0 59.425 0
125002 17.062 10.0 59.362 0
125033 17.062 10.0 59.362 0
125103 17.062 10.0 59.3 0
125134 17.125 10.0 59.3 0
125204 17.125 10.0 59.3 0
125235 17.125 10.0 59.237 0
125306 17.125 10.0 59.237 0
125336 17.125 10.0 59.175 0
125407 17.125 10.0 59.175 0
125437 17.125 10.0 59.175 0
125508 17.125 10.0 59.112 0
125538 17.125 10.0 59.112 0
125609 17.125 10.0 59.05 0
125639 17.125 10.0 59.05 0
125710 17.125 10.0 58.987 0
125741 17.125 10.0 58.925 0
125811 17.125 10.0 58.862 0
125842 17.125 10.0 58.737 0
125912 17.125 10.0 58.675 0
125943 17.125 10.0 58.612 0
130014 17.125 10.0 58.55 0
130044 17.125 10.0 58.487 0
130115 17.125 10.0 58.425 0
130145 17.125 10.0 58.425 0
130216 17.125 10.0 58.362 0
130247 17.125 10.0 58.362 0
130317 17.125 10.0 58.3 0
130347 17.125 10.0 58.237 0
130418 17.187 10.0 58.237 0
130449 17.187 10.0 58.175 0
130519 17.187 10.0 58.175 0
130550 17.187 10.0 58.112 0
130620 17.187 10.0 58.112 0
130651 17.125 10.0 58.05 0
130722 17.125 10.0 58.05 0
130753 17.125 10.0 57.987 0
130823 17.125 10.0 57.925 0
130853 17.125 10.0 57.925 0
130924 17.125 10.0 57.862 0
130955 17.125 10.0 57.862 0
131025 17.125 10.0 57.8 0
131055 17.125 10.0 57.8 0
131126 17.125 10.0 57.737 0
131156 17.125 10.0 57.737 0
131227 17.125 10.0 57.675 0
131257 17.125 10.0 57.675 0
131327 17.125 10.0 57.612 0
131357 17.125 10.0 57.55 0
131427 17.125 10.0 57.487 0
131458 17.125 10.0 57.362 0
131529 17.125 10.0 57.237 0
131600 17.125 10.0 57.112 0
131632 17.187 10.0 56.987 0
131703 17.187 10.0 56.925 0
131733 17.187 10.0 56.862 0
131803 17.187 10.0 56.8 0
131834 17.187 10.0 56.8 0
131904 17.187 10.0 56.737 0
131934 17.187 10.0 56.675 0
132005 17.187 10.0 56.675 0
132035 17.187 10.0 56.675 0
132106 17.187 10.0 56.675 0
132136 17.125 10.0 56.737 0
132207 17.125 10.0 56.925 0
132237 17.125 10.0 57.3 0
132308 17.125 10.0 57.8 0
132339 17.125 10.0 58.487 0
132409 17.187 10.0 59.487 0
132440 17.187 10.0 60.612 0
132510 17.187 10.0 61.675 0
132540 17.187 10.0 62.737 0
132611 17.187 10.0 63.55 0
132642 17.125 10.0 64.175 0
132712 17.125 10.0 64.675 0
132743 17.125 10.0 65.05 0
132814 17.125 10.0 65.362 0
132844 17.125 10.0 65.612 0
132915 17.125 10.0 65.8 0
132946 17.125 10.0 65.925 0
133016 17.125 10.0 66.05 0
133046 17.125 10.0 66.175 0
133116 17.125 10.0 66.237 0
133146 17.125 10.0 66.362 0
133217 17.125 10.0 66.425 0
133248 17.125 10.0 66.487 0
133318 17.125 10.0 66.487 0
133348 17.125 10.0 66.55 0
133419 17.125 10.0 66.55 0
133449 17.125 10.0 66.55 0
133520 17.125 10.0 66.612 0
133551 17.125 10.0 66.612 0
133621 17.125 10.0 66.612 0
133652 17.125 10.0 66.675 0
133723 17.125 10.0 66.675 0
133753 17.125 10.0 66.675 0
133824 17.125 10.0 66.675 0
133855 17.125 10.0 66.675 0
133925 17.187 10.0 66.675 0
133955 17.187 10.0 66.675 0
134026 17.187 10.0 66.737 0
134056 17.187 10.0 66.737 0
134127 17.187 10.0 66.737 0
134158 17.125 10.0 66.737 0
134228 17.125 10.0 66.737 0
134259 17.125 10.0 66.737 0
134330 17.125 10.0 66.737 0
134400 17.125 10.0 66.8 0
134430 17.187 10.0 66.8 0
134501 17.187 10.0 66.8 0
134531 17.187 10.0 66.8 0
134601 17.187 10.0 66.8 0
134632 17.187 10.0 66.8 0
134703 17.187 10.0 66.8 0
134733 17.187 10.0 66.8 0
134804 17.187 10.0 66.8 0
134835 17.187 10.0 66.8 0
134908 17.187 10.0 66.8 0
134938 17.187 10.0 66.8 0
135008 17.187 10.0 66.8 0
135039 17.187 10.0 66.8 0
135109 17.187 10.0 66.862 0
135140 17.187 10.0 66.862 0
135210 17.187 10.0 66.8 0
135241 17.187 10.0 66.862 0
135312 17.187 10.0 66.862 0
135342 17.187 10.0 66.8 0
135413 17.187 10.0 66.8 0
135444 17.187 10.0 66.8 0
135515 17.187 10.0 66.8 0
135545 17.187 10.0 66.8 0
135616 17.187 10.0 66.8 0
135646 17.187 10.0 66.8 0
135716 17.187 10.0 66.8 0
135747 17.187 10.0 66.8 0
135817 17.187 10.0 66.8 0
135848 17.187 10.0 66.8 0
135918 17.187 10.0 66.737 0
135948 17.187 10.0 66.737 0
140019 17.187 10.0 66.737 0
140050 17.187 10.0 66.737 0
140120 17.187 10.0 66.737 0
140151 17.187 10.0 66.737 0
140221 17.187 10.0 66.737 0
140252 17.187 10.0 66.675 0
140322 17.187 10.0 66.675 0
140352 17.187 10.0 66.675 0
140423 17.187 10.0 66.675 0
140454 17.187 10.0 66.675 0
140524 17.187 10.0 66.675 0
140555 17.187 10.0 66.612 0
140626 17.187 10.0 66.612 0
140656 17.187 10.0 66.612 0
140726 17.187 10.0 66.612 0
140757 17.187 10.0 66.612 0
140828 17.187 10.0 66.55 0
140858 17.187 10.0 66.55 0
140929 17.187 10.0 66.55 0
141000 17.187 10.0 66.55 0
141030 17.187 10.0 66.487 0
141101 17.187 10.0 66.487 0
141131 17.187 10.0 66.487 0
141202 17.187 10.0 66.487 0
141232 17.187 10.0 66.425 0
141302 17.187 10.0 66.425 0
141333 17.187 10.0 66.425 0
141404 17.187 10.0 66.425 0
141435 17.125 10.0 66.362 0
141505 17.125 10.0 66.362 0
141535 17.125 10.0 66.362 0
141606 17.125 10.0 66.3 0
141637 17.125 10.0 66.3 0
141707 17.187 10.0 66.3 0
141738 17.187 10.0 66.3 0
141808 17.187 10.0 66.237 0
141839 17.187 10.0 66.237 0
141910 17.187 10.0 66.237 0
141941 17.187 10.0 66.237 0
142012 17.187 10.0 66.175 0
142043 17.187 10.0 66.175 0
142113 17.187 10.0 66.175 0
142144 17.187 10.0 66.112 0
142214 17.187 10.0 66.112 0
142245 17.187 10.0 66.112 0
142316 17.187 10.0 66.05 0
142346 17.187 10.0 66.05 0
142417 17.125 10.0 66.05 0
142447 17.125 10.0 66.05 0
142517 17.125 10.0 65.987 0
142547 17.125 10.0 65.987 0
142618 17.125 10.0 65.987 0
142648 17.125 10.0 65.987 0
142719 17.125 10.0 65.987 0
142750 17.125 10.0 66.05 0
142821 17.125 10.0 66.112 0
142851 17.125 10.0 66.175 0
142921 17.125 10.0 66.237 0
142952 17.125 10.0 66.237 0
143022 17.125 10.0 66.3 0
143053 17.125 10.0 66.3 0
143123 17.125 10.0 66.3 0
143154 17.187 10.0 66.362 0
143224 17.187 10.0 66.362 0
143255 17.187 10.0 66.362 0
143325 17.187 10.0 66.362 0
143356 17.187 10.0 66.362 0
143426 17.125 10.0 66.362 0
143456 17.125 10.0 66.362 0
143527 17.125 10.0 66.362 0
143558 17.125 10.0 66.362 0
143629 17.125 10.0 66.362 0
143659 17.187 10.0 66.362 0
143729 17.187 10.0 66.362 0
143800 17.187 10.0 66.3 0
143830 17.187 10.0 66.3 0
143901 17.187 10.0 66.3 0
143931 17.187 10.0 66.3 0
144002 17.187 10.0 66.3 0
144032 17.187 10.0 66.3 0
144102 17.187 10.0 66.237 0
144133 17.187 10.0 66.237 0
144203 17.187 10.0 66.237 0
144234 17.187 10.0 66.237 0
144305 17.187 10.0 66.237 0
144335 17.187 10.0 66.175 0
144405 17.187 10.0 66.175 0
144436 17.187 10.0 66.175 0
144506 17.187 10.0 66.175 0
144537 17.187 10.0 66.112 0
144607 17.187 10.0 66.112 0
144638 17.187 10.0 66.112 0
144709 17.187 10.0 66.112 0
144739 17.187 10.0 66.05 0
144810 17.187 10.0 66.05 0
144840 17.187 10.0 66.05 0
144911 17.187 10.0 66.05 0
144941 17.187 10.0 65.987 0
145012 17.187 10.0 65.987 0
145042 17.187 10.0 65.987 0
145113 17.187 10.0 65.925 0
145145 17.187 10.0 65.925 0
145216 17.187 10.0 65.925 0
145246 17.187 10.0 65.862 0
145316 17.187 10.0 65.862 0
145346 17.187 10.0 65.8 0
145417 17.187 10.0 65.8 0
145448 17.187 10.0 65.737 0
145518 17.187 10.0 65.737 0
145549 17.187 10.0 65.737 0
145620 17.187 10.0 65.675 0
145650 17.187 10.0 65.675 0
145721 17.187 10.0 65.675 0
145751 17.187 10.0 65.612 0
145822 17.187 10.0 65.612 0
145853 17.187 10.0 65.612 0
145923 17.187 10.0 65.55 0
145954 17.187 10.0 65.55 0
150024 17.187 10.0 65.487 0
150055 17.187 10.0 65.487 0
150125 17.187 10.0 65.487 0
150156 17.187 10.0 65.425 0
150226 17.187 10.0 65.425 0
150257 17.187 10.0 65.425 0
150327 17.187 10.0 65.362 0
150358 17.187 10.0 65.362 0
150428 17.187 10.0 65.362 0
150459 17.187 10.0 65.3 0
150530 17.187 10.0 65.3 0
150600 17.187 10.0 65.237 0
150631 17.187 10.0 65.237 0
150701 17.187 10.0 65.237 0
150731 17.187 10.0 65.175 0
150802 17.187 10.0 65.175 0
150833 17.187 10.0 65.175 0
150903 17.187 10.0 65.112 0
150934 17.187 10.0 65.112 0
151004 17.187 10.0 65.05 0
151034 17.187 10.0 65.05 0
151104 17.187 10.0 65.05 0
151135 17.187 10.0 64.987 0
151205 17.25 10.0 64.987 0
151236 17.25 10.0 64.925 0
151306 17.25 10.0 64.925 0
151337 17.25 10.0 64.862 0
151407 17.25 10.0 64.8 0
151437 17.25 10.0 64.8 0
151508 17.25 10.0 64.737 0
151538 17.25 10.0 64.737 0
151609 17.25 10.0 64.675 0
151639 17.25 10.0 64.675 0
151709 17.25 10.0 64.612 0
151740 17.25 10.0 64.612 0
151810 17.25 10.0 64.612 0
151841 17.25 10.0 64.55 0
151912 17.25 10.0 64.55 0
151942 17.25 10.0 64.487 0
152013 17.25 10.0 64.487 0
152044 17.25 10.0 64.425 0
152114 17.25 10.0 64.425 0
152145 17.25 10.0 64.425 0
152215 17.25 10.0 64.362 0
152246 17.25 10.0 64.362 0
152316 17.25 10.0 64.3 0
152346 17.25 10.0 64.3 0
152417 17.25 10.0 64.237 0
152447 17.312 10.0 64.237 0
152517 17.312 10.0 64.237 0
152548 17.312 10.0 64.175 0
152619 17.312 10.0 64.175 0
152651 17.312 10.0 64.112 0
152722 17.312 10.0 64.112 0
152752 17.312 10.0 64.05 0
152823 17.312 10.0 64.05 0
152854 17.312 10.0 64.05 0
152924 17.312 10.0 64.05 0
152955 17.312 10.0 64.05 0
153025 17.312 10.0 64.112 0
153055 17.312 10.0 64.112 0
153126 17.312 10.0 64.112 0
153156 17.312 10.0 64.112 0
153227 17.312 10.0 64.112 0
153257 17.312 10.0 64.05 0
153327 17.312 10.0 64.05 0
153357 17.312 10.0 64.05 0
153427 17.375 10.0 63.987 0
153458 17.375 10.0 63.987 0
153529 17.375 10.0 63.925 0
153559 17.375 10.0 63.925 0
153630 17.375 10.0 63.862 0
153701 17.375 10.0 63.862 0
153731 17.375 10.0 63.8 0
153801 17.375 10.0 63.8 0
153831 17.375 10.0 63.8 0
153902 17.375 10.0 63.737 0
153932 17.375 10.0 63.737 0
154003 17.375 10.0 63.675 0
154033 17.375 10.0 63.675 0
154104 17.375 10.0 63.675 0
154134 17.375 10.0 63.612 0
154205 17.437 10.0 63.612 0
154235 17.437 10.0 63.55 0
154305 17.437 10.0 63.55 0
154336 17.437 10.0 63.487 0
154406 17.437 10.0 63.487 0
154437 17.375 10.0 63.487 0
154507 17.375 10.0 63.425 0
154538 17.375 10.0 63.425 0
154608 17.375 10.0 63.425 0
154639 17.375 10.0 63.362 0
154710 17.375 10.0 63.362 0
154740 17.375 10.0 63.3 0
154811 17.375 10.0 63.3 0
154841 17.375 10.0 63.237 0
154912 17.375 10.0 63.237 0
154943 17.375 10.0 63.237 0
155013 17.375 10.0 63.175 0
155043 17.375 10.0 63.175 0
155114 17.375 10.0 63.112 0
155144 17.375 10.0 63.112 0
155214 17.312 10.0 63.05 0
155245 17.312 10.0 63.05 0
155315 17.312 10.0 62.987 0
155345 17.312 10.0 62.925 0
155416 17.312 10.0 62.862 0
155447 17.312 10.0 62.8 0
155518 17.312 10.0 62.737 0
155548 17.312 10.0 62.675 0
155618 17.312 10.0 62.675 0
155648 17.312 10.0 62.612 0
155718 17.312 10.0 62.612 0
155749 17.312 10.0 62.55 0
155819 17.312 10.0 62.55 0
155849 17.312 10.0 62.487 0
155920 17.312 10.0 62.487 0
155950 17.312 10.0 62.425 0
160021 17.312 10.0 62.425 0
160051 17.312 10.0 62.362 0
160122 17.312 10.0 62.362 0
160153 17.312 10.0 62.3 0
160223 17.312 10.0 62.237 0
160254 17.312 10.0 62.237 0
160324 17.312 10.0 62.237 0
160355 17.312 10.0 62.175 0
160427 17.312 10.0 62.175 0
160457 17.312 10.0 62.112 0
160528 17.312 10.0 62.05 0
160558 17.312 10.0 62.05 0
160629 17.312 10.0 61.987 0
160659 17.312 10.0 61.987 0
160730 17.312 10.0 61.925 0
160800 17.312 10.0 61.925 0
160830 17.312 10.0 61.925 0
160901 17.312 10.0 61.862 0
160932 17.25 10.0 61.8 0
161002 17.25 10.0 61.8 0
161032 17.25 10.0 61.737 0
161103 17.25 10.0 61.737 0
161134 17.25 10.0 61.675 0
161204 17.25 10.0 61.675 0
161234 17.25 10.0 61.612 0
161305 17.25 10.0 61.487 0
161335 17.25 10.0 61.425 0
161406 17.25 10.0 61.3 0
161437 17.25 10.0 61.237 0
161507 17.25 10.0 61.237 0
161538 17.25 10.0 61.175 0
161609 17.25 10.0 61.112 0
161640 17.25 10.0 61.05 0
161710 17.25 10.0 61.05 0
161740 17.25 10.0 60.987 0
161811 17.25 10.0 60.925 0
161842 17.25 10.0 60.925 0
161913 17.25 10.0 60.862 0
161943 17.25 10.0 60.862 0
162014 17.25 10.0 60.8 0
162045 17.25 10.0 60.8 0
162115 17.25 10.0 60.737 0
162146 17.25 10.0 60.737 0
162217 17.187 10.0 60.675 0
162247 17.187 10.0 60.612 0
162318 17.187 10.0 60.612 0
162348 17.187 10.0 60.55 0
162419 17.187 10.0 60.55 0
162450 17.187 10.0 60.487 0
162520 17.187 10.0 60.487 0
162551 17.187 10.0 60.425 0
162622 17.187 10.0 60.425 0
162653 17.187 10.0 60.362 0
162723 17.187 10.0 60.3 0
162754 17.187 10.0 60.3 0
162824 17.187 10.0 60.237 0
162855 17.187 10.0 60.237 0
162925 17.187 10.0 60.175 0
162956 17.25 10.0 60.175 0
163027 17.25 10.0 60.112 0
163057 17.25 10.0 60.112 0
163127 17.25 10.0 60.05 0
163159 17.375 10.0 59.987 0
163230 17.375 10.0 59.925 0
163301 17.375 10.0 59.925 0
163331 17.375 10.0 59.862 0
163401 17.375 10.0 59.8 0
163432 17.375 10.0 59.737 0
163503 17.375 10.0 59.737 0
163533 17.375 10.0 59.675 0
163603 17.375 10.0 59.675 0
163634 17.375 10.0 59.612 0
163705 17.437 10.0 59.612 0
163735 17.437 10.0 59.55 0
163806 17.437 10.0 59.55 0
163836 17.437 10.0 59.487 0
163906 17.437 10.0 59.487 0
163937 17.75 10.0 59.425 0
164007 17.75 10.0 59.425 0
164038 17.75 10.0 59.362 0
164108 17.75 10.0 59.362 0
164138 17.75 10.0 59.3 0
164208 18.187 10.0 59.3 0
164239 18.187 10.0 59.237 0
164310 18.187 10.0 59.237 0
164340 18.187 10.0 59.175 0
164410 18.187 10.0 59.175 0
164441 18.562 10.0 59.112 0
164512 18.562 10.0 59.112 0
164542 18.562 10.0 59.05 0
164613 18.562 10.0 59.05 0
164643 18.562 10.0 59.05 0
164714 18.812 10.0 58.987 0
164745 18.812 10.0 58.987 0
164816 18.812 10.0 58.925 0
164846 18.812 10.0 58.862 0
164917 18.812 10.0 58.8 0
164948 19.062 10.0 58.675 0
165018 19.062 10.0 58.55 0
165049 19.062 10.0 58.487 0
165119 19.062 10.0 58.425 0
165149 19.062 10.0 58.362 0
165220 19.062 10.0 58.3 0
165250 19.062 10.0 58.237 0
165321 19.062 10.0 58.175 0
165351 19.062 10.0 58.175 0
165422 19.062 10.0 58.112 0
165452 18.687 10.0 58.112 0
165522 18.687 10.0 58.05 0
165553 18.687 10.0 57.987 0
165623 18.687 10.0 57.987 0
165653 18.687 10.0 57.925 0
165724 18.75 10.0 57.925 0
165755 18.75 10.0 57.862 0
165826 18.75 10.0 57.862 0
165856 18.75 10.0 57.8 0
165926 18.75 10.0 57.8 0
165957 18.75 10.0 57.737 0
170027 18.75 10.0 57.737 0
170058 18.75 10.0 57.675 0
170128 18.75 10.0 57.675 0
170158 18.75 21.0 57.612 0
170229 18.562 21.0 57.55 0
170259 18.562 21.0 57.55 0
170330 18.562 21.0 57.487 0
170400 18.562 21.0 57.487 0
170431 18.562 21.0 57.425 0
170501 18.562 21.0 57.425 0
170532 18.562 21.0 57.3 0
170603 18.562 21.0 57.237 0
170633 18.562 21.0 57.05 0
170705 18.875 21.0 56.862 0
170736 18.875 21.0 56.675 0
170807 18.875 21.0 56.487 0
170837 18.875 21.0 56.237 0
170908 18.875 21.0 56.05 0
170938 18.75 21.0 55.862 0
171008 18.75 21.0 55.675 0
171038 18.75 21.0 55.612 0
171108 18.75 21.0 55.55 0
171139 18.75 21.0 55.612 0
171209 18.687 21.0 55.8 0
171240 18.687 21.0 56.05 0
171311 18.687 21.0 56.3 0
171341 18.687 21.0 56.675 0
171412 18.687 21.0 56.987 0
171442 18.875 21.0 57.487 0
171513 18.875 21.0 58.05 0
171543 18.875 21.0 58.675 0
171614 18.875 21.0 59.362 0
171645 18.875 21.0 60.05 50
171716 18.875 21.0 60.675 50
171746 18.875 21.0 61.3 50
171817 18.875 21.0 61.737 50
171848 18.875 21.0 62.112 50
171918 18.875 21.0 62.362 50
171949 18.625 21.0 62.612 50
172020 18.625 21.0 62.8 50
172051 18.625 21.0 62.925 50
172121 18.625 21.0 62.987 50
172152 18.625 21.0 63.05 50
172223 18.937 21.0 63.05 50
172254 18.937 21.0 62.925 50
172324 18.937 21.0 62.612 50
172354 18.937 21.0 62.05 50
172424 18.937 21.0 60.925 50
172454 19.312 21.0 59.175 0
172525 19.312 21.0 57.237 0
172555 19.312 21.0 55.425 0
172626 19.312 21.0 53.737 0
172656 19.312 21.0 52.175 0
172726 19.187 21.0 50.737 0
172757 19.187 21.0 49.237 0
172827 19.187 21.0 47.987 0
172858 19.187 21.0 47.3 0
172928 19.187 21.0 47.237 0
172958 19.375 21.0 47.55 0
173029 19.375 21.0 48.112 0
173059 19.375 21.0 48.8 0
173130 19.375 21.0 49.55 0
173200 19.375 21.0 50.425 0
173231 19.625 21.0 51.3 0
173301 19.625 21.0 52.237 0
173332 19.625 21.0 53.175 0
173403 19.625 21.0 54.112 0
173433 19.625 21.0 54.987 0
173504 19.5 21.0 55.925 0
173534 19.5 21.0 56.862 0
173605 19.5 21.0 57.737 0
173636 19.5 21.0 58.612 0
173707 19.5 21.0 59.487 0
173737 19.5 21.0 60.3 50
173808 19.5 21.0 61.175 50
173839 19.5 21.0 61.925 50
173910 19.5 21.0 62.487 50
173941 19.75 21.0 62.862 50
174012 19.75 21.0 63.175 50
174043 19.75 21.0 63.425 50
174113 19.75 21.0 63.612 50
174144 19.75 21.0 63.737 50
174215 19.625 21.0 63.8 50
174245 19.625 21.0 63.862 50
174316 19.625 21.0 63.862 50
174347 19.625 21.0 63.862 50
174417 19.625 21.0 63.8 50
174448 19.75 21.0 63.675 50
174519 19.75 21.0 63.487 50
174549 19.75 21.0 63.05 50
174620 19.75 21.0 62.487 50
174651 19.75 21.0 61.675 50
174721 20.187 21.0 60.675 50
174751 20.187 21.0 59.55 0
174822 20.187 21.0 58.612 0
174852 20.187 21.0 57.987 0
174923 20.187 21.0 57.55 0
174953 20.25 21.0 57.3 0
175024 20.25 21.0 57.175 0
175054 20.25 21.0 57.05 0
175125 20.25 21.0 56.925 0
175155 20.25 21.0 56.925 0
175226 20.187 21.0 56.862 0
175256 20.187 21.0 56.862 0
175326 20.187 21.0 56.925 0
175356 20.187 21.0 56.925 0
175427 20.187 21.0 56.987 0
175457 20.187 21.0 57.237 0
175527 20.187 21.0 57.8 0
175558 20.187 21.0 58.487 0
175629 20.187 21.0 59.3 0
175700 20.187 21.0 60.175 50
175730 20.5 21.0 61.112 50
175801 20.5 21.0 61.987 50
175832 20.5 21.0 62.675 50
175902 20.5 21.0 63.175 50
175933 20.5 21.0 63.55 50
180003 20.312 21.0 63.8 50
180034 20.312 21.0 63.987 50
180104 20.312 21.0 64.175 50
180135 20.312 21.0 64.3 50
180206 20.312 21.0 64.362 50
180236 20.5 21.0 64.487 50
180307 20.5 21.0 64.487 50
180337 20.5 21.0 64.55 50
180407 20.5 21.0 64.612 50
180438 20.5 21.0 64.55 50
180508 20.75 21.0 64.55 50
180538 20.75 21.0 64.487 50
180608 20.75 21.0 64.362 50
180639 20.75 21.0 64.237 50
180710 20.75 21.0 63.925 50
180740 20.5 21.0 63.425 50
180810 20.5 21.0 62.8 50
180840 20.5 21.0 62.05 50
180910 20.5 21.0 61.112 50
180940 20.5 21.0 60.05 50
181011 20.687 21.0 58.987 50
181041 20.687 21.0 57.737 50
181111 20.687 21.0 56.425 50
181141 20.687 21.0 55.175 50
181212 20.687 21.0 54.175 50
181243 20.812 21.0 53.425 0
181313 20.812 21.0 53.05 0
181343 20.812 21.0 52.862 0
181413 20.812 21.0 52.987 0
181446 20.625 21.0 53.425 0
181516 20.625 21.0 54.112 50
181546 20.625 21.0 54.8 50
181617 20.625 21.0 55.612 50
181647 20.625 21.0 56.55 50
181718 20.812 21.0 57.362 50
181748 20.812 21.0 58.175 50
181818 20.812 21.0 58.925 50
181848 20.812 21.0 59.737 50
181919 20.812 21.0 60.55 50
181950 21.0 21.0 61.362 50
182020 21.0 21.0 62.112 50
182051 21.0 21.0 62.612 50
182121 21.0 21.0 63.05 50
182151 21.0 21.0 63.362 50
182222 20.812 21.0 63.612 50
182252 20.812 21.0 63.8 50
182323 20.812 21.0 63.925 50
182353 20.812 21.0 64.05 50
182424 20.812 21.0 64.112 50
182454 20.875 21.0 64.175 50
182524 20.875 21.0 64.237 50
182555 20.875 21.0 64.3 50
182625 20.875 21.0 64.3 50
182655 20.875 21.0 64.3 50
182726 21.187 21.0 64.237 0
182757 21.187 21.0 64.175 0
182827 21.187 21.0 64.112 0
182858 21.187 21.0 64.112 0
182928 21.187 21.0 64.05 0
182959 21.0 21.0 63.987 0
183030 21.0 21.0 63.987 0
183100 21.0 21.0 63.925 0
183130 21.0 21.0 63.8 0
183200 21.0 21.0 63.737 0
183231 21.0 21.0 63.675 0
183301 21.0 21.0 63.612 0
183332 21.0 21.0 63.55 0
183403 21.0 21.0 63.487 0
183433 21.0 21.0 63.487 0
183504 21.125 21.0 63.425 0
183535 21.125 21.0 63.425 0
183605 21.125 21.0 63.362 0
183635 21.125 21.0 63.3 0
183706 21.125 21.0 63.3 0
183737 20.937 21.0 63.237 50
183807 20.937 21.0 63.175 50
183838 20.937 21.0 62.987 50
183909 20.937 21.0 62.675 50
183939 20.937 21.0 62.237 50
184010 20.812 21.0 61.55 50
184041 20.812 21.0 60.862 50
184111 20.812 21.0 60.175 50
184142 20.812 21.0 59.55 0
184213 20.812 21.0 59.112 0
184243 20.937 21.0 58.862 0
184314 20.937 21.0 58.612 0
184345 20.937 21.0 58.487 0
184415 20.937 21.0 58.425 0
184446 20.937 21.0 58.362 0
184516 20.875 21.0 58.362 0
184547 20.875 21.0 58.362 0
184617 20.875 21.0 58.362 0
184648 20.875 21.0 58.425 0
184718 20.875 21.0 58.425 0
184748 20.687 21.0 58.425 0
184818 20.687 21.0 58.425 0
184849 20.687 21.0 58.425 0
184919 20.687 21.0 58.425 0
184952 20.812 21.0 58.425 0
185023 20.812 21.0 58.425 0
185054 20.812 21.0 58.425 0
185124 20.812 21.0 58.425 0
185154 20.812 21.0 58.425 0
185225 20.75 21.0 58.425 0
185255 20.75 21.0 58.487 0
185326 20.75 21.0 58.487 0
185356 20.75 21.0 58.487 0
185427 20.75 21.0 58.55 0
185457 20.5 21.0 58.55 0
185528 20.5 21.0 58.612 0
185559 20.5 21.0 58.612 0
185629 20.5 21.0 58.675 0
185700 20.5 21.0 58.675 0
185730 20.625 21.0 58.737 0
185801 20.625 21.0 58.862 0
185832 20.625 21.0 58.987 0
185903 20.625 21.0 59.05 0
185933 20.625 21.0 59.175 0
190003 20.75 21.0 59.3 0
190034 20.75 21.0 59.425 0
190104 20.75 21.0 59.55 0
190134 20.75 21.0 59.675 0
190205 20.75 21.0 59.8 0
190236 20.5 21.0 59.862 0
190306 20.5 21.0 59.987 0
190336 20.5 21.0 60.05 50
190406 20.5 21.0 60.112 50
190437 20.5 21.0 60.175 50
190508 20.5 21.0 60.237 50
190538 20.5 21.0 60.3 50
190609 20.5 21.0 60.3 50
190640 20.5 21.0 60.3 50
190710 20.5 21.0 60.3 50
190741 20.687 21.0 60.3 50
190811 20.687 21.0 60.362 50
190841 20.687 21.0 60.3 50
190911 20.687 21.0 60.3 50
190942 20.687 21.0 60.3 50
191012 20.5 21.0 60.237 50
191043 20.5 21.0 60.237 50
191114 20.5 21.0 60.112 50
191145 20.5 21.0 59.987 0
191215 20.5 21.0 59.8 0
191245 20.625 21.0 59.612 0
191316 20.625 21.0 59.487 0
191347 20.625 21.0 59.362 0
191418 20.625 21.0 59.3 0
191448 20.625 21.0 59.175 0
191519 20.875 21.0 59.112 0
191549 20.875 21.0 59.05 0
191620 20.875 21.0 59.05 0
191651 20.875 21.0 58.987 0
191721 20.875 21.0 58.925 0
191752 20.812 21.0 58.862 0
191823 20.812 21.0 58.8 0
191853 20.812 21.0 58.487 0
191924 20.812 21.0 58.05 0
191954 20.812 21.0 57.487 0
192024 20.812 21.0 56.737 0
192055 20.812 21.0 55.862 0
192126 20.812 21.0 54.925 0
192156 20.812 21.0 54.05 0
192228 20.937 21.0 53.112 0
192258 20.937 21.0 52.3 0
192328 20.937 21.0 51.612 0
192359 20.937 21.0 51.05 0
192430 20.937 21.0 50.925 0
192501 20.812 21.0 50.987 0
192531 20.812 21.0 51.55 0
192602 20.812 21.0 52.175 0
192632 20.812 21.0 52.925 0
192702 20.812 21.0 53.737 0
192732 20.687 21.0 54.55 0
192803 20.687 21.0 55.425 0
192834 20.687 21.0 56.237 0
192904 20.687 21.0 57.112 0
192934 20.687 21.0 57.925 0
193004 20.75 21.0 58.8 0
193035 20.75 21.0 59.55 0
193105 20.75 21.0 60.3 50
193135 20.75 21.0 61.112 50
193206 20.75 21.0 61.737 50
193236 20.687 21.0 62.237 50
193307 20.687 21.0 62.612 50
193337 20.687 21.0 62.862 50
193408 20.687 21.0 63.112 50
193438 20.687 21.0 63.3 50
193509 20.625 21.0 63.425 50
193540 20.625 21.0 63.55 50
193611 20.625 21.0 63.55 50
193641 20.625 21.0 63.487 50
193712 20.625 21.0 63.3 50
193743 20.812 21.0 62.862 50
193813 20.812 21.0 61.862 50
193844 20.812 21.0 60.362 50
193915 20.812 21.0 58.612 50
193946 20.812 21.0 56.8 50
194016 21.0 21.0 55.05 50
194046 21.0 21.0 53.425 0
194117 21.0 21.0 52.112 0
194147 21.0 21.0 51.237 0
194218 21.0 21.0 50.737 0
194249 21.0 21.0 50.737 0
194319 21.0 21.0 50.987 0
194349 21.0 21.0 51.487 0
194420 21.0 21.0 52.3 0
194450 21.0 21.0 53.3 0
194521 21.25 21.0 54.362 0
194552 21.25 21.0 55.425 0
194622 21.25 21.0 56.425 0
194653 21.25 21.0 57.362 0
194723 21.25 21.0 58.362 0
194753 21.187 21.0 59.3 0
194824 21.187 21.0 60.3 0
194855 21.187 21.0 61.237 0
194925 21.187 21.0 62.112 0
194955 21.187 21.0 62.925 0
195026 21.0 21.0 63.55 0
195056 21.0 21.0 64.112 0
195127 21.0 21.0 64.612 0
195157 21.0 21.0 65.112 0
195228 21.0 21.0 65.487 0
195258 21.062 21.0 65.925 0
195329 21.062 21.0 66.237 0
195400 21.062 21.0 66.55 0
195430 21.062 21.0 66.862 0
195502 21.062 21.0 67.112 0
195533 21.062 21.0 67.362 0
195604 21.062 21.0 67.612 0
195634 21.062 21.0 67.8 0
195705 21.062 21.0 67.987 0
195735 21.0 21.0 68.112 0
195806 21.0 21.0 68.3 0
195836 21.0 21.0 68.487 0
195907 21.0 21.0 68.675 0
195938 21.0 21.0 68.8 0
200008 20.937 21.0 68.987 50
200038 20.937 21.0 69.175 50
200109 20.937 21.0 69.3 50
200140 20.937 21.0 69.487 50
200210 20.937 21.0 69.612 50
200240 20.937 21.0 69.675 50
200311 20.937 21.0 69.8 50
200342 20.937 21.0 69.862 50
200412 20.937 21.0 69.925 50
200442 20.937 21.0 69.925 50
200513 20.937 21.0 69.987 50
200543 20.937 21.0 70.05 50
200614 20.937 21.0 70.05 50
200645 20.937 21.0 70.05 50
200715 20.937 21.0 70.05 50
200746 21.062 21.0 70.05 0
200816 21.062 21.0 69.987 0
200846 21.062 21.0 69.987 0
200916 21.062 21.0 69.925 0
200947 21.062 21.0 69.862 0
201018 21.187 21.0 69.862 0
201048 21.187 21.0 69.8 0
201119 21.187 21.0 69.8 0
201149 21.187 21.0 69.8 0
201219 21.187 21.0 69.737 0
201250 21.25 21.0 69.737 0
201320 21.25 21.0 69.675 0
201351 21.25 21.0 69.675 0
201421 21.25 21.0 69.675 0
201452 21.25 21.0 69.675 0
201523 21.312 21.0 69.612 0
201553 21.312 21.0 69.55 0
201623 21.312 21.0 69.55 0
201654 21.312 21.0 69.55 0
201724 21.312 21.0 69.487 0
201754 21.312 21.0 69.425 0
201825 21.312 21.0 69.425 0
201856 21.312 21.0 69.425 0
201927 21.312 21.0 69.362 0
201957 21.312 21.0 69.362 0
202028 21.312 21.0 69.3 0
202058 21.312 21.0 69.3 0
202129 21.312 21.0 69.237 0
202200 21.312 21.0 69.237 0
202230 21.312 21.0 69.175 0
202300 21.25 21.0 69.175 0
202331 21.25 21.0 69.112 0
202401 21.25 21.0 69.112 0
202432 21.25 21.0 69.05 0
202506 21.125 21.0 68.987 0
202536 21.125 21.0 68.925 0
202606 21.125 21.0 68.8 0
202637 21.125 21.0 68.612 0
202708 21.125 21.0 68.362 0
202738 21.125 21.0 68.237 0
202809 21.125 21.0 68.112 0
202840 21.125 21.0 68.05 0
202910 21.125 21.0 67.925 0
202941 21.125 21.0 67.862 0
203012 21.062 21.0 67.737 0
203042 21.062 21.0 67.675 0
203113 21.062 21.0 67.612 0
203143 21.062 21.0 67.55 0
203213 21.062 21.0 67.487 0
203244 21.0 21.0 67.425 0
203314 21.0 21.0 67.362 0
203345 21.0 21.0 67.3 0
203415 21.0 21.0 67.237 0
203446 21.0 21.0 67.237 0
203516 21.0 21.0 67.175 0
203547 21.0 21.0 67.05 0
203618 21.0 21.0 66.987 0
203648 21.0 21.0 66.925 0
203719 21.0 21.0 66.862 0
203750 20.875 21.0 66.8 50
203820 20.875 21.0 66.612 50
203851 20.875 21.0 66.05 50
203921 20.875 21.0 65.175 50
203952 20.875 21.0 63.987 50
204022 20.875 21.0 62.55 50
204053 20.875 21.0 61.112 50
204123 20.875 21.0 59.8 0
204154 20.875 21.0 58.737 0
204225 20.875 21.0 57.987 0
204255 20.937 21.0 57.487 0
204326 20.937 21.0 57.175 0
204356 20.937 21.0 56.987 0
204426 20.937 21.0 56.862 0
204457 20.937 21.0 56.675 0
204527 21.0 21.0 56.487 0
204558 21.0 21.0 56.362 0
204629 21.0 21.0 56.175 0
204659 21.0 21.0 56.112 0
204730 21.0 21.0 56.05 0
204800 21.062 21.0 56.05 0
204830 21.062 21.0 56.112 0
204901 21.062 21.0 56.3 0
204931 21.062 21.0 56.487 0
205002 21.062 21.0 56.8 0
205032 21.062 21.0 57.112 0
205102 21.062 21.0 57.425 0
205133 21.062 21.0 57.8 0
205203 21.062 21.0 58.237 0
205234 21.062 21.0 58.862 0
205304 21.062 21.0 59.612 0
205334 21.062 21.0 60.362 0
205405 21.062 21.0 61.237 0
205436 21.062 21.0 62.3 0
205508 21.062 21.0 63.237 0
205538 21.062 21.0 63.862 0
205609 21.062 21.0 64.425 0
205640 21.062 21.0 64.987 0
205711 21.062 21.0 65.487 0
205741 21.0 21.0 65.862 0
205812 21.0 21.0 66.237 0
205842 21.0 21.0 66.612 0
205913 21.0 21.0 66.987 0
205944 21.0 21.0 67.3 0
210014 20.937 21.0 67.675 50
210045 20.937 21.0 68.05 50
210116 20.937 21.0 68.237 50
210147 20.937 21.0 68.425 50
210217 20.937 21.0 68.675 50
210247 20.812 21.0 68.8 50
210318 20.812 21.0 68.925 50
210348 20.812 21.0 69.05 50
210419 20.812 21.0 69.112 50
210449 20.812 21.0 69.112 50
210520 20.812 21.0 69.237 50
210551 20.812 21.0 69.237 50
210621 20.812 21.0 69.3 50
210652 20.812 21.0 69.362 50
210722 20.812 21.0 69.362 50
210752 20.937 21.0 69.362 50
210823 20.937 21.0 69.362 50
210853 20.937 21.0 69.362 50
210924 20.937 21.0 69.3 50
210955 20.937 21.0 69.112 50
211025 21.125 21.0 68.862 0
211055 21.125 21.0 68.487 0
211126 21.125 21.0 68.237 0
211156 21.125 21.0 68.05 0
211226 21.125 21.0 67.925 0
211257 21.25 21.0 67.8 0
211328 21.25 21.0 67.737 0
211359 21.25 21.0 67.612 0
211429 21.25 21.0 67.55 0
211459 21.25 21.0 67.487 0
211530 21.375 21.0 67.425 0
211600 21.375 21.0 67.362 0
211631 21.375 21.0 67.3 0
211702 21.375 21.0 67.237 0
211733 21.375 21.0 67.175 0
211803 21.437 21.0 67.112 0
211833 21.437 21.0 67.05 0
211903 21.437 21.0 66.987 0
211934 21.437 21.0 66.925 0
212005 21.437 21.0 66.862 0
212035 21.25 21.0 66.612 0
212106 21.25 21.0 66.175 0
212136 21.25 21.0 65.487 0
212207 21.25 21.0 64.8 0
212238 21.25 21.0 64.3 0
212309 21.187 21.0 63.987 0
212339 21.187 21.0 63.737 0
212410 21.187 21.0 63.55 0
212440 21.187 21.0 63.425 0
212512 21.312 21.0 63.362 0
212542 21.312 21.0 63.3 0
212613 21.312 21.0 63.175 0
212643 21.312 21.0 63.112 0
212714 21.312 21.0 63.05 0
212744 21.125 21.0 63.05 0
212814 21.125 21.0 62.987 0
212844 21.125 21.0 62.925 0
212915 21.125 21.0 62.862 0
212945 21.125 21.0 62.8 0
213015 21.062 21.0 62.737 0
213046 21.062 21.0 62.675 0
213117 21.062 21.0 62.612 0
213147 21.062 21.0 62.55 0
213218 21.062 21.0 62.487 0
213249 21.187 21.0 62.425 0
213319 21.187 21.0 62.425 0
213350 21.187 21.0 62.362 0
213421 21.187 21.0 62.3 0
213451 21.187 21.0 62.237 0
213522 21.187 21.0 62.175 0
213552 21.187 21.0 62.112 0
213623 21.187 21.0 62.05 0
213653 21.187 21.0 61.987 0
213723 21.187 21.0 61.987 0
213754 20.937 21.0 61.925 50
213824 20.937 21.0 61.675 50
213854 20.937 21.0 61.237 50
213925 20.937 21.0 60.55 50
213955 20.937 21.0 59.925 0
214025 21.062 21.0 59.425 0
214056 21.062 21.0 59.05 0
214126 21.062 21.0 58.737 0
214156 21.062 21.0 58.612 0
214227 21.062 21.0 58.487 0
214257 21.187 21.0 58.425 0
214328 21.187 21.0 58.362 0
214358 21.187 21.0 58.362 0
214429 21.187 21.0 58.3 0
214459 21.187 21.0 58.3 0
214530 21.187 21.0 58.3 0
214601 21.187 21.0 58.3 0
214631 21.187 21.0 58.3 0
214702 21.187 21.0 58.362 0
214733 21.187 21.0 58.362 0
214803 21.062 21.0 58.362 0
214833 21.062 21.0 58.362 0
214904 21.062 21.0 58.425 0
214935 21.062 21.0 58.425 0
215006 21.062 21.0 58.425 0
215036 21.062 21.0 58.487 0
215106 21.062 21.0 58.487 0
215137 21.062 21.0 58.487 0
215207 21.062 21.0 58.55 0
215238 21.062 21.0 58.55 0
215309 21.062 21.0 58.55 0
215340 21.062 21.0 58.55 0
215410 21.062 21.0 58.612 0
215441 21.062 21.0 58.612 0
215512 21.062 21.0 58.675 0
215542 21.0 21.0 58.675 0
215613 21.0 21.0 58.8 0
215643 21.0 21.0 58.925 0
215714 21.0 21.0 59.05 0
215746 21.0 21.0 59.175 0
215817 21.0 21.0 59.3 0
215848 21.0 21.0 59.362 0
215918 21.0 21.0 59.425 0
215948 21.0 21.0 59.487 0
220019 21.0 21.0 59.55 0
220049 21.0 21.0 59.612 0
220120 21.0 21.0 59.675 0
220150 21.0 21.0 59.737 0
220221 21.0 21.0 59.8 0
220252 20.937 21.0 59.862 0
220322 20.937 21.0 59.925 0
220353 20.937 21.0 60.05 50
220423 20.937 21.0 60.112 50
220453 20.937 21.0 60.237 50
220524 20.937 21.0 60.425 50
220554 20.937 21.0 60.612 50
220625 20.937 21.0 60.675 50
220655 20.937 21.0 60.737 50
220726 20.937 21.0 60.8 50
220756 20.937 21.0 60.862 50
220826 20.937 21.0 60.925 50
220857 20.937 21.0 60.925 50
220927 20.937 21.0 60.987 50
220958 20.937 21.0 61.05 50
221028 20.937 21.0 61.05 50
221058 20.937 21.0 61.112 50
221129 20.937 21.0 61.112 50
221200 20.937 21.0 61.112 50
221230 20.937 21.0 61.05 50
221301 20.875 21.0 60.925 50
221331 20.875 21.0 60.737 50
221402 20.875 21.0 60.3 50
221432 20.875 21.0 59.612 0
221503 20.875 21.0 58.925 0
221533 20.687 21.0 58.487 0
221604 20.687 21.0 58.175 0
221635 20.687 21.0 57.925 0
221705 20.687 21.0 57.8 0
221735 20.687 21.0 57.675 0
221806 20.625 21.0 57.55 0
221837 20.625 21.0 57.487 0
221907 20.625 21.0 57.425 0
221938 20.625 21.0 57.425 0
222008 20.625 21.0 57.362 0
222039 20.5 21.0 57.362 0
222110 20.5 21.0 57.3 0
222140 20.5 21.0 57.362 0
222211 20.5 21.0 57.487 0
222241 20.5 21.0 57.737 0
222312 20.437 21.0 58.425 0
222342 20.437 21.0 59.3 0
222412 20.437 21.0 60.237 50
222443 20.437 21.0 61.362 50
222514 20.437 21.0 62.425 50
222545 20.375 21.0 63.3 50
222615 20.375 16.0 63.925 50
222645 20.375 16.0 64.425 0
222716 20.375 16.0 64.8 0
222746 20.375 16.0 65.175 0
222816 20.312 16.0 65.425 0
222847 20.312 16.0 65.675 0
222917 20.312 16.0 65.925 0
222948 20.312 16.0 66.112 0
223018 20.312 16.0 66.3 0
223048 20.187 16.0 66.487 0
223119 20.187 16.0 66.612 0
223149 20.187 16.0 66.8 0
223219 20.187 16.0 66.925 0
223250 20.187 16.0 67.112 0
223320 20.125 16.0 67.237 0
223351 20.125 16.0 67.362 0
223422 20.125 16.0 67.487 0
223452 20.125 16.0 67.612 0
223524 20.062 16.0 67.737 0
223555 20.062 16.0 67.862 0
223625 20.062 16.0 67.987 0
223656 20.062 16.0 68.112 0
223726 20.062 16.0 68.237 0
223756 20.0 16.0 68.362 0
223827 20.0 16.0 68.487 0
223858 20.0 16.0 68.675 0
223928 20.0 16.0 68.8 0
223959 20.0 16.0 68.925 0
224029 19.937 16.0 69.05 0
224059 19.937 16.0 69.175 0
224130 19.937 16.0 69.3 0
224201 19.937 16.0 69.425 0
224232 19.937 16.0 69.55 0
224302 19.875 16.0 69.675 0
224332 19.875 16.0 69.8 0
224403 19.875 16.0 69.925 0
224433 19.875 16.0 69.987 0
224504 19.875 16.0 70.112 50
224534 19.812 16.0 70.237 50
224605 19.812 16.0 70.3 50
224635 19.812 16.0 70.425 50
224705 19.812 16.0 70.487 50
224736 19.812 16.0 70.55 50
224806 19.812 16.0 70.612 50
224836 19.812 16.0 70.612 50
224906 19.812 16.0 70.612 50
224936 19.812 16.0 70.675 50
225007 19.812 16.0 70.675 50
225037 19.75 16.0 70.737 50
225107 19.75 16.0 70.737 50
225137 19.75 16.0 70.737 50
225207 19.75 16.0 70.675 50
225238 19.75 16.0 70.675 50
225308 19.812 16.0 70.612 50
225338 19.812 16.0 70.487 50
225409 19.812 16.0 70.237 50
225439 19.812 16.0 69.737 0
225510 19.812 16.0 69.05 0
225540 19.875 16.0 68.612 0
225610 19.875 16.0 68.3 0
225640 19.875 16.0 68.112 0
225711 19.875 16.0 67.925 0
225742 19.875 16.0 67.8 0
225812 20.0 16.0 67.675 0
225843 20.0 16.0 67.55 0
225914 20.0 16.0 67.487 0
225945 20.0 16.0 67.362 0
230015 20.0 10.0 67.3 0
230045 20.0 10.0 67.175 0
230115 20.0 10.0 67.112 0
230146 20.0 10.0 67.05 0
230216 20.0 10.0 66.925 0
230247 20.0 10.0 66.862 0
230318 20.062 10.0 66.737 0
230348 20.062 10.0 66.675 0
230419 20.062 10.0 66.612 0
230449 20.062 10.0 66.55 0
230520 20.062 10.0 66.425 0
230550 20.062 10.0 66.362 0
230621 20.062 10.0 66.3 0
230651 20.062 10.0 66.237 0
230722 20.062 10.0 66.112 0
230753 20.062 10.0 65.987 0
230823 20.0 10.0 65.425 0
230854 20.0 10.0 64.55 0
230924 20.0 10.0 63.487 0
230955 20.0 10.0 62.612 0
231026 20.0 10.0 62.05 0
231056 20.0 10.0 61.675 0
231127 20.0 10.0 61.487 0
231157 20.0 10.0 61.3 0
231228 20.0 10.0 61.175 0
231300 19.937 10.0 61.112 0
231331 19.937 10.0 61.05 0
231402 19.937 10.0 60.987 0
231432 19.937 10.0 60.925 0
231502 19.937 10.0 60.862 0
231533 19.875 10.0 60.862 0
231603 19.875 10.0 60.8 0
231634 19.875 10.0 60.737 0
231704 19.875 10.0 60.737 0
231734 19.875 10.0 60.675 0
231805 19.812 10.0 60.612 0
231835 19.812 10.0 60.612 0
231905 19.812 10.0 60.55 0
231935 19.812 10.0 60.487 0
232005 19.812 10.0 60.487 0
232036 19.75 10.0 60.425 0
232106 19.75 10.0 60.425 0
232137 19.75 10.0 60.362 0
232208 19.75 10.0 60.362 0
232239 19.75 10.0 60.3 0
232309 19.75 10.0 60.237 0
232339 19.75 10.0 60.237 0
232410 19.75 10.0 60.175 0
232440 19.75 10.0 60.175 0
232511 19.75 10.0 60.175 0
232542 19.625 10.0 60.175 0
232613 19.625 10.0 60.175 0
232643 19.625 10.0 60.3 0
232713 19.625 10.0 60.425 0
232744 19.625 10.0 60.737 0
232815 19.625 10.0 60.987 0
232845 19.625 10.0 61.3 0
232916 19.625 10.0 61.55 0
232947 19.625 10.0 61.862 0
233018 19.625 10.0 62.05 0
233048 19.562 10.0 62.3 0
233118 19.562 10.0 62.487 0
233148 19.562 10.0 62.675 0
233219 19.562 10.0 62.862 0
233249 19.562 10.0 63.05 0
233319 19.5 10.0 63.175 0
233350 19.5 10.0 63.362 0
233420 19.5 10.0 63.487 0
233450 19.5 10.0 63.612 0
233521 19.5 10.0 63.8 0
233551 19.5 10.0 63.925 0
233622 19.5 10.0 64.05 0
233652 19.5 10.0 64.237 0
233722 19.5 10.0 64.3 0
233753 19.5 10.0 64.487 0
233823 19.437 10.0 64.55 0
233853 19.437 10.0 64.675 0
233924 19.437 10.0 64.8 0
233954 19.437 10.0 64.925 0
234024 19.437 10.0 65.112 0
234055 19.375 10.0 65.237 0
234125 19.375 10.0 65.362 0
234155 19.375 10.0 65.487 0
234226 19.375 10.0 65.612 0
234256 19.375 10.0 65.737 0
234327 19.375 10.0 65.862 0
234357 19.375 10.0 66.05 0
234427 19.375 10.0 66.175 0
234458 19.375 10.0 66.3 0
234528 19.375 10.0 66.487 0
234558 19.312 10.0 66.612 0
234629 19.312 10.0 66.8 0
234700 19.312 10.0 66.925 0
234730 19.312 10.0 67.112 0
234801 19.312 10.0 67.237 0
234832 19.25 10.0 67.362 0
234903 19.25 10.0 67.487 0
234933 19.25 10.0 67.612 0
235003 19.25 10.0 67.675 0
235035 19.25 10.0 67.8 0
235106 19.25 10.0 67.925 0
235136 19.25 10.0 67.987 0
235207 19.25 10.0 68.112 0
235237 19.25 10.0 68.237 0
235308 19.25 10.0 68.362 0
235338 19.25 10.0 68.487 0
235409 19.25 10.0 68.612 0
235440 19.25 10.0 68.737 0
235510 19.25 10.0 68.862 0
235540 19.187 10.0 68.987 0
235610 19.187 10.0 69.112 0
235641 19.187 10.0 69.237 0
235712 19.187 10.0 69.362 0
235742 19.187 10.0 69.487 0
235812 19.125 10.0 69.612 0
235843 19.125 10.0 69.675 0
