235908 26.125 10.0 18.8 0
235939 26.125 10.0 18.8 0
000009 26.125 10.0 18.8 0
000039 26.125 10.0 18.8 0
000110 26.125 10.0 18.8 0
000140 26.125 10.0 18.8 0
000211 26.125 10.0 18.8 0
000241 26.062 10.0 18.8 0
000312 26.062 10.0 18.8 0
000342 26.062 10.0 18.8 0
000412 26.062 10.0 18.8 0
000443 26.062 10.0 18.8 0
000513 26.062 10.0 18.8 0
000543 26.062 10.0 18.8 0
000613 26.062 10.0 18.8 0
000644 26.062 10.0 18.8 0
000714 26.062 10.0 18.8 0
000745 26.062 10.0 18.8 0
000815 26.062 10.0 18.8 0
000845 26.062 10.0 18.8 0
000916 26.062 10.0 18.8 0
000946 26.062 10.0 18.8 0
001016 26.0 10.0 18.8 0
001047 26.0 10.0 18.8 0
001117 26.0 10.0 18.8 0
001147 26.0 10.0 18.8 0
001218 26.0 10.0 18.8 0
001248 26.0 10.0 18.8 0
001318 26.0 10.0 18.8 0
001349 26.0 10.0 18.8 0
001419 26.0 10.0 18.8 0
001450 26.0 10.0 18.8 0
001520 25.937 10.0 18.8 0
001550 25.937 10.0 18.8 0
001621 25.937 10.0 18.8 0
001651 25.937 10.0 18.8 0
001722 25.937 10.0 18.8 0
001752 25.875 10.0 18.8 0
001822 25.875 10.0 18.8 0
001853 25.875 10.0 18.8 0
001923 25.875 10.0 18.8 0
001953 25.875 10.0 18.8 0
002024 25.875 10.0 18.8 0
002054 25.875 10.0 18.8 0
002125 25.875 10.0 18.8 0
002155 25.875 10.0 18.8 0
002225 25.875 10.0 18.8 0
002256 25.812 10.0 18.8 0
002326 25.812 10.0 18.8 0
002356 25.812 10.0 18.8 0
002426 25.812 10.0 18.8 0
002457 25.812 10.0 18.8 0
002527 25.812 10.0 18.8 0
002557 25.812 10.0 18.8 0
002628 25.812 10.0 18.8 0
002658 25.812 10.0 18.8 0
002728 25.812 10.0 18.8 0
002758 25.812 10.0 18.8 0
002829 25.812 10.0 18.8 0
002859 25.812 10.0 18.8 0
002929 25.812 10.0 18.8 0
002959 25.812 10.0 18.8 0
003029 25.812 10.0 18.8 0
003100 25.812 10.0 18.8 0
003130 25.812 10.0 18.8 0
003200 25.812 10.0 18.8 0
003231 25.812 10.0 18.8 0
003301 25.75 10.0 18.8 0
003331 25.75 10.0 18.8 0
003402 25.75 10.0 18.8 0
003432 25.75 10.0 18.8 0
003504 25.75 10.0 18.8 0
003534 25.75 10.0 18.8 0
003605 25.75 10.0 18.8 0
003635 25.75 10.0 18.8 0
003706 25.75 10.0 18.8 0
003737 25.75 10.0 18.8 0
003807 25.75 10.0 18.8 0
003837 25.75 10.0 18.8 0
003907 25.75 10.0 18.8 0
003938 25.75 10.0 18.8 0
004008 25.75 10.0 18.8 0
004038 25.75 10.0 18.8 0
004108 25.75 10.0 18.8 0
004139 25.75 10.0 18.8 0
004209 25.75 10.0 18.8 0
004239 25.75 10.0 18.8 0
004310 25.75 10.0 18.8 0
004340 25.75 10.0 18.8 0
004410 25.75 10.0 18.8 0
004440 25.75 10.0 18.8 0
004510 25.75 10.0 18.8 0
004541 25.75 10.0 18.8 0
004611 25.75 10.0 18.8 0
004642 25.75 10.0 18.8 0
004712 25.75 10.0 18.8 0
004742 25.687 10.0 18.8 0
004813 25.687 10.0 18.8 0
004843 25.687 10.0 18.8 0
004913 25.687 10.0 18.8 0
004943 25.687 10.0 18.8 0
005014 25.687 10.0 18.8 0
005044 25.687 10.0 18.8 0
005114 25.687 10.0 18.8 0
005144 25.687 10.0 18.8 0
005215 25.687 10.0 18.8 0
005245 25.687 10.0 18.8 0
005316 25.687 10.0 18.8 0
005346 25.687 10.0 18.8 0
005416 25.687 10.0 18.8 0
005446 25.687 10.0 18.8 0
005516 25.687 10.0 18.8 0
005547 25.687 10.0 18.8 0
005617 25.687 10.0 18.8 0
005647 25.687 10.0 18.8 0
005717 25.687 10.0 18.8 0
005747 25.687 10.0 18.8 0
005818 25.687 10.0 18.8 0
005848 25.687 10.0 18.8 0
005918 25.687 10.0 18.8 0
005949 25.687 10.0 18.8 0
010019 25.625 10.0 18.8 0
010049 25.625 10.0 18.8 0
010119 25.625 10.0 18.8 0
010150 25.625 10.0 18.8 0
010220 25.625 10.0 18.8 0
010250 25.625 10.0 18.8 0
010320 25.625 10.0 18.8 0
010351 25.625 10.0 18.8 0
010421 25.625 10.0 18.8 0
010451 25.625 10.0 18.8 0
010522 25.625 10.0 18.8 0
010552 25.625 10.0 18.8 0
010623 25.625 10.0 18.8 0
010653 25.625 10.0 18.8 0
010723 25.625 10.0 18.8 0
010754 25.625 10.0 18.8 0
010825 25.625 10.0 18.862 0
010856 25.625 10.0 18.8 0
010926 25.625 10.0 18.8 0
010956 25.625 10.0 18.8 0
011026 25.625 10.0 18.8 0
011056 25.625 10.0 18.8 0
011127 25.625 10.0 18.8 0
011157 25.625 10.0 18.8 0
011227 25.625 10.0 18.8 0
011258 25.625 10.0 18.8 0
011328 25.625 10.0 18.8 0
011358 25.625 10.0 18.862 0
011428 25.625 10.0 18.862 0
011459 25.625 10.0 18.8 0
011529 25.625 10.0 18.8 0
011559 25.625 10.0 18.8 0
011630 25.625 10.0 18.8 0
011700 25.625 10.0 18.8 0
011731 25.625 10.0 18.8 0
011802 25.625 10.0 18.862 0
011832 25.625 10.0 18.8 0
011902 25.625 10.0 18.862 0
011933 25.625 10.0 18.8 0
012003 25.625 10.0 18.8 0
012033 25.625 10.0 18.8 0
012103 25.625 10.0 18.8 0
012134 25.625 10.0 18.8 0
012204 25.625 10.0 18.8 0
012234 25.625 10.0 18.8 0
012305 25.625 10.0 18.8 0
012335 25.625 10.0 18.8 0
012405 25.625 10.0 18.8 0
012436 25.625 10.0 18.862 0
012506 25.625 10.0 18.8 0
012536 25.562 10.0 18.8 0
012606 25.562 10.0 18.8 0
012637 25.562 10.0 18.862 0
012707 25.562 10.0 18.8 0
012737 25.562 10.0 18.8 0
012808 25.562 10.0 18.8 0
012838 25.562 10.0 18.8 0
012908 25.562 10.0 18.862 0
012939 25.562 10.0 18.862 0
013009 25.562 10.0 18.862 0
013040 25.562 10.0 18.8 0
013111 25.562 10.0 18.8 0
013141 25.562 10.0 18.862 0
013211 25.562 10.0 18.862 0
013243 25.562 10.0 18.8 0
013314 25.562 10.0 18.862 0
013344 25.562 10.0 18.8 0
013414 25.562 10.0 18.862 0
013444 25.562 10.0 18.8 0
013514 25.562 10.0 18.8 0
013545 25.562 10.0 18.862 0
013615 25.562 10.0 18.862 0
013645 25.562 10.0 18.862 0
013715 25.562 10.0 18.8 0
013746 25.562 10.0 18.862 0
013816 25.562 10.0 18.862 0
013846 25.562 10.0 18.8 0
013917 25.562 10.0 18.862 0
013947 25.562 10.0 18.862 0
014017 25.562 10.0 18.862 0
014047 25.562 10.0 18.862 0
014118 25.562 10.0 18.862 0
014148 25.562 10.0 18.8 0
014218 25.562 10.0 18.862 0
014249 25.562 10.0 18.862 0
014319 25.562 10.0 18.862 0
014349 25.562 10.0 18.8 0
014419 25.562 10.0 18.862 0
014450 25.562 10.0 18.8 0
014520 25.562 10.0 18.862 0
014550 25.562 10.0 18.862 0
014620 25.562 10.0 18.862 0
014651 25.562 10.0 18.862 0
014722 25.562 10.0 18.862 0
014752 25.562 10.0 18.8 0
014823 25.562 10.0 18.8 0
014853 25.562 10.0 18.862 0
014923 25.562 10.0 18.862 0
014954 25.562 10.0 18.862 0
015024 25.562 10.0 18.862 0
015055 25.562 10.0 18.862 0
015125 25.562 10.0 18.862 0
015155 25.562 10.0 18.862 0
015225 25.562 10.0 18.862 0
015255 25.562 10.0 18.862 0
015326 25.562 10.0 18.862 0
015356 25.562 10.0 18.862 0
015426 25.562 10.0 18.8 0
015456 25.562 10.0 18.862 0
015527 25.562 10.0 18.862 0
015557 25.562 10.0 18.862 0
015627 25.562 10.0 18.862 0
015658 25.562 10.0 18.862 0
015728 25.562 10.0 18.862 0
015759 25.562 10.0 18.862 0
015829 25.562 10.0 18.862 0
015859 25.562 10.0 18.862 0
015929 25.562 10.0 18.862 0
015959 25.562 10.0 18.862 0
020030 25.562 10.0 18.862 0
020100 25.562 10.0 18.862 0
020130 25.562 10.0 18.862 0
020201 25.562 10.0 18.862 0
020231 25.562 10.0 18.862 0
020302 25.562 10.0 18.862 0
020332 25.562 10.0 18.862 0
020402 25.562 10.0 18.862 0
020432 25.562 10.0 18.862 0
020502 25.562 10.0 18.862 0
020533 25.562 10.0 18.862 0
020603 25.562 10.0 18.862 0
020633 25.562 10.0 18.862 0
020704 25.562 10.0 18.862 0
020734 25.562 10.0 18.862 0
020804 25.562 10.0 18.862 0
020834 25.562 10.0 18.862 0
020905 25.562 10.0 18.862 0
020935 25.562 10.0 18.862 0
021005 25.562 10.0 18.862 0
021035 25.562 10.0 18.862 0
021105 25.562 10.0 18.862 0
021136 25.562 10.0 18.862 0
021206 25.562 10.0 18.862 0
021236 25.562 10.0 18.862 0
021307 25.5 10.0 18.862 0
021337 25.5 10.0 18.862 0
021407 25.5 10.0 18.862 0
021437 25.5 10.0 18.862 0
021508 25.5 10.0 18.862 0
021538 25.562 10.0 18.862 0
021608 25.562 10.0 18.862 0
021639 25.562 10.0 18.862 0
021709 25.562 10.0 18.862 0
021739 25.562 10.0 18.862 0
021809 25.5 10.0 18.862 0
021840 25.5 10.0 18.862 0
021910 25.5 10.0 18.862 0
021940 25.5 10.0 18.862 0
022011 25.5 10.0 18.862 0
022041 25.562 10.0 18.862 0
022111 25.562 10.0 18.862 0
022142 25.562 10.0 18.862 0
022212 25.562 10.0 18.862 0
022242 25.562 10.0 18.862 0
022313 25.562 10.0 18.862 0
022343 25.562 10.0 18.862 0
022413 25.562 10.0 18.862 0
022443 25.562 10.0 18.862 0
022514 25.562 10.0 18.862 0
022544 25.5 10.0 18.862 0
022614 25.5 10.0 18.862 0
022644 25.5 10.0 18.862 0
022715 25.5 10.0 18.862 0
022745 25.5 10.0 18.862 0
022815 25.562 10.0 18.862 0
022846 25.562 10.0 18.862 0
022916 25.562 10.0 18.862 0
022946 25.562 10.0 18.862 0
023017 25.562 10.0 18.862 0
023047 25.5 10.0 18.862 0
023117 25.5 10.0 18.862 0
023148 25.5 10.0 18.862 0
023218 25.5 10.0 18.862 0
023249 25.5 10.0 18.862 0
023319 25.5 10.0 18.862 0
023350 25.5 10.0 18.862 0
023420 25.5 10.0 18.862 0
023450 25.5 10.0 18.862 0
023520 25.5 10.0 18.862 0
023550 25.5 10.0 18.862 0
023621 25.5 10.0 18.862 0
023651 25.5 10.0 18.862 0
023722 25.5 10.0 18.862 0
023754 25.5 10.0 18.862 0
023824 25.5 10.0 18.862 0
023855 25.5 10.0 18.862 0
023925 25.5 10.0 18.862 0
023956 25.5 10.0 18.862 0
024026 25.5 10.0 18.862 0
024057 25.5 10.0 18.862 0
024128 25.5 10.0 18.862 0
024158 25.5 10.0 18.862 0
024229 25.5 10.0 18.862 0
024300 25.5 10.0 18.862 0
024330 25.5 10.0 18.862 0
024400 25.5 10.0 18.862 0
024430 25.5 10.0 18.862 0
024500 25.5 10.0 18.862 0
024531 25.5 10.0 18.862 0
024601 25.5 10.0 18.862 0
024631 25.5 10.0 18.862 0
024702 25.5 10.0 18.862 0
024732 25.5 10.0 18.862 0
024802 25.5 10.0 18.862 0
024833 25.5 10.0 18.862 0
024903 25.5 10.0 18.862 0
024934 25.5 10.0 18.862 0
025004 25.5 10.0 18.862 0
025034 25.5 10.0 18.862 0
025104 25.5 10.0 18.862 0
025134 25.5 10.0 18.862 0
025204 25.5 10.0 18.862 0
025235 25.5 10.0 18.862 0
025305 25.5 10.0 18.862 0
025335 25.5 10.0 18.862 0
025405 25.5 10.0 18.862 0
025436 25.5 10.0 18.862 0
025506 25.5 10.0 18.862 0
025537 25.5 10.0 18.862 0
025607 25.5 10.0 18.862 0
025637 25.5 10.0 18.862 0
025707 25.5 10.0 18.862 0
025737 25.5 10.0 18.862 0
025808 25.437 10.0 18.862 0
025838 25.437 10.0 18.862 0
025908 25.437 10.0 18.862 0
025939 25.437 10.0 18.862 0
030009 25.437 10.0 18.862 0
030040 25.5 10.0 18.862 0
030110 25.5 10.0 18.862 0
030140 25.5 10.0 18.862 0
030210 25.5 10.0 18.862 0
030241 25.5 10.0 18.862 0
030311 25.5 10.0 18.862 0
030341 25.5 10.0 18.862 0
030411 25.5 10.0 18.862 0
030442 25.5 10.0 18.862 0
030512 25.5 10.0 18.862 0
030542 25.5 10.0 18.862 0
030612 25.5 10.0 18.862 0
030643 25.5 10.0 18.862 0
030713 25.5 10.0 18.862 0
030743 25.5 10.0 18.862 0
030813 25.5 10.0 18.862 0
030843 25.5 10.0 18.862 0
030914 25.5 10.0 18.862 0
030944 25.5 10.0 18.862 0
031014 25.5 10.0 18.862 0
031045 25.437 10.0 18.862 0
031115 25.437 10.0 18.862 0
031146 25.437 10.0 18.862 0
031216 25.437 10.0 18.862 0
031246 25.437 10.0 18.862 0
031316 25.5 10.0 18.862 0
031346 25.5 10.0 18.862 0
031417 25.5 10.0 18.862 0
031447 25.5 10.0 18.862 0
031517 25.5 10.0 18.862 0
031547 25.437 10.0 18.862 0
031618 25.437 10.0 18.862 0
031648 25.437 10.0 18.862 0
031719 25.437 10.0 18.862 0
031749 25.437 10.0 18.862 0
031820 25.437 10.0 18.862 0
031850 25.437 10.0 18.862 0
031921 25.437 10.0 18.862 0
031951 25.437 10.0 18.862 0
032021 25.437 10.0 18.862 0
032052 25.437 10.0 18.862 0
032122 25.437 10.0 18.862 0
032152 25.437 10.0 18.862 0
032223 25.437 10.0 18.862 0
032253 25.437 10.0 18.862 0
032323 25.437 10.0 18.862 0
032353 25.437 10.0 18.862 0
032424 25.437 10.0 18.862 0
032454 25.437 10.0 18.862 0
032525 25.437 10.0 18.862 0
032555 25.437 10.0 18.862 0
032625 25.437 10.0 18.862 0
032655 25.437 10.0 18.862 0
032726 25.437 10.0 18.862 0
032756 25.437 10.0 18.862 0
032826 25.437 10.0 18.862 0
032856 25.437 10.0 18.862 0
032927 25.437 10.0 18.862 0
032957 25.437 10.0 18.862 0
033027 25.437 10.0 18.862 0
033058 25.437 10.0 18.862 0
033128 25.437 10.0 18.862 0
033159 25.437 10.0 18.862 0
033229 25.437 10.0 18.862 0
033301 25.437 10.0 18.862 0
033331 25.437 10.0 18.862 0
033401 25.437 10.0 18.862 0
033432 25.437 10.0 18.862 0
033502 25.437 10.0 18.862 0
033532 25.437 10.0 18.862 0
033603 25.437 10.0 18.862 0
033633 25.437 10.0 18.862 0
033703 25.437 10.0 18.862 0
033733 25.437 10.0 18.862 0
033803 25.437 10.0 18.862 0
033834 25.437 10.0 18.862 0
033904 25.437 10.0 18.862 0
033935 25.437 10.0 18.862 0
034005 25.437 10.0 18.862 0
034035 25.437 10.0 18.862 0
034105 25.437 10.0 18.862 0
034136 25.437 10.0 18.862 0
034206 25.437 10.0 18.862 0
034237 25.437 10.0 18.862 0
034307 25.437 10.0 18.862 0
034337 25.437 10.0 18.862 0
034407 25.437 10.0 18.862 0
034438 25.437 10.0 18.862 0
034508 25.437 10.0 18.862 0
034538 25.437 10.0 18.862 0
034609 25.437 10.0 18.862 0
034639 25.437 10.0 18.862 0
034710 25.437 10.0 18.862 0
034740 25.437 10.0 18.862 0
034810 25.437 10.0 18.862 0
034840 25.437 10.0 18.862 0
034911 25.437 10.0 18.862 0
034941 25.437 10.0 18.862 0
035012 25.437 10.0 18.862 0
035042 25.437 10.0 18.862 0
035113 25.437 10.0 18.862 0
035143 25.437 10.0 18.862 0
035214 25.437 10.0 18.862 0
035244 25.437 10.0 18.862 0
035314 25.437 10.0 18.862 0
035344 25.437 10.0 18.862 0
035414 25.437 10.0 18.862 0
035444 25.437 10.0 18.862 0
035514 25.437 10.0 18.862 0
035545 25.375 10.0 18.862 0
035615 25.375 10.0 18.862 0
035645 25.375 10.0 18.862 0
035716 25.375 10.0 18.862 0
035746 25.375 10.0 18.862 0
035816 25.437 10.0 18.862 0
035846 25.437 10.0 18.862 0
035917 25.437 10.0 18.862 0
035947 25.437 10.0 18.862 0
040018 25.437 10.0 18.862 0
040048 25.375 10.0 18.862 0
040118 25.375 10.0 18.862 0
040148 25.375 10.0 18.862 0
040219 25.375 10.0 18.862 0
040249 25.375 10.0 18.862 0
040319 25.437 10.0 18.862 0
040350 25.437 10.0 18.862 0
040420 25.437 10.0 18.862 0
040451 25.437 10.0 18.862 0
040521 25.437 10.0 18.862 0
040551 25.375 10.0 18.862 0
040621 25.375 10.0 18.862 0
040652 25.375 10.0 18.862 0
040722 25.375 10.0 18.862 0
040752 25.375 10.0 18.862 0
040822 25.437 10.0 18.862 0
040853 25.437 10.0 18.862 0
040924 25.437 10.0 18.862 0
040955 25.437 10.0 18.862 0
041025 25.437 10.0 18.862 0
041056 25.375 10.0 18.862 0
041126 25.375 10.0 18.862 0
041156 25.375 10.0 18.862 0
041227 25.375 10.0 18.862 0
041257 25.375 10.0 18.862 0
041327 25.375 10.0 18.862 0
041358 25.375 10.0 18.862 0
041428 25.375 10.0 18.862 0
041458 25.375 10.0 18.862 0
041528 25.375 10.0 18.862 0
041558 25.375 10.0 18.862 0
041629 25.375 10.0 18.862 0
041659 25.375 10.0 18.862 0
041729 25.375 10.0 18.862 0
041800 25.375 10.0 18.862 0
041830 25.375 10.0 18.862 0
041900 25.375 10.0 18.862 0
041931 25.375 10.0 18.862 0
042001 25.375 10.0 18.862 0
042031 25.375 10.0 18.862 0
042101 25.375 10.0 18.862 0
042132 25.375 10.0 18.862 0
042202 25.375 10.0 18.862 0
042232 25.375 10.0 18.862 0
042302 25.375 10.0 18.862 0
042333 25.375 10.0 18.862 0
042403 25.375 10.0 18.862 0
042433 25.375 10.0 18.862 0
042503 25.375 10.0 18.862 0
042534 25.375 10.0 18.862 0
042604 25.375 10.0 18.862 0
042635 25.375 10.0 18.862 0
042705 25.375 10.0 18.862 0
042735 25.375 10.0 18.862 0
042805 25.375 10.0 18.862 0
042835 25.375 10.0 18.862 0
042906 25.375 10.0 18.862 0
042936 25.375 10.0 18.862 0
043007 25.375 10.0 18.862 0
043039 25.375 10.0 18.862 0
043109 25.375 10.0 18.862 0
043140 25.375 10.0 18.862 0
043210 25.375 10.0 18.862 0
043240 25.375 10.0 18.862 0
043310 25.312 10.0 18.862 0
043341 25.312 10.0 18.862 0
043411 25.312 10.0 18.862 0
043441 25.312 10.0 18.862 0
043512 25.312 10.0 18.862 0
043543 25.375 10.0 18.862 0
043613 25.375 10.0 18.862 0
043643 25.375 10.0 18.862 0
043713 25.375 10.0 18.862 0
043744 25.375 10.0 18.862 0
043814 25.312 10.0 18.862 0
043844 25.312 10.0 18.862 0
043914 25.312 10.0 18.862 0
043945 25.312 10.0 18.862 0
044015 25.312 10.0 18.862 0
044045 25.312 10.0 18.862 0
044115 25.312 10.0 18.862 0
044146 25.312 10.0 18.862 0
044217 25.312 10.0 18.862 0
044247 25.312 10.0 18.862 0
044318 25.375 10.0 18.862 0
044348 25.375 10.0 18.862 0
044419 25.375 10.0 18.862 0
044449 25.375 10.0 18.862 0
044519 25.375 10.0 18.862 0
044549 25.375 10.0 18.862 0
044620 25.375 10.0 18.862 0
044650 25.375 10.0 18.862 0
044720 25.375 10.0 18.862 0
044751 25.375 10.0 18.862 0
044821 25.375 10.0 18.862 0
044851 25.375 10.0 18.862 0
044922 25.375 10.0 18.862 0
044952 25.375 10.0 18.862 0
045022 25.375 10.0 18.862 0
045053 25.312 10.0 18.862 0
045123 25.312 10.0 18.862 0
045154 25.312 10.0 18.862 0
045224 25.312 10.0 18.862 0
045254 25.312 10.0 18.862 0
045325 25.375 10.0 18.862 0
045355 25.375 10.0 18.862 0
045425 25.375 10.0 18.862 0
045456 25.375 10.0 18.862 0
045526 25.375 10.0 18.862 0
045556 25.312 10.0 18.862 0
045627 25.312 10.0 18.862 0
045657 25.312 10.0 18.862 0
045727 25.312 10.0 18.862 0
045758 25.312 10.0 18.862 0
045828 25.312 10.0 18.862 0
045858 25.312 10.0 18.862 0
045928 25.312 10.0 18.862 0
045959 25.312 10.0 18.862 0
050029 25.312 10.0 18.862 0
050059 25.312 10.0 18.862 0
050130 25.312 10.0 18.862 0
050200 25.312 10.0 18.862 0
050230 25.312 10.0 18.862 0
050301 25.312 10.0 18.862 0
050331 25.312 10.0 18.862 0
050401 25.312 10.0 18.862 0
050431 25.312 10.0 18.862 0
050502 25.312 10.0 18.862 0
050532 25.312 10.0 18.862 0
050602 25.312 10.0 18.862 0
050632 25.312 10.0 18.862 0
050702 25.312 10.0 18.862 0
050733 25.312 10.0 18.862 0
050803 25.312 10.0 18.862 0
050833 25.312 10.0 18.862 0
050903 25.312 10.0 18.862 0
050934 25.312 10.0 18.862 0
051004 25.312 10.0 18.862 0
051034 25.312 10.0 18.862 0
051104 25.312 10.0 18.862 0
051135 25.312 10.0 18.862 0
051205 25.312 10.0 18.862 0
051235 25.312 10.0 18.862 0
051305 25.312 10.0 18.862 0
051335 25.312 10.0 18.862 0
051406 25.312 10.0 18.862 0
051436 25.312 10.0 18.862 0
051506 25.312 10.0 18.862 0
051536 25.312 10.0 18.862 0
051607 25.312 10.0 18.862 0
051637 25.312 10.0 18.862 0
051707 25.312 10.0 18.862 0
051737 25.312 10.0 18.862 0
051807 25.312 10.0 18.862 0
051837 25.312 10.0 18.862 0
051908 25.312 10.0 18.862 0
051938 25.312 10.0 18.862 0
052008 25.312 10.0 18.862 0
052039 25.312 10.0 18.862 0
052109 25.312 10.0 18.862 0
052139 25.312 10.0 18.862 0
052210 25.312 10.0 18.862 0
052240 25.312 10.0 18.862 0
052311 25.312 10.0 18.862 0
052341 25.312 10.0 18.862 0
052411 25.312 10.0 18.862 0
052442 25.312 10.0 18.862 0
052512 25.312 10.0 18.862 0
052542 25.312 10.0 18.862 0
052612 25.312 10.0 18.862 0
052642 25.312 10.0 18.862 0
052713 25.312 10.0 18.862 0
052744 25.312 10.0 18.862 0
052816 25.312 10.0 18.862 0
052847 25.312 10.0 18.862 0
052918 25.312 10.0 18.862 0
052948 25.312 10.0 18.862 0
053018 25.312 10.0 18.862 0
053048 25.312 10.0 18.862 0
053119 25.312 10.0 18.862 0
053149 25.312 10.0 18.862 0
053219 25.312 10.0 18.862 0
053249 25.312 10.0 18.862 0
053320 25.25 10.0 18.862 0
053351 25.25 10.0 18.862 0
053421 25.25 10.0 18.862 0
053451 25.25 10.0 18.862 0
053522 25.25 10.0 18.862 0
053552 25.312 10.0 18.862 0
053622 25.312 10.0 18.862 0
053653 25.312 10.0 18.862 0
053723 25.312 10.0 18.862 0
053754 25.312 10.0 18.862 0
053824 25.312 10.0 18.862 0
053854 25.312 10.0 18.862 0
053925 25.312 10.0 18.862 0
053955 25.312 10.0 18.862 0
054025 25.312 10.0 18.862 0
054055 25.312 10.0 18.862 0
054125 25.312 10.0 18.862 0
054156 25.312 10.0 18.862 0
054226 25.312 10.0 18.862 0
054256 25.312 10.0 18.862 0
054327 25.25 10.0 18.862 0
054357 25.25 10.0 18.862 0
054427 25.25 10.0 18.862 0
054458 25.25 10.0 18.862 0
054528 25.25 10.0 18.862 0
054558 25.25 10.0 18.862 0
054629 25.25 10.0 18.862 0
054659 25.25 10.0 18.862 0
054729 25.25 10.0 18.862 0
054800 25.25 10.0 18.862 0
054830 25.25 10.0 18.862 0
054901 25.25 10.0 18.862 0
054931 25.25 10.0 18.862 0
055002 25.25 10.0 18.862 0
055032 25.25 10.0 18.862 0
055102 25.25 10.0 18.862 0
055133 25.25 10.0 18.862 0
055203 25.25 10.0 18.862 0
055234 25.25 10.0 18.862 0
055304 25.25 10.0 18.862 0
055334 25.25 10.0 18.862 0
055404 25.25 10.0 18.862 0
055434 25.25 10.0 18.862 0
055505 25.25 10.0 18.862 0
055535 25.25 10.0 18.862 0
055606 25.25 10.0 18.862 0
055636 25.25 10.0 18.862 0
055706 25.25 10.0 18.862 0
055737 25.25 10.0 18.862 0
055807 25.25 10.0 18.862 0
055837 25.25 10.0 18.862 0
055907 25.25 10.0 18.862 0
055938 25.25 10.0 18.862 0
060008 25.25 10.0 18.862 0
060038 25.25 10.0 18.862 0
060108 25.25 10.0 18.862 0
060138 25.25 10.0 18.862 0
060209 25.25 10.0 18.862 0
060239 25.25 10.0 18.862 0
060309 25.25 10.0 18.862 0
060339 25.25 10.0 18.862 0
060410 25.25 10.0 18.862 0
060440 25.25 10.0 18.862 0
060511 25.25 10.0 18.862 0
060542 25.25 10.0 18.862 0
060612 25.25 10.0 18.862 0
060643 25.25 10.0 18.862 0
060714 25.25 10.0 18.862 0
060744 25.25 10.0 18.862 0
060814 25.25 10.0 18.862 0
060844 25.25 10.0 18.862 0
060914 25.25 10.0 18.862 0
060945 25.25 10.0 18.862 0
061015 25.25 10.0 18.862 0
061045 25.25 10.0 18.862 0
061116 25.25 10.0 18.862 0
061146 25.25 10.0 18.862 0
061217 25.25 10.0 18.862 0
061247 25.25 10.0 18.862 0
061317 25.25 10.0 18.862 0
061348 25.25 10.0 18.862 0
061418 25.25 10.0 18.862 0
061449 25.25 10.0 18.862 0
061519 25.25 10.0 18.862 0
061552 25.25 10.0 18.862 0
061622 25.25 10.0 18.862 0
061653 25.25 10.0 18.862 0
061723 25.25 10.0 18.862 0
061754 25.25 10.0 18.862 0
061824 25.187 10.0 18.862 0
061854 25.187 10.0 18.862 0
061924 25.187 10.0 18.862 0
061955 25.187 10.0 18.862 0
062025 25.187 10.0 18.862 0
062055 25.25 10.0 18.862 0
062125 25.25 10.0 18.862 0
062156 25.25 10.0 18.862 0
062226 25.25 10.0 18.862 0
062256 25.25 10.0 18.862 0
062326 25.187 10.0 18.862 0
062356 25.187 10.0 18.862 0
062427 25.187 10.0 18.862 0
062457 25.187 10.0 18.862 0
062527 25.187 10.0 18.862 0
062557 25.187 10.0 18.862 0
062628 25.187 10.0 18.862 0
062658 25.187 10.0 18.862 0
062728 25.187 10.0 18.862 0
062758 25.187 10.0 18.862 0
062828 25.25 10.0 18.862 0
062859 25.25 10.0 18.862 0
062929 25.25 10.0 18.862 0
062959 25.25 10.0 18.862 0
063029 25.25 10.0 18.862 0
063059 25.187 10.0 18.925 0
063129 25.187 10.0 18.862 0
063200 25.187 10.0 18.862 0
063230 25.187 10.0 18.862 0
063300 25.187 10.0 18.862 0
063330 25.187 10.0 18.862 0
063401 25.187 10.0 18.862 0
063431 25.187 10.0 18.862 0
063501 25.187 10.0 18.862 0
063532 25.187 10.0 18.862 0
063602 25.187 10.0 18.862 0
063632 25.187 10.0 18.862 0
063702 25.187 10.0 18.862 0
063732 25.187 10.0 18.862 0
063803 25.187 10.0 18.862 0
063833 25.187 10.0 18.862 0
063903 25.187 10.0 18.862 0
063933 25.187 10.0 18.862 0
064004 25.187 10.0 18.862 0
064034 25.187 10.0 18.862 0
064105 25.187 10.0 18.862 0
064135 25.187 10.0 18.862 0
064205 25.187 10.0 18.862 0
064236 25.187 10.0 18.862 0
064306 25.187 10.0 18.862 0
064336 25.187 10.0 18.862 0
064407 25.187 10.0 18.862 0
064437 25.187 10.0 18.862 0
064507 25.187 10.0 18.862 0
064538 25.187 10.0 18.862 0
064608 25.187 10.0 18.925 0
064639 25.187 10.0 18.862 0
064710 25.187 10.0 18.862 0
064740 25.187 10.0 18.862 0
064811 25.187 10.0 18.925 0
064841 25.187 10.0 18.862 0
064911 25.187 10.0 18.862 0
064942 25.187 10.0 18.862 0
065012 25.187 10.0 18.925 0
065043 25.187 10.0 18.862 0
065113 25.125 10.0 18.862 0
065143 25.125 10.0 18.862 0
065214 25.125 10.0 18.862 0
065244 25.125 10.0 18.862 0
065314 25.125 10.0 18.862 0
065344 25.187 10.0 18.862 0
065414 25.187 10.0 18.862 0
065444 25.187 10.0 18.862 0
065515 25.187 10.0 18.862 0
065545 25.187 10.0 18.862 0
065616 25.187 10.0 18.862 0
065647 25.187 10.0 18.862 0
065717 25.187 10.0 18.862 0
065747 25.187 10.0 18.862 0
065817 25.187 10.0 18.862 0
065848 25.187 10.0 18.925 0
065918 25.187 10.0 18.862 0
065948 25.187 10.0 18.862 0
070018 25.187 10.0 18.925 0
070049 25.187 10.0 18.862 0
070119 25.187 10.0 18.862 0
070149 25.187 10.0 18.862 0
070220 25.187 10.0 18.862 0
070250 25.187 10.0 18.925 0
070320 25.187 10.0 18.862 0
070350 25.187 10.0 18.925 0
070421 25.187 10.0 18.862 0
070451 25.187 10.0 18.862 0
070521 25.187 10.0 18.862 0
070551 25.187 10.0 18.862 0
070622 25.187 10.0 18.862 0
070652 25.187 10.0 18.925 0
070722 25.187 10.0 18.862 0
070752 25.187 10.0 18.862 0
070823 25.187 10.0 18.862 0
070853 25.187 10.0 18.862 0
070924 25.187 10.0 18.862 0
070954 25.187 10.0 18.925 0
071025 25.187 10.0 18.925 0
071055 25.187 10.0 18.862 0
071125 25.125 10.0 18.925 0
071156 25.125 10.0 18.925 0
071226 25.125 10.0 18.925 0
071256 25.125 10.0 18.925 0
071329 25.125 10.0 18.925 0
071359 25.125 10.0 18.925 0
071429 25.125 10.0 18.862 0
071500 25.125 10.0 18.925 0
071530 25.125 10.0 18.925 0
071600 25.187 10.0 18.925 0
071631 25.187 10.0 18.925 0
071701 25.187 10.0 18.862 0
071732 25.187 10.0 18.862 0
071802 25.187 10.0 18.925 0
071832 25.187 10.0 18.925 0
071903 25.187 10.0 18.925 0
071933 25.187 10.0 18.862 0
072003 25.187 10.0 18.925 0
072033 25.187 10.0 18.862 0
072104 25.187 10.0 18.862 0
072134 25.187 10.0 18.862 0
072204 25.187 10.0 18.862 0
072235 25.187 10.0 18.862 0
072306 25.187 10.0 18.862 0
072336 25.187 10.0 18.925 0
072406 25.187 10.0 18.862 0
072436 25.187 10.0 18.925 0
072507 25.187 10.0 18.925 0
072538 25.187 10.0 18.862 0
072608 25.125 10.0 18.862 0
072638 25.125 10.0 18.862 0
072708 25.125 10.0 18.862 0
072738 25.125 10.0 18.862 0
072808 25.125 10.0 18.862 0
072839 25.062 10.0 18.862 0
072909 25.062 10.0 18.925 0
072939 25.062 10.0 18.925 0
073009 25.062 10.0 18.925 0
073039 25.062 10.0 18.862 0
073110 25.062 10.0 18.925 0
073140 25.062 10.0 18.862 0
073210 25.062 10.0 18.925 0
073240 25.062 10.0 18.925 0
073311 25.062 10.0 18.925 0
073341 25.062 10.0 18.925 0
073411 25.062 10.0 18.862 0
073441 25.062 10.0 18.925 0
073511 25.062 10.0 18.925 0
073542 25.062 10.0 18.925 0
073612 25.062 10.0 18.862 0
073642 25.062 10.0 18.925 0
073713 25.062 10.0 18.925 0
073743 25.062 10.0 18.925 0
073813 25.062 10.0 18.925 0
073843 25.062 10.0 18.925 0
073914 25.062 10.0 18.925 0
073945 25.062 10.0 18.925 0
074015 25.062 10.0 18.925 0
074046 25.062 10.0 18.925 0
074116 25.062 10.0 18.862 0
074147 25.062 10.0 18.925 0
074217 25.062 10.0 18.925 0
074247 25.062 10.0 18.925 0
074317 25.062 10.0 18.925 0
074348 25.062 10.0 18.925 0
074418 25.062 10.0 18.925 0
074448 25.062 10.0 18.925 0
074518 25.062 10.0 18.925 0
074549 25.062 10.0 18.925 0
074619 25.062 10.0 18.862 0
074650 25.062 10.0 18.925 0
074720 25.062 10.0 18.925 0
074750 25.062 10.0 18.925 0
074821 25.062 10.0 18.925 0
074851 25.062 10.0 18.925 0
074921 25.062 10.0 18.925 0
074952 25.062 10.0 18.925 0
075022 25.062 10.0 18.925 0
075052 25.062 10.0 18.925 0
075123 25.062 10.0 18.925 0
075153 25.062 10.0 18.925 0
075223 25.062 10.0 18.925 0
075253 25.062 10.0 18.925 0
075324 25.062 10.0 18.925 0
075354 25.062 10.0 18.925 0
075424 25.062 10.0 18.925 0
075455 25.062 10.0 18.925 0
075525 25.062 10.0 18.925 0
075555 25.062 10.0 18.925 0
075626 25.062 10.0 18.925 0
075657 25.062 10.0 18.925 0
075727 25.062 10.0 18.925 0
075757 25.062 10.0 18.925 0
075828 25.062 10.0 18.925 0
075858 25.062 10.0 18.925 0
075928 25.062 10.0 18.925 0
075958 25.062 10.0 18.925 0
080029 25.062 10.0 18.925 0
080059 25.062 10.0 18.925 0
080129 25.062 10.0 18.925 0
080159 25.062 10.0 18.925 0
080229 25.062 10.0 18.925 0
080300 25.062 10.0 18.925 0
080330 25.062 10.0 18.925 0
080401 25.062 10.0 18.925 0
080431 25.062 10.0 18.925 0
080501 25.062 10.0 18.925 0
080532 25.062 10.0 18.925 0
080602 25.062 10.0 18.925 0
080632 25.062 10.0 18.925 0
080703 25.062 10.0 18.925 0
080733 25.062 10.0 18.925 0
080803 25.062 10.0 18.925 0
080833 25.062 10.0 18.925 0
080904 25.0 10.0 18.925 0
080934 25.0 10.0 18.925 0
081004 25.0 10.0 18.925 0
081035 25.0 10.0 18.925 0
081107 25.0 10.0 18.925 0
081137 25.0 10.0 18.925 0
081208 25.0 10.0 18.925 0
081238 25.0 10.0 18.925 0
081308 25.0 10.0 18.925 0
081338 25.0 10.0 18.925 0
081409 25.0 10.0 18.925 0
081439 25.0 10.0 18.925 0
081509 25.0 10.0 18.925 0
081540 25.0 10.0 18.925 0
081610 25.062 10.0 18.925 0
081640 25.062 10.0 18.925 0
081710 25.062 10.0 18.925 0
081741 25.062 10.0 18.925 0
081812 25.062 10.0 18.925 0
081842 25.062 10.0 18.925 0
081912 25.062 10.0 18.925 0
081942 25.062 10.0 18.925 0
082012 25.062 10.0 18.925 0
082043 25.062 10.0 18.925 0
082113 25.0 10.0 18.925 0
082144 25.0 10.0 18.925 0
082214 25.0 10.0 18.925 0
082244 25.0 10.0 18.925 0
082315 25.0 10.0 18.925 0
082345 25.062 10.0 18.925 0
082415 25.062 10.0 18.925 0
082446 25.062 10.0 18.925 0
082516 25.062 10.0 18.925 0
082547 25.062 10.0 18.925 0
082617 25.062 10.0 18.925 0
082647 25.062 10.0 18.925 0
082717 25.062 10.0 18.925 0
082748 25.062 10.0 18.925 0
082819 25.062 10.0 18.925 0
082849 25.0 10.0 18.925 0
082919 25.0 10.0 18.925 0
082949 25.0 10.0 18.925 0
083019 25.0 10.0 18.925 0
083050 25.0 10.0 18.925 0
083120 25.0 10.0 18.925 0
083150 25.0 10.0 18.925 0
083220 25.0 10.0 18.925 0
083251 25.0 10.0 18.925 0
083321 25.0 10.0 18.925 0
083352 25.0 10.0 18.925 0
083423 25.0 10.0 18.925 0
083453 25.0 10.0 18.925 0
083523 25.0 10.0 18.925 0
083553 25.0 10.0 18.925 0
083624 25.0 10.0 18.925 0
083654 25.0 10.0 18.925 0
083724 25.0 10.0 18.925 0
083755 25.0 10.0 18.925 0
083825 25.0 10.0 18.925 0
083855 25.0 10.0 18.925 0
083925 25.0 10.0 18.925 0
083956 25.0 10.0 18.925 0
084027 25.0 10.0 18.925 0
084057 25.0 10.0 18.925 0
084127 25.0 10.0 18.925 0
084158 25.0 10.0 18.925 0
084228 25.0 10.0 18.925 0
084258 25.0 10.0 18.925 0
084328 25.0 10.0 18.925 0
084359 24.937 10.0 18.925 0
084429 24.937 10.0 18.925 0
084500 24.937 10.0 18.925 0
084530 24.937 10.0 18.925 0
084600 24.937 10.0 18.925 0
084630 24.937 10.0 18.925 0
084701 24.937 10.0 18.925 0
084731 24.937 10.0 18.925 0
084801 24.937 10.0 18.925 0
084831 24.937 10.0 18.925 0
084902 24.937 10.0 18.925 0
084932 24.937 10.0 18.925 0
085003 24.937 10.0 18.925 0
085033 24.937 10.0 18.925 0
085103 24.937 10.0 18.925 0
085134 24.937 10.0 18.925 0
085205 24.937 10.0 18.925 0
085235 24.937 10.0 18.925 0
085305 24.937 10.0 18.925 0
085335 24.937 10.0 18.925 0
085406 25.0 10.0 18.925 0
085436 25.0 10.0 18.925 0
085506 25.0 10.0 18.925 0
085537 25.0 10.0 18.925 0
085607 25.0 10.0 18.925 0
085638 25.0 10.0 18.925 0
085708 25.0 10.0 18.925 0
085738 25.0 10.0 18.925 0
085808 25.0 10.0 18.925 0
085839 25.0 10.0 18.925 0
085909 25.0 10.0 18.925 0
085940 25.0 10.0 18.925 0
090010 25.0 10.0 18.925 0
090040 25.0 10.0 18.925 0
090111 25.0 10.0 18.925 0
090142 24.937 10.0 18.925 0
090212 24.937 10.0 18.925 0
090242 24.937 10.0 18.925 0
090312 24.937 10.0 18.925 0
090345 24.937 10.0 18.925 0
090415 24.937 10.0 18.925 0
090446 24.937 10.0 18.925 0
090516 24.937 10.0 18.925 0
090546 24.937 10.0 18.925 0
090616 24.937 10.0 18.925 0
090646 24.937 10.0 18.925 0
090717 24.937 10.0 18.925 0
090748 24.937 10.0 18.925 0
090818 24.937 10.0 18.925 0
090849 24.937 10.0 18.925 0
090919 24.937 10.0 18.925 0
090949 24.937 10.0 18.925 0
091019 24.937 10.0 18.925 0
091050 24.937 10.0 18.925 0
091120 24.937 10.0 18.925 0
091150 24.937 10.0 18.925 0
091221 24.937 10.0 18.925 0
091251 24.937 10.0 18.925 0
091321 24.937 10.0 18.925 0
091351 24.937 10.0 18.925 0
091421 24.937 10.0 18.925 0
091452 24.937 10.0 18.925 0
091522 24.937 10.0 18.925 0
091553 24.937 10.0 18.925 0
091623 24.937 10.0 18.925 0
091653 24.937 10.0 18.925 0
091723 24.937 10.0 18.925 0
091753 24.937 10.0 18.925 0
091824 24.937 10.0 18.925 0
091854 24.937 10.0 18.925 0
091924 24.937 10.0 18.925 0
091954 24.937 10.0 18.925 0
092025 24.937 10.0 18.925 0
092055 24.937 10.0 18.925 0
092126 25.0 10.0 18.925 0
092156 25.0 10.0 18.925 0
092226 25.0 10.0 18.925 0
092256 25.0 10.0 18.925 0
092327 25.0 10.0 18.925 0
092357 25.062 10.0 18.925 0
092428 25.062 10.0 18.925 0
092458 25.062 10.0 18.925 0
092529 25.062 10.0 18.925 0
092559 25.062 10.0 18.925 0
092629 25.125 10.0 18.925 0
092700 25.125 10.0 18.925 0
092730 25.125 10.0 18.925 0
092800 25.125 10.0 18.925 0
092830 25.125 10.0 18.925 0
092900 25.187 10.0 18.925 0
092930 25.187 10.0 18.925 0
093001 25.187 10.0 18.925 0
093031 25.187 10.0 18.925 0
093102 25.187 10.0 18.925 0
093132 25.187 10.0 18.925 0
093203 25.187 10.0 18.925 0
093233 25.187 10.0 18.925 0
093303 25.187 10.0 18.925 0
093333 25.187 10.0 18.925 0
093403 25.187 10.0 18.925 0
093434 25.187 10.0 18.925 0
093504 25.187 10.0 18.925 0
093534 25.187 10.0 18.925 0
093605 25.187 10.0 18.925 0
093635 25.25 10.0 18.925 0
093705 25.25 10.0 18.925 0
093736 25.25 10.0 18.925 0
093806 25.25 10.0 18.925 0
093836 25.25 10.0 18.925 0
093907 25.25 10.0 18.925 0
093937 25.25 10.0 18.925 0
094007 25.25 10.0 18.925 0
094037 25.25 10.0 18.925 0
094107 25.25 10.0 18.925 0
094138 25.25 10.0 18.925 0
094208 25.25 10.0 18.925 0
094238 25.25 10.0 18.925 0
094308 25.25 10.0 18.925 0
094339 25.25 10.0 18.925 0
094409 25.25 10.0 18.925 0
094439 25.25 10.0 18.925 0
094509 25.25 10.0 18.925 0
094540 25.25 10.0 18.925 0
094610 25.25 10.0 18.925 0
094640 25.25 10.0 18.925 0
094711 25.25 10.0 18.925 0
094741 25.25 10.0 18.925 0
094812 25.25 10.0 18.925 0
094842 25.25 10.0 18.925 0
094912 25.312 10.0 18.925 0
094943 25.312 10.0 18.925 0
095013 25.312 10.0 18.925 0
095043 25.312 10.0 18.925 0
095113 25.312 10.0 18.925 0
095144 25.25 10.0 18.925 0
095214 25.25 10.0 18.925 0
095244 25.25 10.0 18.925 0
095314 25.25 10.0 18.925 0
095345 25.25 10.0 18.925 0
095415 25.312 10.0 18.925 0
095446 25.312 10.0 18.925 0
095516 25.312 10.0 18.925 0
095546 25.312 10.0 18.925 0
095616 25.312 10.0 18.925 0
095647 25.312 10.0 18.925 0
095717 25.312 10.0 18.925 0
095747 25.312 10.0 18.925 0
095817 25.312 10.0 18.925 0
095847 25.312 10.0 18.925 0
095918 25.312 10.0 18.925 0
095948 25.312 10.0 18.925 0
100018 25.312 10.0 18.925 0
100048 25.312 10.0 18.925 0
100118 25.312 10.0 18.925 0
100149 25.312 10.0 18.925 0
100219 25.312 10.0 18.925 0
100250 25.312 10.0 18.925 0
100320 25.312 10.0 18.925 0
100350 25.312 10.0 18.925 0
100421 25.25 10.0 18.925 0
100451 25.25 10.0 18.925 0
100521 25.25 10.0 18.925 0
100551 25.25 10.0 18.925 0
100622 25.25 10.0 18.925 0
100652 25.187 10.0 18.925 0
100723 25.187 10.0 18.925 0
100753 25.187 10.0 18.925 0
100823 25.187 10.0 18.925 0
100855 25.187 10.0 18.925 0
100926 25.187 10.0 18.925 0
100956 25.187 10.0 18.925 0
101027 25.187 10.0 18.925 0
101057 25.187 10.0 18.925 0
101127 25.187 10.0 18.925 0
101157 25.187 10.0 18.925 0
101228 25.187 10.0 18.925 0
101258 25.187 10.0 18.925 0
101328 25.187 10.0 18.925 0
101358 25.187 10.0 18.925 0
101429 25.187 10.0 18.925 0
101459 25.187 10.0 18.925 0
101529 25.187 10.0 18.925 0
101559 25.187 10.0 18.925 0
101629 25.187 10.0 18.925 0
101700 25.187 10.0 18.925 0
101730 25.187 10.0 18.925 0
101800 25.187 10.0 18.925 0
101830 25.187 10.0 18.925 0
101900 25.25 10.0 18.925 0
101931 25.25 10.0 18.925 0
102001 25.25 10.0 18.925 0
102031 25.25 10.0 18.925 0
102102 25.25 10.0 18.925 0
102132 25.187 10.0 18.925 0
102203 25.187 10.0 18.925 0
102233 25.187 10.0 18.925 0
102303 25.187 10.0 18.925 0
102333 25.187 10.0 18.925 0
102403 25.187 10.0 18.925 0
102434 25.187 10.0 18.925 0
102504 25.187 10.0 18.925 0
102534 25.187 10.0 18.925 0
102604 25.187 10.0 18.925 0
102635 25.25 10.0 18.925 0
102705 25.25 10.0 18.925 0
102736 25.25 10.0 18.925 0
102806 25.25 10.0 18.925 0
102836 25.25 10.0 18.925 0
102907 25.187 10.0 18.925 0
102937 25.187 10.0 18.925 0
103008 25.187 10.0 18.925 0
103038 25.187 10.0 18.925 0
103109 25.187 10.0 18.925 0
103139 25.187 10.0 18.925 0
103209 25.187 10.0 18.925 0
103239 25.187 10.0 18.925 0
103310 25.187 10.0 18.925 0
103340 25.187 10.0 18.925 0
103410 25.187 10.0 18.925 0
103440 25.187 10.0 18.925 0
103511 25.187 10.0 18.925 0
103541 25.187 10.0 18.925 0
103612 25.187 10.0 18.925 0
103642 25.187 10.0 18.925 0
103712 25.187 10.0 18.925 0
103743 25.187 10.0 18.925 0
103813 25.187 10.0 18.925 0
103843 25.187 10.0 18.925 0
103913 25.125 10.0 18.925 0
103944 25.125 10.0 18.925 0
104014 25.125 10.0 18.925 0
104044 25.125 10.0 18.925 0
104115 25.125 10.0 18.925 0
104145 25.125 10.0 18.925 0
104215 25.125 10.0 18.925 0
104246 25.125 10.0 18.925 0
104316 25.125 10.0 18.925 0
104346 25.125 10.0 18.925 0
104417 25.187 10.0 18.925 0
104447 25.187 10.0 18.925 0
104517 25.187 10.0 18.925 0
104548 25.187 10.0 18.925 0
104618 25.187 10.0 18.925 0
104648 25.187 10.0 18.925 0
104718 25.187 10.0 18.925 0
104748 25.187 10.0 18.925 0
104819 25.187 10.0 18.925 0
104849 25.187 10.0 18.925 0
104920 25.18 10.0 18.925 0
104950 25.18 10.0 18.925 0
105020 25.18 10.0 18.925 0
105050 25.18 10.0 18.925 0
105121 25.18 10.0 18.925 0
105152 25.18 10.0 18.925 0
105222 25.18 10.0 18.925 0
105252 25.18 10.0 18.925 0
105322 25.18 10.0 18.925 0
105353 25.18 10.0 18.925 0
105423 25.18 10.0 18.925 0
105453 25.18 10.0 18.925 0
105524 25.18 10.0 18.925 0
105554 25.18 10.0 18.925 0
105624 25.18 10.0 18.925 0
105655 25.18 10.0 18.925 0
105725 25.18 10.0 18.925 0
105755 25.18 10.0 18.925 0
105825 25.18 10.0 18.925 0
105855 25.18 10.0 18.925 0
105926 25.18 10.0 18.925 0
105956 25.18 10.0 18.925 0
110026 25.18 10.0 18.925 0
110057 25.18 10.0 18.925 0
110127 25.18 10.0 18.925 0
110157 25.18 10.0 18.925 0
110227 25.18 10.0 18.925 0
110258 25.18 10.0 18.925 0
110328 25.18 10.0 18.925 0
110359 25.18 10.0 18.925 0
110429 25.18 10.0 18.925 0
110459 25.18 10.0 18.925 0
110529 25.18 10.0 18.925 0
110600 25.18 10.0 18.925 0
110630 25.18 10.0 18.925 0
110700 25.18 10.0 18.925 0
110731 25.18 10.0 18.925 0
110801 25.18 10.0 18.925 0
110831 25.18 10.0 18.925 0
110901 25.18 10.0 18.925 0
110932 25.18 10.0 18.925 0
111002 25.18 10.0 18.925 0
111032 25.18 10.0 18.925 0
111102 25.18 10.0 18.925 0
111136 25.18 10.0 18.925 0
111206 25.18 10.0 18.925 0
111236 25.18 10.0 18.925 0
111306 25.18 10.0 18.925 0
111337 25.18 10.0 18.925 0
111407 25.18 10.0 18.925 0
111437 25.18 10.0 18.925 0
111508 25.18 10.0 18.925 0
111538 25.18 10.0 18.925 0
111608 25.18 10.0 18.925 0
111639 25.18 10.0 18.925 0
111709 25.18 10.0 18.925 0
111740 25.18 10.0 18.925 0
111810 25.18 10.0 18.925 0
111840 25.18 10.0 18.925 0
111910 25.18 10.0 18.925 0
111941 25.18 10.0 18.925 0
112011 25.18 10.0 18.925 0
112041 25.18 10.0 18.925 0
112112 25.18 10.0 18.925 0
112143 25.18 10.0 18.925 0
112213 25.18 10.0 18.925 0
112244 25.18 10.0 18.925 0
112314 25.18 10.0 18.925 0
112345 25.18 10.0 18.925 0
112415 25.18 10.0 18.925 0
112445 25.18 10.0 18.925 0
112515 25.18 10.0 18.925 0
112546 25.18 10.0 18.925 0
112616 25.18 10.0 18.925 0
112647 25.18 10.0 18.925 0
112717 25.18 10.0 18.925 0
112748 25.18 10.0 18.925 0
112818 25.18 10.0 18.925 0
112848 25.18 10.0 18.925 0
112918 25.18 10.0 18.925 0
112949 25.18 10.0 18.925 0
113019 25.18 10.0 18.925 0
113049 25.18 10.0 18.925 0
113119 25.18 10.0 18.925 0
113149 25.18 10.0 18.925 0
113220 25.18 10.0 18.925 0
113250 25.18 10.0 18.925 0
113320 25.18 10.0 18.925 0
113350 25.18 10.0 18.925 0
113421 25.18 10.0 18.925 0
113451 25.18 10.0 18.925 0
113522 25.18 10.0 18.925 0
113552 25.18 10.0 18.925 0
113623 25.18 10.0 18.925 0
113653 25.18 10.0 18.925 0
113724 25.18 10.0 18.925 0
113754 25.18 10.0 18.925 0
113824 25.18 10.0 18.925 0
113855 25.18 10.0 18.925 0
113926 25.18 10.0 18.925 0
113956 25.18 10.0 18.925 0
114026 25.18 10.0 18.925 0
114057 25.18 10.0 18.925 0
114128 25.18 10.0 18.925 0
114158 25.18 10.0 18.925 0
114229 25.18 10.0 18.925 0
114259 25.18 10.0 18.925 0
114330 25.18 10.0 18.925 0
114400 25.18 10.0 18.925 0
114431 25.18 10.0 18.925 0
114501 25.18 10.0 18.925 0
114531 25.18 10.0 18.925 0
114601 25.18 10.0 18.925 0
114632 25.18 10.0 18.925 0
114702 25.18 10.0 18.925 0
114732 25.18 10.0 18.925 0
114803 25.18 10.0 18.925 0
114833 25.18 10.0 18.925 0
114903 25.18 10.0 18.925 0
114933 25.18 10.0 18.925 0
115004 25.18 10.0 18.925 0
115034 25.18 10.0 18.925 0
115104 25.18 10.0 18.925 0
115134 25.18 10.0 18.925 0
115205 25.18 10.0 18.925 0
115235 25.18 10.0 18.925 0
115305 25.18 10.0 18.925 0
115336 25.18 10.0 18.925 0
115406 25.18 10.0 18.925 0
115436 25.18 10.0 18.925 0
115507 25.18 10.0 18.925 0
115537 25.18 10.0 18.925 0
115607 25.18 10.0 18.925 0
115637 25.18 10.0 18.925 0
115708 25.18 10.0 18.987 0
115738 25.18 10.0 18.925 0
115808 25.18 10.0 18.925 0
115838 25.18 10.0 18.925 0
115908 25.18 10.0 18.925 0
115939 25.18 10.0 18.925 0
120009 25.18 10.0 18.925 0
120040 25.18 10.0 18.925 0
120111 25.18 10.0 18.925 0
120144 25.18 10.0 18.925 0
120214 25.18 10.0 18.925 0
120245 25.18 10.0 18.925 0
120316 25.18 10.0 18.987 0
120346 25.18 10.0 18.925 0
120417 25.18 10.0 18.925 0
120447 25.18 10.0 18.925 0
120518 25.18 10.0 18.925 0
120549 25.18 10.0 18.925 0
120619 25.18 10.0 18.925 0
120649 25.18 10.0 18.925 0
120719 25.18 10.0 18.925 0
120749 25.18 10.0 18.925 0
120820 25.18 10.0 18.925 0
120850 25.18 10.0 18.925 0
120920 25.18 10.0 18.925 0
120951 25.18 10.0 18.925 0
121021 25.18 10.0 18.925 0
121051 25.18 10.0 18.925 0
121121 25.18 10.0 18.925 0
121152 25.18 10.0 18.925 0
121222 25.18 10.0 18.925 0
121252 25.18 10.0 18.925 0
121322 25.18 10.0 18.925 0
121353 25.18 10.0 18.925 0
121423 25.18 10.0 18.925 0
121453 25.18 10.0 18.925 0
121524 25.18 10.0 18.925 0
121554 25.18 10.0 18.925 0
121625 25.18 10.0 18.925 0
121656 25.18 10.0 18.925 0
121726 25.18 10.0 18.925 0
121757 25.18 10.0 18.987 0
121827 25.18 10.0 18.925 0
121857 25.18 10.0 18.925 0
121928 25.18 10.0 18.925 0
121959 25.18 10.0 18.925 0
122029 25.18 10.0 18.925 0
122100 25.18 10.0 18.925 0
122130 25.18 10.0 18.925 0
122200 25.18 10.0 18.925 0
122231 25.18 10.0 18.925 0
122301 25.18 10.0 18.925 0
122331 25.18 10.0 18.987 0
122401 25.18 10.0 18.987 0
122431 25.18 10.0 18.925 0
122502 25.18 10.0 18.925 0
122533 25.18 10.0 18.925 0
122603 25.18 10.0 18.925 0
122633 25.18 10.0 18.925 0
122703 25.18 10.0 18.925 0
122734 25.18 10.0 18.925 0
122804 25.18 10.0 18.925 0
122835 25.18 10.0 18.925 0
122906 25.18 10.0 18.925 0
122936 25.18 10.0 18.925 0
123006 25.18 10.0 18.925 0
123037 25.18 10.0 18.925 0
123107 25.18 10.0 18.925 0
123138 25.18 10.0 18.925 0
123208 25.18 10.0 18.925 0
123238 25.18 10.0 18.925 0
123309 25.18 10.0 18.987 0
123339 25.18 10.0 18.925 0
123409 25.18 10.0 18.925 0
123439 25.18 10.0 18.925 0
123510 25.18 10.0 18.987 0
123540 25.18 10.0 18.987 0
123611 25.18 10.0 18.925 0
123641 25.18 10.0 18.925 0
123711 25.18 10.0 18.925 0
123742 25.18 10.0 18.987 0
123812 25.18 10.0 18.987 0
123843 25.18 10.0 18.925 0
123914 25.18 10.0 18.987 0
123944 25.18 10.0 18.925 0
124015 25.18 10.0 18.925 0
124046 25.18 10.0 18.925 0
124116 25.18 10.0 18.925 0
124149 25.18 10.0 18.925 0
124219 25.18 10.0 18.925 0
124249 25.18 10.0 18.987 0
124319 25.18 10.0 18.925 0
124350 25.18 10.0 18.987 0
124420 25.18 10.0 18.987 0
124451 25.18 10.0 18.987 0
124522 25.18 10.0 18.987 0
124552 25.18 10.0 18.987 0
124622 25.18 10.0 18.987 0
124653 25.18 10.0 18.987 0
124724 25.18 10.0 18.925 0
124754 25.18 10.0 18.987 0
124824 25.18 10.0 18.987 0
124855 25.18 10.0 18.925 0
124925 25.18 10.0 18.987 0
124956 25.18 10.0 18.925 0
125027 25.18 10.0 18.987 0
125057 25.18 10.0 18.987 0
125127 25.18 10.0 18.987 0
125158 25.18 10.0 18.987 0
125228 25.18 10.0 18.987 0
125259 25.18 10.0 18.987 0
125330 25.18 10.0 18.987 0
125401 25.18 10.0 18.987 0
125431 25.18 10.0 18.987 0
125502 25.18 10.0 18.987 0
125532 25.18 10.0 18.925 0
125602 25.18 10.0 18.987 0
125633 25.18 10.0 18.987 0
125703 25.18 10.0 18.987 0
125734 25.18 10.0 18.925 0
125805 25.18 10.0 18.925 0
125835 25.18 10.0 18.987 0
125906 25.18 10.0 18.987 0
125936 25.18 10.0 18.987 0
130007 25.18 10.0 18.987 0
130038 25.18 10.0 18.987 0
130108 25.18 10.0 18.987 0
130139 25.18 10.0 18.987 0
130209 25.18 10.0 18.987 0
130240 25.18 10.0 18.987 0
130311 25.18 10.0 18.987 0
130342 25.18 10.0 18.987 0
130412 25.18 10.0 18.987 0
130443 25.18 10.0 18.987 0
130513 25.18 10.0 18.987 0
130544 25.18 10.0 18.987 0
130615 25.18 10.0 18.987 0
130645 25.18 10.0 18.987 0
130715 25.18 10.0 18.987 0
130746 25.18 10.0 18.987 0
130816 25.18 10.0 18.987 0
130847 25.18 10.0 18.925 0
130917 25.18 10.0 18.925 0
130948 25.18 10.0 18.987 0
131018 25.18 10.0 18.987 0
131049 25.18 10.0 18.987 0
131119 25.18 10.0 18.987 0
131153 25.18 10.0 18.925 0
131223 25.18 10.0 18.987 0
131253 25.18 10.0 18.987 0
131324 25.18 10.0 18.925 0
131355 25.18 10.0 18.987 0
131425 25.18 10.0 18.987 0
131456 25.18 10.0 18.987 0
131526 25.18 10.0 18.987 0
131556 25.18 10.0 18.987 0
131627 25.18 10.0 18.987 0
131657 25.18 10.0 18.987 0
131728 25.18 10.0 18.987 0
131759 25.18 10.0 18.987 0
131829 25.18 10.0 18.987 0
131900 25.18 10.0 18.987 0
131930 25.18 10.0 18.987 0
132001 25.18 10.0 18.987 0
132032 25.18 10.0 18.987 0
132102 25.18 10.0 18.987 0
132133 25.18 10.0 18.987 0
132203 25.18 10.0 18.987 0
132234 25.18 10.0 18.987 0
132305 25.18 10.0 18.987 0
132335 25.18 10.0 18.987 0
132406 25.18 10.0 18.987 0
132436 25.18 10.0 18.987 0
132507 25.18 10.0 18.987 0
132537 25.18 10.0 18.987 0
132608 25.18 10.0 18.987 0
132639 25.18 10.0 18.987 0
132709 25.18 10.0 18.987 0
132740 25.18 10.0 18.987 0
132810 25.18 10.0 18.987 0
132841 25.18 10.0 18.987 0
132912 25.18 10.0 18.987 0
132942 25.18 10.0 18.987 0
133012 25.18 10.0 18.987 0
133043 25.18 10.0 18.987 0
133113 25.18 10.0 18.987 0
133144 25.18 10.0 18.987 0
133215 25.18 10.0 18.987 0
133245 25.18 10.0 18.987 0
133316 25.18 10.0 18.987 0
133346 25.18 10.0 18.987 0
133417 25.18 10.0 18.987 0
133447 25.18 10.0 18.987 0
133518 25.18 10.0 18.987 0
133548 25.18 10.0 18.987 0
133619 25.18 10.0 18.987 0
133650 25.18 10.0 18.987 0
133720 25.18 10.0 18.987 0
133750 25.18 10.0 18.987 0
133821 25.18 10.0 18.987 0
133851 25.18 10.0 18.987 0
133921 25.18 10.0 18.987 0
133952 25.18 10.0 18.987 0
134022 25.18 10.0 18.987 0
134053 25.18 10.0 18.987 0
134124 25.18 10.0 18.987 0
134156 25.18 10.0 18.987 0
134227 25.18 10.0 18.987 0
134257 25.18 10.0 18.987 0
134328 25.18 10.0 18.987 0
134359 25.18 10.0 18.987 0
134429 25.18 10.0 18.987 0
134459 25.18 10.0 18.987 0
134530 25.18 10.0 18.987 0
134600 25.18 10.0 18.987 0
134631 25.18 10.0 18.987 0
134701 25.18 10.0 18.987 0
134732 25.18 10.0 18.987 0
134802 25.18 10.0 18.987 0
134833 25.18 10.0 18.987 0
134903 25.18 10.0 18.987 0
134934 25.18 10.0 18.987 0
135004 25.18 10.0 18.987 0
135035 25.18 10.0 18.987 0
135105 25.18 10.0 18.987 0
135136 25.18 10.0 18.987 0
135206 25.18 10.0 18.987 0
135237 25.18 10.0 18.987 0
135307 25.18 10.0 18.987 0
135338 25.18 10.0 18.987 0
135408 25.18 10.0 18.987 0
135439 25.18 10.0 18.987 0
135510 25.18 10.0 18.987 0
135540 25.18 10.0 18.987 0
135611 25.18 10.0 18.987 0
135642 25.18 10.0 18.987 0
135712 25.18 10.0 18.987 0
135743 25.18 10.0 18.987 0
135813 25.18 10.0 18.987 0
135844 25.18 10.0 18.987 0
135914 25.18 10.0 18.987 0
135944 25.18 10.0 18.987 0
140015 25.18 10.0 18.987 0
140045 25.18 10.0 18.987 0
140116 25.18 10.0 18.987 0
140147 25.18 10.0 18.987 0
140217 25.18 10.0 18.987 0
140247 25.18 10.0 18.987 0
140318 25.18 10.0 18.987 0
140349 25.18 10.0 18.987 0
140419 25.18 10.0 18.987 0
140450 25.18 10.0 18.987 0
140520 25.18 10.0 18.987 0
140551 25.18 10.0 18.987 0
140622 25.18 10.0 18.987 0
140652 25.18 10.0 18.987 0
140723 25.18 10.0 18.987 0
140753 25.18 10.0 18.987 0
140824 25.18 10.0 18.987 0
140854 25.18 10.0 18.987 0
140925 25.18 10.0 18.987 0
140955 25.18 10.0 18.987 0
141026 25.18 10.0 18.987 0
141057 25.18 10.0 18.987 0
141127 25.18 10.0 18.987 0
141201 25.18 10.0 18.987 0
141231 25.18 10.0 18.987 0
141302 25.18 10.0 18.987 0
141333 25.18 10.0 18.987 0
141403 25.18 10.0 18.987 0
141434 25.18 10.0 18.987 0
141505 25.18 10.0 18.987 0
141535 25.18 10.0 18.987 0
141606 25.18 10.0 18.987 0
141637 25.18 10.0 18.987 0
141707 25.18 10.0 18.987 0
141738 25.18 10.0 18.987 0
141808 25.18 10.0 18.987 0
141839 25.18 10.0 18.987 0
141910 25.18 10.0 18.987 0
141940 25.18 10.0 18.987 0
142011 25.18 10.0 18.987 0
142041 25.18 10.0 18.987 0
142112 25.18 10.0 18.987 0
142142 25.18 10.0 18.987 0
142212 25.18 10.0 18.987 0
142243 25.18 10.0 18.987 0
142313 25.18 10.0 18.987 0
142344 25.18 10.0 18.987 0
142415 25.18 10.0 18.987 0
142445 25.18 10.0 18.987 0
142515 25.18 10.0 18.987 0
142546 25.18 10.0 18.987 0
142617 25.18 10.0 18.987 0
142647 25.18 10.0 18.987 0
142718 25.18 10.0 18.987 0
142748 25.18 10.0 18.987 0
142819 25.18 10.0 18.987 0
142850 25.18 10.0 18.987 0
142920 25.18 10.0 18.987 0
142951 25.18 10.0 18.987 0
143021 25.18 10.0 18.987 0
143052 25.18 10.0 18.987 0
143122 25.18 10.0 18.987 0
143153 25.18 10.0 18.987 0
143223 25.18 10.0 18.987 0
143254 25.18 10.0 18.987 0
143325 25.18 10.0 18.987 0
143355 25.18 10.0 18.987 0
143426 25.18 10.0 18.987 0
143456 25.18 10.0 18.987 0
143527 25.18 10.0 18.987 0
143557 25.18 10.0 18.987 0
143628 25.18 10.0 18.987 0
143658 25.18 10.0 18.987 0
143728 25.18 10.0 18.987 0
143759 25.18 10.0 18.987 0
143830 25.18 10.0 18.987 0
143900 25.18 10.0 18.987 0
143930 25.18 10.0 18.987 0
144000 25.18 10.0 18.987 0
144030 25.18 10.0 18.987 0
144101 25.18 10.0 18.987 0
144132 25.18 10.0 18.987 0
144204 25.18 10.0 18.987 0
144235 25.18 10.0 18.987 0
144305 25.18 10.0 18.987 0
144336 25.18 10.0 18.987 0
144406 25.18 10.0 18.987 0
144437 25.18 10.0 18.987 0
144507 25.18 10.0 18.987 0
144538 25.18 10.0 18.987 0
144609 25.18 10.0 18.987 0
144639 25.18 10.0 18.987 0
144710 25.18 10.0 18.987 0
144740 25.18 10.0 18.987 0
144810 25.18 10.0 18.987 0
144841 25.18 10.0 18.987 0
144912 25.18 10.0 18.987 0
144942 25.18 10.0 18.987 0
145013 25.18 10.0 18.987 0
145043 25.18 10.0 18.987 0
145114 25.18 10.0 18.987 0
145145 25.18 10.0 18.987 0
145215 25.18 10.0 18.987 0
145246 25.18 10.0 18.987 0
145317 25.18 10.0 18.987 0
145347 25.18 10.0 18.987 0
145418 25.18 10.0 18.987 0
145448 25.18 10.0 18.987 0
145518 25.18 10.0 18.987 0
145549 25.18 10.0 18.987 0
145619 25.18 10.0 18.987 0
145649 25.18 10.0 18.987 0
145720 25.18 10.0 18.987 0
145751 25.18 10.0 18.987 0
145821 25.18 10.0 18.987 0
145851 25.18 10.0 18.987 0
145921 25.18 10.0 18.987 0
145952 25.18 10.0 18.987 0
150023 25.18 10.0 18.987 0
150053 25.18 10.0 18.987 0
150124 25.18 10.0 18.987 0
150155 25.18 10.0 18.987 0
150225 25.18 10.0 18.987 0
150256 25.18 10.0 18.987 0
150326 25.18 10.0 18.987 0
150357 25.18 10.0 18.987 0
150427 25.18 10.0 18.987 0
150458 25.18 10.0 18.987 0
150528 25.18 10.0 18.987 0
150559 25.18 10.0 18.987 0
150629 25.18 10.0 18.987 0
150700 25.18 10.0 18.987 0
150730 25.18 10.0 18.987 0
150801 25.18 10.0 18.987 0
150831 25.18 10.0 18.987 0
150902 25.18 10.0 18.987 0
150932 25.18 10.0 18.987 0
151002 25.18 10.0 18.987 0
151033 25.18 10.0 18.987 0
151104 25.18 10.0 18.987 0
151134 25.18 10.0 18.987 0
151207 25.18 10.0 18.987 0
151238 25.18 10.0 18.987 0
151309 25.18 10.0 18.987 0
151339 25.18 10.0 18.987 0
151410 25.18 10.0 18.987 0
151440 25.18 10.0 18.987 0
151511 25.18 10.0 18.987 0
151541 25.18 10.0 18.987 0
151612 25.18 10.0 18.987 0
151642 25.18 10.0 18.987 0
151713 25.18 10.0 18.987 0
151743 25.18 10.0 18.987 0
151814 25.18 10.0 18.987 0
151845 25.18 10.0 18.987 0
151915 25.18 10.0 18.987 0
151945 25.18 10.0 18.987 0
152015 25.18 10.0 18.987 0
152046 25.18 10.0 18.987 0
152116 25.18 10.0 18.987 0
152147 25.18 10.0 18.987 0
152217 25.18 10.0 18.987 0
152247 25.18 10.0 18.987 0
152318 25.18 10.0 18.987 0
152348 25.18 10.0 18.987 0
152419 25.18 10.0 18.987 0
152449 25.18 10.0 18.987 0
152520 25.18 10.0 18.987 0
152550 25.18 10.0 18.987 0
152620 25.18 10.0 18.987 0
152650 25.18 10.0 18.987 0
152720 25.18 10.0 18.987 0
152751 25.18 10.0 18.987 0
152821 25.18 10.0 18.987 0
152852 25.18 10.0 18.987 0
152922 25.18 10.0 18.987 0
152953 25.18 10.0 18.987 0
153023 25.18 10.0 18.987 0
153054 25.18 10.0 18.987 0
153125 25.18 10.0 18.987 0
153155 25.18 10.0 18.987 0
153225 25.18 10.0 18.987 0
153256 25.18 10.0 18.987 0
153327 25.18 10.0 18.987 0
153357 25.18 10.0 18.987 0
153428 25.18 10.0 18.987 0
153458 25.18 10.0 18.987 0
153529 25.18 10.0 18.987 0
153559 25.18 10.0 18.987 0
153630 25.18 10.0 18.987 0
153700 25.18 10.0 18.987 0
153730 25.18 10.0 18.987 0
153801 25.18 10.0 18.987 0
153832 25.18 10.0 18.987 0
153902 25.18 10.0 18.987 0
153933 25.18 10.0 18.987 0
154003 25.18 10.0 18.987 0
154034 25.18 10.0 18.987 0
154104 25.18 10.0 18.987 0
154134 25.18 10.0 18.987 0
154205 25.18 10.0 18.987 0
154235 25.18 10.0 18.987 0
154305 25.18 10.0 18.987 0
154336 25.18 10.0 18.987 0
154406 25.18 10.0 18.987 0
154436 25.18 10.0 18.987 0
154507 25.18 10.0 18.987 0
154538 25.18 10.0 18.987 0
154608 25.18 10.0 18.987 0
154639 25.18 10.0 18.987 0
154713 25.18 10.0 18.987 0
154743 25.18 10.0 18.987 0
154814 25.18 10.0 18.987 0
154845 25.18 10.0 18.987 0
154915 25.18 10.0 18.987 0
154945 25.18 10.0 18.987 0
155016 25.18 10.0 18.987 0
155046 25.18 10.0 18.987 0
155117 25.18 10.0 18.987 0
155148 25.18 10.0 18.987 0
155218 25.18 10.0 18.987 0
155249 25.18 10.0 18.987 0
155319 25.18 10.0 18.987 0
155350 25.18 10.0 18.987 0
155420 25.18 10.0 18.987 0
155451 25.18 10.0 18.987 0
155521 25.18 10.0 18.987 0
155551 25.18 10.0 18.987 0
155622 25.18 10.0 18.987 0
155652 25.18 10.0 18.987 0
155722 25.18 10.0 18.987 0
155753 25.18 10.0 18.987 0
155824 25.18 10.0 18.987 0
155854 25.18 10.0 18.987 0
155925 25.18 10.0 18.987 0
155955 25.18 10.0 18.987 0
160025 25.18 10.0 18.987 0
160055 25.18 10.0 18.987 0
160126 25.18 10.0 18.987 0
160157 25.18 10.0 18.987 0
160227 25.18 10.0 18.987 0
160257 25.18 10.0 18.987 0
160327 25.18 10.0 18.987 0
160358 25.18 10.0 18.987 0
160428 25.18 10.0 18.987 0
160459 25.18 10.0 18.987 0
160529 25.18 10.0 18.987 0
160600 25.18 10.0 18.987 0
160631 25.18 10.0 18.987 0
160701 25.18 10.0 18.987 0
160731 25.18 10.0 18.987 0
160802 25.18 10.0 18.987 0
160832 25.18 10.0 18.987 0
160903 25.18 10.0 18.987 0
160934 25.18 10.0 18.987 0
161004 25.18 10.0 18.987 0
161035 25.18 10.0 18.987 0
161105 25.18 10.0 18.987 0
161136 25.18 10.0 18.987 0
161206 25.18 10.0 18.987 0
161236 25.18 10.0 18.987 0
161306 25.18 10.0 18.987 0
161337 25.18 10.0 18.987 0
161407 25.18 10.0 18.987 0
161438 25.18 10.0 18.987 0
161508 25.18 10.0 18.987 0
161538 25.18 10.0 18.987 0
161609 25.18 10.0 18.987 0
161640 25.18 10.0 18.987 0
161710 25.18 10.0 18.987 0
161740 25.18 10.0 18.987 0
161811 25.18 10.0 18.987 0
161841 25.18 10.0 18.987 0
161912 25.18 10.0 18.987 0
161942 25.18 10.0 18.987 0
162013 25.18 10.0 18.987 0
162043 25.18 10.0 18.987 0
162114 25.18 10.0 18.987 0
162145 25.18 10.0 18.987 0
162217 25.18 10.0 18.987 0
162248 25.18 10.0 18.987 0
162318 25.18 10.0 18.987 0
162349 25.18 10.0 18.987 0
162420 25.18 10.0 18.987 0
162450 25.18 10.0 18.987 0
162520 25.18 10.0 18.987 0
162551 25.18 10.0 18.987 0
162621 25.18 10.0 18.987 0
162652 25.18 10.0 18.987 0
162722 25.18 10.0 18.987 0
162752 25.18 10.0 18.987 0
162823 25.18 10.0 18.987 0
162853 25.18 10.0 18.987 0
162924 25.18 10.0 18.987 0
162954 25.18 10.0 18.987 0
163025 25.18 10.0 18.987 0
163056 25.18 10.0 18.987 0
163126 25.18 10.0 18.987 0
163156 25.18 10.0 18.987 0
163227 25.18 10.0 18.987 0
163257 25.18 10.0 18.987 0
163328 25.18 10.0 18.987 0
163359 25.18 10.0 18.987 0
163429 25.18 10.0 18.987 0
163459 25.18 10.0 18.987 0
163529 25.18 10.0 18.987 0
163600 25.18 10.0 18.987 0
163630 25.18 10.0 18.987 0
163701 25.18 10.0 18.987 0
163731 25.18 10.0 18.987 0
163802 25.18 10.0 18.987 0
163832 25.18 10.0 18.987 0
163903 25.18 10.0 18.987 0
163933 25.18 10.0 18.987 0
164004 25.18 10.0 18.987 0
164034 25.18 10.0 18.987 0
164105 25.18 10.0 18.987 0
164135 25.18 10.0 18.987 0
164205 25.18 10.0 18.987 0
164236 25.18 10.0 18.987 0
164307 25.18 10.0 18.987 0
164337 25.18 10.0 18.987 0
164408 25.18 10.0 18.987 0
164438 25.18 10.0 18.987 0
164509 25.18 10.0 18.987 0
164539 25.18 10.0 18.987 0
164609 25.18 10.0 18.987 0
164639 25.18 10.0 18.987 0
164710 25.18 10.0 18.987 0
164741 25.18 10.0 18.987 0
164811 25.18 10.0 18.987 0
164842 25.18 10.0 18.987 0
164912 25.18 10.0 18.987 0
164942 25.18 10.0 18.987 0
165012 25.18 10.0 18.987 0
165043 25.18 10.0 19.05 0
165113 25.18 10.0 18.987 0
165144 25.18 10.0 18.987 0
165215 25.18 10.0 18.987 0
165245 25.18 10.0 18.987 0
165315 25.18 10.0 19.05 0
165346 25.18 10.0 18.987 0
165417 25.18 10.0 18.987 0
165447 25.18 10.0 18.987 0
165518 25.18 10.0 18.987 0
165548 25.18 10.0 19.05 0
165619 25.18 10.0 19.05 0
165650 25.18 10.0 18.987 0
165723 25.18 10.0 18.987 0
165754 25.18 10.0 19.05 0
165825 25.18 10.0 18.987 0
165855 25.18 10.0 18.987 0
165926 25.18 10.0 18.987 0
165956 25.18 10.0 18.987 0
170027 25.18 10.0 18.987 0
170058 25.18 10.0 19.05 0
170128 25.18 10.0 19.05 0
170159 25.18 10.0 19.05 0
170229 25.18 10.0 18.987 0
170300 25.18 10.0 18.987 0
170330 25.18 10.0 19.05 0
170401 25.18 10.0 18.987 0
170432 25.18 10.0 18.987 0
170502 25.18 10.0 18.987 0
170533 25.18 10.0 18.987 0
170603 25.18 10.0 19.05 0
170634 25.18 10.0 19.05 0
170704 25.18 10.0 19.05 0
170735 25.18 10.0 18.987 0
170805 25.18 10.0 18.987 0
170836 25.18 10.0 19.05 0
170906 25.18 10.0 19.05 0
170937 25.18 10.0 19.05 0
171007 25.18 10.0 19.05 0
171037 25.18 10.0 18.987 0
171108 25.18 10.0 18.987 0
171139 25.18 10.0 19.05 0
171209 25.18 10.0 19.05 0
171240 25.18 10.0 19.05 0
171310 25.18 10.0 19.05 0
171341 25.18 10.0 19.05 0
171412 25.18 10.0 19.05 0
171442 25.18 10.0 19.05 0
171512 25.18 10.0 19.05 0
171543 25.18 10.0 18.987 0
171613 25.18 10.0 19.05 0
171643 25.18 10.0 19.05 0
171714 25.18 10.0 19.05 0
171744 25.18 10.0 19.05 0
171814 25.18 10.0 19.05 0
171845 25.18 10.0 19.05 0
171915 25.18 10.0 19.05 0
171945 25.18 10.0 18.987 0
172016 25.18 10.0 19.05 0
172046 25.18 10.0 19.05 0
172117 25.18 10.0 19.05 0
172147 25.18 10.0 19.05 0
172218 25.18 10.0 19.05 0
172249 25.18 10.0 19.05 0
172319 25.18 10.0 19.05 0
172350 25.18 10.0 19.05 0
172420 25.18 10.0 19.05 0
172451 25.18 10.0 19.05 0
172521 25.18 10.0 19.05 0
172552 25.18 10.0 19.05 0
172622 25.18 10.0 19.05 0
172653 25.18 10.0 19.05 0
172723 25.18 10.0 19.05 0
172753 25.18 10.0 19.05 0
172824 25.18 10.0 19.05 0
172855 25.18 10.0 19.05 0
172925 25.18 10.0 19.05 0
172958 25.18 10.0 19.05 0
173029 25.18 10.0 19.05 0
173059 25.18 10.0 19.05 0
173130 25.18 10.0 19.05 0
173200 25.18 10.0 19.05 0
173231 25.18 10.0 19.05 0
173301 25.18 10.0 19.05 0
173332 25.18 10.0 19.05 0
173403 25.18 10.0 19.05 0
173433 25.18 10.0 19.05 0
173503 25.18 10.0 19.05 0
173534 25.18 10.0 19.05 0
173604 25.18 10.0 19.05 0
173635 25.18 10.0 19.05 0
173705 25.18 10.0 19.05 0
173735 25.18 10.0 19.05 0
173806 25.18 10.0 19.05 0
173837 25.18 10.0 19.05 0
173907 25.18 10.0 19.05 0
173937 25.18 10.0 19.05 0
174008 25.18 10.0 19.05 0
174038 25.18 10.0 19.05 0
174109 25.18 10.0 19.05 0
174139 25.18 10.0 19.05 0
174209 25.18 10.0 19.05 0
174240 25.18 10.0 19.05 0
174310 25.18 10.0 19.05 0
174340 25.18 10.0 19.05 0
174411 25.18 10.0 19.05 0
174442 25.18 10.0 19.05 0
174512 25.18 10.0 19.05 0
174543 25.18 10.0 19.05 0
174613 25.18 10.0 19.05 0
174643 25.18 10.0 19.05 0
174713 25.18 10.0 19.05 0
174744 25.18 10.0 19.05 0
174814 25.18 10.0 19.05 0
174845 25.18 10.0 19.05 0
174916 25.18 10.0 19.05 0
174946 25.18 10.0 19.05 0
175016 25.18 10.0 19.05 0
175047 25.18 10.0 19.05 0
175117 25.18 10.0 19.05 0
175148 25.18 10.0 19.05 0
175219 25.18 10.0 19.05 0
175249 25.18 10.0 19.05 0
175320 25.18 10.0 19.05 0
175350 25.18 10.0 19.05 0
175421 25.18 10.0 19.05 0
175452 25.18 10.0 19.05 0
175522 25.18 10.0 19.05 0
175553 25.18 10.0 19.05 0
175624 25.18 10.0 19.05 0
175654 25.18 10.0 19.05 0
175725 25.18 10.0 19.05 0
175755 25.18 10.0 19.05 0
175826 25.18 10.0 19.05 0
175856 25.18 10.0 19.05 0
175927 25.18 10.0 19.05 0
180001 25.18 10.0 19.05 0
180032 25.18 10.0 19.05 0
180102 25.18 10.0 19.05 0
180132 25.18 10.0 19.05 0
180203 25.18 10.0 19.05 0
180233 25.18 10.0 19.05 0
180304 25.18 10.0 19.05 0
180334 25.18 10.0 19.05 0
180405 25.18 10.0 19.05 0
180435 25.18 10.0 19.05 0
180506 25.18 10.0 19.05 0
180536 25.18 10.0 19.05 0
180607 25.18 10.0 19.05 0
180637 25.18 10.0 19.05 0
180707 25.18 10.0 19.05 0
180737 25.18 10.0 19.05 0
180808 25.18 10.0 19.05 0
180838 25.18 10.0 19.05 0
180909 25.18 10.0 19.05 0
180940 25.18 10.0 19.05 0
181010 25.18 10.0 19.05 0
181041 25.18 10.0 19.05 0
181111 25.18 10.0 19.05 0
181142 25.18 10.0 19.05 0
181212 25.18 10.0 19.05 0
181242 25.18 10.0 19.05 0
181313 25.18 10.0 19.05 0
181344 25.18 10.0 19.05 0
181414 25.18 10.0 19.05 0
181445 25.18 10.0 19.05 0
181515 25.18 10.0 19.05 0
181545 25.18 10.0 19.05 0
181616 25.18 10.0 19.05 0
181646 25.18 10.0 19.05 0
181717 25.18 10.0 19.05 0
181747 25.18 10.0 19.05 0
181817 25.18 10.0 19.05 0
181848 25.18 10.0 19.05 0
181919 25.18 10.0 19.05 0
181949 25.18 10.0 19.05 0
182020 25.18 10.0 19.05 0
182050 25.18 10.0 19.05 0
182121 25.18 10.0 19.05 0
182151 25.18 10.0 19.05 0
182221 25.18 10.0 19.05 0
182252 25.18 10.0 19.05 0
182322 25.18 10.0 19.05 0
182353 25.18 10.0 19.05 0
182423 25.18 10.0 19.05 0
182454 25.18 10.0 19.05 0
182524 25.18 10.0 19.05 0
182555 25.18 10.0 19.05 0
182625 25.18 10.0 19.05 0
182656 25.18 10.0 19.05 0
182727 25.18 10.0 19.05 0
182757 25.18 10.0 19.05 0
182828 25.18 10.0 19.05 0
182859 25.18 10.0 19.05 0
182929 25.18 10.0 19.05 0
182959 25.18 10.0 19.05 0
183029 25.18 10.0 19.05 0
183100 25.18 10.0 19.05 0
183130 25.18 10.0 19.05 0
183200 25.18 10.0 19.05 0
183231 25.18 10.0 19.05 0
183302 25.18 10.0 19.05 0
183332 25.18 10.0 19.05 0
183403 25.18 10.0 19.05 0
183433 25.18 10.0 19.05 0
183506 25.18 10.0 19.05 0
183536 25.18 10.0 19.05 0
183607 25.18 10.0 19.05 0
183637 25.18 10.0 19.05 0
183708 25.18 10.0 19.05 0
183738 25.18 10.0 19.05 0
183809 25.18 10.0 19.05 0
183840 25.18 10.0 19.05 0
183910 25.18 10.0 19.05 0
183941 25.18 10.0 19.05 0
184011 25.18 10.0 19.05 0
184041 25.18 10.0 19.05 0
184112 25.18 10.0 19.05 0
184143 25.18 10.0 19.05 0
184213 25.18 10.0 19.05 0
184244 25.18 10.0 19.05 0
184314 25.18 10.0 19.05 0
184345 25.18 10.0 19.05 0
184415 25.18 10.0 19.05 0
184446 25.18 10.0 19.05 0
184516 25.18 10.0 19.05 0
184547 25.18 10.0 19.05 0
184617 25.18 10.0 19.05 0
184648 25.18 10.0 19.05 0
184718 25.18 10.0 19.05 0
184749 25.18 10.0 19.05 0
184820 25.18 10.0 19.05 0
184850 25.18 10.0 19.05 0
184921 25.18 10.0 19.05 0
184951 25.18 10.0 19.05 0
185021 25.18 10.0 19.05 0
185052 25.18 10.0 19.05 0
185123 25.18 10.0 19.05 0
185153 25.18 10.0 19.05 0
185223 25.18 10.0 19.05 0
185254 25.18 10.0 19.05 0
185324 25.18 10.0 19.05 0
185355 25.18 10.0 19.05 0
185425 25.18 10.0 19.05 0
185455 25.18 10.0 19.05 0
185526 25.18 10.0 19.05 0
185556 25.18 10.0 19.05 0
185626 25.18 10.0 19.05 0
185657 25.18 10.0 19.05 0
185727 25.18 10.0 19.05 0
185758 25.18 10.0 19.05 0
185828 25.18 10.0 19.05 0
185859 25.18 10.0 19.05 0
185930 25.18 10.0 19.05 0
190000 25.18 10.0 19.05 0
190030 25.18 10.0 19.05 0
190101 25.18 10.0 19.05 0
190132 25.18 10.0 19.05 0
190202 25.18 10.0 19.05 0
190233 25.18 10.0 19.05 0
190303 25.18 10.0 19.05 0
190334 25.18 10.0 19.05 0
190405 25.18 10.0 19.05 0
190435 25.18 10.0 19.05 0
190505 25.18 10.0 19.05 0
190536 25.18 10.0 19.05 0
190607 25.18 10.0 19.05 0
190637 25.18 10.0 19.05 0
190707 25.18 10.0 19.05 0
190741 25.18 10.0 19.05 0
190811 25.18 10.0 19.05 0
190841 25.18 10.0 19.05 0
190912 25.18 10.0 19.05 0
190942 25.18 10.0 19.05 0
191013 25.18 10.0 19.05 0
191043 25.18 10.0 19.05 0
191114 25.18 10.0 19.05 0
191144 25.18 10.0 19.05 0
191215 25.18 10.0 19.05 0
191245 25.18 10.0 19.05 0
191316 25.18 10.0 19.05 0
191347 25.18 10.0 19.05 0
191417 25.18 10.0 19.05 0
191447 25.18 10.0 19.05 0
191517 25.18 10.0 19.05 0
191548 25.18 10.0 19.05 0
191619 25.18 10.0 19.05 0
191649 25.18 10.0 19.05 0
191720 25.18 10.0 19.05 0
191751 25.18 10.0 19.05 0
191821 25.18 10.0 19.05 0
191851 25.18 10.0 19.05 0
191922 25.18 10.0 19.05 0
191952 25.18 10.0 19.05 0
192022 25.18 10.0 19.05 0
192053 25.18 10.0 19.05 0
192123 25.18 10.0 19.05 0
192154 25.18 10.0 19.05 0
192225 25.18 10.0 19.05 0
192255 25.18 10.0 19.05 0
192326 25.18 10.0 19.05 0
192356 25.18 10.0 19.05 0
192427 25.18 10.0 19.05 0
192457 25.18 10.0 19.05 0
192527 25.18 10.0 19.05 0
192558 25.18 10.0 19.05 0
192628 25.18 10.0 19.05 0
192659 25.18 10.0 19.05 0
192730 25.18 10.0 19.05 0
192800 25.18 10.0 19.05 0
192830 25.18 10.0 19.05 0
192901 25.18 10.0 19.05 0
192932 25.18 10.0 19.05 0
193002 25.18 10.0 19.05 0
193033 25.18 10.0 19.05 0
193103 25.18 10.0 19.05 0
193134 25.18 10.0 19.05 0
193205 25.18 10.0 19.05 0
193235 25.18 10.0 19.05 0
193306 25.18 10.0 19.05 0
193336 25.18 10.0 19.05 0
193406 25.18 10.0 19.05 0
193437 25.18 10.0 19.05 0
193507 25.18 10.0 19.05 0
193538 25.18 10.0 19.05 0
193608 25.18 10.0 19.05 0
193639 25.18 10.0 19.05 0
193709 25.18 10.0 19.05 0
193740 25.18 10.0 19.05 0
193810 25.18 10.0 19.05 0
193841 25.18 10.0 19.05 0
193911 25.18 10.0 19.05 0
193942 25.18 10.0 19.05 0
194016 25.18 10.0 19.05 0
194046 25.18 10.0 19.05 0
194117 25.18 10.0 19.05 0
194147 25.18 10.0 19.05 0
194217 25.18 10.0 19.05 0
194248 25.18 10.0 19.05 0
194318 25.18 10.0 19.05 0
194349 25.18 10.0 19.05 0
194420 25.18 10.0 19.05 0
194451 25.18 10.0 19.05 0
194521 25.18 10.0 19.05 0
194551 25.18 10.0 19.05 0
194622 25.18 10.0 19.05 0
194653 25.18 10.0 19.05 0
194723 25.18 10.0 19.05 0
194753 25.18 10.0 19.05 0
194824 25.18 10.0 19.05 0
194855 25.18 10.0 19.05 0
194925 25.18 10.0 19.05 0
194956 25.18 10.0 19.05 0
195026 25.18 10.0 19.05 0
195056 25.18 10.0 19.05 0
195127 25.18 10.0 19.05 0
195158 25.18 10.0 19.05 0
195228 25.18 10.0 19.05 0
195259 25.18 10.0 19.05 0
195329 25.18 10.0 19.05 0
195359 25.18 10.0 19.05 0
195430 25.18 10.0 19.05 0
195500 25.18 10.0 19.05 0
195531 25.18 10.0 19.05 0
195601 25.18 10.0 19.05 0
195632 25.18 10.0 19.05 0
195702 25.18 10.0 19.05 0
195733 25.18 10.0 19.05 0
195803 25.18 10.0 19.05 0
195833 25.18 10.0 19.05 0
195904 25.18 10.0 19.05 0
195934 25.18 10.0 19.05 0
200004 25.18 10.0 19.05 0
200035 25.18 10.0 19.112 0
200105 25.18 10.0 19.05 0
200136 25.18 10.0 19.05 0
200207 25.18 10.0 19.05 0
200237 25.18 10.0 19.05 0
200308 25.18 10.0 19.05 0
200338 25.18 10.0 19.05 0
200409 25.18 10.0 19.05 0
200439 25.18 10.0 19.05 0
200510 25.18 10.0 19.05 0
200540 25.18 10.0 19.05 0
200611 25.18 10.0 19.05 0
200642 25.18 10.0 19.05 0
200713 25.18 10.0 19.05 0
200743 25.18 10.0 19.05 0
200813 25.18 10.0 19.05 0
200843 25.18 10.0 19.05 0
200914 25.18 10.0 19.05 0
200945 25.18 10.0 19.05 0
201015 25.18 10.0 19.05 0
201045 25.18 10.0 19.112 0
201116 25.18 10.0 19.05 0
201147 25.18 10.0 19.05 0
201217 25.18 10.0 19.05 0
201250 25.18 10.0 19.05 0
201321 25.18 10.0 19.112 0
201351 25.18 10.0 19.112 0
201422 25.18 10.0 19.05 0
201453 25.18 10.0 19.05 0
201523 25.18 10.0 19.05 0
201553 25.18 10.0 19.112 0
201624 25.18 10.0 19.05 0
201655 25.18 10.0 19.05 0
201725 25.18 10.0 19.112 0
201755 25.18 10.0 19.05 0
201826 25.18 10.0 19.05 0
201857 25.18 10.0 19.112 0
201927 25.18 10.0 19.112 0
201958 25.18 10.0 19.05 0
202028 25.18 10.0 19.112 0
202059 25.18 10.0 19.05 0
202130 25.18 10.0 19.05 0
202200 25.18 10.0 19.112 0
202231 25.18 10.0 19.112 0
202301 25.18 10.0 19.05 0
202332 25.18 10.0 19.112 0
202402 25.18 10.0 19.112 0
202433 25.18 10.0 19.112 0
202504 25.18 10.0 19.05 0
202534 25.18 10.0 19.05 0
202605 25.18 10.0 19.05 0
202636 25.18 10.0 19.112 0
202706 25.18 10.0 19.112 0
202737 25.18 10.0 19.112 0
202807 25.18 10.0 19.112 0
202838 25.18 10.0 19.112 0
202909 25.18 10.0 19.112 0
202939 25.18 10.0 19.112 0
203010 25.18 10.0 19.112 0
203040 25.18 10.0 19.112 0
203111 25.18 10.0 19.112 0
203141 25.18 10.0 19.112 0
203212 25.18 10.0 19.112 0
203242 25.18 10.0 19.112 0
203313 25.18 10.0 19.112 0
203343 25.18 10.0 19.112 0
203414 25.18 10.0 19.112 0
203444 25.18 10.0 19.112 0
203515 25.18 10.0 19.112 0
203545 25.18 10.0 19.112 0
203616 25.18 10.0 19.112 0
203646 25.18 10.0 19.05 0
203717 25.18 10.0 19.112 0
203747 25.18 10.0 19.112 0
203818 25.18 10.0 19.112 0
203848 25.18 10.0 19.112 0
203919 25.18 10.0 19.112 0
203949 25.18 10.0 19.112 0
204019 25.18 10.0 19.112 0
204050 25.18 10.0 19.05 0
204121 25.18 10.0 19.112 0
204151 25.18 10.0 19.112 0
204222 25.18 10.0 19.112 0
204254 25.18 10.0 19.05 0
204325 25.18 10.0 19.112 0
204356 25.18 10.0 19.112 0
204426 25.18 10.0 19.112 0
204457 25.18 10.0 19.112 0
204527 25.18 10.0 19.112 0
204558 25.18 10.0 19.112 0
204629 25.18 10.0 19.112 0
204659 25.18 10.0 19.112 0
204730 25.18 10.0 19.112 0
204800 25.18 10.0 19.112 0
204831 25.18 10.0 19.112 0
204902 25.18 10.0 19.112 0
204932 25.18 10.0 19.112 0
205003 25.18 10.0 19.112 0
205033 25.18 10.0 19.112 0
205104 25.18 10.0 19.112 0
205134 25.18 10.0 19.112 0
205205 25.18 10.0 19.112 0
205236 25.18 10.0 19.112 0
205306 25.18 10.0 19.112 0
205336 25.18 10.0 19.112 0
205407 25.18 10.0 19.112 0
205437 25.18 10.0 19.112 0
205508 25.18 10.0 19.112 0
205538 25.18 10.0 19.112 0
205609 25.18 10.0 19.112 0
205639 25.18 10.0 19.112 0
205710 25.18 10.0 19.112 0
205741 25.18 10.0 19.112 0
205811 25.18 10.0 19.112 0
205842 25.18 10.0 19.112 0
205912 25.18 10.0 19.112 0
205943 25.18 10.0 19.112 0
210014 25.18 10.0 19.112 0
210044 25.18 10.0 19.112 0
210115 25.18 10.0 19.112 0
210146 25.18 10.0 19.112 0
210216 25.18 10.0 19.112 0
210247 25.18 10.0 19.112 0
210317 25.18 10.0 19.112 0
210348 25.18 10.0 19.112 0
210418 25.18 10.0 19.112 0
210449 25.18 10.0 19.112 0
210519 25.18 10.0 19.112 0
210550 25.18 10.0 19.112 0
210620 25.18 10.0 19.112 0
210650 25.18 10.0 19.112 0
210721 25.18 10.0 19.112 0
210751 25.18 10.0 19.112 0
210822 25.18 10.0 19.112 0
210852 25.18 10.0 19.112 0
210923 25.18 10.0 19.112 0
210954 25.18 10.0 19.112 0
211027 25.18 10.0 19.112 0
211058 25.18 10.0 19.112 0
211128 25.18 10.0 19.112 0
211159 25.18 10.0 19.112 0
211229 25.18 10.0 19.112 0
211300 25.18 10.0 19.112 0
211330 25.18 10.0 19.112 0
211401 25.18 10.0 19.112 0
211432 25.18 10.0 19.112 0
211503 25.18 10.0 19.112 0
211533 25.18 10.0 19.112 0
211603 25.18 10.0 19.112 0
211634 25.18 10.0 19.112 0
211704 25.18 10.0 19.112 0
211735 25.18 10.0 19.112 0
211805 25.18 10.0 19.112 0
211836 25.18 10.0 19.112 0
211907 25.18 10.0 19.112 0
211937 25.18 10.0 19.112 0
212008 25.18 10.0 19.112 0
212039 25.18 10.0 19.112 0
212109 25.18 10.0 19.112 0
212140 25.18 10.0 19.112 0
212210 25.18 10.0 19.112 0
212241 25.18 10.0 19.112 0
212311 25.18 10.0 19.112 0
212342 25.18 10.0 19.112 0
212412 25.18 10.0 19.112 0
212443 25.18 10.0 19.112 0
212513 25.18 10.0 19.112 0
212544 25.18 10.0 19.112 0
212614 25.18 10.0 19.112 0
212645 25.18 10.0 19.112 0
212715 25.18 10.0 19.112 0
212746 25.18 10.0 19.112 0
212817 25.18 10.0 19.112 0
212847 25.18 10.0 19.112 0
212918 25.18 10.0 19.112 0
212948 25.18 10.0 19.112 0
213019 25.18 10.0 19.112 0
213049 25.18 10.0 19.112 0
213120 25.18 10.0 19.112 0
213151 25.18 10.0 19.112 0
213221 25.18 10.0 19.112 0
213252 25.18 10.0 19.112 0
213322 25.18 10.0 19.112 0
213353 25.18 10.0 19.112 0
213423 25.18 10.0 19.112 0
213454 25.18 10.0 19.112 0
213524 25.18 10.0 19.112 0
213555 25.18 10.0 19.112 0
213625 25.18 10.0 19.112 0
213656 25.18 10.0 19.112 0
213727 25.18 10.0 19.112 0
213757 25.18 10.0 19.112 0
213828 25.18 10.0 19.112 0
213858 25.18 10.0 19.112 0
213929 25.18 10.0 19.112 0
214000 25.18 10.0 19.112 0
214033 25.18 10.0 19.112 0
214104 25.18 10.0 19.112 0
214134 25.18 10.0 19.112 0
214205 25.18 10.0 19.112 0
214236 25.18 10.0 19.112 0
214306 25.18 10.0 19.112 0
214337 25.18 10.0 19.112 0
214407 25.18 10.0 19.112 0
214438 25.18 10.0 19.112 0
214508 25.18 10.0 19.112 0
214539 25.18 10.0 19.112 0
214610 25.18 10.0 19.112 0
214640 25.18 10.0 19.112 0
214711 25.18 10.0 19.112 0
214742 25.18 10.0 19.112 0
214812 25.18 10.0 19.112 0
214842 25.18 10.0 19.112 0
214913 25.18 10.0 19.112 0
214943 25.18 10.0 19.112 0
215014 25.18 10.0 19.112 0
215044 25.18 10.0 19.112 0
215115 25.18 10.0 19.112 0
215145 25.18 10.0 19.112 0
215216 25.18 10.0 19.112 0
215247 25.18 10.0 19.112 0
215317 25.18 10.0 19.112 0
215347 25.18 10.0 19.112 0
215418 25.18 10.0 19.112 0
215449 25.18 10.0 19.112 0
215519 25.18 10.0 19.112 0
215550 25.18 10.0 19.112 0
215621 25.18 10.0 19.112 0
215651 25.18 10.0 19.112 0
215722 25.18 10.0 19.112 0
215753 25.18 10.0 19.112 0
215823 25.18 10.0 19.112 0
215854 25.18 10.0 19.112 0
215924 25.18 10.0 19.112 0
215955 25.18 10.0 19.112 0
220025 25.18 10.0 19.112 0
220056 25.18 10.0 19.112 0
220126 25.18 10.0 19.112 0
220157 25.18 10.0 19.112 0
220228 25.18 10.0 19.112 0
220258 25.18 10.0 19.112 0
220328 25.18 10.0 19.112 0
220359 25.18 10.0 19.112 0
220429 25.18 10.0 19.112 0
220500 25.18 10.0 19.112 0
220530 25.18 10.0 19.112 0
220601 25.18 10.0 19.112 0
220631 25.18 10.0 19.112 0
220702 25.18 10.0 19.112 0
220732 25.18 10.0 19.112 0
220806 25.18 10.0 19.112 0
220837 25.18 10.0 19.112 0
220907 25.18 10.0 19.112 0
220938 25.18 10.0 19.112 0
221009 25.18 10.0 19.112 0
221039 25.18 10.0 19.112 0
221109 25.18 10.0 19.112 0
221140 25.18 10.0 19.112 0
221210 25.18 10.0 19.112 0
221240 25.18 10.0 19.112 0
221311 25.18 10.0 19.112 0
221341 25.18 10.0 19.112 0
221412 25.18 10.0 19.112 0
221443 25.18 10.0 19.112 0
221513 25.18 10.0 19.112 0
221544 25.18 10.0 19.112 0
221614 25.18 10.0 19.112 0
221645 25.18 10.0 19.112 0
221715 25.18 10.0 19.112 0
221746 25.18 10.0 19.112 0
221816 25.18 10.0 19.112 0
221847 25.18 10.0 19.112 0
221918 25.18 10.0 19.112 0
221948 25.18 10.0 19.112 0
222019 25.18 10.0 19.112 0
222049 25.18 10.0 19.112 0
222120 25.18 10.0 19.112 0
222151 25.18 10.0 19.112 0
222222 25.18 10.0 19.112 0
222252 25.18 10.0 19.112 0
222323 25.18 10.0 19.112 0
222353 25.18 10.0 19.112 0
222424 25.18 10.0 19.112 0
222454 25.18 10.0 19.112 0
222525 25.18 10.0 19.112 0
222555 25.18 10.0 19.112 0
222625 25.18 10.0 19.112 0
222656 25.18 10.0 19.112 0
222727 25.18 10.0 19.112 0
222757 25.18 10.0 19.112 0
222827 25.18 10.0 19.112 0
222858 25.18 10.0 19.112 0
222929 25.18 10.0 19.112 0
222959 25.18 10.0 19.112 0
223030 25.18 10.0 19.112 0
223100 25.18 10.0 19.112 0
223131 25.18 10.0 19.112 0
223202 25.18 10.0 19.112 0
223232 25.18 10.0 19.112 0
223303 25.18 10.0 19.112 0
223333 25.18 10.0 19.112 0
223404 25.18 10.0 19.112 0
223434 25.18 10.0 19.112 0
223504 25.18 10.0 19.112 0
223534 25.18 10.0 19.112 0
223604 25.18 10.0 19.112 0
223635 25.18 10.0 19.112 0
223706 25.18 10.0 19.112 0
223737 25.18 10.0 19.112 0
223810 25.18 10.0 19.112 0
223841 25.18 10.0 19.112 0
223911 25.18 10.0 19.112 0
223942 25.18 10.0 19.112 0
224013 25.18 10.0 19.112 0
224043 25.18 10.0 19.112 0
224113 25.18 10.0 19.112 0
224144 25.18 10.0 19.112 0
224215 25.18 10.0 19.112 0
224245 25.18 10.0 19.112 0
224316 25.18 10.0 19.112 0
224346 25.18 10.0 19.112 0
224417 25.18 10.0 19.112 0
224447 25.18 10.0 19.112 0
224518 25.18 10.0 19.112 0
224548 25.18 10.0 19.112 0
224619 25.18 10.0 19.112 0
224650 25.18 10.0 19.112 0
224720 25.18 10.0 19.112 0
224751 25.18 10.0 19.112 0
224821 25.18 10.0 19.112 0
224852 25.18 10.0 19.112 0
224922 25.18 10.0 19.112 0
224952 25.18 10.0 19.112 0
225022 25.18 10.0 19.112 0
225052 25.18 10.0 19.112 0
225123 25.18 10.0 19.112 0
225153 25.18 10.0 19.112 0
225224 25.18 10.0 19.112 0
225254 25.18 10.0 19.112 0
225325 25.18 10.0 19.112 0
225355 25.18 10.0 19.112 0
225426 25.18 10.0 19.112 0
225456 25.18 10.0 19.112 0
225526 25.18 10.0 19.112 0
225557 25.18 10.0 19.112 0
225628 25.18 10.0 19.112 0
225658 25.18 10.0 19.112 0
225728 25.18 10.0 19.112 0
225759 25.18 10.0 19.112 0
225830 25.18 10.0 19.112 0
225900 25.18 10.0 19.112 0
225931 25.18 10.0 19.112 0
230001 25.18 10.0 19.112 0
230032 25.18 10.0 19.112 0
230102 25.18 10.0 19.112 0
230133 25.18 10.0 19.112 0
230204 25.18 10.0 19.112 0
230234 25.18 10.0 19.112 0
230305 25.18 10.0 19.112 0
230335 25.18 10.0 19.112 0
230406 25.18 10.0 19.112 0
230436 25.18 10.0 19.112 0
230507 25.18 10.0 19.112 0
230537 25.18 10.0 19.112 0
230608 25.18 10.0 19.112 0
230638 25.18 10.0 19.112 0
230709 25.18 10.0 19.112 0
230739 25.18 10.0 19.112 0
230810 25.18 10.0 19.112 0
230840 25.18 10.0 19.112 0
230911 25.18 10.0 19.112 0
230942 25.18 10.0 19.112 0
231012 25.18 10.0 19.112 0
231046 25.18 10.0 19.112 0
231117 25.18 10.0 19.112 0
231147 25.18 10.0 19.112 0
231218 25.18 10.0 19.112 0
231248 25.18 10.0 19.112 0
231319 25.18 10.0 19.112 0
231350 25.18 10.0 19.112 0
231420 25.18 10.0 19.112 0
231451 25.18 10.0 19.112 0
231522 25.18 10.0 19.112 0
231552 25.18 10.0 19.112 0
231622 25.18 10.0 19.112 0
231653 25.18 10.0 19.112 0
231723 25.18 10.0 19.112 0
231753 25.18 10.0 19.112 0
231824 25.18 10.0 19.112 0
231854 25.18 10.0 19.112 0
231924 25.18 10.0 19.112 0
231955 25.18 10.0 19.112 0
232025 25.18 10.0 19.112 0
232055 25.18 10.0 19.112 0
232125 25.18 10.0 19.112 0
232156 25.18 10.0 19.112 0
232226 25.18 10.0 19.112 0
232256 25.18 10.0 19.112 0
232326 25.18 10.0 19.112 0
232357 25.18 10.0 19.112 0
232428 25.18 10.0 19.112 0
232458 25.18 10.0 19.112 0
232529 25.18 10.0 19.112 0
232559 25.18 10.0 19.112 0
232630 25.18 10.0 19.112 0
232701 25.18 10.0 19.112 0
232732 25.18 10.0 19.112 0
232802 25.18 10.0 19.112 0
232833 25.18 10.0 19.112 0
232903 25.18 10.0 19.112 0
232933 25.18 10.0 19.112 0
233004 25.18 10.0 19.112 0
233035 25.18 10.0 19.112 0
233105 25.18 10.0 19.112 0
233136 25.18 10.0 19.112 0
233206 25.18 10.0 19.112 0
233237 25.18 10.0 19.112 0
233307 25.18 10.0 19.112 0
233338 25.18 10.0 19.112 0
233408 25.18 10.0 19.112 0
233439 25.18 10.0 19.112 0
233509 25.18 10.0 19.112 0
233540 25.18 10.0 19.112 0
233610 25.18 10.0 19.112 0
233641 25.18 10.0 19.112 0
233712 25.18 10.0 19.112 0
233742 25.18 10.0 19.112 0
233812 25.18 10.0 19.112 0
233843 25.18 10.0 19.112 0
233914 25.18 10.0 19.112 0
233944 25.18 10.0 19.112 0
234015 25.18 10.0 19.112 0
234045 25.18 10.0 19.112 0
234116 25.18 10.0 19.112 0
234146 25.18 10.0 19.112 0
234217 25.18 10.0 19.112 0
234247 25.18 10.0 19.112 0
234321 25.18 10.0 19.112 0
234352 25.18 10.0 19.112 0
234422 25.18 10.0 19.112 0
234453 25.18 10.0 19.112 0
234523 25.18 10.0 19.112 0
234553 25.18 10.0 19.112 0
234624 25.18 10.0 19.112 0
234655 25.18 10.0 19.112 0
234725 25.18 10.0 19.112 0
234755 25.18 10.0 19.112 0
234826 25.18 10.0 19.112 0
234856 25.18 10.0 19.112 0
234926 25.18 10.0 19.112 0
234956 25.18 10.0 19.112 0
235027 25.18 10.0 19.112 0
235057 25.18 10.0 19.112 0
235128 25.18 10.0 19.112 0
235159 25.18 10.0 19.112 0
235229 25.18 10.0 19.112 0
235300 25.18 10.0 19.112 0
235330 25.18 10.0 19.112 0
235401 25.18 10.0 19.112 0
235432 25.18 10.0 19.112 0
235502 25.18 10.0 19.112 0
235533 25.18 10.0 19.112 0
235603 25.18 10.0 19.112 0
235633 25.18 10.0 19.112 0
235704 25.18 10.0 19.112 0
235734 25.18 10.0 19.112 0
235804 25.18 10.0 19.112 0
235835 25.18 10.0 19.112 0
