235916 20.187 10.0 65.987 0
235946 20.187 10.0 65.987 0
000017 20.187 10.0 65.925 0
000047 20.125 10.0 65.925 0
000117 20.125 10.0 65.925 0
000147 20.125 10.0 65.925 0
000218 20.125 10.0 65.862 0
000248 20.125 10.0 65.862 0
000319 20.187 10.0 65.862 0
000349 20.187 10.0 65.862 0
000420 20.187 10.0 65.8 0
000451 20.187 10.0 65.8 0
000521 20.187 10.0 65.8 0
000551 20.125 10.0 65.8 0
000622 20.125 10.0 65.8 0
000652 20.125 10.0 65.737 0
000723 20.125 10.0 65.737 0
000754 20.125 10.0 65.737 0
000824 20.125 10.0 65.737 0
000855 20.125 10.0 65.737 0
000925 20.125 10.0 65.675 0
000955 20.125 10.0 65.675 0
001026 20.125 10.0 65.675 0
001056 20.062 10.0 65.612 0
001127 20.062 10.0 65.612 0
001157 20.062 10.0 65.612 0
001228 20.062 10.0 65.612 0
001258 20.062 10.0 65.612 0
001328 20.0 10.0 65.55 0
001359 20.0 10.0 65.55 0
001430 20.0 10.0 65.55 0
001500 20.0 10.0 65.487 0
001531 20.0 10.0 65.487 0
001601 20.0 10.0 65.487 0
001631 20.0 10.0 65.487 0
001702 20.0 10.0 65.425 0
001733 20.0 10.0 65.425 0
001805 20.0 10.0 65.425 0
001835 20.0 10.0 65.425 0
001906 20.0 10.0 65.362 0
001937 20.0 10.0 65.362 0
002007 20.0 10.0 65.362 0
002037 20.0 10.0 65.3 0
002107 20.0 10.0 65.3 0
002137 20.0 10.0 65.237 0
002208 20.0 10.0 65.237 0
002238 20.0 10.0 65.237 0
002309 19.937 10.0 65.175 0
002339 19.937 10.0 65.175 0
002410 19.937 10.0 65.112 0
002441 19.937 10.0 65.112 0
002511 19.937 10.0 65.112 0
002541 19.937 10.0 65.05 0
002611 19.937 10.0 65.05 0
002641 19.937 10.0 65.05 0
002712 19.937 10.0 64.987 0
002742 19.937 10.0 64.987 0
002813 19.937 10.0 64.925 0
002843 19.937 10.0 64.925 0
002914 19.937 10.0 64.925 0
002944 19.937 10.0 64.862 0
003014 19.937 10.0 64.862 0
003044 19.937 10.0 64.862 0
003114 19.937 10.0 64.8 0
003145 19.937 10.0 64.8 0
003216 19.937 10.0 64.8 0
003246 19.937 10.0 64.737 0
003316 19.875 10.0 64.737 0
003347 19.875 10.0 64.675 0
003418 19.875 10.0 64.675 0
003448 19.875 10.0 64.675 0
003519 19.875 10.0 64.612 0
003549 19.812 10.0 64.612 0
003620 19.812 10.0 64.612 0
003651 19.812 10.0 64.55 0
003721 19.812 10.0 64.55 0
003752 19.812 10.0 64.487 0
003822 19.75 10.0 64.487 0
003852 19.75 10.0 64.487 0
003922 19.75 10.0 64.425 0
003953 19.75 10.0 64.425 0
004024 19.75 10.0 64.425 0
004054 19.687 10.0 64.362 0
004124 19.687 10.0 64.362 0
004155 19.687 10.0 64.3 0
004225 19.687 10.0 64.3 0
004255 19.687 10.0 64.237 0
004326 19.562 10.0 64.237 0
004356 19.562 10.0 64.175 0
004426 19.562 10.0 64.175 0
004456 19.562 10.0 64.112 0
004527 19.562 10.0 64.112 0
004557 19.562 10.0 64.05 0
004627 19.562 10.0 64.05 0
004657 19.562 10.0 63.987 0
004727 19.562 10.0 63.987 0
004758 19.562 10.0 63.925 0
004828 19.5 10.0 63.925 0
004859 19.5 10.0 63.925 0
004929 19.5 10.0 63.862 0
004959 19.5 10.0 63.862 0
005030 19.5 10.0 63.862 0
005100 19.437 10.0 63.862 0
005130 19.437 10.0 63.862 0
005200 19.437 10.0 63.862 0
005230 19.437 10.0 63.925 0
005301 19.437 10.0 63.925 0
005331 19.437 10.0 63.925 0
005402 19.437 10.0 63.862 0
005432 19.437 10.0 63.862 0
005502 19.437 10.0 63.862 0
005533 19.437 10.0 63.862 0
005604 19.375 10.0 63.862 0
005634 19.375 10.0 63.862 0
005704 19.375 10.0 63.8 0
005734 19.375 10.0 63.8 0
005805 19.375 10.0 63.8 0
005835 19.375 10.0 63.8 0
005906 19.375 10.0 63.737 0
005936 19.375 10.0 63.737 0
010007 19.375 10.0 63.737 0
010039 19.312 10.0 63.737 0
010109 19.312 10.0 63.675 0
010140 19.312 10.0 63.675 0
010210 19.312 10.0 63.675 0
010240 19.312 10.0 63.612 0
010310 19.312 10.0 63.612 0
010341 19.312 10.0 63.55 0
010412 19.312 10.0 63.55 0
010442 19.312 10.0 63.487 0
010513 19.312 10.0 63.487 0
010543 19.25 10.0 63.425 0
010614 19.25 10.0 63.425 0
010645 19.25 10.0 63.362 0
010715 19.25 10.0 63.3 0
010746 19.25 10.0 63.3 0
010816 19.187 10.0 63.3 0
010847 19.187 10.0 63.237 0
010917 19.187 10.0 63.237 0
010948 19.187 10.0 63.237 0
011018 19.187 10.0 63.175 0
011049 19.187 10.0 63.175 0
011119 19.187 10.0 63.175 0
011150 19.187 10.0 63.112 0
011220 19.187 10.0 63.112 0
011251 19.187 10.0 63.05 0
011322 19.187 10.0 63.05 0
011352 19.187 10.0 62.987 0
011423 19.187 10.0 62.987 0
011454 19.187 10.0 62.987 0
011525 19.187 10.0 62.925 0
011555 19.187 10.0 62.925 0
011625 19.187 10.0 62.862 0
011656 19.187 10.0 62.862 0
011727 19.187 10.0 62.8 0
011757 19.187 10.0 62.8 0
011827 19.125 10.0 62.8 0
011858 19.125 10.0 62.737 0
011929 19.125 10.0 62.737 0
011959 19.125 10.0 62.675 0
012029 19.125 10.0 62.675 0
012059 19.125 10.0 62.675 0
012130 19.125 10.0 62.612 0
012200 19.125 10.0 62.612 0
012231 19.125 10.0 62.55 0
012302 19.125 10.0 62.55 0
012332 19.125 10.0 62.487 0
012403 19.125 10.0 62.487 0
012433 19.125 10.0 62.425 0
012504 19.125 10.0 62.362 0
012535 19.125 10.0 62.3 0
012605 19.125 10.0 62.237 0
012635 19.125 10.0 62.175 0
012706 19.125 10.0 62.175 0
012737 19.125 10.0 62.175 0
012807 19.125 10.0 62.112 0
012838 19.062 10.0 62.05 0
012908 19.062 10.0 62.05 0
012939 19.062 10.0 61.987 0
013009 19.062 10.0 61.987 0
013040 19.062 10.0 61.925 0
013110 19.062 10.0 61.925 0
013140 19.062 10.0 61.862 0
013211 19.062 10.0 61.862 0
013241 19.062 10.0 61.8 0
013313 19.062 10.0 61.8 0
013344 19.062 10.0 61.8 0
013414 19.062 10.0 61.737 0
013445 19.062 10.0 61.675 0
013516 19.062 10.0 61.675 0
013546 19.0 10.0 61.612 0
013617 19.0 10.0 61.612 0
013648 19.0 10.0 61.612 0
013718 19.0 10.0 61.55 0
013749 19.0 10.0 61.55 0
013819 19.0 10.0 61.487 0
013850 19.0 10.0 61.487 0
013921 19.0 10.0 61.425 0
013952 19.0 10.0 61.425 0
014022 19.0 10.0 61.362 0
014053 19.0 10.0 61.362 0
014123 19.0 10.0 61.3 0
014154 19.0 10.0 61.3 0
014224 19.0 10.0 61.237 0
014254 19.0 10.0 61.237 0
014325 18.937 10.0 61.175 0
014355 18.937 10.0 61.175 0
014425 18.937 10.0 61.112 0
014455 18.937 10.0 61.05 0
014526 18.937 10.0 60.925 0
014556 18.937 10.0 60.862 0
014627 18.937 10.0 60.8 0
014657 18.937 10.0 60.737 0
014728 18.937 10.0 60.675 0
014759 18.937 10.0 60.675 0
014829 18.937 10.0 60.612 0
014900 18.937 10.0 60.612 0
014931 18.937 10.0 60.55 0
015001 18.937 10.0 60.487 0
015032 18.937 10.0 60.487 0
015102 18.875 10.0 60.425 0
015133 18.875 10.0 60.425 0
015203 18.875 10.0 60.362 0
015234 18.875 10.0 60.362 0
015304 18.875 10.0 60.362 0
015335 18.875 10.0 60.362 0
015405 18.875 10.0 60.362 0
015436 18.875 10.0 60.3 0
015506 18.875 10.0 60.3 0
015536 18.875 10.0 60.3 0
015606 18.875 10.0 60.237 0
015636 18.875 10.0 60.237 0
015707 18.875 10.0 60.237 0
015738 18.875 10.0 60.175 0
015809 18.875 10.0 60.175 0
015839 18.875 10.0 60.175 0
015909 18.875 10.0 60.112 0
015939 18.875 10.0 60.112 0
020010 18.875 10.0 60.05 0
020040 18.875 10.0 60.05 0
020111 18.875 10.0 60.05 0
020141 18.875 10.0 59.987 0
020212 18.875 10.0 59.987 0
020242 18.875 10.0 59.925 0
020312 18.875 10.0 59.925 0
020343 18.875 10.0 59.862 0
020413 18.875 10.0 59.8 0
020444 18.875 10.0 59.8 0
020514 18.875 10.0 59.675 0
020544 18.875 10.0 59.612 0
020614 18.875 10.0 59.55 0
020645 18.875 10.0 59.487 0
020716 18.875 10.0 59.425 0
020746 18.875 10.0 59.425 0
020819 18.812 10.0 59.362 0
020849 18.812 10.0 59.362 0
020920 18.812 10.0 59.3 0
020950 18.812 10.0 59.237 0
021021 18.812 10.0 59.237 0
021052 18.812 10.0 59.175 0
021123 18.812 10.0 59.175 0
021153 18.812 10.0 59.112 0
021223 18.812 10.0 59.112 0
021254 18.812 10.0 59.05 0
021324 18.812 10.0 59.05 0
021355 18.812 10.0 58.987 0
021425 18.812 10.0 58.987 0
021455 18.812 10.0 58.987 0
021526 18.812 10.0 58.925 0
021557 18.75 10.0 58.925 0
021627 18.75 10.0 58.862 0
021657 18.75 10.0 58.862 0
021727 18.75 10.0 58.8 0
021758 18.75 10.0 58.8 0
021829 18.75 10.0 58.737 0
021859 18.75 10.0 58.737 0
021930 18.75 10.0 58.675 0
022000 18.75 10.0 58.675 0
022031 18.75 10.0 58.612 0
022101 18.75 10.0 58.612 0
022131 18.75 10.0 58.55 0
022202 18.75 10.0 58.55 0
022232 18.75 10.0 58.487 0
022303 18.75 10.0 58.487 0
022333 18.75 10.0 58.362 0
022404 18.75 10.0 58.3 0
022434 18.75 10.0 58.175 0
022505 18.75 10.0 58.112 0
022535 18.75 10.0 58.05 0
022605 18.75 10.0 57.987 0
022636 18.75 10.0 57.925 0
022706 18.75 10.0 57.862 0
022737 18.75 10.0 57.8 0
022807 18.75 10.0 57.8 0
022838 18.75 10.0 57.737 0
022909 18.75 10.0 57.737 0
022940 18.75 10.0 57.675 0
023010 18.75 10.0 57.675 0
023040 18.75 10.0 57.612 0
023111 18.687 10.0 57.55 0
023141 18.687 10.0 57.55 0
023211 18.687 10.0 57.487 0
023241 18.687 10.0 57.487 0
023312 18.687 10.0 57.487 0
023342 18.687 10.0 57.425 0
023412 18.687 10.0 57.362 0
023443 18.687 10.0 57.362 0
023514 18.687 10.0 57.362 0
023544 18.687 10.0 57.3 0
023614 18.687 10.0 57.237 0
023645 18.687 10.0 57.237 0
023715 18.687 10.0 57.237 0
023745 18.687 10.0 57.175 0
023815 18.687 10.0 57.175 0
023846 18.687 10.0 57.112 0
023917 18.687 10.0 57.05 0
023947 18.687 10.0 57.05 0
024017 18.687 10.0 57.05 0
024048 18.687 10.0 56.987 0
024118 18.687 10.0 56.987 0
024148 18.687 10.0 56.925 0
024218 18.687 10.0 56.8 0
024249 18.687 10.0 56.737 0
024319 18.687 10.0 56.612 0
024349 18.625 10.0 56.487 0
024420 18.625 10.0 56.425 0
024451 18.625 10.0 56.362 0
024522 18.625 10.0 56.362 0
024552 18.625 10.0 56.362 0
024622 18.625 10.0 56.362 0
024653 18.625 10.0 56.487 0
024723 18.625 10.0 56.675 0
024754 18.625 10.0 56.987 0
024826 18.625 10.0 57.425 0
024856 18.625 10.0 58.05 0
024927 18.625 10.0 58.862 0
024957 18.625 10.0 59.737 0
025027 18.625 10.0 60.737 0
025058 18.625 10.0 61.675 0
025128 18.625 10.0 62.612 0
025159 18.625 10.0 63.3 0
025230 18.625 10.0 63.987 0
025300 18.625 10.0 64.55 0
025330 18.625 10.0 64.987 0
025401 18.625 10.0 65.362 0
025431 18.625 10.0 65.612 0
025501 18.625 10.0 65.8 0
025532 18.625 10.0 66.05 0
025602 18.562 10.0 66.175 0
025633 18.562 10.0 66.3 0
025703 18.562 10.0 66.362 0
025734 18.562 10.0 66.487 0
025804 18.562 10.0 66.55 0
025835 18.562 10.0 66.612 0
025905 18.562 10.0 66.675 0
025935 18.562 10.0 66.675 0
030005 18.562 10.0 66.737 0
030036 18.562 10.0 66.8 0
030106 18.562 10.0 66.737 0
030136 18.562 10.0 66.862 0
030206 18.562 10.0 66.925 0
030237 18.562 10.0 66.925 0
030307 18.562 10.0 66.925 0
030338 18.562 10.0 66.925 0
030408 18.562 10.0 66.925 0
030438 18.562 10.0 66.987 0
030508 18.562 10.0 66.987 0
030539 18.562 10.0 66.987 0
030609 18.562 10.0 66.987 0
030639 18.562 10.0 66.987 0
030710 18.562 10.0 66.987 0
030740 18.562 10.0 66.987 0
030811 18.562 10.0 66.987 0
030841 18.562 10.0 66.987 0
030912 18.562 10.0 66.987 0
030942 18.562 10.0 67.05 0
031013 18.562 10.0 67.05 0
031044 18.562 10.0 67.05 0
031114 18.5 10.0 67.05 0
031145 18.5 10.0 67.05 0
031216 18.5 10.0 67.05 0
031246 18.5 10.0 67.05 0
031317 18.5 10.0 67.05 0
031347 18.5 10.0 67.05 0
031417 18.5 10.0 67.05 0
031448 18.5 10.0 66.987 0
031519 18.5 10.0 67.05 0
031549 18.5 10.0 66.987 0
031620 18.5 10.0 66.987 0
031650 18.5 10.0 66.987 0
031720 18.5 10.0 66.987 0
031751 18.5 10.0 66.987 0
031821 18.5 10.0 66.987 0
031852 18.5 10.0 66.987 0
031923 18.5 10.0 66.987 0
031953 18.5 10.0 66.987 0
032024 18.5 10.0 66.987 0
032055 18.5 10.0 66.987 0
032126 18.5 10.0 66.987 0
032156 18.5 10.0 66.925 0
032226 18.5 10.0 66.925 0
032257 18.5 10.0 66.925 0
032329 18.5 10.0 66.925 0
032400 18.5 10.0 66.925 0
032430 18.5 10.0 66.925 0
032501 18.5 10.0 66.925 0
032531 18.5 10.0 66.925 0
032601 18.437 10.0 66.925 0
032631 18.437 10.0 66.925 0
032702 18.437 10.0 66.925 0
032733 18.437 10.0 66.925 0
032803 18.437 10.0 66.925 0
032834 18.437 10.0 66.862 0
032904 18.437 10.0 66.862 0
032934 18.437 10.0 66.862 0
033005 18.437 10.0 66.862 0
033036 18.437 10.0 66.862 0
033107 18.437 10.0 66.862 0
033137 18.437 10.0 66.8 0
033208 18.437 10.0 66.8 0
033238 18.437 10.0 66.8 0
033308 18.437 10.0 66.8 0
033338 18.437 10.0 66.8 0
033409 18.437 10.0 66.8 0
033440 18.437 10.0 66.8 0
033510 18.437 10.0 66.737 0
033541 18.437 10.0 66.737 0
033611 18.437 10.0 66.737 0
033642 18.437 10.0 66.737 0
033712 18.437 10.0 66.737 0
033743 18.437 10.0 66.737 0
033814 18.437 10.0 66.737 0
033844 18.437 10.0 66.675 0
033915 18.437 10.0 66.675 0
033945 18.437 10.0 66.675 0
034016 18.437 10.0 66.675 0
034046 18.437 10.0 66.675 0
034116 18.437 10.0 66.612 0
034146 18.437 10.0 66.612 0
034216 18.437 10.0 66.612 0
034247 18.437 10.0 66.612 0
034317 18.437 10.0 66.55 0
034347 18.375 10.0 66.55 0
034418 18.375 10.0 66.55 0
034448 18.375 10.0 66.55 0
034519 18.375 10.0 66.487 0
034549 18.375 10.0 66.487 0
034620 18.375 10.0 66.487 0
034650 18.375 10.0 66.425 0
034720 18.375 10.0 66.425 0
034750 18.375 10.0 66.425 0
034821 18.375 10.0 66.425 0
034852 18.375 10.0 66.425 0
034923 18.375 10.0 66.362 0
034953 18.375 10.0 66.362 0
035024 18.375 10.0 66.362 0
035055 18.375 10.0 66.362 0
035125 18.375 10.0 66.3 0
035156 18.375 10.0 66.3 0
035227 18.375 10.0 66.3 0
035258 18.375 10.0 66.3 0
035328 18.375 10.0 66.362 0
035359 18.375 10.0 66.425 0
035429 18.375 10.0 66.487 0
035500 18.375 10.0 66.55 0
035530 18.375 10.0 66.55 0
035602 18.375 10.0 66.55 0
035632 18.375 10.0 66.55 0
035703 18.375 10.0 66.55 0
035734 18.375 10.0 66.55 0
035804 18.375 10.0 66.55 0
035834 18.312 10.0 66.55 0
035904 18.312 10.0 66.55 0
035935 18.312 10.0 66.55 0
040006 18.312 10.0 66.55 0
040036 18.312 10.0 66.487 0
040106 18.375 10.0 66.487 0
040136 18.375 10.0 66.487 0
040206 18.375 10.0 66.487 0
040237 18.375 10.0 66.487 0
040308 18.375 10.0 66.487 0
040339 18.375 10.0 66.487 0
040409 18.375 10.0 66.487 0
040439 18.375 10.0 66.425 0
040509 18.375 10.0 66.425 0
040539 18.375 10.0 66.425 0
040610 18.375 10.0 66.425 0
040640 18.375 10.0 66.425 0
040711 18.375 10.0 66.425 0
040741 18.375 10.0 66.362 0
040811 18.375 10.0 66.362 0
040842 18.375 10.0 66.362 0
040912 18.375 10.0 66.362 0
040942 18.375 10.0 66.3 0
041012 18.375 10.0 66.3 0
041043 18.375 10.0 66.3 0
041113 18.375 10.0 66.3 0
041143 18.375 10.0 66.237 0
041214 18.375 10.0 66.237 0
041244 18.375 10.0 66.237 0
041314 18.375 10.0 66.237 0
041344 18.375 10.0 66.175 0
041414 18.375 10.0 66.175 0
041445 18.375 10.0 66.175 0
041516 18.375 10.0 66.175 0
041546 18.375 10.0 66.175 0
041616 18.375 10.0 66.112 0
041647 18.375 10.0 66.112 0
041717 18.375 10.0 66.112 0
041748 18.375 10.0 66.112 0
041818 18.375 10.0 66.05 0
041848 18.375 10.0 66.05 0
041919 18.375 10.0 66.05 0
041949 18.375 10.0 66.05 0
042020 18.375 10.0 65.987 0
042051 18.375 10.0 65.987 0
042121 18.375 10.0 65.987 0
042151 18.375 10.0 65.925 0
042221 18.375 10.0 65.925 0
042252 18.375 10.0 65.925 0
042322 18.375 10.0 65.925 0
042353 18.375 10.0 65.862 0
042423 18.375 10.0 65.862 0
042454 18.375 10.0 65.862 0
042524 18.375 10.0 65.8 0
042555 18.375 10.0 65.8 0
042625 18.312 10.0 65.8 0
042656 18.312 10.0 65.8 0
042727 18.312 10.0 65.737 0
042757 18.312 10.0 65.737 0
042828 18.312 10.0 65.737 0
042858 18.312 10.0 65.675 0
042928 18.312 10.0 65.675 0
042958 18.312 10.0 65.612 0
043029 18.312 10.0 65.612 0
043100 18.312 10.0 65.55 0
043131 18.375 10.0 65.55 0
043202 18.375 10.0 65.55 0
043232 18.375 10.0 65.55 0
043302 18.375 10.0 65.487 0
043333 18.375 10.0 65.487 0
043403 18.312 10.0 65.487 0
043433 18.312 10.0 65.425 0
043503 18.312 10.0 65.425 0
043533 18.312 10.0 65.425 0
043604 18.312 10.0 65.362 0
043634 18.312 10.0 65.362 0
043704 18.312 10.0 65.362 0
043734 18.312 10.0 65.3 0
043805 18.312 10.0 65.3 0
043836 18.312 10.0 65.237 0
043906 18.312 10.0 65.237 0
043936 18.312 10.0 65.237 0
044006 18.312 10.0 65.175 0
044037 18.312 10.0 65.175 0
044109 18.312 10.0 65.175 0
044140 18.312 10.0 65.112 0
044210 18.312 10.0 65.112 0
044241 18.312 10.0 65.05 0
044312 18.312 10.0 65.05 0
044342 18.312 10.0 65.05 0
044413 18.312 10.0 64.987 0
044444 18.312 10.0 64.987 0
044514 18.312 10.0 64.987 0
044545 18.312 10.0 64.925 0
044616 18.312 10.0 64.925 0
044646 18.312 10.0 64.925 0
044717 18.312 10.0 64.862 0
044747 18.312 10.0 64.862 0
044817 18.312 10.0 64.862 0
044847 18.312 10.0 64.8 0
044917 18.312 10.0 64.8 0
044948 18.312 10.0 64.737 0
045019 18.312 10.0 64.675 0
045049 18.312 10.0 64.675 0
045119 18.312 10.0 64.612 0
045150 18.312 10.0 64.612 0
045221 18.312 10.0 64.55 0
045251 18.312 10.0 64.55 0
045322 18.312 10.0 64.487 0
045353 18.25 10.0 64.487 0
045423 18.25 10.0 64.487 0
045453 18.25 10.0 64.487 0
045523 18.25 10.0 64.487 0
045553 18.25 10.0 64.487 0
045624 18.25 10.0 64.487 0
045654 18.25 10.0 64.55 0
045724 18.25 10.0 64.55 0
045755 18.25 10.0 64.55 0
045825 18.25 10.0 64.55 0
045856 18.25 10.0 64.55 0
045926 18.25 10.0 64.487 0
045957 18.25 10.0 64.487 0
050027 18.25 10.0 64.487 0
050058 18.25 10.0 64.487 0
050128 18.25 10.0 64.425 0
050158 18.25 10.0 64.425 0
050229 18.25 10.0 64.425 0
050259 18.25 10.0 64.425 0
050330 18.25 10.0 64.362 0
050400 18.25 10.0 64.362 0
050430 18.25 10.0 64.362 0
050501 18.25 10.0 64.362 0
050531 18.25 10.0 64.3 0
050602 18.25 10.0 64.3 0
050633 18.25 10.0 64.3 0
050703 18.25 10.0 64.237 0
050734 18.25 10.0 64.237 0
050804 18.25 10.0 64.237 0
050835 18.25 10.0 64.175 0
050905 18.25 10.0 64.175 0
050935 18.25 10.0 64.175 0
051006 18.25 10.0 64.112 0
051037 18.25 10.0 64.05 0
051107 18.25 10.0 64.05 0
051138 18.25 10.0 63.987 0
051209 18.25 10.0 63.987 0
051239 18.25 10.0 63.925 0
051310 18.25 10.0 63.925 0
051341 18.25 10.0 63.862 0
051412 18.25 10.0 63.862 0
051442 18.25 10.0 63.8 0
051513 18.25 10.0 63.8 0
051543 18.25 10.0 63.8 0
051615 18.187 10.0 63.737 0
051646 18.187 10.0 63.737 0
051717 18.187 10.0 63.675 0
051747 18.187 10.0 63.675 0
051818 18.187 10.0 63.675 0
051849 18.187 10.0 63.612 0
051919 18.187 10.0 63.612 0
051950 18.187 10.0 63.55 0
052020 18.187 10.0 63.55 0
052051 18.187 10.0 63.487 0
052122 18.187 10.0 63.487 0
052153 18.187 10.0 63.487 0
052223 18.187 10.0 63.425 0
052254 18.187 10.0 63.425 0
052324 18.187 10.0 63.425 0
052355 18.187 10.0 63.362 0
052425 18.187 10.0 63.362 0
052456 18.187 10.0 63.3 0
052527 18.187 10.0 63.3 0
052557 18.187 10.0 63.237 0
052628 18.187 10.0 63.237 0
052659 18.187 10.0 63.237 0
052729 18.187 10.0 63.175 0
052800 18.187 10.0 63.175 0
052830 18.187 10.0 63.175 0
052901 18.187 10.0 63.112 0
052932 18.187 10.0 63.112 0
053002 18.187 10.0 63.05 0
053033 18.187 10.0 63.05 0
053104 18.187 10.0 62.987 0
053134 18.187 10.0 62.987 0
053205 18.187 10.0 62.925 0
053235 18.187 10.0 62.862 0
053305 18.187 10.0 62.8 0
053336 18.187 10.0 62.8 0
053406 18.187 10.0 62.737 0
053436 18.187 10.0 62.675 0
053507 18.187 10.0 62.675 0
053537 18.187 10.0 62.612 0
053607 18.187 10.0 62.612 0
053638 18.125 10.0 62.55 0
053708 18.125 10.0 62.55 0
053739 18.125 10.0 62.487 0
053809 18.125 10.0 62.487 0
053840 18.125 10.0 62.425 0
053911 18.125 10.0 62.425 0
053941 18.125 10.0 62.362 0
054012 18.125 10.0 62.362 0
054042 18.125 10.0 62.362 0
054113 18.125 10.0 62.3 0
054144 18.125 10.0 62.3 0
054215 18.125 10.0 62.237 0
054245 18.125 10.0 62.237 0
054315 18.125 10.0 62.175 0
054348 18.125 10.0 62.175 0
054419 18.125 10.0 62.112 0
054449 18.125 10.0 62.112 0
054520 18.125 10.0 62.05 0
054551 18.125 10.0 62.05 0
054621 18.125 10.0 61.987 0
054652 18.125 10.0 61.987 0
054723 18.125 10.0 61.925 0
054753 18.125 10.0 61.925 0
054823 18.125 10.0 61.862 0
054854 18.125 10.0 61.862 0
054924 18.125 10.0 61.862 0
054954 18.125 10.0 61.8 0
055025 18.125 10.0 61.8 0
055056 18.125 10.0 61.737 0
055127 18.125 10.0 61.737 0
055157 18.125 10.0 61.675 0
055228 18.125 10.0 61.612 0
055259 18.125 10.0 61.55 0
055329 18.125 10.0 61.425 0
055400 18.125 10.0 61.362 0
055431 18.125 10.0 61.3 0
055501 18.125 10.0 61.3 0
055532 18.125 10.0 61.237 0
055603 18.125 10.0 61.237 0
055633 18.125 10.0 61.175 0
055704 18.125 10.0 61.175 0
055735 18.125 10.0 61.175 0
055805 18.125 10.0 61.175 0
055836 18.125 10.0 61.112 0
055906 18.125 10.0 61.112 0
055937 18.125 10.0 61.112 0
060008 18.125 10.0 61.05 0
060038 18.125 10.0 61.05 0
060109 18.125 10.0 61.05 0
060139 18.125 10.0 61.05 0
060209 18.125 10.0 60.987 0
060240 18.125 10.0 60.987 0
060310 18.125 10.0 60.925 0
060340 18.125 10.0 60.925 0
060410 18.125 10.0 60.925 0
060441 18.125 10.0 60.862 0
060512 18.125 10.0 60.862 0
060542 18.125 10.0 60.8 0
060612 18.125 10.0 60.8 0
060643 18.125 10.0 60.8 0
060713 18.125 10.0 60.737 0
060744 18.125 10.0 60.737 0
060815 18.125 10.0 60.737 0
060845 18.125 10.0 60.675 0
060916 18.062 10.0 60.612 0
060947 18.062 10.0 60.612 0
061017 18.062 10.0 60.612 0
061047 18.062 10.0 60.55 0
061117 18.062 10.0 60.55 0
061148 18.062 10.0 60.487 0
061218 18.062 10.0 60.487 0
061248 18.062 10.0 60.425 0
061319 18.062 10.0 60.3 0
061349 18.062 10.0 60.237 0
061419 18.062 10.0 60.175 0
061450 18.062 10.0 60.112 0
061521 18.062 10.0 60.112 0
061552 18.062 10.0 60.05 0
061623 18.062 10.0 59.987 0
061653 18.062 10.0 59.987 0
061724 18.062 10.0 59.925 0
061755 18.062 10.0 59.925 0
061825 18.062 10.0 59.862 0
061856 18.062 10.0 59.862 0
061926 18.062 10.0 59.8 0
061956 18.062 10.0 59.8 0
062027 18.062 10.0 59.737 0
062057 18.062 10.0 59.737 0
062127 18.062 10.0 59.675 0
062158 18.062 10.0 59.675 0
062228 18.062 10.0 59.612 0
062259 18.062 10.0 59.612 0
062330 18.062 10.0 59.55 0
062400 18.062 10.0 59.55 0
062431 18.062 10.0 59.487 0
062502 18.062 10.0 59.487 0
062532 18.062 10.0 59.425 0
062602 18.062 10.0 59.425 0
062632 18.062 10.0 59.362 0
062703 18.062 10.0 59.362 0
062733 18.062 10.0 59.3 0
062804 18.062 10.0 59.3 0
062834 18.062 10.0 59.237 0
062905 18.062 10.0 59.237 0
062936 18.062 10.0 59.175 0
063006 18.062 10.0 59.175 0
063037 18.062 10.0 59.112 0
063107 18.062 10.0 59.112 0
063138 18.062 10.0 59.05 0
063208 18.062 10.0 58.987 0
063238 18.062 10.0 58.862 0
063308 18.062 10.0 58.737 0
063338 18.062 10.0 58.675 0
063408 18.062 10.0 58.612 0
063439 18.062 10.0 58.55 0
063509 18.062 10.0 58.487 0
063539 18.062 10.0 58.425 0
063610 18.062 10.0 58.425 0
063640 18.0 10.0 58.362 0
063711 18.0 10.0 58.362 0
063742 18.0 10.0 58.3 0
063812 18.0 10.0 58.237 0
063843 18.0 10.0 58.237 0
063914 18.0 10.0 58.175 0
063944 18.0 10.0 58.175 0
064015 18.0 10.0 58.112 0
064045 18.0 10.0 58.112 0
064116 18.0 10.0 58.05 0
064147 18.0 10.0 58.05 0
064217 18.0 10.0 57.987 0
064247 18.0 10.0 57.987 0
064317 18.0 10.0 57.925 0
064348 18.0 10.0 57.925 0
064419 18.0 10.0 57.862 0
064449 18.0 10.0 57.862 0
064520 18.0 10.0 57.8 0
064550 18.0 10.0 57.8 0
064621 18.0 10.0 57.737 0
064652 18.0 10.0 57.737 0
064723 18.0 10.0 57.675 0
064753 18.0 10.0 57.612 0
064823 18.0 10.0 57.612 0
064853 18.0 10.0 57.612 0
064924 18.0 10.0 57.55 0
064954 18.0 10.0 57.487 0
065025 18.0 10.0 57.487 0
065055 18.0 10.0 57.425 0
065127 18.0 10.0 57.3 0
065158 18.0 10.0 57.175 0
065228 18.0 10.0 57.05 0
065259 18.0 10.0 56.987 0
065330 18.0 10.0 56.925 0
065400 17.937 10.0 56.8 0
065430 17.937 10.0 56.8 0
065501 17.937 10.0 56.737 0
065531 17.937 10.0 56.737 0
065602 17.937 10.0 56.737 0
065633 17.937 10.0 56.737 0
065703 17.937 10.0 56.8 0
065734 17.937 10.0 56.925 0
065805 17.937 10.0 57.05 0
065835 17.937 10.0 57.362 0
065906 17.937 10.0 57.862 0
065936 17.937 10.0 58.425 0
070006 17.937 10.0 59.237 0
070037 17.937 10.0 60.175 0
070108 17.937 10.0 61.175 0
070138 17.937 10.0 62.237 0
070208 17.937 10.0 63.112 0
070239 17.937 10.0 63.862 0
070309 17.937 10.0 64.425 0
070340 17.937 10.0 64.925 0
070410 17.937 10.0 65.3 0
070440 17.937 10.0 65.612 0
070511 17.937 10.0 65.8 0
070541 17.937 10.0 65.987 0
070611 17.937 10.0 66.175 0
070641 17.937 10.0 66.3 0
070712 17.937 10.0 66.362 0
070742 17.937 10.0 66.487 0
070813 17.937 10.0 66.55 0
070843 17.937 10.0 66.612 0
070914 17.937 10.0 66.675 0
070944 17.937 10.0 66.675 0
071014 17.937 10.0 66.737 0
071045 17.937 10.0 66.8 0
071115 17.937 10.0 66.8 0
071146 17.937 10.0 66.862 0
071216 17.937 10.0 66.862 0
071247 17.937 10.0 66.862 0
071317 17.937 10.0 66.862 0
071348 17.937 10.0 66.925 0
071419 17.937 10.0 66.925 0
071449 17.937 10.0 66.925 0
071520 17.937 10.0 66.925 0
071551 17.937 10.0 66.925 0
071621 17.937 10.0 66.925 0
071651 17.875 10.0 66.925 0
071722 17.875 10.0 66.925 0
071753 17.875 10.0 66.925 0
071823 17.875 10.0 66.925 0
071854 17.875 10.0 66.925 0
071924 17.937 10.0 66.925 0
071955 17.937 10.0 66.925 0
072026 17.937 10.0 66.925 0
072056 17.937 10.0 66.925 0
072127 17.937 10.0 66.925 0
072158 17.937 10.0 66.925 0
072228 17.937 10.0 66.925 0
072259 17.937 10.0 66.925 0
072329 17.937 10.0 66.925 0
072401 17.875 10.0 66.925 0
072432 17.875 10.0 66.925 0
072503 17.875 10.0 66.925 0
072534 17.875 10.0 66.925 0
072604 17.875 10.0 66.925 0
072635 17.875 10.0 66.925 0
072706 17.875 10.0 66.925 0
072736 17.875 10.0 66.925 0
072806 17.875 10.0 66.925 0
072836 17.875 10.0 66.925 0
072907 17.875 10.0 66.925 0
072937 17.875 10.0 66.925 0
073008 17.875 10.0 66.925 0
073038 17.875 10.0 66.862 0
073108 17.875 10.0 66.862 0
073138 17.875 10.0 66.862 0
073209 17.875 10.0 66.862 0
073240 17.875 10.0 66.862 0
073310 17.875 10.0 66.862 0
073341 17.875 10.0 66.862 0
073411 17.875 10.0 66.862 0
073442 17.875 10.0 66.862 0
073513 17.875 10.0 66.862 0
073543 17.875 10.0 66.862 0
073614 17.875 10.0 66.862 0
073645 17.875 10.0 66.8 0
073715 17.875 10.0 66.8 0
073746 17.875 10.0 66.8 0
073816 17.875 10.0 66.8 0
073847 17.875 10.0 66.8 0
073918 17.875 10.0 66.8 0
073948 17.875 10.0 66.8 0
074019 17.875 10.0 66.737 0
074050 17.875 10.0 66.737 0
074120 17.875 10.0 66.737 0
074151 17.875 10.0 66.737 0
074221 17.875 10.0 66.675 0
074251 17.875 10.0 66.675 0
074322 17.875 10.0 66.675 0
074354 17.875 10.0 66.675 0
074424 17.875 10.0 66.675 0
074455 17.875 10.0 66.675 0
074526 17.875 10.0 66.612 0
074557 17.875 10.0 66.612 0
074627 17.875 10.0 66.612 0
074657 17.812 10.0 66.612 0
074727 17.812 10.0 66.612 0
074757 17.812 10.0 66.55 0
074828 17.812 10.0 66.55 0
074858 17.812 10.0 66.55 0
074928 17.812 10.0 66.55 0
074958 17.812 10.0 66.55 0
075029 17.812 10.0 66.487 0
075100 17.812 10.0 66.487 0
075130 17.812 10.0 66.487 0
075200 17.812 10.0 66.487 0
075231 17.812 10.0 66.487 0
075301 17.812 10.0 66.425 0
075332 17.812 10.0 66.425 0
075405 17.812 10.0 66.425 0
075435 17.812 10.0 66.425 0
075506 17.812 10.0 66.362 0
075536 17.812 10.0 66.362 0
075607 17.812 10.0 66.362 0
075638 17.812 10.0 66.3 0
075708 17.812 10.0 66.3 0
075738 17.812 10.0 66.3 0
075809 17.812 10.0 66.3 0
075839 17.812 10.0 66.237 0
075910 17.812 10.0 66.237 0
075940 17.812 10.0 66.237 0
080011 17.812 10.0 66.237 0
080041 17.812 10.0 66.175 0
080112 17.812 10.0 66.175 0
080142 17.812 10.0 66.175 0
080213 17.812 10.0 66.175 0
080244 17.812 10.0 66.112 0
080315 17.812 10.0 66.112 0
080345 17.812 10.0 66.175 0
080416 17.812 10.0 66.237 0
080446 17.812 10.0 66.3 0
080517 17.812 10.0 66.362 0
080548 17.812 10.0 66.425 0
080618 17.812 10.0 66.425 0
080649 17.812 10.0 66.487 0
080720 17.812 10.0 66.487 0
080750 17.812 10.0 66.487 0
080821 17.812 10.0 66.487 0
080851 17.812 10.0 66.487 0
080922 17.75 10.0 66.487 0
080952 17.75 10.0 66.487 0
081023 17.75 10.0 66.487 0
081054 17.75 10.0 66.487 0
081124 17.75 10.0 66.487 0
081155 17.75 10.0 66.487 0
081226 17.75 10.0 66.425 0
081256 17.75 10.0 66.425 0
081327 17.75 10.0 66.425 0
081357 17.75 10.0 66.425 0
081428 17.75 10.0 66.425 0
081459 17.75 10.0 66.362 0
081529 17.75 10.0 66.362 0
081600 17.75 10.0 66.362 0
081630 17.75 10.0 66.362 0
081701 17.75 10.0 66.3 0
081731 17.75 10.0 66.3 0
081801 17.75 10.0 66.3 0
081832 17.75 10.0 66.3 0
081903 17.75 10.0 66.237 0
081934 17.75 10.0 66.237 0
082004 17.75 10.0 66.237 0
082034 17.75 10.0 66.237 0
082105 17.75 10.0 66.237 0
082135 17.75 10.0 66.175 0
082206 17.75 10.0 66.175 0
082237 17.75 10.0 66.175 0
082307 17.75 10.0 66.175 0
082337 17.75 10.0 66.112 0
082409 17.75 10.0 66.112 0
082439 17.75 10.0 66.112 0
082509 17.75 10.0 66.05 0
082539 17.75 10.0 66.05 0
082609 17.75 10.0 66.05 0
082640 17.687 10.0 66.05 0
082710 17.687 10.0 65.987 0
082740 17.687 10.0 65.987 0
082811 17.687 10.0 65.987 0
082841 17.687 10.0 65.987 0
082911 17.687 10.0 65.925 0
082942 17.687 10.0 65.925 0
083012 17.687 10.0 65.925 0
083042 17.687 10.0 65.925 0
083113 17.687 10.0 65.862 0
083144 17.687 10.0 65.862 0
083215 17.687 10.0 65.862 0
083245 17.687 10.0 65.8 0
083316 17.687 10.0 65.8 0
083346 17.687 10.0 65.8 0
083417 17.687 10.0 65.737 0
083448 17.687 10.0 65.737 0
083519 17.687 10.0 65.737 0
083549 17.687 10.0 65.737 0
083619 17.687 10.0 65.675 0
083649 17.687 10.0 65.675 0
083720 17.687 10.0 65.612 0
083750 17.687 10.0 65.612 0
083820 17.687 10.0 65.55 0
083851 17.687 10.0 65.55 0
083921 17.687 10.0 65.55 0
083952 17.687 10.0 65.487 0
084022 17.687 10.0 65.487 0
084053 17.687 10.0 65.487 0
084123 17.687 10.0 65.425 0
084154 17.687 10.0 65.425 0
084224 17.687 10.0 65.425 0
084255 17.687 10.0 65.362 0
084325 17.687 10.0 65.362 0
084356 17.687 10.0 65.362 0
084426 17.687 10.0 65.3 0
084457 17.687 10.0 65.3 0
084527 17.687 10.0 65.3 0
084557 17.687 10.0 65.237 0
084627 17.687 10.0 65.237 0
084658 17.687 10.0 65.237 0
084728 17.687 10.0 65.175 0
084758 17.687 10.0 65.175 0
084829 17.687 10.0 65.175 0
084859 17.687 10.0 65.112 0
084930 17.625 10.0 65.112 0
085001 17.625 10.0 65.05 0
085031 17.625 10.0 65.05 0
085102 17.625 10.0 65.05 0
085133 17.625 10.0 64.987 0
085203 17.625 10.0 64.987 0
085233 17.625 10.0 64.987 0
085304 17.625 10.0 64.925 0
085335 17.625 10.0 64.925 0
085405 17.625 10.0 64.925 0
085436 17.625 10.0 64.862 0
085506 17.625 10.0 64.862 0
085537 17.625 10.0 64.862 0
085607 17.625 10.0 64.8 0
085638 17.625 10.0 64.8 0
085708 17.562 10.0 64.737 0
085738 17.562 10.0 64.737 0
085808 17.562 10.0 64.737 0
085839 17.562 10.0 64.675 0
085910 17.562 10.0 64.612 0
085940 17.625 10.0 64.612 0
090010 17.625 10.0 64.55 0
090041 17.625 10.0 64.55 0
090112 17.625 10.0 64.487 0
090144 17.562 10.0 64.487 0
090214 17.562 10.0 64.425 0
090245 17.562 10.0 64.425 0
090315 17.562 10.0 64.425 0
090345 17.562 10.0 64.362 0
090415 17.562 10.0 64.362 0
090445 17.562 10.0 64.362 0
090516 17.562 10.0 64.362 0
090546 17.562 10.0 64.362 0
090617 17.562 10.0 64.425 0
090648 17.562 10.0 64.425 0
090718 17.562 10.0 64.487 0
090749 17.562 10.0 64.487 0
090819 17.562 10.0 64.487 0
090850 17.562 10.0 64.55 0
090920 17.562 10.0 64.55 0
090950 17.562 10.0 64.55 0
091021 17.562 10.0 64.55 0
091051 17.562 10.0 64.55 0
091122 17.562 10.0 64.487 0
091152 17.562 10.0 64.487 0
091223 17.562 10.0 64.487 0
091253 17.562 10.0 64.487 0
091324 17.562 10.0 64.487 0
091354 17.562 10.0 64.487 0
091425 17.562 10.0 64.487 0
091456 17.562 10.0 64.425 0
091526 17.562 10.0 64.425 0
091557 17.562 10.0 64.425 0
091627 17.562 10.0 64.425 0
091658 17.562 10.0 64.362 0
091728 17.562 10.0 64.362 0
091758 17.562 10.0 64.362 0
091828 17.562 10.0 64.3 0
091859 17.562 10.0 64.3 0
091929 17.562 10.0 64.3 0
091959 17.562 10.0 64.237 0
092029 17.562 10.0 64.237 0
092100 17.562 10.0 64.175 0
092130 17.562 10.0 64.175 0
092200 17.562 10.0 64.175 0
092231 17.562 10.0 64.112 0
092301 17.562 10.0 64.112 0
092332 17.562 10.0 64.05 0
092402 17.562 10.0 64.05 0
092432 17.562 10.0 63.987 0
092503 17.562 10.0 63.987 0
092533 17.562 10.0 63.987 0
092604 17.562 10.0 63.925 0
092634 17.562 10.0 63.925 0
092705 17.562 10.0 63.862 0
092736 17.562 10.0 63.862 0
092806 17.562 10.0 63.8 0
092836 17.562 10.0 63.8 0
092907 17.562 10.0 63.8 0
092938 17.625 10.0 63.737 0
093008 17.625 10.0 63.737 0
093039 17.625 10.0 63.675 0
093110 17.625 10.0 63.675 0
093140 17.625 10.0 63.675 0
093211 17.625 10.0 63.612 0
093242 17.625 10.0 63.612 0
093312 17.625 10.0 63.55 0
093342 17.625 10.0 63.55 0
093413 17.625 10.0 63.55 0
093443 17.562 10.0 63.487 0
093514 17.562 10.0 63.487 0
093545 17.562 10.0 63.425 0
093615 17.562 10.0 63.425 0
093645 17.562 10.0 63.425 0
093715 17.562 10.0 63.362 0
093746 17.562 10.0 63.362 0
093817 17.562 10.0 63.3 0
093847 17.562 10.0 63.3 0
093919 17.562 10.0 63.237 0
093949 17.562 10.0 63.237 0
094019 17.562 10.0 63.237 0
094050 17.562 10.0 63.175 0
094121 17.562 10.0 63.112 0
094151 17.625 10.0 63.05 0
094221 17.625 10.0 63.05 0
094251 17.625 10.0 62.987 0
094322 17.625 10.0 62.925 0
094353 17.625 10.0 62.925 0
094423 17.687 10.0 62.862 0
094454 17.687 10.0 62.862 0
094524 17.687 10.0 62.8 0
094555 17.687 10.0 62.8 0
094625 17.687 10.0 62.8 0
094656 17.625 10.0 62.737 0
094726 17.625 10.0 62.675 0
094757 17.625 10.0 62.675 0
094827 17.625 10.0 62.675 0
094857 17.625 10.0 62.612 0
094928 17.625 10.0 62.55 0
094959 17.625 10.0 62.55 0
095029 17.625 10.0 62.55 0
095100 17.625 10.0 62.487 0
095130 17.625 10.0 62.487 0
095201 17.625 10.0 62.425 0
095231 17.625 10.0 62.425 0
095302 17.625 10.0 62.362 0
095332 17.625 10.0 62.362 0
095403 17.625 10.0 62.3 0
095433 17.625 10.0 62.3 0
095504 17.625 10.0 62.3 0
095534 17.625 10.0 62.237 0
095604 17.625 10.0 62.237 0
095634 17.625 10.0 62.175 0
095705 17.625 10.0 62.175 0
095735 17.625 10.0 62.112 0
095805 17.625 10.0 62.112 0
095836 17.625 10.0 62.05 0
095906 17.625 10.0 62.05 0
095936 17.625 10.0 61.987 0
100006 17.625 10.0 61.987 0
100036 17.625 10.0 61.925 0
100107 17.625 10.0 61.925 0
100137 17.625 10.0 61.862 0
100208 17.625 10.0 61.8 0
100239 17.625 10.0 61.737 0
100309 17.625 10.0 61.675 0
100340 17.625 10.0 61.612 0
100410 17.625 10.0 61.55 0
100440 17.625 10.0 61.55 0
100510 17.625 10.0 61.487 0
100541 17.625 10.0 61.487 0
100611 17.625 10.0 61.425 0
100641 17.625 10.0 61.425 0
100712 17.625 10.0 61.425 0
100743 17.625 10.0 61.425 0
100813 17.625 10.0 61.425 0
100843 17.625 10.0 61.425 0
100914 17.625 10.0 61.487 0
100944 17.625 10.0 61.487 0
101014 17.625 10.0 61.487 0
101044 17.625 10.0 61.487 0
101114 17.625 10.0 61.487 0
101145 17.625 10.0 61.487 0
101215 17.687 10.0 61.425 0
101246 17.687 10.0 61.425 0
101317 17.687 10.0 61.425 0
101347 17.687 10.0 61.425 0
101417 17.687 10.0 61.362 0
101447 17.687 10.0 61.362 0
101518 17.687 10.0 61.362 0
101548 17.687 10.0 61.3 0
101619 17.687 10.0 61.3 0
101649 17.687 10.0 61.3 0
101719 17.625 10.0 61.237 0
101750 17.625 10.0 61.237 0
101820 17.625 10.0 61.237 0
101851 17.625 10.0 61.175 0
101924 17.625 10.0 61.175 0
101954 17.625 10.0 61.175 0
102025 17.625 10.0 61.112 0
102055 17.625 10.0 61.112 0
102126 17.625 10.0 61.05 0
102156 17.625 10.0 60.987 0
102227 17.625 10.0 60.987 0
102258 17.625 10.0 60.925 0
102328 17.625 10.0 60.862 0
102359 17.625 10.0 60.862 0
102429 17.625 10.0 60.8 0
102500 17.625 10.0 60.8 0
102531 17.625 10.0 60.737 0
102601 17.625 10.0 60.737 0
102632 17.625 10.0 60.675 0
102702 17.562 10.0 60.612 0
102733 17.562 10.0 60.612 0
102804 17.562 10.0 60.612 0
102834 17.562 10.0 60.55 0
102904 17.562 10.0 60.55 0
102934 17.5 10.0 60.487 0
103004 17.5 10.0 60.487 0
103034 17.5 10.0 60.425 0
103105 17.5 10.0 60.425 0
103135 17.5 10.0 60.362 0
103205 17.562 10.0 60.362 0
103236 17.562 10.0 60.3 0
103306 17.562 10.0 60.3 0
103337 17.562 10.0 60.3 0
103407 17.562 10.0 60.237 0
103437 17.562 10.0 60.237 0
103508 17.562 10.0 60.175 0
103538 17.562 10.0 60.175 0
103609 17.562 10.0 60.112 0
103640 17.562 10.0 60.112 0
103711 17.5 10.0 60.05 0
103741 17.5 10.0 60.05 0
103812 17.5 10.0 60.05 0
103842 17.5 10.0 59.987 0
103912 17.5 10.0 59.987 0
103943 17.562 10.0 59.925 0
104013 17.562 10.0 59.925 0
104044 17.562 10.0 59.862 0
104114 17.562 10.0 59.8 0
104145 17.562 10.0 59.737 0
104216 17.625 10.0 59.675 0
104246 17.625 10.0 59.612 0
104316 17.625 10.0 59.55 0
104346 17.625 10.0 59.55 0
104416 17.625 10.0 59.487 0
104446 17.625 10.0 59.425 0
104517 17.625 10.0 59.425 0
104547 17.625 10.0 59.362 0
104617 17.625 10.0 59.3 0
104647 17.625 10.0 59.3 0
104718 17.687 10.0 59.3 0
104748 17.687 10.0 59.237 0
104818 17.687 10.0 59.175 0
104849 17.687 10.0 59.175 0
104920 17.687 10.0 59.112 0
104950 17.687 10.0 59.112 0
105021 17.687 10.0 59.05 0
105051 17.687 10.0 59.05 0
105121 17.687 10.0 59.05 0
105152 17.687 10.0 58.987 0
105222 17.687 10.0 58.987 0
105253 17.687 10.0 58.925 0
105323 17.687 10.0 58.925 0
105353 17.687 10.0 58.862 0
105424 17.687 10.0 58.862 0
105454 17.687 10.0 58.8 0
105524 17.687 10.0 58.8 0
105555 17.687 10.0 58.737 0
105625 17.687 10.0 58.737 0
105658 17.75 10.0 58.737 0
105728 17.75 10.0 58.675 0
105759 17.75 10.0 58.675 0
105830 17.75 10.0 58.612 0
105900 17.75 10.0 58.612 0
105931 17.75 10.0 58.55 0
110002 17.75 10.0 58.55 0
110032 17.75 10.0 58.487 0
110102 17.75 10.0 58.425 0
110133 17.75 10.0 58.3 0
110203 17.75 10.0 58.237 0
110233 17.75 10.0 58.175 0
110303 17.75 10.0 58.05 0
110334 17.75 10.0 58.05 0
110404 17.75 10.0 57.987 0
110435 17.75 10.0 57.925 0
110505 17.75 10.0 57.925 0
110536 17.75 10.0 57.862 0
110607 17.75 10.0 57.862 0
110637 17.75 10.0 57.8 0
110708 17.75 10.0 57.8 0
110738 17.75 10.0 57.737 0
110809 17.75 10.0 57.737 0
110840 17.75 10.0 57.737 0
110910 17.75 10.0 57.737 0
110941 17.75 10.0 57.737 0
111011 17.75 10.0 57.737 0
111041 17.75 10.0 57.737 0
111112 17.75 10.0 57.675 0
111142 17.75 10.0 57.675 0
111212 17.75 10.0 57.675 0
111243 17.75 10.0 57.675 0
111313 17.75 10.0 57.612 0
111344 17.75 10.0 57.612 0
111415 17.75 10.0 57.612 0
111445 17.687 10.0 57.55 0
111516 17.687 10.0 57.55 0
111547 17.687 10.0 57.55 0
111617 17.687 10.0 57.487 0
111648 17.687 10.0 57.487 0
111719 17.687 10.0 57.487 0
111750 17.687 10.0 57.487 0
111820 17.687 10.0 57.425 0
111850 17.687 10.0 57.425 0
111920 17.687 10.0 57.362 0
111951 17.687 10.0 57.3 0
112021 17.687 10.0 57.237 0
112051 17.687 10.0 57.175 0
112122 17.687 10.0 57.112 0
112152 17.687 10.0 57.05 0
112222 17.625 10.0 57.05 0
112253 17.625 10.0 56.987 0
112324 17.625 10.0 56.987 0
112355 17.625 10.0 56.925 0
112425 17.625 10.0 56.925 0
112456 17.625 10.0 56.862 0
112526 17.625 10.0 56.862 0
112556 17.625 10.0 56.8 0
112627 17.625 10.0 56.8 0
112657 17.625 10.0 56.8 0
112728 17.625 10.0 56.8 0
112758 17.625 10.0 56.925 0
112829 17.625 10.0 57.112 0
112859 17.625 10.0 57.425 0
112929 17.625 10.0 57.8 0
112959 17.375 10.0 58.362 0
113030 17.375 10.0 59.175 0
113100 17.375 10.0 60.05 0
113130 17.375 10.0 61.05 0
113203 17.187 10.0 61.987 0
113234 17.187 10.0 62.862 0
113304 17.187 10.0 63.487 0
113334 17.187 10.0 64.05 0
113405 17.187 10.0 64.487 0
113435 17.187 10.0 64.8 0
113505 17.187 10.0 65.05 0
113536 17.187 10.0 65.3 0
113607 17.187 10.0 65.425 0
113637 17.187 10.0 65.55 0
113708 17.437 10.0 65.675 0
113738 17.437 10.0 65.737 0
113808 17.437 10.0 65.8 0
113839 17.437 10.0 65.925 0
113909 17.437 10.0 65.925 0
113940 17.5 10.0 65.987 0
114011 17.5 10.0 65.987 0
114041 17.5 10.0 65.987 0
114112 17.5 10.0 66.05 0
114143 17.5 10.0 66.05 0
114213 17.5 10.0 66.05 0
114244 17.5 10.0 66.05 0
114314 17.5 10.0 66.05 0
114344 17.5 10.0 66.05 0
114415 17.5 10.0 66.112 0
114445 17.562 10.0 66.112 0
114516 17.562 10.0 66.112 0
114546 17.562 10.0 66.112 0
114617 17.562 10.0 66.112 0
114647 17.562 10.0 66.112 0
114717 17.562 10.0 66.112 0
114748 17.562 10.0 66.112 0
114819 17.562 10.0 66.112 0
114849 17.562 10.0 66.112 0
114920 17.562 10.0 66.112 0
114951 17.625 10.0 66.112 0
115021 17.625 10.0 66.112 0
115052 17.625 10.0 66.112 0
115122 17.625 10.0 66.112 0
115153 17.625 10.0 66.112 0
115223 17.625 10.0 66.112 0
115253 17.625 10.0 66.112 0
115323 17.625 10.0 66.112 0
115354 17.625 10.0 66.112 0
115424 17.625 10.0 66.112 0
115454 17.687 10.0 66.112 0
115525 17.687 10.0 66.112 0
115555 17.687 10.0 66.112 0
115626 17.687 10.0 66.112 0
115657 17.687 10.0 66.112 0
115727 17.687 10.0 66.112 0
115757 17.687 10.0 66.112 0
115827 17.687 10.0 66.112 0
115858 17.687 10.0 66.05 0
115929 17.687 10.0 66.05 0
115959 17.625 10.0 66.05 0
120030 17.625 10.0 66.05 0
120100 17.625 10.0 66.05 0
120131 17.625 10.0 66.05 0
120201 17.625 10.0 66.05 0
120231 17.625 10.0 66.05 0
120302 17.625 10.0 66.05 0
120332 17.625 10.0 66.05 0
120403 17.625 10.0 66.05 0
120433 17.625 10.0 66.05 0
120504 17.625 10.0 65.987 0
120534 17.625 10.0 65.987 0
120605 17.625 10.0 65.987 0
120635 17.625 10.0 65.987 0
120706 17.625 10.0 65.987 0
120736 17.562 10.0 65.987 0
120807 17.562 10.0 65.987 0
120837 17.562 10.0 65.987 0
120907 17.562 10.0 65.987 0
120940 17.562 10.0 65.925 0
121011 17.562 10.0 65.925 0
121041 17.562 10.0 65.925 0
121112 17.562 10.0 65.925 0
121142 17.562 10.0 65.925 0
121213 17.562 10.0 65.925 0
121244 17.562 10.0 65.925 0
121314 17.562 10.0 65.862 0
121344 17.562 10.0 65.862 0
121414 17.562 10.0 65.862 0
121444 17.562 10.0 65.862 0
121515 17.562 10.0 65.862 0
121545 17.562 10.0 65.862 0
121615 17.562 10.0 65.8 0
121646 17.562 10.0 65.8 0
121716 17.562 10.0 65.8 0
121746 17.562 10.0 65.8 0
121817 17.562 10.0 65.8 0
121847 17.562 10.0 65.737 0
121917 17.562 10.0 65.737 0
121947 17.625 10.0 65.737 0
122018 17.625 10.0 65.737 0
122048 17.625 10.0 65.675 0
122118 17.625 10.0 65.675 0
122149 17.625 10.0 65.675 0
122220 17.625 10.0 65.675 0
122250 17.625 10.0 65.675 0
122320 17.625 10.0 65.612 0
122351 17.625 10.0 65.612 0
122421 17.625 10.0 65.612 0
122451 17.687 10.0 65.612 0
122521 17.687 10.0 65.55 0
122552 17.687 10.0 65.55 0
122622 17.687 10.0 65.55 0
122652 17.687 10.0 65.55 0
122722 17.75 10.0 65.487 0
122752 17.75 10.0 65.487 0
122823 17.75 10.0 65.487 0
122854 17.75 10.0 65.487 0
122924 17.75 10.0 65.425 0
122955 17.75 10.0 65.425 0
123025 17.75 10.0 65.425 0
123055 17.75 10.0 65.425 0
123125 17.75 10.0 65.362 0
123156 17.75 10.0 65.362 0
123226 17.812 10.0 65.362 0
123257 17.812 10.0 65.362 0
123327 17.812 10.0 65.3 0
123357 17.812 10.0 65.362 0
123427 17.812 10.0 65.425 0
123458 17.812 10.0 65.487 0
123529 17.812 10.0 65.55 0
123559 17.812 10.0 65.612 0
123629 17.812 10.0 65.612 0
123659 17.812 10.0 65.612 0
123729 17.812 10.0 65.612 0
123759 17.812 10.0 65.612 0
123830 17.812 10.0 65.612 0
123901 17.812 10.0 65.612 0
123932 17.812 10.0 65.612 0
124002 17.812 10.0 65.55 0
124033 17.812 10.0 65.55 0
124104 17.812 10.0 65.55 0
124134 17.812 10.0 65.487 0
124204 17.812 10.0 65.487 0
124235 17.812 10.0 65.487 0
124306 17.812 10.0 65.487 0
124336 17.812 10.0 65.487 0
124406 17.812 10.0 65.425 0
124437 17.812 10.0 65.425 0
124507 17.812 10.0 65.425 0
124538 17.812 10.0 65.362 0
124609 17.812 10.0 65.362 0
124639 17.812 10.0 65.362 0
124710 17.812 10.0 65.362 0
124740 17.875 10.0 65.3 0
124811 17.875 10.0 65.3 0
124841 17.875 10.0 65.3 0
124912 17.875 10.0 65.3 0
124942 17.875 10.0 65.3 0
125013 17.937 10.0 65.237 0
125044 17.937 10.0 65.237 0
125115 17.937 10.0 65.237 0
125145 17.937 10.0 65.237 0
125217 17.937 10.0 65.175 0
125247 17.937 10.0 65.175 0
125318 17.937 10.0 65.175 0
125349 17.937 10.0 65.175 0
125419 17.937 10.0 65.112 0
125449 17.875 10.0 65.112 0
125520 17.875 10.0 65.112 0
125550 17.875 10.0 65.112 0
125620 17.875 10.0 65.05 0
125651 17.875 10.0 65.05 0
125722 17.875 10.0 65.05 0
125752 17.875 10.0 64.987 0
125823 17.875 10.0 64.987 0
125854 17.875 10.0 64.987 0
125925 17.875 10.0 64.987 0
125955 17.875 10.0 64.925 0
130025 17.875 10.0 64.925 0
130055 17.875 10.0 64.925 0
130126 17.875 10.0 64.925 0
130157 17.875 10.0 64.862 0
130227 18.0 10.0 64.862 0
130258 18.0 10.0 64.8 0
130328 18.0 10.0 64.8 0
130359 18.0 10.0 64.737 0
130429 18.0 10.0 64.737 0
130500 18.125 10.0 64.737 0
130530 18.125 10.0 64.675 0
130601 18.125 10.0 64.675 0
130632 18.125 10.0 64.675 0
130702 18.125 10.0 64.612 0
130732 18.312 10.0 64.612 0
130803 18.312 10.0 64.612 0
130834 18.312 10.0 64.55 0
130905 18.312 10.0 64.55 0
130935 18.312 10.0 64.55 0
131005 18.375 10.0 64.487 0
131035 18.375 10.0 64.487 0
131106 18.375 10.0 64.425 0
131136 18.375 10.0 64.425 0
131207 18.375 10.0 64.425 0
131237 18.437 10.0 64.362 0
131308 18.437 10.0 64.362 0
131338 18.437 10.0 64.362 0
131409 18.437 10.0 64.3 0
131439 18.437 10.0 64.3 0
131509 18.437 10.0 64.3 0
131540 18.437 10.0 64.237 0
131610 18.437 10.0 64.237 0
131641 18.437 10.0 64.237 0
131711 18.437 10.0 64.175 0
131742 18.437 10.0 64.175 0
131812 18.437 10.0 64.112 0
131842 18.437 10.0 64.112 0
131913 18.437 10.0 64.112 0
131943 18.437 10.0 64.05 0
132014 18.437 10.0 64.05 0
132044 18.437 10.0 64.05 0
132115 18.437 10.0 63.987 0
132146 18.437 10.0 63.987 0
132216 18.437 10.0 63.925 0
132247 18.437 10.0 63.925 0
132317 18.437 10.0 63.925 0
132347 18.437 10.0 63.862 0
132417 18.437 10.0 63.862 0
132448 18.437 10.0 63.8 0
132518 18.5 10.0 63.737 0
132549 18.5 10.0 63.737 0
132620 18.5 10.0 63.675 0
132650 18.5 10.0 63.675 0
132722 18.5 10.0 63.612 0
132753 18.5 10.0 63.612 0
132824 18.5 10.0 63.612 0
132854 18.5 10.0 63.55 0
132925 18.5 10.0 63.55 0
132955 18.562 10.0 63.487 0
133026 18.562 10.0 63.487 0
133057 18.562 10.0 63.487 0
133127 18.562 10.0 63.425 0
133158 18.562 10.0 63.425 0
133228 18.687 10.0 63.362 0
133259 18.687 10.0 63.362 0
133329 18.687 10.0 63.3 0
133400 18.687 10.0 63.3 0
133431 18.687 10.0 63.237 0
133501 18.75 10.0 63.237 0
133531 18.75 10.0 63.237 0
133602 18.75 10.0 63.237 0
133632 18.75 10.0 63.3 0
133703 18.75 10.0 63.3 0
133733 18.875 10.0 63.3 0
133803 18.875 10.0 63.3 0
133833 18.875 10.0 63.3 0
133903 18.875 10.0 63.3 0
133934 18.875 10.0 63.3 0
134004 18.875 10.0 63.3 0
134035 18.875 10.0 63.3 0
134105 18.875 10.0 63.3 0
134136 18.875 10.0 63.3 0
134206 18.875 10.0 63.237 0
134236 19.0 10.0 63.237 0
134306 19.0 10.0 63.237 0
134337 19.0 10.0 63.237 0
134408 19.0 10.0 63.175 0
134438 19.0 10.0 63.175 0
134508 19.0 10.0 63.112 0
134539 19.0 10.0 63.112 0
134609 19.0 10.0 63.05 0
134639 19.0 10.0 63.05 0
134709 19.0 10.0 62.987 0
134739 18.937 10.0 62.987 0
134810 18.937 10.0 62.925 0
134840 18.937 10.0 62.925 0
134911 18.937 10.0 62.862 0
134941 18.937 10.0 62.862 0
135012 19.0 10.0 62.862 0
135043 19.0 10.0 62.8 0
135113 19.0 10.0 62.8 0
135144 19.0 10.0 62.737 0
135214 19.0 10.0 62.737 0
135245 19.0 10.0 62.737 0
135315 19.0 10.0 62.675 0
135346 19.0 10.0 62.675 0
135417 19.0 10.0 62.612 0
135447 19.0 10.0 62.612 0
135518 18.937 10.0 62.55 0
135549 18.937 10.0 62.55 0
135619 18.937 10.0 62.55 0
135650 18.937 10.0 62.487 0
135720 18.937 10.0 62.487 0
135751 19.0 10.0 62.425 0
135821 19.0 10.0 62.425 0
135851 19.0 10.0 62.362 0
135922 19.0 10.0 62.362 0
135952 19.0 10.0 62.3 0
140023 19.0 10.0 62.3 0
140053 19.0 10.0 62.3 0
140123 19.0 10.0 62.237 0
140154 19.0 10.0 62.237 0
140227 19.0 10.0 62.237 0
140258 19.0 10.0 62.175 0
140328 19.0 10.0 62.175 0
140359 19.0 10.0 62.112 0
140429 19.0 10.0 62.05 0
140459 19.0 10.0 62.05 0
140530 19.0 10.0 61.987 0
140601 19.0 10.0 61.925 0
140631 19.0 10.0 61.862 0
140702 19.0 10.0 61.8 0
140732 19.0 10.0 61.737 0
140803 19.0 10.0 61.737 0
140833 19.0 10.0 61.675 0
140904 19.0 10.0 61.675 0
140935 19.0 10.0 61.612 0
141005 18.937 10.0 61.55 0
141036 18.937 10.0 61.55 0
141107 18.937 10.0 61.487 0
141138 18.937 10.0 61.487 0
141208 18.937 10.0 61.487 0
141238 18.937 10.0 61.425 0
141308 18.937 10.0 61.362 0
141339 18.937 10.0 61.362 0
141409 18.937 10.0 61.3 0
141440 18.937 10.0 61.3 0
141510 18.937 10.0 61.237 0
141541 18.937 10.0 61.237 0
141611 18.937 10.0 61.175 0
141642 18.937 10.0 61.175 0
141713 18.937 10.0 61.175 0
141743 18.937 10.0 61.112 0
141814 18.937 10.0 61.112 0
141844 18.937 10.0 61.05 0
141915 18.937 10.0 61.05 0
141945 18.937 10.0 60.987 0
142015 19.0 10.0 60.987 0
142046 19.0 10.0 60.925 0
142117 19.0 10.0 60.925 0
142147 19.0 10.0 60.862 0
142217 19.0 10.0 60.862 0
142247 19.0 10.0 60.8 0
142317 19.0 10.0 60.8 0
142348 19.0 10.0 60.737 0
142418 19.0 10.0 60.737 0
142449 19.0 10.0 60.675 0
142519 19.0 10.0 60.612 0
142549 19.0 10.0 60.487 0
142619 19.0 10.0 60.425 0
142650 19.0 10.0 60.362 0
142720 19.0 10.0 60.3 0
142750 18.937 10.0 60.237 0
142821 18.937 10.0 60.175 0
142851 18.937 10.0 60.175 0
142921 18.937 10.0 60.112 0
142952 18.937 10.0 60.112 0
143022 18.937 10.0 60.05 0
143053 18.937 10.0 59.987 0
143123 18.937 10.0 59.987 0
143153 18.937 10.0 59.925 0
143223 18.937 10.0 59.925 0
143253 18.937 10.0 59.862 0
143324 18.937 10.0 59.862 0
143354 18.937 10.0 59.8 0
143425 18.937 10.0 59.8 0
143455 18.937 10.0 59.737 0
143525 18.937 10.0 59.737 0
143556 18.937 10.0 59.675 0
143627 18.937 10.0 59.675 0
143658 18.937 10.0 59.612 0
143728 18.937 10.0 59.612 0
143758 18.875 10.0 59.612 0
143828 18.875 10.0 59.55 0
143858 18.875 10.0 59.55 0
143929 18.875 10.0 59.55 0
143959 18.875 10.0 59.55 0
144029 18.875 10.0 59.55 0
144100 18.875 10.0 59.487 0
144131 18.875 10.0 59.487 0
144201 18.875 10.0 59.487 0
144234 18.812 10.0 59.425 0
144304 18.812 10.0 59.425 0
144335 18.812 10.0 59.425 0
144405 18.812 10.0 59.362 0
144436 18.812 10.0 59.3 0
144507 18.812 10.0 59.237 0
144537 18.812 10.0 59.175 0
144608 18.812 10.0 59.112 0
144639 18.812 10.0 59.05 0
144709 18.812 10.0 58.987 0
144739 18.812 10.0 58.925 0
144809 18.812 10.0 58.925 0
144840 18.812 10.0 58.862 0
144911 18.812 10.0 58.8 0
144942 18.812 10.0 58.8 0
145012 19.0 10.0 58.737 0
145042 19.0 10.0 58.737 0
145113 19.0 10.0 58.675 0
145144 19.0 10.0 58.675 0
145215 19.0 10.0 58.612 0
145245 19.0 10.0 58.612 0
145315 19.0 10.0 58.55 0
145346 19.0 10.0 58.55 0
145416 19.0 10.0 58.487 0
145446 19.0 10.0 58.487 0
145517 19.0 10.0 58.425 0
145547 19.0 10.0 58.425 0
145618 19.0 10.0 58.362 0
145649 19.0 10.0 58.362 0
145719 19.0 10.0 58.3 0
145750 19.0 10.0 58.3 0
145820 19.0 10.0 58.237 0
145851 19.0 10.0 58.237 0
145921 19.0 10.0 58.175 0
145951 19.0 10.0 58.175 0
150022 18.937 10.0 58.112 0
150052 18.937 10.0 58.112 0
150122 18.937 10.0 58.112 0
150153 18.937 10.0 58.05 0
150224 18.937 10.0 57.987 0
150254 18.875 10.0 57.987 0
150325 18.875 10.0 57.862 0
150356 18.875 10.0 57.8 0
150426 18.875 10.0 57.675 0
150457 18.875 10.0 57.55 0
150527 18.812 10.0 57.487 0
150558 18.812 10.0 57.425 0
150628 18.812 10.0 57.362 0
150659 18.812 10.0 57.3 0
150730 18.812 10.0 57.3 0
150801 18.75 10.0 57.237 0
150831 18.75 10.0 57.175 0
150901 18.75 10.0 57.175 0
150932 18.75 10.0 57.112 0
151003 18.75 10.0 57.112 0
151033 18.75 10.0 57.05 0
151104 18.75 10.0 57.05 0
151135 18.75 10.0 56.987 0
151205 18.75 10.0 56.987 0
151235 18.75 10.0 56.925 0
151306 18.687 10.0 56.925 0
151337 18.687 10.0 56.862 0
151408 18.687 10.0 56.862 0
151438 18.687 10.0 56.862 0
151509 18.687 10.0 56.925 0
151540 18.687 10.0 56.987 0
151611 18.687 10.0 57.175 0
151641 18.687 10.0 57.487 0
151712 18.687 10.0 57.925 0
151742 18.687 10.0 58.487 0
151813 18.687 10.0 59.362 0
151843 18.687 10.0 60.237 0
151914 18.687 10.0 61.237 0
151944 18.687 10.0 62.237 0
152015 18.625 10.0 63.112 0
152045 18.625 10.0 63.737 0
152115 18.625 10.0 64.3 0
152146 18.625 10.0 64.675 0
152217 18.625 10.0 64.987 0
152248 18.625 10.0 65.175 0
152318 18.625 10.0 65.3 0
152348 18.625 10.0 65.362 0
152419 18.625 10.0 65.425 0
152450 18.625 10.0 65.55 0
152521 18.562 10.0 65.55 0
152551 18.562 10.0 65.612 0
152621 18.562 10.0 65.675 0
152651 18.562 10.0 65.675 0
152722 18.562 10.0 65.737 0
152753 18.562 10.0 65.737 0
152823 18.562 10.0 65.737 0
152853 18.562 10.0 65.8 0
152923 18.562 10.0 65.8 0
152954 18.562 10.0 65.8 0
153025 18.5 10.0 65.8 0
153055 18.5 10.0 65.8 0
153126 18.5 10.0 65.862 0
153156 18.5 10.0 65.862 0
153227 18.5 10.0 65.862 0
153257 18.5 10.0 65.862 0
153327 18.5 10.0 65.862 0
153358 18.5 10.0 65.925 0
153428 18.5 10.0 65.925 0
153458 18.5 10.0 65.925 0
153529 18.5 10.0 65.925 0
153559 18.5 10.0 65.925 0
153630 18.5 10.0 65.925 0
153700 18.5 10.0 65.925 0
153730 18.5 10.0 65.925 0
153800 18.5 10.0 65.925 0
153831 18.5 10.0 65.987 0
153902 18.5 10.0 65.987 0
153932 18.5 10.0 65.987 0
154002 18.5 10.0 65.987 0
154033 18.5 10.0 65.987 0
154104 18.5 10.0 65.987 0
154134 18.5 10.0 65.987 0
154204 18.5 10.0 65.987 0
154234 18.5 10.0 65.987 0
154305 18.437 10.0 65.987 0
154335 18.437 10.0 65.987 0
154406 18.437 10.0 66.05 0
154437 18.437 10.0 66.05 0
154507 18.437 10.0 65.987 0
154538 18.437 10.0 65.987 0
154608 18.437 10.0 65.987 0
154639 18.437 10.0 65.987 0
154709 18.437 10.0 65.987 0
154740 18.437 10.0 66.05 0
154811 18.5 10.0 66.05 0
154841 18.5 10.0 66.05 0
154912 18.5 10.0 66.05 0
154943 18.5 10.0 66.05 0
155015 18.437 10.0 65.987 0
155045 18.437 10.0 66.05 0
155116 18.437 10.0 66.05 0
155146 18.437 10.0 65.987 0
155216 18.437 10.0 65.987 0
155247 18.437 10.0 65.987 0
155317 18.437 10.0 65.987 0
155347 18.437 10.0 65.987 0
155418 18.437 10.0 65.987 0
155449 18.437 10.0 65.925 0
155519 18.437 10.0 65.925 0
155549 18.437 10.0 65.925 0
155620 18.437 10.0 65.925 0
155650 18.437 10.0 65.925 0
155721 18.437 10.0 65.925 0
155752 18.437 10.0 65.925 0
155822 18.437 10.0 65.862 0
155852 18.437 10.0 65.862 0
155923 18.437 10.0 65.862 0
155953 18.437 10.0 65.862 0
160024 18.5 10.0 65.862 0
160055 18.5 10.0 65.862 0
160125 18.5 10.0 65.8 0
160156 18.5 10.0 65.8 0
160226 18.5 10.0 65.8 0
160257 18.437 10.0 65.8 0
160328 18.437 10.0 65.8 0
160358 18.437 10.0 65.8 0
160429 18.437 10.0 65.737 0
160459 18.437 10.0 65.737 0
160530 18.437 10.0 65.737 0
160601 18.437 10.0 65.737 0
160631 18.437 10.0 65.737 0
160701 18.437 10.0 65.675 0
160732 18.437 10.0 65.675 0
160803 18.437 10.0 65.675 0
160833 18.437 10.0 65.675 0
160904 18.437 10.0 65.675 0
160935 18.437 10.0 65.612 0
161005 18.437 10.0 65.612 0
161036 18.437 10.0 65.612 0
161106 18.437 10.0 65.612 0
161137 18.437 10.0 65.612 0
161207 18.437 10.0 65.55 0
161238 18.437 10.0 65.55 0
161308 18.437 10.0 65.55 0
161339 18.437 10.0 65.55 0
161410 18.437 10.0 65.487 0
161440 18.437 10.0 65.487 0
161511 18.437 10.0 65.487 0
161542 18.437 10.0 65.487 0
161612 18.437 10.0 65.425 0
161642 18.437 10.0 65.425 0
161712 18.437 10.0 65.425 0
161743 18.437 10.0 65.425 0
161813 18.375 10.0 65.425 0
161843 18.375 10.0 65.362 0
161913 18.375 10.0 65.362 0
161944 18.375 10.0 65.362 0
162014 18.375 10.0 65.3 0
162044 18.437 10.0 65.3 0
162114 18.437 10.0 65.3 0
162144 18.437 10.0 65.362 0
162215 18.437 10.0 65.425 0
162245 18.437 10.0 65.487 0
162315 18.5 10.0 65.55 0
162345 18.5 10.0 65.55 0
162415 18.5 10.0 65.55 0
162446 18.5 10.0 65.612 0
162516 18.5 10.0 65.612 0
162547 18.5 10.0 65.612 0
162618 18.5 10.0 65.55 0
162649 18.5 10.0 65.55 0
162719 18.5 10.0 65.55 0
162750 18.5 10.0 65.55 0
162820 18.5 10.0 65.55 0
162851 18.5 10.0 65.55 0
162921 18.5 10.0 65.487 0
162952 18.5 10.0 65.487 0
163022 18.5 10.0 65.487 0
163053 18.5 10.0 65.487 0
163123 18.5 10.0 65.487 0
163154 18.5 10.0 65.425 0
163224 18.5 10.0 65.425 0
163255 18.437 10.0 65.425 0
163326 18.437 10.0 65.425 0
163356 18.437 10.0 65.425 0
163427 18.437 10.0 65.362 0
163458 18.437 10.0 65.362 0
163528 18.437 10.0 65.362 0
163558 18.437 10.0 65.3 0
163629 18.437 10.0 65.3 0
163659 18.437 10.0 65.3 0
163730 18.437 10.0 65.3 0
163800 18.437 10.0 65.3 0
163831 18.437 10.0 65.237 0
163901 18.437 10.0 65.237 0
163932 18.437 10.0 65.237 0
164003 18.437 10.0 65.237 0
164033 18.5 10.0 65.175 0
164104 18.5 10.0 65.175 0
164135 18.5 10.0 65.175 0
164206 18.5 10.0 65.175 0
164236 18.5 10.0 65.112 0
164307 18.5 10.0 65.112 0
164338 18.5 10.0 65.112 0
164409 18.5 10.0 65.05 0
164439 18.5 10.0 65.05 0
164509 18.5 10.0 65.05 0
164540 18.437 10.0 65.05 0
164610 18.437 10.0 64.987 0
164640 18.437 10.0 64.987 0
164711 18.437 10.0 64.987 0
164742 18.437 10.0 64.925 0
164813 18.437 10.0 64.925 0
164843 18.437 10.0 64.925 0
164914 18.437 10.0 64.862 0
164944 18.437 10.0 64.862 0
165015 18.437 10.0 64.8 0
165045 18.437 10.0 64.8 0
165115 18.437 10.0 64.8 0
165146 18.437 10.0 64.737 0
165217 18.437 10.0 64.737 0
165247 18.437 10.0 64.737 0
165318 18.5 10.0 64.675 0
165348 18.5 10.0 64.675 0
165419 18.5 10.0 64.675 0
165449 18.5 10.0 64.675 0
165519 18.5 10.0 64.612 0
165550 18.5 10.0 64.612 0
165620 18.5 10.0 64.612 0
165650 18.5 10.0 64.55 0
165720 18.5 10.0 64.55 0
165751 18.5 10.0 64.55 0
165821 18.5 10.0 64.487 0
165852 18.5 10.0 64.487 0
165922 18.5 10.0 64.425 0
165953 18.5 10.0 64.425 0
170025 18.437 10.0 64.425 0
170056 18.437 10.0 64.425 0
170126 18.437 10.0 64.362 0
170157 18.437 10.0 64.362 0
170228 18.437 10.0 64.3 0
170258 18.437 10.0 64.3 0
170329 18.437 10.0 64.3 0
170400 18.437 10.0 64.3 0
170430 18.437 10.0 64.237 0
170501 18.437 10.0 64.237 0
170531 18.437 10.0 64.175 0
170601 18.437 10.0 64.175 0
170631 18.437 10.0 64.175 0
170702 18.437 10.0 64.112 0
170732 18.437 10.0 64.112 0
170802 18.375 10.0 64.05 0
170833 18.375 10.0 64.05 0
170903 18.375 10.0 63.987 0
170934 18.375 10.0 63.987 0
171004 18.375 10.0 63.925 0
171035 18.375 10.0 63.925 0
171105 18.375 10.0 63.925 0
171136 18.375 10.0 63.862 0
171207 18.375 10.0 63.862 0
171238 18.375 10.0 63.8 0
171308 18.375 10.0 63.8 0
171338 18.375 10.0 63.8 0
171409 18.375 10.0 63.737 0
171439 18.375 10.0 63.737 0
171509 18.375 10.0 63.675 0
171540 18.375 10.0 63.675 0
171610 18.375 10.0 63.675 0
171641 18.375 10.0 63.612 0
171711 18.375 10.0 63.612 0
171741 18.375 10.0 63.55 0
171812 18.375 10.0 63.55 0
171842 18.375 10.0 63.55 0
171913 18.375 10.0 63.487 0
171944 18.375 10.0 63.487 0
172014 18.375 10.0 63.425 0
172044 18.375 10.0 63.425 0
172115 18.375 10.0 63.425 0
172145 18.375 10.0 63.362 0
172216 18.375 10.0 63.362 0
172246 18.375 10.0 63.362 0
172317 18.375 10.0 63.362 0
172347 18.375 10.0 63.362 0
172417 18.375 10.0 63.362 0
172447 18.375 10.0 63.425 0
172518 18.375 10.0 63.425 0
172548 18.375 10.0 63.487 0
172619 18.375 10.0 63.487 0
172649 18.375 10.0 63.487 0
172719 18.375 10.0 63.487 0
172749 18.375 10.0 63.425 0
172820 18.312 10.0 63.425 0
172850 18.312 10.0 63.425 0
172921 18.312 10.0 63.362 0
172952 18.312 10.0 63.362 0
173022 18.312 10.0 63.362 0
173052 18.312 10.0 63.3 0
173123 18.312 10.0 63.3 0
173153 18.312 10.0 63.3 0
173223 18.312 10.0 63.237 0
173254 18.312 10.0 63.237 0
173325 18.312 10.0 63.237 0
173356 18.312 10.0 63.175 0
173426 18.312 10.0 63.175 0
173457 18.312 10.0 63.175 0
173529 18.312 10.0 63.112 0
173559 18.312 10.0 63.112 0
173630 18.312 10.0 63.05 0
173700 18.312 10.0 63.05 0
173731 18.312 10.0 63.05 0
173801 18.312 10.0 62.987 0
173832 18.312 10.0 62.987 0
173903 18.312 10.0 62.987 0
173933 18.312 10.0 62.925 0
174003 18.312 10.0 62.925 0
174034 18.312 10.0 62.862 0
174104 18.312 10.0 62.862 0
174134 18.312 10.0 62.862 0
174204 18.312 10.0 62.8 0
174235 18.312 10.0 62.8 0
174306 18.312 10.0 62.8 0
174336 18.312 10.0 62.737 0
174407 18.312 10.0 62.737 0
174437 18.312 10.0 62.675 0
174508 18.312 10.0 62.675 0
174538 18.312 10.0 62.675 0
174608 18.312 10.0 62.612 0
174638 18.312 10.0 62.612 0
174708 18.312 10.0 62.55 0
174739 18.312 10.0 62.55 0
174809 18.375 10.0 62.487 0
174839 18.375 10.0 62.487 0
174909 18.375 10.0 62.425 0
174940 18.375 10.0 62.362 0
175010 18.375 10.0 62.362 0
175040 18.437 10.0 62.3 0
175110 18.437 10.0 62.237 0
175141 18.437 10.0 62.237 0
175211 18.437 10.0 62.175 0
175241 18.437 10.0 62.175 0
175312 18.437 10.0 62.175 0
175342 18.437 10.0 62.112 0
175413 18.437 10.0 62.112 0
175444 18.437 10.0 62.05 0
175514 18.437 10.0 62.05 0
175545 18.562 10.0 61.987 0
175616 18.562 10.0 61.987 0
175646 18.562 10.0 61.925 0
175716 18.562 10.0 61.925 0
175746 18.562 10.0 61.925 0
175817 18.625 10.0 61.862 0
175847 18.625 10.0 61.862 0
175917 18.625 10.0 61.8 0
175947 18.625 10.0 61.8 0
180018 18.625 10.0 61.8 0
180048 18.625 10.0 61.737 0
180118 18.625 10.0 61.737 0
180148 18.625 10.0 61.675 0
180218 18.625 10.0 61.675 0
180248 18.625 10.0 61.612 0
180319 18.687 10.0 61.612 0
180350 18.687 10.0 61.55 0
180420 18.687 10.0 61.55 0
180451 18.687 10.0 61.487 0
180521 18.687 10.0 61.487 0
180551 18.75 10.0 61.487 0
180622 18.75 10.0 61.425 0
180652 18.75 10.0 61.425 0
180722 18.75 10.0 61.362 0
180753 18.75 10.0 61.3 0
180823 18.875 10.0 61.237 0
180854 18.875 10.0 61.175 0
180924 18.875 10.0 61.112 0
180954 18.875 10.0 61.05 0
181025 18.875 10.0 60.987 0
181056 18.875 10.0 60.987 0
181126 18.875 10.0 60.925 0
181156 18.875 10.0 60.862 0
181227 18.875 10.0 60.862 0
181257 18.875 10.0 60.8 0
181328 18.875 10.0 60.8 0
181358 18.875 10.0 60.737 0
181429 18.875 10.0 60.737 0
181459 18.875 10.0 60.675 0
181530 18.875 10.0 60.675 0
181600 18.875 10.0 60.612 0
181631 18.875 10.0 60.612 0
181701 18.875 10.0 60.55 0
181732 18.875 10.0 60.55 0
181804 18.875 10.0 60.487 0
181834 18.875 10.0 60.487 0
181905 18.875 10.0 60.425 0
181935 18.875 10.0 60.362 0
182006 18.875 10.0 60.362 0
182037 18.937 10.0 60.3 0
182107 18.937 10.0 60.3 0
182137 18.937 10.0 60.237 0
182208 18.937 10.0 60.237 0
182238 18.937 10.0 60.175 0
182309 19.062 10.0 60.175 0
182340 19.062 10.0 60.112 0
182410 19.062 10.0 60.112 0
182441 19.062 10.0 60.112 0
182511 19.062 10.0 60.05 0
182542 19.062 10.0 60.05 0
182613 19.062 10.0 60.05 0
182643 19.062 10.0 60.05 0
182714 19.062 10.0 60.05 0
182744 19.062 10.0 60.05 0
182815 19.062 10.0 59.987 0
182845 19.062 10.0 59.925 0
182916 19.062 10.0 59.925 0
182946 19.062 10.0 59.862 0
183017 19.062 10.0 59.8 0
183047 19.125 10.0 59.8 0
183118 19.125 10.0 59.737 0
183149 19.125 10.0 59.737 0
183219 19.125 10.0 59.675 0
183249 19.125 10.0 59.675 0
183320 19.125 10.0 59.612 0
183350 19.125 10.0 59.612 0
183421 19.125 10.0 59.55 0
183451 19.125 10.0 59.55 0
183522 19.125 10.0 59.487 0
183552 19.187 10.0 59.487 0
183622 19.187 10.0 59.425 0
183653 19.187 10.0 59.425 0
183724 19.187 10.0 59.425 0
183754 19.187 10.0 59.362 0
183825 19.25 10.0 59.3 0
183856 19.25 10.0 59.3 0
183926 19.25 10.0 59.3 0
183956 19.25 10.0 59.237 0
184027 19.25 10.0 59.237 0
184057 19.312 10.0 59.175 0
184129 19.312 10.0 59.175 0
184159 19.312 10.0 59.112 0
184230 19.312 10.0 59.112 0
184300 19.312 10.0 59.05 0
184331 19.375 10.0 59.05 0
184401 19.375 10.0 58.987 0
184431 19.375 10.0 58.987 0
184502 19.375 10.0 58.987 0
184532 19.375 10.0 58.925 0
184602 19.375 10.0 58.862 0
184633 19.375 10.0 58.8 0
184703 19.375 10.0 58.737 0
184734 19.375 10.0 58.612 0
184806 19.437 10.0 58.55 0
184836 19.437 10.0 58.487 0
184907 19.437 10.0 58.425 0
184938 19.437 10.0 58.362 0
185008 19.437 10.0 58.3 0
185039 19.437 10.0 58.3 0
185109 19.437 10.0 58.237 0
185140 19.437 10.0 58.237 0
185210 19.437 10.0 58.175 0
185240 19.437 10.0 58.112 0
185311 19.437 10.0 58.112 0
185341 19.437 10.0 58.05 0
185411 19.437 10.0 58.05 0
185442 19.437 10.0 57.987 0
185512 19.437 10.0 57.987 0
185542 19.375 10.0 57.925 0
185612 19.375 10.0 57.925 0
185643 19.375 10.0 57.862 0
185713 19.375 10.0 57.862 0
185744 19.375 10.0 57.8 0
185814 19.437 10.0 57.8 0
185845 19.437 10.0 57.737 0
185915 19.437 10.0 57.737 0
185945 19.437 10.0 57.737 0
190016 19.437 10.0 57.675 0
190046 19.437 10.0 57.675 0
190117 19.437 10.0 57.612 0
190148 19.437 10.0 57.55 0
190218 19.437 10.0 57.55 0
190249 19.437 10.0 57.55 0
190319 19.437 10.0 57.487 0
190349 19.437 10.0 57.487 0
190419 19.437 10.0 57.425 0
190450 19.437 10.0 57.3 0
190521 19.437 10.0 57.237 0
190551 19.437 10.0 57.112 0
190622 19.437 10.0 57.05 0
190652 19.437 10.0 56.925 0
190722 19.437 10.0 56.862 0
190753 19.437 10.0 56.8 0
190824 19.437 10.0 56.8 0
190854 19.437 10.0 56.737 0
190925 19.437 10.0 56.737 0
190956 19.437 10.0 56.675 0
191026 19.437 10.0 56.737 0
191057 19.437 10.0 56.8 0
191127 19.437 10.0 56.862 0
191157 19.437 10.0 57.05 0
191228 19.437 10.0 57.425 0
191258 19.437 10.0 57.925 0
191329 19.437 10.0 58.612 0
191359 19.437 10.0 59.487 0
191430 19.437 10.0 60.425 0
191500 19.437 10.0 61.362 0
191530 19.437 10.0 62.362 0
191600 19.437 10.0 63.05 0
191630 19.437 10.0 63.675 0
191701 19.437 10.0 64.237 0
191731 19.437 10.0 64.675 0
191802 19.437 10.0 64.987 0
191832 19.437 10.0 65.3 0
191903 19.437 10.0 65.487 0
191933 19.437 10.0 65.675 0
192004 19.437 10.0 65.862 0
192035 19.437 10.0 65.987 0
192105 19.437 10.0 66.05 0
192135 19.437 10.0 66.175 0
192206 19.437 10.0 66.237 0
192236 19.437 10.0 66.3 0
192307 19.437 10.0 66.362 0
192337 19.375 10.0 66.362 0
192408 19.375 10.0 66.425 0
192438 19.375 10.0 66.487 0
192508 19.375 10.0 66.487 0
192539 19.375 10.0 66.487 0
192609 19.375 10.0 66.487 0
192640 19.375 10.0 66.487 0
192711 19.375 10.0 66.55 0
192741 19.375 10.0 66.55 0
192813 19.437 10.0 66.55 0
192844 19.437 10.0 66.55 0
192914 19.437 10.0 66.55 0
192944 19.437 10.0 66.55 0
193015 19.437 10.0 66.612 0
193046 19.375 10.0 66.612 0
193117 19.375 10.0 66.612 0
193147 19.375 10.0 66.612 0
193218 19.375 10.0 66.612 0
193248 19.375 10.0 66.612 0
193318 19.375 10.0 66.612 0
193349 19.375 10.0 66.612 0
193419 19.375 10.0 66.612 0
193450 19.375 10.0 66.612 0
193521 19.375 10.0 66.612 0
193551 19.375 10.0 66.612 0
193621 19.375 10.0 66.612 0
193652 19.375 10.0 66.612 0
193723 19.375 10.0 66.612 0
193753 19.375 10.0 66.612 0
193824 19.375 10.0 66.612 0
193855 19.375 10.0 66.612 0
193925 19.375 10.0 66.612 0
193956 19.375 10.0 66.612 0
194027 19.375 10.0 66.612 0
194057 19.25 10.0 66.612 0
194128 19.25 10.0 66.612 0
194159 19.25 10.0 66.612 0
194229 19.25 10.0 66.612 0
194300 19.25 10.0 66.612 0
194330 19.25 10.0 66.612 0
194401 19.25 10.0 66.612 0
194432 19.25 10.0 66.612 0
194503 19.25 10.0 66.612 0
194533 19.25 10.0 66.612 0
194603 19.25 10.0 66.612 0
194633 19.25 10.0 66.612 0
194704 19.25 10.0 66.55 0
194734 19.25 10.0 66.55 0
194805 19.25 10.0 66.55 0
194835 19.312 10.0 66.55 0
194905 19.312 10.0 66.55 0
194935 19.312 10.0 66.55 0
195005 19.312 10.0 66.55 0
195036 19.312 10.0 66.55 0
195107 19.562 10.0 66.487 0
195137 19.562 10.0 66.487 0
195207 19.562 10.0 66.487 0
195238 19.562 10.0 66.487 0
195309 19.562 10.0 66.487 0
195339 19.562 10.0 66.487 0
195410 19.562 10.0 66.487 0
195441 19.562 10.0 66.487 0
195511 19.562 10.0 66.425 0
195542 19.562 10.0 66.425 0
195612 19.562 10.0 66.425 0
195642 19.562 10.0 66.425 0
195713 19.562 10.0 66.425 0
195744 19.562 10.0 66.425 0
195814 19.562 10.0 66.362 0
195845 19.437 10.0 66.362 0
195915 19.437 10.0 66.362 0
195945 19.437 10.0 66.362 0
200015 19.437 10.0 66.362 0
200048 19.375 10.0 66.3 0
200119 19.375 10.0 66.3 0
200150 19.375 10.0 66.3 0
200220 19.375 10.0 66.3 0
200251 19.375 10.0 66.237 0
200322 19.312 10.0 66.237 0
200352 19.312 10.0 66.237 0
200423 19.312 10.0 66.237 0
200454 19.312 10.0 66.175 0
200524 19.312 10.0 66.175 0
200555 19.25 10.0 66.175 0
200626 19.25 10.0 66.112 0
200656 19.25 10.0 66.112 0
200726 19.25 10.0 66.112 0
200757 19.25 10.0 66.112 0
200828 19.187 10.0 66.05 0
200858 19.187 10.0 66.05 0
200928 19.187 10.0 66.05 0
200958 19.187 10.0 66.05 0
201029 19.187 10.0 65.987 0
201059 19.125 10.0 65.987 0
201129 19.125 10.0 65.987 0
201159 19.125 10.0 65.987 0
201230 19.125 10.0 65.925 0
201301 19.125 10.0 65.925 0
201331 19.125 10.0 65.925 0
201402 19.125 10.0 65.862 0
201432 19.125 10.0 65.862 0
201503 19.125 10.0 65.862 0
201534 19.125 10.0 65.8 0
201604 19.062 10.0 65.8 0
201634 19.062 10.0 65.8 0
201704 19.062 10.0 65.8 0
201735 19.062 10.0 65.8 0
201805 19.062 10.0 65.862 0
201835 19.062 10.0 65.925 0
201906 19.062 10.0 65.987 0
201936 19.062 10.0 65.987 0
202006 19.062 10.0 65.987 0
202037 19.062 10.0 65.987 0
202107 19.062 10.0 65.987 0
202138 19.062 10.0 65.987 0
202209 19.062 10.0 65.987 0
202239 19.062 10.0 65.925 0
202310 19.062 10.0 65.925 0
202340 19.062 10.0 65.862 0
202411 19.062 10.0 65.862 0
202442 19.062 10.0 65.862 0
202512 19.062 10.0 65.862 0
202543 19.062 10.0 65.8 0
202613 19.0 10.0 65.8 0
202643 19.0 10.0 65.737 0
202714 19.0 10.0 65.737 0
202744 19.0 10.0 65.737 0
202815 19.0 10.0 65.737 0
202845 18.937 10.0 65.737 0
202916 18.937 10.0 65.675 0
202946 18.937 10.0 65.675 0
203017 18.937 10.0 65.675 0
203047 18.937 10.0 65.612 0
203118 18.937 10.0 65.612 0
203149 18.937 10.0 65.612 0
203219 18.937 10.0 65.55 0
203250 18.937 10.0 65.55 0
203322 18.875 10.0 65.55 0
203352 18.875 10.0 65.55 0
203423 18.875 10.0 65.487 0
203453 18.875 10.0 65.487 0
203524 18.875 10.0 65.425 0
203555 18.812 10.0 65.425 0
203626 18.812 10.0 65.425 0
203656 18.812 10.0 65.425 0
203726 18.812 10.0 65.362 0
203757 18.812 10.0 65.362 0
203827 18.75 10.0 65.3 0
203857 18.75 10.0 65.3 0
203927 18.75 10.0 65.237 0
203958 18.75 10.0 65.175 0
204028 18.75 10.0 65.175 0
204059 18.625 10.0 65.112 0
204129 18.625 10.0 65.05 0
204159 18.625 10.0 65.05 0
204229 18.625 10.0 64.987 0
204300 18.625 10.0 64.987 0
204331 18.562 10.0 64.925 0
204401 18.562 10.0 64.925 0
204432 18.562 10.0 64.925 0
204503 18.562 10.0 64.862 0
204533 18.562 10.0 64.8 0
204603 18.5 10.0 64.8 0
204634 18.5 10.0 64.8 0
204705 18.5 10.0 64.737 0
204735 18.5 10.0 64.675 0
204806 18.5 10.0 64.675 0
204836 18.437 10.0 64.612 0
204907 18.437 10.0 64.612 0
204938 18.437 10.0 64.55 0
205008 18.437 10.0 64.55 0
205038 18.437 10.0 64.55 0
205109 18.312 10.0 64.487 0
205139 18.312 10.0 64.487 0
205210 18.312 10.0 64.425 0
205241 18.312 10.0 64.362 0
205311 18.312 10.0 64.362 0
205341 18.312 10.0 64.362 0
205412 18.312 10.0 64.3 0
205442 18.312 10.0 64.3 0
205513 18.312 10.0 64.237 0
205544 18.312 10.0 64.175 0
205614 18.25 10.0 64.175 0
205644 18.25 10.0 64.112 0
205715 18.25 10.0 63.987 0
205745 18.25 10.0 63.925 0
205815 18.25 10.0 63.8 0
205846 18.187 10.0 63.737 0
205916 18.187 10.0 63.675 0
205947 18.187 10.0 63.612 0
210017 18.187 10.0 63.55 0
210048 18.187 10.0 63.487 0
210118 18.125 10.0 63.425 0
210149 18.125 10.0 63.425 0
210219 18.125 10.0 63.362 0
210249 18.125 10.0 63.3 0
210319 18.125 10.0 63.3 0
210350 18.125 10.0 63.237 0
210420 18.125 10.0 63.175 0
210450 18.125 10.0 63.175 0
210520 18.125 10.0 63.112 0
210550 18.125 10.0 63.112 0
210620 18.062 10.0 63.05 0
210651 18.062 10.0 62.987 0
210721 18.062 10.0 62.987 0
210752 18.062 10.0 62.925 0
210822 18.062 10.0 62.925 0
210853 18.0 10.0 62.862 0
210923 18.0 10.0 62.8 0
210954 18.0 10.0 62.8 0
211025 18.0 10.0 62.737 0
211058 18.0 10.0 62.675 0
211128 18.0 10.0 62.675 0
211158 18.0 10.0 62.612 0
211229 18.0 10.0 62.612 0
211300 18.0 10.0 62.55 0
211330 17.937 10.0 62.487 0
211401 17.937 10.0 62.487 0
211431 17.937 10.0 62.362 0
211502 17.937 10.0 62.237 0
211532 17.937 10.0 62.112 0
211603 17.937 10.0 61.925 0
211633 17.937 10.0 61.737 0
211704 17.937 10.0 61.612 0
211735 17.937 10.0 61.487 0
211806 17.937 10.0 61.425 0
211836 17.875 10.0 61.362 0
211906 17.875 10.0 61.362 0
211936 17.875 10.0 61.3 0
212006 17.875 10.0 61.237 0
212037 17.875 10.0 61.237 0
212107 17.875 10.0 61.175 0
212137 17.875 10.0 61.175 0
212208 17.875 10.0 61.112 0
212238 17.875 10.0 61.112 0
212309 17.875 10.0 61.05 0
212340 17.812 10.0 61.05 0
212410 17.812 10.0 60.987 0
212441 17.812 10.0 60.987 0
212511 17.812 10.0 60.925 0
212542 17.812 10.0 60.925 0
212613 17.75 10.0 60.862 0
212643 17.75 10.0 60.862 0
212714 17.75 10.0 60.8 0
212744 17.75 10.0 60.8 0
212815 17.75 10.0 60.737 0
212846 17.75 10.0 60.737 0
212916 17.75 10.0 60.675 0
212947 17.75 10.0 60.675 0
213018 17.75 10.0 60.612 0
213048 17.75 10.0 60.612 0
213119 17.75 10.0 60.55 0
213149 17.75 10.0 60.487 0
213219 17.75 10.0 60.362 0
213249 17.75 10.0 60.237 0
213320 17.75 10.0 60.05 0
213350 17.687 10.0 59.925 0
213420 17.687 10.0 59.737 0
213451 17.687 10.0 59.675 0
213521 17.687 10.0 59.612 0
213551 17.687 10.0 59.55 0
213621 17.625 10.0 59.487 0
213652 17.625 10.0 59.425 0
213723 17.625 10.0 59.425 0
213753 17.625 10.0 59.362 0
213824 17.625 10.0 59.3 0
213855 17.625 10.0 59.3 0
213926 17.625 10.0 59.237 0
213956 17.625 10.0 59.175 0
214027 17.625 10.0 59.175 0
214058 17.625 10.0 59.112 0
214128 17.625 10.0 59.05 0
214159 17.625 10.0 59.05 0
214230 17.625 10.0 58.987 0
214300 17.625 10.0 58.987 0
214332 17.562 10.0 58.925 0
214402 17.562 10.0 58.862 0
214433 17.562 10.0 58.862 0
214503 17.562 10.0 58.8 0
214534 17.562 10.0 58.8 0
214604 17.562 10.0 58.737 0
214635 17.562 10.0 58.675 0
214706 17.562 10.0 58.675 0
214736 17.562 10.0 58.612 0
214806 17.562 10.0 58.55 0
214837 17.562 10.0 58.425 0
214908 17.562 10.0 58.237 0
214938 17.562 10.0 58.05 0
215009 17.562 10.0 57.8 0
215039 17.562 10.0 57.612 0
215110 17.5 10.0 57.425 0
215140 17.5 10.0 57.362 0
215211 17.5 10.0 57.3 0
215242 17.5 10.0 57.237 0
215312 17.5 10.0 57.175 0
215343 17.5 10.0 57.112 0
215413 17.5 10.0 57.05 0
215444 17.5 10.0 57.05 0
215514 17.5 10.0 56.987 0
215545 17.5 10.0 56.987 0
215615 17.5 10.0 56.925 0
215646 17.5 10.0 56.925 0
215716 17.5 10.0 56.925 0
215747 17.5 10.0 56.987 0
215818 17.5 10.0 57.05 0
215848 17.5 10.0 57.175 0
215918 17.5 10.0 57.487 0
215949 17.5 10.0 57.987 0
220019 17.5 10.0 58.737 0
220049 17.5 10.0 59.675 0
220120 17.437 10.0 60.675 0
220150 17.437 10.0 61.675 0
220220 17.437 10.0 62.612 0
220251 17.437 10.0 63.487 0
220321 17.437 10.0 64.112 0
220352 17.437 10.0 64.675 0
220422 17.437 10.0 65.05 0
220453 17.437 10.0 65.3 0
220524 17.437 10.0 65.55 0
220554 17.437 10.0 65.675 0
220625 17.437 10.0 65.8 0
220655 17.437 10.0 65.862 0
220726 17.437 10.0 65.925 0
220756 17.437 10.0 65.987 0
220827 17.437 10.0 65.987 0
220857 17.375 10.0 66.05 0
220927 17.375 10.0 66.05 0
220958 17.375 10.0 66.112 0
221028 17.375 10.0 66.112 0
221059 17.375 10.0 66.112 0
221129 17.375 10.0 66.175 0
221159 17.375 10.0 66.175 0
221230 17.375 10.0 66.175 0
221300 17.375 10.0 66.175 0
221330 17.375 10.0 66.237 0
221401 17.375 10.0 66.237 0
221432 17.375 10.0 66.237 0
221502 17.375 10.0 66.237 0
221533 17.375 10.0 66.3 0
221603 17.375 10.0 66.3 0
221634 17.375 10.0 66.3 0
221704 17.375 10.0 66.3 0
221735 17.375 10.0 66.362 0
221806 17.375 10.0 66.362 0
221837 17.312 10.0 66.362 0
221907 17.312 10.0 66.362 0
221938 17.312 10.0 66.362 0
222009 17.312 10.0 66.425 0
222039 17.312 10.0 66.425 0
222110 17.312 10.0 66.425 0
222140 17.312 10.0 66.425 0
222211 17.312 10.0 66.425 0
222241 17.312 10.0 66.425 0
222311 17.312 10.0 66.487 0
222342 17.312 10.0 66.487 0
222413 17.312 10.0 66.487 0
222444 17.312 10.0 66.487 0
222514 17.312 10.0 66.487 0
222545 17.312 10.0 66.487 0
222615 17.312 10.0 66.487 0
222645 17.312 10.0 66.487 0
222716 17.312 10.0 66.487 0
222746 17.312 10.0 66.487 0
222817 17.312 10.0 66.487 0
222848 17.25 10.0 66.487 0
222919 17.25 10.0 66.487 0
222949 17.25 10.0 66.487 0
223019 17.25 10.0 66.487 0
223049 17.25 10.0 66.487 0
223120 17.25 10.0 66.487 0
223151 17.25 10.0 66.487 0
223222 17.25 10.0 66.487 0
223252 17.25 10.0 66.487 0
223323 17.25 10.0 66.487 0
223353 17.25 10.0 66.487 0
223423 17.25 10.0 66.425 0
223453 17.25 10.0 66.425 0
223524 17.25 10.0 66.425 0
223555 17.25 10.0 66.425 0
223625 17.25 10.0 66.425 0
223656 17.25 10.0 66.425 0
223727 17.25 10.0 66.425 0
223757 17.25 10.0 66.362 0
223828 17.25 10.0 66.362 0
223858 17.187 10.0 66.362 0
223928 17.187 10.0 66.362 0
223959 17.187 10.0 66.362 0
224029 17.187 10.0 66.362 0
224059 17.187 10.0 66.362 0
224130 17.187 10.0 66.3 0
224200 17.187 10.0 66.3 0
224231 17.187 10.0 66.3 0
224301 17.187 10.0 66.3 0
224332 17.187 10.0 66.3 0
224402 17.187 10.0 66.237 0
224433 17.187 10.0 66.237 0
224504 17.187 10.0 66.237 0
224534 17.187 10.0 66.237 0
224605 17.187 10.0 66.175 0
224636 17.187 10.0 66.175 0
224706 17.187 10.0 66.175 0
224737 17.187 10.0 66.175 0
224808 17.187 10.0 66.112 0
224841 17.187 10.0 66.112 0
224911 17.187 10.0 66.112 0
224942 17.187 10.0 66.112 0
225013 17.187 10.0 66.05 0
225043 17.187 10.0 66.05 0
225114 17.187 10.0 66.05 0
225145 17.187 10.0 66.05 0
225215 17.187 10.0 65.987 0
225246 17.187 10.0 65.987 0
225316 17.187 10.0 65.987 0
225347 17.125 10.0 65.987 0
225417 17.125 10.0 65.925 0
225447 17.125 10.0 65.925 0
225518 17.125 10.0 65.925 0
225549 17.125 10.0 65.925 0
225620 17.125 10.0 65.862 0
225650 17.125 10.0 65.862 0
225721 17.125 10.0 65.862 0
225751 17.125 10.0 65.8 0
225821 17.125 10.0 65.8 0
225852 17.125 10.0 65.8 0
225922 17.125 10.0 65.737 0
225953 17.125 10.0 65.737 0
230024 17.125 10.0 65.737 0
230054 17.125 10.0 65.737 0
230124 17.125 10.0 65.675 0
230155 17.125 10.0 65.675 0
230226 17.125 10.0 65.612 0
230257 17.125 10.0 65.612 0
230327 17.125 10.0 65.612 0
230357 17.125 10.0 65.612 0
230427 17.125 10.0 65.612 0
230458 17.125 10.0 65.675 0
230528 17.125 10.0 65.737 0
230558 17.125 10.0 65.737 0
230628 17.062 10.0 65.8 0
230658 17.062 10.0 65.8 0
230729 17.062 10.0 65.8 0
230759 17.062 10.0 65.8 0
230830 17.062 10.0 65.8 0
230900 17.062 10.0 65.737 0
230930 17.062 10.0 65.737 0
231001 17.062 10.0 65.737 0
231031 17.062 10.0 65.737 0
231102 17.062 10.0 65.737 0
231133 17.062 10.0 65.675 0
231204 17.062 10.0 65.675 0
231234 17.062 10.0 65.675 0
231305 17.062 10.0 65.675 0
231336 17.062 10.0 65.675 0
231406 17.062 10.0 65.612 0
231436 17.062 10.0 65.612 0
231506 17.062 10.0 65.612 0
231536 17.062 10.0 65.612 0
231607 17.062 10.0 65.55 0
231637 17.062 10.0 65.55 0
231707 17.062 10.0 65.55 0
231738 17.062 10.0 65.487 0
231808 17.062 10.0 65.487 0
231839 17.062 10.0 65.487 0
231909 17.062 10.0 65.487 0
231940 17.062 10.0 65.425 0
232010 17.062 10.0 65.425 0
232040 17.062 10.0 65.362 0
232110 17.062 10.0 65.362 0
232140 17.062 10.0 65.362 0
232211 17.062 10.0 65.3 0
232241 17.062 10.0 65.3 0
232311 17.062 10.0 65.237 0
232342 17.062 10.0 65.237 0
232412 17.0 10.0 65.175 0
232442 17.0 10.0 65.175 0
232513 17.0 10.0 65.175 0
232544 17.0 10.0 65.112 0
232614 17.0 10.0 65.112 0
232644 17.0 10.0 65.05 0
232715 17.0 10.0 65.05 0
232745 17.0 10.0 65.05 0
232815 17.0 10.0 64.987 0
232848 17.0 10.0 64.987 0
232919 17.0 10.0 64.987 0
232950 17.0 10.0 64.925 0
233020 17.0 10.0 64.925 0
233051 17.0 10.0 64.925 0
233122 17.0 10.0 64.862 0
233152 17.0 10.0 64.862 0
233223 17.0 10.0 64.8 0
233254 17.0 10.0 64.8 0
233324 17.0 10.0 64.8 0
233355 16.937 10.0 64.737 0
233425 16.937 10.0 64.737 0
233456 16.937 10.0 64.737 0
233527 16.937 10.0 64.675 0
233557 16.937 10.0 64.675 0
233628 17.0 10.0 64.612 0
233658 17.0 10.0 64.612 0
233729 17.0 10.0 64.55 0
233759 17.0 10.0 64.55 0
233829 17.0 10.0 64.55 0
233900 16.937 10.0 64.487 0
233930 16.937 10.0 64.487 0
234000 16.937 10.0 64.487 0
234031 16.937 10.0 64.425 0
234101 16.937 10.0 64.362 0
234131 16.937 10.0 64.362 0
234202 16.937 10.0 64.3 0
234232 16.937 10.0 64.237 0
234302 16.937 10.0 64.237 0
234333 16.937 10.0 64.175 0
234403 16.937 10.0 64.175 0
234434 16.937 10.0 64.112 0
234504 16.937 10.0 64.112 0
234535 16.937 10.0 64.05 0
234605 16.937 10.0 64.05 0
234636 16.937 10.0 63.987 0
234707 16.937 10.0 63.987 0
234737 16.937 10.0 63.925 0
234808 16.937 10.0 63.925 0
234839 16.937 10.0 63.862 0
234909 16.937 10.0 63.862 0
234940 16.937 10.0 63.8 0
235010 16.937 10.0 63.8 0
235040 16.937 10.0 63.8 0
235110 16.937 10.0 63.737 0
235141 16.937 10.0 63.737 0
235211 16.937 10.0 63.675 0
235242 16.937 10.0 63.675 0
235312 16.937 10.0 63.612 0
235343 16.937 10.0 63.612 0
235413 16.937 10.0 63.55 0
235444 16.937 10.0 63.55 0
235514 16.937 10.0 63.487 0
235545 16.937 10.0 63.487 0
235615 16.937 10.0 63.425 0
235645 17.0 10.0 63.425 0
235716 17.0 10.0 63.425 0
235746 17.0 10.0 63.362 0
235817 17.0 10.0 63.3 0
235847 17.0 10.0 63.3 0
