235917 20.937 10.0 17.362 0
235948 20.937 10.0 17.425 0
000018 20.937 10.0 17.425 0
000049 20.937 10.0 17.425 0
000119 20.937 10.0 17.425 0
000150 20.937 10.0 17.425 0
000220 20.937 10.0 17.425 0
000251 20.937 10.0 17.425 0
000321 20.937 10.0 17.425 0
000352 20.937 10.0 17.362 0
000422 20.937 10.0 17.425 0
000454 20.937 10.0 17.362 0
000525 20.937 10.0 17.362 0
000556 20.937 10.0 17.425 0
000626 20.937 10.0 17.425 0
000657 20.937 10.0 17.425 0
000728 20.937 10.0 17.425 0
000759 20.937 10.0 17.425 0
000829 20.937 10.0 17.425 0
000900 20.937 10.0 17.362 0
000930 20.937 10.0 17.425 0
001000 20.875 10.0 17.362 0
001031 20.875 10.0 17.362 0
001101 20.875 10.0 17.362 0
001132 20.875 10.0 17.362 0
001202 20.875 10.0 17.425 0
001233 20.875 10.0 17.425 0
001303 20.875 10.0 17.362 0
001333 20.875 10.0 17.425 0
001404 20.875 10.0 17.425 0
001434 20.875 10.0 17.425 0
001505 20.875 10.0 17.425 0
001535 20.875 10.0 17.362 0
001606 20.875 10.0 17.362 0
001636 20.875 10.0 17.425 0
001707 20.875 10.0 17.425 0
001737 20.875 10.0 17.362 0
001808 20.875 10.0 17.425 0
001839 20.875 10.0 17.425 0
001909 20.875 10.0 17.425 0
001940 20.875 10.0 17.425 0
002010 20.875 10.0 17.425 0
002040 20.875 10.0 17.425 0
002111 20.875 10.0 17.425 0
002141 20.875 10.0 17.425 0
002212 20.875 10.0 17.425 0
002242 20.875 10.0 17.362 0
002312 20.875 10.0 17.425 0
002343 20.875 10.0 17.425 0
002414 20.875 10.0 17.425 0
002445 20.875 10.0 17.425 0
002515 20.875 10.0 17.425 0
002545 20.875 10.0 17.425 0
002616 20.875 10.0 17.425 0
002647 20.875 10.0 17.425 0
002717 20.875 10.0 17.362 0
002748 20.875 10.0 17.425 0
002819 20.875 10.0 17.425 0
002849 20.875 10.0 17.425 0
002920 20.875 10.0 17.425 0
002951 20.875 10.0 17.362 0
003021 20.812 10.0 17.362 0
003051 20.812 10.0 17.425 0
003122 20.812 10.0 17.425 0
003153 20.812 10.0 17.425 0
003223 20.812 10.0 17.425 0
003253 20.812 10.0 17.425 0
003323 20.812 10.0 17.362 0
003354 20.812 10.0 17.425 0
003425 20.812 10.0 17.425 0
003458 20.812 10.0 17.425 0
003528 20.812 10.0 17.362 0
003559 20.812 10.0 17.425 0
003630 20.812 10.0 17.362 0
003700 20.812 10.0 17.425 0
003730 20.812 10.0 17.425 0
003801 20.812 10.0 17.425 0
003831 20.812 10.0 17.425 0
003902 20.812 10.0 17.362 0
003933 20.812 10.0 17.425 0
004003 20.812 10.0 17.362 0
004033 20.812 10.0 17.425 0
004104 20.812 10.0 17.425 0
004134 20.812 10.0 17.425 0
004204 20.812 10.0 17.425 0
004234 20.812 10.0 17.362 0
004305 20.812 10.0 17.425 0
004335 20.812 10.0 17.362 0
004406 20.812 10.0 17.425 0
004436 20.812 10.0 17.425 0
004507 20.812 10.0 17.425 0
004537 20.812 10.0 17.362 0
004608 20.812 10.0 17.362 0
004638 20.812 10.0 17.362 0
004708 20.812 10.0 17.425 0
004739 20.812 10.0 17.425 0
004809 20.812 10.0 17.362 0
004840 20.812 10.0 17.362 0
004911 20.812 10.0 17.425 0
004941 20.812 10.0 17.425 0
005012 20.812 10.0 17.362 0
005042 20.812 10.0 17.362 0
005112 20.812 10.0 17.425 0
005143 20.812 10.0 17.362 0
005214 20.812 10.0 17.362 0
005244 20.812 10.0 17.362 0
005315 20.812 10.0 17.362 0
005345 20.812 10.0 17.425 0
005415 20.812 10.0 17.362 0
005446 20.812 10.0 17.425 0
005516 20.75 10.0 17.362 0
005547 20.75 10.0 17.362 0
005617 20.75 10.0 17.425 0
005648 20.75 10.0 17.425 0
005719 20.75 10.0 17.362 0
005749 20.75 10.0 17.362 0
005820 20.75 10.0 17.425 0
005850 20.75 10.0 17.362 0
005921 20.75 10.0 17.425 0
005952 20.75 10.0 17.425 0
010022 20.75 10.0 17.362 0
010053 20.75 10.0 17.362 0
010123 20.75 10.0 17.362 0
010153 20.75 10.0 17.362 0
010224 20.75 10.0 17.425 0
010255 20.75 10.0 17.362 0
010325 20.75 10.0 17.362 0
010356 20.75 10.0 17.362 0
010426 20.75 10.0 17.362 0
010457 20.75 10.0 17.425 0
010528 20.75 10.0 17.362 0
010558 20.75 10.0 17.425 0
010629 20.75 10.0 17.425 0
010700 20.75 10.0 17.425 0
010733 20.75 10.0 17.425 0
010803 20.75 10.0 17.362 0
010833 20.75 10.0 17.362 0
010904 20.75 10.0 17.425 0
010934 20.75 10.0 17.362 0
011005 20.75 10.0 17.425 0
011035 20.75 10.0 17.425 0
011106 20.75 10.0 17.362 0
011136 20.75 10.0 17.362 0
011207 20.75 10.0 17.362 0
011237 20.75 10.0 17.362 0
011307 20.75 10.0 17.362 0
011338 20.75 10.0 17.362 0
011408 20.75 10.0 17.362 0
011438 20.75 10.0 17.362 0
011508 20.75 10.0 17.425 0
011539 20.75 10.0 17.425 0
011609 20.75 10.0 17.362 0
011639 20.75 10.0 17.425 0
011710 20.75 10.0 17.362 0
011741 20.75 10.0 17.425 0
011811 20.75 10.0 17.425 0
011841 20.75 10.0 17.425 0
011912 20.75 10.0 17.425 0
011942 20.75 10.0 17.362 0
012013 20.75 10.0 17.425 0
012043 20.75 10.0 17.425 0
012113 20.75 10.0 17.362 0
012144 20.75 10.0 17.425 0
012214 20.75 10.0 17.362 0
012245 20.75 10.0 17.362 0
012316 20.75 10.0 17.362 0
012346 20.75 10.0 17.425 0
012417 20.75 10.0 17.425 0
012447 20.75 10.0 17.362 0
012517 20.75 10.0 17.362 0
012548 20.75 10.0 17.362 0
012619 20.75 10.0 17.425 0
012649 20.75 10.0 17.362 0
012719 20.75 10.0 17.362 0
012750 20.75 10.0 17.425 0
012820 20.75 10.0 17.425 0
012851 20.75 10.0 17.362 0
012921 20.75 10.0 17.362 0
012951 20.75 10.0 17.362 0
013022 20.75 10.0 17.362 0
013053 20.75 10.0 17.362 0
013124 20.75 10.0 17.362 0
013154 20.75 10.0 17.362 0
013224 20.75 10.0 17.362 0
013254 20.687 10.0 17.425 0
013325 20.687 10.0 17.362 0
013355 20.687 10.0 17.362 0
013426 20.687 10.0 17.425 0
013457 20.687 10.0 17.425 0
013527 20.75 10.0 17.425 0
013558 20.75 10.0 17.425 0
013628 20.75 10.0 17.425 0
013659 20.75 10.0 17.425 0
013729 20.75 10.0 17.425 0
013800 20.75 10.0 17.425 0
013830 20.75 10.0 17.425 0
013901 20.75 10.0 17.362 0
013931 20.75 10.0 17.425 0
014002 20.75 10.0 17.362 0
014032 20.75 10.0 17.362 0
014103 20.75 10.0 17.362 0
014134 20.75 10.0 17.425 0
014204 20.75 10.0 17.362 0
014237 20.687 10.0 17.425 0
014308 20.687 10.0 17.425 0
014339 20.687 10.0 17.362 0
014409 20.687 10.0 17.362 0
014440 20.687 10.0 17.362 0
014510 20.687 10.0 17.362 0
014540 20.687 10.0 17.362 0
014611 20.687 10.0 17.362 0
014642 20.687 10.0 17.362 0
014712 20.687 10.0 17.362 0
014743 20.687 10.0 17.425 0
014813 20.687 10.0 17.425 0
014843 20.687 10.0 17.362 0
014914 20.687 10.0 17.362 0
014944 20.687 10.0 17.362 0
015014 20.687 10.0 17.362 0
015045 20.687 10.0 17.362 0
015116 20.687 10.0 17.362 0
015146 20.687 10.0 17.362 0
015216 20.687 10.0 17.362 0
015247 20.687 10.0 17.425 0
015317 20.687 10.0 17.425 0
015348 20.687 10.0 17.425 0
015419 20.687 10.0 17.362 0
015449 20.687 10.0 17.362 0
015519 20.687 10.0 17.362 0
015550 20.687 10.0 17.362 0
015620 20.687 10.0 17.362 0
015650 20.687 10.0 17.362 0
015721 20.687 10.0 17.362 0
015751 20.687 10.0 17.362 0
015821 20.687 10.0 17.362 0
015852 20.687 10.0 17.362 0
015923 20.687 10.0 17.362 0
015953 20.687 10.0 17.362 0
020024 20.687 10.0 17.362 0
020055 20.687 10.0 17.362 0
020126 20.687 10.0 17.362 0
020156 20.687 10.0 17.362 0
020227 20.687 10.0 17.362 0
020257 20.687 10.0 17.362 0
020327 20.687 10.0 17.362 0
020358 20.687 10.0 17.362 0
020428 20.687 10.0 17.425 0
020459 20.687 10.0 17.362 0
020529 20.687 10.0 17.362 0
020600 20.687 10.0 17.425 0
020630 20.687 10.0 17.362 0
020700 20.687 10.0 17.362 0
020731 20.687 10.0 17.362 0
020802 20.687 10.0 17.425 0
020832 20.687 10.0 17.425 0
020902 20.687 10.0 17.362 0
020933 20.687 10.0 17.362 0
021003 20.687 10.0 17.362 0
021034 20.687 10.0 17.362 0
021104 20.687 10.0 17.362 0
021135 20.687 10.0 17.362 0
021206 20.687 10.0 17.362 0
021236 20.687 10.0 17.425 0
021307 20.687 10.0 17.362 0
021338 20.687 10.0 17.362 0
021408 20.687 10.0 17.425 0
021439 20.687 10.0 17.362 0
021511 20.687 10.0 17.362 0
021542 20.687 10.0 17.362 0
021613 20.687 10.0 17.362 0
021643 20.687 10.0 17.362 0
021713 20.687 10.0 17.362 0
021744 20.687 10.0 17.362 0
021814 20.687 10.0 17.362 0
021844 20.687 10.0 17.362 0
021914 20.687 10.0 17.362 0
021945 20.687 10.0 17.362 0
022015 20.687 10.0 17.362 0
022046 20.687 10.0 17.362 0
022116 20.687 10.0 17.425 0
022147 20.687 10.0 17.362 0
022217 20.687 10.0 17.362 0
022248 20.625 10.0 17.362 0
022318 20.625 10.0 17.362 0
022349 20.625 10.0 17.362 0
022419 20.625 10.0 17.362 0
022450 20.625 10.0 17.362 0
022521 20.687 10.0 17.362 0
022551 20.687 10.0 17.362 0
022622 20.687 10.0 17.362 0
022653 20.687 10.0 17.362 0
022723 20.687 10.0 17.425 0
022754 20.625 10.0 17.362 0
022824 20.625 10.0 17.362 0
022854 20.625 10.0 17.425 0
022925 20.625 10.0 17.362 0
022955 20.625 10.0 17.362 0
023026 20.687 10.0 17.362 0
023056 20.687 10.0 17.425 0
023127 20.687 10.0 17.362 0
023158 20.687 10.0 17.362 0
023228 20.687 10.0 17.362 0
023258 20.625 10.0 17.362 0
023329 20.625 10.0 17.362 0
023359 20.625 10.0 17.362 0
023429 20.625 10.0 17.362 0
023500 20.625 10.0 17.362 0
023530 20.625 10.0 17.425 0
023601 20.625 10.0 17.362 0
023631 20.625 10.0 17.362 0
023701 20.625 10.0 17.362 0
023732 20.625 10.0 17.362 0
023803 20.625 10.0 17.362 0
023834 20.625 10.0 17.362 0
023904 20.625 10.0 17.362 0
023934 20.625 10.0 17.362 0
024005 20.625 10.0 17.362 0
024035 20.625 10.0 17.362 0
024105 20.625 10.0 17.362 0
024135 20.625 10.0 17.362 0
024205 20.625 10.0 17.362 0
024236 20.625 10.0 17.362 0
024306 20.625 10.0 17.362 0
024337 20.625 10.0 17.362 0
024408 20.625 10.0 17.362 0
024438 20.625 10.0 17.362 0
024509 20.625 10.0 17.362 0
024539 20.625 10.0 17.362 0
024609 20.625 10.0 17.362 0
024639 20.625 10.0 17.362 0
024710 20.625 10.0 17.362 0
024740 20.625 10.0 17.362 0
024810 20.625 10.0 17.362 0
024841 20.625 10.0 17.362 0
024911 20.625 10.0 17.362 0
024942 20.625 10.0 17.362 0
025012 20.625 10.0 17.362 0
025043 20.625 10.0 17.362 0
025114 20.625 10.0 17.362 0
025144 20.625 10.0 17.362 0
025214 20.625 10.0 17.362 0
025247 20.625 10.0 17.362 0
025317 20.625 10.0 17.362 0
025348 20.625 10.0 17.425 0
025419 20.625 10.0 17.362 0
025450 20.625 10.0 17.362 0
025521 20.625 10.0 17.362 0
025552 20.625 10.0 17.362 0
025622 20.625 10.0 17.362 0
025653 20.625 10.0 17.362 0
025724 20.625 10.0 17.362 0
025754 20.625 10.0 17.362 0
025824 20.625 10.0 17.362 0
025855 20.625 10.0 17.362 0
025926 20.625 10.0 17.362 0
025956 20.625 10.0 17.362 0
030027 20.562 10.0 17.362 0
030057 20.562 10.0 17.362 0
030128 20.562 10.0 17.425 0
030159 20.562 10.0 17.362 0
030230 20.562 10.0 17.362 0
030300 20.562 10.0 17.362 0
030330 20.562 10.0 17.362 0
030401 20.562 10.0 17.362 0
030431 20.562 10.0 17.362 0
030502 20.562 10.0 17.362 0
030532 20.562 10.0 17.362 0
030602 20.562 10.0 17.362 0
030633 20.562 10.0 17.362 0
030703 20.562 10.0 17.425 0
030734 20.562 10.0 17.362 0
030805 20.562 10.0 17.362 0
030835 20.562 10.0 17.425 0
030905 20.562 10.0 17.362 0
030936 20.562 10.0 17.362 0
031007 20.562 10.0 17.362 0
031037 20.562 10.0 17.362 0
031108 20.562 10.0 17.362 0
031138 20.562 10.0 17.362 0
031208 20.562 10.0 17.362 0
031239 20.562 10.0 17.362 0
031309 20.562 10.0 17.362 0
031340 20.562 10.0 17.362 0
031411 20.562 10.0 17.362 0
031441 20.562 10.0 17.362 0
031512 20.562 10.0 17.362 0
031542 20.562 10.0 17.362 0
031612 20.562 10.0 17.362 0
031643 20.562 10.0 17.362 0
031714 20.562 10.0 17.362 0
031745 20.562 10.0 17.362 0
031815 20.562 10.0 17.362 0
031846 20.562 10.0 17.362 0
031916 20.562 10.0 17.362 0
031947 20.562 10.0 17.362 0
032017 20.562 10.0 17.362 0
032048 20.562 10.0 17.362 0
032118 20.562 10.0 17.362 0
032149 20.562 10.0 17.362 0
032219 20.562 10.0 17.362 0
032251 20.562 10.0 17.362 0
032322 20.562 10.0 17.362 0
032352 20.562 10.0 17.362 0
032422 20.562 10.0 17.362 0
032453 20.562 10.0 17.362 0
032524 20.562 10.0 17.362 0
032555 20.562 10.0 17.362 0
032625 20.562 10.0 17.362 0
032655 20.562 10.0 17.362 0
032725 20.562 10.0 17.362 0
032755 20.562 10.0 17.362 0
032826 20.562 10.0 17.362 0
032856 20.562 10.0 17.362 0
032927 20.562 10.0 17.362 0
032957 20.562 10.0 17.362 0
033027 20.562 10.0 17.362 0
033058 20.562 10.0 17.362 0
033129 20.562 10.0 17.362 0
033200 20.562 10.0 17.362 0
033230 20.562 10.0 17.362 0
033300 20.562 10.0 17.362 0
033331 20.562 10.0 17.362 0
033402 20.562 10.0 17.362 0
033432 20.562 10.0 17.362 0
033503 20.562 10.0 17.362 0
033534 20.562 10.0 17.362 0
033605 20.562 10.0 17.362 0
033635 20.562 10.0 17.362 0
033706 20.562 10.0 17.362 0
033736 20.562 10.0 17.362 0
033807 20.5 10.0 17.362 0
033837 20.5 10.0 17.362 0
033908 20.5 10.0 17.362 0
033939 20.5 10.0 17.362 0
034009 20.5 10.0 17.362 0
034040 20.5 10.0 17.362 0
034111 20.5 10.0 17.362 0
034141 20.5 10.0 17.362 0
034212 20.5 10.0 17.362 0
034243 20.5 10.0 17.362 0
034313 20.562 10.0 17.362 0
034344 20.562 10.0 17.362 0
034414 20.562 10.0 17.362 0
034444 20.562 10.0 17.362 0
034515 20.562 10.0 17.362 0
034546 20.5 10.0 17.362 0
034616 20.5 10.0 17.362 0
034646 20.5 10.0 17.362 0
034717 20.5 10.0 17.362 0
034747 20.5 10.0 17.362 0
034817 20.5 10.0 17.362 0
034848 20.5 10.0 17.362 0
034918 20.5 10.0 17.362 0
034949 20.5 10.0 17.362 0
035020 20.5 10.0 17.362 0
035050 20.5 10.0 17.362 0
035121 20.5 10.0 17.362 0
035152 20.5 10.0 17.362 0
035222 20.5 10.0 17.362 0
035255 20.5 10.0 17.362 0
035326 20.5 10.0 17.362 0
035357 20.5 10.0 17.362 0
035427 20.5 10.0 17.362 0
035458 20.5 10.0 17.362 0
035528 20.5 10.0 17.362 0
035558 20.5 10.0 17.362 0
035629 20.5 10.0 17.362 0
035700 20.5 10.0 17.362 0
035731 20.5 10.0 17.362 0
035801 20.5 10.0 17.362 0
035832 20.5 10.0 17.362 0
035903 20.5 10.0 17.362 0
035933 20.5 10.0 17.362 0
040004 20.5 10.0 17.362 0
040034 20.5 10.0 17.362 0
040104 20.5 10.0 17.362 0
040135 20.5 10.0 17.362 0
040205 20.5 10.0 17.362 0
040236 20.5 10.0 17.362 0
040306 20.5 10.0 17.362 0
040336 20.5 10.0 17.362 0
040406 20.5 10.0 17.362 0
040436 20.5 10.0 17.362 0
040507 20.5 10.0 17.362 0
040537 20.5 10.0 17.362 0
040607 20.5 10.0 17.362 0
040638 20.5 10.0 17.362 0
040709 20.5 10.0 17.362 0
040739 20.5 10.0 17.362 0
040809 20.5 10.0 17.362 0
040840 20.5 10.0 17.362 0
040910 20.5 10.0 17.362 0
040941 20.5 10.0 17.362 0
041011 20.5 10.0 17.362 0
041042 20.5 10.0 17.362 0
041113 20.5 10.0 17.362 0
041143 20.5 10.0 17.362 0
041214 20.5 10.0 17.362 0
041244 20.5 10.0 17.362 0
041314 20.5 10.0 17.362 0
041345 20.5 10.0 17.362 0
041415 20.5 10.0 17.362 0
041446 20.5 10.0 17.362 0
041516 20.5 10.0 17.362 0
041546 20.5 10.0 17.362 0
041617 20.5 10.0 17.362 0
041648 20.5 10.0 17.362 0
041718 20.5 10.0 17.362 0
041749 20.5 10.0 17.362 0
041819 20.437 10.0 17.362 0
041850 20.437 10.0 17.362 0
041920 20.437 10.0 17.362 0
041951 20.437 10.0 17.362 0
042021 20.437 10.0 17.362 0
042052 20.5 10.0 17.362 0
042122 20.5 10.0 17.362 0
042152 20.5 10.0 17.362 0
042223 20.5 10.0 17.362 0
042253 20.5 10.0 17.362 0
042323 20.437 10.0 17.362 0
042354 20.437 10.0 17.362 0
042424 20.437 10.0 17.362 0
042454 20.437 10.0 17.362 0
042525 20.437 10.0 17.362 0
042555 20.437 10.0 17.362 0
042626 20.437 10.0 17.362 0
042656 20.437 10.0 17.362 0
042727 20.437 10.0 17.362 0
042800 20.5 10.0 17.362 0
042830 20.5 10.0 17.362 0
042901 20.5 10.0 17.362 0
042932 20.5 10.0 17.362 0
043002 20.5 10.0 17.362 0
043033 20.5 10.0 17.362 0
043103 20.5 10.0 17.362 0
043134 20.5 10.0 17.362 0
043204 20.5 10.0 17.362 0
043235 20.5 10.0 17.362 0
043305 20.5 10.0 17.362 0
043336 20.5 10.0 17.362 0
043406 20.5 10.0 17.362 0
043436 20.5 10.0 17.362 0
043507 20.5 10.0 17.362 0
043537 20.437 10.0 17.362 0
043608 20.437 10.0 17.362 0
043639 20.437 10.0 17.362 0
043709 20.437 10.0 17.362 0
043740 20.437 10.0 17.362 0
043811 20.437 10.0 17.362 0
043842 20.437 10.0 17.362 0
043912 20.437 10.0 17.362 0
043942 20.437 10.0 17.362 0
044013 20.437 10.0 17.362 0
044043 20.437 10.0 17.362 0
044114 20.437 10.0 17.362 0
044144 20.437 10.0 17.362 0
044214 20.437 10.0 17.362 0
044245 20.437 10.0 17.362 0
044315 20.437 10.0 17.362 0
044346 20.437 10.0 17.362 0
044416 20.437 10.0 17.362 0
044446 20.437 10.0 17.362 0
044516 20.437 10.0 17.362 0
044547 20.437 10.0 17.362 0
044618 20.437 10.0 17.362 0
044648 20.437 10.0 17.362 0
044719 20.437 10.0 17.362 0
044750 20.437 10.0 17.362 0
044820 20.437 10.0 17.362 0
044851 20.437 10.0 17.362 0
044921 20.437 10.0 17.362 0
044952 20.437 10.0 17.362 0
045023 20.437 10.0 17.362 0
045053 20.437 10.0 17.362 0
045124 20.437 10.0 17.362 0
045154 20.437 10.0 17.362 0
045225 20.437 10.0 17.362 0
045255 20.437 10.0 17.362 0
045326 20.437 10.0 17.362 0
045357 20.437 10.0 17.362 0
045427 20.437 10.0 17.362 0
045457 20.437 10.0 17.362 0
045528 20.437 10.0 17.362 0
045558 20.437 10.0 17.362 0
045629 20.437 10.0 17.362 0
045700 20.437 10.0 17.362 0
045730 20.437 10.0 17.362 0
045801 20.437 10.0 17.362 0
045832 20.437 10.0 17.362 0
045902 20.437 10.0 17.362 0
045932 20.437 10.0 17.362 0
050003 20.437 10.0 17.362 0
050035 20.437 10.0 17.362 0
050106 20.437 10.0 17.362 0
050136 20.437 10.0 17.362 0
050207 20.437 10.0 17.362 0
050238 20.437 10.0 17.362 0
050308 20.437 10.0 17.362 0
050339 20.437 10.0 17.362 0
050410 20.437 10.0 17.362 0
050440 20.437 10.0 17.362 0
050510 20.437 10.0 17.362 0
050541 20.437 10.0 17.362 0
050611 20.437 10.0 17.362 0
050642 20.437 10.0 17.362 0
050713 20.437 10.0 17.362 0
050743 20.437 10.0 17.362 0
050814 20.437 10.0 17.362 0
050844 20.437 10.0 17.362 0
050915 20.437 10.0 17.362 0
050945 20.437 10.0 17.362 0
051015 20.437 10.0 17.362 0
051045 20.437 10.0 17.362 0
051115 20.437 10.0 17.362 0
051146 20.437 10.0 17.362 0
051217 20.437 10.0 17.362 0
051247 20.437 10.0 17.362 0
051318 20.437 10.0 17.362 0
051348 20.437 10.0 17.362 0
051419 20.437 10.0 17.362 0
051450 20.437 10.0 17.362 0
051520 20.437 10.0 17.362 0
051551 20.437 10.0 17.362 0
051622 20.437 10.0 17.362 0
051652 20.437 10.0 17.362 0
051723 20.437 10.0 17.362 0
051753 20.437 10.0 17.362 0
051824 20.375 10.0 17.362 0
051854 20.375 10.0 17.362 0
051925 20.375 10.0 17.362 0
051955 20.375 10.0 17.362 0
052025 20.375 10.0 17.362 0
052055 20.375 10.0 17.362 0
052126 20.375 10.0 17.362 0
052156 20.375 10.0 17.362 0
052227 20.375 10.0 17.362 0
052257 20.375 10.0 17.362 0
052327 20.375 10.0 17.362 0
052358 20.375 10.0 17.362 0
052428 20.375 10.0 17.362 0
052458 20.375 10.0 17.362 0
052529 20.375 10.0 17.362 0
052600 20.375 10.0 17.362 0
052630 20.375 10.0 17.362 0
052701 20.375 10.0 17.362 0
052731 20.375 10.0 17.362 0
052802 20.375 10.0 17.362 0
052832 20.375 10.0 17.362 0
052903 20.375 10.0 17.362 0
052934 20.375 10.0 17.362 0
053004 20.375 10.0 17.362 0
053035 20.375 10.0 17.362 0
053105 20.375 10.0 17.362 0
053136 20.375 10.0 17.362 0
053206 20.375 10.0 17.362 0
053237 20.375 10.0 17.362 0
053309 20.375 10.0 17.362 0
053340 20.375 10.0 17.362 0
053411 20.375 10.0 17.362 0
053441 20.375 10.0 17.362 0
053512 20.375 10.0 17.362 0
053543 20.375 10.0 17.362 0
053614 20.375 10.0 17.362 0
053644 20.375 10.0 17.362 0
053715 20.375 10.0 17.362 0
053746 20.375 10.0 17.362 0
053816 20.375 10.0 17.362 0
053846 20.375 10.0 17.362 0
053916 20.375 10.0 17.362 0
053947 20.375 10.0 17.362 0
054018 20.375 10.0 17.362 0
054048 20.375 10.0 17.362 0
054119 20.375 10.0 17.362 0
054149 20.375 10.0 17.362 0
054219 20.375 10.0 17.362 0
054250 20.375 10.0 17.362 0
054320 20.375 10.0 17.362 0
054350 20.375 10.0 17.362 0
054420 20.375 10.0 17.362 0
054451 20.375 10.0 17.362 0
054521 20.375 10.0 17.362 0
054552 20.375 10.0 17.362 0
054623 20.375 10.0 17.362 0
054653 20.375 10.0 17.362 0
054724 20.375 10.0 17.362 0
054755 20.375 10.0 17.362 0
054825 20.375 10.0 17.362 0
054856 20.375 10.0 17.362 0
054926 20.375 10.0 17.362 0
054957 20.375 10.0 17.362 0
055027 20.375 10.0 17.362 0
055058 20.375 10.0 17.362 0
055129 20.375 10.0 17.362 0
055159 20.375 10.0 17.362 0
055230 20.375 10.0 17.362 0
055300 20.375 10.0 17.362 0
055331 20.375 10.0 17.362 0
055402 20.375 10.0 17.362 0
055433 20.375 10.0 17.362 0
055503 20.375 10.0 17.362 0
055534 20.375 10.0 17.362 0
055605 20.375 10.0 17.362 0
055635 20.375 10.0 17.362 0
055706 20.375 10.0 17.362 0
055736 20.375 10.0 17.362 0
055806 20.375 10.0 17.362 0
055836 20.375 10.0 17.362 0
055906 20.375 10.0 17.362 0
055937 20.375 10.0 17.362 0
060007 20.375 10.0 17.362 0
060038 20.375 10.0 17.362 0
060109 20.375 10.0 17.362 0
060139 20.375 10.0 17.362 0
060209 20.375 10.0 17.362 0
060240 20.375 10.0 17.362 0
060313 20.375 10.0 17.362 0
060343 20.375 10.0 17.362 0
060414 20.375 10.0 17.362 0
060444 20.375 10.0 17.362 0
060515 20.375 10.0 17.362 0
060545 20.312 10.0 17.362 0
060616 20.312 10.0 17.362 0
060646 20.312 10.0 17.362 0
060717 20.312 10.0 17.362 0
060747 20.312 10.0 17.362 0
060817 20.312 10.0 17.362 0
060847 20.312 10.0 17.362 0
060918 20.312 10.0 17.362 0
060948 20.312 10.0 17.362 0
061019 20.312 10.0 17.362 0
061049 20.312 10.0 17.362 0
061120 20.312 10.0 17.362 0
061151 20.312 10.0 17.362 0
061221 20.312 10.0 17.362 0
061252 20.312 10.0 17.362 0
061323 20.312 10.0 17.362 0
061353 20.312 10.0 17.362 0
061424 20.312 10.0 17.362 0
061454 20.312 10.0 17.362 0
061525 20.312 10.0 17.362 0
061555 20.312 10.0 17.362 0
061625 20.312 10.0 17.362 0
061656 20.312 10.0 17.362 0
061726 20.312 10.0 17.362 0
061756 20.312 10.0 17.362 0
061827 20.312 10.0 17.362 0
061857 20.312 10.0 17.362 0
061927 20.312 10.0 17.362 0
061958 20.312 10.0 17.362 0
062029 20.312 10.0 17.362 0
062059 20.375 10.0 17.362 0
062129 20.375 10.0 17.362 0
062200 20.375 10.0 17.362 0
062231 20.375 10.0 17.362 0
062302 20.375 10.0 17.362 0
062332 20.375 10.0 17.362 0
062402 20.375 10.0 17.362 0
062433 20.375 10.0 17.362 0
062504 20.375 10.0 17.362 0
062534 20.375 10.0 17.362 0
062604 20.312 10.0 17.362 0
062635 20.312 10.0 17.362 0
062706 20.312 10.0 17.362 0
062736 20.312 10.0 17.362 0
062806 20.312 10.0 17.362 0
062836 20.312 10.0 17.362 0
062907 20.312 10.0 17.362 0
062937 20.312 10.0 17.362 0
063007 20.312 10.0 17.362 0
063038 20.312 10.0 17.362 0
063109 20.312 10.0 17.362 0
063139 20.312 10.0 17.362 0
063210 20.312 10.0 17.362 0
063240 20.312 10.0 17.362 0
063311 20.312 10.0 17.362 0
063341 20.312 10.0 17.362 0
063412 20.312 10.0 17.362 0
063443 20.312 10.0 17.362 0
063514 20.312 10.0 17.362 0
063544 20.312 10.0 17.362 0
063615 20.312 10.0 17.362 0
063645 20.312 10.0 17.362 0
063716 20.312 10.0 17.362 0
063747 20.312 10.0 17.362 0
063818 20.312 10.0 17.362 0
063849 20.312 10.0 17.362 0
063919 20.312 10.0 17.362 0
063950 20.312 10.0 17.362 0
064020 20.312 10.0 17.362 0
064050 20.312 10.0 17.362 0
064120 20.312 10.0 17.362 0
064151 20.312 10.0 17.362 0
064221 20.312 10.0 17.362 0
064252 20.312 10.0 17.362 0
064322 20.312 10.0 17.362 0
064352 20.312 10.0 17.362 0
064423 20.312 10.0 17.362 0
064454 20.312 10.0 17.362 0
064524 20.312 10.0 17.362 0
064555 20.312 10.0 17.362 0
064626 20.312 10.0 17.362 0
064657 20.312 10.0 17.362 0
064727 20.312 10.0 17.362 0
064757 20.312 10.0 17.362 0
064827 20.312 10.0 17.362 0
064857 20.312 10.0 17.362 0
064928 20.312 10.0 17.362 0
064959 20.312 10.0 17.362 0
065029 20.312 10.0 17.362 0
065100 20.312 10.0 17.362 0
065131 20.312 10.0 17.362 0
065202 20.312 10.0 17.362 0
065232 20.312 10.0 17.362 0
065303 20.312 10.0 17.362 0
065333 20.312 10.0 17.362 0
065403 20.312 10.0 17.362 0
065433 20.312 10.0 17.362 0
065504 20.312 10.0 17.362 0
065534 20.312 10.0 17.362 0
065604 20.312 10.0 17.362 0
065635 20.312 10.0 17.362 0
065705 20.312 10.0 17.362 0
065736 20.312 10.0 17.362 0
065806 20.312 10.0 17.362 0
065836 20.312 10.0 17.362 0
065906 20.312 10.0 17.362 0
065936 20.312 10.0 17.362 0
070007 20.312 10.0 17.362 0
070037 20.312 10.0 17.362 0
070108 20.25 10.0 17.362 0
070138 20.25 10.0 17.362 0
070209 20.25 10.0 17.362 0
070239 20.25 10.0 17.362 0
070309 20.25 10.0 17.362 0
070340 20.25 10.0 17.362 0
070411 20.25 10.0 17.362 0
070441 20.25 10.0 17.362 0
070512 20.25 10.0 17.362 0
070542 20.25 10.0 17.362 0
070613 20.25 10.0 17.362 0
070644 20.25 10.0 17.362 0
070715 20.25 10.0 17.362 0
070745 20.25 10.0 17.362 0
070816 20.25 10.0 17.362 0
070846 20.25 10.0 17.362 0
070917 20.25 10.0 17.362 0
070947 20.25 10.0 17.362 0
071018 20.25 10.0 17.362 0
071048 20.25 10.0 17.362 0
071118 20.25 10.0 17.362 0
071149 20.25 10.0 17.362 0
071219 20.25 10.0 17.362 0
071249 20.25 10.0 17.362 0
071322 20.25 10.0 17.362 0
071353 20.25 10.0 17.362 0
071424 20.25 10.0 17.362 0
071454 20.25 10.0 17.362 0
071524 20.25 10.0 17.362 0
071555 20.25 10.0 17.362 0
071625 20.25 10.0 17.362 0
071656 20.25 10.0 17.362 0
071727 20.25 10.0 17.362 0
071757 20.25 10.0 17.362 0
071827 20.25 10.0 17.362 0
071857 20.25 10.0 17.362 0
071928 20.25 10.0 17.362 0
071958 20.25 10.0 17.362 0
072028 20.25 10.0 17.362 0
072059 20.25 10.0 17.362 0
072129 20.25 10.0 17.362 0
072159 20.25 10.0 17.362 0
072229 20.25 10.0 17.362 0
072259 20.25 10.0 17.362 0
072330 20.25 10.0 17.362 0
072400 20.25 10.0 17.362 0
072431 20.25 10.0 17.362 0
072502 20.25 10.0 17.362 0
072532 20.25 10.0 17.362 0
072602 20.25 10.0 17.362 0
072633 20.25 10.0 17.362 0
072703 20.25 10.0 17.362 0
072734 20.25 10.0 17.362 0
072804 20.25 10.0 17.362 0
072835 20.25 10.0 17.362 0
072905 20.25 10.0 17.362 0
072935 20.25 10.0 17.362 0
073005 20.25 10.0 17.362 0
073036 20.25 10.0 17.362 0
073106 20.25 10.0 17.362 0
073136 20.25 10.0 17.362 0
073207 20.25 10.0 17.362 0
073238 20.25 10.0 17.362 0
073308 20.25 10.0 17.362 0
073339 20.25 10.0 17.362 0
073409 20.25 10.0 17.362 0
073439 20.25 10.0 17.362 0
073509 20.25 10.0 17.362 0
073540 20.25 10.0 17.362 0
073610 20.312 10.0 17.362 0
073641 20.312 10.0 17.362 0
073711 20.312 10.0 17.362 0
073742 20.312 10.0 17.362 0
073813 20.312 10.0 17.362 0
073843 20.25 10.0 17.362 0
073914 20.25 10.0 17.362 0
073944 20.25 10.0 17.362 0
074015 20.25 10.0 17.362 0
074045 20.25 10.0 17.362 0
074116 20.312 10.0 17.362 0
074146 20.312 10.0 17.362 0
074216 20.312 10.0 17.362 0
074247 20.312 10.0 17.362 0
074317 20.312 10.0 17.362 0
074348 20.25 10.0 17.362 0
074418 20.25 10.0 17.362 0
074449 20.25 10.0 17.362 0
074520 20.25 10.0 17.362 0
074550 20.25 10.0 17.362 0
074620 20.25 10.0 17.362 0
074650 20.25 10.0 17.362 0
074720 20.25 10.0 17.362 0
074751 20.25 10.0 17.362 0
074822 20.25 10.0 17.362 0
074852 20.25 10.0 17.362 0
074923 20.25 10.0 17.362 0
074954 20.25 10.0 17.362 0
075024 20.25 10.0 17.362 0
075054 20.25 10.0 17.362 0
075124 20.25 10.0 17.362 0
075155 20.25 10.0 17.362 0
075226 20.25 10.0 17.362 0
075256 20.25 10.0 17.362 0
075329 20.25 10.0 17.362 0
075359 20.25 10.0 17.362 0
075429 20.25 10.0 17.362 0
075500 20.25 10.0 17.362 0
075530 20.25 10.0 17.362 0
075601 20.25 10.0 17.362 0
075631 20.25 10.0 17.362 0
075701 20.25 10.0 17.362 0
075732 20.25 10.0 17.362 0
075802 20.25 10.0 17.362 0
075833 20.25 10.0 17.362 0
075904 20.25 10.0 17.362 0
075934 20.25 10.0 17.362 0
080005 20.25 10.0 17.362 0
080035 20.25 10.0 17.362 0
080106 20.25 10.0 17.362 0
080136 20.25 10.0 17.362 0
080206 20.25 10.0 17.362 0
080237 20.25 10.0 17.362 0
080308 20.25 10.0 17.362 0
080338 20.187 10.0 17.362 0
080408 20.187 10.0 17.362 0
080438 20.187 10.0 17.362 0
080509 20.187 10.0 17.362 0
080540 20.187 10.0 17.362 0
080610 20.25 10.0 17.362 0
080641 20.25 10.0 17.362 0
080712 20.25 10.0 17.362 0
080743 20.25 10.0 17.362 0
080813 20.25 10.0 17.362 0
080843 20.187 10.0 17.362 0
080914 20.187 10.0 17.362 0
080945 20.187 10.0 17.362 0
081016 20.187 10.0 17.362 0
081046 20.187 10.0 17.362 0
081117 20.187 10.0 17.362 0
081147 20.187 10.0 17.362 0
081218 20.187 10.0 17.362 0
081249 20.187 10.0 17.362 0
081319 20.187 10.0 17.362 0
081350 20.187 10.0 17.362 0
081420 20.187 10.0 17.362 0
081451 20.187 10.0 17.362 0
081521 20.187 10.0 17.362 0
081551 20.187 10.0 17.362 0
081622 20.187 10.0 17.362 0
081653 20.187 10.0 17.362 0
081724 20.187 10.0 17.362 0
081754 20.187 10.0 17.362 0
081824 20.187 10.0 17.362 0
081854 20.187 10.0 17.362 0
081924 20.187 10.0 17.362 0
081954 20.187 10.0 17.362 0
082024 20.187 10.0 17.362 0
082055 20.187 10.0 17.362 0
082126 20.187 10.0 17.362 0
082156 20.187 10.0 17.362 0
082227 20.187 10.0 17.362 0
082258 20.187 10.0 17.362 0
082329 20.187 10.0 17.362 0
082359 20.187 10.0 17.362 0
082429 20.187 10.0 17.362 0
082500 20.187 10.0 17.362 0
082530 20.187 10.0 17.362 0
082603 20.187 10.0 17.362 0
082634 20.187 10.0 17.362 0
082704 20.187 10.0 17.362 0
082735 20.187 10.0 17.362 0
082806 20.187 10.0 17.362 0
082836 20.187 10.0 17.362 0
082907 20.187 10.0 17.362 0
082937 20.187 10.0 17.362 0
083007 20.187 10.0 17.362 0
083037 20.187 10.0 17.362 0
083107 20.187 10.0 17.362 0
083138 20.187 10.0 17.362 0
083209 20.187 10.0 17.362 0
083239 20.187 10.0 17.362 0
083309 20.187 10.0 17.362 0
083339 20.187 10.0 17.362 0
083410 20.187 10.0 17.362 0
083440 20.187 10.0 17.362 0
083511 20.187 10.0 17.362 0
083541 20.187 10.0 17.362 0
083611 20.125 10.0 17.362 0
083642 20.125 10.0 17.362 0
083712 20.125 10.0 17.362 0
083743 20.125 10.0 17.362 0
083813 20.125 10.0 17.362 0
083843 20.125 10.0 17.362 0
083913 20.125 10.0 17.362 0
083944 20.125 10.0 17.362 0
084015 20.125 10.0 17.362 0
084046 20.125 10.0 17.362 0
084116 20.125 10.0 17.362 0
084147 20.125 10.0 17.362 0
084218 20.125 10.0 17.362 0
084249 20.125 10.0 17.362 0
084319 20.125 10.0 17.362 0
084350 20.125 10.0 17.362 0
084421 20.125 10.0 17.362 0
084451 20.125 10.0 17.362 0
084522 20.125 10.0 17.362 0
084552 20.125 10.0 17.362 0
084622 20.125 10.0 17.362 0
084653 20.125 10.0 17.362 0
084724 20.125 10.0 17.362 0
084754 20.125 10.0 17.362 0
084825 20.125 10.0 17.362 0
084855 20.187 10.0 17.362 0
084925 20.187 10.0 17.362 0
084956 20.187 10.0 17.362 0
085027 20.187 10.0 17.362 0
085057 20.187 10.0 17.362 0
085127 20.125 10.0 17.362 0
085157 20.125 10.0 17.362 0
085228 20.125 10.0 17.362 0
085258 20.125 10.0 17.362 0
085328 20.125 10.0 17.362 0
085359 20.125 10.0 17.362 0
085430 20.125 10.0 17.362 0
085500 20.125 10.0 17.362 0
085531 20.125 10.0 17.362 0
085601 20.125 10.0 17.362 0
085632 20.125 10.0 17.362 0
085702 20.125 10.0 17.362 0
085733 20.125 10.0 17.362 0
085804 20.125 10.0 17.362 0
085837 20.125 10.0 17.362 0
085907 20.125 10.0 17.362 0
085937 20.125 10.0 17.362 0
090008 20.125 10.0 17.362 0
090038 20.125 10.0 17.362 0
090108 20.125 10.0 17.362 0
090139 20.125 10.0 17.362 0
090209 20.125 10.0 17.362 0
090240 20.125 10.0 17.362 0
090311 20.125 10.0 17.362 0
090341 20.125 10.0 17.362 0
090411 20.125 10.0 17.362 0
090442 20.125 10.0 17.362 0
090512 20.125 10.0 17.362 0
090543 20.125 10.0 17.362 0
090613 20.125 10.0 17.362 0
090644 20.125 10.0 17.362 0
090714 20.125 10.0 17.362 0
090744 20.125 10.0 17.362 0
090814 20.125 10.0 17.362 0
090845 20.062 10.0 17.362 0
090916 20.062 10.0 17.362 0
090946 20.062 10.0 17.362 0
091017 20.062 10.0 17.362 0
091047 20.062 10.0 17.362 0
091117 20.062 10.0 17.362 0
091148 20.062 10.0 17.362 0
091219 20.062 10.0 17.362 0
091249 20.062 10.0 17.362 0
091320 20.062 10.0 17.362 0
091350 20.125 10.0 17.362 0
091420 20.125 10.0 17.362 0
091450 20.125 10.0 17.362 0
091520 20.125 10.0 17.362 0
091551 20.125 10.0 17.362 0
091622 20.125 10.0 17.362 0
091652 20.125 10.0 17.362 0
091723 20.125 10.0 17.362 0
091753 20.125 10.0 17.362 0
091824 20.125 10.0 17.362 0
091854 20.125 10.0 17.362 0
091924 20.125 10.0 17.362 0
091954 20.125 10.0 17.362 0
092025 20.125 10.0 17.362 0
092056 20.125 10.0 17.362 0
092126 20.125 10.0 17.362 0
092156 20.125 10.0 17.362 0
092226 20.125 10.0 17.362 0
092257 20.125 10.0 17.362 0
092328 20.125 10.0 17.362 0
092358 20.062 10.0 17.362 0
092429 20.062 10.0 17.362 0
092459 20.062 10.0 17.362 0
092530 20.062 10.0 17.362 0
092601 20.062 10.0 17.362 0
092631 20.062 10.0 17.362 0
092702 20.062 10.0 17.362 0
092732 20.062 10.0 17.362 0
092803 20.062 10.0 17.362 0
092833 20.062 10.0 17.362 0
092903 20.062 10.0 17.362 0
092933 20.062 10.0 17.362 0
093004 20.062 10.0 17.362 0
093034 20.062 10.0 17.362 0
093105 20.062 10.0 17.362 0
093135 20.062 10.0 17.362 0
093205 20.062 10.0 17.362 0
093236 20.062 10.0 17.362 0
093306 20.062 10.0 17.362 0
093337 20.062 10.0 17.362 0
093407 20.062 10.0 17.362 0
093438 20.062 10.0 17.362 0
093508 20.062 10.0 17.362 0
093539 20.062 10.0 17.362 0
093612 20.062 10.0 17.362 0
093642 20.062 10.0 17.362 0
093713 20.062 10.0 17.362 0
093744 20.062 10.0 17.362 0
093814 20.062 10.0 17.362 0
093845 20.062 10.0 17.362 0
093915 20.062 10.0 17.362 0
093945 20.062 10.0 17.362 0
094016 20.062 10.0 17.362 0
094047 20.062 10.0 17.362 0
094118 20.062 10.0 17.362 0
094148 20.062 10.0 17.362 0
094219 20.062 10.0 17.362 0
094249 20.062 10.0 17.362 0
094320 20.062 10.0 17.362 0
094351 20.062 10.0 17.362 0
094421 20.062 10.0 17.362 0
094451 20.062 10.0 17.362 0
094522 20.062 10.0 17.362 0
094553 20.062 10.0 17.362 0
094623 20.062 10.0 17.362 0
094654 20.062 10.0 17.362 0
094725 20.062 10.0 17.362 0
094755 20.062 10.0 17.362 0
094825 20.062 10.0 17.362 0
094855 20.062 10.0 17.362 0
094925 20.062 10.0 17.362 0
094956 20.062 10.0 17.362 0
095026 20.062 10.0 17.362 0
095057 20.062 10.0 17.362 0
095127 20.062 10.0 17.362 0
095158 20.062 10.0 17.362 0
095228 20.062 10.0 17.362 0
095259 20.062 10.0 17.362 0
095329 20.062 10.0 17.362 0
095400 20.062 10.0 17.362 0
095430 20.062 10.0 17.362 0
095500 20.062 10.0 17.362 0
095531 20.062 10.0 17.362 0
095601 20.062 10.0 17.362 0
095632 20.062 10.0 17.362 0
095702 20.062 10.0 17.362 0
095733 20.062 10.0 17.362 0
095803 20.062 10.0 17.362 0
095833 20.062 10.0 17.362 0
095904 20.062 10.0 17.362 0
095934 20.062 10.0 17.362 0
100004 20.062 10.0 17.362 0
100035 20.062 10.0 17.362 0
100105 20.062 10.0 17.362 0
100136 20.062 10.0 17.362 0
100206 20.062 10.0 17.362 0
100236 20.062 10.0 17.362 0
100306 20.062 10.0 17.362 0
100337 20.062 10.0 17.362 0
100408 20.125 10.0 17.362 0
100438 20.125 10.0 17.362 0
100509 20.125 10.0 17.362 0
100539 20.125 10.0 17.362 0
100610 20.125 10.0 17.362 0
100640 20.062 10.0 17.362 0
100711 20.062 10.0 17.362 0
100741 20.062 10.0 17.362 0
100812 20.062 10.0 17.362 0
100842 20.062 10.0 17.362 0
100913 20.062 10.0 17.362 0
100944 20.062 10.0 17.362 0
101014 20.062 10.0 17.362 0
101044 20.062 10.0 17.362 0
101117 20.062 10.0 17.362 0
101148 20.062 10.0 17.362 0
101219 20.062 10.0 17.362 0
101249 20.062 10.0 17.362 0
101320 20.062 10.0 17.362 0
101350 20.062 10.0 17.362 0
101421 20.062 10.0 17.362 0
101451 20.062 10.0 17.362 0
101522 20.062 10.0 17.362 0
101553 20.062 10.0 17.362 0
101624 20.062 10.0 17.362 0
101654 20.062 10.0 17.362 0
101725 20.062 10.0 17.362 0
101756 20.062 10.0 17.362 0
101826 20.062 10.0 17.362 0
101857 20.062 10.0 17.362 0
101927 20.062 10.0 17.362 0
101957 20.062 10.0 17.362 0
102028 20.062 10.0 17.362 0
102058 20.062 10.0 17.362 0
102129 20.062 10.0 17.362 0
102159 20.062 10.0 17.362 0
102230 20.062 10.0 17.362 0
102300 20.062 10.0 17.362 0
102331 20.062 10.0 17.362 0
102402 20.062 10.0 17.362 0
102432 20.062 10.0 17.362 0
102503 20.062 10.0 17.362 0
102533 20.062 10.0 17.362 0
102604 20.062 10.0 17.362 0
102634 20.062 10.0 17.362 0
102705 20.062 10.0 17.362 0
102735 20.062 10.0 17.362 0
102806 20.062 10.0 17.362 0
102836 20.062 10.0 17.362 0
102906 20.062 10.0 17.362 0
102937 20.062 10.0 17.362 0
103008 20.062 10.0 17.362 0
103038 20.062 10.0 17.362 0
103109 20.062 10.0 17.362 0
103139 20.062 10.0 17.362 0
103210 20.062 10.0 17.362 0
103240 20.062 10.0 17.362 0
103310 20.062 10.0 17.362 0
103341 20.062 10.0 17.362 0
103411 20.062 10.0 17.362 0
103442 20.062 10.0 17.362 0
103513 20.062 10.0 17.362 0
103543 20.062 10.0 17.362 0
103614 20.062 10.0 17.362 0
103644 20.062 10.0 17.362 0
103715 20.062 10.0 17.362 0
103746 20.062 10.0 17.362 0
103816 20.062 10.0 17.362 0
103847 20.062 10.0 17.362 0
103917 20.062 10.0 17.362 0
103947 20.062 10.0 17.362 0
104017 20.062 10.0 17.362 0
104048 20.062 10.0 17.362 0
104118 20.062 10.0 17.362 0
104148 20.062 10.0 17.362 0
104219 20.062 10.0 17.362 0
104250 20.062 10.0 17.362 0
104320 20.062 10.0 17.362 0
104352 20.062 10.0 17.362 0
104423 20.062 10.0 17.362 0
104453 20.062 10.0 17.362 0
104524 20.062 10.0 17.362 0
104555 20.062 10.0 17.362 0
104626 20.062 10.0 17.362 0
104656 20.062 10.0 17.362 0
104726 20.062 10.0 17.362 0
104757 20.062 10.0 17.362 0
104827 20.062 10.0 17.362 0
104858 20.062 10.0 17.362 0
104929 20.062 10.0 17.362 0
104959 20.062 10.0 17.362 0
105030 20.062 10.0 17.362 0
105100 20.062 10.0 17.362 0
105131 20.062 10.0 17.362 0
105201 20.062 10.0 17.362 0
105232 20.062 10.0 17.362 0
105302 20.062 10.0 17.362 0
105333 20.062 10.0 17.362 0
105403 20.062 10.0 17.362 0
105434 20.062 10.0 17.362 0
105505 20.062 10.0 17.362 0
105535 20.062 10.0 17.362 0
105606 20.062 10.0 17.362 0
105636 20.062 10.0 17.362 0
105707 20.062 10.0 17.362 0
105738 20.062 10.0 17.362 0
105808 20.062 10.0 17.362 0
105839 20.062 10.0 17.362 0
105909 20.062 10.0 17.362 0
105939 20.062 10.0 17.362 0
110010 20.062 10.0 17.362 0
110040 20.062 10.0 17.362 0
110111 20.062 10.0 17.362 0
110142 20.062 10.0 17.362 0
110212 20.062 10.0 17.362 0
110243 20.062 10.0 17.362 0
110313 20.062 10.0 17.362 0
110344 20.062 10.0 17.362 0
110414 20.062 10.0 17.362 0
110445 20.062 10.0 17.362 0
110515 20.062 10.0 17.362 0
110545 20.062 10.0 17.362 0
110616 20.062 10.0 17.362 0
110647 20.062 10.0 17.362 0
110717 20.062 10.0 17.362 0
110748 20.062 10.0 17.362 0
110818 20.062 10.0 17.362 0
110849 20.062 10.0 17.362 0
110919 20.062 10.0 17.362 0
110949 20.062 10.0 17.362 0
111020 20.062 10.0 17.362 0
111051 20.062 10.0 17.362 0
111121 20.062 10.0 17.362 0
111152 20.062 10.0 17.362 0
111222 20.062 10.0 17.362 0
111253 20.062 10.0 17.362 0
111324 20.062 10.0 17.362 0
111356 20.062 10.0 17.362 0
111427 20.062 10.0 17.362 0
111458 20.062 10.0 17.362 0
111528 20.062 10.0 17.362 0
111559 20.062 10.0 17.362 0
111629 20.062 10.0 17.362 0
111700 20.062 10.0 17.362 0
111731 20.062 10.0 17.362 0
111802 20.062 10.0 17.362 0
111832 20.062 10.0 17.362 0
111902 20.062 10.0 17.362 0
111933 20.062 10.0 17.362 0
112004 20.062 10.0 17.362 0
112035 20.062 10.0 17.362 0
112105 20.062 10.0 17.362 0
112136 20.125 10.0 17.362 0
112206 20.125 10.0 17.362 0
112237 20.125 10.0 17.362 0
112307 20.125 10.0 17.362 0
112338 20.125 10.0 17.362 0
112408 20.062 10.0 17.362 0
112439 20.062 10.0 17.362 0
112510 20.062 10.0 17.362 0
112540 20.062 10.0 17.362 0
112611 20.062 10.0 17.362 0
112641 20.125 10.0 17.362 0
112712 20.125 10.0 17.362 0
112743 20.125 10.0 17.362 0
112813 20.125 10.0 17.362 0
112843 20.125 10.0 17.362 0
112914 20.125 10.0 17.362 0
112945 20.125 10.0 17.362 0
113015 20.125 10.0 17.362 0
113045 20.125 10.0 17.362 0
113116 20.125 10.0 17.362 0
113146 20.125 10.0 17.362 0
113216 20.125 10.0 17.362 0
113247 20.125 10.0 17.362 0
113318 20.125 10.0 17.362 0
113348 20.125 10.0 17.362 0
113418 20.062 10.0 17.362 0
113449 20.062 10.0 17.362 0
113520 20.062 10.0 17.362 0
113550 20.062 10.0 17.362 0
113620 20.062 10.0 17.362 0
113651 20.125 10.0 17.362 0
113721 20.125 10.0 17.362 0
113752 20.125 10.0 17.362 0
113822 20.125 10.0 17.362 0
113853 20.125 10.0 17.362 0
113923 20.125 10.0 17.362 0
113954 20.125 10.0 17.362 0
114024 20.125 10.0 17.362 0
114055 20.125 10.0 17.362 0
114125 20.125 10.0 17.362 0
114155 20.125 10.0 17.362 0
114226 20.125 10.0 17.362 0
114256 20.125 10.0 17.362 0
114327 20.125 10.0 17.362 0
114357 20.125 10.0 17.362 0
114428 20.062 10.0 17.362 0
114458 20.062 10.0 17.362 0
114529 20.062 10.0 17.362 0
114559 20.062 10.0 17.362 0
114632 20.125 10.0 17.362 0
114703 20.125 10.0 17.362 0
114733 20.125 10.0 17.362 0
114803 20.125 10.0 17.362 0
114833 20.125 10.0 17.362 0
114903 20.062 10.0 17.362 0
114934 20.062 10.0 17.362 0
115004 20.062 10.0 17.362 0
115034 20.062 10.0 17.362 0
115105 20.062 10.0 17.362 0
115136 20.062 10.0 17.362 0
115206 20.062 10.0 17.362 0
115236 20.062 10.0 17.362 0
115306 20.062 10.0 17.362 0
115336 20.062 10.0 17.362 0
115407 20.062 10.0 17.362 0
115438 20.062 10.0 17.362 0
115508 20.062 10.0 17.362 0
115539 20.062 10.0 17.362 0
115610 20.062 10.0 17.362 0
115640 20.125 10.0 17.362 0
115711 20.125 10.0 17.362 0
115742 20.125 10.0 17.362 0
115812 20.125 10.0 17.362 0
115843 20.125 10.0 17.362 0
115913 20.062 10.0 17.362 0
115944 20.062 10.0 17.362 0
120015 20.062 10.0 17.362 0
120045 20.062 10.0 17.362 0
120115 20.062 10.0 17.362 0
120146 20.062 10.0 17.362 0
120216 20.062 10.0 17.362 0
120247 20.062 10.0 17.362 0
120318 20.062 10.0 17.362 0
120348 20.062 10.0 17.362 0
120418 20.125 10.0 17.362 0
120449 20.125 10.0 17.362 0
120520 20.125 10.0 17.362 0
120550 20.125 10.0 17.362 0
120620 20.125 10.0 17.362 0
120650 20.062 10.0 17.362 0
120720 20.062 10.0 17.362 0
120750 20.062 10.0 17.362 0
120821 20.062 10.0 17.362 0
120852 20.062 10.0 17.362 0
120922 20.062 10.0 17.362 0
120953 20.062 10.0 17.362 0
121023 20.062 10.0 17.362 0
121054 20.062 10.0 17.362 0
121125 20.062 10.0 17.362 0
121155 20.125 10.0 17.362 0
121226 20.125 10.0 17.362 0
121256 20.125 10.0 17.362 0
121327 20.125 10.0 17.362 0
121358 20.125 10.0 17.362 0
121428 20.062 10.0 17.362 0
121459 20.062 10.0 17.362 0
121529 20.062 10.0 17.362 0
121559 20.062 10.0 17.362 0
121630 20.062 10.0 17.362 0
121701 20.062 10.0 17.362 0
121731 20.062 10.0 17.362 0
121802 20.062 10.0 17.362 0
121833 20.062 10.0 17.362 0
121904 20.062 10.0 17.362 0
121934 20.062 10.0 17.362 0
122005 20.062 10.0 17.362 0
122036 20.062 10.0 17.362 0
122106 20.062 10.0 17.362 0
122137 20.125 10.0 17.362 0
122208 20.125 10.0 17.362 0
122239 20.125 10.0 17.362 0
122310 20.125 10.0 17.362 0
122340 20.125 10.0 17.362 0
122411 20.062 10.0 17.362 0
122441 20.062 10.0 17.362 0
122512 20.062 10.0 17.362 0
122543 20.062 10.0 17.362 0
122613 20.062 10.0 17.362 0
122644 20.062 10.0 17.362 0
122714 20.062 10.0 17.362 0
122744 20.062 10.0 17.362 0
122815 20.062 10.0 17.362 0
122846 20.062 10.0 17.362 0
122916 20.062 10.0 17.362 0
122946 20.062 10.0 17.362 0
123016 20.062 10.0 17.362 0
123047 20.062 10.0 17.362 0
123117 20.062 10.0 17.362 0
123147 20.062 10.0 17.362 0
123218 20.062 10.0 17.362 0
123248 20.062 10.0 17.362 0
123319 20.062 10.0 17.362 0
123350 20.062 10.0 17.362 0
123420 20.062 10.0 17.362 0
123450 20.062 10.0 17.362 0
123521 20.062 10.0 17.362 0
123551 20.062 10.0 17.362 0
123621 20.062 10.0 17.362 0
123652 20.062 10.0 17.362 0
123723 20.062 10.0 17.362 0
123754 20.062 10.0 17.362 0
123824 20.062 10.0 17.362 0
123855 20.062 10.0 17.362 0
123925 20.062 10.0 17.362 0
123956 20.062 10.0 17.362 0
124026 20.062 10.0 17.362 0
124056 20.062 10.0 17.362 0
124127 20.062 10.0 17.362 0
124157 20.062 10.0 17.362 0
124228 20.062 10.0 17.362 0
124258 20.062 10.0 17.362 0
124329 20.062 10.0 17.362 0
124359 20.062 10.0 17.362 0
124430 20.125 10.0 17.362 0
124500 20.125 10.0 17.362 0
124531 20.125 10.0 17.362 0
124602 20.125 10.0 17.362 0
124633 20.125 10.0 17.362 0
124703 20.125 10.0 17.362 0
124734 20.125 10.0 17.362 0
124804 20.125 10.0 17.362 0
124835 20.125 10.0 17.362 0
124906 20.125 10.0 17.362 0
124937 20.062 10.0 17.362 0
125007 20.062 10.0 17.362 0
125037 20.062 10.0 17.362 0
125108 20.062 10.0 17.362 0
125140 20.062 10.0 17.362 0
125211 20.062 10.0 17.362 0
125242 20.062 10.0 17.362 0
125312 20.062 10.0 17.362 0
125343 20.062 10.0 17.362 0
125413 20.125 10.0 17.362 0
125444 20.125 10.0 17.362 0
125514 20.125 10.0 17.362 0
125544 20.125 10.0 17.362 0
125615 20.125 10.0 17.362 0
125646 20.125 10.0 17.362 0
125717 20.125 10.0 17.362 0
125747 20.125 10.0 17.362 0
125817 20.125 10.0 17.362 0
125848 20.125 10.0 17.362 0
125918 20.125 10.0 17.362 0
125949 20.125 10.0 17.362 0
130020 20.125 10.0 17.362 0
130050 20.125 10.0 17.362 0
130121 20.125 10.0 17.362 0
130152 20.062 10.0 17.362 0
130222 20.062 10.0 17.362 0
130253 20.062 10.0 17.362 0
130323 20.062 10.0 17.362 0
130354 20.062 10.0 17.362 0
130424 20.125 10.0 17.362 0
130454 20.125 10.0 17.362 0
130525 20.125 10.0 17.362 0
130556 20.125 10.0 17.362 0
130626 20.125 10.0 17.362 0
130657 20.062 10.0 17.362 0
130728 20.062 10.0 17.362 0
130758 20.062 10.0 17.362 0
130829 20.062 10.0 17.362 0
130859 20.062 10.0 17.362 0
130929 20.062 10.0 17.362 0
131000 20.062 10.0 17.362 0
131030 20.062 10.0 17.362 0
131100 20.062 10.0 17.362 0
131130 20.062 10.0 17.362 0
131201 20.125 10.0 17.362 0
131231 20.125 10.0 17.362 0
131301 20.125 10.0 17.362 0
131332 20.125 10.0 17.362 0
131402 20.125 10.0 17.362 0
131433 20.062 10.0 17.362 0
131503 20.062 10.0 17.362 0
131534 20.062 10.0 17.362 0
131605 20.062 10.0 17.362 0
131636 20.062 10.0 17.362 0
131706 20.125 10.0 17.362 0
131736 20.125 10.0 17.362 0
131807 20.125 10.0 17.362 0
131838 20.125 10.0 17.362 0
131909 20.125 10.0 17.362 0
131939 20.125 10.0 17.362 0
132009 20.125 10.0 17.362 0
132039 20.125 10.0 17.362 0
132109 20.125 10.0 17.362 0
132140 20.125 10.0 17.362 0
132211 20.125 10.0 17.362 0
132242 20.125 10.0 17.362 0
132312 20.125 10.0 17.362 0
132342 20.125 10.0 17.362 0
132412 20.125 10.0 17.362 0
132442 20.125 10.0 17.362 0
132513 20.125 10.0 17.362 0
132543 20.125 10.0 17.362 0
132614 20.125 10.0 17.362 0
132646 20.125 10.0 17.362 0
132717 20.125 10.0 17.362 0
132748 20.125 10.0 17.362 0
132818 20.125 10.0 17.362 0
132848 20.125 10.0 17.362 0
132918 20.187 10.0 17.362 0
132949 20.187 10.0 17.362 0
133019 20.187 10.0 17.362 0
133049 20.187 10.0 17.362 0
133120 20.187 10.0 17.362 0
133150 20.125 10.0 17.362 0
133220 20.125 10.0 17.362 0
133251 20.125 10.0 17.362 0
133322 20.125 10.0 17.362 0
133352 20.125 10.0 17.362 0
133423 20.187 10.0 17.362 0
133453 20.187 10.0 17.362 0
133524 20.187 10.0 17.362 0
133554 20.187 10.0 17.362 0
133625 20.187 10.0 17.362 0
133656 20.187 10.0 17.362 0
133726 20.187 10.0 17.362 0
133757 20.187 10.0 17.362 0
133827 20.187 10.0 17.362 0
133858 20.187 10.0 17.362 0
133929 20.25 10.0 17.362 0
134000 20.25 10.0 17.362 0
134030 20.25 10.0 17.362 0
134101 20.25 10.0 17.362 0
134131 20.25 10.0 17.362 0
134201 20.187 10.0 17.362 0
134232 20.187 10.0 17.362 0
134302 20.187 10.0 17.362 0
134333 20.187 10.0 17.362 0
134404 20.187 10.0 17.362 0
134434 20.187 10.0 17.362 0
134504 20.187 10.0 17.362 0
134535 20.187 10.0 17.362 0
134606 20.187 10.0 17.362 0
134636 20.187 10.0 17.362 0
134707 20.187 10.0 17.362 0
134738 20.187 10.0 17.362 0
134808 20.187 10.0 17.362 0
134839 20.187 10.0 17.362 0
134910 20.187 10.0 17.362 0
134940 20.187 10.0 17.362 0
135011 20.187 10.0 17.362 0
135042 20.187 10.0 17.362 0
135112 20.187 10.0 17.362 0
135143 20.187 10.0 17.362 0
135213 20.187 10.0 17.362 0
135244 20.187 10.0 17.362 0
135315 20.187 10.0 17.362 0
135345 20.187 10.0 17.362 0
135415 20.187 10.0 17.362 0
135446 20.187 10.0 17.362 0
135516 20.187 10.0 17.362 0
135547 20.187 10.0 17.362 0
135618 20.187 10.0 17.362 0
135650 20.187 10.0 17.362 0
135721 20.187 10.0 17.362 0
135751 20.187 10.0 17.362 0
135822 20.187 10.0 17.362 0
135853 20.187 10.0 17.362 0
135923 20.187 10.0 17.362 0
135954 20.187 10.0 17.362 0
140025 20.187 10.0 17.362 0
140055 20.187 10.0 17.362 0
140126 20.187 10.0 17.362 0
140157 20.187 10.0 17.362 0
140227 20.187 10.0 17.362 0
140258 20.187 10.0 17.362 0
140328 20.187 10.0 17.362 0
140359 20.187 10.0 17.362 0
140430 20.25 10.0 17.362 0
140500 20.25 10.0 17.362 0
140530 20.25 10.0 17.362 0
140601 20.25 10.0 17.362 0
140632 20.25 10.0 17.362 0
140702 20.25 10.0 17.362 0
140733 20.25 10.0 17.362 0
140804 20.25 10.0 17.362 0
140834 20.25 10.0 17.362 0
140905 20.25 10.0 17.362 0
140936 20.25 10.0 17.362 0
141006 20.25 10.0 17.362 0
141036 20.25 10.0 17.362 0
141107 20.25 10.0 17.362 0
141137 20.25 10.0 17.362 0
141208 20.312 10.0 17.362 0
141239 20.312 10.0 17.362 0
141309 20.312 10.0 17.362 0
141339 20.312 10.0 17.362 0
141410 20.312 10.0 17.362 0
141441 20.312 10.0 17.362 0
141511 20.312 10.0 17.362 0
141542 20.312 10.0 17.362 0
141612 20.312 10.0 17.362 0
141642 20.312 10.0 17.362 0
141713 20.312 10.0 17.362 0
141743 20.312 10.0 17.362 0
141814 20.312 10.0 17.362 0
141845 20.312 10.0 17.362 0
141915 20.312 10.0 17.362 0
141946 20.375 10.0 17.362 0
142017 20.375 10.0 17.362 0
142047 20.375 10.0 17.362 0
142118 20.375 10.0 17.362 0
142148 20.375 10.0 17.362 0
142218 20.375 10.0 17.362 0
142248 20.375 10.0 17.362 0
142319 20.375 10.0 17.362 0
142350 20.375 10.0 17.362 0
142420 20.375 10.0 17.362 0
142450 20.375 10.0 17.362 0
142520 20.375 10.0 17.362 0
142551 20.375 10.0 17.362 0
142622 20.375 10.0 17.362 0
142652 20.375 10.0 17.362 0
142722 20.375 10.0 17.362 0
142753 20.375 10.0 17.362 0
142823 20.375 10.0 17.362 0
142854 20.375 10.0 17.362 0
142926 20.375 10.0 17.362 0
142957 20.375 10.0 17.362 0
143027 20.375 10.0 17.362 0
143057 20.375 10.0 17.362 0
143128 20.375 10.0 17.362 0
143159 20.437 10.0 17.362 0
143229 20.437 10.0 17.362 0
143300 20.437 10.0 17.362 0
143330 20.437 10.0 17.362 0
143400 20.437 10.0 17.362 0
143430 20.437 10.0 17.362 0
143501 20.437 10.0 17.362 0
143531 20.437 10.0 17.362 0
143602 20.437 10.0 17.362 0
143633 20.437 10.0 17.362 0
143703 20.437 10.0 17.362 0
143734 20.437 10.0 17.362 0
143804 20.437 10.0 17.362 0
143834 20.437 10.0 17.362 0
143905 20.437 10.0 17.362 0
143936 20.5 10.0 17.362 0
144006 20.5 10.0 17.362 0
144037 20.5 10.0 17.362 0
144108 20.5 10.0 17.362 0
144138 20.5 10.0 17.362 0
144209 20.5 10.0 17.362 0
144239 20.5 10.0 17.362 0
144310 20.5 10.0 17.362 0
144340 20.5 10.0 17.362 0
144411 20.5 10.0 17.362 0
144441 20.5 10.0 17.362 0
144511 20.5 10.0 17.362 0
144542 20.5 10.0 17.362 0
144612 20.5 10.0 17.362 0
144642 20.5 10.0 17.362 0
144713 20.5 10.0 17.362 0
144743 20.5 10.0 17.362 0
144814 20.5 10.0 17.362 0
144844 20.5 10.0 17.362 0
144915 20.5 10.0 17.362 0
144945 20.5 10.0 17.362 0
145015 20.5 10.0 17.362 0
145046 20.5 10.0 17.362 0
145116 20.5 10.0 17.362 0
145146 20.5 10.0 17.362 0
145216 20.5 10.0 17.362 0
145246 20.5 10.0 17.362 0
145317 20.5 10.0 17.362 0
145347 20.5 10.0 17.362 0
145418 20.5 10.0 17.362 0
145448 20.5 10.0 17.362 0
145519 20.5 10.0 17.362 0
145549 20.5 10.0 17.362 0
145620 20.5 10.0 17.362 0
145651 20.5 10.0 17.362 0
145721 20.5 10.0 17.362 0
145751 20.5 10.0 17.362 0
145822 20.5 10.0 17.362 0
145852 20.5 10.0 17.362 0
145922 20.5 10.0 17.362 0
145953 20.437 10.0 17.362 0
150023 20.437 10.0 17.362 0
150054 20.437 10.0 17.362 0
150124 20.437 10.0 17.362 0
150155 20.437 10.0 17.362 0
150225 20.5 10.0 17.362 0
150256 20.5 10.0 17.362 0
150326 20.5 10.0 17.362 0
150356 20.5 10.0 17.362 0
150429 20.437 10.0 17.362 0
150459 20.437 10.0 17.362 0
150530 20.437 10.0 17.362 0
150600 20.437 10.0 17.362 0
150631 20.437 10.0 17.362 0
150701 20.5 10.0 17.362 0
150732 20.5 10.0 17.362 0
150803 20.5 10.0 17.362 0
150833 20.5 10.0 17.362 0
150904 20.5 10.0 17.362 0
150935 20.5 10.0 17.362 0
151005 20.5 10.0 17.362 0
151036 20.5 10.0 17.362 0
151106 20.5 10.0 17.362 0
151136 20.5 10.0 17.362 0
151207 20.562 10.0 17.362 0
151237 20.562 10.0 17.362 0
151307 20.562 10.0 17.362 0
151338 20.562 10.0 17.362 0
151408 20.562 10.0 17.362 0
151438 20.562 10.0 17.362 0
151508 20.562 10.0 17.362 0
151539 20.562 10.0 17.362 0
151609 20.562 10.0 17.362 0
151639 20.562 10.0 17.362 0
151710 20.562 10.0 17.362 0
151740 20.562 10.0 17.362 0
151810 20.562 10.0 17.362 0
151841 20.562 10.0 17.362 0
151912 20.562 10.0 17.362 0
151942 20.625 10.0 17.362 0
152013 20.625 10.0 17.362 0
152044 20.625 10.0 17.362 0
152114 20.625 10.0 17.362 0
152145 20.625 10.0 17.362 0
152215 20.625 10.0 17.362 0
152245 20.625 10.0 17.362 0
152316 20.625 10.0 17.362 0
152347 20.625 10.0 17.362 0
152417 20.625 10.0 17.362 0
152448 20.687 10.0 17.362 0
152518 20.687 10.0 17.362 0
152549 20.687 10.0 17.362 0
152619 20.687 10.0 17.362 0
152650 20.687 10.0 17.362 0
152721 20.687 10.0 17.362 0
152751 20.687 10.0 17.362 0
152821 20.687 10.0 17.362 0
152852 20.687 10.0 17.362 0
152923 20.687 10.0 17.362 0
152953 20.687 10.0 17.362 0
153024 20.687 10.0 17.362 0
153054 20.687 10.0 17.362 0
153125 20.687 10.0 17.362 0
153156 20.687 10.0 17.362 0
153227 20.75 10.0 17.362 0
153257 20.75 10.0 17.362 0
153327 20.75 10.0 17.362 0
153358 20.75 10.0 17.362 0
153428 20.75 10.0 17.362 0
153459 20.75 10.0 17.362 0
153529 20.75 10.0 17.362 0
153600 20.75 10.0 17.362 0
153630 20.75 10.0 17.362 0
153703 20.75 10.0 17.362 0
153734 20.75 10.0 17.362 0
153805 20.75 10.0 17.362 0
153835 20.75 10.0 17.362 0
153905 20.75 10.0 17.362 0
153936 20.75 10.0 17.362 0
154007 20.75 10.0 17.362 0
154037 20.75 10.0 17.362 0
154107 20.75 10.0 17.362 0
154138 20.75 10.0 17.362 0
154209 20.75 10.0 17.362 0
154239 20.75 10.0 17.362 0
154309 20.75 10.0 17.362 0
154340 20.75 10.0 17.362 0
154411 20.75 10.0 17.362 0
154442 20.75 10.0 17.362 0
154512 20.75 10.0 17.362 0
154542 20.75 10.0 17.362 0
154613 20.75 10.0 17.362 0
154643 20.75 10.0 17.362 0
154714 20.75 10.0 17.362 0
154745 20.75 10.0 17.362 0
154815 20.75 10.0 17.362 0
154846 20.75 10.0 17.362 0
154916 20.75 10.0 17.362 0
154947 20.75 10.0 17.362 0
155017 20.75 10.0 17.362 0
155047 20.75 10.0 17.362 0
155117 20.75 10.0 17.362 0
155148 20.75 10.0 17.362 0
155219 20.75 10.0 17.362 0
155250 20.75 10.0 17.362 0
155320 20.75 10.0 17.362 0
155351 20.75 10.0 17.362 0
155422 20.75 10.0 17.362 0
155453 20.75 10.0 17.362 0
155524 20.75 10.0 17.362 0
155554 20.75 10.0 17.362 0
155625 20.75 10.0 17.362 0
155655 20.75 10.0 17.362 0
155725 20.687 10.0 17.362 0
155755 20.687 10.0 17.362 0
155826 20.687 10.0 17.362 0
155857 20.687 10.0 17.362 0
155927 20.687 10.0 17.362 0
155958 20.687 10.0 17.362 0
160028 20.687 10.0 17.362 0
160059 20.687 10.0 17.362 0
160129 20.687 10.0 17.362 0
160200 20.687 10.0 17.362 0
160230 20.687 10.0 17.362 0
160300 20.687 10.0 17.362 0
160330 20.687 10.0 17.362 0
160400 20.687 10.0 17.362 0
160430 20.687 10.0 17.362 0
160501 20.687 10.0 17.362 0
160532 20.687 10.0 17.362 0
160602 20.687 10.0 17.362 0
160633 20.687 10.0 17.362 0
160703 20.687 10.0 17.362 0
160734 20.75 10.0 17.362 0
160804 20.75 10.0 17.362 0
160835 20.75 10.0 17.362 0
160905 20.75 10.0 17.362 0
160937 20.687 10.0 17.362 0
161008 20.687 10.0 17.362 0
161038 20.687 10.0 17.362 0
161109 20.687 10.0 17.362 0
161140 20.687 10.0 17.362 0
161210 20.687 10.0 17.362 0
161240 20.687 10.0 17.362 0
161311 20.687 10.0 17.362 0
161341 20.687 10.0 17.362 0
161411 20.687 10.0 17.362 0
161441 20.687 10.0 17.362 0
161512 20.687 10.0 17.362 0
161543 20.687 10.0 17.362 0
161613 20.687 10.0 17.362 0
161644 20.687 10.0 17.362 0
161714 20.75 10.0 17.362 0
161745 20.75 10.0 17.362 0
161816 20.75 10.0 17.362 0
161847 20.75 10.0 17.362 0
161917 20.75 10.0 17.362 0
161947 20.812 10.0 17.362 0
162018 20.812 10.0 17.362 0
162048 20.812 10.0 17.362 0
162119 20.812 10.0 17.362 0
162150 20.812 10.0 17.362 0
162220 20.812 10.0 17.362 0
162251 20.812 10.0 17.362 0
162322 20.812 10.0 17.362 0
162352 20.812 10.0 17.362 0
162422 20.812 10.0 17.362 0
162453 20.812 10.0 17.362 0
162523 20.812 10.0 17.362 0
162553 20.812 10.0 17.362 0
162623 20.812 10.0 17.362 0
162654 20.812 10.0 17.362 0
162724 20.812 10.0 17.362 0
162755 20.812 10.0 17.362 0
162825 20.812 10.0 17.362 0
162855 20.812 10.0 17.362 0
162926 20.812 10.0 17.362 0
162956 20.812 10.0 17.362 0
163026 20.812 10.0 17.362 0
163057 20.812 10.0 17.362 0
163127 20.812 10.0 17.362 0
163158 20.812 10.0 17.362 0
163229 20.875 10.0 17.362 0
163300 20.875 10.0 17.362 0
163330 20.875 10.0 17.362 0
163400 20.875 10.0 17.362 0
163431 20.875 10.0 17.362 0
163501 20.875 10.0 17.362 0
163531 20.875 10.0 17.362 0
163602 20.875 10.0 17.362 0
163633 20.875 10.0 17.362 0
163704 20.875 10.0 17.362 0
163734 20.875 10.0 17.362 0
163804 20.875 10.0 17.362 0
163835 20.875 10.0 17.362 0
163906 20.875 10.0 17.362 0
163936 20.875 10.0 17.362 0
164007 20.875 10.0 17.362 0
164037 20.875 10.0 17.362 0
164108 20.875 10.0 17.362 0
164138 20.875 10.0 17.362 0
164211 20.875 10.0 17.362 0
164241 20.875 10.0 17.362 0
164312 20.875 10.0 17.362 0
164342 20.875 10.0 17.362 0
164413 20.875 10.0 17.362 0
164443 20.875 10.0 17.362 0
164514 20.875 10.0 17.362 0
164544 20.875 10.0 17.362 0
164615 20.875 10.0 17.362 0
164645 20.875 10.0 17.362 0
164715 20.937 10.0 17.362 0
164745 20.937 10.0 17.362 0
164816 20.937 10.0 17.362 0
164846 20.937 10.0 17.362 0
164917 20.937 10.0 17.362 0
164947 21.0 10.0 17.362 0
165017 21.0 10.0 17.362 0
165047 21.0 10.0 17.362 0
165117 21.0 10.0 17.362 0
165148 21.0 10.0 17.362 0
165219 21.0 10.0 17.362 0
165250 21.0 10.0 17.362 0
165320 21.0 10.0 17.362 0
165351 21.0 10.0 17.362 0
165422 21.0 10.0 17.362 0
165452 21.0 10.0 17.362 0
165523 21.0 10.0 17.362 0
165554 21.0 10.0 17.362 0
165625 21.0 10.0 17.362 0
165655 21.0 10.0 17.362 0
165726 21.0 10.0 17.362 0
165757 21.0 10.0 17.362 0
165827 21.0 10.0 17.362 0
165858 21.0 10.0 17.362 0
165928 21.0 10.0 17.362 0
165958 21.062 10.0 17.362 0
170029 21.062 10.0 17.362 0
170059 21.062 10.0 17.362 0
170130 21.062 10.0 17.362 0
170201 21.062 10.0 17.362 0
170231 21.125 10.0 17.362 0
170302 21.125 10.0 17.362 0
170332 21.125 10.0 17.362 0
170402 21.125 10.0 17.362 0
170433 21.125 10.0 17.362 0
170503 21.187 10.0 17.362 0
170533 21.187 10.0 17.362 0
170604 21.187 10.0 17.362 0
170634 21.187 10.0 17.362 0
170704 21.187 10.0 17.362 0
170734 21.187 10.0 17.362 0
170805 21.187 10.0 17.362 0
170835 21.187 10.0 17.362 0
170906 21.187 10.0 17.362 0
170937 21.187 10.0 17.362 0
171007 21.25 10.0 17.362 0
171038 21.25 10.0 17.362 0
171109 21.25 10.0 17.362 0
171139 21.25 10.0 17.362 0
171210 21.25 10.0 17.362 0
171240 21.312 10.0 17.362 0
171310 21.312 10.0 17.362 0
171340 21.312 10.0 17.362 0
171411 21.312 10.0 17.362 0
171442 21.312 10.0 17.362 0
171512 21.375 10.0 17.362 0
171543 21.375 10.0 17.362 0
171613 21.375 10.0 17.362 0
171644 21.375 10.0 17.362 0
171716 21.437 10.0 17.362 0
171746 21.437 10.0 17.362 0
171816 21.437 10.0 17.362 0
171847 21.437 10.0 17.362 0
171918 21.437 10.0 17.362 0
171949 21.5 10.0 17.362 0
172019 21.5 10.0 17.362 0
172050 21.5 10.0 17.362 0
172121 21.5 10.0 17.362 0
172151 21.5 10.0 17.362 0
172222 21.5 10.0 17.362 0
172252 21.5 10.0 17.362 0
172323 21.5 10.0 17.362 0
172353 21.5 10.0 17.362 0
172424 21.5 10.0 17.362 0
172454 21.562 10.0 17.362 0
172525 21.562 10.0 17.362 0
172555 21.562 10.0 17.362 0
172625 21.562 10.0 17.362 0
172655 21.562 10.0 17.362 0
172726 21.625 10.0 17.362 0
172757 21.625 10.0 17.362 0
172828 21.625 10.0 17.362 0
172858 21.625 10.0 17.362 0
172929 21.625 10.0 17.362 0
172959 21.687 10.0 17.362 0
173030 21.687 10.0 17.362 0
173101 21.687 10.0 17.362 0
173131 21.687 10.0 17.362 0
173202 21.687 10.0 17.362 0
173232 21.687 10.0 17.362 0
173302 21.687 10.0 17.362 0
173333 21.687 10.0 17.362 0
173403 21.687 10.0 17.362 0
173434 21.687 10.0 17.362 0
173504 21.75 10.0 17.362 0
173535 21.75 10.0 17.362 0
173605 21.75 10.0 17.362 0
173635 21.75 10.0 17.362 0
173706 21.75 10.0 17.362 0
173737 21.75 10.0 17.362 0
173807 21.75 10.0 17.362 0
173838 21.75 10.0 17.362 0
173909 21.75 10.0 17.362 0
173939 21.75 10.0 17.362 0
174009 21.812 10.0 17.362 0
174040 21.812 10.0 17.362 0
174110 21.812 10.0 17.362 0
174141 21.812 10.0 17.362 0
174211 21.812 10.0 17.362 0
174242 21.812 10.0 17.362 0
174312 21.812 10.0 17.362 0
174343 21.812 10.0 17.362 0
174413 21.812 10.0 17.362 0
174444 21.812 10.0 17.362 0
174514 21.812 10.0 17.362 0
174545 21.812 10.0 17.362 0
174616 21.812 10.0 17.362 0
174647 21.812 10.0 17.362 0
174719 21.875 10.0 17.362 0
174750 21.875 10.0 17.362 0
174820 21.875 10.0 17.362 0
174850 21.875 10.0 17.362 0
174921 21.875 10.0 17.362 0
174952 21.937 10.0 17.362 0
175023 21.937 10.0 17.362 0
175053 21.937 10.0 17.362 0
175124 21.937 10.0 17.362 0
175154 21.937 10.0 17.362 0
175225 21.937 10.0 17.362 0
175255 21.937 10.0 17.362 0
175326 21.937 10.0 17.362 0
175357 21.937 10.0 17.362 0
175427 21.937 10.0 17.362 0
175457 22.0 10.0 17.362 0
175528 22.0 10.0 17.362 0
175558 22.0 10.0 17.362 0
175628 22.0 10.0 17.362 0
175659 22.0 10.0 17.362 0
175729 22.0 10.0 17.362 0
175800 22.0 10.0 17.362 0
175831 22.0 10.0 17.362 0
175901 22.0 10.0 17.362 0
175931 22.0 10.0 17.362 0
180002 22.062 10.0 17.362 0
180032 22.062 10.0 17.362 0
180103 22.062 10.0 17.362 0
180133 22.062 10.0 17.362 0
180204 22.062 10.0 17.362 0
180235 22.062 10.0 17.362 0
180305 22.062 10.0 17.362 0
180335 22.062 10.0 17.362 0
180406 22.062 10.0 17.362 0
180436 22.062 10.0 17.362 0
180507 22.062 10.0 17.362 0
180538 22.062 10.0 17.362 0
180608 22.062 10.0 17.362 0
180639 22.062 10.0 17.362 0
180710 22.062 10.0 17.362 0
180740 22.125 10.0 17.362 0
180811 22.125 10.0 17.362 0
180842 22.125 10.0 17.362 0
180912 22.125 10.0 17.362 0
180942 22.125 10.0 17.362 0
181013 22.125 10.0 17.362 0
181044 22.125 10.0 17.362 0
181114 22.125 10.0 17.362 0
181144 22.125 10.0 17.362 0
181215 22.125 10.0 17.362 0
181245 22.125 10.0 17.362 0
181316 22.125 10.0 17.362 0
181346 22.125 10.0 17.362 0
181417 22.125 10.0 17.362 0
181447 22.125 10.0 17.362 0
181517 22.125 10.0 17.362 0
181548 22.125 10.0 17.362 0
181618 22.125 10.0 17.362 0
181648 22.125 10.0 17.362 0
181718 22.125 10.0 17.362 0
181749 22.187 10.0 17.362 0
181820 22.187 10.0 17.362 0
181850 22.187 10.0 17.362 0
181920 22.187 10.0 17.362 0
181953 22.25 10.0 17.362 0
182024 22.25 10.0 17.362 0
182054 22.25 10.0 17.362 0
182125 22.25 10.0 17.362 0
182155 22.25 10.0 17.362 0
182226 22.312 10.0 17.362 0
182256 22.312 10.0 17.362 0
182327 22.312 10.0 17.362 0
182357 22.312 10.0 17.362 0
182428 22.312 10.0 17.362 0
182458 22.312 10.0 17.362 0
182529 22.312 10.0 17.362 0
182600 22.312 10.0 17.362 0
182631 22.312 10.0 17.362 0
182701 22.312 10.0 17.362 0
182732 22.312 10.0 17.362 0
182803 22.312 10.0 17.362 0
182833 22.312 10.0 17.362 0
182903 22.312 10.0 17.362 0
182934 22.312 10.0 17.362 0
183004 22.312 10.0 17.362 0
183035 22.312 10.0 17.362 0
183105 22.312 10.0 17.362 0
183136 22.312 10.0 17.362 0
183207 22.312 10.0 17.362 0
183237 22.312 10.0 17.362 0
183308 22.312 10.0 17.362 0
183338 22.312 10.0 17.362 0
183409 22.312 10.0 17.362 0
183440 22.312 10.0 17.362 0
183510 22.312 10.0 17.362 0
183541 22.312 10.0 17.362 0
183611 22.312 10.0 17.362 0
183642 22.312 10.0 17.362 0
183712 22.312 10.0 17.362 0
183743 22.375 10.0 17.362 0
183814 22.375 10.0 17.362 0
183845 22.375 10.0 17.362 0
183915 22.375 10.0 17.362 0
183945 22.375 10.0 17.362 0
184015 22.375 10.0 17.362 0
184046 22.375 10.0 17.362 0
184116 22.375 10.0 17.362 0
184147 22.375 10.0 17.362 0
184218 22.375 10.0 17.362 0
184248 22.375 10.0 17.362 0
184319 22.375 10.0 17.362 0
184349 22.375 10.0 17.362 0
184420 22.375 10.0 17.362 0
184451 22.375 10.0 17.362 0
184521 22.375 10.0 17.362 0
184552 22.375 10.0 17.362 0
184623 22.375 10.0 17.362 0
184653 22.375 10.0 17.362 0
184726 22.375 10.0 17.362 0
184756 22.375 10.0 17.362 0
184826 22.375 10.0 17.362 0
184857 22.375 10.0 17.362 0
184927 22.375 10.0 17.362 0
184958 22.437 10.0 17.362 0
185028 22.437 10.0 17.362 0
185059 22.437 10.0 17.362 0
185129 22.437 10.0 17.362 0
185200 22.437 10.0 17.362 0
185230 22.437 10.0 17.362 0
185301 22.437 10.0 17.362 0
185332 22.437 10.0 17.362 0
185402 22.437 10.0 17.362 0
185433 22.437 10.0 17.362 0
185503 22.437 10.0 17.362 0
185533 22.437 10.0 17.362 0
185604 22.437 10.0 17.362 0
185634 22.437 10.0 17.362 0
185704 22.437 10.0 17.362 0
185734 22.437 10.0 17.362 0
185805 22.437 10.0 17.362 0
185835 22.437 10.0 17.362 0
185906 22.437 10.0 17.362 0
185937 22.437 10.0 17.362 0
190007 22.437 10.0 17.362 0
190037 22.437 10.0 17.362 0
190108 22.437 10.0 17.362 0
190139 22.437 10.0 17.362 0
190210 22.437 10.0 17.362 0
190240 22.437 10.0 17.362 0
190311 22.437 10.0 17.362 0
190341 22.437 10.0 17.362 0
190412 22.437 10.0 17.362 0
190442 22.437 10.0 17.362 0
190512 22.5 10.0 17.362 0
190543 22.5 10.0 17.362 0
190613 22.5 10.0 17.362 0
190644 22.5 10.0 17.362 0
190714 22.5 10.0 17.362 0
190744 22.437 10.0 17.362 0
190815 22.437 10.0 17.362 0
190846 22.437 10.0 17.362 0
190916 22.437 10.0 17.362 0
190947 22.437 10.0 17.362 0
191017 22.437 10.0 17.362 0
191048 22.437 10.0 17.362 0
191118 22.437 10.0 17.362 0
191148 22.437 10.0 17.362 0
191219 22.437 10.0 17.362 0
191249 22.375 10.0 17.362 0
191319 22.375 10.0 17.362 0
191350 22.375 10.0 17.362 0
191421 22.375 10.0 17.362 0
191451 22.375 10.0 17.362 0
191521 22.375 10.0 17.362 0
191552 22.375 10.0 17.362 0
191623 22.375 10.0 17.362 0
191653 22.375 10.0 17.362 0
191724 22.375 10.0 17.362 0
191754 22.375 10.0 17.362 0
191824 22.375 10.0 17.362 0
191854 22.375 10.0 17.362 0
191924 22.375 10.0 17.362 0
191955 22.375 10.0 17.362 0
192026 22.375 10.0 17.362 0
192056 22.375 10.0 17.362 0
192127 22.375 10.0 17.362 0
192157 22.375 10.0 17.362 0
192231 22.375 10.0 17.362 0
192301 22.375 10.0 17.362 0
192331 22.375 10.0 17.362 0
192402 22.375 10.0 17.362 0
192432 22.375 10.0 17.362 0
192503 22.312 10.0 17.362 0
192534 22.312 10.0 17.362 0
192604 22.312 10.0 17.362 0
192634 22.312 10.0 17.362 0
192705 22.312 10.0 17.362 0
192735 22.312 10.0 17.362 0
192806 22.312 10.0 17.362 0
192836 22.312 10.0 17.362 0
192907 22.312 10.0 17.362 0
192938 22.312 10.0 17.362 0
193008 22.375 10.0 17.362 0
193039 22.375 10.0 17.362 0
193109 22.375 10.0 17.362 0
193140 22.375 10.0 17.362 0
193211 22.375 10.0 17.362 0
193241 22.312 10.0 17.362 0
193312 22.312 10.0 17.362 0
193342 22.312 10.0 17.362 0
193413 22.312 10.0 17.362 0
193444 22.312 10.0 17.362 0
193514 22.312 10.0 17.362 0
193544 22.312 10.0 17.362 0
193614 22.312 10.0 17.362 0
193645 22.312 10.0 17.362 0
193715 22.312 10.0 17.362 0
193745 22.25 10.0 17.362 0
193816 22.25 10.0 17.362 0
193846 22.25 10.0 17.362 0
193917 22.25 10.0 17.362 0
193947 22.25 10.0 17.362 0
194017 22.187 10.0 17.362 0
194048 22.187 10.0 17.362 0
194118 22.187 10.0 17.362 0
194148 22.187 10.0 17.362 0
194218 22.187 10.0 17.362 0
194249 22.187 10.0 17.362 0
194319 22.187 10.0 17.362 0
194349 22.187 10.0 17.362 0
194420 22.187 10.0 17.362 0
194451 22.187 10.0 17.362 0
194522 22.187 10.0 17.362 0
194552 22.187 10.0 17.362 0
194623 22.187 10.0 17.362 0
194653 22.187 10.0 17.362 0
194724 22.187 10.0 17.362 0
194755 22.187 10.0 17.362 0
194825 22.187 10.0 17.362 0
194856 22.187 10.0 17.362 0
194926 22.187 10.0 17.362 0
194957 22.187 10.0 17.362 0
195027 22.187 10.0 17.362 0
195058 22.187 10.0 17.362 0
195129 22.187 10.0 17.362 0
195200 22.187 10.0 17.362 0
195230 22.187 10.0 17.362 0
195300 22.125 10.0 17.362 0
195330 22.125 10.0 17.362 0
195401 22.125 10.0 17.362 0
195432 22.125 10.0 17.362 0
195503 22.125 10.0 17.362 0
195533 22.125 10.0 17.362 0
195603 22.125 10.0 17.362 0
195634 22.125 10.0 17.362 0
195704 22.125 10.0 17.362 0
195736 22.062 10.0 17.362 0
195807 22.062 10.0 17.362 0
195838 22.062 10.0 17.362 0
195908 22.062 10.0 17.362 0
195938 22.062 10.0 17.362 0
200009 22.062 10.0 17.362 0
200040 22.062 10.0 17.362 0
200110 22.062 10.0 17.362 0
200141 22.062 10.0 17.362 0
200212 22.062 10.0 17.362 0
200242 22.062 10.0 17.362 0
200313 22.062 10.0 17.362 0
200344 22.062 10.0 17.362 0
200414 22.062 10.0 17.362 0
200445 22.062 10.0 17.362 0
200515 21.937 10.0 17.362 0
200545 21.937 10.0 17.362 0
200615 21.937 10.0 17.362 0
200645 21.937 10.0 17.362 0
200716 21.937 10.0 17.362 0
200747 22.0 10.0 17.362 0
200817 22.0 10.0 17.362 0
200847 22.0 10.0 17.362 0
200918 22.0 10.0 17.362 0
200948 22.0 10.0 17.362 0
201019 22.0 10.0 17.362 0
201050 22.0 10.0 17.362 0
201120 22.0 10.0 17.362 0
201151 22.0 10.0 17.362 0
201221 22.0 10.0 17.362 0
201251 21.937 10.0 17.362 0
201322 21.937 10.0 17.362 0
201352 21.937 10.0 17.362 0
201423 21.937 10.0 17.362 0
201454 21.937 10.0 17.362 0
201524 21.937 10.0 17.362 0
201555 21.937 10.0 17.362 0
201625 21.937 10.0 17.362 0
201656 21.937 10.0 17.362 0
201727 21.937 10.0 17.362 0
201757 21.937 10.0 17.362 0
201828 21.937 10.0 17.362 0
201858 21.937 10.0 17.362 0
201929 21.937 10.0 17.362 0
201959 21.937 10.0 17.362 0
202030 21.937 10.0 17.362 0
202100 21.937 10.0 17.362 0
202131 21.937 10.0 17.362 0
202201 21.937 10.0 17.362 0
202231 21.937 10.0 17.362 0
202302 21.875 10.0 17.362 0
202332 21.875 10.0 17.362 0
202402 21.875 10.0 17.362 0
202433 21.875 10.0 17.362 0
202504 21.875 10.0 17.362 0
202535 21.875 10.0 17.362 0
202605 21.875 10.0 17.362 0
202636 21.875 10.0 17.362 0
202707 21.875 10.0 17.362 0
202740 21.875 10.0 17.362 0
202810 21.875 10.0 17.362 0
202840 21.875 10.0 17.362 0
202911 21.875 10.0 17.362 0
202941 21.875 10.0 17.362 0
203011 21.875 10.0 17.362 0
203041 21.875 10.0 17.362 0
203112 21.875 10.0 17.362 0
203143 21.875 10.0 17.362 0
203213 21.875 10.0 17.362 0
203244 21.875 10.0 17.362 0
203314 21.875 10.0 17.362 0
203344 21.875 10.0 17.362 0
203415 21.875 10.0 17.362 0
203446 21.875 10.0 17.362 0
203516 21.875 10.0 17.362 0
203546 21.875 10.0 17.362 0
203617 21.875 10.0 17.362 0
203647 21.875 10.0 17.362 0
203717 21.875 10.0 17.362 0
203748 21.937 10.0 17.362 0
203818 21.937 10.0 17.362 0
203849 21.937 10.0 17.362 0
203920 21.937 10.0 17.362 0
203950 21.937 10.0 17.362 0
204020 21.937 10.0 17.362 0
204051 21.937 10.0 17.362 0
204121 21.937 10.0 17.362 0
204152 21.937 10.0 17.362 0
204223 21.937 10.0 17.362 0
204253 21.937 10.0 17.362 0
204323 21.937 10.0 17.362 0
204353 21.937 10.0 17.362 0
204424 21.937 10.0 17.362 0
204454 21.937 10.0 17.362 0
204524 22.0 10.0 17.362 0
204555 22.0 10.0 17.362 0
204625 22.0 10.0 17.362 0
204655 22.0 10.0 17.362 0
204725 22.0 10.0 17.362 0
204756 22.0 10.0 17.362 0
204826 22.0 10.0 17.362 0
204856 22.0 10.0 17.362 0
204927 22.0 10.0 17.362 0
204958 22.0 10.0 17.362 0
205028 22.0 10.0 17.362 0
205058 22.0 10.0 17.362 0
205129 22.0 10.0 17.362 0
205159 22.0 10.0 17.362 0
205230 22.0 10.0 17.362 0
205301 22.0 10.0 17.362 0
205331 22.0 10.0 17.362 0
205401 22.0 10.0 17.362 0
205432 22.0 10.0 17.362 0
205502 22.0 10.0 17.362 0
205533 22.0 10.0 17.362 0
205604 22.0 10.0 17.362 0
205634 22.0 10.0 17.362 0
205705 22.0 10.0 17.362 0
205735 22.0 10.0 17.362 0
205805 22.0 10.0 17.362 0
205836 22.0 10.0 17.362 0
205906 22.0 10.0 17.362 0
205936 22.0 10.0 17.362 0
210007 22.0 10.0 17.362 0
210037 22.062 10.0 17.362 0
210108 22.062 10.0 17.362 0
210138 22.062 10.0 17.362 0
210209 22.062 10.0 17.362 0
210240 22.062 10.0 17.362 0
210311 22.125 10.0 17.362 0
210341 22.125 10.0 17.362 0
210412 22.125 10.0 17.362 0
210443 22.125 10.0 17.362 0
210516 22.125 10.0 17.362 0
210546 22.125 10.0 17.362 0
210617 22.125 10.0 17.362 0
210648 22.125 10.0 17.362 0
210719 22.125 10.0 17.362 0
210749 22.187 10.0 17.362 0
210820 22.187 10.0 17.362 0
210850 22.187 10.0 17.362 0
210920 22.187 10.0 17.362 0
210951 22.187 10.0 17.362 0
211022 22.187 10.0 17.362 0
211053 22.187 10.0 17.362 0
211123 22.187 10.0 17.362 0
211153 22.187 10.0 17.362 0
211224 22.187 10.0 17.362 0
211254 22.187 10.0 17.362 0
211324 22.187 10.0 17.362 0
211354 22.187 10.0 17.362 0
211425 22.187 10.0 17.362 0
211455 22.187 10.0 17.362 0
211526 22.187 10.0 17.362 0
211556 22.187 10.0 17.362 0
211626 22.187 10.0 17.362 0
211657 22.187 10.0 17.362 0
211727 22.187 10.0 17.362 0
211758 22.187 10.0 17.362 0
211828 22.187 10.0 17.362 0
211859 22.187 10.0 17.362 0
211929 22.187 10.0 17.362 0
211959 22.187 10.0 17.362 0
212030 22.187 10.0 17.362 0
212101 22.187 10.0 17.362 0
212132 22.187 10.0 17.362 0
212202 22.187 10.0 17.362 0
212233 22.187 10.0 17.362 0
212303 22.187 10.0 17.362 0
212333 22.187 10.0 17.362 0
212404 22.187 10.0 17.362 0
212435 22.187 10.0 17.362 0
212505 22.187 10.0 17.362 0
212536 22.25 10.0 17.362 0
212606 22.25 10.0 17.362 0
212637 22.25 10.0 17.362 0
212707 22.25 10.0 17.362 0
212737 22.25 10.0 17.362 0
212808 22.25 10.0 17.362 0
212839 22.25 10.0 17.362 0
212909 22.25 10.0 17.362 0
212940 22.25 10.0 17.362 0
213011 22.25 10.0 17.362 0
213041 22.25 10.0 17.362 0
213112 22.25 10.0 17.362 0
213142 22.25 10.0 17.362 0
213213 22.25 10.0 17.362 0
213244 22.25 10.0 17.362 0
213314 22.25 10.0 17.362 0
213344 22.25 10.0 17.362 0
213415 22.25 10.0 17.362 0
213446 22.25 10.0 17.362 0
213519 22.25 10.0 17.362 0
213549 22.25 10.0 17.362 0
213620 22.25 10.0 17.362 0
213650 22.25 10.0 17.362 0
213721 22.25 10.0 17.362 0
213751 22.25 10.0 17.362 0
213821 22.25 10.0 17.362 0
213852 22.25 10.0 17.362 0
213923 22.25 10.0 17.362 0
213953 22.25 10.0 17.362 0
214024 22.25 10.0 17.362 0
214054 22.25 10.0 17.362 0
214124 22.25 10.0 17.362 0
214155 22.25 10.0 17.362 0
214225 22.25 10.0 17.362 0
214256 22.25 10.0 17.362 0
214326 22.25 10.0 17.362 0
214357 22.25 10.0 17.362 0
214427 22.25 10.0 17.362 0
214458 22.25 10.0 17.362 0
214528 22.25 10.0 17.362 0
214559 22.25 10.0 17.362 0
214629 22.25 10.0 17.362 0
214700 22.25 10.0 17.362 0
214730 22.25 10.0 17.362 0
214801 22.25 10.0 17.362 0
214831 22.25 10.0 17.362 0
214901 22.25 10.0 17.362 0
214932 22.25 10.0 17.362 0
215003 22.25 10.0 17.362 0
215033 22.187 10.0 17.362 0
215103 22.187 10.0 17.362 0
215134 22.187 10.0 17.362 0
215204 22.187 10.0 17.362 0
215235 22.187 10.0 17.362 0
215305 22.187 10.0 17.362 0
215335 22.187 10.0 17.362 0
215406 22.187 10.0 17.362 0
215436 22.187 10.0 17.362 0
215506 22.187 10.0 17.362 0
215537 22.125 10.0 17.362 0
215607 22.125 10.0 17.362 0
215638 22.125 10.0 17.362 0
215709 22.125 10.0 17.362 0
215739 22.125 10.0 17.362 0
215809 22.125 10.0 17.362 0
215840 22.125 10.0 17.362 0
215911 22.125 10.0 17.362 0
215941 22.125 10.0 17.362 0
220012 22.125 10.0 17.362 0
220042 22.062 10.0 17.362 0
220112 22.062 10.0 17.362 0
220143 22.062 10.0 17.362 0
220214 22.062 10.0 17.362 0
220244 22.062 10.0 17.362 0
220315 22.062 10.0 17.362 0
220345 22.062 10.0 17.362 0
220416 22.062 10.0 17.362 0
220447 22.062 10.0 17.362 0
220517 22.062 10.0 17.362 0
220548 22.0 10.0 17.362 0
220618 22.0 10.0 17.362 0
220649 22.0 10.0 17.362 0
220719 22.0 10.0 17.362 0
220749 22.0 10.0 17.362 0
220820 21.937 10.0 17.362 0
220850 21.937 10.0 17.362 0
220921 21.937 10.0 17.362 0
220951 21.937 10.0 17.362 0
221024 21.937 10.0 17.362 0
221055 21.937 10.0 17.362 0
221126 21.937 10.0 17.362 0
221156 21.937 10.0 17.362 0
221227 21.937 10.0 17.362 0
221257 21.937 10.0 17.362 0
221328 21.937 10.0 17.362 0
221358 21.937 10.0 17.362 0
221429 21.937 10.0 17.362 0
221459 21.937 10.0 17.362 0
221530 21.937 10.0 17.362 0
221601 21.937 10.0 17.362 0
221632 21.937 10.0 17.362 0
221702 21.937 10.0 17.362 0
221732 21.937 10.0 17.362 0
221803 21.937 10.0 17.362 0
221834 21.937 10.0 17.362 0
221905 21.937 10.0 17.362 0
221935 21.937 10.0 17.362 0
222006 21.937 10.0 17.362 0
222036 22.0 10.0 17.362 0
222106 22.0 10.0 17.362 0
222137 22.0 10.0 17.362 0
222208 22.0 10.0 17.362 0
222238 22.0 10.0 17.362 0
222309 22.0 10.0 17.362 0
222339 22.0 10.0 17.362 0
222409 22.0 10.0 17.362 0
222440 22.0 10.0 17.362 0
222511 22.0 10.0 17.362 0
222541 22.0 10.0 17.362 0
222612 22.0 10.0 17.362 0
222643 22.0 10.0 17.362 0
222713 22.0 10.0 17.362 0
222744 22.0 10.0 17.362 0
222815 22.062 10.0 17.362 0
222845 22.062 10.0 17.362 0
222915 22.062 10.0 17.362 0
222946 22.062 10.0 17.362 0
223017 22.062 10.0 17.362 0
223047 22.062 10.0 17.362 0
223118 22.062 10.0 17.362 0
223149 22.062 10.0 17.362 0
223219 22.062 10.0 17.362 0
223249 22.062 10.0 17.362 0
223320 22.062 10.0 17.362 0
223351 22.062 10.0 17.362 0
223421 22.062 10.0 17.362 0
223452 22.062 10.0 17.362 0
223523 22.062 10.0 17.362 0
223553 22.062 10.0 17.362 0
223623 22.062 10.0 17.362 0
223654 22.062 10.0 17.362 0
223724 22.062 10.0 17.362 0
223755 22.062 10.0 17.362 0
223825 22.0 10.0 17.362 0
223856 22.0 10.0 17.362 0
223927 22.0 10.0 17.362 0
223958 22.0 10.0 17.362 0
224029 22.0 10.0 17.362 0
224100 22.0 10.0 17.362 0
224130 22.0 10.0 17.362 0
224201 22.0 10.0 17.362 0
224231 22.0 10.0 17.362 0
224301 21.937 10.0 17.362 0
224332 21.937 10.0 17.362 0
224403 21.937 10.0 17.362 0
224433 21.937 10.0 17.362 0
224504 21.937 10.0 17.362 0
224534 21.937 10.0 17.362 0
224605 21.937 10.0 17.362 0
224635 21.937 10.0 17.362 0
224705 21.937 10.0 17.362 0
224736 21.937 10.0 17.362 0
224807 21.875 10.0 17.362 0
224838 21.875 10.0 17.362 0
224908 21.875 10.0 17.362 0
224939 21.875 10.0 17.362 0
225010 21.875 10.0 17.362 0
225040 21.875 10.0 17.362 0
225111 21.875 10.0 17.362 0
225142 21.875 10.0 17.362 0
225212 21.875 10.0 17.362 0
225242 21.875 10.0 17.362 0
225313 21.875 10.0 17.362 0
225343 21.875 10.0 17.362 0
225414 21.875 10.0 17.362 0
225445 21.875 10.0 17.362 0
225515 21.875 10.0 17.362 0
225546 21.812 10.0 17.362 0
225616 21.812 10.0 17.362 0
225647 21.812 10.0 17.362 0
225718 21.812 10.0 17.362 0
225748 21.812 10.0 17.362 0
225819 21.812 10.0 17.362 0
225850 21.812 10.0 17.362 0
225921 21.812 10.0 17.362 0
225951 21.812 10.0 17.362 0
230022 21.812 10.0 17.362 0
230053 21.812 10.0 17.362 0
230123 21.812 10.0 17.362 0
230154 21.812 10.0 17.362 0
230225 21.812 10.0 17.362 0
230255 21.812 10.0 17.362 0
230326 21.75 10.0 17.362 0
230357 21.75 10.0 17.362 0
230427 21.75 10.0 17.362 0
230457 21.75 10.0 17.362 0
230528 21.75 10.0 17.362 0
230558 21.75 10.0 17.362 0
230629 21.75 10.0 17.362 0
230659 21.75 10.0 17.362 0
230729 21.75 10.0 17.362 0
230800 21.75 10.0 17.362 0
230830 21.687 10.0 17.362 0
230901 21.687 10.0 17.362 0
230931 21.687 10.0 17.362 0
231001 21.687 10.0 17.362 0
231034 21.687 10.0 17.362 0
231104 21.687 10.0 17.362 0
231135 21.687 10.0 17.362 0
231205 21.687 10.0 17.362 0
231236 21.687 10.0 17.362 0
231306 21.687 10.0 17.362 0
231336 21.687 10.0 17.362 0
231407 21.687 10.0 17.362 0
231438 21.687 10.0 17.362 0
231508 21.687 10.0 17.362 0
231539 21.687 10.0 17.362 0
231609 21.687 10.0 17.362 0
231640 21.687 10.0 17.362 0
231711 21.687 10.0 17.362 0
231741 21.687 10.0 17.362 0
231812 21.687 10.0 17.362 0
231843 21.687 10.0 17.362 0
231914 21.687 10.0 17.362 0
231944 21.687 10.0 17.362 0
232015 21.687 10.0 17.362 0
232046 21.625 10.0 17.362 0
232116 21.625 10.0 17.362 0
232147 21.625 10.0 17.362 0
232217 21.625 10.0 17.362 0
232248 21.625 10.0 17.362 0
232319 21.625 10.0 17.362 0
232349 21.625 10.0 17.362 0
232419 21.625 10.0 17.362 0
232449 21.625 10.0 17.362 0
232520 21.625 10.0 17.362 0
232550 21.625 10.0 17.362 0
232621 21.625 10.0 17.362 0
232652 21.625 10.0 17.362 0
232722 21.625 10.0 17.362 0
232752 21.625 10.0 17.362 0
232823 21.625 10.0 17.362 0
232853 21.625 10.0 17.362 0
232924 21.625 10.0 17.362 0
232955 21.625 10.0 17.362 0
233026 21.625 10.0 17.362 0
233056 21.625 10.0 17.362 0
233126 21.625 10.0 17.362 0
233156 21.625 10.0 17.362 0
233227 21.625 10.0 17.362 0
233258 21.625 10.0 17.362 0
233328 21.562 10.0 17.362 0
233358 21.562 10.0 17.362 0
233429 21.562 10.0 17.362 0
233500 21.562 10.0 17.362 0
233530 21.562 10.0 17.362 0
233601 21.562 10.0 17.362 0
233631 21.562 10.0 17.362 0
233702 21.562 10.0 17.362 0
233733 21.562 10.0 17.362 0
233806 21.562 10.0 17.362 0
233836 21.562 10.0 17.362 0
233907 21.562 10.0 17.362 0
233938 21.562 10.0 17.362 0
234008 21.562 10.0 17.362 0
234039 21.562 10.0 17.362 0
234110 21.562 10.0 17.362 0
234140 21.562 10.0 17.362 0
234211 21.562 10.0 17.362 0
234242 21.562 10.0 17.362 0
234312 21.562 10.0 17.362 0
234342 21.562 10.0 17.362 0
234413 21.562 10.0 17.362 0
234444 21.562 10.0 17.362 0
234514 21.562 10.0 17.362 0
234545 21.562 10.0 17.362 0
234616 21.562 10.0 17.362 0
234646 21.562 10.0 17.362 0
234717 21.562 10.0 17.362 0
234748 21.562 10.0 17.362 0
234818 21.5 10.0 17.362 0
234849 21.5 10.0 17.362 0
234920 21.5 10.0 17.362 0
234950 21.5 10.0 17.362 0
235021 21.5 10.0 17.362 0
235051 21.5 10.0 17.362 0
235121 21.5 10.0 17.362 0
235152 21.5 10.0 17.362 0
235222 21.5 10.0 17.362 0
235252 21.5 10.0 17.362 0
235322 21.5 10.0 17.362 0
235352 21.5 10.0 17.362 0
235423 21.5 10.0 17.362 0
235453 21.5 10.0 17.362 0
235524 21.5 10.0 17.362 0
235555 21.5 10.0 17.362 0
235625 21.5 10.0 17.362 0
235656 21.5 10.0 17.362 0
235727 21.5 10.0 17.362 0
235757 21.5 10.0 17.362 0
235828 21.5 10.0 17.362 0
235859 21.5 10.0 17.362 0
