235925 22.75 10.0 16.737 0
235955 22.75 10.0 16.737 0
000026 22.75 10.0 16.737 0
000057 22.75 10.0 16.737 0
000127 22.75 10.0 16.737 0
000157 22.75 10.0 16.737 0
000228 22.75 10.0 16.737 0
000258 22.75 10.0 16.737 0
000328 22.75 10.0 16.737 0
000359 22.75 10.0 16.737 0
000429 22.75 10.0 16.737 0
000459 22.75 10.0 16.737 0
000529 22.75 10.0 16.737 0
000600 22.75 10.0 16.737 0
000630 22.75 10.0 16.737 0
000700 22.75 10.0 16.737 0
000730 22.625 10.0 16.737 0
000800 22.625 10.0 16.737 0
000831 22.625 10.0 16.737 0
000901 22.625 10.0 16.737 0
000934 22.625 10.0 16.737 0
001004 22.625 10.0 16.737 0
001034 22.625 10.0 16.737 0
001105 22.625 10.0 16.737 0
001135 22.625 10.0 16.737 0
001205 22.562 10.0 16.737 0
001235 22.562 10.0 16.737 0
001306 22.562 10.0 16.737 0
001336 22.562 10.0 16.737 0
001406 22.562 10.0 16.737 0
001436 22.562 10.0 16.737 0
001506 22.562 10.0 16.737 0
001537 22.562 10.0 16.737 0
001607 22.562 10.0 16.737 0
001638 22.562 10.0 16.737 0
001709 22.5 10.0 16.737 0
001739 22.5 10.0 16.737 0
001809 22.5 10.0 16.737 0
001839 22.5 10.0 16.737 0
001910 22.5 10.0 16.737 0
001940 22.5 10.0 16.737 0
002011 22.5 10.0 16.737 0
002041 22.5 10.0 16.737 0
002112 22.5 10.0 16.737 0
002142 22.5 10.0 16.737 0
002212 22.437 10.0 16.737 0
002242 22.437 10.0 16.737 0
002313 22.437 10.0 16.737 0
002343 22.437 10.0 16.737 0
002413 22.437 10.0 16.737 0
002443 22.437 10.0 16.737 0
002513 22.437 10.0 16.737 0
002543 22.437 10.0 16.737 0
002614 22.437 10.0 16.737 0
002644 22.437 10.0 16.737 0
002714 22.375 10.0 16.737 0
002745 22.375 10.0 16.737 0
002815 22.375 10.0 16.737 0
002845 22.375 10.0 16.737 0
002916 22.375 10.0 16.737 0
002946 22.375 10.0 16.737 0
003016 22.375 10.0 16.737 0
003047 22.375 10.0 16.737 0
003117 22.375 10.0 16.737 0
003147 22.375 10.0 16.737 0
003217 22.375 10.0 16.737 0
003247 22.375 10.0 16.737 0
003317 22.375 10.0 16.737 0
003348 22.375 10.0 16.737 0
003418 22.375 10.0 16.737 0
003448 22.312 10.0 16.737 0
003518 22.312 10.0 16.737 0
003549 22.312 10.0 16.737 0
003620 22.312 10.0 16.737 0
003650 22.312 10.0 16.737 0
003720 22.312 10.0 16.737 0
003750 22.312 10.0 16.737 0
003821 22.312 10.0 16.737 0
003851 22.312 10.0 16.737 0
003921 22.312 10.0 16.737 0
003951 22.312 10.0 16.737 0
004021 22.312 10.0 16.737 0
004051 22.312 10.0 16.737 0
004122 22.312 10.0 16.737 0
004152 22.312 10.0 16.737 0
004222 22.25 10.0 16.737 0
004252 22.25 10.0 16.737 0
004323 22.25 10.0 16.737 0
004353 22.25 10.0 16.737 0
004424 22.25 10.0 16.737 0
004454 22.25 10.0 16.737 0
004525 22.25 10.0 16.737 0
004555 22.25 10.0 16.737 0
004625 22.25 10.0 16.737 0
004656 22.25 10.0 16.737 0
004726 22.25 10.0 16.737 0
004756 22.25 10.0 16.737 0
004826 22.25 10.0 16.737 0
004857 22.25 10.0 16.737 0
004927 22.25 10.0 16.737 0
004958 22.25 10.0 16.737 0
005028 22.25 10.0 16.737 0
005058 22.25 10.0 16.737 0
005128 22.25 10.0 16.737 0
005158 22.25 10.0 16.737 0
005229 22.187 10.0 16.737 0
005259 22.187 10.0 16.737 0
005329 22.187 10.0 16.737 0
005359 22.187 10.0 16.737 0
005430 22.187 10.0 16.737 0
005500 22.187 10.0 16.737 0
005530 22.187 10.0 16.737 0
005601 22.187 10.0 16.737 0
005631 22.187 10.0 16.737 0
005701 22.187 10.0 16.737 0
005732 22.187 10.0 16.737 0
005802 22.187 10.0 16.737 0
005832 22.187 10.0 16.737 0
005902 22.187 10.0 16.737 0
005933 22.187 10.0 16.737 0
010003 22.125 10.0 16.737 0
010033 22.125 10.0 16.737 0
010104 22.125 10.0 16.737 0
010134 22.125 10.0 16.737 0
010205 22.125 10.0 16.737 0
010235 22.187 10.0 16.737 0
010305 22.187 10.0 16.737 0
010335 22.187 10.0 16.737 0
010406 22.187 10.0 16.737 0
010437 22.187 10.0 16.737 0
010507 22.125 10.0 16.737 0
010537 22.125 10.0 16.737 0
010608 22.125 10.0 16.737 0
010639 22.125 10.0 16.737 0
010711 22.125 10.0 16.737 0
010742 22.125 10.0 16.737 0
010812 22.125 10.0 16.737 0
010842 22.125 10.0 16.737 0
010913 22.125 10.0 16.737 0
010943 22.062 10.0 16.737 0
011013 22.062 10.0 16.737 0
011044 22.062 10.0 16.737 0
011115 22.062 10.0 16.737 0
011145 22.062 10.0 16.737 0
011215 22.062 10.0 16.737 0
011245 22.062 10.0 16.737 0
011315 22.062 10.0 16.737 0
011346 22.062 10.0 16.737 0
011416 22.062 10.0 16.737 0
011446 22.062 10.0 16.737 0
011516 22.062 10.0 16.737 0
011547 22.062 10.0 16.737 0
011617 22.062 10.0 16.737 0
011648 22.062 10.0 16.737 0
011718 22.062 10.0 16.737 0
011748 22.062 10.0 16.737 0
011818 22.062 10.0 16.737 0
011848 22.062 10.0 16.737 0
011918 22.062 10.0 16.737 0
011949 22.062 10.0 16.737 0
012019 22.062 10.0 16.737 0
012049 22.062 10.0 16.737 0
012119 22.062 10.0 16.737 0
012149 22.062 10.0 16.737 0
012220 22.0 10.0 16.737 0
012251 22.0 10.0 16.737 0
012321 22.0 10.0 16.737 0
012351 22.0 10.0 16.737 0
012421 22.0 10.0 16.737 0
012452 22.062 10.0 16.737 0
012522 22.062 10.0 16.737 0
012552 22.062 10.0 16.737 0
012622 22.062 10.0 16.737 0
012652 22.062 10.0 16.737 0
012723 22.0 10.0 16.737 0
012753 22.0 10.0 16.737 0
012823 22.0 10.0 16.737 0
012854 22.0 10.0 16.737 0
012924 22.0 10.0 16.737 0
012954 22.0 10.0 16.737 0
013024 22.0 10.0 16.737 0
013055 22.0 10.0 16.737 0
013125 22.0 10.0 16.737 0
013155 22.0 10.0 16.737 0
013226 22.0 10.0 16.737 0
013256 22.0 10.0 16.737 0
013326 22.0 10.0 16.737 0
013356 22.0 10.0 16.737 0
013426 22.0 10.0 16.737 0
013457 22.0 10.0 16.737 0
013527 22.0 10.0 16.737 0
013557 22.0 10.0 16.737 0
013627 22.0 10.0 16.737 0
013658 22.0 10.0 16.737 0
013728 22.0 10.0 16.737 0
013759 22.0 10.0 16.737 0
013829 22.0 10.0 16.737 0
013859 22.0 10.0 16.737 0
013929 22.0 10.0 16.737 0
013959 22.0 10.0 16.737 0
014029 22.0 10.0 16.737 0
014100 22.0 10.0 16.737 0
014130 22.0 10.0 16.737 0
014200 22.0 10.0 16.737 0
014230 21.937 10.0 16.737 0
014300 21.937 10.0 16.737 0
014331 21.937 10.0 16.737 0
014401 21.937 10.0 16.737 0
014432 21.937 10.0 16.737 0
014502 22.0 10.0 16.737 0
014533 22.0 10.0 16.737 0
014603 22.0 10.0 16.737 0
014633 22.0 10.0 16.737 0
014703 22.0 10.0 16.737 0
014734 21.937 10.0 16.737 0
014804 21.937 10.0 16.737 0
014835 21.937 10.0 16.737 0
014905 21.937 10.0 16.737 0
014935 21.937 10.0 16.737 0
015005 21.937 10.0 16.737 0
015036 21.937 10.0 16.737 0
015106 21.937 10.0 16.737 0
015136 21.937 10.0 16.737 0
015207 21.937 10.0 16.737 0
015237 21.937 10.0 16.737 0
015307 21.937 10.0 16.737 0
015337 21.937 10.0 16.737 0
015408 21.937 10.0 16.737 0
015438 21.937 10.0 16.737 0
015508 21.937 10.0 16.737 0
015538 21.937 10.0 16.737 0
015608 21.937 10.0 16.737 0
015639 21.937 10.0 16.737 0
015709 21.937 10.0 16.737 0
015740 21.937 10.0 16.737 0
015810 21.937 10.0 16.737 0
015840 21.937 10.0 16.737 0
015910 21.937 10.0 16.737 0
015940 21.937 10.0 16.737 0
020011 21.937 10.0 16.737 0
020041 21.937 10.0 16.737 0
020111 21.937 10.0 16.737 0
020141 21.937 10.0 16.737 0
020212 21.937 10.0 16.737 0
020242 21.937 10.0 16.737 0
020313 21.937 10.0 16.737 0
020343 21.937 10.0 16.737 0
020414 21.937 10.0 16.737 0
020444 21.937 10.0 16.737 0
020514 21.937 10.0 16.737 0
020545 21.937 10.0 16.737 0
020615 21.937 10.0 16.737 0
020645 21.937 10.0 16.737 0
020715 21.937 10.0 16.737 0
020745 21.937 10.0 16.737 0
020816 21.937 10.0 16.737 0
020846 21.937 10.0 16.737 0
020916 21.937 10.0 16.737 0
020946 21.937 10.0 16.737 0
021016 21.937 10.0 16.737 0
021047 21.937 10.0 16.737 0
021117 21.937 10.0 16.737 0
021147 21.937 10.0 16.737 0
021220 21.937 10.0 16.737 0
021250 21.937 10.0 16.737 0
021320 21.937 10.0 16.737 0
021351 21.937 10.0 16.737 0
021421 21.937 10.0 16.737 0
021451 21.875 10.0 16.737 0
021521 21.875 10.0 16.737 0
021552 21.875 10.0 16.737 0
021622 21.875 10.0 16.737 0
021652 21.875 10.0 16.737 0
021722 21.875 10.0 16.737 0
021753 21.875 10.0 16.737 0
021823 21.875 10.0 16.737 0
021853 21.875 10.0 16.737 0
021923 21.875 10.0 16.737 0
021954 21.875 10.0 16.737 0
022024 21.875 10.0 16.737 0
022055 21.875 10.0 16.737 0
022125 21.875 10.0 16.737 0
022156 21.875 10.0 16.737 0
022226 21.875 10.0 16.737 0
022257 21.875 10.0 16.737 0
022327 21.875 10.0 16.737 0
022357 21.875 10.0 16.737 0
022427 21.875 10.0 16.737 0
022457 21.875 10.0 16.737 0
022528 21.875 10.0 16.737 0
022558 21.875 10.0 16.737 0
022628 21.875 10.0 16.737 0
022659 21.875 10.0 16.737 0
022729 21.875 10.0 16.737 0
022759 21.875 10.0 16.737 0
022829 21.875 10.0 16.737 0
022900 21.875 10.0 16.737 0
022931 21.875 10.0 16.737 0
023001 21.875 10.0 16.737 0
023031 21.875 10.0 16.737 0
023101 21.875 10.0 16.737 0
023131 21.875 10.0 16.737 0
023202 21.875 10.0 16.737 0
023232 21.875 10.0 16.737 0
023302 21.875 10.0 16.737 0
023332 21.875 10.0 16.737 0
023402 21.875 10.0 16.737 0
023433 21.875 10.0 16.737 0
023503 21.875 10.0 16.737 0
023533 21.875 10.0 16.737 0
023603 21.875 10.0 16.737 0
023633 21.875 10.0 16.737 0
023704 21.875 10.0 16.737 0
023734 21.875 10.0 16.737 0
023805 21.875 10.0 16.737 0
023835 21.875 10.0 16.737 0
023905 21.875 10.0 16.737 0
023935 21.875 10.0 16.737 0
024006 21.875 10.0 16.737 0
024036 21.875 10.0 16.737 0
024106 21.875 10.0 16.737 0
024136 21.875 10.0 16.737 0
024206 21.875 10.0 16.737 0
024236 21.875 10.0 16.737 0
024307 21.875 10.0 16.737 0
024337 21.875 10.0 16.737 0
024408 21.875 10.0 16.737 0
024438 21.875 10.0 16.737 0
024508 21.875 10.0 16.737 0
024538 21.875 10.0 16.737 0
024609 21.875 10.0 16.737 0
024639 21.875 10.0 16.737 0
024709 21.875 10.0 16.737 0
024740 21.875 10.0 16.737 0
024810 21.875 10.0 16.737 0
024840 21.875 10.0 16.737 0
024910 21.875 10.0 16.737 0
024940 21.875 10.0 16.737 0
025011 21.875 10.0 16.737 0
025041 21.875 10.0 16.737 0
025111 21.875 10.0 16.737 0
025141 21.875 10.0 16.737 0
025212 21.875 10.0 16.737 0
025242 21.875 10.0 16.8 0
025312 21.875 10.0 16.737 0
025343 21.875 10.0 16.737 0
025413 21.875 10.0 16.737 0
025443 21.875 10.0 16.737 0
025514 21.875 10.0 16.737 0
025544 21.875 10.0 16.737 0
025614 21.875 10.0 16.737 0
025644 21.875 10.0 16.737 0
025715 21.875 10.0 16.737 0
025745 21.875 10.0 16.737 0
025815 21.875 10.0 16.737 0
025845 21.875 10.0 16.737 0
025916 21.875 10.0 16.8 0
025946 21.875 10.0 16.737 0
030016 21.875 10.0 16.737 0
030047 21.875 10.0 16.737 0
030117 21.875 10.0 16.737 0
030148 21.875 10.0 16.737 0
030218 21.875 10.0 16.737 0
030248 21.875 10.0 16.737 0
030319 21.875 10.0 16.737 0
030349 21.875 10.0 16.737 0
030420 21.875 10.0 16.737 0
030450 21.875 10.0 16.737 0
030520 21.875 10.0 16.737 0
030550 21.875 10.0 16.737 0
030621 21.875 10.0 16.737 0
030651 21.875 10.0 16.737 0
030721 21.875 10.0 16.737 0
030751 21.875 10.0 16.737 0
030822 21.875 10.0 16.8 0
030852 21.875 10.0 16.737 0
030923 21.875 10.0 16.737 0
030953 21.875 10.0 16.737 0
031023 21.875 10.0 16.737 0
031054 21.875 10.0 16.737 0
031124 21.875 10.0 16.737 0
031154 21.875 10.0 16.8 0
031224 21.875 10.0 16.737 0
031255 21.875 10.0 16.737 0
031325 21.875 10.0 16.737 0
031355 21.875 10.0 16.737 0
031426 21.875 10.0 16.737 0
031456 21.875 10.0 16.737 0
031526 21.812 10.0 16.737 0
031556 21.812 10.0 16.737 0
031627 21.812 10.0 16.737 0
031657 21.812 10.0 16.8 0
031729 21.812 10.0 16.737 0
031800 21.812 10.0 16.737 0
031831 21.812 10.0 16.8 0
031901 21.812 10.0 16.8 0
031931 21.812 10.0 16.737 0
032001 21.812 10.0 16.737 0
032032 21.812 10.0 16.737 0
032102 21.812 10.0 16.737 0
032132 21.812 10.0 16.8 0
032202 21.812 10.0 16.737 0
032233 21.812 10.0 16.737 0
032304 21.812 10.0 16.737 0
032334 21.812 10.0 16.737 0
032404 21.812 10.0 16.737 0
032434 21.812 10.0 16.737 0
032504 21.875 10.0 16.737 0
032534 21.875 10.0 16.737 0
032605 21.875 10.0 16.737 0
032635 21.875 10.0 16.737 0
032705 21.875 10.0 16.737 0
032736 21.812 10.0 16.737 0
032807 21.812 10.0 16.737 0
032837 21.812 10.0 16.737 0
032907 21.812 10.0 16.737 0
032937 21.812 10.0 16.737 0
033008 21.812 10.0 16.737 0
033038 21.812 10.0 16.737 0
033108 21.812 10.0 16.8 0
033139 21.812 10.0 16.737 0
033209 21.812 10.0 16.737 0
033239 21.812 10.0 16.737 0
033309 21.812 10.0 16.737 0
033340 21.812 10.0 16.8 0
033410 21.812 10.0 16.737 0
033440 21.812 10.0 16.737 0
033510 21.812 10.0 16.737 0
033541 21.812 10.0 16.737 0
033611 21.812 10.0 16.737 0
033641 21.812 10.0 16.737 0
033712 21.812 10.0 16.737 0
033742 21.812 10.0 16.737 0
033812 21.812 10.0 16.737 0
033842 21.812 10.0 16.737 0
033913 21.812 10.0 16.8 0
033943 21.812 10.0 16.737 0
034013 21.812 10.0 16.737 0
034044 21.812 10.0 16.737 0
034114 21.812 10.0 16.737 0
034145 21.812 10.0 16.737 0
034215 21.812 10.0 16.737 0
034245 21.812 10.0 16.737 0
034316 21.812 10.0 16.737 0
034346 21.812 10.0 16.737 0
034416 21.812 10.0 16.737 0
034446 21.812 10.0 16.8 0
034516 21.812 10.0 16.737 0
034546 21.812 10.0 16.8 0
034617 21.812 10.0 16.737 0
034647 21.812 10.0 16.8 0
034718 21.812 10.0 16.737 0
034748 21.812 10.0 16.8 0
034818 21.812 10.0 16.737 0
034848 21.812 10.0 16.737 0
034918 21.812 10.0 16.737 0
034949 21.812 10.0 16.737 0
035019 21.812 10.0 16.737 0
035050 21.812 10.0 16.737 0
035120 21.812 10.0 16.737 0
035150 21.812 10.0 16.8 0
035220 21.812 10.0 16.737 0
035250 21.812 10.0 16.737 0
035320 21.812 10.0 16.737 0
035351 21.812 10.0 16.8 0
035421 21.812 10.0 16.737 0
035451 21.812 10.0 16.737 0
035522 21.812 10.0 16.737 0
035552 21.812 10.0 16.8 0
035623 21.812 10.0 16.8 0
035653 21.812 10.0 16.737 0
035723 21.812 10.0 16.8 0
035753 21.812 10.0 16.8 0
035823 21.812 10.0 16.737 0
035854 21.812 10.0 16.8 0
035924 21.812 10.0 16.8 0
035955 21.812 10.0 16.737 0
040025 21.812 10.0 16.8 0
040055 21.812 10.0 16.8 0
040126 21.812 10.0 16.8 0
040156 21.812 10.0 16.8 0
040226 21.812 10.0 16.8 0
040256 21.812 10.0 16.737 0
040327 21.812 10.0 16.737 0
040357 21.812 10.0 16.8 0
040427 21.812 10.0 16.737 0
040457 21.812 10.0 16.8 0
040527 21.812 10.0 16.737 0
040558 21.812 10.0 16.737 0
040629 21.812 10.0 16.737 0
040659 21.812 10.0 16.737 0
040730 21.812 10.0 16.737 0
040800 21.812 10.0 16.737 0
040830 21.812 10.0 16.8 0
040900 21.812 10.0 16.737 0
040931 21.812 10.0 16.737 0
041001 21.812 10.0 16.737 0
041032 21.812 10.0 16.8 0
041102 21.812 10.0 16.8 0
041132 21.812 10.0 16.8 0
041203 21.812 10.0 16.737 0
041233 21.812 10.0 16.8 0
041304 21.812 10.0 16.8 0
041334 21.812 10.0 16.737 0
041404 21.812 10.0 16.737 0
041434 21.812 10.0 16.8 0
041504 21.812 10.0 16.8 0
041535 21.812 10.0 16.8 0
041605 21.812 10.0 16.8 0
041635 21.812 10.0 16.8 0
041705 21.812 10.0 16.8 0
041737 21.812 10.0 16.8 0
041808 21.812 10.0 16.737 0
041839 21.812 10.0 16.8 0
041909 21.812 10.0 16.737 0
041940 21.812 10.0 16.8 0
042010 21.812 10.0 16.8 0
042040 21.812 10.0 16.8 0
042111 21.812 10.0 16.8 0
042141 21.812 10.0 16.737 0
042212 21.812 10.0 16.8 0
042242 21.812 10.0 16.8 0
042312 21.812 10.0 16.8 0
042342 21.812 10.0 16.8 0
042412 21.812 10.0 16.8 0
042443 21.812 10.0 16.8 0
042513 21.812 10.0 16.8 0
042543 21.812 10.0 16.8 0
042613 21.812 10.0 16.8 0
042643 21.812 10.0 16.8 0
042714 21.812 10.0 16.8 0
042744 21.75 10.0 16.8 0
042814 21.75 10.0 16.737 0
042845 21.75 10.0 16.8 0
042915 21.75 10.0 16.8 0
042946 21.75 10.0 16.737 0
043017 21.812 10.0 16.8 0
043047 21.812 10.0 16.8 0
043117 21.812 10.0 16.8 0
043148 21.812 10.0 16.737 0
043219 21.812 10.0 16.8 0
043249 21.75 10.0 16.8 0
043320 21.75 10.0 16.8 0
043350 21.75 10.0 16.8 0
043420 21.75 10.0 16.8 0
043451 21.75 10.0 16.8 0
043521 21.75 10.0 16.8 0
043552 21.75 10.0 16.8 0
043622 21.75 10.0 16.8 0
043652 21.75 10.0 16.8 0
043722 21.75 10.0 16.8 0
043752 21.812 10.0 16.737 0
043823 21.812 10.0 16.8 0
043853 21.812 10.0 16.8 0
043923 21.812 10.0 16.8 0
043953 21.812 10.0 16.8 0
044024 21.75 10.0 16.737 0
044054 21.75 10.0 16.8 0
044124 21.75 10.0 16.8 0
044155 21.75 10.0 16.8 0
044225 21.75 10.0 16.8 0
044255 21.75 10.0 16.8 0
044325 21.75 10.0 16.8 0
044356 21.75 10.0 16.8 0
044426 21.75 10.0 16.8 0
044456 21.75 10.0 16.8 0
044526 21.75 10.0 16.8 0
044557 21.75 10.0 16.737 0
044627 21.75 10.0 16.8 0
044658 21.75 10.0 16.8 0
044728 21.75 10.0 16.8 0
044758 21.75 10.0 16.8 0
044828 21.75 10.0 16.8 0
044859 21.75 10.0 16.737 0
044929 21.75 10.0 16.737 0
044959 21.75 10.0 16.8 0
045030 21.75 10.0 16.8 0
045100 21.75 10.0 16.8 0
045130 21.75 10.0 16.8 0
045200 21.75 10.0 16.8 0
045231 21.75 10.0 16.8 0
045301 21.75 10.0 16.8 0
045332 21.75 10.0 16.8 0
045402 21.75 10.0 16.8 0
045432 21.75 10.0 16.8 0
045502 21.75 10.0 16.737 0
045532 21.75 10.0 16.8 0
045603 21.75 10.0 16.8 0
045633 21.75 10.0 16.8 0
045703 21.75 10.0 16.8 0
045733 21.75 10.0 16.8 0
045804 21.75 10.0 16.8 0
045834 21.75 10.0 16.8 0
045904 21.75 10.0 16.8 0
045934 21.75 10.0 16.737 0
050004 21.75 10.0 16.8 0
050035 21.75 10.0 16.737 0
050106 21.75 10.0 16.8 0
050136 21.75 10.0 16.8 0
050207 21.75 10.0 16.8 0
050237 21.75 10.0 16.8 0
050307 21.75 10.0 16.8 0
050338 21.75 10.0 16.8 0
050408 21.75 10.0 16.737 0
050438 21.75 10.0 16.737 0
050508 21.75 10.0 16.8 0
050539 21.75 10.0 16.8 0
050609 21.75 10.0 16.8 0
050639 21.75 10.0 16.8 0
050709 21.75 10.0 16.8 0
050740 21.75 10.0 16.8 0
050810 21.75 10.0 16.8 0
050841 21.75 10.0 16.8 0
050911 21.75 10.0 16.8 0
050941 21.75 10.0 16.8 0
051011 21.75 10.0 16.8 0
051042 21.75 10.0 16.8 0
051112 21.75 10.0 16.8 0
051143 21.75 10.0 16.8 0
051213 21.75 10.0 16.8 0
051243 21.75 10.0 16.8 0
051313 21.75 10.0 16.8 0
051343 21.75 10.0 16.8 0
051414 21.75 10.0 16.8 0
051444 21.75 10.0 16.8 0
051516 21.75 10.0 16.8 0
051547 21.75 10.0 16.8 0
051617 21.75 10.0 16.8 0
051648 21.75 10.0 16.737 0
051718 21.75 10.0 16.8 0
051748 21.75 10.0 16.8 0
051818 21.75 10.0 16.8 0
051848 21.75 10.0 16.8 0
051919 21.75 10.0 16.8 0
051949 21.75 10.0 16.8 0
052019 21.687 10.0 16.8 0
052049 21.687 10.0 16.8 0
052119 21.687 10.0 16.8 0
052150 21.687 10.0 16.8 0
052220 21.687 10.0 16.8 0
052250 21.75 10.0 16.8 0
052320 21.75 10.0 16.8 0
052350 21.75 10.0 16.8 0
052421 21.75 10.0 16.8 0
052451 21.75 10.0 16.8 0
052521 21.687 10.0 16.8 0
052552 21.687 10.0 16.8 0
052622 21.687 10.0 16.8 0
052652 21.687 10.0 16.8 0
052722 21.687 10.0 16.8 0
052752 21.75 10.0 16.8 0
052823 21.75 10.0 16.8 0
052853 21.75 10.0 16.8 0
052923 21.75 10.0 16.8 0
052953 21.75 10.0 16.8 0
053023 21.687 10.0 16.8 0
053054 21.687 10.0 16.8 0
053124 21.687 10.0 16.8 0
053154 21.687 10.0 16.8 0
053224 21.687 10.0 16.8 0
053255 21.75 10.0 16.8 0
053325 21.75 10.0 16.8 0
053355 21.75 10.0 16.8 0
053425 21.75 10.0 16.8 0
053455 21.75 10.0 16.8 0
053526 21.687 10.0 16.8 0
053556 21.687 10.0 16.8 0
053626 21.687 10.0 16.8 0
053656 21.687 10.0 16.8 0
053726 21.687 10.0 16.8 0
053757 21.687 10.0 16.8 0
053827 21.687 10.0 16.8 0
053857 21.687 10.0 16.8 0
053927 21.687 10.0 16.8 0
053958 21.687 10.0 16.8 0
054028 21.687 10.0 16.8 0
054058 21.687 10.0 16.8 0
054128 21.687 10.0 16.8 0
054159 21.687 10.0 16.8 0
054229 21.687 10.0 16.8 0
054300 21.687 10.0 16.8 0
054330 21.687 10.0 16.8 0
054401 21.687 10.0 16.8 0
054431 21.687 10.0 16.8 0
054501 21.687 10.0 16.8 0
054531 21.687 10.0 16.8 0
054601 21.687 10.0 16.8 0
054632 21.687 10.0 16.8 0
054702 21.687 10.0 16.8 0
054732 21.687 10.0 16.8 0
054802 21.687 10.0 16.8 0
054832 21.687 10.0 16.8 0
054903 21.687 10.0 16.8 0
054933 21.687 10.0 16.8 0
055003 21.687 10.0 16.8 0
055033 21.687 10.0 16.8 0
055104 21.687 10.0 16.8 0
055134 21.687 10.0 16.8 0
055204 21.687 10.0 16.8 0
055234 21.687 10.0 16.8 0
055304 21.687 10.0 16.8 0
055335 21.687 10.0 16.8 0
055405 21.687 10.0 16.8 0
055435 21.687 10.0 16.8 0
055505 21.687 10.0 16.8 0
055535 21.687 10.0 16.8 0
055606 21.687 10.0 16.8 0
055636 21.687 10.0 16.8 0
055706 21.687 10.0 16.8 0
055737 21.687 10.0 16.8 0
055807 21.687 10.0 16.8 0
055838 21.687 10.0 16.8 0
055908 21.687 10.0 16.8 0
055938 21.687 10.0 16.8 0
060008 21.687 10.0 16.8 0
060038 21.687 10.0 16.8 0
060109 21.687 10.0 16.8 0
060139 21.687 10.0 16.8 0
060209 21.687 10.0 16.8 0
060239 21.687 10.0 16.8 0
060310 21.687 10.0 16.8 0
060340 21.687 10.0 16.8 0
060410 21.687 10.0 16.8 0
060440 21.687 10.0 16.8 0
060510 21.687 10.0 16.8 0
060540 21.687 10.0 16.8 0
060611 21.687 10.0 16.8 0
060641 21.687 10.0 16.8 0
060711 21.687 10.0 16.8 0
060741 21.687 10.0 16.8 0
060811 21.687 10.0 16.8 0
060842 21.687 10.0 16.8 0
060912 21.687 10.0 16.8 0
060943 21.687 10.0 16.8 0
061013 21.687 10.0 16.8 0
061043 21.687 10.0 16.8 0
061113 21.687 10.0 16.8 0
061143 21.687 10.0 16.8 0
061214 21.687 10.0 16.8 0
061244 21.687 10.0 16.8 0
061314 21.687 10.0 16.8 0
061345 21.687 10.0 16.8 0
061415 21.687 10.0 16.8 0
061445 21.687 10.0 16.8 0
061515 21.687 10.0 16.8 0
061546 21.687 10.0 16.8 0
061616 21.687 10.0 16.8 0
061646 21.687 10.0 16.8 0
061716 21.687 10.0 16.8 0
061746 21.687 10.0 16.8 0
061817 21.687 10.0 16.8 0
061847 21.687 10.0 16.8 0
061918 21.687 10.0 16.8 0
061948 21.687 10.0 16.8 0
062018 21.687 10.0 16.8 0
062048 21.687 10.0 16.8 0
062118 21.687 10.0 16.8 0
062149 21.687 10.0 16.8 0
062219 21.687 10.0 16.8 0
062249 21.687 10.0 16.8 0
062319 21.687 10.0 16.8 0
062349 21.687 10.0 16.8 0
062420 21.687 10.0 16.8 0
062450 21.687 10.0 16.8 0
062520 21.687 10.0 16.8 0
062550 21.687 10.0 16.8 0
062620 21.687 10.0 16.8 0
062651 21.687 10.0 16.8 0
062721 21.687 10.0 16.8 0
062751 21.687 10.0 16.8 0
062821 21.75 10.0 16.8 0
062851 21.75 10.0 16.8 0
062922 21.75 10.0 16.8 0
062952 21.75 10.0 16.8 0
063022 21.75 10.0 16.8 0
063053 21.687 10.0 16.8 0
063123 21.687 10.0 16.8 0
063153 21.687 10.0 16.8 0
063223 21.687 10.0 16.8 0
063254 21.687 10.0 16.8 0
063324 21.75 10.0 16.8 0
063354 21.75 10.0 16.8 0
063425 21.75 10.0 16.8 0
063455 21.75 10.0 16.8 0
063525 21.75 10.0 16.8 0
063555 21.687 10.0 16.8 0
063625 21.687 10.0 16.8 0
063656 21.687 10.0 16.8 0
063726 21.687 10.0 16.8 0
063756 21.687 10.0 16.8 0
063826 21.75 10.0 16.8 0
063857 21.75 10.0 16.8 0
063927 21.75 10.0 16.8 0
063958 21.75 10.0 16.8 0
064030 21.75 10.0 16.8 0
064100 21.75 10.0 16.8 0
064131 21.75 10.0 16.8 0
064201 21.75 10.0 16.8 0
064232 21.75 10.0 16.8 0
064302 21.75 10.0 16.8 0
064332 21.75 10.0 16.8 0
064403 21.75 10.0 16.8 0
064433 21.75 10.0 16.8 0
064503 21.75 10.0 16.8 0
064533 21.75 10.0 16.8 0
064604 21.75 10.0 16.8 0
064634 21.75 10.0 16.8 0
064704 21.75 10.0 16.8 0
064734 21.75 10.0 16.8 0
064804 21.75 10.0 16.8 0
064835 21.75 10.0 16.8 0
064905 21.75 10.0 16.8 0
064935 21.75 10.0 16.8 0
065006 21.75 10.0 16.8 0
065036 21.75 10.0 16.8 0
065106 21.75 10.0 16.8 0
065137 21.75 10.0 16.8 0
065207 21.75 10.0 16.8 0
065238 21.75 10.0 16.8 0
065308 21.687 10.0 16.8 0
065338 21.687 10.0 16.8 0
065408 21.687 10.0 16.8 0
065439 21.687 10.0 16.8 0
065509 21.687 10.0 16.8 0
065540 21.687 10.0 16.8 0
065610 21.687 10.0 16.8 0
065640 21.687 10.0 16.8 0
065711 21.687 10.0 16.8 0
065741 21.687 10.0 16.8 0
065811 21.687 10.0 16.8 0
065841 21.687 10.0 16.8 0
065912 21.687 10.0 16.8 0
065942 21.687 10.0 16.8 0
070012 21.687 10.0 16.8 0
070042 21.687 10.0 16.8 0
070113 21.687 10.0 16.8 0
070143 21.687 10.0 16.8 0
070213 21.687 10.0 16.8 0
070244 21.687 10.0 16.8 0
070314 21.687 10.0 16.8 0
070344 21.687 10.0 16.8 0
070415 21.687 10.0 16.8 0
070445 21.687 10.0 16.8 0
070516 21.687 10.0 16.8 0
070546 21.687 10.0 16.8 0
070616 21.687 10.0 16.8 0
070646 21.687 10.0 16.8 0
070717 21.687 10.0 16.8 0
070747 21.687 10.0 16.8 0
070817 21.687 10.0 16.8 0
070847 21.687 10.0 16.8 0
070918 21.687 10.0 16.8 0
070948 21.687 10.0 16.8 0
071018 21.687 10.0 16.8 0
071049 21.687 10.0 16.8 0
071119 21.687 10.0 16.8 0
071149 21.687 10.0 16.8 0
071219 21.687 10.0 16.8 0
071250 21.687 10.0 16.8 0
071320 21.687 10.0 16.8 0
071350 21.687 10.0 16.8 0
071420 21.687 10.0 16.8 0
071451 21.687 10.0 16.8 0
071521 21.687 10.0 16.8 0
071551 21.687 10.0 16.8 0
071621 21.687 10.0 16.8 0
071651 21.687 10.0 16.8 0
071722 21.687 10.0 16.8 0
071752 21.687 10.0 16.8 0
071822 21.687 10.0 16.8 0
071852 21.687 10.0 16.8 0
071923 21.687 10.0 16.8 0
071953 21.687 10.0 16.8 0
072024 21.687 10.0 16.8 0
072054 21.687 10.0 16.8 0
072124 21.687 10.0 16.8 0
072154 21.687 10.0 16.8 0
072225 21.687 10.0 16.8 0
072255 21.687 10.0 16.8 0
072325 21.687 10.0 16.8 0
072355 21.687 10.0 16.8 0
072426 21.687 10.0 16.8 0
072456 21.687 10.0 16.8 0
072526 21.687 10.0 16.8 0
072556 21.687 10.0 16.8 0
072627 21.687 10.0 16.8 0
072657 21.687 10.0 16.8 0
072727 21.687 10.0 16.8 0
072757 21.687 10.0 16.8 0
072827 21.625 10.0 16.8 0
072858 21.625 10.0 16.8 0
072928 21.625 10.0 16.8 0
072958 21.625 10.0 16.8 0
073029 21.625 10.0 16.8 0
073059 21.625 10.0 16.8 0
073129 21.625 10.0 16.8 0
073159 21.625 10.0 16.8 0
073229 21.625 10.0 16.8 0
073300 21.625 10.0 16.8 0
073330 21.687 10.0 16.8 0
073400 21.687 10.0 16.8 0
073430 21.687 10.0 16.8 0
073501 21.687 10.0 16.8 0
073531 21.687 10.0 16.8 0
073601 21.625 10.0 16.8 0
073631 21.625 10.0 16.8 0
073701 21.625 10.0 16.8 0
073732 21.625 10.0 16.8 0
073802 21.625 10.0 16.8 0
073832 21.625 10.0 16.8 0
073903 21.625 10.0 16.8 0
073933 21.625 10.0 16.8 0
074003 21.625 10.0 16.8 0
074033 21.625 10.0 16.8 0
074103 21.625 10.0 16.8 0
074134 21.625 10.0 16.8 0
074204 21.625 10.0 16.8 0
074234 21.625 10.0 16.8 0
074305 21.625 10.0 16.8 0
074335 21.625 10.0 16.8 0
074406 21.625 10.0 16.8 0
074436 21.625 10.0 16.8 0
074506 21.625 10.0 16.8 0
074536 21.625 10.0 16.8 0
074606 21.625 10.0 16.8 0
074636 21.625 10.0 16.8 0
074707 21.625 10.0 16.8 0
074737 21.625 10.0 16.8 0
074809 21.625 10.0 16.8 0
074839 21.625 10.0 16.8 0
074910 21.625 10.0 16.8 0
074940 21.625 10.0 16.8 0
075010 21.625 10.0 16.8 0
075040 21.687 10.0 16.8 0
075110 21.687 10.0 16.8 0
075140 21.687 10.0 16.8 0
075211 21.687 10.0 16.8 0
075241 21.687 10.0 16.8 0
075311 21.625 10.0 16.8 0
075342 21.625 10.0 16.8 0
075412 21.625 10.0 16.8 0
075442 21.625 10.0 16.8 0
075512 21.625 10.0 16.8 0
075542 21.687 10.0 16.8 0
075613 21.687 10.0 16.8 0
075643 21.687 10.0 16.8 0
075713 21.687 10.0 16.8 0
075743 21.687 10.0 16.8 0
075813 21.625 10.0 16.8 0
075844 21.625 10.0 16.8 0
075914 21.625 10.0 16.8 0
075944 21.625 10.0 16.8 0
080014 21.625 10.0 16.8 0
080045 21.687 10.0 16.8 0
080115 21.687 10.0 16.8 0
080145 21.687 10.0 16.8 0
080215 21.687 10.0 16.8 0
080246 21.687 10.0 16.8 0
080316 21.625 10.0 16.8 0
080346 21.625 10.0 16.8 0
080416 21.625 10.0 16.8 0
080446 21.625 10.0 16.8 0
080517 21.625 10.0 16.8 0
080548 21.625 10.0 16.8 0
080618 21.625 10.0 16.8 0
080648 21.625 10.0 16.8 0
080718 21.625 10.0 16.8 0
080748 21.625 10.0 16.8 0
080818 21.625 10.0 16.8 0
080849 21.625 10.0 16.8 0
080919 21.625 10.0 16.8 0
080949 21.625 10.0 16.8 0
081019 21.625 10.0 16.8 0
081049 21.625 10.0 16.8 0
081120 21.625 10.0 16.8 0
081150 21.625 10.0 16.8 0
081221 21.625 10.0 16.8 0
081251 21.625 10.0 16.8 0
081321 21.625 10.0 16.8 0
081351 21.625 10.0 16.8 0
081421 21.625 10.0 16.8 0
081452 21.625 10.0 16.8 0
081522 21.625 10.0 16.8 0
081552 21.625 10.0 16.8 0
081622 21.625 10.0 16.8 0
081652 21.625 10.0 16.8 0
081723 21.625 10.0 16.8 0
081753 21.625 10.0 16.8 0
081823 21.625 10.0 16.8 0
081853 21.625 10.0 16.8 0
081924 21.625 10.0 16.8 0
081954 21.625 10.0 16.8 0
082024 21.625 10.0 16.8 0
082054 21.625 10.0 16.8 0
082125 21.625 10.0 16.8 0
082156 21.625 10.0 16.8 0
082226 21.625 10.0 16.8 0
082256 21.625 10.0 16.8 0
082327 21.625 10.0 16.8 0
082357 21.625 10.0 16.8 0
082427 21.625 10.0 16.8 0
082457 21.625 10.0 16.8 0
082528 21.625 10.0 16.8 0
082558 21.625 10.0 16.8 0
082628 21.625 10.0 16.8 0
082658 21.625 10.0 16.8 0
082728 21.625 10.0 16.8 0
082759 21.625 10.0 16.8 0
082829 21.625 10.0 16.8 0
082900 21.625 10.0 16.8 0
082930 21.625 10.0 16.8 0
083000 21.625 10.0 16.8 0
083030 21.625 10.0 16.8 0
083101 21.687 10.0 16.8 0
083131 21.687 10.0 16.8 0
083201 21.687 10.0 16.8 0
083231 21.687 10.0 16.8 0
083301 21.687 10.0 16.8 0
083332 21.625 10.0 16.8 0
083402 21.625 10.0 16.8 0
083432 21.625 10.0 16.8 0
083502 21.625 10.0 16.8 0
083533 21.625 10.0 16.8 0
083603 21.625 10.0 16.8 0
083633 21.625 10.0 16.8 0
083703 21.625 10.0 16.8 0
083734 21.625 10.0 16.8 0
083804 21.625 10.0 16.8 0
083834 21.687 10.0 16.8 0
083905 21.687 10.0 16.8 0
083935 21.687 10.0 16.8 0
084005 21.687 10.0 16.8 0
084036 21.687 10.0 16.8 0
084106 21.687 10.0 16.8 0
084136 21.687 10.0 16.8 0
084207 21.687 10.0 16.8 0
084237 21.687 10.0 16.8 0
084308 21.687 10.0 16.8 0
084338 21.687 10.0 16.8 0
084408 21.687 10.0 16.8 0
084439 21.687 10.0 16.8 0
084509 21.687 10.0 16.8 0
084540 21.687 10.0 16.8 0
084610 21.687 10.0 16.8 0
084640 21.687 10.0 16.8 0
084710 21.687 10.0 16.8 0
084740 21.687 10.0 16.8 0
084811 21.687 10.0 16.8 0
084841 21.687 10.0 16.8 0
084911 21.687 10.0 16.8 0
084941 21.687 10.0 16.8 0
085011 21.687 10.0 16.8 0
085042 21.687 10.0 16.8 0
085112 21.687 10.0 16.8 0
085142 21.687 10.0 16.8 0
085212 21.687 10.0 16.8 0
085243 21.687 10.0 16.8 0
085313 21.687 10.0 16.8 0
085343 21.687 10.0 16.8 0
085413 21.687 10.0 16.8 0
085443 21.687 10.0 16.8 0
085513 21.687 10.0 16.8 0
085544 21.687 10.0 16.8 0
085614 21.625 10.0 16.8 0
085644 21.625 10.0 16.8 0
085714 21.625 10.0 16.8 0
085745 21.625 10.0 16.8 0
085815 21.625 10.0 16.8 0
085846 21.625 10.0 16.8 0
085917 21.625 10.0 16.8 0
085947 21.625 10.0 16.8 0
090017 21.625 10.0 16.8 0
090049 21.625 10.0 16.8 0
090119 21.625 10.0 16.8 0
090149 21.625 10.0 16.8 0
090220 21.625 10.0 16.8 0
090250 21.625 10.0 16.8 0
090320 21.687 10.0 16.8 0
090350 21.687 10.0 16.8 0
090420 21.687 10.0 16.8 0
090451 21.687 10.0 16.8 0
090521 21.687 10.0 16.8 0
090552 21.687 10.0 16.8 0
090622 21.687 10.0 16.8 0
090652 21.687 10.0 16.8 0
090722 21.687 10.0 16.8 0
090753 21.687 10.0 16.8 0
090823 21.687 10.0 16.8 0
090853 21.687 10.0 16.8 0
090924 21.687 10.0 16.8 0
090954 21.687 10.0 16.8 0
091024 21.687 10.0 16.8 0
091054 21.687 10.0 16.8 0
091124 21.687 10.0 16.8 0
091155 21.687 10.0 16.8 0
091225 21.687 10.0 16.8 0
091255 21.687 10.0 16.8 0
091326 21.625 10.0 16.8 0
091356 21.625 10.0 16.8 0
091427 21.625 10.0 16.8 0
091457 21.625 10.0 16.8 0
091527 21.625 10.0 16.8 0
091557 21.687 10.0 16.8 0
091628 21.687 10.0 16.8 0
091658 21.687 10.0 16.8 0
091728 21.687 10.0 16.8 0
091759 21.687 10.0 16.8 0
091829 21.687 10.0 16.8 0
091859 21.687 10.0 16.8 0
091930 21.687 10.0 16.8 0
092000 21.687 10.0 16.8 0
092030 21.687 10.0 16.8 0
092100 21.687 10.0 16.8 0
092131 21.687 10.0 16.8 0
092201 21.687 10.0 16.8 0
092232 21.687 10.0 16.8 0
092302 21.687 10.0 16.8 0
092332 21.625 10.0 16.8 0
092402 21.625 10.0 16.8 0
092432 21.625 10.0 16.8 0
092503 21.625 10.0 16.8 0
092533 21.625 10.0 16.8 0
092603 21.687 10.0 16.8 0
092634 21.687 10.0 16.8 0
092704 21.687 10.0 16.8 0
092734 21.687 10.0 16.8 0
092804 21.687 10.0 16.8 0
092835 21.625 10.0 16.8 0
092905 21.625 10.0 16.8 0
092935 21.625 10.0 16.8 0
093005 21.625 10.0 16.8 0
093036 21.625 10.0 16.8 0
093106 21.687 10.0 16.8 0
093136 21.687 10.0 16.8 0
093206 21.687 10.0 16.8 0
093237 21.687 10.0 16.8 0
093307 21.687 10.0 16.8 0
093337 21.625 10.0 16.8 0
093408 21.625 10.0 16.8 0
093438 21.625 10.0 16.8 0
093508 21.625 10.0 16.8 0
093538 21.625 10.0 16.8 0
093609 21.625 10.0 16.8 0
093639 21.625 10.0 16.8 0
093709 21.625 10.0 16.8 0
093739 21.625 10.0 16.8 0
093810 21.625 10.0 16.8 0
093840 21.687 10.0 16.8 0
093911 21.687 10.0 16.8 0
093941 21.687 10.0 16.8 0
094011 21.687 10.0 16.8 0
094041 21.687 10.0 16.8 0
094111 21.625 10.0 16.8 0
094142 21.625 10.0 16.8 0
094212 21.625 10.0 16.8 0
094242 21.625 10.0 16.8 0
094312 21.625 10.0 16.8 0
094342 21.687 10.0 16.8 0
094413 21.687 10.0 16.8 0
094443 21.687 10.0 16.8 0
094513 21.687 10.0 16.8 0
094543 21.687 10.0 16.8 0
094613 21.687 10.0 16.8 0
094644 21.687 10.0 16.8 0
094714 21.687 10.0 16.8 0
094744 21.687 10.0 16.8 0
094814 21.687 10.0 16.8 0
094845 21.687 10.0 16.8 0
094915 21.687 10.0 16.8 0
094946 21.687 10.0 16.8 0
095016 21.687 10.0 16.8 0
095046 21.687 10.0 16.8 0
095116 21.687 10.0 16.8 0
095147 21.687 10.0 16.8 0
095217 21.687 10.0 16.8 0
095247 21.687 10.0 16.8 0
095317 21.687 10.0 16.8 0
095348 21.687 10.0 16.8 0
095418 21.687 10.0 16.8 0
095449 21.687 10.0 16.8 0
095519 21.687 10.0 16.8 0
095549 21.687 10.0 16.8 0
095619 21.687 10.0 16.8 0
095650 21.687 10.0 16.8 0
095720 21.687 10.0 16.8 0
095751 21.687 10.0 16.8 0
095821 21.687 10.0 16.8 0
095851 21.687 10.0 16.8 0
095921 21.687 10.0 16.8 0
095952 21.687 10.0 16.8 0
100023 21.687 10.0 16.8 0
100053 21.687 10.0 16.8 0
100123 21.687 10.0 16.8 0
100153 21.687 10.0 16.8 0
100223 21.687 10.0 16.8 0
100254 21.687 10.0 16.8 0
100324 21.687 10.0 16.8 0
100354 21.687 10.0 16.8 0
100424 21.687 10.0 16.8 0
100454 21.687 10.0 16.8 0
100524 21.687 10.0 16.8 0
100555 21.687 10.0 16.8 0
100625 21.687 10.0 16.8 0
100655 21.687 10.0 16.8 0
100725 21.687 10.0 16.8 0
100755 21.687 10.0 16.8 0
100826 21.687 10.0 16.8 0
100856 21.687 10.0 16.8 0
100927 21.687 10.0 16.8 0
100957 21.687 10.0 16.8 0
101028 21.687 10.0 16.8 0
101059 21.625 10.0 16.8 0
101130 21.625 10.0 16.8 0
101200 21.625 10.0 16.8 0
101230 21.625 10.0 16.8 0
101300 21.625 10.0 16.8 0
101331 21.625 10.0 16.8 0
101401 21.625 10.0 16.8 0
101431 21.625 10.0 16.8 0
101501 21.625 10.0 16.8 0
101532 21.625 10.0 16.8 0
101602 21.687 10.0 16.8 0
101633 21.687 10.0 16.8 0
101703 21.687 10.0 16.8 0
101734 21.687 10.0 16.8 0
101804 21.687 10.0 16.8 0
101834 21.687 10.0 16.8 0
101905 21.687 10.0 16.8 0
101935 21.687 10.0 16.8 0
102006 21.687 10.0 16.8 0
102036 21.687 10.0 16.8 0
102106 21.75 10.0 16.8 0
102136 21.75 10.0 16.8 0
102207 21.75 10.0 16.8 0
102237 21.75 10.0 16.8 0
102308 21.75 10.0 16.8 0
102338 21.812 10.0 16.8 0
102408 21.812 10.0 16.8 0
102438 21.812 10.0 16.8 0
102509 21.812 10.0 16.8 0
102539 21.812 10.0 16.8 0
102609 21.812 10.0 16.8 0
102639 21.812 10.0 16.8 0
102710 21.812 10.0 16.8 0
102740 21.812 10.0 16.8 0
102810 21.812 10.0 16.8 0
102840 21.812 10.0 16.8 0
102911 21.812 10.0 16.8 0
102941 21.812 10.0 16.8 0
103011 21.812 10.0 16.8 0
103041 21.812 10.0 16.8 0
103111 21.75 10.0 16.8 0
103142 21.75 10.0 16.8 0
103212 21.75 10.0 16.8 0
103243 21.75 10.0 16.8 0
103313 21.75 10.0 16.8 0
103344 21.687 10.0 16.8 0
103414 21.687 10.0 16.8 0
103444 21.687 10.0 16.8 0
103515 21.687 10.0 16.8 0
103545 21.687 10.0 16.8 0
103615 21.625 10.0 16.8 0
103645 21.625 10.0 16.8 0
103716 21.625 10.0 16.8 0
103746 21.625 10.0 16.8 0
103816 21.625 10.0 16.8 0
103846 21.75 10.0 16.8 0
103917 21.75 10.0 16.8 0
103947 21.75 10.0 16.8 0
104017 21.75 10.0 16.8 0
104048 21.75 10.0 16.8 0
104118 21.75 10.0 16.8 0
104148 21.75 10.0 16.8 0
104218 21.75 10.0 16.8 0
104249 21.75 10.0 16.8 0
104319 21.75 10.0 16.8 0
104350 21.687 10.0 16.8 0
104421 21.687 10.0 16.8 0
104451 21.687 10.0 16.8 0
104521 21.687 10.0 16.8 0
104552 21.687 10.0 16.8 0
104622 21.75 10.0 16.8 0
104653 21.75 10.0 16.8 0
104723 21.75 10.0 16.862 0
104753 21.75 10.0 16.8 0
104824 21.75 10.0 16.8 0
104854 21.75 10.0 16.8 0
104925 21.75 10.0 16.8 0
104955 21.75 10.0 16.8 0
105026 21.75 10.0 16.8 0
105056 21.75 10.0 16.8 0
105126 21.75 10.0 16.8 0
105156 21.75 10.0 16.8 0
105226 21.75 10.0 16.8 0
105256 21.75 10.0 16.8 0
105327 21.75 10.0 16.8 0
105357 21.75 10.0 16.862 0
105427 21.75 10.0 16.8 0
105457 21.75 10.0 16.8 0
105528 21.75 10.0 16.8 0
105558 21.75 10.0 16.8 0
105628 21.812 10.0 16.8 0
105658 21.812 10.0 16.8 0
105728 21.812 10.0 16.8 0
105759 21.812 10.0 16.8 0
105829 21.812 10.0 16.8 0
105859 21.812 10.0 16.8 0
105929 21.812 10.0 16.8 0
110000 21.812 10.0 16.8 0
110030 21.812 10.0 16.8 0
110100 21.812 10.0 16.8 0
110131 21.875 10.0 16.8 0
110201 21.875 10.0 16.8 0
110231 21.875 10.0 16.862 0
110301 21.875 10.0 16.8 0
110331 21.875 10.0 16.8 0
110401 21.875 10.0 16.862 0
110432 21.875 10.0 16.8 0
110502 21.875 10.0 16.8 0
110532 21.875 10.0 16.8 0
110602 21.875 10.0 16.8 0
110632 21.812 10.0 16.862 0
110702 21.812 10.0 16.862 0
110733 21.812 10.0 16.862 0
110803 21.812 10.0 16.8 0
110835 21.812 10.0 16.8 0
110905 21.812 10.0 16.862 0
110936 21.812 10.0 16.8 0
111006 21.812 10.0 16.8 0
111036 21.812 10.0 16.8 0
111107 21.812 10.0 16.8 0
111137 21.812 10.0 16.862 0
111208 21.812 10.0 16.862 0
111238 21.812 10.0 16.862 0
111309 21.812 10.0 16.862 0
111340 21.812 10.0 16.8 0
111410 21.812 10.0 16.862 0
111440 21.812 10.0 16.862 0
111510 21.812 10.0 16.8 0
111540 21.812 10.0 16.862 0
111611 21.812 10.0 16.862 0
111641 21.812 10.0 16.8 0
111711 21.812 10.0 16.862 0
111741 21.812 10.0 16.862 0
111811 21.812 10.0 16.862 0
111842 21.875 10.0 16.8 0
111912 21.875 10.0 16.8 0
111943 21.875 10.0 16.8 0
112014 21.875 10.0 16.8 0
112045 21.875 10.0 16.862 0
112115 21.75 10.0 16.862 0
112145 21.75 10.0 16.862 0
112215 21.75 10.0 16.862 0
112245 21.75 10.0 16.862 0
112315 21.75 10.0 16.862 0
112346 21.75 10.0 16.862 0
112417 21.75 10.0 16.862 0
112447 21.75 10.0 16.862 0
112517 21.75 10.0 16.862 0
112547 21.75 10.0 16.8 0
112618 21.75 10.0 16.8 0
112648 21.75 10.0 16.862 0
112719 21.75 10.0 16.862 0
112749 21.75 10.0 16.862 0
112820 21.75 10.0 16.862 0
112850 21.812 10.0 16.8 0
112921 21.812 10.0 16.862 0
112951 21.812 10.0 16.8 0
113021 21.812 10.0 16.862 0
113051 21.812 10.0 16.862 0
113121 21.812 10.0 16.862 0
113152 21.812 10.0 16.862 0
113223 21.812 10.0 16.862 0
113253 21.812 10.0 16.862 0
113323 21.812 10.0 16.862 0
113353 21.812 10.0 16.862 0
113424 21.812 10.0 16.862 0
113454 21.812 10.0 16.862 0
113524 21.812 10.0 16.862 0
113555 21.812 10.0 16.862 0
113625 21.812 10.0 16.862 0
113656 21.812 10.0 16.862 0
113726 21.812 10.0 16.862 0
113756 21.812 10.0 16.862 0
113826 21.812 10.0 16.862 0
113857 21.812 10.0 16.862 0
113927 21.812 10.0 16.862 0
113958 21.812 10.0 16.862 0
114028 21.812 10.0 16.862 0
114058 21.812 10.0 16.862 0
114128 21.875 10.0 16.862 0
114159 21.875 10.0 16.862 0
114229 21.875 10.0 16.862 0
114259 21.875 10.0 16.862 0
114330 21.875 10.0 16.862 0
114400 21.812 10.0 16.862 0
114431 21.812 10.0 16.862 0
114501 21.812 10.0 16.862 0
114532 21.812 10.0 16.862 0
114602 21.812 10.0 16.862 0
114632 21.875 10.0 16.862 0
114703 21.875 10.0 16.862 0
114733 21.875 10.0 16.862 0
114803 21.875 10.0 16.862 0
114833 21.875 10.0 16.862 0
114904 21.812 10.0 16.862 0
114934 21.812 10.0 16.862 0
115004 21.812 10.0 16.862 0
115035 21.812 10.0 16.862 0
115105 21.812 10.0 16.862 0
115135 21.812 10.0 16.862 0
115205 21.812 10.0 16.862 0
115236 21.812 10.0 16.862 0
115306 21.812 10.0 16.862 0
115336 21.812 10.0 16.862 0
115406 21.75 10.0 16.862 0
115437 21.75 10.0 16.862 0
115508 21.75 10.0 16.862 0
115538 21.75 10.0 16.862 0
115610 21.75 10.0 16.862 0
115641 21.812 10.0 16.862 0
115711 21.812 10.0 16.862 0
115741 21.812 10.0 16.862 0
115812 21.812 10.0 16.862 0
115843 21.875 10.0 16.862 0
115914 21.875 10.0 16.862 0
115944 21.875 10.0 16.862 0
120014 21.875 10.0 16.862 0
120044 21.875 10.0 16.862 0
120115 21.875 10.0 16.862 0
120145 21.875 10.0 16.862 0
120216 21.875 10.0 16.862 0
120247 21.875 10.0 16.862 0
120317 21.875 10.0 16.862 0
120348 21.875 10.0 16.862 0
120418 21.875 10.0 16.862 0
120448 21.875 10.0 16.862 0
120519 21.875 10.0 16.862 0
120549 21.875 10.0 16.862 0
120619 21.812 10.0 16.862 0
120649 21.812 10.0 16.862 0
120719 21.812 10.0 16.862 0
120750 21.812 10.0 16.862 0
120820 21.812 10.0 16.862 0
120850 21.812 10.0 16.862 0
120920 21.812 10.0 16.862 0
120950 21.812 10.0 16.862 0
121021 21.812 10.0 16.862 0
121051 21.812 10.0 16.862 0
121121 21.812 10.0 16.862 0
121152 21.812 10.0 16.862 0
121223 21.812 10.0 16.862 0
121253 21.812 10.0 16.862 0
121323 21.812 10.0 16.862 0
121354 21.812 10.0 16.862 0
121424 21.812 10.0 16.862 0
121454 21.812 10.0 16.862 0
121524 21.812 10.0 16.862 0
121554 21.812 10.0 16.862 0
121625 21.875 10.0 16.862 0
121655 21.875 10.0 16.862 0
121726 21.875 10.0 16.862 0
121756 21.875 10.0 16.862 0
121826 21.875 10.0 16.862 0
121856 21.937 10.0 16.862 0
121927 21.937 10.0 16.862 0
121957 21.937 10.0 16.862 0
122028 21.937 10.0 16.862 0
122058 21.937 10.0 16.862 0
122128 21.937 10.0 16.862 0
122159 21.937 10.0 16.862 0
122229 21.937 10.0 16.862 0
122259 21.937 10.0 16.862 0
122329 21.937 10.0 16.862 0
122400 21.937 10.0 16.862 0
122430 21.937 10.0 16.862 0
122501 21.937 10.0 16.862 0
122531 21.937 10.0 16.862 0
122601 21.937 10.0 16.862 0
122632 21.937 10.0 16.862 0
122702 21.937 10.0 16.862 0
122732 21.937 10.0 16.862 0
122803 21.937 10.0 16.862 0
122833 21.937 10.0 16.862 0
122903 21.937 10.0 16.862 0
122933 21.937 10.0 16.862 0
123004 21.937 10.0 16.862 0
123034 21.937 10.0 16.862 0
123105 21.937 10.0 16.862 0
123135 21.875 10.0 16.862 0
123206 21.875 10.0 16.862 0
123236 21.875 10.0 16.862 0
123306 21.875 10.0 16.862 0
123336 21.875 10.0 16.862 0
123407 21.937 10.0 16.862 0
123437 21.937 10.0 16.862 0
123508 21.937 10.0 16.862 0
123538 21.937 10.0 16.862 0
123609 21.937 10.0 16.862 0
123639 21.937 10.0 16.862 0
123710 21.937 10.0 16.862 0
123740 21.937 10.0 16.862 0
123810 21.937 10.0 16.862 0
123840 21.937 10.0 16.862 0
123910 22.0 10.0 16.862 0
123941 22.0 10.0 16.862 0
124011 22.0 10.0 16.862 0
124041 22.0 10.0 16.862 0
124111 22.0 10.0 16.862 0
124142 22.062 10.0 16.862 0
124212 22.062 10.0 16.862 0
124242 22.062 10.0 16.862 0
124312 22.062 10.0 16.862 0
124342 22.062 10.0 16.862 0
124412 22.062 10.0 16.862 0
124443 22.062 10.0 16.862 0
124513 22.062 10.0 16.862 0
124543 22.062 10.0 16.862 0
124614 22.062 10.0 16.862 0
124644 22.062 10.0 16.862 0
124715 22.062 10.0 16.862 0
124745 22.062 10.0 16.862 0
124815 22.062 10.0 16.862 0
124846 22.062 10.0 16.862 0
124916 22.062 10.0 16.862 0
124946 22.062 10.0 16.862 0
125016 22.062 10.0 16.862 0
125046 22.062 10.0 16.862 0
125116 22.062 10.0 16.862 0
125147 22.062 10.0 16.862 0
125217 22.062 10.0 16.862 0
125247 22.062 10.0 16.862 0
125317 22.062 10.0 16.862 0
125348 22.062 10.0 16.862 0
125418 22.062 10.0 16.862 0
125448 22.062 10.0 16.862 0
125518 22.062 10.0 16.862 0
125548 22.062 10.0 16.862 0
125621 22.125 10.0 16.862 0
125651 22.125 10.0 16.862 0
125721 22.125 10.0 16.862 0
125752 22.125 10.0 16.862 0
125822 22.125 10.0 16.862 0
125853 22.062 10.0 16.862 0
125923 22.062 10.0 16.862 0
125953 22.062 10.0 16.862 0
130024 22.062 10.0 16.862 0
130054 22.062 10.0 16.862 0
130124 22.062 10.0 16.862 0
130154 22.062 10.0 16.862 0
130225 22.062 10.0 16.862 0
130255 22.062 10.0 16.862 0
130326 22.062 10.0 16.862 0
130356 22.062 10.0 16.862 0
130426 22.062 10.0 16.862 0
130456 22.062 10.0 16.862 0
130526 22.062 10.0 16.862 0
130557 22.062 10.0 16.862 0
130627 22.062 10.0 16.862 0
130657 22.062 10.0 16.862 0
130727 22.062 10.0 16.862 0
130757 22.062 10.0 16.862 0
130828 22.062 10.0 16.862 0
130858 22.062 10.0 16.862 0
130928 22.062 10.0 16.862 0
130958 22.062 10.0 16.862 0
131029 22.062 10.0 16.862 0
131059 22.062 10.0 16.862 0
131129 22.0 10.0 16.862 0
131200 22.0 10.0 16.862 0
131230 22.0 10.0 16.862 0
131300 22.0 10.0 16.862 0
131330 22.0 10.0 16.862 0
131401 22.062 10.0 16.862 0
131431 22.062 10.0 16.862 0
131502 22.062 10.0 16.862 0
131532 22.062 10.0 16.862 0
131602 22.062 10.0 16.862 0
131632 22.125 10.0 16.862 0
131702 22.125 10.0 16.862 0
131732 22.125 10.0 16.862 0
131803 22.125 10.0 16.862 0
131833 22.125 10.0 16.862 0
131903 22.125 10.0 16.862 0
131933 22.125 10.0 16.862 0
132003 22.125 10.0 16.862 0
132034 22.125 10.0 16.862 0
132104 22.125 10.0 16.862 0
132134 22.187 10.0 16.862 0
132204 22.187 10.0 16.862 0
132235 22.187 10.0 16.862 0
132305 22.187 10.0 16.862 0
132335 22.187 10.0 16.862 0
132405 22.125 10.0 16.862 0
132435 22.125 10.0 16.862 0
132506 22.125 10.0 16.862 0
132536 22.125 10.0 16.862 0
132606 22.125 10.0 16.862 0
132637 22.062 10.0 16.862 0
132707 22.062 10.0 16.862 0
132737 22.062 10.0 16.862 0
132807 22.062 10.0 16.862 0
132838 22.062 10.0 16.862 0
132908 22.125 10.0 16.862 0
132939 22.125 10.0 16.862 0
133009 22.125 10.0 16.862 0
133039 22.125 10.0 16.862 0
133109 22.125 10.0 16.862 0
133140 22.062 10.0 16.862 0
133210 22.062 10.0 16.862 0
133240 22.062 10.0 16.862 0
133310 22.062 10.0 16.862 0
133341 22.062 10.0 16.862 0
133411 22.062 10.0 16.862 0
133441 22.062 10.0 16.862 0
133511 22.062 10.0 16.862 0
133541 22.062 10.0 16.862 0
133612 22.062 10.0 16.862 0
133642 22.0 10.0 16.862 0
133712 22.0 10.0 16.862 0
133742 22.0 10.0 16.862 0
133813 22.0 10.0 16.862 0
133843 22.0 10.0 16.862 0
133913 22.0 10.0 16.862 0
133943 22.0 10.0 16.862 0
134013 22.0 10.0 16.862 0
134044 22.0 10.0 16.862 0
134114 22.0 10.0 16.862 0
134144 22.0 10.0 16.862 0
134214 22.0 10.0 16.862 0
134245 22.0 10.0 16.862 0
134315 22.0 10.0 16.862 0
134345 22.0 10.0 16.862 0
134415 22.125 10.0 16.862 0
134446 22.125 10.0 16.862 0
134516 22.125 10.0 16.862 0
134546 22.125 10.0 16.862 0
134617 22.125 10.0 16.862 0
134647 22.187 10.0 16.862 0
134717 22.187 10.0 16.862 0
134747 22.187 10.0 16.862 0
134817 22.187 10.0 16.862 0
134848 22.187 10.0 16.862 0
134918 22.312 10.0 16.862 0
134948 22.312 10.0 16.862 0
135018 22.312 10.0 16.862 0
135048 22.312 10.0 16.862 0
135119 22.312 10.0 16.862 0
135149 22.375 10.0 16.862 0
135219 22.375 10.0 16.862 0
135249 22.375 10.0 16.862 0
135319 22.375 10.0 16.862 0
135350 22.375 10.0 16.862 0
135420 22.312 10.0 16.862 0
135451 22.312 10.0 16.862 0
135521 22.312 10.0 16.862 0
135551 22.312 10.0 16.862 0
135622 22.312 10.0 16.862 0
135652 22.375 10.0 16.862 0
135722 22.375 10.0 16.862 0
135753 22.375 10.0 16.862 0
135823 22.375 10.0 16.862 0
135853 22.375 10.0 16.862 0
135924 22.437 10.0 16.862 0
135955 22.437 10.0 16.862 0
140025 22.437 10.0 16.862 0
140055 22.437 10.0 16.862 0
140126 22.437 10.0 16.862 0
140156 22.5 10.0 16.862 0
140226 22.5 10.0 16.862 0
140257 22.5 10.0 16.862 0
140327 22.5 10.0 16.862 0
140358 22.5 10.0 16.862 0
140428 22.5 10.0 16.862 0
140458 22.5 10.0 16.862 0
140528 22.5 10.0 16.862 0
140559 22.5 10.0 16.862 0
140631 22.437 10.0 16.862 0
140702 22.437 10.0 16.862 0
140732 22.437 10.0 16.862 0
140802 22.437 10.0 16.862 0
140833 22.437 10.0 16.862 0
140903 22.437 10.0 16.862 0
140933 22.437 10.0 16.862 0
141003 22.437 10.0 16.862 0
141034 22.437 10.0 16.862 0
141104 22.437 10.0 16.862 0
141134 22.5 10.0 16.862 0
141204 22.5 10.0 16.862 0
141235 22.5 10.0 16.862 0
141305 22.5 10.0 16.862 0
141335 22.5 10.0 16.862 0
141405 22.5 10.0 16.862 0
141436 22.5 10.0 16.862 0
141507 22.5 10.0 16.862 0
141537 22.5 10.0 16.862 0
141607 22.5 10.0 16.862 0
141638 22.562 10.0 16.862 0
141708 22.562 10.0 16.862 0
141738 22.562 10.0 16.862 0
141808 22.562 10.0 16.862 0
141839 22.562 10.0 16.862 0
141909 22.437 10.0 16.862 0
141939 22.437 10.0 16.862 0
142010 22.437 10.0 16.862 0
142040 22.437 10.0 16.862 0
142110 22.437 10.0 16.862 0
142141 22.437 10.0 16.862 0
142211 22.437 10.0 16.862 0
142242 22.437 10.0 16.862 0
142312 22.437 10.0 16.862 0
142342 22.437 10.0 16.862 0
142412 22.375 10.0 16.862 0
142443 22.375 10.0 16.862 0
142513 22.375 10.0 16.862 0
142544 22.375 10.0 16.862 0
142614 22.375 10.0 16.862 0
142645 22.437 10.0 16.862 0
142715 22.437 10.0 16.862 0
142745 22.437 10.0 16.862 0
142815 22.437 10.0 16.862 0
142845 22.437 10.0 16.862 0
142916 22.562 10.0 16.862 0
142946 22.562 10.0 16.862 0
143016 22.562 10.0 16.862 0
143046 22.562 10.0 16.862 0
143116 22.562 10.0 16.862 0
143147 22.687 10.0 16.862 0
143217 22.687 10.0 16.862 0
143247 22.687 10.0 16.862 0
143317 22.687 10.0 16.862 0
143347 22.687 10.0 16.862 0
143418 22.687 10.0 16.862 0
143448 22.687 10.0 16.862 0
143518 22.687 10.0 16.862 0
143548 22.687 10.0 16.862 0
143619 22.687 10.0 16.862 0
143649 22.625 10.0 16.862 0
143719 22.625 10.0 16.862 0
143749 22.625 10.0 16.862 0
143820 22.625 10.0 16.862 0
143850 22.625 10.0 16.862 0
143920 22.5 10.0 16.862 0
143950 22.5 10.0 16.862 0
144020 22.5 10.0 16.862 0
144051 22.5 10.0 16.862 0
144121 22.5 10.0 16.862 0
144151 22.437 10.0 16.862 0
144221 22.437 10.0 16.862 0
144252 22.437 10.0 16.862 0
144322 22.437 10.0 16.862 0
144352 22.437 10.0 16.862 0
144422 22.312 10.0 16.862 0
144452 22.312 10.0 16.862 0
144523 22.312 10.0 16.862 0
144553 22.312 10.0 16.862 0
144624 22.312 10.0 16.862 0
144654 22.25 10.0 16.862 0
144724 22.25 10.0 16.862 0
144754 22.25 10.0 16.862 0
144825 22.25 10.0 16.862 0
144855 22.25 10.0 16.862 0
144925 22.25 10.0 16.862 0
144956 22.25 10.0 16.862 0
145026 22.25 10.0 16.862 0
145056 22.25 10.0 16.862 0
145127 22.25 10.0 16.862 0
145157 22.25 10.0 16.862 0
145227 22.25 10.0 16.862 0
145257 22.25 10.0 16.862 0
145328 22.25 10.0 16.862 0
145358 22.25 10.0 16.862 0
145429 22.312 10.0 16.862 0
145459 22.312 10.0 16.862 0
145530 22.312 10.0 16.862 0
145600 22.312 10.0 16.862 0
145630 22.312 10.0 16.862 0
145701 22.375 10.0 16.862 0
145731 22.375 10.0 16.862 0
145801 22.375 10.0 16.862 0
145831 22.375 10.0 16.862 0
145901 22.375 10.0 16.862 0
145932 22.312 10.0 16.862 0
150002 22.312 10.0 16.862 0
150032 22.312 10.0 16.862 0
150102 22.312 10.0 16.862 0
150132 22.312 10.0 16.862 0
150203 22.312 10.0 16.862 0
150233 22.312 10.0 16.862 0
150303 22.312 10.0 16.862 0
150334 22.312 10.0 16.862 0
150404 22.312 10.0 16.862 0
150435 22.187 10.0 16.862 0
150505 22.187 10.0 16.862 0
150536 22.187 10.0 16.862 0
150606 22.187 10.0 16.862 0
150637 22.187 10.0 16.862 0
150707 22.187 10.0 16.862 0
150737 22.187 10.0 16.862 0
150807 22.187 10.0 16.862 0
150838 22.187 10.0 16.862 0
150910 22.187 10.0 16.862 0
150940 22.187 10.0 16.862 0
151010 22.187 10.0 16.862 0
151040 22.187 10.0 16.862 0
151111 22.187 10.0 16.862 0
151141 22.25 10.0 16.862 0
151212 22.25 10.0 16.862 0
151242 22.25 10.0 16.862 0
151313 22.25 10.0 16.862 0
151343 22.25 10.0 16.862 0
151414 22.312 10.0 16.862 0
151444 22.312 10.0 16.862 0
151514 22.312 10.0 16.862 0
151545 22.312 10.0 16.862 0
151615 22.312 10.0 16.862 0
151645 22.375 10.0 16.862 0
151716 22.375 10.0 16.862 0
151746 22.375 10.0 16.862 0
151816 22.375 10.0 16.862 0
151847 22.375 10.0 16.862 0
151917 22.375 10.0 16.862 0
151947 22.375 10.0 16.862 0
152017 22.375 10.0 16.862 0
152047 22.375 10.0 16.862 0
152118 22.375 10.0 16.862 0
152148 22.375 10.0 16.862 0
152219 22.375 10.0 16.862 0
152249 22.375 10.0 16.862 0
152319 22.375 10.0 16.862 0
152350 22.375 10.0 16.862 0
152420 22.312 10.0 16.862 0
152451 22.312 10.0 16.862 0
152521 22.312 10.0 16.862 0
152551 22.312 10.0 16.862 0
152621 22.312 10.0 16.862 0
152652 22.375 10.0 16.862 0
152722 22.375 10.0 16.862 0
152752 22.375 10.0 16.862 0
152822 22.375 10.0 16.862 0
152852 22.375 10.0 16.862 0
152923 22.375 10.0 16.862 0
152953 22.375 10.0 16.862 0
153023 22.375 10.0 16.862 0
153053 22.375 10.0 16.862 0
153123 22.375 10.0 16.862 0
153154 22.312 10.0 16.862 0
153224 22.312 10.0 16.862 0
153254 22.312 10.0 16.862 0
153324 22.312 10.0 16.862 0
153354 22.312 10.0 16.862 0
153425 22.375 10.0 16.862 0
153455 22.375 10.0 16.862 0
153525 22.375 10.0 16.862 0
153556 22.375 10.0 16.862 0
153626 22.375 10.0 16.862 0
153656 22.375 10.0 16.862 0
153727 22.375 10.0 16.862 0
153757 22.375 10.0 16.862 0
153827 22.375 10.0 16.862 0
153857 22.375 10.0 16.862 0
153927 22.375 10.0 16.862 0
153958 22.375 10.0 16.862 0
154028 22.375 10.0 16.862 0
154059 22.375 10.0 16.862 0
154129 22.375 10.0 16.862 0
154159 22.375 10.0 16.862 0
154230 22.375 10.0 16.862 0
154300 22.375 10.0 16.862 0
154331 22.375 10.0 16.862 0
154401 22.375 10.0 16.862 0
154431 22.437 10.0 16.862 0
154502 22.437 10.0 16.862 0
154532 22.437 10.0 16.862 0
154603 22.437 10.0 16.862 0
154633 22.437 10.0 16.862 0
154703 22.437 10.0 16.862 0
154733 22.437 10.0 16.862 0
154803 22.437 10.0 16.862 0
154833 22.437 10.0 16.862 0
154904 22.437 10.0 16.862 0
154934 22.437 10.0 16.862 0
155004 22.437 10.0 16.862 0
155035 22.437 10.0 16.862 0
155105 22.437 10.0 16.862 0
155136 22.437 10.0 16.862 0
155206 22.437 10.0 16.862 0
155236 22.437 10.0 16.862 0
155306 22.437 10.0 16.862 0
155336 22.437 10.0 16.862 0
155406 22.437 10.0 16.862 0
155437 22.437 10.0 16.862 0
155507 22.437 10.0 16.862 0
155537 22.437 10.0 16.862 0
155607 22.437 10.0 16.862 0
155637 22.437 10.0 16.862 0
155708 22.437 10.0 16.862 0
155738 22.437 10.0 16.862 0
155809 22.437 10.0 16.862 0
155839 22.437 10.0 16.862 0
155909 22.437 10.0 16.862 0
155940 22.437 10.0 16.862 0
160010 22.437 10.0 16.862 0
160041 22.437 10.0 16.862 0
160111 22.437 10.0 16.862 0
160141 22.437 10.0 16.862 0
160211 22.5 10.0 16.862 0
160242 22.5 10.0 16.862 0
160312 22.5 10.0 16.862 0
160343 22.5 10.0 16.862 0
160413 22.5 10.0 16.925 0
160444 22.5 10.0 16.862 0
160514 22.5 10.0 16.862 0
160544 22.5 10.0 16.862 0
160615 22.5 10.0 16.862 0
160645 22.5 10.0 16.862 0
160715 22.5 10.0 16.862 0
160745 22.5 10.0 16.862 0
160815 22.5 10.0 16.862 0
160846 22.5 10.0 16.862 0
160918 22.562 10.0 16.862 0
160948 22.562 10.0 16.862 0
161019 22.562 10.0 16.862 0
161049 22.562 10.0 16.862 0
161120 22.562 10.0 16.862 0
161150 22.562 10.0 16.862 0
161220 22.562 10.0 16.862 0
161251 22.562 10.0 16.862 0
161321 22.562 10.0 16.862 0
161351 22.562 10.0 16.925 0
161421 22.562 10.0 16.862 0
161451 22.562 10.0 16.862 0
161522 22.562 10.0 16.862 0
161552 22.562 10.0 16.862 0
161623 22.562 10.0 16.862 0
161653 22.562 10.0 16.862 0
161723 22.562 10.0 16.862 0
161754 22.562 10.0 16.862 0
161824 22.562 10.0 16.862 0
161854 22.562 10.0 16.925 0
161924 22.562 10.0 16.862 0
161955 22.562 10.0 16.925 0
162025 22.562 10.0 16.862 0
162055 22.562 10.0 16.862 0
162126 22.562 10.0 16.862 0
162156 22.625 10.0 16.862 0
162226 22.625 10.0 16.862 0
162256 22.625 10.0 16.862 0
162326 22.625 10.0 16.925 0
162357 22.625 10.0 16.862 0
162427 22.625 10.0 16.862 0
162457 22.625 10.0 16.862 0
162527 22.625 10.0 16.862 0
162557 22.625 10.0 16.862 0
162628 22.625 10.0 16.925 0
162658 22.625 10.0 16.862 0
162729 22.625 10.0 16.862 0
162759 22.625 10.0 16.862 0
162829 22.625 10.0 16.862 0
162900 22.625 10.0 16.862 0
162930 22.625 10.0 16.925 0
163000 22.625 10.0 16.925 0
163031 22.625 10.0 16.862 0
163101 22.625 10.0 16.862 0
163131 22.625 10.0 16.862 0
163202 22.687 10.0 16.862 0
163232 22.687 10.0 16.862 0
163302 22.687 10.0 16.925 0
163332 22.687 10.0 16.862 0
163402 22.687 10.0 16.862 0
163433 22.687 10.0 16.862 0
163503 22.687 10.0 16.862 0
163534 22.687 10.0 16.862 0
163604 22.687 10.0 16.862 0
163634 22.687 10.0 16.925 0
163704 22.687 10.0 16.925 0
163735 22.687 10.0 16.862 0
163805 22.687 10.0 16.862 0
163836 22.687 10.0 16.862 0
163906 22.687 10.0 16.925 0
163936 22.75 10.0 16.862 0
164007 22.75 10.0 16.862 0
164038 22.75 10.0 16.925 0
164108 22.75 10.0 16.925 0
164138 22.75 10.0 16.925 0
164208 22.75 10.0 16.925 0
164238 22.75 10.0 16.925 0
164309 22.75 10.0 16.862 0
164339 22.75 10.0 16.862 0
164409 22.75 10.0 16.862 0
164440 22.812 10.0 16.925 0
164510 22.812 10.0 16.925 0
164540 22.812 10.0 16.862 0
164610 22.812 10.0 16.862 0
164641 22.812 10.0 16.925 0
164711 22.812 10.0 16.862 0
164741 22.812 10.0 16.862 0
164811 22.812 10.0 16.925 0
164841 22.812 10.0 16.862 0
164912 22.812 10.0 16.862 0
164943 22.875 10.0 16.925 0
165013 22.875 10.0 16.862 0
165043 22.875 10.0 16.925 0
165114 22.875 10.0 16.925 0
165144 22.875 10.0 16.862 0
165215 22.875 10.0 16.925 0
165245 22.875 10.0 16.925 0
165315 22.875 10.0 16.925 0
165345 22.875 10.0 16.925 0
165415 22.875 10.0 16.925 0
165446 22.875 10.0 16.925 0
165516 22.875 10.0 16.925 0
165547 22.875 10.0 16.925 0
165617 22.875 10.0 16.862 0
165648 22.875 10.0 16.925 0
165718 22.875 10.0 16.925 0
165748 22.875 10.0 16.925 0
165818 22.875 10.0 16.925 0
165849 22.875 10.0 16.862 0
165919 22.875 10.0 16.862 0
165949 22.875 10.0 16.925 0
170019 22.875 10.0 16.925 0
170050 22.875 10.0 16.925 0
170120 22.875 10.0 16.925 0
170150 22.875 10.0 16.925 0
170221 22.875 10.0 16.925 0
170251 22.875 10.0 16.925 0
170321 22.875 10.0 16.925 0
170351 22.875 10.0 16.925 0
170421 22.875 10.0 16.925 0
170452 22.875 10.0 16.925 0
170522 22.875 10.0 16.925 0
170552 22.875 10.0 16.862 0
170622 22.875 10.0 16.925 0
170655 22.875 10.0 16.925 0
170726 22.875 10.0 16.925 0
170756 22.875 10.0 16.925 0
170826 22.875 10.0 16.925 0
170856 22.875 10.0 16.925 0
170927 22.937 10.0 16.925 0
170957 22.937 10.0 16.925 0
171028 22.937 10.0 16.925 0
171058 22.937 10.0 16.925 0
171128 22.937 10.0 16.925 0
171158 22.937 10.0 16.925 0
171229 22.937 10.0 16.925 0
171259 22.937 10.0 16.925 0
171329 22.937 10.0 16.925 0
171359 22.937 10.0 16.925 0
171430 22.937 10.0 16.925 0
171500 22.937 10.0 16.925 0
171531 22.937 10.0 16.925 0
171601 22.937 10.0 16.925 0
171631 22.937 10.0 16.925 0
171701 23.0 10.0 16.925 0
171731 23.0 10.0 16.925 0
171802 23.0 10.0 16.925 0
171832 23.0 10.0 16.925 0
171902 23.0 10.0 16.925 0
171933 23.0 10.0 16.925 0
172003 23.0 10.0 16.925 0
172033 23.0 10.0 16.925 0
172103 23.0 10.0 16.925 0
172134 23.0 10.0 16.925 0
172204 23.0 10.0 16.925 0
172234 23.0 10.0 16.925 0
172304 23.0 10.0 16.925 0
172335 23.0 10.0 16.925 0
172405 23.0 10.0 16.925 0
172435 23.0 10.0 16.925 0
172506 23.0 10.0 16.925 0
172536 23.0 10.0 16.925 0
172606 23.0 10.0 16.925 0
172636 23.0 10.0 16.925 0
172706 23.062 10.0 16.925 0
172736 23.062 10.0 16.925 0
172806 23.062 10.0 16.925 0
172837 23.062 10.0 16.925 0
172907 23.062 10.0 16.925 0
172937 23.062 10.0 16.925 0
173007 23.062 10.0 16.925 0
173037 23.062 10.0 16.925 0
173108 23.062 10.0 16.925 0
173138 23.062 10.0 16.925 0
173208 23.125 10.0 16.925 0
173238 23.125 10.0 16.925 0
173309 23.125 10.0 16.925 0
173339 23.125 10.0 16.925 0
173410 23.125 10.0 16.925 0
173440 23.125 10.0 16.925 0
173510 23.125 10.0 16.925 0
173540 23.125 10.0 16.925 0
173610 23.125 10.0 16.925 0
173641 23.125 10.0 16.925 0
173711 23.125 10.0 16.925 0
173742 23.125 10.0 16.925 0
173812 23.125 10.0 16.925 0
173842 23.125 10.0 16.925 0
173912 23.125 10.0 16.925 0
173942 23.125 10.0 16.925 0
174012 23.125 10.0 16.925 0
174043 23.125 10.0 16.925 0
174114 23.125 10.0 16.925 0
174144 23.125 10.0 16.925 0
174214 23.125 10.0 16.925 0
174244 23.125 10.0 16.925 0
174314 23.125 10.0 16.925 0
174345 23.125 10.0 16.925 0
174415 23.125 10.0 16.925 0
174445 23.125 10.0 16.925 0
174515 23.125 10.0 16.925 0
174545 23.125 10.0 16.925 0
174616 23.125 10.0 16.925 0
174646 23.125 10.0 16.925 0
174716 23.125 10.0 16.925 0
174746 23.125 10.0 16.925 0
174816 23.125 10.0 16.925 0
174847 23.125 10.0 16.925 0
174917 23.125 10.0 16.925 0
174947 23.062 10.0 16.925 0
175017 23.062 10.0 16.925 0
175047 23.062 10.0 16.925 0
175117 23.062 10.0 16.925 0
175148 23.062 10.0 16.925 0
175218 23.125 10.0 16.925 0
175248 23.125 10.0 16.925 0
175318 23.125 10.0 16.925 0
175349 23.125 10.0 16.925 0
175419 23.125 10.0 16.925 0
175449 23.125 10.0 16.925 0
175519 23.125 10.0 16.925 0
175550 23.125 10.0 16.925 0
175620 23.125 10.0 16.925 0
175650 23.125 10.0 16.925 0
175720 23.125 10.0 16.925 0
175751 23.125 10.0 16.925 0
175821 23.125 10.0 16.925 0
175851 23.125 10.0 16.925 0
175921 23.125 10.0 16.925 0
175951 23.125 10.0 16.925 0
180021 23.125 10.0 16.925 0
180052 23.125 10.0 16.925 0
180122 23.125 10.0 16.925 0
180152 23.125 10.0 16.925 0
180222 23.187 10.0 16.925 0
180252 23.187 10.0 16.925 0
180323 23.187 10.0 16.925 0
180353 23.187 10.0 16.925 0
180423 23.187 10.0 16.925 0
180453 23.187 10.0 16.925 0
180524 23.187 10.0 16.925 0
180554 23.187 10.0 16.925 0
180625 23.187 10.0 16.925 0
180656 23.187 10.0 16.925 0
180726 23.187 10.0 16.925 0
180756 23.187 10.0 16.925 0
180826 23.187 10.0 16.925 0
180856 23.187 10.0 16.925 0
180926 23.187 10.0 16.925 0
180957 23.187 10.0 16.925 0
181027 23.187 10.0 16.925 0
181057 23.187 10.0 16.925 0
181127 23.187 10.0 16.925 0
181158 23.187 10.0 16.925 0
181228 23.187 10.0 16.925 0
181258 23.187 10.0 16.925 0
181328 23.187 10.0 16.925 0
181359 23.187 10.0 16.925 0
181429 23.187 10.0 16.925 0
181459 23.187 10.0 16.925 0
181530 23.187 10.0 16.925 0
181600 23.187 10.0 16.925 0
181630 23.187 10.0 16.925 0
181700 23.187 10.0 16.925 0
181731 23.25 10.0 16.925 0
181801 23.25 10.0 16.925 0
181832 23.25 10.0 16.925 0
181902 23.25 10.0 16.925 0
181935 23.25 10.0 16.925 0
182005 23.25 10.0 16.925 0
182036 23.25 10.0 16.925 0
182107 23.25 10.0 16.925 0
182137 23.25 10.0 16.925 0
182208 23.25 10.0 16.925 0
182238 23.25 10.0 16.925 0
182308 23.25 10.0 16.925 0
182338 23.25 10.0 16.925 0
182409 23.25 10.0 16.925 0
182439 23.25 10.0 16.925 0
182509 23.25 10.0 16.925 0
182539 23.25 10.0 16.925 0
182610 23.25 10.0 16.925 0
182641 23.25 10.0 16.925 0
182711 23.25 10.0 16.925 0
182741 23.25 10.0 16.925 0
182811 23.25 10.0 16.925 0
182842 23.25 10.0 16.925 0
182912 23.25 10.0 16.925 0
182942 23.25 10.0 16.925 0
183012 23.25 10.0 16.925 0
183042 23.25 10.0 16.925 0
183112 23.25 10.0 16.925 0
183143 23.25 10.0 16.925 0
183213 23.25 10.0 16.925 0
183244 23.25 10.0 16.925 0
183314 23.25 10.0 16.925 0
183344 23.25 10.0 16.925 0
183415 23.25 10.0 16.925 0
183445 23.312 10.0 16.925 0
183516 23.312 10.0 16.925 0
183546 23.312 10.0 16.925 0
183617 23.312 10.0 16.925 0
183647 23.312 10.0 16.925 0
183718 23.312 10.0 16.925 0
183748 23.312 10.0 16.925 0
183818 23.312 10.0 16.925 0
183848 23.312 10.0 16.925 0
183918 23.312 10.0 16.925 0
183949 23.312 10.0 16.925 0
184019 23.312 10.0 16.925 0
184050 23.312 10.0 16.925 0
184120 23.312 10.0 16.925 0
184150 23.312 10.0 16.925 0
184221 23.312 10.0 16.925 0
184251 23.312 10.0 16.925 0
184322 23.312 10.0 16.925 0
184352 23.312 10.0 16.925 0
184422 23.312 10.0 16.925 0
184452 23.375 10.0 16.925 0
184523 23.375 10.0 16.925 0
184553 23.375 10.0 16.925 0
184623 23.375 10.0 16.925 0
184654 23.375 10.0 16.925 0
184724 23.375 10.0 16.925 0
184754 23.375 10.0 16.925 0
184824 23.375 10.0 16.925 0
184854 23.375 10.0 16.925 0
184925 23.375 10.0 16.925 0
184955 23.437 10.0 16.925 0
185025 23.437 10.0 16.925 0
185055 23.437 10.0 16.925 0
185126 23.437 10.0 16.925 0
185156 23.437 10.0 16.925 0
185226 23.375 10.0 16.925 0
185256 23.375 10.0 16.925 0
185327 23.375 10.0 16.925 0
185357 23.375 10.0 16.925 0
185427 23.375 10.0 16.925 0
185457 23.437 10.0 16.925 0
185527 23.437 10.0 16.925 0
185558 23.437 10.0 16.925 0
185628 23.437 10.0 16.925 0
185658 23.437 10.0 16.925 0
185729 23.437 10.0 16.925 0
185759 23.437 10.0 16.925 0
185830 23.437 10.0 16.925 0
185900 23.437 10.0 16.925 0
185931 23.437 10.0 16.925 0
190001 23.437 10.0 16.925 0
190032 23.437 10.0 16.925 0
190102 23.437 10.0 16.925 0
190132 23.437 10.0 16.925 0
190202 23.437 10.0 16.925 0
190232 23.5 10.0 16.925 0
190303 23.5 10.0 16.925 0
190333 23.5 10.0 16.925 0
190404 23.5 10.0 16.925 0
190434 23.5 10.0 16.925 0
190504 23.5 10.0 16.925 0
190534 23.5 10.0 16.925 0
190605 23.5 10.0 16.925 0
190635 23.5 10.0 16.925 0
190705 23.5 10.0 16.925 0
190735 23.5 10.0 16.925 0
190806 23.5 10.0 16.925 0
190836 23.5 10.0 16.925 0
190906 23.5 10.0 16.925 0
190937 23.5 10.0 16.925 0
191007 23.5 10.0 16.925 0
191037 23.5 10.0 16.925 0
191107 23.5 10.0 16.925 0
191138 23.5 10.0 16.925 0
191208 23.5 10.0 16.925 0
191238 23.5 10.0 16.925 0
191308 23.5 10.0 16.925 0
191338 23.5 10.0 16.925 0
191409 23.5 10.0 16.925 0
191442 23.5 10.0 16.925 0
191512 23.5 10.0 16.925 0
191543 23.5 10.0 16.925 0
191613 23.5 10.0 16.925 0
191643 23.5 10.0 16.925 0
191713 23.5 10.0 16.925 0
191743 23.5 10.0 16.925 0
191814 23.5 10.0 16.925 0
191844 23.5 10.0 16.925 0
191915 23.5 10.0 16.925 0
191945 23.5 10.0 16.925 0
192015 23.5 10.0 16.925 0
192045 23.5 10.0 16.925 0
192116 23.5 10.0 16.925 0
192146 23.5 10.0 16.925 0
192216 23.5 10.0 16.925 0
192246 23.5 10.0 16.925 0
192317 23.5 10.0 16.925 0
192347 23.5 10.0 16.925 0
192417 23.5 10.0 16.925 0
192447 23.5 10.0 16.925 0
192517 23.5 10.0 16.925 0
192547 23.5 10.0 16.925 0
192618 23.5 10.0 16.925 0
192648 23.5 10.0 16.925 0
192718 23.437 10.0 16.925 0
192748 23.437 10.0 16.925 0
192818 23.437 10.0 16.925 0
192849 23.437 10.0 16.925 0
192919 23.437 10.0 16.925 0
192950 23.5 10.0 16.925 0
193020 23.5 10.0 16.925 0
193050 23.5 10.0 16.925 0
193121 23.5 10.0 16.925 0
193151 23.5 10.0 16.925 0
193221 23.5 10.0 16.925 0
193251 23.5 10.0 16.925 0
193322 23.5 10.0 16.925 0
193352 23.5 10.0 16.925 0
193422 23.5 10.0 16.925 0
193453 23.5 10.0 16.925 0
193523 23.5 10.0 16.925 0
193553 23.5 10.0 16.925 0
193624 23.5 10.0 16.925 0
193654 23.5 10.0 16.925 0
193724 23.5 10.0 16.925 0
193754 23.5 10.0 16.925 0
193824 23.5 10.0 16.925 0
193855 23.5 10.0 16.925 0
193925 23.5 10.0 16.925 0
193955 23.5 10.0 16.925 0
194025 23.5 10.0 16.925 0
194055 23.5 10.0 16.925 0
194126 23.5 10.0 16.925 0
194156 23.5 10.0 16.925 0
194226 23.375 10.0 16.925 0
194257 23.375 10.0 16.925 0
194327 23.375 10.0 16.925 0
194358 23.375 10.0 16.925 0
194428 23.375 10.0 16.925 0
194458 23.312 10.0 16.925 0
194529 23.312 10.0 16.925 0
194559 23.312 10.0 16.925 0
194629 23.312 10.0 16.925 0
194659 23.312 10.0 16.925 0
194730 23.25 10.0 16.925 0
194800 23.25 10.0 16.925 0
194830 23.25 10.0 16.925 0
194901 23.25 10.0 16.925 0
194931 23.25 10.0 16.925 0
195001 23.25 10.0 16.925 0
195032 23.25 10.0 16.925 0
195102 23.25 10.0 16.925 0
195132 23.25 10.0 16.925 0
195203 23.25 10.0 16.925 0
195233 23.25 10.0 16.925 0
195303 23.25 10.0 16.925 0
195334 23.25 10.0 16.925 0
195404 23.25 10.0 16.925 0
195434 23.25 10.0 16.925 0
195504 23.312 10.0 16.925 0
195534 23.312 10.0 16.925 0
195605 23.312 10.0 16.925 0
195635 23.312 10.0 16.925 0
195705 23.312 10.0 16.925 0
195735 23.312 10.0 16.925 0
195805 23.312 10.0 16.925 0
195836 23.312 10.0 16.925 0
195907 23.312 10.0 16.925 0
195937 23.312 10.0 16.925 0
200008 23.312 10.0 16.925 0
200039 23.312 10.0 16.925 0
200109 23.312 10.0 16.925 0
200139 23.312 10.0 16.925 0
200209 23.312 10.0 16.925 0
200240 23.312 10.0 16.925 0
200310 23.312 10.0 16.925 0
200341 23.312 10.0 16.925 0
200412 23.312 10.0 16.925 0
200442 23.312 10.0 16.925 0
200512 23.312 10.0 16.925 0
200543 23.312 10.0 16.925 0
200613 23.312 10.0 16.987 0
200643 23.312 10.0 16.925 0
200713 23.312 10.0 16.925 0
200744 23.375 10.0 16.925 0
200815 23.375 10.0 16.925 0
200845 23.375 10.0 16.925 0
200916 23.375 10.0 16.925 0
200949 23.375 10.0 16.925 0
201019 23.375 10.0 16.925 0
201050 23.375 10.0 16.925 0
201120 23.375 10.0 16.925 0
201151 23.375 10.0 16.925 0
201221 23.375 10.0 16.925 0
201252 23.375 10.0 16.925 0
201322 23.375 10.0 16.925 0
201353 23.375 10.0 16.925 0
201423 23.375 10.0 16.925 0
201454 23.375 10.0 16.925 0
201524 23.375 10.0 16.987 0
201555 23.375 10.0 16.987 0
201625 23.375 10.0 16.925 0
201656 23.375 10.0 16.987 0
201726 23.375 10.0 16.925 0
201757 23.375 10.0 16.925 0
201827 23.375 10.0 16.925 0
201857 23.375 10.0 16.987 0
201927 23.375 10.0 16.987 0
201958 23.375 10.0 16.925 0
202028 23.375 10.0 16.925 0
202059 23.375 10.0 16.987 0
202130 23.375 10.0 16.925 0
202200 23.375 10.0 16.925 0
202231 23.375 10.0 16.987 0
202302 23.375 10.0 16.925 0
202332 23.375 10.0 16.987 0
202403 23.375 10.0 16.925 0
202434 23.375 10.0 16.925 0
202504 23.375 10.0 16.987 0
202535 23.375 10.0 16.925 0
202606 23.375 10.0 16.987 0
202636 23.375 10.0 16.925 0
202707 23.375 10.0 16.925 0
202737 23.375 10.0 16.925 0
202808 23.375 10.0 16.925 0
202838 23.375 10.0 16.987 0
202909 23.375 10.0 16.925 0
202940 23.375 10.0 16.987 0
203010 23.375 10.0 16.925 0
203040 23.375 10.0 16.925 0
203110 23.375 10.0 16.925 0
203140 23.375 10.0 16.925 0
203210 23.375 10.0 16.987 0
203241 23.375 10.0 16.987 0
203311 23.375 10.0 16.925 0
203342 23.375 10.0 16.925 0
203413 23.375 10.0 16.987 0
203443 23.375 10.0 16.925 0
203513 23.312 10.0 16.987 0
203544 23.312 10.0 16.987 0
203614 23.312 10.0 16.987 0
203645 23.312 10.0 16.987 0
203715 23.312 10.0 16.987 0
203746 23.312 10.0 16.987 0
203816 23.312 10.0 16.987 0
203847 23.312 10.0 16.925 0
203917 23.312 10.0 16.987 0
203947 23.312 10.0 16.987 0
204017 23.312 10.0 16.987 0
204047 23.312 10.0 16.987 0
204118 23.312 10.0 16.987 0
204149 23.312 10.0 16.925 0
204219 23.312 10.0 16.987 0
204250 23.312 10.0 16.987 0
204320 23.312 10.0 16.987 0
204351 23.312 10.0 16.987 0
204421 23.312 10.0 16.987 0
204454 23.312 10.0 16.925 0
204524 23.312 10.0 16.987 0
204554 23.312 10.0 16.925 0
204625 23.312 10.0 16.987 0
204655 23.312 10.0 16.987 0
204725 23.312 10.0 16.925 0
204756 23.312 10.0 16.987 0
204826 23.312 10.0 16.987 0
204856 23.312 10.0 16.987 0
204926 23.312 10.0 16.987 0
204956 23.25 10.0 16.987 0
205027 23.25 10.0 16.925 0
205057 23.25 10.0 16.987 0
205128 23.25 10.0 16.987 0
205158 23.25 10.0 16.987 0
205229 23.25 10.0 16.987 0
205259 23.25 10.0 16.987 0
205330 23.25 10.0 16.987 0
205401 23.25 10.0 16.987 0
205431 23.25 10.0 16.987 0
205502 23.187 10.0 16.987 0
205532 23.187 10.0 16.987 0
205602 23.187 10.0 16.925 0
205633 23.187 10.0 16.987 0
205703 23.187 10.0 16.987 0
205733 23.25 10.0 16.987 0
205803 23.25 10.0 16.987 0
205834 23.25 10.0 16.987 0
205904 23.25 10.0 16.987 0
205934 23.25 10.0 16.987 0
210004 23.25 10.0 16.925 0
210034 23.25 10.0 16.987 0
210105 23.25 10.0 16.987 0
210135 23.25 10.0 16.987 0
210206 23.25 10.0 16.925 0
210236 23.25 10.0 16.987 0
210306 23.25 10.0 16.987 0
210337 23.25 10.0 16.987 0
210407 23.25 10.0 16.987 0
210438 23.25 10.0 16.987 0
210508 23.25 10.0 16.987 0
210539 23.25 10.0 16.987 0
210609 23.25 10.0 16.987 0
210639 23.25 10.0 16.987 0
210710 23.25 10.0 16.987 0
210740 23.25 10.0 16.987 0
210810 23.25 10.0 16.987 0
210841 23.25 10.0 16.987 0
210911 23.25 10.0 16.987 0
210941 23.25 10.0 16.987 0
211012 23.25 10.0 16.987 0
211043 23.25 10.0 16.987 0
211113 23.25 10.0 16.987 0
211144 23.25 10.0 16.987 0
211214 23.25 10.0 16.987 0
211244 23.25 10.0 16.987 0
211314 23.25 10.0 16.987 0
211345 23.25 10.0 16.987 0
211415 23.25 10.0 16.987 0
211445 23.25 10.0 16.987 0
211516 23.25 10.0 16.987 0
211546 23.25 10.0 16.987 0
211617 23.25 10.0 16.987 0
211647 23.25 10.0 16.987 0
211718 23.25 10.0 16.987 0
211748 23.25 10.0 16.987 0
211819 23.25 10.0 16.987 0
211849 23.25 10.0 16.987 0
211920 23.25 10.0 16.987 0
211951 23.25 10.0 16.987 0
212021 23.312 10.0 16.987 0
212052 23.312 10.0 16.987 0
212122 23.312 10.0 16.987 0
212152 23.312 10.0 16.987 0
212223 23.312 10.0 16.987 0
212253 23.312 10.0 16.987 0
212323 23.312 10.0 16.987 0
212353 23.312 10.0 16.987 0
212423 23.312 10.0 16.925 0
212453 23.312 10.0 16.987 0
212524 23.312 10.0 16.987 0
212554 23.312 10.0 16.987 0
212625 23.312 10.0 16.987 0
212655 23.312 10.0 16.987 0
212725 23.312 10.0 16.987 0
212756 23.375 10.0 16.987 0
212827 23.375 10.0 16.987 0
212857 23.375 10.0 16.987 0
212927 23.375 10.0 16.987 0
212959 23.375 10.0 16.987 0
213030 23.375 10.0 16.987 0
213100 23.375 10.0 16.987 0
213130 23.375 10.0 16.987 0
213201 23.375 10.0 16.987 0
213232 23.375 10.0 16.987 0
213302 23.375 10.0 16.987 0
213332 23.375 10.0 16.987 0
213402 23.375 10.0 16.987 0
213432 23.375 10.0 16.987 0
213503 23.437 10.0 16.987 0
213533 23.437 10.0 16.987 0
213603 23.437 10.0 16.987 0
213634 23.437 10.0 16.987 0
213705 23.437 10.0 16.987 0
213735 23.437 10.0 16.987 0
213806 23.437 10.0 16.987 0
213836 23.437 10.0 16.987 0
213906 23.437 10.0 16.987 0
213937 23.437 10.0 16.987 0
214007 23.437 10.0 16.987 0
214038 23.437 10.0 16.987 0
214108 23.437 10.0 16.987 0
214138 23.437 10.0 16.987 0
214208 23.437 10.0 16.987 0
214239 23.437 10.0 16.987 0
214309 23.437 10.0 16.987 0
214339 23.437 10.0 16.987 0
214409 23.437 10.0 16.987 0
214440 23.437 10.0 16.987 0
214510 23.437 10.0 16.987 0
214540 23.437 10.0 16.987 0
214611 23.437 10.0 16.987 0
214641 23.437 10.0 16.987 0
214712 23.437 10.0 16.987 0
214743 23.437 10.0 16.987 0
214813 23.437 10.0 16.987 0
214843 23.437 10.0 16.987 0
214914 23.437 10.0 16.987 0
214944 23.437 10.0 16.987 0
215015 23.5 10.0 16.987 0
215045 23.5 10.0 16.987 0
215115 23.5 10.0 16.987 0
215146 23.5 10.0 16.987 0
215216 23.5 10.0 16.987 0
215246 23.5 10.0 16.987 0
215317 23.5 10.0 16.987 0
215348 23.5 10.0 16.987 0
215418 23.5 10.0 16.987 0
215448 23.5 10.0 16.987 0
215519 23.437 10.0 16.987 0
215549 23.437 10.0 16.987 0
215620 23.437 10.0 16.987 0
215651 23.437 10.0 16.987 0
215721 23.437 10.0 16.987 0
215751 23.5 10.0 16.987 0
215821 23.5 10.0 16.987 0
215852 23.5 10.0 16.987 0
215922 23.5 10.0 16.987 0
215952 23.5 10.0 16.987 0
220022 23.5 10.0 16.987 0
220053 23.5 10.0 16.987 0
220124 23.5 10.0 16.987 0
220154 23.5 10.0 16.987 0
220225 23.5 10.0 16.987 0
220255 23.437 10.0 16.987 0
220326 23.437 10.0 16.987 0
220356 23.437 10.0 16.987 0
220426 23.437 10.0 16.987 0
220457 23.437 10.0 16.987 0
220528 23.5 10.0 16.987 0
220559 23.5 10.0 16.987 0
220629 23.5 10.0 16.987 0
220700 23.5 10.0 16.987 0
220732 23.5 10.0 16.987 0
220802 23.5 10.0 16.987 0
220832 23.5 10.0 16.987 0
220902 23.5 10.0 16.987 0
220933 23.5 10.0 16.987 0
221003 23.5 10.0 16.987 0
221033 23.5 10.0 16.987 0
221104 23.5 10.0 16.987 0
221134 23.5 10.0 16.987 0
221204 23.5 10.0 16.987 0
221234 23.5 10.0 16.987 0
221305 23.5 10.0 16.987 0
221336 23.5 10.0 16.987 0
221406 23.5 10.0 16.987 0
221436 23.5 10.0 16.987 0
221506 23.5 10.0 16.987 0
221537 23.5 10.0 16.987 0
221608 23.5 10.0 16.987 0
221638 23.5 10.0 16.987 0
221709 23.5 10.0 16.987 0
221739 23.5 10.0 16.987 0
221810 23.5 10.0 16.987 0
221840 23.5 10.0 16.987 0
221910 23.5 10.0 16.987 0
221940 23.5 10.0 16.987 0
222011 23.562 10.0 16.987 0
222041 23.562 10.0 16.987 0
222112 23.562 10.0 16.987 0
222142 23.562 10.0 16.987 0
222213 23.562 10.0 16.987 0
222243 23.562 10.0 16.987 0
222313 23.562 10.0 16.987 0
222344 23.562 10.0 16.987 0
222414 23.562 10.0 16.987 0
222445 23.562 10.0 16.987 0
222515 23.562 10.0 16.987 0
222545 23.562 10.0 16.987 0
222615 23.562 10.0 16.987 0
222646 23.562 10.0 16.987 0
222716 23.562 10.0 16.987 0
222746 23.562 10.0 16.987 0
222816 23.562 10.0 16.987 0
222847 23.562 10.0 16.987 0
222917 23.562 10.0 16.987 0
222948 23.562 10.0 16.987 0
223018 23.562 10.0 16.987 0
223048 23.562 10.0 16.987 0
223119 23.562 10.0 16.987 0
223150 23.562 10.0 16.987 0
223221 23.562 10.0 16.987 0
223251 23.562 10.0 16.987 0
223321 23.562 10.0 16.987 0
223352 23.562 10.0 16.987 0
223422 23.562 10.0 16.987 0
223453 23.562 10.0 16.987 0
223523 23.5 10.0 16.987 0
223553 23.5 10.0 16.987 0
223624 23.5 10.0 16.987 0
223655 23.5 10.0 16.987 0
223725 23.5 10.0 16.987 0
223755 23.5 10.0 16.987 0
223825 23.5 10.0 16.987 0
223856 23.5 10.0 16.987 0
223927 23.5 10.0 16.987 0
223957 23.5 10.0 16.987 0
224027 23.5 10.0 16.987 0
224058 23.5 10.0 16.987 0
224128 23.5 10.0 16.987 0
224158 23.5 10.0 16.987 0
224229 23.5 10.0 16.987 0
224259 23.5 10.0 16.987 0
224329 23.5 10.0 16.987 0
224400 23.5 10.0 16.987 0
224430 23.5 10.0 16.987 0
224501 23.5 10.0 16.987 0
224532 23.5 10.0 16.987 0
224602 23.5 10.0 16.987 0
224633 23.5 10.0 16.987 0
224703 23.5 10.0 16.987 0
224734 23.5 10.0 16.987 0
224804 23.5 10.0 16.987 0
224834 23.5 10.0 16.987 0
224904 23.5 10.0 16.987 0
224934 23.5 10.0 16.987 0
225007 23.5 10.0 16.987 0
225038 23.5 10.0 16.987 0
225108 23.5 10.0 16.987 0
225138 23.5 10.0 16.987 0
225209 23.5 10.0 16.987 0
225239 23.5 10.0 16.987 0
225309 23.5 10.0 16.987 0
225340 23.5 10.0 16.987 0
225410 23.5 10.0 16.987 0
225440 23.5 10.0 16.987 0
225511 23.5 10.0 16.987 0
225542 23.5 10.0 16.987 0
225612 23.5 10.0 16.987 0
225642 23.5 10.0 16.987 0
225712 23.5 10.0 16.987 0
225743 23.5 10.0 16.987 0
225814 23.5 10.0 16.987 0
225844 23.5 10.0 16.987 0
225915 23.5 10.0 16.987 0
225945 23.5 10.0 16.987 0
230016 23.5 10.0 16.987 0
230046 23.5 10.0 16.987 0
230116 23.5 10.0 16.987 0
230146 23.5 10.0 16.987 0
230217 23.5 10.0 16.987 0
230247 23.562 10.0 16.987 0
230317 23.562 10.0 16.987 0
230348 23.562 10.0 16.987 0
230418 23.562 10.0 16.987 0
230449 23.562 10.0 16.987 0
230519 23.562 10.0 16.987 0
230550 23.562 10.0 16.987 0
230620 23.562 10.0 16.987 0
230650 23.562 10.0 16.987 0
230720 23.562 10.0 16.987 0
230751 23.562 10.0 16.987 0
230822 23.562 10.0 16.987 0
230852 23.562 10.0 16.987 0
230922 23.562 10.0 16.987 0
230953 23.562 10.0 16.987 0
231023 23.562 10.0 16.987 0
231054 23.562 10.0 16.987 0
231124 23.562 10.0 16.987 0
231155 23.562 10.0 16.987 0
231225 23.562 10.0 16.987 0
231255 23.625 10.0 16.987 0
231326 23.625 10.0 16.987 0
231357 23.625 10.0 16.987 0
231427 23.625 10.0 16.987 0
231458 23.625 10.0 16.987 0
231528 23.625 10.0 16.987 0
231558 23.625 10.0 16.987 0
231628 23.625 10.0 16.987 0
231658 23.625 10.0 16.987 0
231728 23.625 10.0 16.987 0
231759 23.625 10.0 16.987 0
231829 23.625 10.0 16.987 0
231900 23.625 10.0 16.987 0
231930 23.625 10.0 16.987 0
232001 23.625 10.0 16.987 0
232031 23.625 10.0 16.987 0
232102 23.625 10.0 16.987 0
232132 23.625 10.0 16.987 0
232202 23.625 10.0 16.987 0
232233 23.625 10.0 16.987 0
232303 23.625 10.0 16.987 0
232333 23.625 10.0 16.987 0
232403 23.625 10.0 16.987 0
232434 23.625 10.0 16.987 0
232505 23.625 10.0 16.987 0
232535 23.625 10.0 16.987 0
232605 23.625 10.0 16.987 0
232636 23.625 10.0 16.987 0
232706 23.625 10.0 16.987 0
232737 23.625 10.0 16.987 0
232807 23.625 10.0 16.987 0
232837 23.625 10.0 16.987 0
232908 23.625 10.0 16.987 0
232939 23.625 10.0 16.987 0
233009 23.625 10.0 16.987 0
233039 23.625 10.0 16.987 0
233109 23.625 10.0 16.987 0
233140 23.625 10.0 16.987 0
233210 23.625 10.0 16.987 0
233241 23.625 10.0 16.987 0
233311 23.625 10.0 16.987 0
233342 23.625 10.0 16.987 0
233412 23.625 10.0 16.987 0
233442 23.625 10.0 16.987 0
233515 23.625 10.0 16.987 0
233545 23.625 10.0 16.987 0
233615 23.625 10.0 16.987 0
233645 23.625 10.0 16.987 0
233715 23.625 10.0 16.987 0
233746 23.625 10.0 16.987 0
233816 23.625 10.0 16.987 0
233847 23.625 10.0 16.987 0
233917 23.625 10.0 16.987 0
233947 23.625 10.0 16.987 0
234018 23.625 10.0 16.987 0
234048 23.625 10.0 16.987 0
234119 23.625 10.0 16.987 0
234149 23.625 10.0 16.987 0
234220 23.625 10.0 16.987 0
234251 23.625 10.0 16.987 0
234321 23.625 10.0 16.987 0
234351 23.625 10.0 16.987 0
234422 23.625 10.0 16.987 0
234452 23.625 10.0 16.987 0
234522 23.625 10.0 16.987 0
234553 23.625 10.0 16.987 0
234624 23.625 10.0 16.987 0
234655 23.625 10.0 16.987 0
234725 23.625 10.0 16.987 0
234755 23.625 10.0 16.987 0
234826 23.625 10.0 16.987 0
234857 23.625 10.0 16.987 0
234928 23.625 10.0 16.987 0
234958 23.625 10.0 16.987 0
235029 23.625 10.0 16.987 0
235059 23.625 10.0 16.987 0
235130 23.625 10.0 16.987 0
235200 23.625 10.0 16.987 0
235230 23.625 10.0 16.987 0
235301 23.625 10.0 16.987 0
235331 23.625 10.0 16.987 0
235401 23.625 10.0 16.987 0
235432 23.625 10.0 16.987 0
235503 23.625 10.0 16.987 0
235533 23.625 10.0 16.987 0
235604 23.625 10.0 16.987 0
235635 23.625 10.0 16.987 0
235705 23.625 10.0 16.987 0
235736 23.625 10.0 16.987 0
235807 23.625 10.0 16.987 0
235837 23.625 10.0 16.987 0
