235925 21.625 10.0 62.55 0
235956 21.625 10.0 62.487 0
000026 21.625 10.0 62.362 0
000056 21.625 10.0 62.3 0
000127 21.625 10.0 62.237 0
000158 21.625 10.0 62.175 0
000228 21.625 10.0 62.112 0
000259 21.625 10.0 62.05 0
000330 21.562 10.0 61.925 0
000400 21.562 10.0 61.862 0
000431 21.562 10.0 61.8 0
000501 21.562 10.0 61.737 0
000532 21.562 10.0 61.675 0
000602 21.5 10.0 61.612 0
000633 21.5 10.0 61.55 0
000703 21.5 10.0 61.487 0
000734 21.5 10.0 61.425 0
000804 21.5 10.0 61.362 0
000835 21.5 10.0 61.3 0
000905 21.5 10.0 61.237 0
000936 21.5 10.0 61.175 0
001006 21.5 10.0 61.112 0
001037 21.5 10.0 61.05 0
001108 21.437 10.0 60.8 0
001138 21.437 10.0 60.362 0
001209 21.437 10.0 59.612 0
001240 21.437 10.0 58.737 0
001310 21.437 10.0 57.987 0
001341 21.375 10.0 57.55 0
001411 21.375 10.0 57.237 0
001442 21.375 10.0 56.987 0
001512 21.375 10.0 56.862 0
001543 21.375 10.0 56.8 0
001614 21.312 10.0 56.737 0
001644 21.312 10.0 56.737 0
001715 21.312 10.0 56.925 0
001745 21.312 10.0 57.175 0
001815 21.312 10.0 57.675 0
001846 21.312 10.0 58.487 0
001916 21.312 10.0 59.55 0
001947 21.312 10.0 60.737 0
002017 21.312 10.0 61.925 0
002048 21.312 10.0 63.112 0
002119 21.25 10.0 63.987 0
002149 21.25 10.0 64.737 0
002220 21.25 10.0 65.362 0
002250 21.25 10.0 65.8 0
002322 21.312 10.0 66.112 0
002353 21.312 10.0 66.425 0
002423 21.312 10.0 66.675 0
002453 21.312 10.0 66.862 0
002524 21.312 10.0 67.05 0
002555 21.312 10.0 67.175 0
002625 21.312 10.0 67.3 0
002656 21.312 10.0 67.425 0
002726 21.312 10.0 67.55 0
002757 21.312 10.0 67.612 0
002828 21.187 10.0 67.737 0
002858 21.187 10.0 67.862 0
002929 21.187 10.0 67.987 0
003000 21.187 10.0 68.05 0
003030 21.187 10.0 68.175 0
003101 21.125 10.0 68.237 0
003131 21.125 10.0 68.3 0
003202 21.125 10.0 68.362 0
003232 21.125 10.0 68.425 0
003302 21.125 10.0 68.425 0
003332 21.062 10.0 68.487 0
003403 21.062 10.0 68.487 0
003433 21.062 10.0 68.55 0
003504 21.062 10.0 68.55 0
003535 21.062 10.0 68.612 0
003606 21.125 10.0 68.612 0
003636 21.125 10.0 68.675 0
003707 21.125 10.0 68.737 0
003738 21.125 10.0 68.737 0
003808 21.125 10.0 68.8 0
003839 21.062 10.0 68.8 0
003909 21.062 10.0 68.862 0
003940 21.062 10.0 68.862 0
004010 21.062 10.0 68.925 0
004041 21.062 10.0 68.925 0
004112 21.062 10.0 68.987 0
004142 21.062 10.0 68.987 0
004213 21.062 10.0 69.05 0
004244 21.062 10.0 69.05 0
004315 21.062 10.0 69.112 0
004345 21.062 10.0 69.175 0
004415 21.062 10.0 69.175 0
004446 21.062 10.0 69.237 0
004516 21.062 10.0 69.237 0
004547 21.062 10.0 69.3 0
004617 21.062 10.0 69.237 0
004648 21.062 10.0 69.237 0
004719 21.062 10.0 69.3 0
004749 21.062 10.0 69.3 0
004819 21.062 10.0 69.3 0
004850 21.062 10.0 69.3 0
004921 21.062 10.0 69.362 0
004951 21.062 10.0 69.362 0
005022 21.062 10.0 69.425 0
005055 20.937 10.0 69.487 0
005125 20.937 10.0 69.487 0
005155 20.937 10.0 69.487 0
005226 20.937 10.0 69.55 0
005257 20.937 10.0 69.55 0
005327 20.875 10.0 69.55 0
005358 20.875 10.0 69.55 0
005429 20.875 10.0 69.612 0
005459 20.875 10.0 69.612 0
005530 20.875 10.0 69.612 0
005601 20.812 10.0 69.612 0
005631 20.812 10.0 69.612 0
005702 20.812 10.0 69.612 0
005733 20.812 10.0 69.612 0
005803 20.812 10.0 69.612 0
005834 20.812 10.0 69.612 0
005904 20.812 10.0 69.612 0
005934 20.812 10.0 69.612 0
010005 20.812 10.0 69.612 0
010035 20.812 10.0 69.675 0
010106 20.687 10.0 69.675 0
010136 20.687 10.0 69.675 0
010207 20.687 10.0 69.675 0
010238 20.687 10.0 69.675 0
010308 20.687 10.0 69.675 0
010339 20.687 10.0 69.675 0
010410 20.687 10.0 69.675 0
010440 20.687 10.0 69.675 0
010511 20.687 10.0 69.675 0
010542 20.687 10.0 69.675 0
010613 20.687 10.0 69.675 0
010643 20.687 10.0 69.675 0
010714 20.687 10.0 69.675 0
010745 20.687 10.0 69.675 0
010815 20.687 10.0 69.675 0
010845 20.625 10.0 69.737 0
010915 20.625 10.0 69.737 0
010946 20.625 10.0 69.737 0
011016 20.625 10.0 69.737 0
011046 20.625 10.0 69.737 0
011117 20.687 10.0 69.675 0
011148 20.687 10.0 69.675 0
011218 20.687 10.0 69.675 0
011249 20.687 10.0 69.737 0
011319 20.687 10.0 69.675 0
011350 20.625 10.0 69.675 0
011421 20.625 10.0 69.675 0
011452 20.625 10.0 69.675 0
011522 20.625 10.0 69.675 0
011553 20.625 10.0 69.675 0
011624 20.625 10.0 69.675 0
011654 20.625 10.0 69.675 0
011725 20.625 10.0 69.675 0
011755 20.625 10.0 69.612 0
011828 20.562 10.0 69.675 0
011859 20.562 10.0 69.675 0
011930 20.562 10.0 69.612 0
012000 20.562 10.0 69.675 0
012031 20.562 10.0 69.675 0
012101 20.5 10.0 69.675 0
012132 20.5 10.0 69.612 0
012202 20.5 10.0 69.612 0
012232 20.5 10.0 69.675 0
012303 20.5 10.0 69.737 0
012333 20.5 10.0 69.925 0
012403 20.5 10.0 69.925 0
012434 20.5 10.0 69.987 0
012505 20.5 10.0 69.925 0
012535 20.5 10.0 69.987 0
012606 20.437 10.0 70.05 50
012636 20.437 10.0 70.112 50
012706 20.437 10.0 70.112 50
012737 20.437 10.0 70.112 50
012807 20.437 10.0 70.175 50
012837 20.437 10.0 70.175 50
012908 20.437 10.0 70.175 50
012939 20.437 10.0 70.175 50
013009 20.437 10.0 70.112 50
013040 20.437 10.0 70.05 50
013111 20.625 10.0 69.987 50
013141 20.625 10.0 69.987 0
013212 20.625 10.0 69.925 0
013242 20.625 10.0 69.862 0
013312 20.625 10.0 69.862 0
013342 21.0 10.0 69.8 0
013413 21.0 10.0 69.8 0
013443 21.0 10.0 69.737 0
013514 21.0 10.0 69.737 0
013545 21.0 10.0 69.675 0
013616 21.125 10.0 69.675 0
013646 21.125 10.0 69.675 0
013717 21.125 10.0 69.675 0
013747 21.125 10.0 69.612 0
013818 21.125 10.0 69.612 0
013848 20.937 10.0 69.612 0
013919 20.937 10.0 69.55 0
013950 20.937 10.0 69.55 0
014020 20.937 10.0 69.55 0
014051 20.937 10.0 69.55 0
014122 20.562 10.0 69.487 0
014152 20.562 10.0 69.487 0
014223 20.562 10.0 69.425 0
014253 20.562 10.0 69.425 0
014323 20.562 10.0 69.425 0
014354 20.25 10.0 69.425 0
014425 20.25 10.0 69.362 0
014455 20.25 10.0 69.362 0
014526 20.25 10.0 69.3 0
014557 20.25 10.0 69.3 0
014627 20.0 10.0 69.3 0
014658 20.0 10.0 69.237 0
014728 20.0 10.0 69.237 0
014759 20.0 10.0 69.237 0
014830 20.0 10.0 69.175 0
014900 19.812 10.0 69.175 0
014931 19.812 10.0 69.112 0
015002 19.812 10.0 69.112 0
015033 19.812 10.0 69.05 0
015103 19.625 10.0 68.987 0
015134 19.625 10.0 68.925 0
015205 19.625 10.0 68.862 0
015235 19.625 10.0 68.8 0
015306 19.625 10.0 68.737 0
015337 19.5 10.0 68.737 0
015407 19.5 10.0 68.675 0
015438 19.5 10.0 68.612 0
015509 19.5 10.0 68.612 0
015539 19.5 10.0 68.55 0
015610 19.375 10.0 68.487 0
015640 19.375 10.0 68.487 0
015711 19.375 10.0 68.425 0
015742 19.375 10.0 68.362 0
015812 19.375 10.0 68.362 0
015843 19.25 10.0 68.3 0
015914 19.25 10.0 68.3 0
015944 19.25 10.0 68.237 0
020015 19.25 10.0 68.175 0
020045 19.25 10.0 68.175 0
020116 19.187 10.0 68.112 0
020147 19.187 10.0 68.05 0
020218 19.187 10.0 67.987 0
020248 19.187 10.0 67.987 0
020319 19.187 10.0 67.925 0
020350 19.125 10.0 67.862 0
020420 19.125 10.0 67.862 0
020451 19.125 10.0 67.8 0
020521 19.125 10.0 67.737 0
020552 19.125 10.0 67.737 0
020623 19.062 10.0 67.675 0
020653 19.062 10.0 67.612 0
020724 19.062 10.0 67.612 0
020755 19.062 10.0 67.55 0
020825 19.062 10.0 67.487 0
020855 19.0 10.0 67.425 0
020926 19.0 10.0 67.362 0
020956 19.0 10.0 67.3 0
021027 19.0 10.0 67.112 0
021058 19.0 10.0 66.862 0
021128 18.937 10.0 66.675 0
021159 18.937 10.0 66.55 0
021230 18.937 10.0 66.425 0
021300 18.937 10.0 66.3 0
021331 18.937 10.0 66.237 0
021402 18.875 10.0 66.175 0
021432 18.875 10.0 66.112 0
021502 18.875 10.0 66.05 0
021533 18.875 10.0 65.987 0
021604 18.875 10.0 65.925 0
021634 18.812 10.0 65.862 0
021705 18.812 10.0 65.8 0
021735 18.812 10.0 65.737 0
021806 18.812 10.0 65.675 0
021838 18.75 10.0 65.612 0
021908 18.75 10.0 65.55 0
021939 18.75 10.0 65.487 0
022010 18.75 10.0 65.425 0
022040 18.75 10.0 65.362 0
022111 18.687 10.0 65.3 0
022142 18.687 10.0 65.237 0
022212 18.687 10.0 65.175 0
022243 18.687 10.0 65.112 0
022314 18.687 10.0 65.05 0
022344 18.687 10.0 64.987 0
022414 18.687 10.0 64.987 0
022445 18.687 10.0 64.925 0
022516 18.687 10.0 64.862 0
022546 18.687 10.0 64.8 0
022616 18.625 10.0 64.8 0
022647 18.625 10.0 64.737 0
022717 18.625 10.0 64.675 0
022748 18.625 10.0 64.675 0
022818 18.625 10.0 64.612 0
022848 18.562 10.0 64.55 0
022919 18.562 10.0 64.425 0
022950 18.562 10.0 64.175 0
023020 18.562 10.0 63.8 0
023051 18.562 10.0 63.425 0
023121 18.562 10.0 63.175 0
023151 18.562 10.0 63.05 0
023222 18.562 10.0 62.925 0
023253 18.562 10.0 62.8 0
023323 18.562 10.0 62.737 0
023353 18.5 10.0 62.675 0
023424 18.5 10.0 62.55 0
023454 18.5 10.0 62.487 0
023524 18.5 10.0 62.425 0
023555 18.5 10.0 62.425 0
023626 18.5 10.0 62.3 0
023656 18.5 10.0 62.3 0
023726 18.5 10.0 62.237 0
023757 18.5 10.0 62.175 0
023828 18.5 10.0 62.112 0
023858 18.437 10.0 62.05 0
023928 18.437 10.0 61.987 0
023959 18.437 10.0 61.925 0
024030 18.437 10.0 61.862 0
024100 18.437 10.0 61.8 0
024131 18.375 10.0 61.737 0
024202 18.375 10.0 61.675 0
024232 18.375 10.0 61.612 0
024303 18.375 10.0 61.55 0
024333 18.375 10.0 61.55 0
024404 18.375 10.0 61.487 0
024435 18.375 10.0 61.425 0
024506 18.375 10.0 61.362 0
024536 18.375 10.0 61.3 0
024607 18.375 10.0 61.237 0
024637 18.312 10.0 61.175 0
024708 18.312 10.0 61.112 0
024738 18.312 10.0 60.862 0
024809 18.312 10.0 60.487 0
024842 18.312 10.0 59.925 0
024913 18.312 10.0 59.362 0
024943 18.312 10.0 58.987 0
025013 18.312 10.0 58.737 0
025044 18.312 10.0 58.55 0
025115 18.25 10.0 58.425 0
025145 18.25 10.0 58.3 0
025216 18.25 10.0 58.237 0
025246 18.25 10.0 58.175 0
025317 18.25 10.0 58.112 0
025348 18.25 10.0 58.05 0
025418 18.25 10.0 57.987 0
025448 18.25 10.0 57.987 0
025519 18.25 10.0 57.925 0
025549 18.25 10.0 57.862 0
025620 18.25 10.0 57.8 0
025650 18.25 10.0 57.8 0
025720 18.25 10.0 57.737 0
025751 18.25 10.0 57.737 0
025822 18.25 10.0 57.675 0
025852 18.187 10.0 57.612 0
025923 18.187 10.0 57.55 0
025954 18.187 10.0 57.55 0
030024 18.187 10.0 57.487 0
030055 18.187 10.0 57.425 0
030125 18.125 10.0 57.425 0
030156 18.125 10.0 57.362 0
030227 18.125 10.0 57.362 0
030257 18.125 10.0 57.362 0
030327 18.125 10.0 57.3 0
030357 18.125 10.0 57.237 0
030428 18.125 10.0 57.112 0
030458 18.125 10.0 56.925 0
030529 18.125 10.0 56.737 0
030600 18.125 10.0 56.612 0
030630 18.125 10.0 56.487 0
030701 18.125 10.0 56.487 0
030731 18.125 10.0 56.675 0
030802 18.125 10.0 57.175 0
030832 18.125 10.0 57.862 0
030902 18.062 10.0 58.675 0
030933 18.062 10.0 59.675 0
031003 18.062 10.0 60.675 0
031034 18.062 10.0 61.862 0
031105 18.062 10.0 62.925 0
031135 18.062 10.0 63.8 0
031206 18.062 10.0 64.487 0
031236 18.062 10.0 65.05 0
031307 18.062 10.0 65.55 0
031338 18.062 10.0 65.987 0
031409 18.0 10.0 66.362 0
031439 18.0 10.0 66.612 0
031510 18.0 10.0 66.8 0
031541 18.0 10.0 66.987 0
031611 18.0 10.0 67.112 0
031642 18.0 10.0 67.3 0
031712 18.0 10.0 67.425 0
031743 18.0 10.0 67.487 0
031813 18.0 10.0 67.612 0
031846 18.0 10.0 67.737 0
031916 18.0 10.0 67.8 0
031947 18.0 10.0 67.925 0
032017 18.0 10.0 68.05 0
032048 18.0 10.0 68.112 0
032119 17.937 10.0 68.237 0
032149 17.937 10.0 68.3 0
032220 17.937 10.0 68.362 0
032251 17.937 10.0 68.425 0
032321 17.937 10.0 68.487 0
032352 17.937 10.0 68.425 0
032423 17.937 10.0 68.487 0
032453 17.937 10.0 68.487 0
032524 17.937 10.0 68.55 0
032554 17.937 10.0 68.612 0
032625 17.937 10.0 68.612 0
032656 17.937 10.0 68.675 0
032726 17.937 10.0 68.737 0
032757 17.937 10.0 68.737 0
032827 17.937 10.0 68.8 0
032858 17.875 10.0 68.862 0
032928 17.875 10.0 68.862 0
032959 17.875 10.0 68.925 0
033029 17.875 10.0 68.925 0
033100 17.875 10.0 68.987 0
033130 17.875 10.0 68.987 0
033201 17.875 10.0 69.05 0
033231 17.875 10.0 69.05 0
033301 17.875 10.0 69.112 0
033332 17.875 10.0 69.112 0
033402 17.875 10.0 69.175 0
033433 17.875 10.0 69.175 0
033503 17.875 10.0 69.237 0
033534 17.875 10.0 69.3 0
033605 17.875 10.0 69.3 0
033635 17.812 10.0 69.362 0
033706 17.812 10.0 69.362 0
033736 17.812 10.0 69.362 0
033807 17.812 10.0 69.362 0
033838 17.812 10.0 69.425 0
033908 17.812 10.0 69.425 0
033939 17.812 10.0 69.487 0
034009 17.812 10.0 69.487 0
034040 17.812 10.0 69.55 0
034110 17.812 10.0 69.55 0
034141 17.75 10.0 69.55 0
034211 17.75 10.0 69.612 0
034242 17.75 10.0 69.612 0
034312 17.75 10.0 69.675 0
034343 17.75 10.0 69.675 0
034414 17.75 10.0 69.675 0
034445 17.75 10.0 69.675 0
034515 17.75 10.0 69.737 0
034546 17.75 10.0 69.737 0
034617 17.75 10.0 69.8 0
034647 17.75 10.0 69.8 0
034718 17.75 10.0 69.8 0
034749 17.75 10.0 69.8 0
034819 17.75 10.0 69.862 0
034851 17.687 10.0 69.862 0
034921 17.687 10.0 69.862 0
034952 17.687 10.0 69.862 0
035022 17.687 10.0 69.862 0
035053 17.687 10.0 69.862 0
035124 17.687 10.0 69.862 0
035154 17.687 10.0 69.862 0
035225 17.687 10.0 69.862 0
035256 17.687 10.0 69.925 0
035327 17.687 10.0 69.925 0
035357 17.687 10.0 69.925 0
035428 17.687 10.0 69.925 0
035458 17.687 10.0 69.925 0
035529 17.687 10.0 69.925 0
035600 17.687 10.0 69.925 0
035630 17.687 10.0 69.925 0
035700 17.687 10.0 69.925 0
035731 17.687 10.0 69.925 0
035802 17.687 10.0 69.925 0
035833 17.687 10.0 69.737 0
035903 17.625 10.0 69.8 0
035934 17.625 10.0 69.8 0
040004 17.625 10.0 69.8 0
040034 17.625 10.0 69.8 0
040105 17.625 10.0 69.8 0
040136 17.625 10.0 69.8 0
040206 17.625 10.0 69.8 0
040237 17.625 10.0 69.8 0
040307 17.625 10.0 69.8 0
040338 17.625 10.0 69.8 0
040408 17.625 10.0 69.737 0
040439 17.625 10.0 69.737 0
040509 17.625 10.0 69.737 0
040540 17.625 10.0 69.737 0
040610 17.625 10.0 69.737 0
040641 17.562 10.0 69.737 0
040712 17.562 10.0 69.737 0
040742 17.562 10.0 69.737 0
040813 17.562 10.0 69.737 0
040843 17.562 10.0 69.737 0
040914 17.562 10.0 69.675 0
040945 17.562 10.0 69.675 0
041015 17.562 10.0 69.675 0
041046 17.562 10.0 69.675 0
041117 17.562 10.0 69.675 0
041147 17.562 10.0 69.675 0
041217 17.562 10.0 69.675 0
041248 17.562 10.0 69.737 0
041319 17.562 10.0 69.862 0
041349 17.562 10.0 69.987 0
041420 17.5 10.0 70.05 50
041451 17.5 10.0 70.112 50
041521 17.5 10.0 70.175 50
041552 17.5 10.0 70.175 50
041624 17.5 10.0 70.237 50
041654 17.5 10.0 70.237 50
041725 17.5 10.0 70.237 50
041755 17.5 10.0 70.237 50
041825 17.5 10.0 70.175 50
041856 17.5 10.0 70.175 50
041926 17.5 10.0 70.112 50
041957 17.5 10.0 69.987 0
042028 17.5 10.0 69.862 0
042058 17.5 10.0 69.8 0
042129 17.562 10.0 69.675 0
042159 17.562 10.0 69.612 0
042230 17.562 10.0 69.55 0
042300 17.562 10.0 69.487 0
042331 17.562 10.0 69.425 0
042402 17.687 10.0 69.362 0
042432 17.687 10.0 69.3 0
042503 17.687 10.0 69.3 0
042533 17.687 10.0 69.237 0
042604 17.687 10.0 69.175 0
042635 17.812 10.0 69.175 0
042705 17.812 10.0 69.112 0
042736 17.812 10.0 69.05 0
042807 17.812 10.0 69.05 0
042837 17.812 10.0 68.987 0
042908 17.875 10.0 68.987 0
042938 17.875 10.0 68.925 0
043009 17.875 10.0 68.862 0
043040 17.875 10.0 68.862 0
043110 17.875 10.0 68.8 0
043141 17.875 10.0 68.737 0
043211 17.875 10.0 68.737 0
043242 17.875 10.0 68.675 0
043313 17.875 10.0 68.675 0
043343 17.875 10.0 68.612 0
043414 17.875 10.0 68.55 0
043445 17.875 10.0 68.55 0
043515 17.875 10.0 68.487 0
043546 17.875 10.0 68.487 0
043617 17.875 10.0 68.425 0
043647 17.875 10.0 68.362 0
043717 17.875 10.0 68.362 0
043748 17.875 10.0 68.3 0
043818 17.875 10.0 68.237 0
043849 17.875 10.0 68.237 0
043919 17.812 10.0 68.175 0
043950 17.812 10.0 68.112 0
044021 17.812 10.0 68.112 0
044051 17.812 10.0 68.05 0
044122 17.812 10.0 67.987 0
044153 17.812 10.0 67.862 0
044224 17.812 10.0 67.737 0
044254 17.812 10.0 67.55 0
044324 17.812 10.0 67.425 0
044355 17.812 10.0 67.3 0
044425 17.75 10.0 67.237 0
044456 17.75 10.0 67.175 0
044527 17.75 10.0 67.05 0
044557 17.75 10.0 66.987 0
044629 17.75 10.0 66.987 0
044659 17.75 10.0 66.925 0
044730 17.75 10.0 66.8 0
044800 17.75 10.0 66.737 0
044830 17.75 10.0 66.737 0
044901 17.75 10.0 66.675 0
044931 17.75 10.0 66.612 0
045002 17.75 10.0 66.55 0
045033 17.75 10.0 66.487 0
045104 17.75 10.0 66.425 0
045134 17.687 10.0 66.362 0
045205 17.687 10.0 66.3 0
045235 17.687 10.0 66.237 0
045306 17.687 10.0 66.175 0
045336 17.687 10.0 66.112 0
045407 17.687 10.0 66.05 0
045437 17.687 10.0 65.987 0
045508 17.687 10.0 65.987 0
045539 17.687 10.0 65.925 0
045610 17.687 10.0 65.8 0
045640 17.625 10.0 65.8 0
045711 17.625 10.0 65.737 0
045742 17.625 10.0 65.675 0
045812 17.625 10.0 65.612 0
045843 17.625 10.0 65.55 0
045913 17.625 10.0 65.487 0
045944 17.625 10.0 65.425 0
050014 17.625 10.0 65.362 0
050045 17.625 10.0 65.3 0
050116 17.625 10.0 65.112 0
050147 17.562 10.0 64.737 0
050217 17.562 10.0 64.237 0
050247 17.562 10.0 63.675 0
050318 17.562 10.0 63.3 0
050349 17.562 10.0 63.05 0
050419 17.562 10.0 62.862 0
050450 17.562 10.0 62.737 0
050521 17.562 10.0 62.612 0
050551 17.562 10.0 62.55 0
050621 17.562 10.0 62.425 0
050652 17.562 10.0 62.362 0
050723 17.562 10.0 62.3 0
050754 17.562 10.0 62.237 0
050824 17.562 10.0 62.175 0
050855 17.562 10.0 62.112 0
050926 17.562 10.0 62.05 0
050956 17.562 10.0 61.987 0
051027 17.562 10.0 61.925 0
051057 17.562 10.0 61.8 0
051127 17.562 10.0 61.737 0
051158 17.5 10.0 61.675 0
051229 17.5 10.0 61.612 0
051300 17.5 10.0 61.55 0
051330 17.5 10.0 61.487 0
051403 17.437 10.0 61.425 0
051433 17.437 10.0 61.362 0
051504 17.437 10.0 61.3 0
051534 17.437 10.0 61.237 0
051605 17.437 10.0 61.237 0
051636 17.437 10.0 61.175 0
051706 17.437 10.0 61.112 0
051737 17.437 10.0 61.05 0
051807 17.437 10.0 60.987 0
051838 17.437 10.0 60.925 0
051908 17.437 10.0 60.862 0
051938 17.437 10.0 60.8 0
052008 17.437 10.0 60.675 0
052039 17.437 10.0 60.362 0
052109 17.437 10.0 59.8 0
052140 17.437 10.0 59.112 0
052211 17.437 10.0 58.425 0
052241 17.437 10.0 57.987 0
052312 17.437 10.0 57.675 0
052342 17.437 10.0 57.487 0
052413 17.437 10.0 57.3 0
052443 17.437 10.0 57.237 0
052514 17.437 10.0 57.175 0
052544 17.437 10.0 57.112 0
052616 17.437 10.0 57.112 0
052647 17.375 10.0 57.112 0
052717 17.375 10.0 57.175 0
052748 17.375 10.0 57.237 0
052818 17.375 10.0 57.362 0
052849 17.375 10.0 57.675 0
052920 17.375 10.0 58.112 0
052950 17.375 10.0 58.925 0
053021 17.375 10.0 59.925 0
053052 17.375 10.0 60.925 0
053122 17.375 10.0 62.112 0
053153 17.375 10.0 63.175 0
053223 17.375 10.0 64.05 0
053254 17.375 10.0 64.737 0
053325 17.375 10.0 65.237 0
053355 17.375 10.0 65.675 0
053426 17.312 10.0 65.925 0
053457 17.312 10.0 66.175 0
053527 17.312 10.0 66.425 0
053558 17.312 10.0 66.55 0
053628 17.312 10.0 66.737 0
053659 17.312 10.0 66.862 0
053730 17.312 10.0 66.987 0
053800 17.312 10.0 67.112 0
053831 17.312 10.0 67.237 0
053901 17.312 10.0 67.362 0
053932 17.312 10.0 67.487 0
054003 17.312 10.0 67.55 0
054033 17.312 10.0 67.612 0
054104 17.312 10.0 67.675 0
054137 17.25 10.0 67.737 0
054208 17.25 10.0 67.8 0
054238 17.25 10.0 67.8 0
054309 17.25 10.0 67.862 0
054339 17.25 10.0 67.862 0
054410 17.25 10.0 67.925 0
054441 17.25 10.0 67.925 0
054512 17.25 10.0 67.987 0
054542 17.25 10.0 67.987 0
054613 17.25 10.0 68.05 0
054643 17.25 10.0 68.05 0
054714 17.25 10.0 68.05 0
054745 17.25 10.0 68.112 0
054815 17.25 10.0 68.112 0
054845 17.25 10.0 68.112 0
054915 17.25 10.0 68.112 0
054946 17.25 10.0 68.175 0
055016 17.25 10.0 68.175 0
055047 17.25 10.0 68.175 0
055118 17.25 10.0 68.237 0
055148 17.25 10.0 68.237 0
055219 17.25 10.0 68.237 0
055250 17.25 10.0 68.237 0
055320 17.25 10.0 68.237 0
055350 17.25 10.0 68.3 0
055421 17.187 10.0 68.3 0
055451 17.187 10.0 68.3 0
055522 17.187 10.0 68.3 0
055553 17.187 10.0 68.3 0
055624 17.187 10.0 68.3 0
055654 17.187 10.0 68.362 0
055725 17.187 10.0 68.362 0
055755 17.187 10.0 68.362 0
055826 17.187 10.0 68.362 0
055857 17.187 10.0 68.362 0
055927 17.187 10.0 68.362 0
055958 17.187 10.0 68.362 0
060029 17.187 10.0 68.362 0
060059 17.187 10.0 68.362 0
060129 17.187 10.0 68.362 0
060200 17.187 10.0 68.362 0
060231 17.187 10.0 68.425 0
060301 17.187 10.0 68.425 0
060332 17.187 10.0 68.425 0
060402 17.187 10.0 68.362 0
060432 17.125 10.0 68.362 0
060503 17.125 10.0 68.362 0
060534 17.125 10.0 68.362 0
060604 17.125 10.0 68.425 0
060635 17.125 10.0 68.425 0
060706 17.125 10.0 68.425 0
060736 17.125 10.0 68.425 0
060807 17.125 10.0 68.425 0
060838 17.125 10.0 68.362 0
060911 17.125 10.0 68.362 0
060941 17.125 10.0 68.3 0
061011 17.125 10.0 68.3 0
061042 17.125 10.0 68.3 0
061113 17.125 10.0 68.3 0
061143 17.125 10.0 68.3 0
061214 17.125 10.0 68.237 0
061245 17.125 10.0 68.237 0
061316 17.125 10.0 68.237 0
061346 17.125 10.0 68.237 0
061417 17.125 10.0 68.237 0
061448 17.125 10.0 68.237 0
061518 17.125 10.0 68.237 0
061548 17.125 10.0 68.175 0
061619 17.125 10.0 68.175 0
061650 17.062 10.0 68.175 0
061720 17.062 10.0 68.175 0
061751 17.062 10.0 68.175 0
061821 17.062 10.0 68.112 0
061852 17.062 10.0 68.112 0
061923 17.062 10.0 68.112 0
061953 17.062 10.0 68.05 0
062023 17.062 10.0 68.05 0
062054 17.062 10.0 68.05 0
062125 17.062 10.0 68.05 0
062155 17.062 10.0 67.987 0
062225 17.062 10.0 67.987 0
062256 17.062 10.0 67.987 0
062326 17.062 10.0 67.987 0
062356 17.062 10.0 67.925 0
062426 17.062 10.0 67.925 0
062457 17.062 10.0 67.925 0
062528 17.062 10.0 67.925 0
062559 17.062 10.0 67.862 0
062629 17.062 10.0 67.862 0
062700 17.0 10.0 67.862 0
062731 17.0 10.0 67.8 0
062801 17.0 10.0 67.8 0
062832 17.0 10.0 67.8 0
062903 17.0 10.0 67.737 0
062934 17.0 10.0 67.737 0
063004 17.0 10.0 67.737 0
063035 17.0 10.0 67.737 0
063106 17.0 10.0 67.675 0
063136 17.0 10.0 67.675 0
063207 17.0 10.0 67.675 0
063237 17.0 10.0 67.675 0
063308 17.0 10.0 67.612 0
063338 17.0 10.0 67.675 0
063409 17.0 10.0 67.737 0
063440 17.0 10.0 67.862 0
063510 17.0 10.0 67.862 0
063540 17.0 10.0 67.862 0
063611 17.0 10.0 67.925 0
063643 17.0 10.0 67.925 0
063714 17.0 10.0 67.925 0
063745 17.0 10.0 67.925 0
063816 17.0 10.0 67.925 0
063846 17.0 10.0 67.925 0
063917 17.0 10.0 67.862 0
063948 17.0 10.0 67.862 0
064018 17.0 10.0 67.862 0
064049 17.0 10.0 67.8 0
064119 17.0 10.0 67.8 0
064150 17.0 10.0 67.8 0
064221 17.0 10.0 67.8 0
064251 17.0 10.0 67.8 0
064322 17.0 10.0 67.737 0
064353 17.0 10.0 67.737 0
064423 16.937 10.0 67.737 0
064454 16.937 10.0 67.737 0
064524 16.937 10.0 67.737 0
064555 16.937 10.0 67.675 0
064625 16.937 10.0 67.675 0
064655 16.937 10.0 67.675 0
064726 16.937 10.0 67.675 0
064757 16.937 10.0 67.675 0
064828 16.937 10.0 67.675 0
064858 16.937 10.0 67.675 0
064929 16.937 10.0 67.612 0
065000 16.937 10.0 67.612 0
065031 16.937 10.0 67.612 0
065101 16.937 10.0 67.612 0
065131 16.937 10.0 67.612 0
065202 16.875 10.0 67.55 0
065233 16.875 10.0 67.55 0
065303 16.875 10.0 67.55 0
065334 16.875 10.0 67.55 0
065405 16.875 10.0 67.487 0
065435 16.937 10.0 67.487 0
065506 16.937 10.0 67.487 0
065536 16.937 10.0 67.425 0
065607 16.937 10.0 67.425 0
065638 16.937 10.0 67.425 0
065708 16.875 10.0 67.425 0
065738 16.875 10.0 67.362 0
065809 16.875 10.0 67.362 0
065840 16.875 10.0 67.362 0
065911 16.875 10.0 67.3 0
065941 16.875 10.0 67.3 0
070012 16.875 10.0 67.237 0
070042 16.875 10.0 67.237 0
070113 16.875 10.0 67.175 0
070146 16.875 10.0 67.175 0
070216 16.875 10.0 67.175 0
070247 16.875 10.0 67.112 0
070317 16.875 10.0 67.112 0
070348 16.875 10.0 67.05 0
070418 16.875 10.0 67.05 0
070449 16.875 10.0 67.05 0
070519 16.875 10.0 66.987 0
070550 16.875 10.0 66.987 0
070621 16.875 10.0 66.925 0
070652 16.875 10.0 66.925 0
070722 16.875 10.0 66.925 0
070753 16.875 10.0 66.862 0
070823 16.875 10.0 66.862 0
070854 16.875 10.0 66.862 0
070925 16.875 10.0 66.8 0
070955 16.875 10.0 66.8 0
071025 16.875 10.0 66.8 0
071056 16.875 10.0 66.737 0
071127 16.875 10.0 66.737 0
071158 16.875 10.0 66.675 0
071228 16.875 10.0 66.675 0
071259 16.875 10.0 66.675 0
071330 16.875 10.0 66.612 0
071400 16.875 10.0 66.612 0
071431 16.812 10.0 66.55 0
071502 16.812 10.0 66.55 0
071532 16.812 10.0 66.487 0
071603 16.812 10.0 66.487 0
071634 16.812 10.0 66.487 0
071705 16.812 10.0 66.425 0
071735 16.812 10.0 66.425 0
071806 16.812 10.0 66.362 0
071837 16.812 10.0 66.362 0
071907 16.812 10.0 66.3 0
071938 16.812 10.0 66.237 0
072008 16.812 10.0 66.237 0
072039 16.812 10.0 66.175 0
072110 16.812 10.0 66.175 0
072140 16.812 10.0 66.112 0
072211 16.812 10.0 66.112 0
072242 16.812 10.0 66.05 0
072313 16.812 10.0 66.05 0
072343 16.812 10.0 65.987 0
072414 16.812 10.0 65.987 0
072445 16.812 10.0 65.925 0
072515 16.812 10.0 65.925 0
072546 16.812 10.0 65.925 0
072617 16.812 10.0 65.862 0
072649 16.812 10.0 65.862 0
072720 16.812 10.0 65.8 0
072751 16.812 10.0 65.8 0
072821 16.812 10.0 65.737 0
072852 16.812 10.0 65.737 0
072923 16.812 10.0 65.737 0
072953 16.812 10.0 65.675 0
073024 16.812 10.0 65.675 0
073054 16.812 10.0 65.612 0
073125 16.812 10.0 65.612 0
073155 16.75 10.0 65.55 0
073226 16.75 10.0 65.55 0
073257 16.75 10.0 65.487 0
073328 16.75 10.0 65.487 0
073358 16.75 10.0 65.425 0
073429 16.75 10.0 65.425 0
073500 16.75 10.0 65.425 0
073530 16.75 10.0 65.487 0
073601 16.75 10.0 65.55 0
073632 16.75 10.0 65.612 0
073702 16.75 10.0 65.675 0
073732 16.75 10.0 65.675 0
073803 16.75 10.0 65.675 0
073834 16.75 10.0 65.675 0
073904 16.75 10.0 65.612 0
073935 16.75 10.0 65.612 0
074006 16.75 10.0 65.55 0
074036 16.75 10.0 65.55 0
074107 16.75 10.0 65.55 0
074138 16.75 10.0 65.487 0
074209 16.75 10.0 65.487 0
074239 16.75 10.0 65.425 0
074310 16.75 10.0 65.425 0
074341 16.75 10.0 65.425 0
074411 16.75 10.0 65.362 0
074442 16.75 10.0 65.362 0
074513 16.75 10.0 65.362 0
074543 16.75 10.0 65.362 0
074613 16.75 10.0 65.3 0
074644 16.75 10.0 65.3 0
074714 16.687 10.0 65.3 0
074745 16.687 10.0 65.237 0
074816 16.687 10.0 65.237 0
074846 16.687 10.0 65.175 0
074917 16.687 10.0 65.175 0
074948 16.687 10.0 65.175 0
075019 16.687 10.0 65.112 0
075049 16.687 10.0 65.112 0
075120 16.687 10.0 65.05 0
075151 16.687 10.0 65.05 0
075221 16.687 10.0 65.05 0
075252 16.687 10.0 64.987 0
075323 16.687 10.0 64.987 0
075353 16.687 10.0 64.925 0
075425 16.687 10.0 64.925 0
075455 16.687 10.0 64.925 0
075525 16.687 10.0 64.862 0
075556 16.687 10.0 64.862 0
075627 16.687 10.0 64.8 0
075657 16.687 10.0 64.8 0
075727 16.687 10.0 64.737 0
075757 16.687 10.0 64.737 0
075827 16.687 10.0 64.675 0
075857 16.687 10.0 64.612 0
075928 16.687 10.0 64.612 0
075958 16.687 10.0 64.55 0
080029 16.687 10.0 64.55 0
080059 16.687 10.0 64.487 0
080130 16.687 10.0 64.425 0
080201 16.687 10.0 64.425 0
080231 16.687 10.0 64.362 0
080302 16.687 10.0 64.362 0
080332 16.687 10.0 64.3 0
080403 16.687 10.0 64.3 0
080434 16.812 10.0 64.237 0
080504 16.812 10.0 64.237 0
080534 16.812 10.0 64.175 0
080605 16.812 10.0 64.175 0
080636 16.812 10.0 64.112 0
080706 17.125 10.0 64.112 0
080737 17.125 10.0 64.05 0
080807 17.125 10.0 63.987 0
080837 17.125 10.0 63.987 0
080908 17.125 10.0 63.925 0
080939 17.437 10.0 63.925 0
081009 17.437 10.0 63.862 0
081040 17.437 10.0 63.862 0
081110 17.437 10.0 63.8 0
081141 17.437 10.0 63.8 0
081212 17.625 10.0 63.737 0
081242 17.625 10.0 63.737 0
081313 17.625 10.0 63.675 0
081343 17.625 10.0 63.675 0
081414 17.625 10.0 63.612 0
081444 17.875 10.0 63.612 0
081515 17.875 10.0 63.55 0
081546 17.875 10.0 63.487 0
081616 17.875 10.0 63.425 0
081646 17.875 10.0 63.362 0
081717 17.937 10.0 63.3 0
081747 17.937 10.0 63.237 0
081818 17.937 10.0 63.175 0
081848 17.937 10.0 63.112 0
081919 17.937 10.0 63.05 0
081950 18.062 10.0 62.987 0
082020 18.062 10.0 62.987 0
082051 18.062 10.0 62.925 0
082121 18.062 10.0 62.925 0
082151 18.062 10.0 62.862 0
082222 18.125 10.0 62.8 0
082252 18.125 10.0 62.8 0
082322 18.125 10.0 62.737 0
082353 18.125 10.0 62.737 0
082424 18.125 10.0 62.675 0
082454 18.187 10.0 62.675 0
082525 18.187 10.0 62.612 0
082555 18.187 10.0 62.612 0
082626 18.187 10.0 62.55 0
082659 18.25 10.0 62.487 0
082729 18.25 10.0 62.487 0
082800 18.25 10.0 62.425 0
082830 18.25 10.0 62.425 0
082901 18.25 10.0 62.362 0
082932 18.25 10.0 62.362 0
083002 18.25 10.0 62.3 0
083033 18.25 10.0 62.3 0
083103 18.25 10.0 62.237 0
083134 18.25 10.0 62.237 0
083204 18.375 10.0 62.175 0
083234 18.375 10.0 62.175 0
083305 18.375 10.0 62.112 0
083335 18.375 10.0 62.112 0
083405 18.375 10.0 62.05 0
083436 18.375 10.0 61.987 0
083507 18.375 10.0 61.862 0
083537 18.375 10.0 61.737 0
083608 18.375 10.0 61.675 0
083639 18.375 10.0 61.675 0
083709 18.375 10.0 61.612 0
083739 18.375 10.0 61.612 0
083810 18.375 10.0 61.612 0
083840 18.375 10.0 61.675 0
083911 18.375 10.0 61.675 0
083941 18.375 10.0 61.675 0
084012 18.375 10.0 61.737 0
084042 18.375 10.0 61.737 0
084113 18.375 10.0 61.737 0
084144 18.375 10.0 61.737 0
084215 18.437 10.0 61.8 0
084245 18.437 10.0 61.8 0
084316 18.437 10.0 61.8 0
084346 18.437 10.0 61.8 0
084417 18.437 10.0 61.8 0
084447 18.437 10.0 61.8 0
084518 18.437 10.0 61.862 0
084549 18.437 10.0 61.862 0
084619 18.437 10.0 61.862 0
084650 18.437 10.0 61.862 0
084720 18.437 10.0 61.862 0
084751 18.437 10.0 61.862 0
084822 18.437 10.0 61.862 0
084852 18.437 10.0 61.925 0
084922 18.437 10.0 61.862 0
084953 18.5 10.0 61.925 0
085024 18.5 10.0 61.862 0
085054 18.5 10.0 61.862 0
085125 18.5 10.0 61.862 0
085156 18.5 10.0 61.862 0
085226 18.5 10.0 61.8 0
085257 18.5 10.0 61.8 0
085327 18.5 10.0 61.737 0
085357 18.5 10.0 61.737 0
085428 18.5 10.0 61.675 0
085459 18.5 10.0 61.675 0
085530 18.5 10.0 61.612 0
085600 18.5 10.0 61.612 0
085631 18.5 10.0 61.55 0
085704 18.5 10.0 61.55 0
085734 18.5 10.0 61.487 0
085804 18.5 10.0 61.487 0
085835 18.5 10.0 61.487 0
085905 18.5 10.0 61.425 0
085935 18.562 10.0 61.425 0
090006 18.562 10.0 61.425 0
090037 18.562 10.0 61.362 0
090107 18.562 10.0 61.425 0
090138 18.562 10.0 61.362 0
090208 18.562 10.0 61.362 0
090238 18.562 10.0 61.362 0
090309 18.562 10.0 61.3 0
090340 18.562 10.0 61.3 0
090410 18.562 10.0 61.3 0
090440 18.5 10.0 61.237 0
090511 18.5 10.0 61.237 0
090541 18.5 10.0 61.237 0
090612 18.5 10.0 61.237 0
090643 18.5 10.0 61.175 0
090713 18.562 10.0 61.175 0
090743 18.562 10.0 61.175 0
090813 18.562 10.0 61.112 0
090844 18.562 10.0 61.05 0
090915 18.562 10.0 61.05 0
090945 18.5 10.0 60.987 0
091016 18.5 10.0 60.925 0
091046 18.5 10.0 60.862 0
091117 18.5 10.0 60.862 0
091148 18.5 10.0 60.8 0
091218 18.562 10.0 60.737 0
091248 18.562 10.0 60.737 0
091319 18.562 10.0 60.737 0
091350 18.562 10.0 60.737 0
091421 18.562 10.0 60.675 0
091451 18.562 10.0 60.675 0
091522 18.562 10.0 60.612 0
091552 18.562 10.0 60.612 0
091623 18.562 10.0 60.55 0
091653 18.562 10.0 60.487 0
091723 18.562 10.0 60.487 0
091754 18.562 10.0 60.487 0
091824 18.562 10.0 60.425 0
091855 18.562 10.0 60.3 0
091926 18.562 10.0 60.3 0
091956 18.562 10.0 60.362 0
092026 18.562 10.0 60.362 0
092057 18.562 10.0 60.362 0
092127 18.562 10.0 60.362 0
092158 18.562 10.0 60.3 0
092229 18.562 10.0 60.237 0
092259 18.562 10.0 60.175 0
092330 18.562 10.0 60.175 0
092400 18.562 10.0 60.175 0
092431 18.562 10.0 60.175 0
092502 18.562 10.0 60.112 0
092533 18.562 10.0 60.112 0
092603 18.562 10.0 60.112 0
092634 18.562 10.0 60.112 0
092707 18.562 10.0 60.05 0
092737 18.562 10.0 59.987 0
092808 18.562 10.0 59.987 0
092838 18.562 10.0 59.987 0
092908 18.562 10.0 59.925 0
092939 18.562 10.0 59.925 0
093009 18.562 10.0 59.925 0
093040 18.562 10.0 59.862 0
093110 18.562 10.0 59.862 0
093141 18.562 10.0 59.862 0
093212 18.625 10.0 59.8 0
093242 18.625 10.0 59.737 0
093313 18.625 10.0 59.737 0
093344 18.625 10.0 59.737 0
093414 18.625 10.0 59.737 0
093445 18.625 10.0 59.737 0
093515 18.625 10.0 59.737 0
093546 18.625 10.0 59.737 0
093617 18.625 10.0 59.737 0
093647 18.625 10.0 59.675 0
093718 18.687 10.0 59.675 0
093748 18.687 10.0 59.675 0
093819 18.687 10.0 59.737 0
093849 18.687 10.0 59.925 0
093919 18.687 10.0 59.987 0
093950 18.812 10.0 60.112 0
094021 18.812 10.0 60.175 0
094051 18.812 13.0 60.425 0
094122 18.812 15.0 60.55 0
094153 18.812 18.0 60.737 0
094223 18.875 20.0 60.925 0
094253 18.875 20.0 61.05 50
094324 18.875 20.0 61.237 50
094355 18.875 20.0 61.362 50
094425 18.875 20.0 61.487 50
094456 19.0 20.0 61.55 50
094526 19.0 20.0 61.675 50
094557 19.0 20.0 61.8 50
094628 19.0 20.0 61.987 50
094659 19.0 20.0 62.112 50
094729 19.062 20.0 62.237 50
094800 19.062 20.0 62.362 50
094830 19.062 20.0 62.425 50
094901 19.062 20.0 62.487 50
094932 19.062 20.0 62.487 50
095003 19.25 20.0 62.487 50
095033 19.25 20.0 62.425 50
095104 19.25 20.0 62.3 50
095135 19.25 20.0 62.05 50
095205 19.25 20.0 61.675 50
095236 19.5 20.0 61.112 50
095306 19.5 20.0 60.3 50
095336 19.5 20.0 59.3 0
095407 19.5 20.0 58.425 0
095440 19.875 20.0 57.862 0
095511 19.875 20.0 57.487 0
095541 19.875 20.0 57.237 0
095612 19.875 20.0 57.05 0
095643 19.875 20.0 56.987 0
095713 20.187 20.0 56.675 0
095744 20.187 20.0 56.175 0
095815 20.187 20.0 55.425 0
095845 20.187 20.0 54.612 0
095916 20.187 20.0 54.05 0
095947 20.312 20.0 53.737 0
100017 20.312 20.0 53.55 0
100048 20.312 20.0 53.487 0
100119 20.312 20.0 53.55 0
100149 20.312 20.0 53.8 0
100220 20.312 20.0 54.425 0
100250 20.312 20.0 55.362 0
100321 20.312 20.0 56.425 0
100352 20.312 20.0 57.612 0
100423 20.312 20.0 58.862 0
100453 20.187 20.0 60.05 0
100524 20.187 20.0 61.237 0
100554 20.187 20.0 62.425 0
100624 20.187 20.0 63.612 0
100655 20.187 20.0 64.55 0
100725 20.062 20.0 65.362 0
100756 20.062 20.0 66.112 0
100826 20.062 20.0 66.675 0
100856 20.062 20.0 67.237 0
100927 20.062 20.0 67.675 0
100958 20.062 20.0 68.05 0
101028 20.062 20.0 68.362 0
101058 20.062 20.0 68.612 0
101129 20.062 20.0 68.925 0
101200 20.062 20.0 69.175 0
101230 20.062 20.0 69.425 0
101301 20.062 20.0 69.675 0
101332 20.062 20.0 69.862 0
101403 20.062 20.0 69.987 0
101433 20.062 20.0 70.112 50
101503 20.0 20.0 70.175 50
101534 20.0 20.0 70.3 50
101604 20.0 20.0 70.425 50
101635 20.0 20.0 70.487 50
101705 20.0 20.0 70.55 50
101736 19.937 20.0 70.55 50
101807 19.937 20.0 70.612 50
101837 19.937 20.0 70.675 50
101908 19.937 20.0 70.675 50
101939 19.937 20.0 70.737 50
102009 20.0 20.0 70.737 50
102040 20.0 20.0 70.737 50
102110 20.0 20.0 70.675 50
102141 20.0 20.0 70.675 50
102211 20.0 20.0 70.612 50
102241 20.312 20.0 70.487 50
102312 20.312 20.0 70.362 50
102342 20.312 20.0 69.987 0
102413 20.312 20.0 69.362 0
102446 20.562 20.0 68.862 0
102516 20.562 20.0 68.55 0
102546 20.562 20.0 68.3 0
102617 20.562 20.0 68.175 0
102648 20.562 20.0 67.987 0
102719 20.75 20.0 67.925 0
102749 20.75 20.0 67.8 0
102820 20.75 20.0 67.737 0
102850 20.75 20.0 67.612 0
102920 20.75 20.0 67.55 0
102951 20.812 20.0 67.487 0
103021 20.812 20.0 67.425 0
103051 20.812 20.0 67.362 0
103122 20.812 20.0 67.3 0
103152 20.812 20.0 67.175 0
103222 20.875 20.0 66.925 0
103253 20.875 20.0 66.237 0
103324 20.875 20.0 65.237 0
103354 20.875 20.0 64.425 0
103425 20.875 20.0 63.925 0
103455 20.875 20.0 63.55 0
103525 20.875 20.0 63.362 0
103556 20.875 20.0 63.175 0
103626 20.875 20.0 62.987 0
103657 20.875 20.0 62.925 0
103727 20.875 20.0 62.8 0
103758 20.875 20.0 62.737 0
103829 20.875 20.0 62.675 0
103859 20.875 20.0 62.55 0
103930 20.875 20.0 62.487 0
104000 20.75 20.0 62.425 0
104031 20.75 20.0 62.362 0
104102 20.75 20.0 62.3 0
104132 20.75 20.0 62.237 0
104203 20.75 20.0 62.112 0
104234 20.75 20.0 62.05 0
104304 20.75 20.0 61.987 0
104335 20.75 18.5 61.925 0
104405 20.75 18.5 61.8 0
104436 20.75 18.5 61.737 0
104506 20.5 18.5 61.675 0
104536 20.5 18.5 61.612 0
104607 20.5 18.5 61.55 0
104638 20.5 18.5 61.487 0
104709 20.5 18.5 61.425 0
104739 20.187 18.5 61.3 0
104810 20.187 18.5 61.237 0
104841 20.187 18.5 61.175 0
104911 20.187 18.5 61.112 0
104942 20.187 18.5 61.05 0
105012 19.875 18.5 60.987 0
105043 19.875 18.5 60.925 0
105113 19.875 18.5 60.862 0
105144 19.875 18.5 60.55 0
105214 19.875 18.5 59.862 0
105244 19.625 18.5 58.987 0
105315 19.625 18.5 57.862 0
105346 19.625 18.5 56.675 0
105417 19.625 18.5 55.487 0
105450 19.437 18.5 54.425 0
105520 19.437 18.5 53.487 0
105551 19.437 18.5 52.862 0
105621 19.437 18.5 52.425 0
105651 19.437 18.5 52.175 0
105722 19.25 18.5 51.987 0
105752 19.25 18.5 51.925 0
105822 19.25 18.5 52.112 0
105853 19.25 18.5 52.487 0
105924 19.25 18.5 52.987 0
105954 19.125 18.5 53.737 0
110024 19.125 18.5 54.675 0
110055 19.125 18.5 55.612 0
110126 19.125 18.5 56.612 0
110157 19.125 18.5 57.675 0
110227 19.0 18.5 58.737 0
110258 19.0 18.5 59.8 0
110328 19.0 18.5 60.8 0
110359 19.0 18.5 61.925 0
110429 19.0 18.5 62.862 0
110500 18.937 18.5 63.612 0
110530 18.937 18.5 64.237 0
110601 18.937 18.5 64.737 0
110631 18.937 18.5 65.05 0
110702 18.937 18.5 65.362 0
110733 18.812 18.5 65.612 0
110803 18.812 18.5 65.8 0
110834 18.812 18.5 65.987 0
110904 18.812 18.5 66.112 0
110935 18.812 18.5 66.3 0
111006 18.75 18.5 66.487 0
111036 18.75 18.5 66.612 0
111107 18.75 18.5 66.737 0
111138 18.75 18.5 66.862 0
111208 18.75 18.5 66.987 0
111239 18.687 18.5 67.112 0
111310 18.687 18.5 67.175 0
111341 18.687 18.5 67.3 0
111411 18.687 18.5 67.362 0
111442 18.687 18.5 67.425 0
111512 18.625 18.5 67.55 0
111542 18.625 18.5 67.612 0
111613 18.625 18.5 67.675 0
111643 18.625 18.5 67.8 0
111714 18.625 18.5 67.925 0
111744 18.625 18.5 67.925 0
111814 18.625 18.5 68.05 0
111845 18.625 18.5 68.112 0
111916 18.625 18.5 68.175 0
111946 18.625 18.5 68.237 0
112017 18.562 18.5 68.362 0
112048 18.562 18.5 68.425 0
112118 18.562 18.5 68.487 0
112148 18.562 18.5 68.487 0
112219 18.562 18.5 68.55 0
112249 18.5 18.5 68.55 0
112320 18.5 18.5 68.612 0
112351 18.5 18.5 68.612 0
112421 18.5 18.5 68.612 0
112454 18.437 18.5 68.612 50
112525 18.437 18.5 68.675 50
112555 18.437 18.5 68.675 50
112626 18.437 18.5 68.675 50
112657 18.437 18.5 68.737 50
112727 18.437 18.5 68.737 50
112757 18.437 17.5 68.737 50
112828 18.437 17.5 68.8 0
112859 18.437 17.5 68.737 0
112929 18.437 17.5 68.737 0
113000 18.437 17.5 68.737 0
113031 18.437 17.5 68.737 0
113102 18.437 17.5 68.737 0
113132 18.437 17.5 68.737 0
113202 18.437 17.5 68.737 0
113232 18.437 17.5 68.737 0
113303 18.437 17.5 68.737 0
113334 18.437 17.5 68.737 0
113404 18.437 17.5 68.737 0
113435 18.437 17.5 68.737 0
113506 18.437 17.5 68.737 0
113537 18.437 17.5 68.737 0
113607 18.437 17.5 68.737 0
113637 18.437 17.5 68.737 0
113708 18.437 17.5 68.737 0
113739 18.437 17.5 68.737 0
113809 18.437 17.5 68.737 0
113840 18.437 17.5 68.737 0
113911 18.437 17.5 68.675 0
113941 18.437 17.5 68.675 0
114011 18.437 17.5 68.675 0
114042 18.437 17.5 68.675 0
114112 18.437 17.5 68.612 0
114143 18.437 17.5 68.612 0
114213 18.437 17.5 68.612 0
114244 18.375 17.5 68.612 0
114315 18.375 17.5 68.612 0
114345 18.375 17.5 68.612 0
114416 18.375 17.5 68.55 0
114447 18.375 17.5 68.55 0
114517 18.375 17.5 68.55 0
114547 18.375 17.5 68.55 0
114618 18.375 17.5 68.55 0
114649 18.375 17.5 68.55 0
114719 18.375 17.5 68.55 0
114749 18.375 17.5 68.55 0
114820 18.375 17.5 68.487 0
114851 18.375 17.5 68.487 0
114921 18.375 17.5 68.487 0
114952 18.375 17.5 68.487 0
115023 18.375 17.5 68.425 0
115054 18.375 17.5 68.425 0
115124 18.375 17.5 68.425 0
115155 18.375 17.5 68.425 0
115227 18.312 17.5 68.425 0
115257 18.312 17.5 68.362 0
115327 18.312 17.5 68.362 0
115358 18.312 17.5 68.362 0
115429 18.312 17.5 68.362 0
115500 18.25 17.5 68.3 0
115530 18.25 17.5 68.3 0
115600 18.25 17.5 68.237 0
115631 18.25 17.5 68.237 0
115701 18.25 17.5 68.237 0
115732 18.25 17.5 68.175 0
115802 18.25 17.5 68.112 0
115833 18.25 17.5 68.112 0
115904 18.25 17.5 68.05 0
115934 18.25 17.5 68.05 0
120004 18.25 17.5 68.05 0
120035 18.25 17.5 67.987 0
120106 18.25 17.5 67.987 0
120137 18.25 17.5 67.987 0
120207 18.25 17.5 67.925 0
120238 18.312 17.5 67.925 0
120309 18.312 17.5 67.862 0
120339 18.312 17.5 67.862 0
120409 18.312 17.5 67.8 0
120440 18.312 17.5 67.8 0
120511 18.437 17.5 67.8 0
120542 18.437 17.5 67.737 0
120612 18.437 17.5 67.8 0
120643 18.437 17.5 67.862 0
120713 18.437 17.5 67.925 0
120744 18.5 17.5 67.987 0
120815 18.5 17.5 68.05 0
120846 18.5 17.5 68.05 0
120916 18.5 17.5 68.112 0
120947 18.5 17.5 68.112 0
121017 18.5 17.5 68.112 0
121047 18.5 17.5 68.175 0
121118 18.5 17.5 68.112 0
121148 18.5 17.5 68.112 0
121219 18.5 17.5 68.112 0
121249 18.562 17.5 68.112 0
121320 18.562 17.5 68.05 0
121351 18.562 17.5 68.05 0
121421 18.562 17.5 67.987 0
121452 18.562 17.5 67.925 0
121523 18.562 17.5 67.925 0
121553 18.562 17.5 67.862 0
121624 18.562 17.5 67.862 0
121655 18.562 17.5 67.8 0
121725 18.562 17.5 67.8 0
121756 18.5 17.5 67.737 0
121826 18.5 17.5 67.737 0
121857 18.5 17.5 67.675 0
121927 18.5 17.5 67.675 0
122000 18.5 17.5 67.612 0
122031 18.5 17.5 67.612 0
122102 18.5 17.5 67.55 0
122132 18.5 17.5 67.55 0
122203 18.5 17.5 67.55 0
122234 18.562 17.5 67.487 0
122305 18.562 17.5 67.487 0
122335 18.562 17.5 67.425 0
122405 18.562 17.5 67.425 0
122436 18.562 17.5 67.362 0
122507 18.5 17.5 67.362 0
122537 18.5 17.5 67.3 0
122608 18.5 17.5 67.3 0
122639 18.5 17.5 67.3 0
122709 18.5 17.5 67.237 0
122740 18.5 17.5 67.237 0
122810 18.5 17.5 67.175 0
122840 18.5 17.5 67.175 0
122911 18.5 17.5 67.175 0
122941 18.5 17.5 67.112 0
123012 18.562 17.5 66.987 0
123042 18.562 17.5 66.987 0
123112 18.562 17.5 66.987 0
123142 18.562 17.5 66.8 0
123213 18.562 17.5 66.737 0
123243 18.5 17.5 66.675 0
123314 18.5 17.5 66.55 0
123344 18.5 17.5 66.55 0
123415 18.5 17.5 66.425 0
123445 18.5 17.5 66.362 0
123516 18.5 17.5 66.3 0
123547 18.5 17.5 66.3 0
123617 18.5 17.5 66.237 0
123648 18.5 17.5 66.175 0
123719 18.5 17.5 66.112 0
123749 18.5 17.5 66.112 0
123820 18.5 17.5 66.05 0
123850 18.5 17.5 65.987 0
123921 18.5 17.5 65.987 0
123952 18.5 17.5 65.925 0
124023 18.5 17.5 65.862 0
124053 18.5 17.5 65.8 0
124123 18.5 17.5 65.8 0
124154 18.5 17.5 65.737 0
124224 18.5 17.5 65.675 0
124255 18.5 17.5 65.612 0
124325 18.5 17.5 65.612 0
124356 18.5 17.5 65.55 0
124426 18.5 17.5 65.55 0
124457 18.5 17.5 65.487 0
124528 18.5 17.5 65.425 0
124559 18.5 17.5 65.362 0
124629 18.5 17.5 65.362 0
124659 18.5 17.5 65.3 0
124729 18.5 17.5 65.237 0
124759 18.5 17.5 65.237 0
124830 18.5 17.5 65.112 0
124900 18.5 17.5 64.987 0
124931 18.5 17.5 64.8 0
125003 18.5 17.5 64.55 0
125034 18.5 17.5 64.362 0
125104 18.5 17.5 64.237 0
125134 18.5 17.5 64.175 0
125205 18.5 17.5 64.112 0
125235 18.562 17.5 64.05 0
125306 18.562 17.5 63.987 0
125337 18.562 17.5 63.925 0
125407 18.562 17.5 63.862 0
125437 18.562 17.5 63.8 0
125508 18.5 17.5 63.8 0
125539 18.5 17.5 63.737 0
125610 18.5 17.5 63.675 0
125640 18.5 17.5 63.675 0
125711 18.5 17.5 63.612 0
125741 18.562 17.5 63.55 0
125812 18.562 17.5 63.487 0
125843 18.562 17.5 63.487 0
125913 18.562 17.5 63.425 0
125944 18.562 17.5 63.362 0
130015 18.5 17.5 63.362 0
130045 18.5 17.5 63.3 0
130115 18.5 17.5 63.237 0
130146 18.5 17.5 63.237 0
130216 18.5 17.5 63.175 0
130247 18.5 17.5 63.112 0
130318 18.5 17.5 63.112 0
130348 18.5 17.5 63.05 0
130419 18.5 17.5 63.05 0
130449 18.5 17.5 62.987 0
130520 18.5 17.5 62.925 0
130551 18.5 17.5 62.862 0
130621 18.5 17.5 62.737 0
130652 18.5 17.5 62.612 0
130723 18.5 17.5 62.487 0
130753 18.437 17.5 62.362 0
130823 18.437 17.5 62.362 0
130854 18.437 17.5 62.3 0
130925 18.437 17.5 62.3 0
130955 18.437 17.5 62.3 0
131026 18.5 17.5 62.3 0
131057 18.5 17.5 62.3 0
131127 18.5 17.5 62.3 0
131157 18.5 17.5 62.3 0
131228 18.5 17.5 62.3 0
131258 18.5 17.5 62.3 0
131329 18.5 17.5 62.3 0
131359 18.5 17.5 62.3 0
131430 18.5 17.5 62.3 0
131501 18.5 17.5 62.3 0
131531 18.5 17.5 62.3 0
131601 18.5 17.5 62.362 0
131632 18.5 17.5 62.3 0
131703 18.5 17.5 62.3 0
131734 18.5 17.5 62.362 0
131804 18.5 17.5 62.362 0
131834 18.5 17.5 62.362 0
131905 18.5 17.5 62.362 0
131935 18.5 17.5 62.362 0
132007 18.5 17.5 62.362 0
132038 18.5 17.5 62.362 0
132108 18.5 17.5 62.362 0
132139 18.5 17.5 62.425 0
132210 18.5 17.5 62.425 0
132241 18.5 17.5 62.487 0
132311 18.5 17.5 62.55 0
132341 18.5 17.5 62.55 0
132412 18.5 17.5 62.612 0
132443 18.5 17.5 62.612 0
132513 18.5 17.5 62.675 0
132544 18.5 17.5 62.675 0
132615 18.5 17.5 62.675 0
132645 18.5 17.5 62.675 0
132716 18.5 17.5 62.675 0
132746 18.5 17.5 62.675 0
132817 18.5 17.5 62.675 0
132847 18.5 17.5 62.675 0
132918 18.5 17.5 62.675 0
132949 18.5 17.5 62.737 0
133019 18.562 17.5 62.737 0
133050 18.562 17.5 62.737 0
133120 18.562 17.5 62.737 0
133151 18.562 17.5 62.737 0
133221 18.562 17.5 62.737 0
133252 18.562 17.5 62.737 0
133323 18.562 17.5 62.737 0
133353 18.562 17.5 62.737 0
133424 18.562 19.0 62.737 0
133455 18.562 19.0 62.737 50
133525 18.562 19.0 62.8 50
133556 18.562 19.0 62.8 50
133627 18.562 19.0 62.8 50
133657 18.562 19.0 62.8 50
133728 18.562 19.0 62.8 50
133758 18.562 19.0 62.737 50
133828 18.562 19.0 62.737 50
133859 18.562 19.0 62.675 50
133930 18.562 19.0 62.675 50
134001 18.562 19.0 62.612 50
134031 18.687 19.0 62.487 50
134102 18.687 19.0 62.425 50
134132 18.687 19.0 62.362 50
134203 18.687 19.0 62.237 50
134233 18.687 19.0 62.112 50
134304 18.875 19.0 61.862 50
134335 18.875 19.0 61.487 50
134405 18.875 19.0 60.8 50
134435 18.875 19.0 59.8 0
134505 18.875 19.0 58.675 0
134536 19.0 19.0 57.862 0
134607 19.0 19.0 57.362 0
134637 19.0 19.0 56.987 0
134708 19.0 19.0 56.737 0
134740 19.125 19.0 56.612 0
134811 19.125 19.0 56.487 0
134842 19.125 19.0 56.362 0
134912 19.125 19.0 56.3 0
134942 19.125 19.0 56.237 0
135013 19.25 19.0 56.175 0
135043 19.25 19.0 56.112 0
135114 19.25 19.0 56.112 0
135145 19.25 19.0 56.112 0
135215 19.25 19.0 56.112 0
135245 19.312 19.0 56.112 0
135316 19.312 19.0 56.175 0
135346 19.312 19.0 56.237 0
135417 19.312 19.0 56.3 0
135447 19.312 19.0 56.425 0
135517 19.437 19.0 56.487 0
135548 19.437 19.0 56.55 0
135618 19.437 19.0 56.675 0
135649 19.437 19.0 57.175 0
135720 19.437 19.0 57.8 0
135751 19.437 19.0 58.612 0
135821 19.437 19.0 59.55 0
135852 19.437 19.0 60.55 0
135922 19.437 19.0 61.612 0
135952 19.437 19.0 62.737 0
140022 19.5 19.0 63.612 0
140053 19.5 19.0 64.362 0
140124 19.5 19.0 64.925 0
140154 19.5 19.0 65.425 0
140225 19.5 19.0 65.862 0
140255 19.562 19.0 66.175 0
140325 19.562 19.0 66.425 0
140356 19.562 19.0 66.612 0
140426 19.562 19.0 66.8 0
140456 19.562 19.0 66.925 0
140527 19.625 19.0 67.05 0
140557 19.625 19.0 67.175 0
140628 19.625 19.0 67.237 0
140659 19.625 19.0 67.425 0
140730 19.625 19.0 67.55 0
140800 19.625 19.0 67.675 0
140831 19.625 19.0 67.8 0
140901 19.625 19.0 67.925 0
140931 19.625 19.0 67.987 0
141002 19.625 19.0 68.175 0
141032 19.562 20.0 68.237 0
141103 19.562 20.0 68.362 50
141134 19.562 20.0 68.425 50
141204 19.562 20.0 68.487 50
141235 19.562 20.0 68.55 50
141306 19.562 20.0 68.612 50
141336 19.562 20.0 68.612 50
141406 19.562 20.0 68.675 50
141436 19.562 20.0 68.675 50
141507 19.562 20.0 68.675 50
141538 19.937 20.0 68.737 50
141608 19.937 20.0 68.737 50
141639 19.937 20.0 68.737 50
141710 19.937 20.0 68.737 50
141740 19.937 20.0 68.675 50
141810 20.312 20.0 68.612 0
141841 20.312 20.0 68.675 0
141911 20.312 20.0 68.612 0
141942 20.312 20.0 68.55 0
142014 20.562 20.0 68.55 0
142044 20.562 20.0 68.55 0
142115 20.562 20.0 68.55 0
142146 20.562 20.0 68.55 0
142216 20.562 20.0 68.55 0
142247 20.437 20.0 68.55 0
142317 20.437 20.0 68.55 0
142348 20.437 20.0 68.55 0
142419 20.437 20.0 68.55 0
142449 20.437 20.0 68.55 0
142520 20.5 20.0 68.55 0
142551 20.5 20.0 68.55 0
142621 20.5 20.0 68.487 0
142652 20.5 20.0 68.487 0
142723 20.5 20.0 68.487 0
142753 20.625 20.0 68.425 0
142823 20.625 20.0 68.425 0
142854 20.625 20.0 68.425 0
142924 20.625 20.0 68.362 0
142955 20.625 20.0 68.3 0
143026 20.5 20.0 68.237 0
143057 20.5 20.0 68.175 0
143127 20.5 20.0 68.175 0
143158 20.5 20.0 68.112 0
143228 20.5 20.0 68.05 0
143259 20.437 20.0 67.987 0
143329 20.437 20.0 67.925 0
143400 20.437 20.0 67.862 0
143430 20.437 20.0 67.8 0
143501 20.437 20.0 67.737 0
143531 20.5 20.0 67.737 0
143602 20.5 20.0 67.675 0
143632 20.5 20.0 67.612 0
143703 20.5 20.0 67.55 0
143733 20.5 20.0 67.55 0
143804 20.375 20.0 67.487 0
143835 20.375 20.0 67.425 0
143905 20.375 20.0 67.362 0
143936 20.375 20.0 67.3 0
144007 20.375 20.0 67.3 0
144038 20.25 20.0 67.237 0
144108 20.25 20.0 67.175 0
144139 20.25 20.0 67.112 0
144209 20.25 20.0 67.112 0
144240 20.25 20.0 67.05 0
144310 20.375 20.0 66.987 0
144341 20.375 20.0 66.925 0
144412 20.375 20.0 66.862 0
144442 20.375 20.0 66.862 0
144512 20.375 20.0 66.8 0
144542 20.187 20.0 66.737 0
144613 20.187 20.0 66.675 0
144643 20.187 20.0 66.675 0
144713 20.187 20.0 66.612 0
144744 20.187 20.0 66.55 0
144815 20.062 20.0 66.487 0
144845 20.062 20.0 66.362 0
144916 20.062 20.0 66.112 0
144947 20.062 20.0 65.737 0
145019 20.187 20.0 65.3 0
145049 20.187 20.0 65.05 0
145120 20.187 20.0 64.862 0
145150 20.187 20.0 64.675 0
145221 20.187 20.0 64.55 0
145251 20.125 20.0 64.487 0
145322 20.125 20.0 64.362 0
145353 20.125 20.0 64.3 0
145423 20.125 20.0 64.237 0
145453 20.125 20.0 64.175 0
145524 19.937 20.0 64.112 50
145554 19.937 20.0 63.925 50
145625 19.937 20.0 63.3 50
145655 19.937 20.0 62.3 50
145726 19.937 20.0 61.05 50
145756 20.062 20.0 59.675 0
145826 20.062 20.0 58.55 0
145856 20.062 20.0 57.737 0
145927 20.062 20.0 57.237 0
145958 20.062 20.0 56.925 0
150029 20.125 20.0 56.675 0
150059 20.125 20.0 56.55 0
150130 20.125 20.0 56.487 0
150201 20.125 20.0 56.425 0
150232 20.125 20.0 56.425 0
150302 19.937 20.0 56.425 0
150332 19.937 20.0 56.487 0
150403 19.937 20.0 56.737 0
150434 19.937 20.0 56.987 0
150504 19.937 20.0 57.3 0
150535 20.062 20.0 57.8 0
150605 20.062 20.0 58.362 0
150636 20.062 20.0 59.112 0
150707 20.062 20.0 60.112 0
150737 20.062 20.0 61.112 0
150807 20.125 20.0 62.05 0
150838 20.125 20.0 62.925 0
150909 20.125 20.0 63.612 0
150940 20.125 20.0 64.112 0
151010 20.125 20.0 64.487 0
151041 19.937 20.0 64.8 50
151111 19.937 20.0 65.05 50
151142 19.937 20.0 65.237 50
151212 19.937 20.0 65.425 50
151243 19.937 20.0 65.55 50
151313 19.937 20.0 65.612 50
151344 19.937 20.0 65.675 50
151415 19.937 20.0 65.737 50
151445 19.937 20.0 65.8 50
151516 19.937 20.0 65.862 50
151547 20.125 20.0 65.862 0
151617 20.125 20.0 65.925 0
151648 20.125 20.0 65.925 0
151718 20.125 20.0 65.925 0
151749 20.125 20.0 65.925 0
151819 20.062 20.0 65.925 0
151849 20.062 20.0 65.925 0
151920 20.062 20.0 65.925 0
151951 20.062 20.0 65.925 0
152024 20.187 20.0 65.925 0
152054 20.187 20.0 65.925 0
152124 20.187 20.0 65.925 0
152155 20.187 20.0 65.925 0
152226 20.187 20.0 65.925 0
152257 20.437 20.0 65.925 0
152327 20.437 20.0 65.925 0
152358 20.437 20.0 65.925 0
152429 20.437 20.0 65.987 0
152459 20.437 20.0 65.925 0
152529 20.312 20.0 65.925 0
152600 20.312 20.0 65.925 0
152631 20.312 20.0 65.925 0
152701 20.312 20.0 65.925 0
152732 20.312 20.0 65.862 0
152803 20.187 20.0 65.862 0
152833 20.187 20.0 65.862 0
152904 20.187 20.0 65.862 0
152934 20.187 20.0 65.862 0
153004 20.187 20.0 65.8 0
153035 20.375 20.0 65.8 0
153105 20.375 20.0 65.737 0
153136 20.375 20.0 65.737 0
153207 20.375 20.0 65.737 0
153237 20.375 20.0 65.737 0
153308 20.25 20.0 65.737 0
153338 20.25 20.0 65.737 0
153409 20.25 20.0 65.675 0
153440 20.25 20.0 65.675 0
153510 20.25 20.0 65.675 0
153541 20.062 20.0 65.675 0
153612 20.062 20.0 65.612 0
153642 20.062 20.0 65.612 0
153712 20.062 20.0 65.612 0
153743 20.062 20.0 65.55 0
153813 20.25 20.0 65.55 0
153844 20.25 20.0 65.55 0
153915 20.25 20.0 65.487 0
153945 20.25 20.0 65.487 0
154016 20.25 20.0 65.487 0
154046 20.25 20.0 65.425 0
154116 20.25 20.0 65.425 0
154147 20.25 20.0 65.362 0
154218 20.25 20.0 65.362 0
154248 20.25 20.0 65.362 0
154318 20.0 20.0 65.3 0
154349 20.0 20.0 65.237 0
154420 20.0 20.0 65.175 0
154450 20.0 20.0 65.112 0
154520 20.0 20.0 65.05 0
154551 20.125 20.0 64.987 0
154621 20.125 20.0 64.987 0
154651 20.125 20.0 64.925 0
154722 20.125 20.0 64.862 0
154752 20.125 20.0 64.8 0
154823 20.187 20.0 64.8 0
154854 20.187 20.0 64.737 0
154925 20.187 20.0 64.737 0
154955 20.187 20.0 64.675 0
155028 19.937 20.0 64.612 50
155058 19.937 20.0 64.55 50
155129 19.937 20.0 64.425 50
155159 19.937 20.0 64.175 50
155230 19.937 20.0 63.675 50
155300 19.937 20.0 62.925 50
155330 19.937 20.0 61.925 50
155400 19.937 20.0 60.612 50
155431 19.937 20.0 59.175 0
155502 19.937 20.0 58.112 0
155533 20.125 20.0 57.362 0
155603 20.125 20.0 56.925 0
155633 20.125 20.0 56.612 0
155704 20.125 20.0 56.425 0
155734 20.125 20.0 56.237 0
155805 20.0 20.0 56.175 0
155835 20.0 20.0 56.175 0
155906 20.0 20.0 56.112 0
155937 20.0 20.0 55.987 0
160007 20.0 20.0 56.05 0
160038 20.062 20.0 55.862 0
160109 20.062 20.0 55.675 0
160139 20.062 20.0 55.362 0
160210 20.062 20.0 55.237 0
160241 20.062 20.0 55.175 0
160311 20.187 20.0 55.175 0
160342 20.187 20.0 55.362 0
160412 20.187 20.0 55.675 0
160443 20.187 20.0 56.175 0
160514 20.187 20.0 56.8 0
160544 20.062 20.0 57.612 0
160615 20.062 20.0 58.612 0
160646 20.062 20.0 59.675 0
160716 20.062 20.0 60.675 0
160746 20.062 20.0 61.737 0
160817 20.0 20.0 62.675 0
160848 20.0 20.0 63.675 0
160918 20.0 20.0 64.362 0
160949 20.0 20.0 64.987 0
161020 20.0 20.0 65.425 0
161050 20.187 20.0 65.862 0
161121 20.187 20.0 66.175 0
161152 20.187 20.0 66.425 0
161222 20.187 20.0 66.612 0
161253 20.187 20.0 66.8 0
161323 20.0 20.0 66.925 0
161354 20.0 20.0 66.987 0
161425 20.0 20.0 67.05 0
161455 20.0 20.0 67.05 0
161525 20.0 20.0 67.3 0
161556 19.937 20.0 67.425 50
161627 19.937 20.0 67.487 50
161657 19.937 20.0 67.487 50
161728 19.937 20.0 67.612 50
161801 20.062 20.0 67.675 0
161831 20.062 20.0 67.675 0
161902 20.062 20.0 67.737 0
161933 20.062 20.0 67.737 0
162003 20.062 20.0 67.737 0
162034 20.0 20.0 67.8 0
162104 20.0 20.0 67.862 0
162134 20.0 20.0 67.862 0
162205 20.0 20.0 67.862 0
162236 20.0 20.0 67.862 0
162306 19.937 20.0 67.925 50
162337 19.937 20.0 67.925 50
162407 19.937 20.0 67.925 50
162437 19.937 20.0 67.925 50
162508 19.937 20.0 67.925 50
162538 20.125 20.0 67.925 0
162609 20.125 20.0 67.925 0
162640 20.125 20.0 67.862 0
162711 20.125 20.0 67.862 0
162741 20.125 20.0 67.862 0
162811 20.25 20.0 67.862 0
162842 20.25 20.0 67.8 0
162913 20.25 20.0 67.8 0
162943 20.25 20.0 67.8 0
163014 20.25 20.0 67.737 0
163045 20.125 20.0 67.737 0
163116 20.125 20.0 67.737 0
163146 20.125 20.0 67.737 0
163217 20.125 20.0 67.737 0
163247 20.125 20.0 67.737 0
163318 20.25 20.0 67.737 0
163349 20.25 20.0 67.737 0
163419 20.25 20.0 67.737 0
163449 20.25 20.0 67.675 0
163519 20.25 20.0 67.675 0
163549 20.312 20.0 67.675 0
163619 20.312 20.0 67.612 0
163650 20.312 20.0 67.612 0
163721 20.312 20.0 67.612 0
163751 20.312 20.0 67.55 0
163821 20.125 20.0 67.55 0
163852 20.125 20.0 67.55 0
163922 20.125 20.0 67.487 0
163952 20.125 20.0 67.487 0
164023 20.125 20.0 67.425 0
164053 20.25 20.0 67.425 0
164124 20.25 20.0 67.362 0
164154 20.25 20.0 67.362 0
164224 20.25 20.0 67.362 0
164254 20.25 20.0 67.3 0
164325 20.312 20.0 67.3 0
164356 20.312 20.0 67.3 0
164426 20.312 20.0 67.237 0
164457 20.312 20.0 67.237 0
164528 20.312 20.0 67.237 0
164558 20.062 20.0 67.175 0
164629 20.062 20.0 67.175 0
164659 20.062 20.0 67.112 0
164730 20.062 20.0 67.112 0
164800 20.062 20.0 67.05 0
164830 20.125 20.0 67.05 0
164901 20.125 20.0 67.05 0
164931 20.125 20.0 66.987 0
165002 20.125 20.0 66.987 0
165035 20.25 20.0 66.925 0
165105 20.25 20.0 66.925 0
165136 20.25 20.0 66.862 0
165207 20.25 20.0 66.8 0
165237 20.25 20.0 66.8 0
165308 20.062 20.0 66.737 0
165338 20.062 20.0 66.675 0
165409 20.062 20.0 66.55 0
165439 20.062 20.0 66.487 0
165510 20.062 20.0 66.425 0
165541 20.062 20.0 66.362 0
165611 20.062 20.0 66.3 0
165642 20.062 20.0 66.237 0
165713 20.062 20.0 66.237 0
165743 20.062 20.0 66.175 0
165814 20.187 20.0 66.112 0
165845 20.187 20.0 66.05 0
165915 20.187 20.0 66.05 0
165946 20.187 20.0 65.987 0
170017 20.187 20.0 65.925 0
170047 20.0 20.0 65.925 0
170117 20.0 20.0 65.862 0
170148 20.0 20.0 65.8 0
170219 20.0 20.0 65.8 0
170249 20.0 20.0 65.737 0
170320 19.875 20.0 65.675 50
170351 19.875 20.0 65.612 50
170421 19.875 20.0 65.362 50
170451 19.875 20.0 64.987 50
170522 19.875 20.0 64.362 50
170552 20.0 20.0 63.487 50
170623 20.0 20.0 62.425 50
170654 20.0 20.0 61.175 50
170724 20.0 20.0 59.737 0
170755 20.0 20.0 58.487 0
170826 20.25 20.0 57.55 0
170856 20.25 20.0 56.987 0
170927 20.25 20.0 56.612 0
170957 20.25 20.0 56.362 0
171028 20.25 20.0 56.237 0
171059 20.5 20.0 56.175 0
171129 20.5 20.0 56.175 0
171159 20.5 20.0 56.175 0
171230 20.5 20.0 56.112 0
171301 20.5 20.0 56.05 0
171331 20.5 20.0 55.987 0
171402 20.5 20.0 55.987 0
171433 20.5 20.0 55.987 0
171503 20.5 20.0 56.112 0
171534 20.5 20.0 56.362 0
171605 20.562 20.0 56.737 0
171636 20.562 20.0 57.3 0
171706 20.562 20.0 58.05 0
171737 20.562 20.0 59.05 0
171808 20.562 20.0 60.112 0
171839 20.562 20.0 61.237 0
171910 20.562 20.0 62.362 0
171941 20.562 20.0 63.425 0
172011 20.562 20.0 64.3 0
172042 20.5 20.0 64.925 0
172112 20.5 20.0 65.487 0
172143 20.5 20.0 65.925 0
172214 20.5 20.0 66.3 0
172244 20.5 20.0 66.55 0
172315 20.562 20.0 66.737 0
172345 20.562 20.0 66.987 0
172415 20.562 20.0 67.112 0
172446 20.562 20.0 67.237 0
172517 20.562 20.0 67.362 0
172547 20.437 20.0 67.487 0
172618 20.437 20.0 67.612 0
172649 20.437 20.0 67.675 0
172719 20.437 20.0 67.8 0
172750 20.437 20.0 67.862 0
172821 20.5 20.0 67.987 0
172852 20.5 20.0 68.05 0
172922 20.5 20.0 68.112 0
172953 20.5 20.0 68.175 0
173024 20.5 20.0 68.175 0
173054 20.5 20.0 68.237 0
173124 20.5 20.0 68.237 0
173155 20.5 20.0 68.3 0
173226 20.5 20.0 68.3 0
173256 20.5 20.0 68.362 0
173326 20.437 20.0 68.362 0
173357 20.437 20.0 68.362 0
173427 20.437 20.0 68.425 0
173458 20.437 20.0 68.425 0
173528 20.437 20.0 68.425 0
173559 20.437 20.0 68.487 0
173629 20.437 20.0 68.487 0
173700 20.437 20.0 68.487 0
173730 20.437 20.0 68.55 0
173801 20.437 20.0 68.55 0
173831 20.375 20.0 68.55 0
173902 20.375 20.0 68.55 0
173933 20.375 20.0 68.612 0
174003 20.375 20.0 68.55 0
174034 20.375 20.0 68.55 0
174104 20.375 20.0 68.55 0
174135 20.375 20.0 68.55 0
174205 20.375 20.0 68.55 0
174236 20.375 20.0 68.487 0
174306 20.375 20.0 68.487 0
174337 20.312 20.0 68.487 0
174407 20.312 20.0 68.487 0
174438 20.312 20.0 68.487 0
174509 20.312 20.0 68.487 0
174541 20.25 20.0 68.487 0
174611 20.25 20.0 68.487 0
174642 20.25 20.0 68.487 0
174713 20.25 20.0 68.487 0
174743 20.25 20.0 68.425 0
174814 20.25 20.0 68.425 0
174844 20.25 20.0 68.425 0
174914 20.25 20.0 68.425 0
174944 20.25 20.0 68.425 0
175014 20.25 20.0 68.362 0
175045 20.125 20.0 68.362 0
175115 20.125 20.0 68.362 0
175146 20.125 20.0 68.362 0
175217 20.125 20.0 68.3 0
175247 20.125 20.0 68.3 0
175318 20.125 20.0 68.3 0
175349 20.125 20.0 68.3 0
175419 20.125 20.0 68.237 0
175450 20.125 20.0 68.237 0
175521 20.125 20.0 68.237 0
175551 20.062 20.0 68.237 0
175622 20.062 20.0 68.175 0
175653 20.062 20.0 68.175 0
175724 20.062 20.0 68.175 0
175754 20.062 20.0 68.175 0
175825 20.0 20.0 68.175 0
175855 20.0 20.0 68.112 0
175926 20.0 20.0 68.112 0
175957 20.0 20.0 68.112 0
180027 20.0 20.0 68.112 0
180057 20.0 20.0 68.05 0
180128 20.0 20.0 68.05 0
180159 20.0 20.0 68.05 0
180229 20.0 20.0 68.05 0
180300 20.0 20.0 68.05 0
180331 19.937 20.0 67.987 50
180401 19.937 20.0 67.987 50
180432 19.937 20.0 67.925 50
180502 19.937 20.0 67.925 50
180533 19.937 20.0 67.862 50
180604 20.062 20.5 67.8 0
180634 20.062 20.5 67.737 50
180705 20.062 20.5 67.675 50
180735 20.062 20.5 67.612 50
180806 20.062 20.5 67.425 50
180836 20.062 20.5 67.175 50
180907 20.062 20.5 66.675 50
180938 20.062 20.5 65.675 50
181008 20.062 20.5 64.05 50
181039 20.062 20.5 61.8 50
181109 20.187 20.5 58.987 0
181139 20.187 20.5 55.925 0
181210 20.187 20.5 53.237 0
181241 20.187 20.5 50.675 0
181311 20.187 20.5 48.487 0
181342 20.5 20.5 46.362 0
181412 20.5 20.5 44.8 0
181443 20.5 20.5 43.8 0
181513 20.5 20.5 43.425 0
181545 20.562 20.5 43.487 0
181616 20.562 20.5 43.987 0
181646 20.562 20.5 44.737 0
181717 20.562 20.5 45.737 0
181747 20.562 20.5 46.862 0
181818 20.687 20.5 48.05 0
181848 20.687 20.5 49.3 0
181919 20.687 20.5 50.487 0
181950 20.687 20.5 51.612 0
182021 20.687 20.5 52.675 0
182051 20.687 20.5 53.8 0
182122 20.687 20.5 54.862 0
182152 20.687 20.5 55.925 0
182223 20.687 20.5 57.05 0
182254 20.687 20.5 58.175 0
182324 20.687 20.5 59.237 0
182354 20.687 20.5 60.237 0
182425 20.687 20.5 61.237 0
182456 20.687 20.5 62.237 0
182526 20.687 20.5 63.112 0
182557 20.687 20.5 63.862 0
182628 20.687 20.5 64.487 0
182659 20.687 20.5 64.987 0
182729 20.687 20.5 65.487 0
182759 20.687 20.5 65.925 0
182830 20.687 20.5 66.3 0
182901 20.687 20.5 66.612 0
182931 20.687 20.5 66.862 0
183002 20.687 20.5 67.112 0
183033 20.687 20.5 67.237 0
183103 20.75 20.5 67.425 0
183134 20.75 20.5 67.55 0
183205 20.75 20.5 67.675 0
183235 20.75 20.5 67.8 0
183305 20.75 20.5 67.862 0
183335 20.687 20.5 67.987 0
183406 20.687 20.5 68.112 0
183437 20.687 20.5 68.237 0
183507 20.687 20.5 68.3 0
183538 20.687 20.5 68.425 0
183608 20.75 20.5 68.487 0
183639 20.75 20.5 68.55 0
183709 20.75 20.5 68.675 0
183740 20.75 20.5 68.737 0
183811 20.75 20.5 68.862 0
183841 20.625 20.5 68.925 0
183911 20.625 20.5 68.987 0
183942 20.625 20.5 69.112 0
184012 20.625 20.5 69.175 0
184043 20.625 20.5 69.237 0
184113 20.562 20.5 69.3 0
184143 20.562 20.5 69.362 0
184214 20.562 20.5 69.425 0
184245 20.562 20.5 69.487 0
184315 20.562 20.5 69.487 0
184346 20.5 20.5 69.55 0
184416 20.5 20.5 69.55 0
184447 20.5 20.5 69.612 0
184518 20.5 20.5 69.675 0
184550 20.562 20.5 69.675 0
184621 20.562 20.5 69.737 0
184651 20.562 20.5 69.737 0
184722 20.562 20.5 69.8 0
184753 20.562 20.5 69.8 0
184823 20.625 20.5 69.862 0
184853 20.625 20.5 69.862 0
184924 20.625 20.5 69.925 0
184955 20.625 20.5 69.925 0
185025 20.625 20.5 69.987 0
185056 20.687 20.5 69.987 0
185127 20.687 20.5 69.987 0
185157 20.687 20.5 70.05 50
185227 20.687 20.5 70.05 50
185258 20.687 20.5 70.112 50
185328 20.687 20.5 70.112 50
185359 20.687 20.5 70.112 50
185429 20.687 20.5 70.112 50
185500 20.687 20.5 70.175 50
185530 20.687 20.5 70.175 50
185601 20.75 20.5 70.175 50
185631 20.75 20.5 70.175 50
185701 20.75 20.5 70.175 50
185732 20.75 20.5 70.175 50
185802 20.75 20.5 70.175 50
185832 20.875 20.5 70.175 50
185902 20.875 20.5 70.112 50
185933 20.875 20.5 70.05 50
190003 20.875 20.5 69.925 0
190034 20.875 20.5 69.737 0
190104 21.0 20.5 69.675 0
190135 21.0 20.5 69.55 0
190205 21.0 20.5 69.487 0
190235 21.0 20.5 69.425 0
190306 21.0 20.5 69.362 0
190337 21.0 20.5 69.3 0
190407 21.0 20.5 69.237 0
190438 21.0 20.5 69.175 0
190508 21.0 20.5 69.112 0
190539 21.0 20.5 69.05 0
190609 21.062 20.5 68.987 0
190640 21.062 20.5 68.925 0
190710 21.062 20.5 68.862 0
190741 21.062 20.5 68.8 0
190812 21.062 20.5 68.737 0
190843 21.125 20.5 68.675 0
190913 21.125 20.5 68.675 0
190944 21.125 20.5 68.612 0
191014 21.125 20.5 68.55 0
191045 21.125 20.5 68.487 0
191116 21.125 20.5 68.425 0
191146 21.125 20.5 68.362 0
191217 21.125 20.5 68.3 0
191248 21.125 20.5 68.237 0
191318 21.125 20.5 68.237 0
191349 21.125 20.5 68.175 0
191419 21.125 20.5 68.112 0
191450 21.125 20.5 68.05 0
191520 21.125 20.5 67.987 0
191550 21.125 20.5 67.925 0
191621 21.125 20.5 67.862 0
191652 21.125 20.5 67.8 0
191722 21.125 20.5 67.737 0
191753 21.125 20.5 67.612 0
191824 21.0 20.5 67.362 0
191855 21.0 20.5 66.925 0
191925 21.0 20.5 66.237 0
191955 21.0 20.5 65.675 0
192026 21.0 20.5 65.3 0
192056 21.0 20.5 65.05 0
192127 21.0 20.5 64.8 0
192158 21.0 20.5 64.675 0
192228 21.0 20.5 64.55 0
192259 21.0 20.5 64.425 0
192330 20.875 20.5 64.362 0
192401 20.875 20.5 64.3 0
192431 20.875 20.5 64.112 0
192502 20.875 20.5 64.05 0
192533 20.875 20.5 63.987 0
192603 20.875 20.5 63.925 0
192634 20.875 20.5 63.862 0
192705 20.875 20.5 63.8 0
192736 20.875 20.5 63.737 0
192806 20.875 20.5 63.675 0
192837 20.812 20.5 63.612 0
192908 20.812 20.5 63.55 0
192938 20.812 20.5 63.487 0
193009 20.812 20.5 63.425 0
193039 20.812 20.5 63.362 0
193110 20.75 20.5 63.3 0
193140 20.75 20.5 63.237 0
193211 20.75 20.5 63.175 0
193241 20.75 20.5 63.05 0
193312 20.75 20.5 62.987 0
193342 20.812 20.5 62.925 0
193412 20.812 20.5 62.862 0
193443 20.812 20.5 62.8 0
193513 20.812 20.5 62.737 0
193544 20.812 20.5 62.675 0
193615 20.937 20.5 62.487 0
193645 20.937 20.5 62.112 0
193716 20.937 20.5 61.487 0
193746 20.937 20.5 60.612 0
193817 20.937 20.5 59.675 0
193848 20.937 20.5 58.925 0
193918 20.937 20.5 58.425 0
193949 20.937 20.5 58.112 0
194020 20.937 20.5 57.925 0
194051 20.937 20.5 57.8 0
194121 20.937 20.5 57.675 0
194151 20.937 20.5 57.675 0
194222 20.937 20.5 57.612 0
194252 20.937 20.5 57.612 0
194323 20.937 20.5 57.737 0
194353 20.875 20.5 58.05 0
194424 20.875 20.5 58.612 0
194454 20.875 20.5 59.425 0
194525 20.875 20.5 60.487 0
194557 20.875 20.5 61.675 0
194628 20.875 20.5 63.05 0
194659 20.875 20.5 64.05 0
194729 20.875 20.5 64.987 0
194759 20.875 20.5 65.737 0
194830 20.875 20.5 66.425 0
194900 20.875 20.5 67.112 0
194931 20.875 20.5 67.737 0
195001 20.875 20.5 68.425 0
195032 20.875 20.5 68.925 0
195103 20.875 20.5 69.487 0
195133 20.875 20.5 69.987 0
195204 20.875 20.5 70.487 50
195234 20.875 20.5 71.05 50
195305 20.875 20.5 71.487 50
195335 20.812 20.5 71.862 50
195406 20.812 20.5 72.175 50
195436 20.812 20.5 72.487 50
195506 20.812 20.5 72.612 50
195536 20.812 20.5 72.737 50
195607 20.812 20.5 72.925 50
195637 20.812 20.5 73.05 50
195707 20.812 20.5 73.175 50
195737 20.812 20.5 73.237 50
195808 20.812 20.5 73.362 50
195838 20.812 20.5 73.362 50
195909 20.812 20.5 73.362 50
195939 20.812 20.5 73.362 50
200009 20.812 20.5 73.3 50
200039 20.812 20.5 73.175 50
200110 21.187 20.5 72.925 50
200140 21.187 20.5 72.237 50
200210 21.187 20.5 70.925 50
200241 21.187 20.5 68.862 0
200311 21.187 20.5 67.05 0
200342 21.25 20.5 65.862 0
200412 21.25 20.5 65.112 0
200443 21.25 20.5 64.612 0
200514 21.25 20.5 64.3 0
200544 21.25 20.5 64.05 0
200614 21.25 20.5 63.925 0
200645 21.25 20.5 63.8 0
200716 21.25 20.5 63.675 0
200746 21.25 20.5 63.612 0
200816 21.25 20.5 63.55 0
200846 21.312 20.5 63.487 0
200916 21.312 20.5 63.362 0
200947 21.312 20.5 63.237 0
201017 21.312 20.5 63.237 0
201048 21.312 20.5 63.175 0
201118 21.25 20.5 62.675 0
201149 21.25 20.5 61.675 0
201219 21.25 20.5 60.425 0
201250 21.25 20.5 59.05 0
201320 21.25 20.5 57.8 0
201350 21.187 20.5 56.987 0
201421 21.187 20.5 56.487 0
201452 21.187 20.5 56.112 0
201522 21.187 20.5 55.925 0
201552 21.187 20.5 55.8 0
201623 21.187 20.5 55.737 0
201654 21.187 20.5 55.675 0
201724 21.187 20.5 55.737 0
201755 21.187 20.5 55.8 0
201825 21.187 20.5 56.05 0
201855 21.125 20.5 56.487 0
201926 21.125 20.5 57.362 0
201956 21.125 20.5 58.362 0
202026 21.125 20.5 59.55 0
202057 21.125 20.5 60.737 0
202127 21.125 20.5 61.862 0
202157 21.125 20.5 63.05 0
202227 21.125 20.5 64.112 0
202258 21.125 20.5 64.987 0
202328 21.125 20.5 65.737 0
202358 21.125 20.5 66.362 0
202429 21.125 20.5 66.987 0
202459 21.125 20.5 67.487 0
202529 21.125 20.5 67.987 0
202600 21.125 20.5 68.487 0
202630 21.062 20.5 68.925 0
202700 21.062 20.5 69.3 0
202730 21.062 20.5 69.675 0
202800 21.062 20.5 69.987 0
202833 20.937 20.5 70.3 50
202903 20.937 20.5 70.612 50
202933 20.937 20.5 70.8 50
203003 20.937 20.5 70.987 50
203034 20.937 20.5 71.175 50
203104 20.875 20.5 71.237 50
203135 20.875 20.5 71.3 50
203205 20.875 20.5 71.425 50
203235 20.875 20.5 71.487 50
203306 20.875 20.5 71.55 50
203336 20.875 20.5 71.612 50
203406 20.875 20.5 71.675 50
203437 20.875 20.5 71.737 50
203507 20.875 20.5 71.737 50
203537 20.875 20.5 71.737 50
203607 20.875 20.5 71.737 50
203637 20.875 20.5 71.675 50
203708 20.875 20.5 71.55 50
203738 20.875 20.5 71.237 50
203809 20.875 20.5 70.612 50
203839 21.0 20.5 69.55 0
203910 21.0 20.5 68.487 0
203940 21.0 20.5 67.8 0
204011 21.0 20.5 67.3 0
204042 21.0 20.5 66.987 0
204112 21.125 20.5 66.8 0
204143 21.125 20.5 66.675 0
204213 21.125 20.5 66.55 0
204244 21.125 20.5 66.425 0
204315 21.125 20.5 66.362 0
204345 21.187 20.5 66.3 0
204415 21.187 20.5 66.237 0
204446 21.187 20.5 66.112 0
204516 21.187 20.5 65.8 0
204547 21.187 20.5 65.112 0
204617 21.187 20.5 64.175 0
204648 21.187 20.5 63.175 0
204718 21.187 20.5 62.487 0
204748 21.187 20.5 61.987 0
204819 21.187 20.5 61.675 0
204849 21.125 20.5 61.487 0
204920 21.125 20.5 61.3 0
204951 21.125 20.5 61.237 0
205021 21.125 20.5 61.112 0
205052 21.125 20.5 61.05 0
205122 21.125 20.5 60.987 0
205153 21.125 20.5 60.925 0
205223 21.125 20.5 60.925 0
205253 21.125 20.5 60.862 0
205324 21.125 20.5 60.8 0
205354 21.062 20.5 60.737 0
205424 21.062 20.5 60.675 0
205455 21.062 20.5 60.612 0
205526 21.062 20.5 60.55 0
205556 21.062 20.5 60.487 0
205627 21.062 20.5 60.425 0
205658 21.062 20.5 60.362 0
205728 21.062 20.5 60.3 0
205758 21.062 20.5 60.175 0
205828 21.062 20.5 60.112 0
205858 20.875 20.5 60.05 0
205929 20.875 20.5 59.925 0
205959 20.875 20.5 59.862 0
210030 20.875 20.5 59.8 0
210100 20.875 20.5 59.675 0
210131 20.812 20.5 59.612 0
210202 20.812 20.5 59.487 0
210233 20.812 20.5 59.3 0
210303 20.812 20.5 58.925 0
210333 20.812 20.5 58.612 0
210404 20.812 20.5 58.362 0
210434 20.812 20.5 58.175 0
210505 20.812 20.5 57.987 0
210535 20.812 20.5 57.862 0
210609 20.75 20.5 57.8 0
210639 20.75 20.5 57.8 0
210709 20.75 20.5 57.8 0
210740 20.75 20.5 57.8 0
210811 20.75 20.5 57.8 0
210841 20.687 20.5 57.8 0
210912 20.687 20.5 57.8 0
210943 20.687 20.5 57.862 0
211014 20.687 20.5 57.862 0
211044 20.687 20.5 57.925 0
211115 20.625 20.5 57.925 0
211145 20.625 20.5 57.925 0
211216 20.625 20.5 57.987 0
211246 20.625 20.5 58.05 0
211317 20.625 20.5 58.05 0
211348 20.562 20.5 58.112 0
211418 20.562 20.5 58.175 0
211448 20.562 20.5 58.237 0
211518 20.562 20.5 58.3 0
211549 20.562 20.5 58.425 0
211619 20.5 20.5 58.487 0
211649 20.5 20.5 58.55 0
211720 20.5 20.5 58.612 0
211750 20.5 20.5 58.675 0
211821 20.5 20.5 58.737 0
211851 20.562 20.5 58.737 0
211921 20.562 20.5 58.8 0
211951 20.562 20.5 58.862 0
212022 20.562 20.5 58.925 0
212053 20.562 20.5 58.987 0
212123 20.625 20.5 58.987 0
212154 20.625 20.5 58.987 0
212224 20.625 20.5 59.05 0
212255 20.625 20.5 59.05 0
212325 20.625 20.5 59.112 0
212355 20.625 20.5 59.3 0
212425 20.625 20.5 59.425 0
212456 20.625 20.5 59.55 0
212527 20.625 20.5 59.675 0
212557 20.625 20.5 59.737 0
212628 20.687 20.5 59.862 0
212659 20.687 20.5 59.987 0
212729 20.687 20.5 60.05 0
212800 20.687 20.5 60.175 0
212830 20.687 20.5 60.237 0
212901 20.687 20.5 60.362 0
212932 20.687 20.5 60.425 0
213002 20.687 20.5 60.487 0
213033 20.687 20.5 60.612 0
213104 20.687 20.5 60.737 0
213135 20.687 20.5 60.8 0
213205 20.687 20.5 60.862 0
213236 20.687 20.5 60.925 0
213306 20.687 20.5 60.987 0
213336 20.687 20.5 61.05 0
213406 20.687 20.5 61.112 0
213437 20.687 20.5 61.175 0
213507 20.687 20.5 61.237 0
213537 20.687 20.5 61.237 0
213608 20.687 20.5 61.3 0
213639 20.687 20.5 61.3 0
213709 20.687 20.5 61.362 0
213740 20.687 20.5 61.362 0
213811 20.687 20.5 61.425 0
213843 20.687 20.5 61.487 0
213914 20.687 20.5 61.487 0
213945 20.687 20.5 61.487 0
214015 20.687 20.5 61.55 0
214046 20.687 20.5 61.55 0
214117 20.687 20.5 61.612 0
214147 20.687 20.5 61.612 0
214218 20.687 20.5 61.675 0
214249 20.687 20.5 61.675 0
214320 20.687 20.5 61.737 0
214350 20.687 20.5 61.737 0
214420 20.687 20.5 61.8 0
214451 20.687 20.5 61.8 0
214522 20.687 20.5 61.862 0
214552 20.687 20.5 61.925 0
214623 20.687 20.5 61.987 0
214654 20.687 20.5 62.05 0
214724 20.687 20.5 62.112 0
214755 20.687 20.5 62.175 0
214825 20.687 20.5 62.3 0
214856 20.625 20.5 62.362 0
214927 20.625 20.5 62.362 0
214957 20.625 20.5 62.425 0
215028 20.625 20.5 62.487 0
215059 20.625 20.5 62.487 0
215129 20.625 20.5 62.55 0
215200 20.625 20.5 62.55 0
215231 20.625 20.5 62.55 0
215301 20.625 20.5 62.612 0
215331 20.625 20.5 62.675 0
215402 20.625 20.5 62.675 0
215432 20.625 20.5 62.675 0
215502 20.625 20.5 62.675 0
215533 20.625 20.5 62.675 0
215603 20.625 20.5 62.737 0
215634 20.625 20.5 62.737 0
215705 20.625 20.5 62.737 0
215735 20.625 20.5 62.8 0
215806 20.625 20.5 62.8 0
215837 20.625 20.5 62.862 0
215907 20.625 20.5 62.862 0
215937 20.625 20.5 62.8 0
220008 20.625 20.5 62.862 0
220039 20.625 20.5 62.862 0
220109 20.625 20.5 62.925 0
220140 20.5 20.5 62.925 0
220210 20.5 20.5 62.925 0
220241 20.5 20.5 62.925 0
220312 20.5 20.5 62.987 0
220342 20.5 20.5 62.987 0
220412 20.562 20.5 63.05 0
220443 20.562 20.5 63.112 0
220514 20.562 20.5 63.175 0
220545 20.562 20.5 63.237 0
220617 20.5 20.5 63.237 0
220648 20.5 20.5 63.3 0
220718 20.5 20.5 63.3 0
220749 20.5 20.5 63.3 0
220820 20.5 20.5 63.3 0
220850 20.562 20.5 63.3 0
220920 20.562 20.5 63.3 0
220951 20.562 20.5 63.362 0
221022 20.562 20.5 63.362 0
221052 20.562 20.5 63.362 0
221123 20.5 20.5 63.362 0
221154 20.5 20.5 63.362 0
221224 20.5 20.5 63.425 0
221255 20.5 20.5 63.425 0
221326 20.5 20.5 63.425 0
221356 20.437 20.5 63.425 50
221427 20.437 20.5 63.487 50
221458 20.437 20.5 63.487 50
221528 20.437 20.5 63.487 50
221559 20.437 20.5 63.487 50
221629 20.5 20.5 63.55 50
221700 20.5 20.5 63.55 50
221731 20.5 20.5 63.487 50
221801 20.5 20.5 63.487 50
221832 20.5 20.5 63.487 50
221902 20.5 20.5 63.487 50
221933 20.5 20.5 63.425 50
222004 20.5 20.5 63.362 50
222034 20.5 20.5 63.3 50
222105 20.5 20.5 63.237 50
222136 20.687 20.5 63.112 0
222206 20.687 20.5 62.987 0
222237 20.687 20.5 62.862 0
222307 20.687 20.5 62.737 0
222338 20.687 20.5 62.675 0
222408 20.875 20.5 62.612 0
222439 20.875 20.5 62.55 0
222509 20.875 20.5 62.55 0
222540 20.875 20.5 62.487 0
222611 20.875 20.5 62.487 0
222642 21.0 20.5 62.425 0
222713 21.0 20.5 62.425 0
222743 21.0 20.5 62.362 0
222814 21.0 20.5 62.362 0
222845 21.0 20.5 62.3 0
222916 21.0 20.5 62.3 0
222946 21.0 20.5 62.237 0
223017 21.0 20.5 62.237 0
223048 21.0 20.5 62.237 0
223120 21.0 20.5 62.175 0
223151 21.0 20.5 62.112 0
223222 21.0 20.5 62.112 0
223253 21.0 20.5 62.05 0
223323 21.0 20.5 62.05 0
223353 21.0 20.5 61.987 0
223424 21.0 20.5 61.987 0
223455 21.0 20.5 61.925 0
223525 21.0 20.5 61.925 0
223556 21.0 20.5 61.862 0
223627 21.0 20.5 61.862 0
223658 21.0 20.5 61.8 0
223728 21.0 20.5 61.8 0
223758 21.0 20.5 61.675 0
223829 21.0 20.5 61.55 0
223859 21.0 16.0 61.3 0
223929 21.0 16.0 60.925 0
224000 21.0 16.0 60.612 0
224031 21.0 16.0 60.362 0
224101 21.0 16.0 60.237 0
224132 21.0 16.0 60.112 0
224203 21.0 16.0 59.987 0
224233 21.0 16.0 59.925 0
224304 21.0 16.0 59.862 0
224335 21.0 16.0 59.737 0
224405 20.937 16.0 59.737 0
224436 20.937 16.0 59.675 0
224506 20.937 16.0 59.612 0
224537 20.937 16.0 59.55 0
224607 20.937 16.0 59.487 0
224638 21.0 16.0 59.425 0
224708 21.0 16.0 59.362 0
224739 21.0 16.0 59.3 0
224809 21.0 16.0 59.237 0
224840 21.0 16.0 59.175 0
224911 21.062 16.0 59.112 0
224941 21.062 16.0 59.05 0
225012 21.062 16.0 58.987 0
225043 21.062 16.0 58.925 0
225114 21.062 16.0 58.862 0
225144 21.125 16.0 58.8 0
225215 21.125 16.0 58.675 0
225246 21.125 16.0 58.612 0
225316 21.125 16.0 58.55 0
225347 21.125 16.0 58.425 0
225418 21.187 16.0 58.112 0
225448 21.187 16.0 57.55 0
225519 21.187 16.0 56.737 0
225550 21.187 16.0 55.8 0
225620 21.187 16.0 54.862 0
225651 21.062 16.0 54.175 0
225722 21.062 16.0 53.737 0
225752 21.062 16.0 53.487 0
225823 21.062 16.0 53.362 0
225855 21.125 16.0 53.237 0
225926 21.125 16.0 53.237 0
225956 21.125 16.0 53.362 0
230027 21.125 10.0 53.8 0
230058 21.125 10.0 54.425 0
230129 21.187 10.0 55.362 0
230159 21.187 10.0 56.487 0
230230 21.187 10.0 57.612 0
230300 21.187 10.0 58.862 0
230331 21.187 10.0 60.112 0
230401 21.125 10.0 61.3 0
230432 21.125 10.0 62.55 0
230502 21.125 10.0 63.8 0
230533 21.125 10.0 64.8 0
230604 21.125 10.0 65.612 0
230634 21.125 10.0 66.175 0
230704 21.125 10.0 66.8 0
230735 21.125 10.0 67.362 0
230805 21.125 10.0 67.737 0
230835 21.125 10.0 68.05 0
230906 21.062 10.0 68.3 0
230937 21.062 10.0 68.55 0
231008 21.062 10.0 68.737 0
231038 21.062 10.0 68.862 0
231109 21.062 10.0 68.987 0
231139 21.062 10.0 69.175 0
231210 21.062 10.0 69.237 0
231240 21.062 10.0 69.3 0
231311 21.062 10.0 69.362 0
231341 21.062 10.0 69.487 0
231412 21.062 10.0 69.55 0
231442 21.062 10.0 69.675 0
231513 21.062 10.0 69.737 0
231543 21.062 10.0 69.8 0
231613 21.062 10.0 69.862 0
231644 21.062 10.0 69.987 0
231714 21.062 10.0 70.05 50
231745 21.062 10.0 70.175 50
231815 21.062 10.0 70.237 50
231846 21.062 10.0 70.362 50
231917 21.062 10.0 70.425 50
231947 21.062 10.0 70.487 50
232017 21.062 10.0 70.55 50
232048 21.062 10.0 70.55 50
232118 21.062 10.0 70.612 50
232148 21.0 10.0 70.612 50
232219 21.0 10.0 70.612 50
232249 21.0 10.0 70.675 50
232320 21.0 10.0 70.675 50
232350 21.0 10.0 70.675 50
232421 21.0 10.0 70.675 50
232452 21.0 10.0 70.612 50
232522 21.0 10.0 70.55 50
232553 21.0 10.0 70.487 50
232623 21.0 10.0 70.3 50
232654 21.375 10.0 69.925 0
232725 21.375 10.0 69.425 0
232755 21.375 10.0 68.987 0
232826 21.375 10.0 68.55 0
232856 21.375 10.0 67.737 0
232927 21.5 10.0 66.675 0
232957 21.5 10.0 65.8 0
233028 21.5 10.0 65.175 0
233058 21.5 10.0 64.8 0
233130 21.562 10.0 64.55 0
233201 21.562 10.0 64.3 0
233232 21.562 10.0 64.175 0
233303 21.562 10.0 64.05 0
233333 21.562 10.0 63.925 0
233404 21.562 10.0 63.862 0
233434 21.562 10.0 63.737 0
233505 21.562 10.0 63.675 0
233535 21.562 10.0 63.55 0
233606 21.562 10.0 63.487 0
233636 21.312 10.0 63.362 0
233707 21.312 10.0 63.3 0
233738 21.312 10.0 63.237 0
233808 21.312 10.0 63.112 0
233839 21.312 10.0 63.05 0
233910 21.687 10.0 62.925 0
233940 21.687 10.0 62.862 0
234010 21.687 10.0 62.8 0
234041 21.687 10.0 62.675 0
234111 21.687 10.0 62.612 0
234142 21.75 10.0 62.55 0
234213 21.75 10.0 62.425 0
234244 21.75 10.0 62.362 0
234314 21.75 10.0 62.237 0
234345 21.75 10.0 62.175 0
234416 21.437 10.0 62.112 0
234446 21.437 10.0 61.987 0
234517 21.437 10.0 61.925 0
234548 21.437 10.0 61.8 0
234618 21.437 10.0 61.737 0
234649 21.25 10.0 61.675 0
234720 21.25 10.0 61.55 0
234750 21.25 10.0 61.487 0
234821 21.25 10.0 61.362 0
234852 21.25 10.0 60.925 0
234922 20.687 10.0 59.925 0
234953 20.687 10.0 58.55 0
235024 20.687 10.0 56.987 0
235054 20.687 10.0 55.612 0
235125 20.687 10.0 54.737 0
235155 20.437 10.0 54.175 0
235226 20.437 10.0 53.8 0
235256 20.437 10.0 53.612 0
235327 20.437 10.0 53.425 0
235357 20.437 10.0 53.362 0
235428 20.187 10.0 53.3 0
235459 20.187 10.0 53.3 0
235529 20.187 10.0 53.3 0
235600 20.187 10.0 53.425 0
235631 20.187 10.0 53.737 0
235701 20.0 10.0 54.3 0
235731 20.0 10.0 54.925 0
235802 20.0 10.0 55.8 0
235832 20.0 10.0 56.987 0
