235926 20.437 10.0 16.487 0
235956 20.437 10.0 16.487 0
000027 20.437 10.0 16.487 0
000057 20.437 10.0 16.487 0
000127 20.437 10.0 16.487 0
000158 20.437 10.0 16.487 0
000228 20.437 10.0 16.487 0
000259 20.437 10.0 16.487 0
000329 20.437 10.0 16.487 0
000400 20.437 10.0 16.487 0
000430 20.437 10.0 16.487 0
000500 20.437 10.0 16.487 0
000530 20.437 10.0 16.487 0
000601 20.437 10.0 16.487 0
000632 20.437 10.0 16.487 0
000702 20.437 10.0 16.487 0
000733 20.437 10.0 16.487 0
000803 20.437 10.0 16.487 0
000834 20.5 10.0 16.487 0
000905 20.5 10.0 16.487 0
000935 20.5 10.0 16.487 0
001006 20.5 10.0 16.487 0
001037 20.5 10.0 16.487 0
001108 20.5 10.0 16.487 0
001138 20.5 10.0 16.487 0
001209 20.5 10.0 16.487 0
001240 20.5 10.0 16.487 0
001310 20.5 10.0 16.487 0
001341 20.5 10.0 16.487 0
001411 20.5 10.0 16.487 0
001442 20.5 10.0 16.487 0
001512 20.5 10.0 16.487 0
001542 20.5 10.0 16.487 0
001613 20.5 10.0 16.487 0
001643 20.5 10.0 16.487 0
001714 20.5 10.0 16.487 0
001745 20.5 10.0 16.487 0
001815 20.5 10.0 16.487 0
001846 20.562 10.0 16.487 0
001916 20.562 10.0 16.487 0
001946 20.562 10.0 16.487 0
002017 20.562 10.0 16.487 0
002047 20.562 10.0 16.487 0
002117 20.562 10.0 16.487 0
002147 20.562 10.0 16.487 0
002218 20.562 10.0 16.487 0
002248 20.562 10.0 16.487 0
002319 20.562 10.0 16.487 0
002349 20.562 10.0 16.487 0
002419 20.562 10.0 16.487 0
002449 20.562 10.0 16.487 0
002519 20.562 10.0 16.487 0
002549 20.562 10.0 16.487 0
002620 20.562 10.0 16.487 0
002651 20.562 10.0 16.487 0
002721 20.562 10.0 16.487 0
002752 20.562 10.0 16.487 0
002822 20.562 10.0 16.487 0
002852 20.562 10.0 16.487 0
002922 20.562 10.0 16.487 0
002953 20.562 10.0 16.487 0
003023 20.562 10.0 16.487 0
003054 20.562 10.0 16.487 0
003124 20.625 10.0 16.487 0
003154 20.625 10.0 16.487 0
003225 20.625 10.0 16.487 0
003255 20.625 10.0 16.487 0
003326 20.625 10.0 16.487 0
003356 20.625 10.0 16.487 0
003426 20.625 10.0 16.487 0
003457 20.625 10.0 16.487 0
003528 20.625 10.0 16.487 0
003600 20.625 10.0 16.487 0
003630 20.625 10.0 16.487 0
003701 20.625 10.0 16.487 0
003731 20.625 10.0 16.487 0
003802 20.625 10.0 16.487 0
003832 20.625 10.0 16.487 0
003903 20.625 10.0 16.487 0
003934 20.625 10.0 16.487 0
004004 20.625 10.0 16.487 0
004035 20.625 10.0 16.487 0
004106 20.625 10.0 16.487 0
004136 20.625 10.0 16.487 0
004207 20.625 10.0 16.487 0
004238 20.625 10.0 16.487 0
004308 20.625 10.0 16.487 0
004338 20.687 10.0 16.487 0
004409 20.687 10.0 16.487 0
004440 20.687 10.0 16.487 0
004511 20.687 10.0 16.487 0
004541 20.687 10.0 16.487 0
004612 20.687 10.0 16.487 0
004642 20.687 10.0 16.487 0
004713 20.687 10.0 16.487 0
004744 20.687 10.0 16.487 0
004814 20.687 10.0 16.487 0
004844 20.687 10.0 16.487 0
004915 20.687 10.0 16.487 0
004946 20.687 10.0 16.487 0
005016 20.687 10.0 16.487 0
005047 20.687 10.0 16.487 0
005117 20.687 10.0 16.487 0
005148 20.687 10.0 16.487 0
005218 20.687 10.0 16.487 0
005249 20.687 10.0 16.487 0
005319 20.687 10.0 16.487 0
005349 20.687 10.0 16.487 0
005419 20.687 10.0 16.487 0
005450 20.687 10.0 16.487 0
005520 20.687 10.0 16.487 0
005550 20.687 10.0 16.487 0
005620 20.687 10.0 16.487 0
005650 20.687 10.0 16.487 0
005721 20.687 10.0 16.487 0
005752 20.687 10.0 16.487 0
005822 20.687 10.0 16.487 0
005853 20.75 10.0 16.487 0
005924 20.75 10.0 16.487 0
005954 20.75 10.0 16.487 0
010025 20.75 10.0 16.487 0
010055 20.75 10.0 16.487 0
010126 20.75 10.0 16.487 0
010156 20.75 10.0 16.487 0
010226 20.75 10.0 16.487 0
010256 20.75 10.0 16.487 0
010326 20.75 10.0 16.487 0
010357 20.75 10.0 16.487 0
010428 20.75 10.0 16.487 0
010458 20.75 10.0 16.487 0
010529 20.75 10.0 16.487 0
010559 20.75 10.0 16.487 0
010630 20.687 10.0 16.487 0
010700 20.687 10.0 16.487 0
010731 20.687 10.0 16.487 0
010802 20.687 10.0 16.487 0
010835 20.75 10.0 16.487 0
010905 20.75 10.0 16.487 0
010935 20.75 10.0 16.487 0
011006 20.75 10.0 16.487 0
011037 20.75 10.0 16.487 0
011107 20.75 10.0 16.487 0
011138 20.75 10.0 16.487 0
011209 20.75 10.0 16.487 0
011239 20.75 10.0 16.487 0
011310 20.75 10.0 16.487 0
011340 20.75 10.0 16.487 0
011411 20.75 10.0 16.487 0
011442 20.75 10.0 16.487 0
011512 20.75 10.0 16.487 0
011543 20.75 10.0 16.487 0
011614 20.687 10.0 16.487 0
011645 20.687 10.0 16.487 0
011715 20.687 10.0 16.487 0
011746 20.687 10.0 16.487 0
011817 20.687 10.0 16.487 0
011847 20.75 10.0 16.487 0
011917 20.75 10.0 16.487 0
011947 20.75 10.0 16.487 0
012018 20.75 10.0 16.487 0
012048 20.75 10.0 16.487 0
012118 20.562 10.0 16.487 0
012149 20.562 10.0 16.487 0
012220 20.562 10.0 16.487 0
012250 20.562 10.0 16.487 0
012321 20.562 10.0 16.487 0
012352 20.25 10.0 16.487 0
012422 20.25 10.0 16.487 0
012452 20.25 10.0 16.487 0
012523 20.25 10.0 16.487 0
012553 20.25 10.0 16.487 0
012623 20.062 10.0 16.487 0
012654 20.062 10.0 16.487 0
012724 20.062 10.0 16.487 0
012755 20.062 10.0 16.487 0
012825 20.062 10.0 16.487 0
012856 19.875 10.0 16.487 0
012926 19.875 10.0 16.487 0
012957 19.875 10.0 16.487 0
013027 19.875 10.0 16.487 0
013058 19.875 10.0 16.487 0
013129 19.812 10.0 16.487 0
013159 19.812 10.0 16.487 0
013230 19.812 10.0 16.487 0
013301 19.812 10.0 16.487 0
013331 19.812 10.0 16.487 0
013402 19.687 10.0 16.487 0
013433 19.687 10.0 16.487 0
013503 19.687 10.0 16.487 0
013534 19.687 10.0 16.487 0
013604 19.687 10.0 16.487 0
013634 19.625 10.0 16.487 0
013705 19.625 10.0 16.487 0
013735 19.625 10.0 16.487 0
013805 19.625 10.0 16.487 0
013836 19.625 10.0 16.487 0
013906 19.562 10.0 16.487 0
013937 19.562 10.0 16.487 0
014007 19.562 10.0 16.487 0
014037 19.562 10.0 16.487 0
014110 19.5 10.0 16.487 0
014140 19.5 10.0 16.487 0
014210 19.5 10.0 16.487 0
014240 19.5 10.0 16.487 0
014311 19.5 10.0 16.487 0
014341 19.437 10.0 16.487 0
014411 19.437 10.0 16.487 0
014441 19.437 10.0 16.487 0
014512 19.437 10.0 16.487 0
014542 19.437 10.0 16.487 0
014612 19.375 10.0 16.487 0
014642 19.375 10.0 16.487 0
014713 19.375 10.0 16.487 0
014744 19.375 10.0 16.487 0
014814 19.375 10.0 16.487 0
014845 19.375 10.0 16.487 0
014916 19.375 10.0 16.487 0
014946 19.375 10.0 16.487 0
015017 19.375 10.0 16.487 0
015048 19.375 10.0 16.487 0
015118 19.312 10.0 16.487 0
015148 19.312 10.0 16.487 0
015219 19.312 10.0 16.487 0
015249 19.312 10.0 16.487 0
015320 19.312 10.0 16.487 0
015350 19.312 10.0 16.487 0
015421 19.312 10.0 16.487 0
015451 19.312 10.0 16.487 0
015522 19.312 10.0 16.487 0
015553 19.312 10.0 16.487 0
015623 19.25 10.0 16.487 0
015654 19.25 10.0 16.487 0
015724 19.25 10.0 16.487 0
015754 19.25 10.0 16.487 0
015825 19.25 10.0 16.487 0
015855 19.187 10.0 16.487 0
015926 19.187 10.0 16.487 0
015957 19.187 10.0 16.487 0
020027 19.187 10.0 16.487 0
020057 19.187 10.0 16.487 0
020127 19.187 10.0 16.487 0
020157 19.187 10.0 16.487 0
020227 19.187 10.0 16.487 0
020258 19.187 10.0 16.487 0
020329 19.187 10.0 16.487 0
020359 19.125 10.0 16.487 0
020430 19.125 10.0 16.487 0
020500 19.125 10.0 16.487 0
020531 19.125 10.0 16.487 0
020602 19.125 10.0 16.487 0
020632 19.125 10.0 16.487 0
020703 19.125 10.0 16.487 0
020733 19.125 10.0 16.487 0
020804 19.125 10.0 16.487 0
020835 19.125 10.0 16.487 0
020905 19.062 10.0 16.487 0
020936 19.062 10.0 16.487 0
021006 19.062 10.0 16.487 0
021037 19.062 10.0 16.487 0
021107 19.062 10.0 16.487 0
021137 19.062 10.0 16.487 0
021208 19.062 10.0 16.487 0
021239 19.062 10.0 16.487 0
021309 19.062 10.0 16.487 0
021340 19.062 10.0 16.487 0
021411 19.0 10.0 16.487 0
021441 19.0 10.0 16.487 0
021512 19.0 10.0 16.487 0
021542 19.0 10.0 16.487 0
021615 19.0 10.0 16.487 0
021645 19.0 10.0 16.487 0
021716 19.0 10.0 16.487 0
021746 19.0 10.0 16.487 0
021816 19.0 10.0 16.487 0
021846 18.937 10.0 16.487 0
021917 18.937 10.0 16.487 0
021947 18.937 10.0 16.487 0
022018 18.937 10.0 16.487 0
022048 18.937 10.0 16.487 0
022119 18.937 10.0 16.487 0
022150 18.937 10.0 16.487 0
022220 18.937 10.0 16.487 0
022251 18.937 10.0 16.487 0
022321 18.937 10.0 16.487 0
022352 18.937 10.0 16.487 0
022422 18.937 10.0 16.487 0
022453 18.937 10.0 16.487 0
022524 18.937 10.0 16.487 0
022554 18.937 10.0 16.487 0
022624 18.875 10.0 16.487 0
022655 18.875 10.0 16.487 0
022725 18.875 10.0 16.487 0
022755 18.875 10.0 16.487 0
022825 18.875 10.0 16.487 0
022856 18.875 10.0 16.487 0
022926 18.875 10.0 16.487 0
022957 18.875 10.0 16.487 0
023028 18.875 10.0 16.487 0
023058 18.875 10.0 16.487 0
023128 18.875 10.0 16.487 0
023158 18.875 10.0 16.487 0
023229 18.875 10.0 16.487 0
023300 18.875 10.0 16.487 0
023330 18.875 10.0 16.487 0
023401 18.812 10.0 16.487 0
023432 18.812 10.0 16.487 0
023503 18.812 10.0 16.487 0
023533 18.812 10.0 16.487 0
023603 18.812 10.0 16.487 0
023634 18.812 10.0 16.487 0
023704 18.812 10.0 16.487 0
023735 18.812 10.0 16.487 0
023806 18.812 10.0 16.487 0
023837 18.812 10.0 16.487 0
023907 18.812 10.0 16.487 0
023937 18.812 10.0 16.487 0
024007 18.812 10.0 16.487 0
024038 18.812 10.0 16.487 0
024108 18.812 10.0 16.487 0
024139 18.75 10.0 16.487 0
024209 18.75 10.0 16.487 0
024239 18.75 10.0 16.487 0
024310 18.75 10.0 16.487 0
024340 18.75 10.0 16.487 0
024410 18.75 10.0 16.487 0
024440 18.75 10.0 16.487 0
024511 18.75 10.0 16.487 0
024541 18.75 10.0 16.487 0
024611 18.75 10.0 16.487 0
024642 18.75 10.0 16.487 0
024713 18.75 10.0 16.487 0
024743 18.75 10.0 16.487 0
024814 18.75 10.0 16.487 0
024844 18.75 10.0 16.487 0
024915 18.75 10.0 16.487 0
024946 18.75 10.0 16.487 0
025017 18.75 10.0 16.487 0
025047 18.75 10.0 16.487 0
025120 18.687 10.0 16.487 0
025150 18.687 10.0 16.487 0
025221 18.687 10.0 16.487 0
025251 18.687 10.0 16.487 0
025322 18.687 10.0 16.487 0
025353 18.687 10.0 16.487 0
025423 18.687 10.0 16.487 0
025454 18.687 10.0 16.487 0
025524 18.687 10.0 16.487 0
025555 18.687 10.0 16.487 0
025626 18.625 10.0 16.487 0
025656 18.625 10.0 16.487 0
025727 18.625 10.0 16.487 0
025757 18.625 10.0 16.425 0
025828 18.625 10.0 16.487 0
025859 18.625 10.0 16.487 0
025929 18.625 10.0 16.487 0
030000 18.625 10.0 16.487 0
030030 18.625 10.0 16.425 0
030101 18.625 10.0 16.487 0
030131 18.625 10.0 16.487 0
030202 18.625 10.0 16.487 0
030233 18.625 10.0 16.487 0
030303 18.625 10.0 16.487 0
030334 18.625 10.0 16.487 0
030404 18.625 10.0 16.487 0
030435 18.625 10.0 16.487 0
030506 18.625 10.0 16.487 0
030536 18.625 10.0 16.487 0
030607 18.625 10.0 16.425 0
030638 18.625 10.0 16.487 0
030708 18.625 10.0 16.487 0
030739 18.625 10.0 16.487 0
030810 18.625 10.0 16.487 0
030840 18.625 10.0 16.487 0
030911 18.562 10.0 16.487 0
030942 18.562 10.0 16.425 0
031012 18.562 10.0 16.487 0
031043 18.562 10.0 16.487 0
031113 18.562 10.0 16.487 0
031144 18.562 10.0 16.487 0
031215 18.562 10.0 16.487 0
031245 18.562 10.0 16.487 0
031316 18.562 10.0 16.487 0
031347 18.562 10.0 16.487 0
031417 18.5 10.0 16.425 0
031448 18.5 10.0 16.487 0
031518 18.5 10.0 16.425 0
031549 18.5 10.0 16.487 0
031619 18.5 10.0 16.487 0
031650 18.562 10.0 16.487 0
031721 18.562 10.0 16.487 0
031751 18.562 10.0 16.487 0
031822 18.562 10.0 16.425 0
031855 18.5 10.0 16.425 0
031925 18.5 10.0 16.487 0
031956 18.5 10.0 16.425 0
032027 18.5 10.0 16.425 0
032057 18.5 10.0 16.425 0
032127 18.5 10.0 16.425 0
032157 18.5 10.0 16.425 0
032227 18.5 10.0 16.487 0
032258 18.5 10.0 16.487 0
032328 18.5 10.0 16.487 0
032359 18.5 10.0 16.425 0
032430 18.5 10.0 16.425 0
032500 18.5 10.0 16.425 0
032531 18.5 10.0 16.487 0
032602 18.5 10.0 16.487 0
032632 18.437 10.0 16.487 0
032702 18.437 10.0 16.487 0
032733 18.437 10.0 16.487 0
032803 18.437 10.0 16.487 0
032834 18.437 10.0 16.487 0
032905 18.437 10.0 16.425 0
032935 18.437 10.0 16.487 0
033006 18.437 10.0 16.487 0
033036 18.437 10.0 16.487 0
033107 18.437 10.0 16.425 0
033138 18.437 10.0 16.487 0
033208 18.437 10.0 16.425 0
033239 18.437 10.0 16.425 0
033309 18.437 10.0 16.487 0
033340 18.437 10.0 16.425 0
033411 18.437 10.0 16.487 0
033441 18.437 10.0 16.487 0
033512 18.437 10.0 16.425 0
033542 18.437 10.0 16.425 0
033613 18.437 10.0 16.487 0
033643 18.437 10.0 16.425 0
033714 18.437 10.0 16.425 0
033744 18.437 10.0 16.425 0
033815 18.437 10.0 16.425 0
033846 18.437 10.0 16.425 0
033916 18.375 10.0 16.487 0
033947 18.375 10.0 16.487 0
034017 18.375 10.0 16.487 0
034047 18.375 10.0 16.425 0
034118 18.375 10.0 16.425 0
034148 18.375 10.0 16.487 0
034219 18.375 10.0 16.487 0
034249 18.375 10.0 16.425 0
034320 18.375 10.0 16.425 0
034350 18.375 10.0 16.425 0
034420 18.375 10.0 16.425 0
034450 18.375 10.0 16.425 0
034520 18.375 10.0 16.487 0
034550 18.375 10.0 16.425 0
034621 18.375 10.0 16.425 0
034651 18.375 10.0 16.425 0
034721 18.375 10.0 16.487 0
034752 18.375 10.0 16.487 0
034823 18.375 10.0 16.425 0
034853 18.375 10.0 16.425 0
034923 18.375 10.0 16.425 0
034954 18.375 10.0 16.425 0
035024 18.375 10.0 16.425 0
035055 18.375 10.0 16.425 0
035128 18.312 10.0 16.487 0
035158 18.312 10.0 16.425 0
035229 18.312 10.0 16.425 0
035300 18.312 10.0 16.487 0
035331 18.312 10.0 16.425 0
035401 18.312 10.0 16.425 0
035432 18.312 10.0 16.487 0
035502 18.312 10.0 16.425 0
035533 18.312 10.0 16.487 0
035603 18.312 10.0 16.425 0
035633 18.25 10.0 16.425 0
035703 18.25 10.0 16.425 0
035734 18.25 10.0 16.487 0
035804 18.25 10.0 16.425 0
035835 18.25 10.0 16.425 0
035905 18.25 10.0 16.425 0
035936 18.25 10.0 16.425 0
040006 18.25 10.0 16.425 0
040037 18.25 10.0 16.425 0
040108 18.25 10.0 16.425 0
040138 18.25 10.0 16.425 0
040209 18.25 10.0 16.425 0
040239 18.25 10.0 16.425 0
040310 18.25 10.0 16.425 0
040340 18.25 10.0 16.425 0
040411 18.25 10.0 16.425 0
040441 18.25 10.0 16.425 0
040512 18.25 10.0 16.425 0
040543 18.25 10.0 16.425 0
040613 18.25 10.0 16.425 0
040643 18.25 10.0 16.425 0
040714 18.25 10.0 16.425 0
040744 18.25 10.0 16.425 0
040814 18.25 10.0 16.425 0
040845 18.25 10.0 16.425 0
040915 18.187 10.0 16.425 0
040946 18.187 10.0 16.425 0
041016 18.187 10.0 16.425 0
041047 18.187 10.0 16.425 0
041118 18.187 10.0 16.425 0
041148 18.187 10.0 16.425 0
041219 18.187 10.0 16.425 0
041249 18.187 10.0 16.425 0
041319 18.187 10.0 16.425 0
041350 18.187 10.0 16.425 0
041420 18.25 10.0 16.425 0
041450 18.25 10.0 16.425 0
041521 18.25 10.0 16.425 0
041551 18.25 10.0 16.425 0
041622 18.25 10.0 16.425 0
041652 18.187 10.0 16.425 0
041722 18.187 10.0 16.425 0
041753 18.187 10.0 16.425 0
041824 18.187 10.0 16.425 0
041854 18.187 10.0 16.425 0
041924 18.187 10.0 16.425 0
041954 18.187 10.0 16.425 0
042024 18.187 10.0 16.425 0
042055 18.187 10.0 16.425 0
042126 18.187 10.0 16.425 0
042156 18.125 10.0 16.425 0
042227 18.125 10.0 16.425 0
042257 18.125 10.0 16.425 0
042328 18.125 10.0 16.425 0
042359 18.125 10.0 16.425 0
042429 18.125 10.0 16.425 0
042500 18.125 10.0 16.425 0
042530 18.125 10.0 16.425 0
042601 18.125 10.0 16.425 0
042633 18.125 10.0 16.425 0
042704 18.125 10.0 16.425 0
042734 18.125 10.0 16.425 0
042805 18.125 10.0 16.425 0
042835 18.125 10.0 16.425 0
042906 18.125 10.0 16.425 0
042936 18.125 10.0 16.425 0
043007 18.125 10.0 16.425 0
043038 18.125 10.0 16.425 0
043108 18.125 10.0 16.425 0
043139 18.125 10.0 16.425 0
043209 18.125 10.0 16.425 0
043240 18.125 10.0 16.425 0
043310 18.125 10.0 16.425 0
043341 18.125 10.0 16.425 0
043412 18.125 10.0 16.425 0
043442 18.125 10.0 16.425 0
043512 18.125 10.0 16.425 0
043543 18.125 10.0 16.425 0
043614 18.125 10.0 16.425 0
043645 18.125 10.0 16.425 0
043715 18.125 10.0 16.425 0
043745 18.125 10.0 16.425 0
043816 18.125 10.0 16.425 0
043846 18.125 10.0 16.425 0
043917 18.125 10.0 16.425 0
043947 18.125 10.0 16.425 0
044018 18.125 10.0 16.425 0
044048 18.125 10.0 16.425 0
044119 18.125 10.0 16.425 0
044149 18.062 10.0 16.425 0
044219 18.062 10.0 16.425 0
044249 18.062 10.0 16.425 0
044320 18.062 10.0 16.425 0
044350 18.062 10.0 16.425 0
044421 18.062 10.0 16.425 0
044451 18.062 10.0 16.425 0
044521 18.062 10.0 16.425 0
044551 18.062 10.0 16.425 0
044621 18.062 10.0 16.425 0
044652 18.062 10.0 16.425 0
044722 18.062 10.0 16.425 0
044752 18.062 10.0 16.425 0
044822 18.062 10.0 16.425 0
044853 18.062 10.0 16.425 0
044923 18.062 10.0 16.425 0
044954 18.062 10.0 16.425 0
045025 18.062 10.0 16.425 0
045055 18.062 10.0 16.425 0
045126 18.062 10.0 16.425 0
045156 18.062 10.0 16.425 0
045227 18.062 10.0 16.425 0
045257 18.062 10.0 16.425 0
045328 18.062 10.0 16.425 0
045359 18.062 10.0 16.425 0
045429 18.0 10.0 16.425 0
045500 18.0 10.0 16.425 0
045530 18.0 10.0 16.425 0
045601 18.0 10.0 16.425 0
045631 18.0 10.0 16.425 0
045702 18.0 10.0 16.425 0
045733 18.0 10.0 16.425 0
045803 18.0 10.0 16.425 0
045834 18.0 10.0 16.425 0
045904 18.0 10.0 16.425 0
045934 18.0 10.0 16.425 0
050005 18.0 10.0 16.425 0
050036 18.0 10.0 16.425 0
050107 18.0 10.0 16.425 0
050139 18.0 10.0 16.425 0
050209 18.0 10.0 16.425 0
050239 18.0 10.0 16.425 0
050310 18.0 10.0 16.425 0
050340 18.0 10.0 16.425 0
050410 18.0 10.0 16.425 0
050440 18.0 10.0 16.425 0
050511 18.0 10.0 16.425 0
050542 18.0 10.0 16.425 0
050612 18.0 10.0 16.425 0
050643 18.0 10.0 16.425 0
050713 18.0 10.0 16.425 0
050743 18.0 10.0 16.425 0
050814 18.0 10.0 16.425 0
050844 18.0 10.0 16.425 0
050915 18.0 10.0 16.425 0
050945 18.0 10.0 16.425 0
051016 18.0 10.0 16.425 0
051047 18.0 10.0 16.425 0
051117 18.0 10.0 16.425 0
051148 18.0 10.0 16.425 0
051219 18.0 10.0 16.425 0
051249 18.0 10.0 16.425 0
051320 18.0 10.0 16.425 0
051350 18.0 10.0 16.425 0
051421 17.937 10.0 16.425 0
051452 17.937 10.0 16.425 0
051522 17.937 10.0 16.425 0
051553 17.937 10.0 16.425 0
051624 17.937 10.0 16.425 0
051654 17.937 10.0 16.425 0
051724 17.937 10.0 16.425 0
051755 17.937 10.0 16.425 0
051825 17.937 10.0 16.425 0
051856 17.937 10.0 16.425 0
051926 17.937 10.0 16.425 0
051956 17.937 10.0 16.425 0
052026 17.937 10.0 16.425 0
052057 17.937 10.0 16.425 0
052127 17.937 10.0 16.425 0
052158 17.937 10.0 16.425 0
052228 17.937 10.0 16.425 0
052258 17.937 10.0 16.425 0
052329 17.937 10.0 16.425 0
052359 17.937 10.0 16.425 0
052430 17.937 10.0 16.425 0
052500 17.937 10.0 16.425 0
052530 17.937 10.0 16.425 0
052601 17.937 10.0 16.425 0
052631 17.937 10.0 16.425 0
052702 17.937 10.0 16.425 0
052732 17.937 10.0 16.425 0
052802 17.937 10.0 16.425 0
052833 17.937 10.0 16.425 0
052903 17.937 10.0 16.425 0
052934 17.937 10.0 16.425 0
053005 17.937 10.0 16.425 0
053035 17.937 10.0 16.425 0
053106 17.937 10.0 16.425 0
053136 17.937 10.0 16.425 0
053207 17.875 10.0 16.425 0
053238 17.875 10.0 16.425 0
053309 17.875 10.0 16.425 0
053339 17.875 10.0 16.425 0
053410 17.875 10.0 16.425 0
053441 17.875 10.0 16.425 0
053511 17.875 10.0 16.425 0
053541 17.875 10.0 16.425 0
053612 17.875 10.0 16.425 0
053645 17.875 10.0 16.425 0
053715 17.875 10.0 16.425 0
053746 17.875 10.0 16.425 0
053817 17.875 10.0 16.425 0
053847 17.875 10.0 16.425 0
053918 17.875 10.0 16.425 0
053948 17.875 10.0 16.425 0
054019 17.875 10.0 16.425 0
054049 17.875 10.0 16.425 0
054120 17.875 10.0 16.425 0
054151 17.875 10.0 16.425 0
054221 17.875 10.0 16.425 0
054252 17.875 10.0 16.425 0
054323 17.875 10.0 16.425 0
054353 17.875 10.0 16.425 0
054424 17.875 10.0 16.425 0
054455 17.875 10.0 16.425 0
054525 17.875 10.0 16.425 0
054555 17.875 10.0 16.425 0
054626 17.875 10.0 16.425 0
054656 17.875 10.0 16.425 0
054726 17.875 10.0 16.425 0
054757 17.875 10.0 16.425 0
054827 17.875 10.0 16.425 0
054858 17.875 10.0 16.425 0
054928 17.875 10.0 16.425 0
054958 17.875 10.0 16.425 0
055029 17.875 10.0 16.425 0
055059 17.875 10.0 16.425 0
055130 17.875 10.0 16.425 0
055201 17.875 10.0 16.425 0
055231 17.875 10.0 16.425 0
055302 17.875 10.0 16.425 0
055333 17.875 10.0 16.425 0
055404 17.875 10.0 16.425 0
055435 17.812 10.0 16.425 0
055505 17.812 10.0 16.425 0
055536 17.812 10.0 16.425 0
055606 17.812 10.0 16.425 0
055636 17.812 10.0 16.425 0
055707 17.812 10.0 16.425 0
055737 17.812 10.0 16.425 0
055808 17.812 10.0 16.425 0
055839 17.812 10.0 16.425 0
055909 17.812 10.0 16.425 0
055939 17.812 10.0 16.425 0
060010 17.812 10.0 16.425 0
060041 17.812 10.0 16.425 0
060111 17.812 10.0 16.425 0
060142 17.812 10.0 16.425 0
060212 17.812 10.0 16.425 0
060242 17.812 10.0 16.425 0
060313 17.812 10.0 16.425 0
060343 17.812 10.0 16.425 0
060413 17.812 10.0 16.425 0
060444 17.812 10.0 16.425 0
060514 17.812 10.0 16.425 0
060545 17.812 10.0 16.425 0
060615 17.812 10.0 16.425 0
060646 17.812 10.0 16.425 0
060716 17.812 10.0 16.425 0
060747 17.812 10.0 16.425 0
060818 17.812 10.0 16.425 0
060848 17.812 10.0 16.425 0
060920 17.812 10.0 16.425 0
060951 17.812 10.0 16.425 0
061021 17.812 10.0 16.425 0
061052 17.812 10.0 16.425 0
061123 17.812 10.0 16.425 0
061153 17.812 10.0 16.425 0
061224 17.812 10.0 16.425 0
061255 17.812 10.0 16.425 0
061326 17.812 10.0 16.425 0
061356 17.812 10.0 16.425 0
061428 17.812 10.0 16.425 0
061459 17.812 10.0 16.425 0
061529 17.812 10.0 16.425 0
061600 17.812 10.0 16.425 0
061631 17.812 10.0 16.425 0
061701 17.75 10.0 16.425 0
061731 17.75 10.0 16.425 0
061802 17.75 10.0 16.425 0
061832 17.75 10.0 16.425 0
061903 17.75 10.0 16.425 0
061934 17.75 10.0 16.425 0
062004 17.75 10.0 16.425 0
062034 17.75 10.0 16.425 0
062104 17.75 10.0 16.425 0
062135 17.75 10.0 16.425 0
062205 17.75 10.0 16.425 0
062236 17.75 10.0 16.425 0
062306 17.75 10.0 16.425 0
062337 17.75 10.0 16.425 0
062407 17.75 10.0 16.425 0
062438 17.75 10.0 16.425 0
062508 17.75 10.0 16.425 0
062539 17.75 10.0 16.425 0
062609 17.75 10.0 16.425 0
062639 17.75 10.0 16.425 0
062710 17.687 10.0 16.425 0
062740 17.687 10.0 16.425 0
062811 17.687 10.0 16.425 0
062842 17.687 10.0 16.425 0
062912 17.687 10.0 16.425 0
062943 17.75 10.0 16.425 0
063014 17.75 10.0 16.425 0
063045 17.75 10.0 16.425 0
063115 17.75 10.0 16.425 0
063146 17.75 10.0 16.425 0
063217 17.75 10.0 16.425 0
063247 17.75 10.0 16.425 0
063318 17.75 10.0 16.425 0
063349 17.75 10.0 16.425 0
063419 17.75 10.0 16.425 0
063450 17.687 10.0 16.425 0
063520 17.687 10.0 16.425 0
063551 17.687 10.0 16.425 0
063621 17.687 10.0 16.425 0
063654 17.687 10.0 16.425 0
063725 17.687 10.0 16.425 0
063755 17.687 10.0 16.425 0
063826 17.687 10.0 16.425 0
063857 17.687 10.0 16.425 0
063928 17.687 10.0 16.425 0
063958 17.687 10.0 16.425 0
064028 17.687 10.0 16.425 0
064059 17.687 10.0 16.425 0
064130 17.687 10.0 16.425 0
064200 17.687 10.0 16.425 0
064231 17.687 10.0 16.425 0
064301 17.687 10.0 16.425 0
064331 17.687 10.0 16.425 0
064402 17.687 10.0 16.425 0
064432 17.75 10.0 16.425 0
064503 17.75 10.0 16.425 0
064534 17.75 10.0 16.425 0
064604 17.75 10.0 16.425 0
064635 17.75 10.0 16.425 0
064705 17.75 10.0 16.425 0
064735 17.75 10.0 16.425 0
064805 17.75 10.0 16.425 0
064836 17.75 10.0 16.425 0
064906 17.75 10.0 16.425 0
064936 17.687 10.0 16.425 0
065007 17.687 10.0 16.425 0
065037 17.687 10.0 16.425 0
065108 17.687 10.0 16.425 0
065138 17.687 10.0 16.425 0
065208 17.687 10.0 16.425 0
065239 17.687 10.0 16.425 0
065309 17.687 10.0 16.425 0
065340 17.687 10.0 16.425 0
065411 17.687 10.0 16.425 0
065441 17.687 10.0 16.425 0
065512 17.687 10.0 16.425 0
065542 17.687 10.0 16.425 0
065613 17.687 10.0 16.425 0
065643 17.687 10.0 16.425 0
065713 17.687 10.0 16.425 0
065744 17.687 10.0 16.425 0
065814 17.687 10.0 16.425 0
065845 17.687 10.0 16.425 0
065915 17.687 10.0 16.425 0
065946 17.687 10.0 16.425 0
070016 17.687 10.0 16.425 0
070046 17.687 10.0 16.425 0
070116 17.687 10.0 16.425 0
070147 17.687 10.0 16.425 0
070217 17.687 10.0 16.425 0
070247 17.687 10.0 16.425 0
070317 17.687 10.0 16.425 0
070348 17.687 10.0 16.425 0
070418 17.687 10.0 16.425 0
070449 17.625 10.0 16.425 0
070520 17.625 10.0 16.425 0
070550 17.625 10.0 16.425 0
070621 17.625 10.0 16.425 0
070652 17.625 10.0 16.425 0
070722 17.625 10.0 16.425 0
070753 17.625 10.0 16.425 0
070824 17.625 10.0 16.425 0
070854 17.625 10.0 16.425 0
070925 17.625 10.0 16.425 0
070955 17.625 10.0 16.425 0
071025 17.625 10.0 16.425 0
071056 17.625 10.0 16.425 0
071126 17.625 10.0 16.425 0
071156 17.625 10.0 16.425 0
071226 17.625 10.0 16.425 0
071256 17.625 10.0 16.425 0
071327 17.625 10.0 16.425 0
071357 17.625 10.0 16.425 0
071427 17.625 10.0 16.425 0
071458 17.625 10.0 16.425 0
071529 17.625 10.0 16.425 0
071559 17.625 10.0 16.425 0
071630 17.625 10.0 16.425 0
071702 17.562 10.0 16.425 0
071732 17.562 10.0 16.425 0
071803 17.562 10.0 16.425 0
071833 17.562 10.0 16.425 0
071904 17.562 10.0 16.425 0
071934 17.625 10.0 16.425 0
072005 17.625 10.0 16.425 0
072036 17.625 10.0 16.425 0
072106 17.625 10.0 16.425 0
072136 17.625 10.0 16.425 0
072206 17.562 10.0 16.425 0
072237 17.562 10.0 16.425 0
072308 17.562 10.0 16.425 0
072338 17.562 10.0 16.425 0
072409 17.562 10.0 16.425 0
072439 17.562 10.0 16.425 0
072510 17.562 10.0 16.425 0
072541 17.562 10.0 16.425 0
072611 17.562 10.0 16.425 0
072642 17.562 10.0 16.425 0
072712 17.562 10.0 16.425 0
072742 17.562 10.0 16.425 0
072813 17.562 10.0 16.425 0
072843 17.562 10.0 16.362 0
072914 17.562 10.0 16.425 0
072944 17.562 10.0 16.425 0
073014 17.562 10.0 16.425 0
073044 17.562 10.0 16.425 0
073115 17.562 10.0 16.425 0
073145 17.562 10.0 16.425 0
073215 17.562 10.0 16.425 0
073245 17.562 10.0 16.425 0
073315 17.562 10.0 16.425 0
073346 17.562 10.0 16.425 0
073417 17.562 10.0 16.425 0
073447 17.562 10.0 16.425 0
073517 17.562 10.0 16.425 0
073547 17.562 10.0 16.425 0
073618 17.562 10.0 16.425 0
073648 17.562 10.0 16.425 0
073718 17.562 10.0 16.425 0
073748 17.562 10.0 16.425 0
073819 17.562 10.0 16.362 0
073849 17.562 10.0 16.425 0
073920 17.562 10.0 16.425 0
073950 17.562 10.0 16.425 0
074021 17.562 10.0 16.425 0
074051 17.562 10.0 16.425 0
074121 17.562 10.0 16.425 0
074152 17.562 10.0 16.425 0
074222 17.562 10.0 16.425 0
074252 17.562 10.0 16.362 0
074323 17.562 10.0 16.425 0
074353 17.562 10.0 16.425 0
074423 17.562 10.0 16.425 0
074453 17.562 10.0 16.425 0
074524 17.562 10.0 16.425 0
074554 17.562 10.0 16.425 0
074625 17.562 10.0 16.425 0
074655 17.562 10.0 16.425 0
074725 17.562 10.0 16.425 0
074756 17.562 10.0 16.362 0
074826 17.562 10.0 16.425 0
074856 17.562 10.0 16.425 0
074927 17.562 10.0 16.425 0
074958 17.562 10.0 16.362 0
075028 17.562 10.0 16.362 0
075059 17.562 10.0 16.425 0
075129 17.562 10.0 16.425 0
075159 17.562 10.0 16.425 0
075229 17.5 10.0 16.362 0
075300 17.5 10.0 16.425 0
075331 17.5 10.0 16.425 0
075401 17.5 10.0 16.362 0
075431 17.5 10.0 16.362 0
075502 17.5 10.0 16.425 0
075532 17.5 10.0 16.425 0
075602 17.5 10.0 16.425 0
075633 17.5 10.0 16.425 0
075703 17.5 10.0 16.425 0
075733 17.5 10.0 16.425 0
075803 17.5 10.0 16.362 0
075834 17.5 10.0 16.362 0
075904 17.5 10.0 16.362 0
075934 17.5 10.0 16.362 0
080005 17.5 10.0 16.425 0
080035 17.5 10.0 16.425 0
080106 17.5 10.0 16.362 0
080137 17.5 10.0 16.362 0
080209 17.5 10.0 16.362 0
080239 17.5 10.0 16.425 0
080310 17.5 10.0 16.362 0
080340 17.5 10.0 16.425 0
080410 17.5 10.0 16.362 0
080440 17.5 10.0 16.362 0
080511 17.5 10.0 16.362 0
080542 17.5 10.0 16.362 0
080612 17.5 10.0 16.362 0
080643 17.5 10.0 16.362 0
080714 17.5 10.0 16.362 0
080744 17.5 10.0 16.362 0
080814 17.5 10.0 16.362 0
080844 17.5 10.0 16.362 0
080914 17.5 10.0 16.362 0
080945 17.5 10.0 16.362 0
081015 17.5 10.0 16.362 0
081046 17.5 10.0 16.362 0
081116 17.5 10.0 16.362 0
081147 17.5 10.0 16.362 0
081218 17.5 10.0 16.425 0
081248 17.5 10.0 16.362 0
081319 17.5 10.0 16.362 0
081349 17.5 10.0 16.425 0
081419 17.5 10.0 16.362 0
081449 17.437 10.0 16.362 0
081520 17.437 10.0 16.362 0
081550 17.437 10.0 16.362 0
081621 17.437 10.0 16.362 0
081651 17.437 10.0 16.362 0
081721 17.437 10.0 16.362 0
081752 17.437 10.0 16.425 0
081822 17.437 10.0 16.362 0
081852 17.437 10.0 16.362 0
081923 17.437 10.0 16.362 0
081954 17.437 10.0 16.362 0
082024 17.437 10.0 16.362 0
082055 17.437 10.0 16.362 0
082125 17.437 10.0 16.362 0
082155 17.437 10.0 16.362 0
082226 17.437 10.0 16.362 0
082256 17.437 10.0 16.362 0
082326 17.437 10.0 16.362 0
082357 17.437 10.0 16.362 0
082428 17.437 10.0 16.362 0
082458 17.437 10.0 16.362 0
082529 17.437 10.0 16.362 0
082559 17.437 10.0 16.362 0
082630 17.437 10.0 16.362 0
082701 17.437 10.0 16.362 0
082731 17.437 10.0 16.362 0
082801 17.437 10.0 16.362 0
082832 17.437 10.0 16.362 0
082902 17.437 10.0 16.362 0
082932 17.437 10.0 16.362 0
083003 17.437 10.0 16.362 0
083033 17.437 10.0 16.362 0
083104 17.437 10.0 16.362 0
083134 17.437 10.0 16.362 0
083205 17.437 10.0 16.362 0
083236 17.375 10.0 16.362 0
083306 17.375 10.0 16.362 0
083337 17.375 10.0 16.362 0
083407 17.375 10.0 16.362 0
083438 17.375 10.0 16.362 0
083508 17.375 10.0 16.362 0
083539 17.375 10.0 16.362 0
083609 17.375 10.0 16.362 0
083639 17.375 10.0 16.362 0
083712 17.375 10.0 16.362 0
083743 17.375 10.0 16.362 0
083813 17.375 10.0 16.362 0
083844 17.375 10.0 16.362 0
083914 17.375 10.0 16.362 0
083945 17.375 10.0 16.362 0
084015 17.375 10.0 16.362 0
084046 17.375 10.0 16.362 0
084116 17.375 10.0 16.362 0
084146 17.375 10.0 16.362 0
084217 17.375 10.0 16.362 0
084247 17.375 10.0 16.362 0
084318 17.375 10.0 16.362 0
084349 17.375 10.0 16.362 0
084419 17.375 10.0 16.362 0
084449 17.375 10.0 16.362 0
084520 17.375 10.0 16.362 0
084550 17.375 10.0 16.362 0
084621 17.375 10.0 16.362 0
084651 17.375 10.0 16.362 0
084722 17.375 10.0 16.362 0
084753 17.375 10.0 16.362 0
084823 17.375 10.0 16.362 0
084854 17.375 10.0 16.362 0
084924 17.375 10.0 16.362 0
084955 17.375 10.0 16.362 0
085026 17.375 10.0 16.362 0
085057 17.375 10.0 16.362 0
085127 17.375 10.0 16.362 0
085157 17.375 10.0 16.362 0
085227 17.375 10.0 16.362 0
085257 17.375 10.0 16.362 0
085328 17.375 10.0 16.362 0
085358 17.375 10.0 16.362 0
085429 17.375 10.0 16.362 0
085459 17.375 10.0 16.362 0
085530 17.375 10.0 16.362 0
085601 17.375 10.0 16.362 0
085631 17.375 10.0 16.362 0
085701 17.375 10.0 16.362 0
085732 17.375 10.0 16.362 0
085802 17.375 10.0 16.362 0
085832 17.375 10.0 16.362 0
085902 17.375 10.0 16.362 0
085933 17.375 10.0 16.362 0
090004 17.375 10.0 16.362 0
090034 17.375 10.0 16.362 0
090104 17.375 10.0 16.362 0
090135 17.375 10.0 16.362 0
090205 17.375 10.0 16.362 0
090236 17.375 10.0 16.362 0
090306 17.375 10.0 16.362 0
090336 17.375 10.0 16.362 0
090407 17.375 10.0 16.362 0
090438 17.375 10.0 16.362 0
090508 17.375 10.0 16.362 0
090539 17.375 10.0 16.362 0
090609 17.375 10.0 16.362 0
090639 17.375 10.0 16.362 0
090710 17.375 10.0 16.362 0
090740 17.375 10.0 16.362 0
090810 17.375 10.0 16.362 0
090841 17.375 10.0 16.362 0
090911 17.375 10.0 16.362 0
090941 17.375 10.0 16.362 0
091011 17.375 10.0 16.362 0
091042 17.375 10.0 16.362 0
091112 17.375 10.0 16.362 0
091142 17.375 10.0 16.362 0
091212 17.375 10.0 16.362 0
091242 17.375 10.0 16.362 0
091313 17.375 10.0 16.362 0
091344 17.375 10.0 16.362 0
091414 17.375 10.0 16.362 0
091447 17.375 10.0 16.362 0
091518 17.375 10.0 16.362 0
091548 17.375 10.0 16.362 0
091618 17.375 10.0 16.362 0
091649 17.375 10.0 16.362 0
091719 17.312 10.0 16.362 0
091750 17.312 10.0 16.362 0
091820 17.312 10.0 16.362 0
091851 17.312 10.0 16.362 0
091921 17.312 10.0 16.362 0
091951 17.312 10.0 16.362 0
092022 17.312 10.0 16.362 0
092053 17.312 10.0 16.362 0
092123 17.312 10.0 16.362 0
092154 17.312 10.0 16.362 0
092225 17.312 10.0 16.362 0
092256 17.312 10.0 16.362 0
092326 17.312 10.0 16.362 0
092357 17.312 10.0 16.362 0
092427 17.312 10.0 16.362 0
092458 17.312 10.0 16.362 0
092529 17.312 10.0 16.362 0
092559 17.312 10.0 16.362 0
092630 17.312 10.0 16.362 0
092700 17.312 10.0 16.362 0
092730 17.312 10.0 16.362 0
092801 17.312 10.0 16.362 0
092831 17.312 10.0 16.362 0
092901 17.312 10.0 16.362 0
092931 17.312 10.0 16.362 0
093001 17.312 10.0 16.362 0
093032 17.312 10.0 16.362 0
093102 17.312 10.0 16.362 0
093133 17.312 10.0 16.362 0
093203 17.312 10.0 16.362 0
093233 17.312 10.0 16.362 0
093303 17.312 10.0 16.362 0
093333 17.312 10.0 16.362 0
093404 17.312 10.0 16.362 0
093434 17.312 10.0 16.362 0
093504 17.312 10.0 16.362 0
093534 17.312 10.0 16.362 0
093605 17.312 10.0 16.362 0
093635 17.312 10.0 16.362 0
093706 17.312 10.0 16.362 0
093736 17.312 10.0 16.362 0
093806 17.312 10.0 16.362 0
093836 17.312 10.0 16.362 0
093907 17.312 10.0 16.362 0
093937 17.312 10.0 16.362 0
094007 17.312 10.0 16.362 0
094038 17.312 10.0 16.362 0
094108 17.312 10.0 16.362 0
094139 17.312 10.0 16.362 0
094209 17.312 10.0 16.362 0
094239 17.312 10.0 16.362 0
094310 17.312 10.0 16.362 0
094341 17.312 10.0 16.362 0
094411 17.312 10.0 16.362 0
094442 17.312 10.0 16.362 0
094512 17.375 10.0 16.362 0
094543 17.375 10.0 16.362 0
094613 17.375 10.0 16.362 0
094644 17.375 10.0 16.362 0
094715 17.375 10.0 16.362 0
094745 17.375 10.0 16.362 0
094816 17.375 10.0 16.362 0
094846 17.375 10.0 16.362 0
094917 17.375 10.0 16.362 0
094948 17.375 10.0 16.362 0
095018 17.437 10.0 16.362 0
095049 17.437 10.0 16.362 0
095119 17.437 10.0 16.362 0
095149 17.437 10.0 16.362 0
095222 17.5 10.0 16.362 0
095252 17.5 10.0 16.362 0
095322 17.5 10.0 16.362 0
095353 17.5 10.0 16.362 0
095424 17.5 10.0 16.362 0
095454 17.5 10.0 16.362 0
095525 17.5 10.0 16.362 0
095556 17.5 10.0 16.362 0
095626 17.5 10.0 16.362 0
095657 17.5 10.0 16.362 0
095728 17.5 10.0 16.362 0
095758 17.5 10.0 16.362 0
095828 17.5 10.0 16.362 0
095859 17.5 10.0 16.362 0
095929 17.5 10.0 16.362 0
100000 17.562 10.0 16.362 0
100031 17.562 10.0 16.362 0
100101 17.562 10.0 16.362 0
100132 17.562 10.0 16.362 0
100203 17.562 10.0 16.362 0
100233 17.562 10.0 16.362 0
100303 17.562 10.0 16.362 0
100334 17.562 10.0 16.362 0
100404 17.562 10.0 16.362 0
100435 17.562 10.0 16.362 0
100506 17.562 10.0 16.362 0
100537 17.562 10.0 16.362 0
100607 17.562 10.0 16.362 0
100638 17.562 10.0 16.362 0
100708 17.562 10.0 16.362 0
100738 17.562 10.0 16.362 0
100809 17.562 10.0 16.362 0
100839 17.562 10.0 16.362 0
100909 17.562 10.0 16.362 0
100940 17.562 10.0 16.362 0
101011 17.562 10.0 16.362 0
101041 17.562 10.0 16.362 0
101111 17.562 10.0 16.362 0
101142 17.562 10.0 16.362 0
101212 17.562 10.0 16.362 0
101243 17.625 10.0 16.362 0
101314 17.625 10.0 16.362 0
101344 17.625 10.0 16.362 0
101415 17.625 10.0 16.362 0
101445 17.625 10.0 16.362 0
101516 17.562 10.0 16.362 0
101547 17.562 10.0 16.362 0
101617 17.562 10.0 16.362 0
101648 17.562 10.0 16.362 0
101718 17.562 10.0 16.362 0
101748 17.625 10.0 16.362 0
101819 17.625 10.0 16.362 0
101849 17.625 10.0 16.362 0
101920 17.625 10.0 16.362 0
101951 17.625 10.0 16.362 0
102021 17.625 10.0 16.362 0
102051 17.625 10.0 16.362 0
102122 17.625 10.0 16.362 0
102152 17.625 10.0 16.362 0
102222 17.625 10.0 16.362 0
102253 17.687 10.0 16.362 0
102323 17.687 10.0 16.362 0
102353 17.687 10.0 16.362 0
102424 17.687 10.0 16.362 0
102456 17.687 10.0 16.362 0
102527 17.687 10.0 16.362 0
102557 17.687 10.0 16.362 0
102627 17.687 10.0 16.362 0
102657 17.687 10.0 16.362 0
102727 17.75 10.0 16.362 0
102758 17.75 10.0 16.362 0
102828 17.75 10.0 16.362 0
102859 17.75 10.0 16.362 0
102929 17.75 10.0 16.362 0
102959 17.812 10.0 16.362 0
103030 17.812 10.0 16.362 0
103100 17.812 10.0 16.362 0
103131 17.812 10.0 16.362 0
103202 17.812 10.0 16.362 0
103232 17.812 10.0 16.362 0
103303 17.812 10.0 16.362 0
103334 17.812 10.0 16.362 0
103404 17.812 10.0 16.362 0
103434 17.812 10.0 16.362 0
103505 17.812 10.0 16.362 0
103535 17.812 10.0 16.362 0
103605 17.812 10.0 16.362 0
103635 17.812 10.0 16.362 0
103706 17.812 10.0 16.362 0
103736 17.875 10.0 16.362 0
103807 17.875 10.0 16.362 0
103838 17.875 10.0 16.362 0
103908 17.875 10.0 16.362 0
103939 17.875 10.0 16.362 0
104010 17.875 10.0 16.362 0
104040 17.875 10.0 16.362 0
104111 17.875 10.0 16.362 0
104142 17.875 10.0 16.362 0
104212 17.875 10.0 16.362 0
104243 17.875 10.0 16.362 0
104313 17.875 10.0 16.362 0
104344 17.875 10.0 16.362 0
104415 17.875 10.0 16.362 0
104445 17.875 10.0 16.362 0
104516 17.937 10.0 16.362 0
104546 17.937 10.0 16.362 0
104617 17.937 10.0 16.362 0
104647 17.937 10.0 16.362 0
104718 17.937 10.0 16.362 0
104748 17.937 10.0 16.362 0
104819 17.937 10.0 16.362 0
104849 17.937 10.0 16.362 0
104920 17.937 10.0 16.362 0
104950 17.937 10.0 16.362 0
105021 18.0 10.0 16.362 0
105052 18.0 10.0 16.362 0
105123 18.0 10.0 16.362 0
105153 18.0 10.0 16.362 0
105223 18.0 10.0 16.362 0
105254 18.0 10.0 16.362 0
105325 18.0 10.0 16.362 0
105355 18.0 10.0 16.362 0
105426 18.0 10.0 16.362 0
105458 18.0 10.0 16.362 0
105529 18.0 10.0 16.362 0
105600 18.0 10.0 16.362 0
105630 18.0 10.0 16.362 0
105701 18.0 10.0 16.362 0
105731 18.0 10.0 16.362 0
105802 18.0 10.0 16.362 0
105832 18.0 10.0 16.362 0
105903 18.0 10.0 16.362 0
105934 18.0 10.0 16.362 0
110004 18.0 10.0 16.362 0
110035 18.0 10.0 16.362 0
110105 18.0 10.0 16.362 0
110136 18.0 10.0 16.362 0
110206 18.0 10.0 16.362 0
110237 18.0 10.0 16.362 0
110307 18.0 10.0 16.362 0
110338 18.0 10.0 16.362 0
110409 18.0 10.0 16.362 0
110440 18.0 10.0 16.362 0
110510 18.0 10.0 16.362 0
110540 18.0 10.0 16.362 0
110611 18.0 10.0 16.362 0
110642 18.0 10.0 16.362 0
110712 18.0 10.0 16.362 0
110743 18.0 10.0 16.362 0
110813 18.0 10.0 16.362 0
110843 18.0 10.0 16.362 0
110913 18.0 10.0 16.362 0
110944 18.0 10.0 16.362 0
111014 18.0 10.0 16.362 0
111044 18.0 10.0 16.362 0
111115 18.0 10.0 16.362 0
111145 18.0 10.0 16.362 0
111215 18.0 10.0 16.362 0
111245 18.0 10.0 16.362 0
111316 18.0 10.0 16.362 0
111346 18.0 10.0 16.362 0
111416 18.0 10.0 16.362 0
111447 18.0 10.0 16.362 0
111518 18.062 10.0 16.362 0
111548 18.062 10.0 16.362 0
111619 18.062 10.0 16.362 0
111650 18.062 10.0 16.362 0
111720 18.062 10.0 16.362 0
111750 18.062 10.0 16.362 0
111820 18.062 10.0 16.362 0
111851 18.062 10.0 16.362 0
111921 18.062 10.0 16.362 0
111952 18.062 10.0 16.362 0
112022 18.062 10.0 16.362 0
112052 18.062 10.0 16.362 0
112123 18.062 10.0 16.362 0
112153 18.062 10.0 16.362 0
112224 18.062 10.0 16.362 0
112255 18.062 10.0 16.362 0
112326 18.062 10.0 16.362 0
112356 18.062 10.0 16.362 0
112427 18.062 10.0 16.362 0
112458 18.062 10.0 16.362 0
112528 18.062 10.0 16.362 0
112558 18.062 10.0 16.362 0
112629 18.062 10.0 16.362 0
112700 18.062 10.0 16.362 0
112730 18.062 10.0 16.362 0
112800 18.062 10.0 16.362 0
112831 18.062 10.0 16.362 0
112902 18.062 10.0 16.362 0
112932 18.062 10.0 16.362 0
113005 18.062 10.0 16.362 0
113036 18.062 10.0 16.362 0
113107 18.062 10.0 16.362 0
113137 18.062 10.0 16.362 0
113207 18.062 10.0 16.362 0
113238 18.0 10.0 16.362 0
113308 18.0 10.0 16.362 0
113338 18.0 10.0 16.362 0
113409 18.0 10.0 16.362 0
113440 18.0 10.0 16.362 0
113510 18.0 10.0 16.362 0
113541 18.0 10.0 16.362 0
113612 18.0 10.0 16.362 0
113642 18.0 10.0 16.362 0
113713 18.0 10.0 16.362 0
113744 18.0 10.0 16.362 0
113815 18.0 10.0 16.362 0
113845 18.0 10.0 16.362 0
113916 18.0 10.0 16.362 0
113947 18.0 10.0 16.362 0
114017 17.937 10.0 16.362 0
114048 17.937 10.0 16.362 0
114118 17.937 10.0 16.362 0
114149 17.937 10.0 16.362 0
114220 17.937 10.0 16.362 0
114251 17.937 10.0 16.362 0
114321 17.937 10.0 16.362 0
114352 17.937 10.0 16.362 0
114423 17.937 10.0 16.362 0
114453 17.937 10.0 16.3 0
114523 17.875 10.0 16.362 0
114554 17.875 10.0 16.362 0
114624 17.875 10.0 16.362 0
114654 17.875 10.0 16.362 0
114724 17.875 10.0 16.362 0
114754 17.875 10.0 16.362 0
114825 17.875 10.0 16.362 0
114855 17.875 10.0 16.362 0
114926 17.875 10.0 16.362 0
114956 17.875 10.0 16.362 0
115027 17.875 10.0 16.362 0
115057 17.875 10.0 16.362 0
115127 17.875 10.0 16.362 0
115158 17.875 10.0 16.362 0
115228 17.875 10.0 16.3 0
115258 17.875 10.0 16.362 0
115329 17.875 10.0 16.3 0
115359 17.875 10.0 16.362 0
115430 17.875 10.0 16.362 0
115501 17.875 10.0 16.362 0
115531 17.812 10.0 16.362 0
115601 17.812 10.0 16.362 0
115631 17.812 10.0 16.362 0
115702 17.812 10.0 16.362 0
115732 17.812 10.0 16.362 0
115802 17.812 10.0 16.362 0
115832 17.812 10.0 16.362 0
115903 17.812 10.0 16.362 0
115933 17.812 10.0 16.362 0
120003 17.812 10.0 16.362 0
120034 17.75 10.0 16.362 0
120105 17.75 10.0 16.362 0
120135 17.75 10.0 16.362 0
120206 17.75 10.0 16.362 0
120239 17.75 10.0 16.362 0
120310 17.75 10.0 16.362 0
120340 17.75 10.0 16.362 0
120411 17.75 10.0 16.362 0
120441 17.75 10.0 16.362 0
120512 17.687 10.0 16.362 0
120542 17.687 10.0 16.362 0
120613 17.687 10.0 16.362 0
120644 17.687 10.0 16.362 0
120715 17.687 10.0 16.3 0
120745 17.687 10.0 16.362 0
120815 17.687 10.0 16.362 0
120846 17.687 10.0 16.362 0
120917 17.687 10.0 16.362 0
120947 17.687 10.0 16.362 0
121018 17.687 10.0 16.362 0
121049 17.687 10.0 16.362 0
121119 17.687 10.0 16.362 0
121150 17.687 10.0 16.362 0
121220 17.687 10.0 16.362 0
121251 17.687 10.0 16.362 0
121322 17.687 10.0 16.362 0
121352 17.687 10.0 16.3 0
121422 17.687 10.0 16.362 0
121452 17.687 10.0 16.362 0
121522 17.687 10.0 16.362 0
121553 17.687 10.0 16.362 0
121624 17.687 10.0 16.3 0
121654 17.687 10.0 16.362 0
121725 17.687 10.0 16.362 0
121755 17.625 10.0 16.362 0
121826 17.625 10.0 16.362 0
121856 17.625 10.0 16.362 0
121926 17.625 10.0 16.362 0
121956 17.625 10.0 16.362 0
122027 17.625 10.0 16.3 0
122057 17.625 10.0 16.3 0
122127 17.625 10.0 16.3 0
122158 17.625 10.0 16.362 0
122229 17.625 10.0 16.362 0
122259 17.562 10.0 16.362 0
122329 17.562 10.0 16.362 0
122359 17.562 10.0 16.362 0
122430 17.562 10.0 16.362 0
122500 17.562 10.0 16.362 0
122531 17.562 10.0 16.362 0
122601 17.562 10.0 16.362 0
122632 17.562 10.0 16.362 0
122702 17.562 10.0 16.362 0
122733 17.562 10.0 16.362 0
122804 17.5 10.0 16.3 0
122834 17.5 10.0 16.3 0
122905 17.5 10.0 16.3 0
122935 17.5 10.0 16.3 0
123005 17.5 10.0 16.362 0
123036 17.5 10.0 16.3 0
123106 17.5 10.0 16.362 0
123137 17.5 10.0 16.362 0
123208 17.5 10.0 16.3 0
123239 17.5 10.0 16.3 0
123309 17.5 10.0 16.362 0
123339 17.5 10.0 16.3 0
123409 17.5 10.0 16.3 0
123440 17.5 10.0 16.362 0
123510 17.5 10.0 16.362 0
123540 17.5 10.0 16.3 0
123611 17.5 10.0 16.362 0
123642 17.5 10.0 16.3 0
123712 17.5 10.0 16.3 0
123745 17.5 10.0 16.3 0
123815 17.5 10.0 16.362 0
123845 17.5 10.0 16.362 0
123916 17.5 10.0 16.3 0
123946 17.5 10.0 16.3 0
124016 17.562 10.0 16.3 0
124046 17.562 10.0 16.362 0
124116 17.562 10.0 16.3 0
124147 17.562 10.0 16.362 0
124217 17.562 10.0 16.362 0
124248 17.5 10.0 16.3 0
124318 17.5 10.0 16.362 0
124349 17.5 10.0 16.3 0
124419 17.5 10.0 16.3 0
124449 17.5 10.0 16.3 0
124520 17.5 10.0 16.362 0
124550 17.5 10.0 16.3 0
124620 17.5 10.0 16.3 0
124651 17.5 10.0 16.3 0
124722 17.5 10.0 16.3 0
124752 17.5 10.0 16.3 0
124823 17.5 10.0 16.3 0
124854 17.5 10.0 16.3 0
124924 17.5 10.0 16.3 0
124955 17.5 10.0 16.3 0
125026 17.5 10.0 16.3 0
125056 17.5 10.0 16.3 0
125127 17.5 10.0 16.3 0
125158 17.5 10.0 16.3 0
125228 17.5 10.0 16.362 0
125259 17.5 10.0 16.3 0
125330 17.5 10.0 16.3 0
125400 17.5 10.0 16.3 0
125430 17.5 10.0 16.3 0
125500 17.5 10.0 16.3 0
125530 17.562 10.0 16.3 0
125601 17.562 10.0 16.362 0
125631 17.562 10.0 16.3 0
125702 17.562 10.0 16.3 0
125732 17.562 10.0 16.3 0
125802 17.562 10.0 16.3 0
125833 17.562 10.0 16.3 0
125903 17.562 10.0 16.3 0
125934 17.562 10.0 16.3 0
130004 17.562 10.0 16.3 0
130034 17.5 10.0 16.3 0
130105 17.5 10.0 16.3 0
130136 17.5 10.0 16.3 0
130206 17.5 10.0 16.3 0
130236 17.5 10.0 16.3 0
130307 17.562 10.0 16.3 0
130337 17.562 10.0 16.3 0
130408 17.562 10.0 16.3 0
130438 17.562 10.0 16.3 0
130508 17.562 10.0 16.3 0
130539 17.5 10.0 16.3 0
130610 17.5 10.0 16.3 0
130640 17.5 10.0 16.3 0
130710 17.5 10.0 16.362 0
130740 17.5 10.0 16.3 0
130811 17.5 10.0 16.3 0
130841 17.5 10.0 16.3 0
130912 17.5 10.0 16.3 0
130942 17.5 10.0 16.3 0
131012 17.5 10.0 16.3 0
131043 17.5 10.0 16.3 0
131113 17.5 10.0 16.3 0
131143 17.5 10.0 16.3 0
131214 17.5 10.0 16.3 0
131245 17.5 10.0 16.3 0
131315 17.5 10.0 16.3 0
131346 17.5 10.0 16.3 0
131417 17.5 10.0 16.3 0
131447 17.5 10.0 16.3 0
131518 17.5 10.0 16.3 0
131549 17.562 10.0 16.3 0
131620 17.562 10.0 16.3 0
131650 17.562 10.0 16.3 0
131721 17.562 10.0 16.3 0
131752 17.5 10.0 16.3 0
131823 17.5 10.0 16.3 0
131853 17.5 10.0 16.3 0
131923 17.5 10.0 16.3 0
131954 17.5 10.0 16.362 0
132024 17.562 10.0 16.3 0
132054 17.562 10.0 16.3 0
132124 17.562 10.0 16.3 0
132155 17.562 10.0 16.3 0
132225 17.562 10.0 16.3 0
132255 17.562 10.0 16.3 0
132325 17.562 10.0 16.3 0
132356 17.562 10.0 16.3 0
132426 17.562 10.0 16.3 0
132457 17.562 10.0 16.3 0
132528 17.625 10.0 16.3 0
132558 17.625 10.0 16.3 0
132629 17.625 10.0 16.3 0
132659 17.625 10.0 16.3 0
132730 17.625 10.0 16.3 0
132800 17.625 10.0 16.3 0
132831 17.625 10.0 16.3 0
132902 17.625 10.0 16.3 0
132932 17.625 10.0 16.3 0
133003 17.625 10.0 16.3 0
133034 17.625 10.0 16.3 0
133104 17.625 10.0 16.3 0
133134 17.625 10.0 16.3 0
133204 17.625 10.0 16.3 0
133235 17.625 10.0 16.3 0
133305 17.625 10.0 16.3 0
133335 17.625 10.0 16.3 0
133405 17.625 10.0 16.3 0
133436 17.625 10.0 16.3 0
133506 17.625 10.0 16.3 0
133536 17.687 10.0 16.3 0
133607 17.687 10.0 16.3 0
133638 17.687 10.0 16.3 0
133708 17.687 10.0 16.3 0
133738 17.687 10.0 16.3 0
133809 17.687 10.0 16.3 0
133839 17.687 10.0 16.3 0
133910 17.687 10.0 16.3 0
133940 17.687 10.0 16.3 0
134011 17.687 10.0 16.3 0
134042 17.687 10.0 16.3 0
134112 17.687 10.0 16.3 0
134143 17.687 10.0 16.3 0
134213 17.687 10.0 16.3 0
134244 17.687 10.0 16.3 0
134314 17.75 10.0 16.3 0
134345 17.75 10.0 16.3 0
134416 17.75 10.0 16.3 0
134446 17.75 10.0 16.3 0
134517 17.75 10.0 16.3 0
134548 17.75 10.0 16.3 0
134618 17.75 10.0 16.3 0
134648 17.75 10.0 16.3 0
134719 17.75 10.0 16.3 0
134749 17.75 10.0 16.3 0
134820 17.687 10.0 16.3 0
134850 17.687 10.0 16.3 0
134921 17.687 10.0 16.3 0
134951 17.687 10.0 16.3 0
135022 17.687 10.0 16.3 0
135052 17.687 10.0 16.3 0
135123 17.687 10.0 16.3 0
135154 17.687 10.0 16.3 0
135224 17.687 10.0 16.3 0
135256 17.687 10.0 16.3 0
135327 17.687 10.0 16.3 0
135357 17.687 10.0 16.3 0
135428 17.687 10.0 16.3 0
135459 17.687 10.0 16.3 0
135529 17.687 10.0 16.3 0
135559 17.687 10.0 16.3 0
135630 17.687 10.0 16.3 0
135700 17.687 10.0 16.3 0
135731 17.687 10.0 16.3 0
135801 17.625 10.0 16.3 0
135831 17.625 10.0 16.3 0
135901 17.625 10.0 16.3 0
135932 17.625 10.0 16.3 0
140003 17.625 10.0 16.3 0
140033 17.625 10.0 16.3 0
140103 17.625 10.0 16.3 0
140133 17.625 10.0 16.3 0
140204 17.625 10.0 16.3 0
140234 17.625 10.0 16.3 0
140305 17.625 10.0 16.3 0
140336 17.625 10.0 16.3 0
140407 17.625 10.0 16.3 0
140437 17.625 10.0 16.3 0
140507 17.625 10.0 16.3 0
140537 17.562 10.0 16.3 0
140608 17.562 10.0 16.3 0
140638 17.562 10.0 16.3 0
140708 17.562 10.0 16.3 0
140738 17.562 10.0 16.3 0
140809 17.562 10.0 16.3 0
140839 17.562 10.0 16.3 0
140909 17.562 10.0 16.3 0
140940 17.562 10.0 16.3 0
141010 17.562 10.0 16.3 0
141041 17.562 10.0 16.3 0
141112 17.562 10.0 16.3 0
141142 17.562 10.0 16.3 0
141213 17.562 10.0 16.3 0
141243 17.562 10.0 16.3 0
141314 17.562 10.0 16.3 0
141344 17.562 10.0 16.3 0
141414 17.562 10.0 16.3 0
141445 17.562 10.0 16.3 0
141515 17.562 10.0 16.3 0
141545 17.562 10.0 16.3 0
141616 17.562 10.0 16.3 0
141646 17.562 10.0 16.3 0
141717 17.562 10.0 16.3 0
141747 17.562 10.0 16.3 0
141818 17.625 10.0 16.3 0
141848 17.625 10.0 16.3 0
141919 17.625 10.0 16.3 0
141949 17.625 10.0 16.3 0
142020 17.625 10.0 16.3 0
142050 17.625 10.0 16.3 0
142120 17.625 10.0 16.3 0
142151 17.625 10.0 16.3 0
142221 17.625 10.0 16.3 0
142251 17.625 10.0 16.3 0
142322 17.687 10.0 16.3 0
142353 17.687 10.0 16.3 0
142423 17.687 10.0 16.3 0
142454 17.687 10.0 16.3 0
142525 17.687 10.0 16.3 0
142555 17.687 10.0 16.3 0
142625 17.687 10.0 16.3 0
142656 17.687 10.0 16.3 0
142726 17.687 10.0 16.3 0
142756 17.687 10.0 16.3 0
142827 17.687 10.0 16.3 0
142858 17.687 10.0 16.3 0
142929 17.687 10.0 16.3 0
142959 17.687 10.0 16.3 0
143032 17.687 10.0 16.3 0
143102 17.687 10.0 16.3 0
143133 17.687 10.0 16.3 0
143204 17.687 10.0 16.3 0
143234 17.687 10.0 16.3 0
143305 17.687 10.0 16.3 0
143336 17.687 10.0 16.3 0
143406 17.687 10.0 16.3 0
143437 17.687 10.0 16.3 0
143507 17.687 10.0 16.3 0
143537 17.625 10.0 16.3 0
143608 17.625 10.0 16.3 0
143638 17.625 10.0 16.3 0
143709 17.625 10.0 16.3 0
143739 17.625 10.0 16.3 0
143810 17.625 10.0 16.3 0
143840 17.625 10.0 16.3 0
143911 17.625 10.0 16.3 0
143942 17.625 10.0 16.3 0
144012 17.625 10.0 16.3 0
144042 17.687 10.0 16.3 0
144113 17.687 10.0 16.3 0
144143 17.687 10.0 16.3 0
144214 17.687 10.0 16.3 0
144245 17.687 10.0 16.3 0
144315 17.687 10.0 16.3 0
144346 17.687 10.0 16.3 0
144416 17.687 10.0 16.3 0
144446 17.687 10.0 16.3 0
144517 17.687 10.0 16.3 0
144547 17.687 10.0 16.3 0
144618 17.687 10.0 16.3 0
144649 17.687 10.0 16.3 0
144719 17.687 10.0 16.3 0
144750 17.687 10.0 16.3 0
144820 17.687 10.0 16.3 0
144851 17.687 10.0 16.3 0
144922 17.687 10.0 16.3 0
144952 17.687 10.0 16.3 0
145023 17.687 10.0 16.3 0
145053 17.687 10.0 16.3 0
145123 17.687 10.0 16.3 0
145154 17.687 10.0 16.3 0
145224 17.687 10.0 16.3 0
145255 17.687 10.0 16.3 0
145326 17.687 10.0 16.3 0
145356 17.687 10.0 16.3 0
145427 17.687 10.0 16.3 0
145458 17.687 10.0 16.3 0
145528 17.687 10.0 16.3 0
145559 17.625 10.0 16.3 0
145629 17.625 10.0 16.3 0
145700 17.625 10.0 16.3 0
145730 17.625 10.0 16.3 0
145801 17.625 10.0 16.3 0
145831 17.625 10.0 16.3 0
145901 17.625 10.0 16.3 0
145932 17.625 10.0 16.3 0
150003 17.625 10.0 16.3 0
150036 17.625 10.0 16.3 0
150106 17.625 10.0 16.3 0
150136 17.625 10.0 16.3 0
150207 17.625 10.0 16.3 0
150237 17.625 10.0 16.3 0
150308 17.562 10.0 16.3 0
150338 17.562 10.0 16.3 0
150409 17.562 10.0 16.3 0
150440 17.562 10.0 16.3 0
150510 17.562 10.0 16.3 0
150541 17.625 10.0 16.3 0
150612 17.625 10.0 16.3 0
150642 17.625 10.0 16.3 0
150713 17.625 10.0 16.3 0
150744 17.625 10.0 16.3 0
150814 17.625 10.0 16.3 0
150845 17.625 10.0 16.3 0
150916 17.625 10.0 16.3 0
150946 17.625 10.0 16.3 0
151016 17.625 10.0 16.3 0
151047 17.625 10.0 16.3 0
151117 17.625 10.0 16.3 0
151148 17.625 10.0 16.3 0
151218 17.625 10.0 16.3 0
151249 17.625 10.0 16.3 0
151319 17.625 10.0 16.3 0
151349 17.625 10.0 16.3 0
151420 17.625 10.0 16.3 0
151451 17.625 10.0 16.3 0
151522 17.625 10.0 16.3 0
151552 17.687 10.0 16.3 0
151622 17.687 10.0 16.3 0
151652 17.687 10.0 16.3 0
151722 17.687 10.0 16.3 0
151753 17.687 10.0 16.3 0
151823 17.687 10.0 16.3 0
151854 17.687 10.0 16.3 0
151924 17.687 10.0 16.3 0
151954 17.687 10.0 16.3 0
152024 17.687 10.0 16.3 0
152055 17.75 10.0 16.3 0
152125 17.75 10.0 16.3 0
152156 17.75 10.0 16.3 0
152227 17.75 10.0 16.3 0
152257 17.75 10.0 16.3 0
152327 17.812 10.0 16.3 0
152358 17.812 10.0 16.3 0
152428 17.812 10.0 16.3 0
152458 17.812 10.0 16.3 0
152528 17.812 10.0 16.3 0
152559 17.812 10.0 16.3 0
152629 17.812 10.0 16.3 0
152659 17.812 10.0 16.3 0
152729 17.812 10.0 16.3 0
152800 17.812 10.0 16.3 0
152830 17.937 10.0 16.3 0
152901 17.937 10.0 16.3 0
152931 17.937 10.0 16.3 0
153002 17.937 10.0 16.3 0
153033 17.937 10.0 16.3 0
153103 17.937 10.0 16.3 0
153133 17.937 10.0 16.3 0
153203 17.937 10.0 16.3 0
153234 17.937 10.0 16.3 0
153304 17.937 10.0 16.3 0
153334 18.0 10.0 16.3 0
153405 18.0 10.0 16.3 0
153435 18.0 10.0 16.3 0
153506 18.0 10.0 16.3 0
153539 18.0 10.0 16.3 0
153609 18.0 10.0 16.3 0
153640 18.0 10.0 16.3 0
153710 18.0 10.0 16.3 0
153740 18.0 10.0 16.3 0
153811 18.0 10.0 16.3 0
153841 18.0 10.0 16.3 0
153912 18.0 10.0 16.3 0
153942 18.0 10.0 16.3 0
154013 18.0 10.0 16.3 0
154043 18.0 10.0 16.3 0
154114 18.0 10.0 16.3 0
154144 18.0 10.0 16.3 0
154214 18.0 10.0 16.3 0
154245 18.0 10.0 16.3 0
154315 18.062 10.0 16.3 0
154345 18.062 10.0 16.3 0
154415 18.062 10.0 16.3 0
154446 18.062 10.0 16.3 0
154516 18.062 10.0 16.3 0
154547 18.125 10.0 16.3 0
154618 18.125 10.0 16.3 0
154648 18.125 10.0 16.3 0
154719 18.125 10.0 16.3 0
154749 18.125 10.0 16.3 0
154819 18.187 10.0 16.3 0
154849 18.187 10.0 16.3 0
154920 18.187 10.0 16.3 0
154951 18.187 10.0 16.3 0
155021 18.187 10.0 16.3 0
155052 18.25 10.0 16.3 0
155122 18.25 10.0 16.3 0
155152 18.25 10.0 16.3 0
155222 18.25 10.0 16.3 0
155253 18.25 10.0 16.3 0
155324 18.25 10.0 16.3 0
155354 18.25 10.0 16.3 0
155425 18.25 10.0 16.3 0
155456 18.25 10.0 16.3 0
155526 18.25 10.0 16.3 0
155557 18.375 10.0 16.3 0
155627 18.375 10.0 16.3 0
155657 18.375 10.0 16.3 0
155728 18.375 10.0 16.3 0
155758 18.375 10.0 16.3 0
155828 18.312 10.0 16.3 0
155859 18.312 10.0 16.3 0
155930 18.312 10.0 16.3 0
160000 18.312 10.0 16.3 0
160030 18.312 10.0 16.3 0
160101 18.312 10.0 16.3 0
160132 18.312 10.0 16.3 0
160203 18.312 10.0 16.3 0
160233 18.312 10.0 16.3 0
160304 18.312 10.0 16.3 0
160335 18.437 10.0 16.3 0
160405 18.437 10.0 16.3 0
160436 18.437 10.0 16.3 0
160506 18.437 10.0 16.3 0
160537 18.437 10.0 16.3 0
160607 18.437 10.0 16.3 0
160638 18.437 10.0 16.3 0
160708 18.437 10.0 16.3 0
160739 18.437 10.0 16.3 0
160810 18.437 10.0 16.3 0
160840 18.437 10.0 16.3 0
160911 18.437 10.0 16.3 0
160941 18.437 10.0 16.3 0
161012 18.437 10.0 16.3 0
161045 18.562 10.0 16.3 0
161115 18.562 10.0 16.3 0
161146 18.562 10.0 16.3 0
161217 18.562 10.0 16.3 0
161247 18.562 10.0 16.3 0
161317 18.625 10.0 16.3 0
161347 18.625 10.0 16.3 0
161417 18.625 10.0 16.3 0
161447 18.625 10.0 16.3 0
161518 18.625 10.0 16.3 0
161548 18.562 10.0 16.3 0
161619 18.562 10.0 16.3 0
161649 18.562 10.0 16.3 0
161720 18.562 10.0 16.3 0
161750 18.562 10.0 16.3 0
161820 18.562 10.0 16.3 0
161851 18.562 10.0 16.3 0
161922 18.562 10.0 16.3 0
161953 18.562 10.0 16.3 0
162023 18.562 10.0 16.3 0
162054 18.625 10.0 16.3 0
162124 18.625 10.0 16.3 0
162154 18.625 10.0 16.3 0
162225 18.625 10.0 16.3 0
162256 18.625 10.0 16.3 0
162326 18.625 10.0 16.3 0
162356 18.625 10.0 16.3 0
162426 18.625 10.0 16.3 0
162457 18.625 10.0 16.3 0
162527 18.625 10.0 16.3 0
162558 18.625 10.0 16.3 0
162628 18.625 10.0 16.3 0
162658 18.625 10.0 16.3 0
162729 18.625 10.0 16.3 0
162759 18.625 10.0 16.3 0
162830 18.687 10.0 16.3 0
162901 18.687 10.0 16.3 0
162932 18.687 10.0 16.3 0
163002 18.687 10.0 16.3 0
163033 18.687 10.0 16.3 0
163104 18.687 10.0 16.3 0
163134 18.687 10.0 16.3 0
163204 18.687 10.0 16.3 0
163235 18.687 10.0 16.3 0
163306 18.687 10.0 16.3 0
163336 18.687 10.0 16.3 0
163406 18.687 10.0 16.3 0
163437 18.687 10.0 16.3 0
163508 18.687 10.0 16.3 0
163538 18.687 10.0 16.3 0
163608 18.75 10.0 16.3 0
163639 18.75 10.0 16.3 0
163711 18.75 10.0 16.3 0
163741 18.75 10.0 16.3 0
163811 18.75 10.0 16.3 0
163842 18.687 10.0 16.3 0
163912 18.687 10.0 16.3 0
163943 18.687 10.0 16.3 0
164013 18.687 10.0 16.3 0
164043 18.687 10.0 16.3 0
164113 18.687 10.0 16.3 0
164143 18.687 10.0 16.3 0
164214 18.687 10.0 16.3 0
164244 18.687 10.0 16.3 0
164314 18.687 10.0 16.3 0
164344 18.625 10.0 16.3 0
164414 18.625 10.0 16.3 0
164445 18.625 10.0 16.3 0
164515 18.625 10.0 16.3 0
164546 18.625 10.0 16.3 0
164616 18.625 10.0 16.3 0
164646 18.625 10.0 16.3 0
164716 18.625 10.0 16.3 0
164747 18.625 10.0 16.3 0
164819 18.562 10.0 16.3 0
164850 18.562 10.0 16.3 0
164921 18.562 10.0 16.3 0
164952 18.562 10.0 16.3 0
165022 18.562 10.0 16.3 0
165052 18.562 10.0 16.3 0
165123 18.562 10.0 16.3 0
165154 18.562 10.0 16.3 0
165224 18.562 10.0 16.3 0
165255 18.562 10.0 16.3 0
165325 18.562 10.0 16.3 0
165356 18.562 10.0 16.3 0
165427 18.562 10.0 16.3 0
165457 18.562 10.0 16.3 0
165528 18.562 10.0 16.3 0
165559 18.5 10.0 16.3 0
165629 18.5 10.0 16.3 0
165700 18.5 10.0 16.3 0
165731 18.5 10.0 16.3 0
165801 18.5 10.0 16.3 0
165831 18.562 10.0 16.3 0
165901 18.562 10.0 16.3 0
165932 18.562 10.0 16.3 0
170002 18.562 10.0 16.3 0
170033 18.562 10.0 16.3 0
170103 18.625 10.0 16.3 0
170134 18.625 10.0 16.3 0
170204 18.625 10.0 16.3 0
170235 18.625 10.0 16.3 0
170305 18.625 10.0 16.3 0
170336 18.625 10.0 16.3 0
170407 18.625 10.0 16.3 0
170437 18.625 10.0 16.3 0
170508 18.625 10.0 16.3 0
170539 18.625 10.0 16.3 0
170609 18.687 10.0 16.3 0
170640 18.687 10.0 16.3 0
170711 18.687 10.0 16.3 0
170741 18.687 10.0 16.3 0
170812 18.687 10.0 16.3 0
170843 18.687 10.0 16.3 0
170913 18.687 10.0 16.3 0
170944 18.687 10.0 16.3 0
171015 18.687 10.0 16.3 0
171045 18.687 10.0 16.3 0
171116 18.687 10.0 16.3 0
171146 18.687 10.0 16.3 0
171217 18.687 10.0 16.3 0
171248 18.687 10.0 16.3 0
171318 18.687 10.0 16.3 0
171349 18.625 10.0 16.3 0
171419 18.625 10.0 16.3 0
171450 18.625 10.0 16.3 0
171520 18.625 10.0 16.3 0
171553 18.625 10.0 16.3 0
171624 18.625 10.0 16.3 0
171654 18.625 10.0 16.3 0
171725 18.625 10.0 16.3 0
171755 18.625 10.0 16.3 0
171826 18.562 10.0 16.3 0
171857 18.562 10.0 16.3 0
171927 18.562 10.0 16.3 0
171958 18.562 10.0 16.3 0
172028 18.562 10.0 16.3 0
172058 18.562 10.0 16.3 0
172129 18.562 10.0 16.3 0
172200 18.562 10.0 16.3 0
172230 18.562 10.0 16.3 0
172300 18.562 10.0 16.3 0
172331 18.562 10.0 16.3 0
172401 18.562 10.0 16.3 0
172431 18.562 10.0 16.3 0
172502 18.562 10.0 16.3 0
172532 18.562 10.0 16.3 0
172602 18.562 10.0 16.3 0
172633 18.562 10.0 16.3 0
172703 18.562 10.0 16.3 0
172733 18.562 10.0 16.3 0
172803 18.562 10.0 16.3 0
172833 18.562 10.0 16.3 0
172904 18.562 10.0 16.3 0
172934 18.562 10.0 16.3 0
173005 18.562 10.0 16.3 0
173035 18.562 10.0 16.3 0
173106 18.562 10.0 16.3 0
173136 18.562 10.0 16.3 0
173207 18.562 10.0 16.3 0
173237 18.562 10.0 16.3 0
173308 18.562 10.0 16.3 0
173338 18.562 10.0 16.3 0
173408 18.562 10.0 16.3 0
173439 18.562 10.0 16.3 0
173509 18.562 10.0 16.3 0
173539 18.562 10.0 16.3 0
173609 18.562 10.0 16.3 0
173640 18.562 10.0 16.3 0
173710 18.562 10.0 16.3 0
173740 18.562 10.0 16.3 0
173811 18.562 10.0 16.3 0
173841 18.562 10.0 16.3 0
173911 18.562 10.0 16.3 0
173942 18.562 10.0 16.3 0
174012 18.562 10.0 16.3 0
174043 18.562 10.0 16.3 0
174114 18.562 10.0 16.3 0
174145 18.562 10.0 16.3 0
174215 18.562 10.0 16.3 0
174245 18.562 10.0 16.3 0
174316 18.562 10.0 16.3 0
174346 18.562 10.0 16.3 0
174417 18.562 10.0 16.3 0
174448 18.562 10.0 16.3 0
174518 18.562 10.0 16.3 0
174548 18.562 10.0 16.3 0
174619 18.562 10.0 16.3 0
174650 18.562 10.0 16.3 0
174721 18.562 10.0 16.3 0
174751 18.562 10.0 16.3 0
174821 18.562 10.0 16.3 0
174852 18.562 10.0 16.3 0
174922 18.562 10.0 16.3 0
174953 18.562 10.0 16.3 0
175023 18.562 10.0 16.3 0
175053 18.562 10.0 16.3 0
175123 18.625 10.0 16.3 0
175154 18.625 10.0 16.3 0
175224 18.625 10.0 16.3 0
175254 18.625 10.0 16.3 0
175325 18.625 10.0 16.3 0
175355 18.562 10.0 16.3 0
175425 18.562 10.0 16.3 0
175456 18.562 10.0 16.3 0
175526 18.562 10.0 16.3 0
175559 18.562 10.0 16.3 0
175630 18.562 10.0 16.3 0
175701 18.562 10.0 16.3 0
175731 18.562 10.0 16.3 0
175801 18.562 10.0 16.3 0
175832 18.625 10.0 16.3 0
175902 18.625 10.0 16.3 0
175932 18.625 10.0 16.3 0
180003 18.625 10.0 16.3 0
180033 18.625 10.0 16.3 0
180104 18.562 10.0 16.3 0
180135 18.562 10.0 16.3 0
180205 18.562 10.0 16.3 0
180236 18.562 10.0 16.3 0
180307 18.562 10.0 16.3 0
180337 18.5 10.0 16.3 0
180407 18.5 10.0 16.3 0
180438 18.5 10.0 16.3 0
180508 18.5 10.0 16.3 0
180539 18.5 10.0 16.3 0
180610 18.5 10.0 16.3 0
180640 18.5 10.0 16.3 0
180710 18.5 10.0 16.3 0
180741 18.5 10.0 16.3 0
180811 18.5 10.0 16.3 0
180841 18.562 10.0 16.3 0
180912 18.562 10.0 16.3 0
180943 18.562 10.0 16.3 0
181013 18.562 10.0 16.3 0
181044 18.562 10.0 16.3 0
181114 18.562 10.0 16.3 0
181145 18.562 10.0 16.3 0
181215 18.562 10.0 16.3 0
181246 18.562 10.0 16.3 0
181317 18.562 10.0 16.3 0
181348 18.562 10.0 16.3 0
181418 18.562 10.0 16.3 0
181449 18.562 10.0 16.3 0
181519 18.562 10.0 16.3 0
181550 18.562 10.0 16.3 0
181621 18.562 10.0 16.3 0
181651 18.562 10.0 16.3 0
181722 18.562 10.0 16.3 0
181752 18.562 10.0 16.3 0
181822 18.562 10.0 16.3 0
181852 18.562 10.0 16.3 0
181923 18.562 10.0 16.3 0
181953 18.562 10.0 16.3 0
182024 18.562 10.0 16.3 0
182054 18.562 10.0 16.3 0
182125 18.5 10.0 16.3 0
182155 18.5 10.0 16.3 0
182225 18.5 10.0 16.3 0
182255 18.5 10.0 16.3 0
182325 18.5 10.0 16.3 0
182356 18.562 10.0 16.3 0
182426 18.562 10.0 16.3 0
182456 18.562 10.0 16.3 0
182526 18.562 10.0 16.3 0
182557 18.562 10.0 16.3 0
182627 18.562 10.0 16.3 0
182658 18.562 10.0 16.3 0
182728 18.562 10.0 16.3 0
182759 18.562 10.0 16.3 0
182832 18.687 10.0 16.3 0
182903 18.687 10.0 16.3 0
182933 18.687 10.0 16.3 0
183003 18.687 10.0 16.3 0
183034 18.687 10.0 16.3 0
183105 18.687 10.0 16.3 0
183136 18.687 10.0 16.3 0
183206 18.687 10.0 16.3 0
183237 18.687 10.0 16.3 0
183307 18.687 10.0 16.3 0
183337 18.687 10.0 16.3 0
183408 18.687 10.0 16.3 0
183438 18.687 10.0 16.3 0
183509 18.687 10.0 16.3 0
183540 18.687 10.0 16.3 0
183610 18.75 10.0 16.3 0
183641 18.75 10.0 16.3 0
183712 18.75 10.0 16.3 0
183742 18.75 10.0 16.3 0
183813 18.75 10.0 16.3 0
183843 18.75 10.0 16.3 0
183914 18.75 10.0 16.3 0
183945 18.75 10.0 16.3 0
184015 18.75 10.0 16.3 0
184046 18.75 10.0 16.3 0
184117 18.75 10.0 16.3 0
184148 18.75 10.0 16.3 0
184218 18.75 10.0 16.3 0
184249 18.75 10.0 16.3 0
184319 18.75 10.0 16.3 0
184350 18.812 10.0 16.3 0
184421 18.812 10.0 16.3 0
184451 18.812 10.0 16.3 0
184522 18.812 10.0 16.3 0
184553 18.812 10.0 16.3 0
184623 18.812 10.0 16.3 0
184654 18.812 10.0 16.3 0
184725 18.812 10.0 16.3 0
184755 18.812 10.0 16.3 0
184826 18.812 10.0 16.3 0
184856 18.875 10.0 16.3 0
184927 18.875 10.0 16.3 0
184958 18.875 10.0 16.3 0
185028 18.875 10.0 16.3 0
185059 18.875 10.0 16.3 0
185130 18.937 10.0 16.3 0
185200 18.937 10.0 16.3 0
185231 18.937 10.0 16.3 0
185302 18.937 10.0 16.3 0
185334 18.937 10.0 16.3 0
185404 18.937 10.0 16.3 0
185435 18.937 10.0 16.3 0
185506 18.937 10.0 16.3 0
185536 18.937 10.0 16.3 0
185607 19.0 10.0 16.3 0
185638 19.0 10.0 16.3 0
185708 19.0 10.0 16.3 0
185739 19.0 10.0 16.3 0
185809 19.0 10.0 16.3 0
185839 19.125 10.0 16.3 0
185909 19.125 10.0 16.3 0
185939 19.125 10.0 16.3 0
190010 19.125 10.0 16.3 0
190040 19.125 10.0 16.3 0
190110 19.25 10.0 16.3 0
190141 19.25 10.0 16.3 0
190212 19.25 10.0 16.3 0
190242 19.25 10.0 16.3 0
190312 19.25 10.0 16.3 0
190343 19.375 10.0 16.3 0
190413 19.375 10.0 16.3 0
190444 19.375 10.0 16.3 0
190514 19.375 10.0 16.3 0
190544 19.375 10.0 16.3 0
190615 19.437 10.0 16.3 0
190645 19.437 10.0 16.3 0
190716 19.437 10.0 16.3 0
190747 19.437 10.0 16.3 0
190817 19.437 10.0 16.3 0
190848 19.562 10.0 16.3 0
190918 19.562 10.0 16.3 0
190949 19.562 10.0 16.3 0
191020 19.562 10.0 16.3 0
191051 19.562 10.0 16.3 0
191121 19.625 10.0 16.3 0
191151 19.625 10.0 16.3 0
191222 19.625 10.0 16.3 0
191253 19.625 10.0 16.3 0
191323 19.625 10.0 16.3 0
191354 19.625 10.0 16.3 0
191424 19.625 10.0 16.3 0
191454 19.625 10.0 16.3 0
191525 19.625 10.0 16.3 0
191555 19.625 10.0 16.3 0
191625 19.687 10.0 16.3 0
191656 19.687 10.0 16.3 0
191726 19.687 10.0 16.3 0
191757 19.687 10.0 16.3 0
191827 19.687 10.0 16.3 0
191857 19.75 10.0 16.3 0
191928 19.75 10.0 16.3 0
191958 19.75 10.0 16.3 0
192029 19.75 10.0 16.3 0
192059 19.75 10.0 16.3 0
192129 19.812 10.0 16.3 0
192200 19.812 10.0 16.3 0
192231 19.812 10.0 16.3 0
192301 19.812 10.0 16.3 0
192331 19.812 10.0 16.3 0
192402 19.812 10.0 16.3 0
192432 19.812 10.0 16.3 0
192503 19.812 10.0 16.3 0
192534 19.812 10.0 16.3 0
192604 19.812 10.0 16.3 0
192635 19.812 10.0 16.3 0
192705 19.812 10.0 16.3 0
192736 19.812 10.0 16.3 0
192807 19.812 10.0 16.3 0
192839 19.875 10.0 16.3 0
192910 19.875 10.0 16.3 0
192940 19.875 10.0 16.3 0
193011 19.875 10.0 16.3 0
193042 19.875 10.0 16.3 0
193112 20.0 10.0 16.3 0
193143 20.0 10.0 16.3 0
193214 20.0 10.0 16.3 0
193244 20.0 10.0 16.3 0
193315 20.0 10.0 16.3 0
193345 20.0 10.0 16.3 0
193416 20.0 10.0 16.3 0
193447 20.0 10.0 16.3 0
193517 20.0 10.0 16.3 0
193547 20.0 10.0 16.3 0
193617 20.062 10.0 16.3 0
193648 20.062 10.0 16.3 0
193718 20.062 10.0 16.3 0
193749 20.062 10.0 16.3 0
193820 20.062 10.0 16.3 0
193850 20.062 10.0 16.3 0
193921 20.062 10.0 16.3 0
193951 20.062 10.0 16.3 0
194022 20.062 10.0 16.3 0
194052 20.062 10.0 16.3 0
194123 20.062 10.0 16.3 0
194153 20.062 10.0 16.3 0
194224 20.062 10.0 16.3 0
194254 20.062 10.0 16.3 0
194325 20.062 10.0 16.3 0
194356 20.125 10.0 16.3 0
194426 20.125 10.0 16.3 0
194457 20.125 10.0 16.3 0
194527 20.125 10.0 16.3 0
194558 20.125 10.0 16.3 0
194628 20.125 10.0 16.3 0
194658 20.125 10.0 16.3 0
194729 20.125 10.0 16.3 0
194800 20.125 10.0 16.3 0
194830 20.125 10.0 16.3 0
194900 20.125 10.0 16.3 0
194930 20.125 10.0 16.3 0
195001 20.125 10.0 16.3 0
195032 20.125 10.0 16.3 0
195102 20.125 10.0 16.3 0
195132 20.125 10.0 16.3 0
195203 20.125 10.0 16.3 0
195234 20.125 10.0 16.3 0
195304 20.125 10.0 16.3 0
195335 20.125 10.0 16.3 0
195405 20.062 10.0 16.3 0
195435 20.062 10.0 16.3 0
195506 20.062 10.0 16.3 0
195536 20.062 10.0 16.3 0
195607 20.062 10.0 16.3 0
195637 20.0 10.0 16.3 0
195708 20.0 10.0 16.3 0
195738 20.0 10.0 16.3 0
195808 20.0 10.0 16.3 0
195839 20.0 10.0 16.3 0
195909 19.937 10.0 16.3 0
195940 19.937 10.0 16.3 0
200010 19.937 10.0 16.3 0
200040 19.937 10.0 16.3 0
200111 19.937 10.0 16.3 0
200141 19.875 10.0 16.3 0
200211 19.875 10.0 16.3 0
200242 19.875 10.0 16.3 0
200312 19.875 10.0 16.3 0
200344 19.875 10.0 16.3 0
200415 19.875 10.0 16.3 0
200445 19.875 10.0 16.3 0
200516 19.875 10.0 16.3 0
200546 19.875 10.0 16.3 0
200616 19.812 10.0 16.3 0
200647 19.812 10.0 16.3 0
200717 19.812 10.0 16.3 0
200747 19.812 10.0 16.3 0
200817 19.812 10.0 16.3 0
200847 19.75 10.0 16.3 0
200918 19.75 10.0 16.3 0
200948 19.75 10.0 16.3 0
201019 19.75 10.0 16.3 0
201050 19.75 10.0 16.3 0
201120 19.75 10.0 16.3 0
201151 19.75 10.0 16.3 0
201222 19.75 10.0 16.3 0
201252 19.75 10.0 16.3 0
201323 19.75 10.0 16.3 0
201354 19.75 10.0 16.3 0
201424 19.75 10.0 16.3 0
201455 19.75 10.0 16.3 0
201526 19.75 10.0 16.3 0
201556 19.75 10.0 16.3 0
201627 19.75 10.0 16.3 0
201658 19.75 10.0 16.3 0
201728 19.75 10.0 16.3 0
201759 19.75 10.0 16.3 0
201829 19.75 10.0 16.3 0
201859 19.75 10.0 16.3 0
201929 19.75 10.0 16.3 0
201959 19.75 10.0 16.3 0
202030 19.75 10.0 16.3 0
202100 19.75 10.0 16.3 0
202131 19.75 10.0 16.3 0
202202 19.75 10.0 16.3 0
202232 19.75 10.0 16.3 0
202303 19.75 10.0 16.3 0
202334 19.75 10.0 16.3 0
202405 19.75 10.0 16.3 0
202435 19.75 10.0 16.3 0
202506 19.75 10.0 16.3 0
202536 19.75 10.0 16.3 0
202607 19.75 10.0 16.3 0
202637 19.687 10.0 16.3 0
202707 19.687 10.0 16.3 0
202737 19.687 10.0 16.3 0
202807 19.687 10.0 16.3 0
202838 19.687 10.0 16.3 0
202908 19.625 10.0 16.3 0
202938 19.625 10.0 16.3 0
203009 19.625 10.0 16.3 0
203040 19.625 10.0 16.3 0
203110 19.625 10.0 16.3 0
203140 19.687 10.0 16.3 0
203211 19.687 10.0 16.3 0
203242 19.687 10.0 16.3 0
203313 19.687 10.0 16.3 0
203343 19.687 10.0 16.3 0
203414 19.625 10.0 16.3 0
203444 19.625 10.0 16.3 0
203514 19.625 10.0 16.3 0
203545 19.625 10.0 16.3 0
203615 19.625 10.0 16.3 0
203646 19.562 10.0 16.3 0
203716 19.562 10.0 16.3 0
203747 19.562 10.0 16.3 0
203817 19.562 10.0 16.3 0
203849 19.562 10.0 16.3 0
203919 19.562 10.0 16.3 0
203950 19.562 10.0 16.3 0
204021 19.562 10.0 16.3 0
204051 19.562 10.0 16.3 0
204122 19.562 10.0 16.3 0
204153 19.562 10.0 16.3 0
204223 19.562 10.0 16.3 0
204254 19.562 10.0 16.3 0
204325 19.562 10.0 16.3 0
204355 19.625 10.0 16.3 0
204426 19.625 10.0 16.3 0
204456 19.625 10.0 16.3 0
204527 19.625 10.0 16.3 0
204557 19.625 10.0 16.3 0
204628 19.562 10.0 16.3 0
204659 19.562 10.0 16.3 0
204730 19.562 10.0 16.3 0
204800 19.562 10.0 16.3 0
204831 19.562 10.0 16.3 0
204901 19.562 10.0 16.3 0
204931 19.562 10.0 16.3 0
205003 19.562 10.0 16.3 0
205033 19.562 10.0 16.3 0
205104 19.562 10.0 16.3 0
205135 19.562 10.0 16.3 0
205205 19.562 10.0 16.3 0
205235 19.562 10.0 16.3 0
205306 19.562 10.0 16.3 0
205337 19.562 10.0 16.3 0
205408 19.562 10.0 16.3 0
205438 19.562 10.0 16.3 0
205509 19.562 10.0 16.3 0
205540 19.562 10.0 16.3 0
205610 19.562 10.0 16.3 0
205641 19.562 10.0 16.3 0
205712 19.562 10.0 16.3 0
205742 19.562 10.0 16.3 0
205813 19.562 10.0 16.3 0
205843 19.562 10.0 16.3 0
205913 19.562 10.0 16.3 0
205943 19.562 10.0 16.3 0
210013 19.562 10.0 16.3 0
210043 19.562 10.0 16.3 0
210114 19.562 10.0 16.3 0
210144 19.562 10.0 16.3 0
210214 19.562 10.0 16.3 0
210245 19.562 10.0 16.3 0
210316 19.562 10.0 16.3 0
210347 19.562 10.0 16.3 0
210417 19.625 10.0 16.3 0
210447 19.625 10.0 16.3 0
210518 19.625 10.0 16.3 0
210549 19.625 10.0 16.3 0
210619 19.625 10.0 16.3 0
210650 19.625 10.0 16.3 0
210721 19.625 10.0 16.3 0
210751 19.625 10.0 16.3 0
210822 19.625 10.0 16.3 0
210853 19.625 10.0 16.3 0
210924 19.625 10.0 16.3 0
210955 19.625 10.0 16.3 0
211025 19.625 10.0 16.3 0
211055 19.625 10.0 16.3 0
211126 19.625 10.0 16.3 0
211156 19.625 10.0 16.3 0
211227 19.625 10.0 16.3 0
211257 19.625 10.0 16.3 0
211328 19.625 10.0 16.3 0
211359 19.562 10.0 16.3 0
211429 19.562 10.0 16.3 0
211500 19.562 10.0 16.3 0
211531 19.562 10.0 16.3 0
211601 19.562 10.0 16.3 0
211631 19.562 10.0 16.3 0
211702 19.562 10.0 16.3 0
211732 19.562 10.0 16.3 0
211803 19.562 10.0 16.3 0
211834 19.562 10.0 16.3 0
211904 19.562 10.0 16.3 0
211935 19.562 10.0 16.3 0
212005 19.562 10.0 16.3 0
212036 19.562 10.0 16.3 0
212107 19.562 10.0 16.3 0
212137 19.562 10.0 16.3 0
212208 19.562 10.0 16.3 0
212238 19.562 10.0 16.3 0
212308 19.562 10.0 16.3 0
212339 19.562 10.0 16.3 0
212410 19.562 10.0 16.3 0
212441 19.562 10.0 16.3 0
212511 19.562 10.0 16.3 0
212542 19.562 10.0 16.3 0
212613 19.562 10.0 16.3 0
212643 19.562 10.0 16.3 0
212714 19.562 10.0 16.3 0
212745 19.562 10.0 16.3 0
212815 19.562 10.0 16.3 0
212846 19.562 10.0 16.3 0
212916 19.562 10.0 16.3 0
212947 19.562 10.0 16.3 0
213018 19.562 10.0 16.3 0
213049 19.562 10.0 16.3 0
213119 19.562 10.0 16.3 0
213150 19.562 10.0 16.3 0
213220 19.562 10.0 16.3 0
213250 19.562 10.0 16.3 0
213321 19.562 10.0 16.3 0
213351 19.562 10.0 16.3 0
213422 19.562 10.0 16.3 0
213453 19.562 10.0 16.3 0
213523 19.562 10.0 16.3 0
213554 19.562 10.0 16.3 0
213627 19.562 10.0 16.3 0
213657 19.562 10.0 16.3 0
213728 19.562 10.0 16.3 0
213758 19.562 10.0 16.3 0
213829 19.562 10.0 16.3 0
213859 19.5 10.0 16.3 0
213930 19.5 10.0 16.3 0
214000 19.5 10.0 16.3 0
214030 19.5 10.0 16.3 0
214101 19.5 10.0 16.3 0
214131 19.5 10.0 16.3 0
214202 19.5 10.0 16.3 0
214233 19.5 10.0 16.3 0
214303 19.5 10.0 16.3 0
214334 19.5 10.0 16.3 0
214405 19.5 10.0 16.3 0
214435 19.5 10.0 16.3 0
214506 19.5 10.0 16.3 0
214536 19.5 10.0 16.3 0
214607 19.5 10.0 16.3 0
214637 19.437 10.0 16.3 0
214708 19.437 10.0 16.3 0
214738 19.437 10.0 16.3 0
214809 19.437 10.0 16.3 0
214840 19.437 10.0 16.3 0
214910 19.437 10.0 16.3 0
214941 19.437 10.0 16.3 0
215011 19.437 10.0 16.3 0
215042 19.437 10.0 16.3 0
215112 19.437 10.0 16.3 0
215143 19.375 10.0 16.3 0
215213 19.375 10.0 16.3 0
215244 19.375 10.0 16.3 0
215314 19.375 10.0 16.3 0
215344 19.375 10.0 16.3 0
215415 19.375 10.0 16.3 0
215445 19.375 10.0 16.3 0
215515 19.375 10.0 16.3 0
215546 19.375 10.0 16.3 0
215617 19.375 10.0 16.3 0
215647 19.312 10.0 16.3 0
215718 19.312 10.0 16.3 0
215748 19.312 10.0 16.3 0
215818 19.312 10.0 16.3 0
215849 19.312 10.0 16.3 0
215919 19.312 10.0 16.3 0
215949 19.312 10.0 16.3 0
220020 19.312 10.0 16.3 0
220050 19.312 10.0 16.3 0
220121 19.312 10.0 16.3 0
220152 19.25 10.0 16.3 0
220222 19.25 10.0 16.3 0
220253 19.25 10.0 16.3 0
220323 19.25 10.0 16.3 0
220354 19.25 10.0 16.3 0
220424 19.25 10.0 16.3 0
220454 19.25 10.0 16.3 0
220524 19.25 10.0 16.3 0
220555 19.25 10.0 16.3 0
220625 19.25 10.0 16.3 0
220656 19.25 10.0 16.3 0
220726 19.25 10.0 16.3 0
220756 19.25 10.0 16.3 0
220826 19.25 10.0 16.3 0
220857 19.25 10.0 16.3 0
220928 19.187 10.0 16.3 0
220958 19.187 10.0 16.3 0
221029 19.187 10.0 16.3 0
221100 19.187 10.0 16.3 0
221132 19.187 10.0 16.3 0
221203 19.187 10.0 16.3 0
221233 19.187 10.0 16.3 0
221304 19.187 10.0 16.3 0
221335 19.187 10.0 16.3 0
221405 19.125 10.0 16.3 0
221436 19.125 10.0 16.3 0
221507 19.125 10.0 16.3 0
221537 19.125 10.0 16.3 0
221608 19.125 10.0 16.3 0
221638 19.125 10.0 16.3 0
221709 19.125 10.0 16.3 0
221739 19.125 10.0 16.3 0
221809 19.125 10.0 16.3 0
221840 19.125 10.0 16.3 0
221910 19.125 10.0 16.3 0
221941 19.125 10.0 16.3 0
222011 19.125 10.0 16.3 0
222041 19.125 10.0 16.3 0
222112 19.125 10.0 16.3 0
222142 19.062 10.0 16.3 0
222213 19.062 10.0 16.3 0
222243 19.062 10.0 16.3 0
222314 19.062 10.0 16.3 0
222345 19.062 10.0 16.3 0
222415 19.062 10.0 16.3 0
222446 19.062 10.0 16.3 0
222516 19.062 10.0 16.3 0
222547 19.062 10.0 16.3 0
222618 19.062 10.0 16.3 0
222648 19.062 10.0 16.3 0
222719 19.062 10.0 16.3 0
222749 19.062 10.0 16.3 0
222819 19.062 10.0 16.3 0
222850 19.062 10.0 16.3 0
222920 19.062 10.0 16.3 0
222951 19.062 10.0 16.3 0
223021 19.062 10.0 16.3 0
223052 19.062 10.0 16.3 0
223122 19.062 10.0 16.3 0
223152 19.0 10.0 16.3 0
223223 19.0 10.0 16.3 0
223254 19.0 10.0 16.3 0
223324 19.0 10.0 16.3 0
223355 19.0 10.0 16.3 0
223425 19.0 10.0 16.3 0
223456 19.0 10.0 16.3 0
223527 19.0 10.0 16.3 0
223557 19.0 10.0 16.3 0
223628 19.0 10.0 16.3 0
223659 18.937 10.0 16.3 0
223729 18.937 10.0 16.3 0
223759 18.937 10.0 16.3 0
223829 18.937 10.0 16.3 0
223859 18.937 10.0 16.3 0
223930 18.937 10.0 16.3 0
224001 18.937 10.0 16.3 0
224031 18.937 10.0 16.3 0
224101 18.937 10.0 16.3 0
224132 18.937 10.0 16.3 0
224202 18.937 10.0 16.3 0
224233 18.937 10.0 16.3 0
224304 18.937 10.0 16.3 0
224334 18.937 10.0 16.3 0
224407 18.937 10.0 16.3 0
224437 18.937 10.0 16.3 0
224508 18.937 10.0 16.3 0
224538 18.937 10.0 16.3 0
224608 18.937 10.0 16.3 0
224638 18.875 10.0 16.3 0
224709 18.875 10.0 16.3 0
224739 18.875 10.0 16.3 0
224810 18.875 10.0 16.3 0
224840 18.875 10.0 16.3 0
224911 18.937 10.0 16.3 0
224941 18.937 10.0 16.3 0
225011 18.937 10.0 16.3 0
225042 18.937 10.0 16.3 0
225112 18.937 10.0 16.3 0
225143 18.937 10.0 16.3 0
225214 18.937 10.0 16.3 0
225244 18.937 10.0 16.3 0
225315 18.937 10.0 16.3 0
225346 18.937 10.0 16.237 0
225416 18.937 10.0 16.3 0
225446 18.937 10.0 16.3 0
225517 18.937 10.0 16.3 0
225547 18.937 10.0 16.3 0
225617 18.937 10.0 16.3 0
225648 18.812 10.0 16.3 0
225718 18.812 10.0 16.3 0
225749 18.812 10.0 16.3 0
225819 18.812 10.0 16.3 0
225850 18.812 10.0 16.3 0
225920 18.812 10.0 16.3 0
225951 18.812 10.0 16.3 0
230021 18.812 10.0 16.3 0
230052 18.812 10.0 16.3 0
230123 18.812 10.0 16.3 0
230153 18.75 10.0 16.3 0
230223 18.75 10.0 16.3 0
230254 18.75 10.0 16.3 0
230324 18.75 10.0 16.3 0
230354 18.75 10.0 16.3 0
230425 18.75 10.0 16.3 0
230456 18.75 10.0 16.3 0
230526 18.75 10.0 16.3 0
230556 18.75 10.0 16.3 0
230627 18.75 10.0 16.3 0
230657 18.687 10.0 16.3 0
230728 18.687 10.0 16.3 0
230759 18.687 10.0 16.3 0
230829 18.687 10.0 16.237 0
230900 18.687 10.0 16.3 0
230931 18.687 10.0 16.3 0
231001 18.687 10.0 16.237 0
231032 18.687 10.0 16.3 0
231103 18.687 10.0 16.3 0
231133 18.687 10.0 16.3 0
231203 18.687 10.0 16.3 0
231234 18.687 10.0 16.3 0
231305 18.687 10.0 16.3 0
231335 18.687 10.0 16.3 0
231406 18.687 10.0 16.3 0
231437 18.75 10.0 16.3 0
231507 18.75 10.0 16.237 0
231538 18.75 10.0 16.3 0
231609 18.75 10.0 16.3 0
231639 18.75 10.0 16.3 0
231710 18.875 10.0 16.3 0
231740 18.875 10.0 16.3 0
231810 18.875 10.0 16.3 0
231841 18.875 10.0 16.3 0
231914 18.875 10.0 16.3 0
231945 18.875 10.0 16.3 0
232015 18.875 10.0 16.3 0
232045 18.875 10.0 16.3 0
232115 18.875 10.0 16.3 0
232146 18.875 10.0 16.3 0
232216 18.875 10.0 16.3 0
232246 18.875 10.0 16.3 0
232316 18.875 10.0 16.3 0
232347 18.875 10.0 16.3 0
232418 18.875 10.0 16.3 0
232448 18.875 10.0 16.3 0
232519 18.875 10.0 16.3 0
232550 18.875 10.0 16.237 0
232620 18.875 10.0 16.3 0
232651 18.937 10.0 16.3 0
232721 18.937 10.0 16.3 0
232752 18.937 10.0 16.3 0
232822 18.937 10.0 16.3 0
232853 18.937 10.0 16.3 0
232923 18.875 10.0 16.3 0
232954 18.875 10.0 16.3 0
233025 18.875 10.0 16.237 0
233055 18.875 10.0 16.237 0
233125 18.875 10.0 16.237 0
233155 18.875 10.0 16.3 0
233226 18.875 10.0 16.237 0
233256 18.875 10.0 16.3 0
233326 18.875 10.0 16.3 0
233357 18.875 10.0 16.237 0
233428 18.875 10.0 16.237 0
233458 18.875 10.0 16.237 0
233529 18.875 10.0 16.237 0
233600 18.875 10.0 16.3 0
233630 18.875 10.0 16.237 0
233701 18.875 10.0 16.237 0
233732 18.875 10.0 16.237 0
233802 18.875 10.0 16.237 0
233833 18.875 10.0 16.3 0
233904 18.875 10.0 16.3 0
233934 18.812 10.0 16.3 0
234005 18.812 10.0 16.3 0
234035 18.812 10.0 16.237 0
234106 18.812 10.0 16.237 0
234136 18.812 10.0 16.237 0
234207 18.875 10.0 16.237 0
234238 18.875 10.0 16.3 0
234308 18.875 10.0 16.3 0
234339 18.875 10.0 16.237 0
234409 18.875 10.0 16.3 0
234440 18.812 10.0 16.237 0
234511 18.812 10.0 16.237 0
234541 18.812 10.0 16.237 0
234612 18.812 10.0 16.237 0
234643 18.812 10.0 16.3 0
234713 18.812 10.0 16.3 0
234744 18.812 10.0 16.237 0
234814 18.812 10.0 16.237 0
234845 18.812 10.0 16.3 0
234918 18.812 10.0 16.237 0
234948 18.812 10.0 16.3 0
235019 18.812 10.0 16.3 0
235049 18.812 10.0 16.237 0
235120 18.812 10.0 16.237 0
235150 18.875 10.0 16.3 0
235220 18.875 10.0 16.237 0
235251 18.875 10.0 16.237 0
235321 18.875 10.0 16.3 0
235352 18.875 10.0 16.237 0
235423 18.812 10.0 16.237 0
235453 18.812 10.0 16.237 0
235524 18.812 10.0 16.3 0
235554 18.812 10.0 16.237 0
235625 18.812 10.0 16.237 0
235656 18.75 10.0 16.3 0
235726 18.75 10.0 16.3 0
235757 18.75 10.0 16.3 0
235827 18.75 10.0 16.237 0
235858 18.75 10.0 16.3 0
