235918 19.5 10.0 68.612 0
235948 19.5 10.0 68.675 0
000019 19.312 10.0 68.737 0
000049 19.312 10.0 68.737 0
000120 19.312 10.0 68.8 0
000150 19.312 10.0 68.862 0
000223 19.125 10.0 68.925 0
000253 19.125 10.0 68.925 0
000323 19.125 10.0 68.987 0
000353 19.125 10.0 69.05 0
000424 19.125 10.0 69.05 0
000454 18.937 10.0 69.05 0
000524 18.937 10.0 69.112 0
000555 18.937 10.0 69.112 0
000625 18.937 10.0 69.112 0
000656 18.937 10.0 69.175 0
000726 18.812 10.0 69.175 0
000756 18.812 10.0 69.175 0
000826 18.812 10.0 69.237 0
000856 18.812 10.0 69.237 0
000927 18.812 10.0 69.237 0
000958 18.625 10.0 69.237 0
001028 18.625 10.0 69.3 0
001059 18.625 10.0 69.3 0
001129 18.625 10.0 69.3 0
001200 18.625 10.0 69.3 0
001231 18.562 10.0 69.3 0
001301 18.562 10.0 69.362 0
001331 18.562 10.0 69.362 0
001401 18.562 10.0 69.362 0
001432 18.562 10.0 69.362 0
001502 18.437 10.0 69.362 0
001532 18.437 10.0 69.362 0
001603 18.437 10.0 69.362 0
001634 18.437 10.0 69.362 0
001704 18.437 10.0 69.362 0
001734 18.375 10.0 69.425 0
001804 18.375 10.0 69.425 0
001835 18.375 10.0 69.425 0
001905 18.375 10.0 69.425 0
001936 18.375 10.0 69.487 0
002007 18.312 22.0 69.487 0
002037 18.312 22.0 69.487 50
002107 18.312 22.0 69.55 50
002137 18.312 22.0 69.55 50
002208 18.312 22.0 69.612 50
002238 18.25 10.0 69.612 50
002309 18.25 10.0 69.612 0
002339 18.25 10.0 69.612 0
002409 18.25 10.0 69.55 0
002440 18.25 10.0 69.612 0
002510 18.187 10.0 69.55 0
002540 18.187 10.0 69.55 0
002610 18.187 10.0 69.612 0
002640 18.187 10.0 69.612 0
002711 18.187 10.0 69.55 0
002741 18.125 10.0 69.55 0
002811 18.125 10.0 69.55 0
002842 18.125 10.0 69.55 0
002912 18.125 10.0 69.55 0
002943 18.125 10.0 69.55 0
003013 18.125 10.0 69.55 0
003043 18.125 10.0 69.55 0
003114 18.125 10.0 69.55 0
003144 18.125 10.0 69.55 0
003214 18.125 10.0 69.55 0
003245 18.062 10.0 69.487 0
003315 18.062 10.0 69.487 0
003345 18.062 10.0 69.487 0
003415 18.062 10.0 69.487 0
003446 18.062 10.0 69.487 0
003516 18.062 10.0 69.487 0
003546 18.062 10.0 69.487 0
003617 18.062 10.0 69.425 0
003647 18.062 10.0 69.425 0
003717 18.062 10.0 69.425 0
003747 18.062 10.0 69.425 0
003817 18.062 10.0 69.425 0
003848 18.062 10.0 69.362 0
003918 18.062 10.0 69.362 0
003949 18.062 10.0 69.362 0
004019 18.0 10.0 69.362 0
004050 18.0 10.0 69.425 0
004120 18.0 10.0 69.487 0
004150 18.0 10.0 69.55 0
004221 18.0 10.0 69.55 0
004251 17.937 10.0 69.612 0
004321 17.937 10.0 69.612 0
004351 17.937 10.0 69.612 0
004422 17.937 10.0 69.612 0
004452 17.937 10.0 69.612 0
004523 17.937 10.0 69.55 0
004553 17.937 10.0 69.55 0
004623 17.937 10.0 69.55 0
004654 17.937 10.0 69.55 0
004724 17.937 10.0 69.55 0
004754 17.875 10.0 69.487 0
004825 17.875 10.0 69.487 0
004855 17.875 10.0 69.487 0
004926 17.875 10.0 69.487 0
004956 17.875 10.0 69.487 0
005027 17.875 10.0 69.487 0
005057 17.875 10.0 69.487 0
005127 17.875 10.0 69.487 0
005158 17.875 10.0 69.425 0
005231 17.812 10.0 69.425 0
005301 17.812 10.0 69.425 0
005331 17.812 10.0 69.425 0
005401 17.812 10.0 69.425 0
005431 17.812 10.0 69.362 0
005502 17.812 10.0 69.362 0
005532 17.812 10.0 69.362 0
005603 17.812 10.0 69.362 0
005633 17.812 10.0 69.362 0
005703 17.812 10.0 69.3 0
005734 17.75 10.0 69.3 0
005805 17.75 10.0 69.3 0
005835 17.75 10.0 69.3 0
005906 17.75 10.0 69.237 0
005936 17.75 10.0 69.237 0
010006 17.687 10.0 69.237 0
010036 17.687 10.0 69.237 0
010107 17.687 10.0 69.175 0
010137 17.687 10.0 69.175 0
010207 17.687 10.0 69.175 0
010237 17.687 10.0 69.175 0
010308 17.687 10.0 69.112 0
010338 17.687 10.0 69.112 0
010408 17.687 10.0 69.05 0
010438 17.687 10.0 69.05 0
010509 17.625 10.0 68.987 0
010539 17.625 10.0 68.987 0
010609 17.625 10.0 68.987 0
010640 17.625 10.0 68.925 0
010710 17.625 10.0 68.925 0
010740 17.562 10.0 68.862 0
010810 17.562 10.0 68.862 0
010840 17.562 10.0 68.862 0
010910 17.562 10.0 68.8 0
010941 17.562 10.0 68.8 0
011011 17.562 10.0 68.8 0
011041 17.562 10.0 68.737 0
011111 17.562 10.0 68.737 0
011142 17.562 10.0 68.675 0
011212 17.562 10.0 68.675 0
011243 17.562 10.0 68.675 0
011313 17.562 10.0 68.612 0
011344 17.562 10.0 68.612 0
011415 17.562 10.0 68.55 0
011445 17.562 10.0 68.55 0
011516 17.5 10.0 68.55 0
011546 17.5 10.0 68.487 0
011617 17.5 10.0 68.487 0
011647 17.5 10.0 68.425 0
011717 17.5 10.0 68.425 0
011748 17.437 10.0 68.425 0
011818 17.437 10.0 68.362 0
011848 17.437 10.0 68.362 0
011918 17.437 10.0 68.3 0
011949 17.437 10.0 68.3 0
012019 17.437 10.0 68.3 0
012049 17.437 10.0 68.237 0
012119 17.437 10.0 68.237 0
012150 17.437 10.0 68.175 0
012220 17.437 10.0 68.175 0
012250 17.375 10.0 68.112 0
012321 17.375 10.0 68.05 0
012351 17.375 10.0 68.05 0
012422 17.375 10.0 67.987 0
012452 17.375 10.0 67.925 0
012522 17.375 10.0 67.862 0
012552 17.375 10.0 67.862 0
012623 17.375 10.0 67.8 0
012654 17.375 10.0 67.737 0
012725 17.375 10.0 67.737 0
012755 17.375 10.0 67.675 0
012825 17.375 10.0 67.675 0
012856 17.375 10.0 67.612 0
012927 17.375 10.0 67.55 0
012957 17.375 10.0 67.55 0
013028 17.312 10.0 67.487 0
013058 17.312 10.0 67.487 0
013129 17.312 10.0 67.425 0
013200 17.312 10.0 67.425 0
013230 17.312 10.0 67.362 0
013301 17.312 10.0 67.3 0
013332 17.312 10.0 67.3 0
013402 17.312 10.0 67.237 0
013432 17.312 10.0 67.237 0
013503 17.312 10.0 67.175 0
013533 17.312 10.0 67.175 0
013603 17.312 10.0 67.112 0
013634 17.312 10.0 67.112 0
013704 17.312 10.0 67.05 0
013735 17.312 10.0 67.05 0
013805 17.25 10.0 66.987 0
013835 17.25 10.0 66.925 0
013906 17.25 10.0 66.925 0
013937 17.25 10.0 66.862 0
014009 17.25 10.0 66.862 0
014039 17.25 10.0 66.8 0
014110 17.25 10.0 66.8 0
014141 17.25 10.0 66.737 0
014211 17.25 10.0 66.675 0
014242 17.187 10.0 66.675 0
014312 17.187 10.0 66.612 0
014343 17.187 10.0 66.55 0
014414 17.187 10.0 66.487 0
014444 17.187 10.0 66.487 0
014515 17.187 10.0 66.425 0
014545 17.187 10.0 66.425 0
014616 17.187 10.0 66.362 0
014646 17.187 10.0 66.3 0
014717 17.187 10.0 66.3 0
014748 17.187 10.0 66.237 0
014819 17.187 10.0 66.237 0
014849 17.187 10.0 66.175 0
014919 17.187 10.0 66.175 0
014949 17.187 10.0 66.112 0
015019 17.125 10.0 66.112 0
015050 17.125 10.0 66.05 0
015121 17.125 10.0 66.05 0
015151 17.125 10.0 65.987 0
015222 17.125 10.0 65.987 0
015252 17.125 10.0 65.925 0
015322 17.125 10.0 65.925 0
015352 17.125 10.0 65.862 0
015423 17.125 10.0 65.862 0
015453 17.125 10.0 65.8 0
015523 17.125 10.0 65.8 0
015554 17.125 10.0 65.737 0
015624 17.125 10.0 65.737 0
015654 17.125 10.0 65.675 0
015724 17.125 10.0 65.675 0
015754 17.062 10.0 65.612 0
015825 17.062 10.0 65.612 0
015855 17.062 10.0 65.55 0
015925 17.062 10.0 65.55 0
015956 17.062 10.0 65.487 0
020026 17.062 10.0 65.487 0
020056 17.062 10.0 65.425 0
020127 17.062 10.0 65.362 0
020157 17.062 10.0 65.3 0
020227 17.062 10.0 65.175 0
020258 17.062 10.0 65.112 0
020329 17.062 10.0 64.987 0
020400 17.062 10.0 64.925 0
020430 17.062 10.0 64.862 0
020501 17.062 10.0 64.8 0
020531 17.0 10.0 64.737 0
020602 17.0 10.0 64.675 0
020633 17.0 10.0 64.612 0
020704 17.0 10.0 64.612 0
020734 17.0 10.0 64.55 0
020805 17.0 10.0 64.487 0
020835 17.0 10.0 64.425 0
020906 17.0 10.0 64.425 0
020936 17.0 10.0 64.362 0
021007 17.0 10.0 64.3 0
021038 17.0 10.0 64.3 0
021108 17.0 10.0 64.237 0
021139 17.0 10.0 64.237 0
021209 17.0 10.0 64.175 0
021240 17.0 10.0 64.112 0
021311 16.937 10.0 64.05 0
021341 16.937 10.0 64.05 0
021412 16.937 10.0 63.987 0
021443 16.937 10.0 63.925 0
021514 16.937 10.0 63.925 0
021544 16.937 10.0 63.862 0
021615 16.937 10.0 63.8 0
021646 16.937 10.0 63.8 0
021716 16.937 10.0 63.737 0
021746 16.937 10.0 63.675 0
021817 16.937 10.0 63.675 0
021848 16.937 10.0 63.612 0
021918 16.937 10.0 63.612 0
021949 16.937 10.0 63.55 0
022019 16.875 10.0 63.487 0
022050 16.875 10.0 63.362 0
022120 16.875 10.0 63.237 0
022150 16.875 10.0 63.112 0
022220 16.875 10.0 62.987 0
022250 16.875 10.0 62.862 0
022320 16.875 10.0 62.8 0
022351 16.875 10.0 62.737 0
022422 16.875 10.0 62.675 0
022452 16.875 10.0 62.675 0
022523 16.875 10.0 62.612 0
022553 16.875 10.0 62.55 0
022623 16.875 10.0 62.55 0
022653 16.875 10.0 62.487 0
022724 16.875 10.0 62.425 0
022755 16.875 10.0 62.425 0
022825 16.875 10.0 62.362 0
022856 16.875 10.0 62.3 0
022927 16.875 10.0 62.3 0
022958 16.875 10.0 62.237 0
023028 16.875 10.0 62.237 0
023059 16.875 10.0 62.175 0
023130 16.875 10.0 62.112 0
023200 16.875 10.0 62.112 0
023231 16.875 10.0 62.05 0
023302 16.812 10.0 62.05 0
023333 16.812 10.0 61.987 0
023403 16.812 10.0 61.925 0
023433 16.812 10.0 61.925 0
023504 16.812 10.0 61.862 0
023535 16.812 10.0 61.862 0
023605 16.812 10.0 61.8 0
023636 16.812 10.0 61.8 0
023707 16.812 10.0 61.737 0
023737 16.812 10.0 61.737 0
023808 16.75 10.0 61.675 0
023839 16.75 10.0 61.612 0
023910 16.75 10.0 61.55 0
023940 16.75 10.0 61.487 0
024011 16.75 10.0 61.425 0
024041 16.812 10.0 61.362 0
024111 16.812 10.0 61.3 0
024142 16.812 10.0 61.3 0
024213 16.812 10.0 61.237 0
024243 16.812 10.0 61.175 0
024314 16.75 10.0 61.175 0
024345 16.75 10.0 61.175 0
024415 16.75 10.0 61.175 0
024446 16.75 10.0 61.175 0
024518 16.75 10.0 61.237 0
024548 16.75 10.0 61.3 0
024618 16.75 10.0 61.362 0
024649 16.75 10.0 61.362 0
024719 16.75 10.0 61.362 0
024749 16.75 10.0 61.362 0
024820 16.75 10.0 61.362 0
024851 16.75 10.0 61.425 0
024921 16.75 10.0 61.425 0
024952 16.75 10.0 61.362 0
025022 16.687 10.0 61.362 0
025053 16.687 10.0 61.362 0
025124 16.687 10.0 61.362 0
025154 16.687 10.0 61.362 0
025225 16.687 10.0 61.362 0
025255 16.687 10.0 61.362 0
025326 16.687 10.0 61.362 0
025357 16.687 10.0 61.362 0
025427 16.687 10.0 61.3 0
025458 16.687 10.0 61.3 0
025529 16.687 10.0 61.362 0
025559 16.687 10.0 61.362 0
025630 16.687 10.0 61.362 0
025701 16.687 10.0 61.3 0
025731 16.687 10.0 61.3 0
025802 16.625 10.0 61.237 0
025832 16.625 10.0 61.237 0
025903 16.625 10.0 61.175 0
025934 16.625 10.0 61.175 0
030004 16.625 10.0 61.175 0
030035 16.687 10.0 61.175 0
030105 16.687 10.0 61.175 0
030135 16.687 10.0 61.112 0
030206 16.687 10.0 61.112 0
030236 16.687 10.0 61.112 0
030307 16.687 10.0 61.112 0
030337 16.687 10.0 61.112 0
030408 16.687 10.0 61.112 0
030439 16.687 10.0 61.05 0
030510 16.687 10.0 61.05 0
030540 16.625 10.0 61.05 0
030610 16.625 10.0 61.05 0
030641 16.625 10.0 61.05 0
030711 16.625 10.0 61.05 0
030741 16.625 10.0 61.05 0
030812 16.625 10.0 61.05 0
030843 16.625 10.0 60.987 0
030913 16.625 10.0 60.987 0
030944 16.625 10.0 60.987 0
031014 16.625 10.0 60.987 0
031044 16.562 10.0 60.987 0
031115 16.562 10.0 60.987 0
031145 16.562 10.0 60.987 0
031216 16.562 10.0 60.987 0
031246 16.562 10.0 60.987 0
031317 16.562 10.0 60.925 0
031347 16.562 10.0 60.925 0
031417 16.562 10.0 60.925 0
031447 16.562 10.0 60.925 0
031518 16.562 10.0 60.862 0
031549 16.562 10.0 60.862 0
031619 16.562 10.0 60.862 0
031650 16.562 10.0 60.8 0
031720 16.562 10.0 60.8 0
031752 16.562 10.0 60.8 0
031823 16.562 10.0 60.8 0
031853 16.562 10.0 60.737 0
031924 16.562 10.0 60.737 0
031954 16.562 10.0 60.737 0
032025 16.562 10.0 60.737 0
032055 16.562 10.0 60.737 0
032126 16.562 10.0 60.737 0
032157 16.562 10.0 60.675 0
032227 16.562 10.0 60.675 0
032258 16.562 10.0 60.675 0
032329 16.562 10.0 60.675 0
032359 16.562 10.0 60.675 0
032430 16.562 10.0 60.675 0
032500 16.562 10.0 60.612 0
032531 16.5 10.0 60.612 0
032601 16.5 10.0 60.612 0
032632 16.5 10.0 60.612 0
032703 16.5 10.0 60.612 0
032733 16.5 10.0 60.55 0
032803 16.5 10.0 60.55 0
032834 16.5 10.0 60.55 0
032904 16.5 10.0 60.55 0
032935 16.5 10.0 60.55 0
033006 16.5 10.0 60.487 0
033036 16.5 10.0 60.487 0
033107 16.5 10.0 60.487 0
033138 16.5 10.0 60.425 0
033209 16.5 10.0 60.425 0
033239 16.5 10.0 60.425 0
033309 16.437 10.0 60.362 0
033340 16.437 10.0 60.362 0
033410 16.437 10.0 60.362 0
033441 16.437 10.0 60.3 0
033511 16.437 10.0 60.3 0
033541 16.5 10.0 60.3 0
033611 16.5 10.0 60.3 0
033642 16.5 10.0 60.237 0
033713 16.5 10.0 60.237 0
033743 16.5 10.0 60.237 0
033813 16.437 10.0 60.175 0
033844 16.437 10.0 60.175 0
033914 16.437 10.0 60.175 0
033944 16.437 10.0 60.175 0
034015 16.437 10.0 60.175 0
034045 16.437 10.0 60.112 0
034116 16.437 10.0 60.112 0
034146 16.437 10.0 60.112 0
034217 16.437 10.0 60.05 0
034248 16.437 10.0 60.05 0
034318 16.375 10.0 60.05 0
034348 16.375 10.0 60.05 0
034419 16.375 10.0 59.987 0
034450 16.375 10.0 59.987 0
034520 16.375 10.0 59.987 0
034551 16.375 10.0 60.05 0
034622 16.375 10.0 60.175 0
034652 16.375 10.0 60.237 0
034723 16.375 10.0 60.3 0
034753 16.375 10.0 60.3 0
034823 16.375 10.0 60.3 0
034854 16.375 10.0 60.3 0
034925 16.375 10.0 60.3 0
034955 16.375 10.0 60.3 0
035028 16.375 10.0 60.3 0
035058 16.375 10.0 60.237 0
035129 16.375 10.0 60.237 0
035159 16.375 10.0 60.237 0
035230 16.375 10.0 60.237 0
035300 16.375 10.0 60.237 0
035330 16.375 10.0 60.237 0
035400 16.375 10.0 60.175 0
035431 16.375 10.0 60.175 0
035501 16.375 10.0 60.175 0
035531 16.312 10.0 60.175 0
035601 16.312 10.0 60.175 0
035632 16.312 10.0 60.175 0
035703 16.312 10.0 60.175 0
035734 16.312 10.0 60.175 0
035806 16.312 10.0 60.175 0
035836 16.312 10.0 60.175 0
035907 16.312 10.0 60.175 0
035937 16.312 10.0 60.175 0
040008 16.312 10.0 60.175 0
040038 16.312 10.0 60.112 0
040109 16.312 10.0 60.112 0
040140 16.312 10.0 60.112 0
040210 16.312 10.0 60.112 0
040241 16.312 10.0 60.112 0
040312 16.312 10.0 60.112 0
040343 16.312 10.0 60.05 0
040413 16.312 10.0 60.05 0
040444 16.312 10.0 60.05 0
040514 16.312 10.0 59.987 0
040545 16.312 10.0 59.987 0
040615 16.312 10.0 59.987 0
040646 16.312 10.0 59.925 0
040717 16.312 10.0 59.925 0
040747 16.312 10.0 59.925 0
040818 16.312 10.0 59.862 0
040849 16.312 10.0 59.862 0
040919 16.312 10.0 59.862 0
040950 16.312 10.0 59.8 0
041021 16.312 10.0 59.8 0
041051 16.25 10.0 59.8 0
041122 16.25 10.0 59.8 0
041153 16.25 10.0 59.8 0
041223 16.25 10.0 59.737 0
041254 16.25 10.0 59.737 0
041324 16.25 10.0 59.737 0
041354 16.25 10.0 59.675 0
041424 16.25 10.0 59.675 0
041455 16.25 10.0 59.675 0
041525 16.25 10.0 59.675 0
041556 16.25 10.0 59.612 0
041627 16.25 10.0 59.612 0
041657 16.25 10.0 59.612 0
041728 16.25 10.0 59.612 0
041801 16.25 10.0 59.55 0
041831 16.25 10.0 59.55 0
041902 16.25 10.0 59.55 0
041932 16.25 10.0 59.55 0
042002 16.25 10.0 59.487 0
042033 16.25 10.0 59.487 0
042104 16.25 10.0 59.487 0
042134 16.25 10.0 59.425 0
042205 16.25 10.0 59.425 0
042236 16.25 10.0 59.362 0
042306 16.187 10.0 59.362 0
042336 16.187 10.0 59.3 0
042406 16.187 10.0 59.3 0
042437 16.187 10.0 59.3 0
042508 16.187 10.0 59.3 0
042538 16.187 10.0 59.237 0
042608 16.187 10.0 59.237 0
042639 16.187 10.0 59.175 0
042709 16.187 10.0 59.175 0
042740 16.187 10.0 59.175 0
042810 16.187 10.0 59.175 0
042840 16.187 10.0 59.112 0
042911 16.187 10.0 59.112 0
042941 16.187 10.0 59.112 0
043011 16.187 10.0 59.05 0
043042 16.187 10.0 59.05 0
043112 16.187 10.0 59.05 0
043142 16.187 10.0 59.05 0
043213 16.187 10.0 58.987 0
043243 16.187 10.0 58.987 0
043313 16.187 10.0 58.987 0
043344 16.187 10.0 58.925 0
043414 16.187 10.0 58.925 0
043445 16.187 10.0 58.925 0
043515 16.187 10.0 58.862 0
043545 16.187 10.0 58.862 0
043616 16.187 10.0 58.862 0
043647 16.187 10.0 58.8 0
043718 16.187 10.0 58.8 0
043748 16.187 10.0 58.737 0
043819 16.125 10.0 58.737 0
043849 16.125 10.0 58.675 0
043919 16.125 10.0 58.675 0
043950 16.125 10.0 58.612 0
044020 16.125 10.0 58.612 0
044050 16.125 10.0 58.55 0
044121 16.125 10.0 58.55 0
044151 16.125 10.0 58.55 0
044221 16.125 10.0 58.487 0
044252 16.125 10.0 58.487 0
044322 16.125 10.0 58.425 0
044353 16.125 10.0 58.425 0
044423 16.125 10.0 58.425 0
044454 16.125 10.0 58.362 0
044524 16.125 10.0 58.362 0
044555 16.125 10.0 58.362 0
044625 16.125 10.0 58.3 0
044655 16.125 10.0 58.3 0
044725 16.125 10.0 58.362 0
044755 16.125 10.0 58.425 0
044826 16.125 10.0 58.55 0
044856 16.125 10.0 58.612 0
044926 16.125 10.0 58.675 0
044956 16.125 10.0 58.675 0
045027 16.125 10.0 58.675 0
045057 16.062 10.0 58.737 0
045128 16.062 10.0 58.737 0
045158 16.062 10.0 58.737 0
045229 16.062 10.0 58.8 0
045259 16.062 10.0 58.8 0
045330 16.062 10.0 58.8 0
045401 16.062 10.0 58.8 0
045431 16.062 10.0 58.737 0
045501 16.062 10.0 58.737 0
045532 16.062 10.0 58.737 0
045602 16.062 10.0 58.737 0
045632 16.062 10.0 58.737 0
045703 16.062 10.0 58.675 0
045733 16.062 10.0 58.675 0
045803 16.062 10.0 58.675 0
045834 16.062 10.0 58.675 0
045904 16.062 10.0 58.675 0
045934 16.062 10.0 58.675 0
050005 16.062 10.0 58.675 0
050037 16.062 10.0 58.612 0
050107 16.062 10.0 58.612 0
050138 16.062 10.0 58.612 0
050208 16.062 10.0 58.612 0
050239 16.062 10.0 58.612 0
050309 16.0 10.0 58.612 0
050339 16.0 10.0 58.55 0
050409 16.0 10.0 58.55 0
050439 16.0 10.0 58.55 0
050510 16.0 10.0 58.55 0
050541 16.062 10.0 58.55 0
050611 16.062 10.0 58.55 0
050641 16.062 10.0 58.487 0
050712 16.062 10.0 58.487 0
050742 16.062 10.0 58.487 0
050812 16.0 10.0 58.487 0
050843 16.0 10.0 58.425 0
050913 16.0 10.0 58.425 0
050944 16.0 10.0 58.362 0
051014 16.0 10.0 58.362 0
051044 16.0 10.0 58.362 0
051115 16.0 10.0 58.3 0
051145 16.0 10.0 58.3 0
051216 16.0 10.0 58.3 0
051247 16.0 10.0 58.237 0
051317 16.0 10.0 58.237 0
051348 16.0 10.0 58.175 0
051418 16.0 10.0 58.175 0
051449 16.0 10.0 58.175 0
051519 16.0 10.0 58.112 0
051550 16.0 10.0 58.112 0
051620 16.0 10.0 58.112 0
051650 16.0 10.0 58.112 0
051721 16.0 10.0 58.05 0
051752 16.0 10.0 58.05 0
051823 15.937 10.0 58.05 0
051853 15.937 10.0 57.987 0
051924 15.937 10.0 57.987 0
051955 15.937 10.0 57.987 0
052026 15.937 10.0 57.987 0
052056 16.0 10.0 57.925 0
052126 16.0 10.0 57.925 0
052157 16.0 10.0 57.925 0
052228 16.0 10.0 57.925 0
052259 16.0 10.0 57.925 0
052329 15.937 10.0 57.862 0
052359 15.937 10.0 57.862 0
052430 15.937 10.0 57.8 0
052500 15.937 10.0 57.8 0
052530 15.937 10.0 57.737 0
052600 15.937 10.0 57.737 0
052630 15.937 10.0 57.675 0
052700 15.937 10.0 57.675 0
052731 15.937 10.0 57.675 0
052801 15.937 10.0 57.612 0
052831 15.937 10.0 57.612 0
052902 15.937 10.0 57.55 0
052933 15.937 10.0 57.55 0
053003 15.937 10.0 57.55 0
053033 15.937 10.0 57.55 0
053104 15.937 10.0 57.487 0
053134 15.937 10.0 57.487 0
053204 15.937 10.0 57.487 0
053235 15.937 10.0 57.487 0
053305 15.937 10.0 57.425 0
053336 15.937 10.0 57.425 0
053406 15.937 10.0 57.425 0
053436 15.937 10.0 57.362 0
053506 15.937 10.0 57.362 0
053537 15.937 10.0 57.362 0
053608 15.937 10.0 57.3 0
053638 15.937 10.0 57.3 0
053709 15.937 10.0 57.3 0
053740 15.937 10.0 57.237 0
053813 15.875 10.0 57.237 0
053843 15.875 10.0 57.237 0
053914 15.875 10.0 57.175 0
053945 15.875 10.0 57.175 0
054015 15.875 10.0 57.112 0
054046 15.875 10.0 57.112 0
054116 15.875 10.0 57.05 0
054147 15.875 10.0 57.05 0
054218 15.875 10.0 56.987 0
054248 15.875 10.0 56.987 0
054319 15.875 10.0 56.925 0
054349 15.875 10.0 56.925 0
054420 15.875 10.0 56.862 0
054451 15.875 10.0 56.862 0
054521 15.875 10.0 56.8 0
054552 15.875 10.0 56.8 0
054622 15.875 10.0 56.8 0
054653 15.875 10.0 56.737 0
054723 15.875 10.0 56.862 0
054753 15.875 10.0 56.987 0
054824 15.875 10.0 57.175 0
054854 15.875 10.0 57.487 0
054925 15.875 10.0 57.862 0
054956 15.875 10.0 58.362 0
055026 15.875 10.0 58.862 0
055056 15.875 10.0 59.425 0
055126 15.875 10.0 60.112 0
055156 15.875 10.0 60.862 0
055227 15.875 10.0 61.862 0
055257 15.875 10.0 62.675 0
055328 15.812 10.0 63.362 0
055358 15.812 10.0 63.862 0
055429 15.812 10.0 64.237 0
055459 15.812 10.0 64.487 0
055530 15.812 10.0 64.737 0
055600 15.812 10.0 64.862 0
055631 15.812 10.0 64.987 0
055701 15.812 10.0 65.05 0
055731 15.812 10.0 65.112 0
055802 15.812 10.0 65.175 0
055832 15.812 10.0 65.237 0
055903 15.812 10.0 65.3 0
055934 15.812 10.0 65.362 0
060004 15.812 10.0 65.362 0
060035 15.812 10.0 65.425 0
060105 15.812 10.0 65.487 0
060135 15.812 10.0 65.487 0
060206 15.812 10.0 65.55 0
060237 15.812 10.0 65.55 0
060307 15.812 10.0 65.612 0
060337 15.812 10.0 65.675 0
060408 15.812 10.0 65.675 0
060439 15.812 10.0 65.675 0
060510 15.812 10.0 65.737 0
060540 15.812 10.0 65.737 0
060611 15.812 10.0 65.8 0
060642 15.812 10.0 65.8 0
060712 15.812 10.0 65.8 0
060743 15.812 10.0 65.862 0
060816 15.75 10.0 65.862 0
060846 15.75 10.0 65.862 0
060916 15.75 10.0 65.862 0
060947 15.75 10.0 65.925 0
061017 15.75 10.0 65.925 0
061047 15.75 10.0 65.987 0
061118 15.75 10.0 65.987 0
061148 15.75 10.0 65.987 0
061219 15.75 10.0 66.05 0
061249 15.75 10.0 66.05 0
061320 15.75 10.0 66.112 0
061350 15.75 10.0 66.112 0
061421 15.75 10.0 66.175 0
061452 15.75 10.0 66.175 0
061522 15.75 10.0 66.175 0
061553 15.75 10.0 66.237 0
061623 15.75 10.0 66.237 0
061654 15.75 10.0 66.237 0
061724 15.75 10.0 66.237 0
061755 15.75 10.0 66.237 0
061826 15.75 10.0 66.237 0
061856 15.75 10.0 66.237 0
061927 15.75 10.0 66.3 0
061958 15.75 10.0 66.3 0
062028 15.75 10.0 66.3 0
062059 15.687 10.0 66.3 0
062130 15.687 10.0 66.3 0
062200 15.687 10.0 66.3 0
062230 15.687 10.0 66.3 0
062300 15.687 10.0 66.3 0
062331 15.687 10.0 66.3 0
062402 15.687 10.0 66.3 0
062433 15.687 10.0 66.3 0
062503 15.687 10.0 66.3 0
062534 15.687 10.0 66.3 0
062604 15.687 10.0 66.3 0
062635 15.687 10.0 66.3 0
062706 15.687 10.0 66.3 0
062736 15.687 10.0 66.3 0
062806 15.687 10.0 66.3 0
062837 15.687 10.0 66.3 0
062907 15.687 10.0 66.3 0
062937 15.687 10.0 66.3 0
063008 15.687 10.0 66.3 0
063038 15.687 10.0 66.3 0
063108 15.687 10.0 66.3 0
063139 15.687 10.0 66.3 0
063210 15.687 10.0 66.3 0
063241 15.687 10.0 66.3 0
063311 15.687 10.0 66.237 0
063341 15.687 10.0 66.237 0
063411 15.687 10.0 66.3 0
063442 15.687 10.0 66.3 0
063512 15.687 10.0 66.3 0
063543 15.687 10.0 66.237 0
063613 15.625 10.0 66.237 0
063644 15.625 10.0 66.237 0
063714 15.625 10.0 66.237 0
063745 15.625 10.0 66.237 0
063815 15.625 10.0 66.237 0
063846 15.625 10.0 66.175 0
063917 15.625 10.0 66.175 0
063947 15.625 10.0 66.175 0
064018 15.625 10.0 66.175 0
064051 15.625 10.0 66.175 0
064122 15.625 10.0 66.175 0
064153 15.625 10.0 66.175 0
064223 15.625 10.0 66.175 0
064254 15.625 10.0 66.112 0
064324 15.625 10.0 66.112 0
064355 15.625 10.0 66.112 0
064426 15.625 10.0 66.112 0
064456 15.625 10.0 66.112 0
064527 15.625 10.0 66.05 0
064557 15.625 10.0 66.05 0
064628 15.625 10.0 66.05 0
064658 15.625 10.0 66.05 0
064728 15.625 10.0 66.05 0
064759 15.625 10.0 65.987 0
064829 15.625 10.0 65.987 0
064900 15.625 10.0 65.987 0
064930 15.625 10.0 65.987 0
065000 15.625 10.0 65.925 0
065030 15.625 10.0 65.987 0
065100 15.625 10.0 65.925 0
065131 15.625 10.0 65.925 0
065201 15.625 10.0 65.925 0
065231 15.625 10.0 65.862 0
065301 15.625 10.0 65.862 0
065332 15.625 10.0 65.862 0
065402 15.625 10.0 65.862 0
065433 15.625 10.0 65.862 0
065503 15.625 10.0 65.925 0
065533 15.625 10.0 65.987 0
065603 15.625 10.0 66.05 0
065634 15.625 10.0 66.05 0
065705 15.625 10.0 66.05 0
065735 15.625 10.0 66.05 0
065805 15.625 10.0 66.05 0
065836 15.562 10.0 66.05 0
065906 15.562 10.0 66.05 0
065936 15.562 10.0 66.05 0
070007 15.562 10.0 66.05 0
070038 15.562 10.0 66.05 0
070108 15.562 10.0 66.05 0
070138 15.562 10.0 66.05 0
070209 15.562 10.0 66.05 0
070239 15.562 10.0 66.05 0
070310 15.562 10.0 66.05 0
070341 15.562 10.0 66.05 0
070411 15.562 10.0 65.987 0
070442 15.562 10.0 65.987 0
070512 15.562 10.0 65.987 0
070543 15.562 10.0 65.987 0
070613 15.562 10.0 65.987 0
070644 15.562 10.0 65.987 0
070714 15.562 10.0 65.987 0
070745 15.562 10.0 65.987 0
070815 15.562 10.0 65.925 0
070846 15.562 10.0 65.862 0
070917 15.562 10.0 65.862 0
070947 15.562 10.0 65.862 0
071018 15.562 10.0 65.862 0
071048 15.562 10.0 65.862 0
071118 15.562 10.0 65.8 0
071149 15.562 10.0 65.8 0
071220 15.562 10.0 65.8 0
071251 15.562 10.0 65.737 0
071321 15.562 10.0 65.737 0
071352 15.5 10.0 65.737 0
071422 15.5 10.0 65.675 0
071453 15.5 10.0 65.675 0
071524 15.5 10.0 65.675 0
071555 15.562 10.0 65.612 0
071625 15.562 10.0 65.612 0
071655 15.562 10.0 65.612 0
071726 15.562 10.0 65.612 0
071757 15.562 10.0 65.55 0
071827 15.5 10.0 65.55 0
071858 15.5 10.0 65.55 0
071928 15.5 10.0 65.487 0
071959 15.5 10.0 65.487 0
072030 15.5 10.0 65.487 0
072100 15.562 10.0 65.487 0
072131 15.562 10.0 65.425 0
072201 15.562 10.0 65.425 0
072231 15.562 10.0 65.425 0
072302 15.562 10.0 65.362 0
072332 15.5 10.0 65.362 0
072403 15.5 10.0 65.362 0
072433 15.5 10.0 65.362 0
072504 15.5 10.0 65.3 0
072535 15.5 10.0 65.3 0
072605 15.5 10.0 65.3 0
072635 15.5 10.0 65.237 0
072706 15.5 10.0 65.237 0
072736 15.5 10.0 65.237 0
072806 15.5 10.0 65.237 0
072836 15.5 10.0 65.175 0
072906 15.5 10.0 65.175 0
072937 15.5 10.0 65.175 0
073007 15.5 10.0 65.112 0
073037 15.5 10.0 65.112 0
073108 15.5 10.0 65.05 0
073139 15.5 10.0 65.05 0
073210 15.5 10.0 65.05 0
073240 15.5 10.0 64.987 0
073310 15.5 10.0 64.987 0
073341 15.5 10.0 64.925 0
073411 15.5 10.0 64.925 0
073442 15.5 10.0 64.862 0
073513 15.5 10.0 64.862 0
073543 15.5 10.0 64.862 0
073614 15.5 10.0 64.8 0
073644 15.5 10.0 64.8 0
073714 15.5 10.0 64.737 0
073745 15.5 10.0 64.737 0
073816 15.5 10.0 64.737 0
073846 15.5 10.0 64.675 0
073917 15.5 10.0 64.675 0
073947 15.5 10.0 64.675 0
074018 15.5 10.0 64.612 0
074049 15.5 10.0 64.612 0
074119 15.5 10.0 64.55 0
074149 15.5 10.0 64.55 0
074219 15.5 10.0 64.55 0
074250 15.5 10.0 64.487 0
074321 15.5 10.0 64.487 0
074351 15.5 10.0 64.425 0
074422 15.5 10.0 64.425 0
074452 15.5 10.0 64.425 0
074522 15.5 10.0 64.362 0
074553 15.5 10.0 64.362 0
074624 15.437 10.0 64.3 0
074655 15.437 10.0 64.3 0
074725 15.437 10.0 64.3 0
074755 15.437 10.0 64.237 0
074828 15.437 10.0 64.175 0
074859 15.437 10.0 64.175 0
074930 15.437 10.0 64.112 0
075000 15.437 10.0 64.05 0
075031 15.437 10.0 64.05 0
075101 15.437 10.0 63.987 0
075131 15.437 10.0 63.987 0
075202 15.437 10.0 63.925 0
075232 15.437 10.0 63.8 0
075303 15.437 10.0 63.8 0
075333 15.437 10.0 63.737 0
075404 15.437 10.0 63.737 0
075434 15.437 10.0 63.675 0
075505 15.437 10.0 63.675 0
075535 15.437 10.0 63.612 0
075606 15.437 10.0 63.675 0
075637 15.437 10.0 63.675 0
075707 15.437 10.0 63.737 0
075738 15.437 10.0 63.737 0
075808 15.437 10.0 63.737 0
075839 15.375 10.0 63.737 0
075910 15.375 10.0 63.737 0
075940 15.375 10.0 63.737 0
080010 15.375 10.0 63.737 0
080041 15.375 10.0 63.737 0
080111 15.437 10.0 63.675 0
080142 15.437 10.0 63.675 0
080212 15.437 10.0 63.675 0
080243 15.437 10.0 63.675 0
080313 15.437 10.0 63.612 0
080344 15.375 10.0 63.612 0
080414 15.375 10.0 63.612 0
080444 15.375 10.0 63.612 0
080514 15.375 10.0 63.612 0
080545 15.375 10.0 63.55 0
080616 15.375 10.0 63.55 0
080646 15.375 10.0 63.55 0
080717 15.375 10.0 63.487 0
080747 15.375 10.0 63.487 0
080818 15.375 10.0 63.425 0
080848 15.375 10.0 63.425 0
080919 15.375 10.0 63.362 0
080949 15.375 10.0 63.362 0
081020 15.375 10.0 63.3 0
081050 15.375 10.0 63.3 0
081121 15.375 10.0 63.237 0
081151 15.375 10.0 63.237 0
081222 15.375 10.0 63.175 0
081253 15.375 10.0 63.175 0
081323 15.375 10.0 63.112 0
081354 15.375 10.0 63.112 0
081424 15.375 10.0 63.05 0
081454 15.375 10.0 63.05 0
081525 15.375 10.0 62.987 0
081556 15.375 10.0 62.987 0
081626 15.375 10.0 62.987 0
081656 15.375 10.0 62.925 0
081726 15.375 10.0 62.925 0
081756 15.375 10.0 62.925 0
081827 15.375 10.0 62.862 0
081858 15.375 10.0 62.862 0
081928 15.375 10.0 62.8 0
081958 15.375 10.0 62.8 0
082029 15.375 10.0 62.737 0
082059 15.375 10.0 62.737 0
082130 15.312 10.0 62.675 0
082201 15.312 10.0 62.675 0
082231 15.312 10.0 62.675 0
082302 15.312 10.0 62.612 0
082335 15.375 10.0 62.612 0
082405 15.375 10.0 62.55 0
082436 15.375 10.0 62.55 0
082507 15.375 10.0 62.487 0
082537 15.375 10.0 62.487 0
082607 15.312 10.0 62.425 0
082638 15.312 10.0 62.362 0
082708 15.312 10.0 62.3 0
082739 15.312 10.0 62.237 0
082809 15.312 10.0 62.175 0
082840 15.312 10.0 62.112 0
082911 15.312 10.0 62.112 0
082941 15.312 10.0 62.05 0
083011 15.312 10.0 62.05 0
083042 15.312 10.0 61.987 0
083112 15.312 10.0 61.925 0
083142 15.312 10.0 61.925 0
083213 15.312 10.0 61.862 0
083244 15.312 10.0 61.862 0
083314 15.312 10.0 61.8 0
083344 15.312 10.0 61.8 0
083415 15.312 10.0 61.737 0
083445 15.312 10.0 61.675 0
083516 15.312 10.0 61.675 0
083547 15.312 10.0 61.675 0
083617 15.312 10.0 61.612 0
083648 15.312 10.0 61.612 0
083719 15.312 10.0 61.55 0
083750 15.312 10.0 61.487 0
083820 15.312 10.0 61.487 0
083851 15.312 10.0 61.425 0
083921 15.312 10.0 61.425 0
083952 15.312 10.0 61.425 0
084023 15.312 10.0 61.362 0
084053 15.312 10.0 61.3 0
084123 15.312 10.0 61.3 0
084154 15.312 10.0 61.237 0
084224 15.312 10.0 61.237 0
084254 15.312 10.0 61.175 0
084325 15.312 10.0 61.175 0
084356 15.312 10.0 61.112 0
084426 15.312 10.0 61.05 0
084457 15.312 10.0 60.925 0
084528 15.312 10.0 60.862 0
084558 15.312 10.0 60.737 0
084628 15.312 10.0 60.675 0
084658 15.312 10.0 60.612 0
084729 15.312 10.0 60.55 0
084800 15.312 10.0 60.55 0
084830 15.312 10.0 60.487 0
084900 15.25 10.0 60.425 0
084931 15.25 10.0 60.425 0
085001 15.25 10.0 60.362 0
085032 15.25 10.0 60.362 0
085103 15.25 10.0 60.3 0
085133 15.25 10.0 60.237 0
085204 15.25 10.0 60.237 0
085235 15.25 10.0 60.175 0
085305 15.25 10.0 60.175 0
085338 15.25 10.0 60.112 0
085408 15.25 10.0 60.112 0
085439 15.25 10.0 60.05 0
085509 15.25 10.0 60.05 0
085539 15.25 10.0 59.987 0
085610 15.25 10.0 59.987 0
085641 15.25 10.0 59.925 0
085711 15.25 10.0 59.925 0
085742 15.25 10.0 59.925 0
085813 15.25 10.0 59.925 0
085843 15.25 10.0 59.925 0
085914 15.25 10.0 59.925 0
085945 15.25 10.0 59.925 0
090015 15.25 10.0 59.862 0
090046 15.25 10.0 59.862 0
090116 15.25 10.0 59.862 0
090146 15.25 10.0 59.8 0
090217 15.25 10.0 59.737 0
090248 15.25 10.0 59.675 0
090318 15.25 10.0 59.612 0
090349 15.187 10.0 59.55 0
090419 15.187 10.0 59.55 0
090450 15.187 10.0 59.487 0
090520 15.187 10.0 59.425 0
090550 15.187 10.0 59.425 0
090621 15.25 10.0 59.362 0
090651 15.25 10.0 59.362 0
090722 15.25 10.0 59.3 0
090753 15.25 10.0 59.3 0
090823 15.25 10.0 59.237 0
090854 15.25 10.0 59.175 0
090924 15.25 10.0 59.175 0
090954 15.25 10.0 59.112 0
091024 15.25 10.0 59.112 0
091054 15.25 10.0 59.05 0
091125 15.187 10.0 59.05 0
091155 15.187 10.0 58.987 0
091226 15.187 10.0 58.987 0
091256 15.187 10.0 58.925 0
091326 15.187 10.0 58.925 0
091356 15.187 10.0 58.862 0
091426 15.187 10.0 58.862 0
091456 15.187 10.0 58.8 0
091527 15.187 10.0 58.8 0
091558 15.187 10.0 58.8 0
091628 15.187 10.0 58.737 0
091659 15.187 10.0 58.737 0
091730 15.187 10.0 58.675 0
091801 15.187 10.0 58.612 0
091831 15.187 10.0 58.55 0
091901 15.187 10.0 58.425 0
091932 15.187 10.0 58.3 0
092002 15.187 10.0 58.237 0
092033 15.187 10.0 58.112 0
092103 15.187 10.0 58.05 0
092134 15.187 10.0 58.05 0
092204 15.187 10.0 57.987 0
092235 15.187 10.0 57.925 0
092305 15.187 10.0 57.925 0
092336 15.187 10.0 57.862 0
092406 15.187 10.0 57.8 0
092437 15.187 10.0 57.8 0
092508 15.187 10.0 57.737 0
092538 15.187 10.0 57.737 0
092608 15.187 10.0 57.675 0
092639 15.187 10.0 57.675 0
092710 15.187 10.0 57.612 0
092740 15.187 10.0 57.55 0
092811 15.187 10.0 57.55 0
092843 15.187 10.0 57.55 0
092914 15.187 10.0 57.487 0
092944 15.187 10.0 57.425 0
093015 15.187 10.0 57.425 0
093045 15.187 10.0 57.362 0
093116 15.187 10.0 57.362 0
093146 15.187 10.0 57.3 0
093217 15.187 10.0 57.3 0
093248 15.187 10.0 57.237 0
093319 15.187 10.0 57.237 0
093349 15.125 10.0 57.112 0
093420 15.125 10.0 57.05 0
093450 15.125 10.0 56.925 0
093521 15.125 10.0 56.8 0
093551 15.125 10.0 56.675 0
093621 15.125 10.0 56.612 0
093651 15.125 10.0 56.55 0
093722 15.125 10.0 56.487 0
093753 15.125 10.0 56.487 0
093823 15.125 10.0 56.487 0
093854 15.125 10.0 56.55 0
093924 15.125 10.0 56.675 0
093955 15.125 10.0 56.862 0
094025 15.125 10.0 57.237 0
094056 15.125 10.0 57.612 0
094126 15.125 10.0 58.112 0
094157 15.125 10.0 58.737 0
094228 15.125 10.0 59.55 0
094258 15.125 10.0 60.487 0
094328 15.125 10.0 61.55 0
094359 15.125 10.0 62.55 0
094429 15.125 10.0 63.425 0
094500 15.125 10.0 64.05 0
094530 15.125 10.0 64.55 0
094601 15.125 10.0 64.987 0
094631 15.125 10.0 65.237 0
094701 15.125 10.0 65.487 0
094732 15.125 10.0 65.737 0
094803 15.125 10.0 65.862 0
094833 15.125 10.0 65.987 0
094904 15.125 10.0 66.05 0
094934 15.125 10.0 66.175 0
095005 15.125 10.0 66.237 0
095036 15.125 10.0 66.362 0
095106 15.125 10.0 66.425 0
095136 15.062 10.0 66.425 0
095207 15.062 10.0 66.487 0
095238 15.062 10.0 66.487 0
095309 15.062 10.0 66.487 0
095339 15.062 10.0 66.487 0
095409 15.125 10.0 66.487 0
095440 15.125 10.0 66.425 0
095511 15.125 10.0 66.425 0
095541 15.125 10.0 66.425 0
095612 15.125 20.0 66.425 0
095642 15.062 20.0 66.487 50
095712 15.062 20.0 66.487 50
095743 15.062 20.0 66.55 50
095813 15.062 20.0 66.612 50
095843 15.062 20.0 66.675 50
095913 15.125 20.0 66.737 50
095944 15.125 20.0 66.8 50
100014 15.125 20.0 66.862 50
100045 15.125 20.0 66.925 50
100117 15.5 20.0 66.987 50
100147 15.5 20.0 67.05 50
100218 15.5 20.0 67.112 50
100248 15.5 20.0 67.112 50
100319 15.5 20.0 67.112 50
100350 16.0 20.0 67.112 50
100420 16.0 20.0 67.05 50
100451 16.0 20.0 66.925 50
100521 16.0 20.0 66.612 50
100552 16.0 20.0 65.925 50
100622 16.625 20.0 64.8 50
100653 16.625 20.0 63.175 50
100723 16.625 20.0 61.112 50
100753 16.625 20.0 58.3 0
100824 16.625 20.0 54.925 0
100854 17.125 20.0 51.737 0
100925 17.125 20.0 49.237 0
100955 17.125 20.0 47.737 0
101026 17.125 20.0 46.862 0
101056 17.125 20.0 46.487 0
101126 17.625 20.0 46.487 0
101157 17.625 20.0 46.8 0
101227 17.625 20.0 47.362 0
101258 17.625 20.0 47.987 0
101328 17.625 20.0 48.862 0
101358 17.75 20.0 49.8 0
101428 17.75 20.0 50.862 0
101459 17.75 20.0 52.112 0
101529 17.75 20.0 53.237 0
101600 17.75 20.0 54.487 0
101630 17.812 20.0 55.675 0
101701 17.812 20.0 56.987 0
101732 17.812 20.0 58.362 0
101802 17.812 20.0 59.8 0
101833 17.812 20.0 61.112 50
101903 17.812 20.0 62.425 50
101933 17.812 20.0 63.612 50
102004 17.812 20.0 64.55 50
102035 17.812 20.0 65.237 50
102105 17.812 20.0 65.675 50
102136 17.812 20.0 66.112 50
102206 17.812 20.0 66.425 50
102236 17.812 20.0 66.612 50
102307 17.812 20.0 66.862 50
102337 17.812 20.0 66.987 50
102408 17.75 20.0 67.112 50
102438 17.75 20.0 67.237 50
102509 17.75 20.0 67.362 50
102539 17.75 20.0 67.425 50
102610 17.75 20.0 67.487 50
102641 17.5 20.0 67.487 50
102711 17.5 20.0 67.487 50
102741 17.5 20.0 67.425 50
102811 17.5 20.0 67.362 50
102842 17.5 20.0 67.05 50
102913 17.5 20.0 66.425 50
102943 17.5 20.0 65.3 50
103014 17.5 20.0 63.8 50
103044 17.5 20.0 61.987 50
103115 17.5 20.0 60.05 50
103146 17.375 20.0 58.3 0
103217 17.375 20.0 57.112 0
103247 17.375 20.0 56.362 0
103318 17.375 20.0 55.862 0
103350 17.375 20.0 55.55 0
103421 17.375 20.0 55.425 0
103452 17.375 20.0 55.425 0
103522 17.375 20.0 55.425 0
103553 17.375 20.0 55.675 0
103624 17.312 20.0 56.05 0
103655 17.312 20.0 56.612 0
103725 17.312 20.0 57.487 0
103755 17.312 20.0 58.612 0
103826 17.312 20.0 59.925 0
103856 17.312 20.0 61.175 50
103927 17.312 20.0 62.487 50
103958 17.312 20.0 63.612 50
104028 17.312 20.0 64.55 50
104100 17.312 20.0 65.175 50
104130 17.312 20.0 65.737 50
104201 17.312 20.0 66.112 50
104232 17.312 20.0 66.425 50
104302 17.312 20.0 66.675 50
104333 17.312 20.0 66.8 50
104403 17.312 20.0 66.987 50
104433 17.312 20.0 67.112 50
104504 17.312 20.0 67.237 50
104534 17.312 20.0 67.362 50
104604 17.312 20.0 67.362 50
104635 17.625 20.0 67.362 50
104705 17.625 20.0 67.362 50
104735 17.625 20.0 67.3 50
104806 17.625 20.0 67.175 50
104836 17.625 20.0 66.925 50
104906 18.312 20.0 66.425 50
104937 18.312 20.0 65.55 50
105007 18.312 20.0 64.425 50
105037 18.312 20.0 62.987 50
105108 18.312 20.0 61.487 50
105138 18.75 20.0 59.987 50
105209 18.75 20.0 58.675 0
105240 18.75 20.0 57.737 0
105310 18.75 20.0 57.112 0
105340 18.75 20.0 56.737 0
105411 19.0 20.0 56.487 0
105442 19.0 20.0 56.362 0
105512 19.0 20.0 56.3 0
105543 19.0 20.0 56.237 0
105614 19.0 20.0 56.237 50
105644 19.187 20.0 56.3 50
105714 19.187 20.0 56.487 50
105745 19.187 20.0 56.8 50
105815 19.187 20.0 57.362 50
105846 19.187 20.0 58.175 50
105916 19.25 20.0 59.112 50
105947 19.25 20.0 60.112 50
110017 19.25 20.0 60.987 50
110048 19.25 20.0 61.862 50
110118 19.25 20.0 62.612 50
110149 19.312 20.0 63.175 50
110219 19.312 20.0 63.612 50
110249 19.312 20.0 63.925 50
110319 19.312 20.0 64.175 50
110349 19.312 20.0 64.362 50
110420 19.437 20.0 64.55 50
110450 19.437 20.0 64.675 50
110520 19.437 20.0 64.737 50
110550 19.437 20.0 64.862 50
110620 19.437 20.0 64.862 50
110651 19.625 20.0 64.8 50
110722 19.625 20.0 64.737 50
110752 19.625 20.0 64.675 50
110822 19.625 20.0 64.55 50
110852 19.625 20.0 64.362 50
110923 19.687 20.0 63.987 50
110953 19.687 20.0 63.487 50
111023 19.687 20.0 62.737 50
111054 19.687 20.0 61.862 50
111124 19.687 20.0 60.862 50
111154 19.812 20.0 59.862 50
111225 19.812 20.0 58.8 50
111255 19.812 20.0 57.8 50
111326 19.812 20.0 56.862 50
111358 19.687 20.0 55.987 50
111429 19.687 20.0 55.237 50
111459 19.687 20.0 54.737 50
111529 19.687 20.0 54.3 50
111559 19.687 20.0 54.05 50
111629 19.875 20.0 53.925 0
111700 19.875 20.0 53.987 0
111730 19.875 20.0 54.362 50
111801 19.875 20.0 54.925 50
111831 19.875 20.0 55.737 50
111901 20.0 20.0 56.612 50
111931 20.0 20.0 57.55 50
112002 20.0 20.0 58.55 50
112032 20.0 20.0 59.487 50
112102 20.0 20.0 60.425 50
112132 19.937 20.0 61.3 50
112202 19.937 20.0 62.175 50
112232 19.937 20.0 62.862 50
112303 19.937 20.0 63.362 50
112333 19.937 20.0 63.8 50
112404 20.0 20.0 64.112 50
112434 20.0 20.0 64.3 50
112504 20.0 20.0 64.487 50
112534 20.0 20.0 64.675 50
112604 20.0 20.0 64.737 50
112635 20.125 20.0 64.862 0
112705 20.125 20.0 64.862 0
112736 20.125 20.0 64.862 0
112807 20.125 20.0 64.925 0
112837 20.125 20.0 64.925 0
112908 20.125 20.0 64.925 0
112939 20.125 20.0 64.987 0
113010 20.125 20.0 64.987 0
113040 20.125 20.0 64.987 0
113111 20.125 20.0 65.05 0
113141 20.25 20.0 65.05 0
113212 20.25 20.0 65.05 0
113243 20.25 20.0 65.05 0
113314 20.25 20.0 65.112 0
113344 20.25 20.0 65.112 0
113414 20.312 20.0 65.112 0
113445 20.312 20.0 65.175 0
113515 20.312 20.0 65.175 0
113546 20.312 20.0 65.175 0
113617 20.312 20.0 65.175 0
113647 20.25 20.0 65.237 0
113718 20.25 20.0 65.237 0
113748 20.25 20.0 65.237 0
113819 20.25 20.0 65.237 0
113849 20.25 20.0 65.3 0
113920 20.062 20.0 65.3 0
113950 20.062 20.0 65.3 0
114020 20.062 20.0 65.3 0
114050 20.062 20.0 65.3 0
114121 20.062 20.0 65.3 0
114151 20.0 20.0 65.3 0
114221 20.0 20.0 65.3 0
114251 20.0 20.0 65.362 0
114322 20.0 20.0 65.362 0
114353 20.0 20.0 65.425 0
114423 19.812 20.0 65.487 50
114453 19.812 20.0 65.487 50
114524 19.812 20.0 65.55 50
114555 19.812 20.0 65.487 50
114625 19.812 20.0 65.3 50
114656 19.687 20.0 64.987 50
114727 19.687 20.0 64.675 50
114757 19.687 20.0 64.425 50
114828 19.687 20.0 64.175 50
114858 19.687 20.0 63.925 50
114928 19.687 20.0 63.8 50
114959 19.687 20.0 63.675 50
115029 19.687 20.0 63.55 50
115100 19.687 20.0 63.487 50
115130 19.687 20.0 63.425 50
115201 19.937 20.0 63.3 50
115231 19.937 20.0 63.237 50
115301 19.937 20.0 63.112 50
115331 19.937 20.0 62.8 50
115402 19.937 20.0 62.362 50
115432 20.125 20.0 61.737 0
115502 20.125 20.0 61.175 0
115532 20.125 20.0 60.862 0
115603 20.125 20.0 60.612 0
115635 20.375 20.0 60.425 0
115706 20.375 20.0 60.3 0
115736 20.375 20.0 60.237 0
115807 20.375 20.0 60.175 0
115837 20.375 20.0 60.112 0
115908 20.5 20.0 60.112 0
115939 20.5 20.0 60.05 0
120009 20.5 20.0 59.987 0
120039 20.5 20.0 59.987 0
120110 20.5 20.0 59.925 0
120140 20.5 20.0 59.862 0
120210 20.5 20.0 59.862 0
120240 20.5 20.0 59.8 0
120310 20.5 20.0 59.8 0
120341 20.5 20.0 59.737 0
120411 20.5 20.0 59.675 0
120441 20.5 20.0 59.612 0
120511 20.5 20.0 59.487 0
120541 20.5 20.0 59.237 0
120611 20.5 20.0 58.862 0
120642 20.25 20.0 58.425 0
120712 20.25 20.0 58.112 0
120742 20.25 20.0 57.925 0
120813 20.25 20.0 57.8 0
120843 20.25 20.0 57.675 0
120914 20.125 20.0 57.612 0
120944 20.125 20.0 57.55 0
121014 20.125 20.0 57.487 0
121045 20.125 20.0 57.425 0
121116 20.125 20.0 57.425 0
121146 20.0 20.0 57.425 0
121217 20.0 20.0 57.425 0
121247 20.0 20.0 57.487 0
121318 20.0 20.0 57.612 0
121349 20.0 20.0 57.862 0
121419 19.937 20.0 58.362 0
121449 19.937 20.0 59.112 0
121520 19.937 20.0 60.112 50
121551 19.937 20.0 61.3 50
121621 19.937 20.0 62.425 50
121652 19.937 20.0 63.425 50
121722 19.937 20.0 64.3 50
121753 19.937 20.0 64.925 50
121823 19.937 20.0 65.425 50
121854 19.937 20.0 65.737 50
121924 20.062 20.0 65.987 0
121954 20.062 20.0 66.237 0
122024 20.062 20.0 66.425 0
122055 20.062 20.0 66.612 0
122125 20.062 20.0 66.737 0
122155 20.25 20.0 66.862 0
122225 20.25 20.0 66.925 0
122256 20.25 20.0 67.05 0
122326 20.25 20.0 67.112 0
122357 20.25 20.0 67.175 0
122427 20.312 20.0 67.3 0
122457 20.312 20.0 67.362 0
122528 20.312 20.0 67.425 0
122558 20.312 20.0 67.487 0
122628 20.312 20.0 67.55 0
122659 20.312 20.0 67.675 0
122729 20.312 20.0 67.675 0
122800 20.312 20.0 67.8 0
122830 20.312 20.0 67.862 0
122901 20.312 20.0 67.925 0
122931 20.25 20.0 67.987 0
123001 20.25 20.0 68.05 0
123032 20.25 20.0 68.05 0
123103 20.25 20.0 68.112 0
123133 20.25 20.0 68.175 0
123203 20.0 20.0 68.237 0
123233 20.0 20.0 68.237 0
123304 20.0 20.0 68.3 0
123334 20.0 20.0 68.362 0
123404 20.0 20.0 68.425 0
123435 19.875 20.0 68.487 50
123506 19.875 20.0 68.55 50
123537 19.875 20.0 68.55 50
123607 19.875 20.0 68.612 50
123638 19.875 20.0 68.612 50
123708 20.0 20.0 68.612 50
123739 20.0 20.0 68.612 50
123809 20.0 20.0 68.612 50
123840 20.0 20.0 68.55 50
123911 20.187 20.0 68.487 0
123942 20.187 20.0 68.487 0
124012 20.187 20.0 68.425 0
124042 20.187 20.0 68.362 0
124113 20.187 20.0 68.3 0
124143 20.437 20.0 68.237 0
124214 20.437 20.0 68.175 0
124244 20.437 20.0 68.112 0
124314 20.437 20.0 68.112 0
124345 20.437 20.0 68.05 0
124415 20.5 20.0 67.987 0
124446 20.5 20.0 67.987 0
124516 20.5 20.0 67.987 0
124546 20.5 20.0 67.925 0
124617 20.5 20.0 67.925 0
124647 20.562 20.0 67.925 0
124717 20.562 20.0 67.925 0
124748 20.562 20.0 67.925 0
124819 20.562 20.0 67.925 0
124849 20.562 20.0 67.925 0
124920 20.562 20.0 67.925 0
124950 20.562 20.0 67.925 0
125020 20.562 20.0 67.987 0
125051 20.562 20.0 67.987 0
125121 20.562 20.0 67.987 0
125151 20.562 20.0 67.987 0
125222 20.562 20.0 68.05 0
125252 20.562 20.0 68.05 0
125322 20.562 20.5 68.05 0
125353 20.562 20.5 68.112 0
125423 20.562 20.5 68.112 0
125453 20.562 20.5 68.175 0
125523 20.562 21.0 68.175 0
125554 20.562 21.0 68.175 50
125625 20.562 21.0 68.237 50
125656 20.5 21.0 68.237 50
125726 20.5 21.0 68.112 50
125756 20.5 21.0 67.925 50
125827 20.5 21.0 67.55 50
125857 20.5 21.0 66.925 50
125927 20.625 21.0 66.112 50
125957 20.625 21.5 65.05 50
130027 20.625 22.0 63.925 50
130058 20.625 22.5 62.675 50
130128 20.625 23.0 61.362 50
130158 20.687 23.5 60.237 50
130228 20.687 23.5 59.425 0
130259 20.687 23.5 58.737 0
130330 20.687 23.5 58.362 0
130400 20.687 23.5 58.05 0
130430 20.812 24.0 57.925 0
130501 20.812 24.5 57.8 0
130531 20.812 24.5 57.8 0
130601 20.812 24.5 57.737 0
130632 20.812 25.0 57.8 0
130702 21.0 25.0 57.8 0
130733 21.0 25.0 57.862 0
130803 21.0 25.0 57.925 0
130834 21.0 25.0 57.987 0
130904 21.0 25.0 58.05 0
130934 21.0 25.0 58.05 0
131005 21.0 25.0 58.112 0
131035 21.0 25.0 58.175 0
131105 21.0 25.0 58.237 0
131135 21.0 20.0 58.3 0
131206 21.0 20.0 58.3 0
131237 21.0 20.0 58.362 0
131307 21.0 20.0 58.425 0
131337 21.0 20.0 58.487 0
131408 21.0 20.0 58.55 0
131438 20.875 20.0 58.55 0
131508 20.875 20.0 58.612 0
131539 20.875 20.0 58.675 0
131609 20.875 20.0 58.675 0
131639 20.875 20.0 58.737 0
131709 20.875 20.0 58.8 0
131739 20.875 20.0 58.8 0
131810 20.875 20.0 58.925 0
131841 20.875 20.0 58.987 0
131911 20.875 20.5 59.05 0
131942 20.812 20.5 59.05 0
132012 20.812 20.5 59.05 0
132043 20.812 20.0 59.05 0
132114 20.812 20.0 58.987 0
132144 20.812 19.5 58.987 0
132215 20.812 20.0 59.05 0
132245 20.812 20.0 59.05 0
132316 20.812 20.0 59.175 0
132346 20.812 20.0 59.3 0
132418 20.75 20.0 59.425 0
132449 20.75 20.0 59.55 0
132519 20.75 20.0 59.737 0
132549 20.75 20.0 59.862 0
132620 20.75 20.0 60.05 0
132651 20.687 20.0 60.237 0
132722 20.687 20.0 60.425 0
132752 20.687 20.0 60.675 0
132944 20.562 20.0 61.3 0
133014 20.562 20.0 61.55 0
133044 20.562 20.0 61.737 0
133115 20.562 20.0 61.925 0
133147 20.5 20.0 62.112 0
133217 20.5 20.0 62.3 0
133247 20.5 20.0 62.55 0
133318 20.5 20.0 62.737 0
133348 20.5 20.0 62.987 0
133418 20.437 20.0 63.175 0
133449 20.437 20.0 63.425 0
133519 20.437 20.0 63.612 0
133549 20.437 20.0 63.8 0
133620 20.437 20.0 63.987 0
133650 20.375 20.0 64.175 0
133721 20.375 20.0 64.3 0
133751 20.375 20.0 64.487 0
133821 20.375 20.0 64.55 0
133851 20.375 20.0 64.612 0
133921 20.312 20.0 64.737 0
133952 20.312 20.0 64.862 0
134022 20.312 20.0 64.925 0
134053 20.312 20.0 65.05 0
134123 20.312 20.0 65.112 0
134154 20.25 20.0 65.237 0
134225 20.25 20.0 65.3 0
134255 20.25 20.0 65.425 0
134326 20.25 20.0 65.487 0
134356 20.25 20.0 65.612 0
134426 20.187 20.0 65.675 0
134457 20.187 20.0 65.8 0
134527 20.187 20.0 65.862 0
134557 20.187 20.0 65.987 0
134628 20.187 20.0 66.05 0
134658 20.187 20.0 66.175 0
134729 20.187 20.0 66.237 0
134800 20.187 20.0 66.3 0
134830 20.187 20.0 66.425 0
134901 20.187 20.0 66.487 0
134931 20.187 20.0 66.612 0
135002 20.187 20.0 66.737 0
135032 20.187 20.0 66.862 0
135103 20.187 20.0 66.925 0
135133 20.187 20.0 67.05 0
135204 20.187 20.0 67.175 0
135234 20.187 20.0 67.237 0
135304 20.187 20.0 67.362 0
135335 20.187 20.0 67.425 0
135405 20.187 20.0 67.55 0
135436 20.187 20.0 67.675 0
135506 20.187 20.0 67.737 0
135537 20.187 20.0 67.862 0
135608 20.187 20.0 67.925 0
135639 20.187 20.5 67.987 0
135709 20.187 20.5 67.987 50
135740 20.187 20.5 68.05 50
135811 20.187 20.5 68.112 50
135841 20.187 20.5 68.175 50
135912 20.187 20.5 68.237 50
135942 20.125 20.5 68.3 50
140012 20.125 20.5 68.3 50
140043 20.125 20.5 68.3 50
140113 20.125 20.5 68.362 50
140144 20.125 20.5 68.362 50
140215 20.25 20.5 68.425 50
140245 20.25 20.5 68.425 50
140316 20.25 20.5 68.425 50
140346 20.25 20.5 68.425 50
140416 20.25 20.5 68.425 50
140447 20.625 20.5 68.425 0
140517 20.625 20.5 68.362 0
140548 20.625 21.0 68.362 0
140619 20.625 21.0 68.362 50
140652 20.875 21.0 68.3 50
140722 20.875 21.0 68.237 50
140752 20.875 21.0 68.05 50
140823 20.875 21.0 67.612 50
140853 20.875 21.0 66.8 50
140924 21.0 21.0 65.487 50
140955 21.0 21.0 63.675 50
141025 21.0 21.0 61.362 50
141056 21.0 21.0 58.612 0
141126 21.0 21.0 56.3 0
141157 21.187 21.0 54.55 0
141227 21.187 21.0 52.675 0
141258 21.187 21.0 50.675 0
141328 21.187 21.0 49.05 0
141358 21.187 21.0 47.8 0
141429 21.312 21.0 47.05 0
141459 21.312 21.0 46.612 0
141530 21.312 21.0 46.425 0
141601 21.312 21.0 46.612 0
141631 21.312 21.0 46.925 0
141701 21.312 21.0 47.55 0
141732 21.312 21.0 48.175 0
141802 21.312 21.0 48.987 0
141832 21.312 21.0 49.8 0
141903 21.312 21.0 50.862 0
141933 21.312 21.0 52.05 0
142003 21.312 21.0 53.362 0
142034 21.312 21.0 54.675 0
142104 21.312 21.0 55.925 0
142134 21.312 21.0 57.175 0
142205 21.125 21.0 58.3 0
142235 21.125 21.0 59.675 0
142305 21.125 21.0 60.987 0
142336 21.125 21.0 62.237 0
142406 21.125 21.0 63.362 0
142437 21.0 21.0 64.3 0
142508 21.0 21.0 65.112 0
142538 21.0 21.0 65.862 0
142609 21.0 21.0 66.425 0
142639 21.0 21.0 66.925 0
142709 20.875 21.0 67.3 50
142740 20.875 21.0 67.612 50
142810 20.875 21.0 67.925 50
142841 20.875 21.0 68.175 50
142912 20.875 21.0 68.3 50
142942 20.812 21.0 68.425 50
143013 20.812 21.0 68.487 50
143043 20.812 21.0 68.55 50
143113 20.812 21.0 68.612 50
143144 20.812 21.0 68.675 50
143215 20.75 21.0 68.737 50
143245 20.75 21.0 68.8 50
143315 20.75 21.0 68.8 50
143346 20.75 21.0 68.8 50
143416 20.75 21.0 68.8 50
143446 20.875 21.0 68.8 50
143516 20.875 21.0 68.737 50
143547 20.875 21.0 68.675 50
143618 20.875 21.0 68.425 50
143648 20.875 21.0 67.987 50
143718 21.0 21.0 67.112 50
143749 21.0 21.0 65.737 50
143819 21.0 21.0 63.987 50
143849 21.0 21.0 62.05 50
143920 21.0 21.0 60.05 50
143950 21.125 21.0 58.112 0
144021 21.125 21.0 56.8 0
144052 21.125 21.0 55.925 0
144122 21.125 21.0 55.425 0
144153 21.125 21.0 55.05 0
144223 21.25 21.0 54.862 0
144253 21.25 21.0 54.675 0
144324 21.25 21.0 54.612 0
144354 21.25 21.0 54.55 0
144425 21.25 21.0 54.425 0
144455 21.25 21.0 54.55 0
144526 21.25 21.0 54.737 0
144556 21.25 21.0 55.175 0
144627 21.25 21.0 55.862 0
144700 21.187 21.0 56.8 0
144730 21.187 21.0 57.8 0
144801 21.187 21.0 58.862 0
144831 21.187 21.0 60.05 0
144902 21.187 21.0 61.175 0
144932 21.062 21.0 62.3 0
145003 21.062 21.0 63.237 0
145034 21.062 21.0 64.05 0
145104 21.062 21.0 64.612 0
145135 21.062 21.0 65.175 0
145205 20.937 21.0 65.612 50
145236 20.937 21.0 65.987 50
145307 20.937 21.0 66.237 50
145337 20.937 21.0 66.487 50
145408 20.937 21.0 66.675 50
145439 20.875 21.0 66.737 50
145509 20.875 21.0 66.862 50
145540 20.875 21.0 66.925 50
145610 20.875 21.0 66.987 50
145641 20.875 21.0 67.05 50
145712 20.875 21.0 67.112 50
145742 20.875 21.0 67.112 50
145813 20.875 21.0 67.175 50
145843 20.875 21.0 67.175 50
145913 20.875 21.0 67.175 50
145943 20.812 21.0 67.175 50
150014 20.812 21.0 67.175 50
150044 20.812 21.0 67.112 50
150115 20.812 21.0 67.05 50
150146 20.812 21.0 66.925 50
150216 21.062 21.0 66.55 0
150246 21.062 21.0 66.175 0
150317 21.062 21.0 65.925 0
150348 21.062 21.0 65.737 0
150418 21.062 21.0 65.487 0
150448 21.312 21.0 64.987 0
150519 21.312 21.0 64.3 0
150549 21.312 21.0 63.8 0
150620 21.312 21.0 63.425 0
150650 21.312 21.0 63.175 0
150721 21.312 21.0 62.987 0
150752 21.312 21.0 62.8 0
150823 21.312 21.0 62.737 0
150853 21.312 21.0 62.612 0
150924 21.312 21.0 62.55 0
150954 21.25 21.0 62.487 0
151025 21.25 21.0 62.425 0
151055 21.25 21.0 62.362 0
151126 21.25 21.0 62.3 0
151156 21.25 21.0 62.237 0
151227 21.125 21.0 62.175 0
151257 21.125 21.0 62.112 0
151327 21.125 21.0 62.05 0
151358 21.125 21.0 61.987 0
151429 21.125 21.0 61.925 0
151459 21.125 21.0 61.862 0
151530 21.125 21.0 61.8 0
151600 21.125 21.0 61.737 0
151631 21.125 21.0 61.675 0
151703 21.062 21.0 61.612 0
151734 21.062 21.0 61.55 0
151804 21.062 21.0 61.55 0
151834 21.062 21.0 61.487 0
151905 21.062 21.0 61.425 0
151936 21.0 21.0 61.362 0
152006 21.0 21.0 61.3 0
152037 21.0 21.0 61.237 0
152107 21.0 21.0 61.175 0
152138 21.0 21.0 61.112 0
152209 21.0 21.0 61.05 0
152239 21.0 21.0 60.987 0
152310 21.0 21.0 60.862 0
152340 21.0 21.0 60.55 0
152411 21.0 21.0 59.987 0
152442 20.875 21.0 59.3 0
152512 20.875 21.0 58.55 0
152543 20.875 21.0 57.987 0
152614 20.875 21.0 57.612 0
152645 20.875 21.0 57.425 0
152716 20.75 21.0 57.237 0
152746 20.75 21.0 57.175 0
152817 20.75 21.0 57.112 0
152847 20.75 21.0 57.05 0
152918 20.75 21.0 57.05 0
152948 20.562 21.0 57.05 0
153019 20.562 21.0 57.112 0
153049 20.562 21.0 57.237 0
153120 20.562 21.0 57.425 0
153150 20.562 21.0 57.675 0
153221 20.437 21.0 58.175 0
153252 20.437 21.0 58.925 0
153322 20.437 21.0 59.862 0
153353 20.437 21.0 60.8 50
153423 20.437 21.0 61.8 50
153454 20.375 21.0 62.737 50
153525 20.375 21.0 63.487 50
153555 20.375 21.0 63.987 50
153626 20.375 21.0 64.362 50
153656 20.375 21.0 64.55 50
153727 20.312 21.0 64.737 50
153758 20.312 21.0 64.8 50
153828 20.312 21.0 64.925 50
153859 20.312 21.0 64.987 50
153929 20.312 21.0 65.05 50
154000 20.437 21.0 65.112 50
154030 20.437 21.0 65.112 50
154100 20.437 21.0 65.112 50
154131 20.437 21.0 65.05 50
154201 20.437 21.0 65.05 50
154232 20.625 21.0 64.925 50
154303 20.625 21.0 64.8 50
154333 20.625 21.0 64.425 50
154404 20.625 21.0 63.612 50
154437 20.812 21.0 62.175 50
154507 20.812 21.0 59.925 0
154538 20.812 21.0 57.612 0
154608 20.812 21.0 56.05 0
154638 20.812 21.0 55.112 0
154708 20.937 21.0 54.425 0
154739 20.937 21.0 54.05 0
154810 20.937 21.0 53.8 0
154840 20.937 21.0 53.675 0
154911 20.937 21.0 53.55 0
154942 21.0 21.0 53.362 0
155013 21.0 21.0 53.112 0
155043 21.0 21.0 53.237 0
155114 21.0 21.0 53.425 0
155145 21.0 21.0 53.862 0
155215 21.0 21.0 54.55 0
155246 21.0 21.0 55.3 0
155316 21.0 21.0 56.175 0
155346 21.0 21.0 57.05 0
155417 21.0 21.0 58.112 0
155448 21.0 21.0 59.3 0
155518 21.0 21.0 60.487 0
155549 21.0 21.0 61.675 0
155620 21.0 21.0 62.8 0
155650 21.0 21.0 63.862 0
155721 20.937 21.0 64.675 50
155751 20.937 21.0 65.362 50
155822 20.937 21.0 65.862 50
155853 20.937 21.0 66.3 50
155924 20.937 21.0 66.612 50
155954 20.812 21.0 66.8 50
160024 20.812 21.0 66.987 50
160055 20.812 21.0 67.05 50
160126 20.812 21.0 67.175 50
160156 20.812 21.0 67.175 50
160227 20.812 21.0 67.237 50
160257 20.812 21.0 67.3 50
160328 20.812 21.0 67.3 50
160358 20.812 21.0 67.3 50
160429 20.812 21.0 67.3 50
160500 20.937 21.0 67.3 50
160530 20.937 21.0 67.237 50
160601 20.937 21.0 67.175 50
160631 20.937 21.0 66.862 50
160702 20.937 21.0 66.3 50
160733 21.062 21.0 65.175 0
160803 21.062 21.0 64.237 0
160834 21.062 21.0 63.675 0
160904 21.062 21.0 63.3 0
160935 21.062 21.0 63.05 0
161006 21.062 21.0 62.862 0
161036 21.062 21.0 62.737 0
161107 21.062 21.0 62.612 0
161137 21.062 21.0 62.487 0
161207 21.062 21.0 62.425 0
161238 21.125 21.0 62.362 0
161308 21.125 21.0 62.3 0
161339 21.125 21.0 62.237 0
161410 21.125 21.0 62.175 0
161442 21.062 21.0 62.112 0
161513 21.062 21.0 62.05 0
161543 21.062 21.0 61.987 0
161614 21.062 21.0 61.925 0
161644 21.062 21.0 61.862 0
161715 21.0 21.0 61.8 0
161745 21.0 21.0 61.737 0
161816 21.0 21.0 61.612 0
161847 21.0 21.0 61.237 0
161917 21.0 21.0 60.55 0
161948 20.937 21.0 59.612 0
162018 20.937 21.0 58.8 0
162049 20.937 21.0 58.237 0
162119 20.937 21.0 57.862 0
162150 20.937 21.0 57.612 0
162220 20.875 21.0 57.425 0
162251 20.875 21.0 57.3 0
162321 20.875 21.0 57.237 0
162352 20.875 21.0 57.175 0
162422 20.875 21.0 57.175 0
162453 20.75 21.0 57.112 0
162524 20.75 21.0 57.112 0
162554 20.75 21.0 57.175 0
162624 20.75 21.0 57.3 0
162655 20.75 21.0 57.675 0
162726 20.75 21.0 58.175 0
162756 20.75 21.0 58.925 0
162827 20.75 21.0 59.862 0
162858 20.75 21.0 61.05 50
162928 20.75 21.0 62.3 50
162959 20.687 21.0 63.362 50
163029 20.687 21.0 64.112 50
163100 20.687 21.0 64.737 50
163130 20.687 21.0 65.112 50
163201 20.687 21.0 65.425 50
163231 20.625 21.0 65.612 50
163301 20.625 21.0 65.737 50
163332 20.625 21.0 65.862 50
163402 20.625 21.0 65.987 50
163433 20.625 21.0 66.05 50
163504 20.687 21.0 66.112 50
163534 20.687 21.0 66.112 50
163605 20.687 21.0 66.112 50
163636 20.687 21.0 66.112 50
163706 20.687 21.0 66.05 50
163737 20.812 21.0 65.987 50
163807 20.812 21.0 65.8 50
163838 20.812 21.0 65.487 50
163908 20.812 21.0 64.8 50
163938 20.812 21.0 63.612 50
164009 21.0 21.0 61.862 50
164039 21.0 21.0 59.612 0
164110 21.0 21.0 57.55 0
164140 21.0 21.0 56.112 0
164211 21.0 21.0 55.237 0
164241 21.125 21.0 54.675 0
164312 21.125 21.0 54.3 0
164343 21.125 21.0 54.112 0
164413 21.125 21.0 53.987 0
164447 21.187 21.0 53.8 0
164517 21.187 21.0 53.675 0
164548 21.187 21.0 53.612 0
164618 21.187 21.0 53.8 0
164649 21.187 21.0 54.175 0
164719 21.187 21.0 54.737 0
164750 21.187 21.0 55.55 0
164820 21.187 21.0 56.612 0
164851 21.187 21.0 57.675 0
164921 21.187 21.0 58.737 0
164952 21.125 21.0 59.8 0
165022 21.125 21.0 60.925 0
165052 21.125 21.0 62.175 0
165122 21.125 21.0 63.3 0
165153 21.125 21.0 64.237 0
165223 21.062 21.0 64.925 0
165254 21.062 21.0 65.55 0
165325 21.062 21.0 65.987 0
165355 21.062 21.0 66.425 0
165426 21.062 21.0 66.737 0
165456 21.0 21.0 66.987 0
165527 21.0 21.0 67.237 0
165557 21.0 21.0 67.425 0
165628 21.0 21.0 67.55 0
165658 21.0 21.0 67.675 0
165728 20.937 21.0 67.737 50
165759 20.937 21.0 67.862 50
165830 20.937 21.0 67.925 50
165900 20.937 21.0 67.987 50
165931 20.937 21.0 68.05 50
170001 20.812 21.0 68.05 50
170032 20.812 21.0 68.05 50
170102 20.812 21.0 68.112 50
170133 20.812 21.0 68.175 50
170203 20.812 21.0 68.175 50
170234 20.812 21.0 68.237 50
170305 20.812 21.0 68.237 50
170336 20.812 21.0 68.237 50
170406 20.812 21.0 68.175 50
170437 20.812 21.0 68.175 50
170507 20.937 21.0 68.112 50
170538 20.937 21.0 68.05 50
170609 20.937 21.0 67.862 50
170639 20.937 21.0 67.487 50
170710 20.937 21.0 66.612 50
170741 21.125 21.0 65.362 0
170811 21.125 21.0 64.362 0
170842 21.125 21.0 63.675 0
170912 21.125 21.0 63.237 0
170943 21.125 21.0 62.987 0
171014 21.25 21.0 62.8 0
171044 21.25 21.0 62.612 0
171115 21.25 21.0 62.55 0
171145 21.25 21.0 62.425 0
171218 21.312 21.0 62.362 0
171248 21.312 21.0 62.237 0
171319 21.312 21.0 62.175 0
171349 21.312 21.0 62.112 0
171419 21.312 21.0 62.05 0
171450 21.25 21.0 61.925 0
171521 21.25 21.0 61.487 0
171551 21.25 21.0 60.612 0
171622 21.25 21.0 59.55 0
171652 21.25 21.0 58.8 0
171723 21.25 21.0 58.237 0
171753 21.25 21.0 57.925 0
171824 21.25 21.0 57.675 0
171854 21.25 21.0 57.487 0
171925 21.25 21.0 57.425 0
171956 21.125 21.0 57.3 0
172026 21.125 21.0 57.237 0
172057 21.125 21.0 57.175 0
172127 21.125 21.0 57.175 0
172158 21.125 21.0 57.112 0
172229 21.062 21.0 57.112 0
172259 21.062 21.0 57.112 0
172330 21.062 21.0 57.237 0
172401 21.062 21.0 57.362 0
172431 21.062 21.0 57.737 0
172502 21.062 21.0 58.362 0
172532 21.062 21.0 59.175 0
172603 21.062 21.0 60.175 0
172633 21.062 21.0 61.3 0
172704 21.062 21.0 62.425 0
172734 20.875 21.0 63.425 50
172805 20.875 21.0 64.175 50
172835 20.875 21.0 64.8 50
172906 20.875 21.0 65.237 50
172936 20.875 21.0 65.55 50
173007 20.937 21.0 65.737 50
173037 20.937 21.0 65.925 50
173108 20.937 21.0 65.987 50
173139 20.937 21.0 66.05 50
173209 20.937 21.0 66.112 50
173240 20.937 21.0 66.175 50
173310 20.937 21.0 66.237 50
173341 20.937 21.0 66.237 50
173411 20.937 21.0 66.237 50
173442 20.937 21.0 66.237 50
173513 21.0 21.0 66.175 50
173543 21.0 21.0 66.175 50
173614 21.0 21.0 66.05 50
173644 21.0 21.0 65.925 50
173715 21.0 21.0 65.487 50
173745 21.187 21.0 64.737 0
173815 21.187 21.0 64.175 0
173846 21.187 21.0 63.737 0
173917 21.187 21.0 63.487 0
173947 21.187 21.0 63.3 0
174018 21.25 21.0 63.175 0
174048 21.25 21.0 63.05 0
174119 21.25 21.0 62.925 0
174149 21.25 21.0 62.862 0
174222 21.25 21.0 62.737 0
174253 21.25 21.0 62.737 0
174323 21.25 21.0 62.612 0
174354 21.25 21.0 62.55 0
174424 21.25 21.0 62.487 0
174455 21.187 21.0 62.425 0
174525 21.187 21.0 62.362 0
174556 21.187 21.0 62.3 0
174626 21.187 21.0 62.237 0
174657 21.187 21.0 62.112 0
174727 21.25 21.0 62.112 0
174758 21.25 21.0 61.987 0
174828 21.25 21.0 61.925 0
174859 21.25 21.0 61.862 0
174930 21.25 21.0 61.8 0
175000 21.25 21.0 61.737 0
175031 21.25 21.0 61.675 0
175101 21.25 21.0 61.612 0
175131 21.25 21.0 61.55 0
175202 21.25 21.0 61.487 0
175232 21.25 21.0 61.362 0
175303 21.25 21.0 60.987 0
175334 21.25 21.0 60.3 0
175404 21.25 21.0 59.362 0
175435 21.25 21.0 58.425 0
175505 21.125 21.0 57.8 0
175536 21.125 21.0 57.3 0
175607 21.125 21.0 57.05 0
175637 21.125 21.0 56.862 0
175708 21.125 21.0 56.675 0
175738 21.125 21.0 56.612 0
175809 21.125 21.0 56.55 0
175839 21.125 21.0 56.487 0
175909 21.125 21.0 56.425 0
175940 21.125 21.0 56.425 0
180010 21.125 21.0 56.487 0
180041 21.125 21.0 56.487 0
180111 21.125 21.0 56.675 0
180142 21.125 21.0 57.112 0
180213 21.125 21.0 57.675 0
180243 21.062 21.0 58.55 0
180314 21.062 21.0 59.487 0
180345 21.062 21.0 60.425 0
180415 21.062 21.0 61.425 0
180446 21.062 21.0 62.487 0
180517 21.0 21.0 63.487 0
180547 21.0 21.0 64.3 0
180617 21.0 21.0 64.862 0
180648 21.0 21.0 65.425 0
180718 21.0 21.0 65.8 0
180749 20.875 21.0 66.05 50
180819 20.875 21.0 66.237 50
180850 20.875 21.0 66.362 50
180920 20.875 21.0 66.55 50
180951 20.875 21.0 66.612 50
181021 20.687 21.0 66.675 50
181052 20.687 21.0 66.675 50
181123 20.687 21.0 66.675 50
181153 20.687 21.0 66.675 50
181224 20.562 21.0 66.737 50
181255 20.562 21.0 66.737 50
181325 20.562 21.0 66.737 50
181355 20.562 21.0 66.8 50
181426 20.562 21.0 66.8 50
181456 20.75 21.0 66.8 50
181527 20.75 21.0 66.8 50
181557 20.75 21.0 66.737 50
181627 20.75 21.0 66.675 50
181658 20.75 21.0 66.487 50
181728 20.937 21.0 66.112 50
181759 20.937 21.0 65.175 50
181829 20.937 21.0 63.612 50
181900 20.937 21.0 61.425 50
181931 20.937 21.0 58.8 0
182001 21.312 21.0 56.55 0
182032 21.312 21.0 55.112 0
182102 21.312 21.0 54.237 0
182132 21.312 21.0 53.675 0
182203 21.312 21.0 53.362 0
182234 21.437 21.0 53.175 0
182304 21.437 21.0 53.175 0
182334 21.437 21.0 53.237 0
182405 21.437 21.0 53.362 0
182436 21.437 21.0 53.675 0
182506 21.5 21.0 54.175 0
182537 21.5 21.0 54.8 0
182608 21.5 21.0 55.612 0
182638 21.5 21.0 56.55 0
182709 21.5 21.0 57.737 0
182739 21.562 21.0 58.862 0
182810 21.562 21.0 59.987 0
182841 21.562 21.0 61.237 0
182911 21.562 21.0 62.55 0
182942 21.562 21.0 63.675 0
183012 21.5 21.0 64.612 0
183043 21.5 21.0 65.487 0
183113 21.5 21.0 66.175 0
183144 21.5 21.0 66.8 0
183215 21.5 21.0 67.3 0
183245 21.562 21.0 67.737 0
183316 21.562 21.0 68.175 0
183346 21.562 21.0 68.55 0
183417 21.562 21.0 68.987 0
183448 21.562 21.0 69.362 0
183518 21.5 21.0 69.737 0
183549 21.5 21.0 70.112 0
183619 21.5 21.0 70.425 0
183649 21.5 21.0 70.737 0
183803 21.437 21.0 71.487 50
183833 21.437 21.0 71.737 50
183904 21.437 21.0 71.987 50
183934 21.437 21.0 72.175 50
184006 21.437 21.0 72.362 50
184037 21.437 21.0 72.487 50
184107 21.437 21.0 72.55 50
184137 21.437 21.0 72.612 50
184208 21.437 21.0 72.612 50
184238 21.562 21.0 72.737 50
184308 21.562 21.0 72.8 50
184339 21.562 21.0 72.8 50
184409 21.562 21.0 72.862 50
184439 21.562 21.0 72.862 50
184509 21.625 21.0 72.862 50
184539 21.625 21.0 72.862 50
184610 21.625 21.0 72.8 50
184640 21.625 21.0 72.737 50
184710 21.625 21.0 72.612 50
184740 21.812 21.0 72.3 50
184810 21.812 21.0 71.737 50
184840 21.812 21.0 70.612 50
184910 21.812 21.0 68.925 0
184941 21.812 21.0 67.175 0
185011 21.812 21.0 65.175 0
185041 21.812 21.0 63.362 0
185112 21.812 21.0 62.05 0
185142 21.812 21.0 61.175 0
185213 21.812 21.0 60.675 0
185243 21.812 21.0 60.3 0
185313 21.812 21.0 60.112 0
185344 21.812 21.0 59.925 0
185415 21.812 21.0 59.8 0
185446 21.812 21.0 59.737 0
185516 21.812 21.0 59.675 0
185546 21.812 20.5 59.55 0
185617 21.812 20.5 59.487 0
185647 21.812 20.5 59.425 0
185717 21.812 20.5 59.362 0
185748 21.75 20.5 59.3 0
185818 21.75 20.5 59.237 0
185848 21.75 20.5 59.175 0
185919 21.75 20.5 59.112 0
185950 21.75 20.5 59.05 0
190020 21.687 20.5 58.987 0
190051 21.687 20.5 58.925 0
190121 21.687 20.5 58.862 0
190152 21.687 20.5 58.8 0
190222 21.687 20.5 58.737 0
190253 21.625 20.5 58.675 0
190323 21.625 20.5 58.612 0
190353 21.625 20.5 58.55 0
190423 21.625 20.5 58.55 0
190454 21.625 20.5 58.675 0
190524 21.625 20.5 59.112 0
190555 21.625 20.5 59.8 0
190625 21.625 20.5 60.8 0
190656 21.625 20.5 61.987 0
190726 21.625 20.5 63.3 0
190757 21.562 20.5 64.362 0
190828 21.562 20.5 65.3 0
190858 21.562 20.5 66.05 0
190928 21.562 20.5 66.737 0
190959 21.562 20.5 67.3 0
191029 21.562 20.5 67.737 0
191059 21.562 20.5 68.112 0
191130 21.562 20.5 68.425 0
191201 21.562 20.5 68.675 0
191231 21.562 20.5 68.862 0
191302 21.5 20.5 68.987 0
191332 21.5 20.5 69.175 0
191403 21.5 20.5 69.237 0
191433 21.5 20.5 69.362 0
191503 21.5 20.5 69.425 0
191534 21.437 20.5 69.55 0
191604 21.437 20.5 69.675 0
191635 21.437 20.5 69.737 0
191705 21.437 20.5 69.862 0
191736 21.437 20.5 69.987 0
191806 21.437 20.5 70.112 50
191836 21.437 20.5 70.175 50
191907 21.437 20.5 70.3 50
191937 21.437 20.5 70.362 50
192007 21.437 20.5 70.425 50
192038 21.375 20.5 70.487 50
192108 21.375 20.5 70.487 50
192139 21.375 20.5 70.487 50
192209 21.375 20.5 70.55 50
192242 21.437 20.5 70.55 50
192312 21.437 20.5 70.55 50
192342 21.437 20.5 70.612 50
192413 21.437 20.5 70.612 50
192443 21.437 20.5 70.55 50
192513 21.562 20.5 70.55 50
192543 21.562 20.5 70.55 50
192614 21.562 20.5 70.487 50
192645 21.562 20.5 70.425 50
192715 21.562 20.5 70.3 50
192746 21.687 20.5 70.05 50
192817 21.687 20.5 69.612 0
192848 21.687 20.5 69.237 0
192918 21.687 20.5 68.987 0
192949 21.687 20.5 68.8 0
193020 21.812 20.5 68.675 0
193050 21.812 20.5 68.55 0
193121 21.812 20.5 68.3 0
193152 21.812 20.5 67.8 0
193223 21.812 20.5 67.05 0
193253 21.812 20.5 66.362 0
193324 21.812 20.5 65.925 0
193354 21.812 20.5 65.675 0
193424 21.812 20.5 65.425 0
193455 21.812 20.5 65.237 0
193525 21.75 20.5 65.112 0
193556 21.75 20.5 65.05 0
193626 21.75 20.5 64.925 0
193657 21.75 20.5 64.862 0
193727 21.75 20.5 64.737 0
193758 21.687 20.5 64.737 0
193828 21.687 20.5 64.612 0
193858 21.687 20.5 64.55 0
193929 21.687 20.5 64.487 0
193959 21.687 20.5 64.425 0
194029 21.75 20.5 64.3 0
194100 21.75 20.5 64.237 0
194131 21.75 20.5 64.175 0
194202 21.75 20.5 64.112 0
194232 21.75 20.5 64.05 0
194303 21.625 20.5 63.925 0
194334 21.625 20.5 63.862 0
194404 21.625 20.5 63.8 0
194435 21.625 20.5 63.675 0
194505 21.625 20.5 63.612 0
194535 21.625 20.5 63.55 0
194606 21.625 20.5 63.487 0
194637 21.625 20.5 63.362 0
194708 21.625 20.5 63.3 0
194738 21.625 20.5 63.237 0
194809 21.625 20.5 63.175 0
194840 21.625 20.5 63.112 0
194910 21.625 20.5 62.987 0
194940 21.625 20.5 62.925 0
195010 21.625 20.5 62.862 0
195041 21.625 20.5 62.8 0
195111 21.625 20.5 62.737 0
195141 21.625 20.5 62.612 0
195212 21.625 20.5 62.112 0
195242 21.625 20.5 61.362 0
195312 21.562 20.5 60.3 0
195343 21.562 20.5 59.237 0
195413 21.562 20.5 58.55 0
195443 21.562 20.5 58.112 0
195516 21.5 20.5 57.8 0
195547 21.5 20.5 57.612 0
195618 21.5 20.5 57.425 0
195648 21.5 20.5 57.362 0
195719 21.5 20.5 57.3 0
195749 21.5 20.5 57.237 0
195819 21.5 20.5 57.175 0
195849 21.5 20.5 57.175 0
195920 21.5 20.5 57.112 0
195951 21.5 20.5 57.112 0
200021 21.5 20.5 57.175 0
200052 21.5 20.5 57.425 0
200122 21.5 20.5 57.987 0
200153 21.5 20.5 58.925 0
200224 21.5 20.5 59.925 0
200254 21.437 20.5 61.112 0
200325 21.437 20.5 62.362 0
200355 21.437 20.5 63.55 0
200426 21.437 20.5 64.55 0
200457 21.437 20.5 65.362 0
200527 21.437 20.5 65.987 0
200558 21.437 20.5 66.487 0
200629 21.437 20.5 66.862 0
200659 21.437 20.5 67.237 0
200730 21.437 20.5 67.487 0
200800 21.437 20.5 67.737 0
200831 21.437 20.5 67.987 0
200901 21.437 20.5 68.175 0
200931 21.437 20.5 68.3 0
201002 21.437 20.5 68.487 0
201032 21.437 20.5 68.612 0
201102 21.437 20.5 68.737 0
201133 21.437 20.5 68.862 0
201204 21.437 20.5 68.987 0
201234 21.437 20.5 69.112 0
201305 21.375 20.5 69.175 0
201335 21.375 20.5 69.237 0
201405 21.375 20.5 69.3 0
201436 21.375 20.5 69.362 0
201507 21.375 20.5 69.425 0
201537 21.312 20.5 69.487 0
201608 21.312 20.5 69.55 0
201638 21.312 20.5 69.675 0
201708 21.312 20.5 69.737 0
201739 21.312 20.5 69.8 0
201809 21.312 20.5 69.862 0
201840 21.312 20.5 69.925 0
201910 21.312 20.5 69.987 0
201941 21.312 20.5 70.05 50
202011 21.312 20.5 70.112 50
202041 21.25 20.5 70.175 50
202112 21.25 20.5 70.237 50
202142 21.25 20.5 70.3 50
202213 21.25 20.5 70.3 50
202243 21.25 20.5 70.362 50
202313 21.312 20.5 70.362 50
202344 21.312 20.5 70.362 50
202414 21.312 20.5 70.362 50
202444 21.312 20.5 70.425 50
202515 21.312 20.5 70.425 50
202546 21.437 20.5 70.362 50
202617 21.437 20.5 70.362 50
202647 21.437 20.5 70.362 50
202717 21.437 20.5 70.3 50
202750 21.687 20.5 70.237 50
202820 21.687 20.5 70.175 50
202851 21.687 20.5 70.112 50
202922 21.687 20.5 69.925 0
202953 21.687 20.5 69.675 0
203023 21.812 20.5 69.425 0
203054 21.812 20.5 68.987 0
203124 21.812 20.5 68.425 0
203155 21.812 20.5 67.987 0
203225 21.812 20.5 67.675 0
203256 21.937 20.5 67.487 0
203326 21.937 20.5 67.3 0
203356 21.937 20.5 67.175 0
203427 21.937 20.5 67.112 0
203457 21.937 20.5 66.987 0
203528 21.937 20.5 66.862 0
203558 21.937 20.5 66.737 0
203629 21.937 20.5 66.675 0
203659 21.937 20.5 66.612 0
203729 21.937 20.5 66.487 0
203800 21.875 20.5 66.425 0
203831 21.875 20.5 66.362 0
203901 21.875 20.5 66.237 0
203932 21.875 20.5 66.175 0
204002 21.875 20.5 66.112 0
204033 21.875 20.5 65.987 0
204103 21.875 20.5 65.862 0
204134 21.875 20.5 65.8 0
204205 21.875 20.5 65.675 0
204235 21.875 20.5 65.612 0
204306 21.875 20.5 65.55 0
204337 21.875 20.5 65.487 0
204407 21.875 20.5 65.362 0
204438 21.875 20.5 65.3 0
204509 21.875 20.5 65.237 0
204539 21.75 20.5 65.112 0
204610 21.75 20.5 65.05 0
204641 21.75 20.5 64.987 0
204711 21.75 20.5 64.925 0
204742 21.75 20.5 64.862 0
204812 21.75 20.5 64.8 0
204842 21.75 20.5 64.675 0
204913 21.75 20.5 64.55 0
204944 21.75 20.5 64.487 0
205014 21.75 20.5 64.425 0
205045 21.75 20.5 64.3 0
205115 21.75 20.5 64.237 0
205145 21.75 20.5 63.925 0
205216 21.75 20.5 63.175 0
205246 21.75 20.5 62.175 0
205317 21.687 20.5 61.05 0
205348 21.687 20.5 60.175 0
205418 21.687 20.5 59.612 0
205449 21.687 20.5 59.237 0
205519 21.687 20.5 58.987 0
205549 21.687 20.5 58.8 0
205620 21.687 20.5 58.675 0
205651 21.687 20.5 58.612 0
205721 21.687 20.5 58.487 0
205754 21.625 20.5 58.425 0
205825 21.625 20.5 58.3 0
205855 21.625 20.5 58.237 0
205925 21.625 20.5 58.175 0
205956 21.625 20.5 58.175 0
210026 21.75 20.5 58.05 0
210056 21.75 20.5 58.05 0
210127 21.75 20.5 57.987 0
210158 21.75 20.5 57.925 0
210228 21.75 20.5 57.925 0
210259 21.812 20.5 57.862 0
210330 21.812 20.5 57.925 0
210400 21.812 20.5 58.175 0
210431 21.812 20.5 58.55 0
210501 21.812 20.5 59.112 0
210532 21.687 20.5 59.925 0
210602 21.687 20.5 61.05 0
210633 21.687 20.5 62.175 0
210703 21.687 20.5 63.362 0
210734 21.687 20.5 64.362 0
210805 21.687 20.5 65.112 0
210835 21.687 20.5 65.737 0
210906 21.687 20.5 66.237 0
210937 21.687 20.5 66.612 0
211007 21.687 20.5 66.925 0
211037 21.625 20.5 67.237 0
211107 21.625 20.5 67.425 0
211138 21.625 20.5 67.612 0
211209 21.625 20.5 67.8 0
211240 21.625 20.5 67.987 0
211310 21.562 20.5 68.05 0
211341 21.562 20.5 68.112 0
211411 21.562 20.5 68.175 0
211442 21.562 20.5 68.3 0
211513 21.562 20.5 68.362 0
211543 21.562 20.5 68.425 0
211614 21.562 20.5 68.55 0
211645 21.562 20.5 68.612 0
211715 21.562 20.5 68.675 0
211746 21.562 20.5 68.8 0
211816 21.5 20.5 68.862 0
211847 21.5 20.5 68.987 0
211917 21.5 20.5 69.05 0
211948 21.5 20.5 69.112 0
212019 21.5 20.5 69.175 0
212049 21.5 20.5 69.237 0
212120 21.5 20.5 69.3 0
212150 21.5 20.5 69.362 0
212221 21.5 20.5 69.487 0
212251 21.5 20.5 69.55 0
212322 21.5 20.5 69.612 0
212352 21.5 20.5 69.675 0
212423 21.5 20.5 69.737 0
212453 21.5 20.5 69.8 0
212524 21.5 20.5 69.862 0
212554 21.5 20.5 69.925 0
212625 21.5 20.5 69.987 0
212655 21.5 20.5 70.05 50
212726 21.5 20.5 70.112 50
212758 21.437 20.5 70.237 50
212829 21.437 20.5 70.3 50
212859 21.437 20.5 70.362 50
212930 21.437 20.5 70.362 50
213000 21.437 20.5 70.425 50
213031 21.437 20.5 70.425 50
213101 21.437 20.5 70.425 50
213131 21.437 20.5 70.425 50
213202 21.437 20.5 70.425 50
213233 21.437 20.5 70.425 50
213303 21.75 20.5 70.425 50
213334 21.75 20.5 70.362 50
213404 21.75 20.5 70.362 50
213435 21.75 20.5 70.3 50
213506 21.75 20.5 70.175 50
213536 21.875 20.5 70.05 50
213606 21.875 20.5 69.8 0
213637 21.875 20.5 69.55 0
213708 21.875 20.5 69.3 0
213738 21.875 20.5 69.175 0
213809 22.125 20.5 69.05 0
213840 22.125 20.5 68.925 0
213910 22.125 20.5 68.8 0
213941 22.125 20.5 68.737 0
214012 22.125 20.5 68.675 0
214043 22.125 20.5 68.55 0
214113 22.125 20.5 68.487 0
214144 22.125 20.5 68.425 0
214215 22.125 20.5 68.362 0
214245 22.125 20.5 68.237 0
214315 22.125 20.5 68.175 0
214346 22.125 20.5 68.112 0
214416 22.125 20.5 68.05 0
214447 22.125 20.5 67.987 0
214517 22.125 20.5 67.862 0
214548 22.062 20.5 67.8 0
214619 22.062 20.5 67.737 0
214649 22.062 20.5 67.675 0
214720 22.062 20.5 67.55 0
214751 22.062 20.5 67.487 0
214822 22.062 20.5 67.425 0
214852 22.062 20.5 67.362 0
214923 22.062 20.5 67.3 0
214954 22.062 20.5 67.175 0
215024 22.062 20.5 67.112 0
215055 22.125 20.5 67.05 0
215125 22.125 20.5 66.987 0
215156 22.125 20.5 66.8 0
215226 22.125 20.5 66.362 0
215257 22.125 20.5 65.55 0
215328 21.937 20.5 64.612 0
215358 21.937 20.5 63.987 0
215429 21.937 20.5 63.55 0
215459 21.937 20.5 63.237 0
215531 22.0 20.5 62.987 0
215602 22.0 20.5 62.862 0
215633 22.0 20.5 62.675 0
215703 22.0 20.5 62.612 0
215733 22.0 20.5 62.487 0
215804 21.937 20.5 62.425 0
215835 21.937 20.5 62.3 0
215905 21.937 20.5 62.237 0
215935 21.937 20.5 62.112 0
220006 21.937 20.5 62.05 0
220036 21.75 20.5 61.987 0
220107 21.75 20.5 61.925 0
220138 21.75 20.5 61.8 0
220209 21.75 20.5 61.737 0
220239 21.75 20.5 61.675 0
220310 21.687 20.5 61.55 0
220341 21.687 20.5 61.487 0
220411 21.687 20.5 61.425 0
220442 21.687 20.5 61.3 0
220512 21.687 20.5 61.237 0
220543 21.625 20.5 61.175 0
220614 21.625 20.5 61.112 0
220644 21.625 20.5 60.987 0
220714 21.625 20.5 60.925 0
220745 21.625 20.5 60.862 0
220816 21.562 20.5 60.8 0
220846 21.562 20.5 60.675 0
220917 21.562 20.5 60.612 0
220948 21.562 20.5 60.55 0
221018 21.562 20.5 60.425 0
221049 21.562 20.5 60.362 0
221120 21.562 20.5 60.112 0
221150 21.562 20.5 59.425 0
221220 21.562 20.5 58.487 0
221251 21.562 20.5 57.362 0
221321 21.5 20.5 56.425 0
221352 21.5 20.5 55.8 0
221423 21.5 20.5 55.362 0
221453 21.5 20.5 55.175 0
221524 21.5 20.5 54.987 0
221555 21.437 20.5 54.987 0
221625 21.437 20.5 55.05 0
221656 21.437 20.5 55.425 0
221726 21.437 20.5 56.112 0
221757 21.437 20.5 56.925 0
221828 21.437 20.5 57.862 0
221858 21.437 20.5 58.987 0
221929 21.437 20.5 60.237 0
222000 21.437 20.5 61.425 0
222030 21.437 20.5 62.675 0
222101 21.437 20.5 63.8 0
222131 21.437 20.5 64.8 0
222202 21.437 20.5 65.675 0
222233 21.437 20.5 66.425 0
222305 21.375 20.5 67.112 0
222336 21.375 20.5 67.612 0
222406 21.375 20.5 68.05 0
222437 21.375 20.5 68.55 0
222507 21.375 20.5 69.05 0
222538 21.312 20.5 69.612 0
222609 21.312 20.5 70.112 50
222639 21.312 20.5 70.612 50
222710 21.312 20.5 71.175 50
222741 21.312 20.5 71.612 50
222811 21.187 20.5 72.05 50
222842 21.187 20.5 72.362 50
222913 21.187 20.5 72.55 50
222944 21.187 20.5 72.737 50
223014 21.187 20.5 72.862 50
223045 21.187 20.5 72.987 50
223115 21.187 20.5 73.05 50
223146 21.187 20.5 73.112 50
223216 21.187 20.5 73.112 50
223246 21.187 20.5 73.112 50
223317 21.312 20.5 73.112 50
223347 21.312 20.5 73.112 50
223417 21.312 20.5 73.05 50
223448 21.312 20.5 72.925 50
223518 21.312 20.5 72.8 50
223549 21.562 20.5 72.612 50
223620 21.562 20.5 72.112 50
223650 21.562 20.5 71.05 50
223720 21.562 20.5 69.362 0
223751 21.562 20.5 67.55 0
223821 21.687 20.5 66.362 0
223852 21.687 20.5 65.55 0
223922 21.687 20.5 65.05 0
223953 21.687 20.5 64.675 0
224023 21.687 20.5 64.425 0
224054 21.812 20.5 64.3 0
224125 21.812 20.5 64.112 0
224155 21.812 20.5 63.987 0
224226 21.812 20.5 63.862 0
224257 21.812 20.5 63.737 0
224327 21.875 20.5 63.675 0
224357 21.875 20.5 63.55 0
224428 21.875 20.5 63.487 0
224459 21.875 20.5 63.362 0
224529 21.875 20.5 63.3 0
224600 21.875 20.5 63.175 0
224631 21.875 20.5 63.05 0
224701 21.875 20.5 62.987 0
224731 21.875 20.5 62.862 0
224802 21.875 20.5 62.8 0
224833 21.875 20.5 62.675 0
224903 21.875 20.5 62.55 0
224934 21.875 20.5 62.487 0
225005 21.875 20.5 62.425 0
225035 21.875 20.5 62.175 0
225106 21.812 20.5 61.3 0
225137 21.812 20.5 59.862 0
225208 21.812 20.5 58.3 0
225238 21.812 20.5 57.237 0
225310 21.687 20.5 56.487 0
225340 21.687 20.5 56.05 0
225411 21.687 20.5 55.737 0
225442 21.687 20.5 55.55 0
225512 21.687 20.5 55.487 0
225542 21.625 20.5 55.362 0
225613 21.625 20.5 55.3 0
225644 21.625 20.5 55.112 0
225714 21.625 20.5 55.05 0
225745 21.625 20.5 55.05 0
225816 21.562 20.5 55.112 0
225846 21.562 20.5 55.175 0
225917 21.562 20.5 55.675 0
225948 21.562 20.5 56.362 0
230019 21.562 10.0 57.362 0
230049 21.562 10.0 58.425 0
230119 21.562 10.0 59.55 0
230150 21.562 10.0 60.675 0
230221 21.562 10.0 61.987 0
230251 21.562 10.0 63.175 0
230322 21.5 10.0 64.112 0
230352 21.5 10.0 64.862 0
230423 21.5 10.0 65.487 0
230454 21.5 10.0 66.05 0
230524 21.5 10.0 66.487 0
230555 21.5 10.0 66.862 0
230626 21.5 10.0 67.112 0
230656 21.5 10.0 67.362 0
230727 21.5 10.0 67.55 0
230758 21.5 10.0 67.737 0
230828 21.5 10.0 67.925 0
230859 21.5 10.0 68.05 0
230930 21.5 10.0 68.175 0
231000 21.5 10.0 68.3 0
231031 21.5 10.0 68.425 0
231101 21.5 10.0 68.55 0
231131 21.5 10.0 68.612 0
231202 21.5 10.0 68.737 0
231233 21.5 10.0 68.862 0
231303 21.5 10.0 68.862 0
231334 21.5 10.0 68.925 0
231404 21.5 10.0 68.987 0
231435 21.5 10.0 69.05 0
231506 21.5 10.0 69.112 0
231536 21.5 10.0 69.175 0
231606 21.5 10.0 69.3 0
231637 21.5 10.0 69.3 0
231707 21.5 10.0 69.362 0
231738 21.5 10.0 69.425 0
231809 21.5 10.0 69.487 0
231839 21.437 10.0 69.55 0
231910 21.437 10.0 69.612 0
231940 21.437 10.0 69.675 0
232011 21.437 10.0 69.737 0
232044 21.437 10.0 69.8 0
232115 21.437 10.0 69.862 0
232145 21.437 10.0 69.925 0
232216 21.437 10.0 69.987 0
232247 21.437 10.0 70.05 50
232318 21.375 10.0 70.112 50
232348 21.375 10.0 70.112 50
232419 21.375 10.0 70.175 50
232449 21.375 10.0 70.237 50
232520 21.375 10.0 70.3 50
232550 21.375 10.0 70.3 50
232621 21.375 10.0 70.3 50
232651 21.375 10.0 70.3 50
232721 21.375 10.0 70.362 50
232751 21.375 10.0 70.362 50
232822 21.437 10.0 70.3 50
232852 21.437 10.0 70.3 50
232922 21.437 10.0 70.3 50
232953 21.437 10.0 70.3 50
233023 21.437 10.0 70.237 50
233054 21.625 10.0 70.175 50
233124 21.625 10.0 70.05 50
233155 21.625 10.0 69.8 0
233226 21.625 10.0 69.55 0
233256 21.625 10.0 69.425 0
233327 21.875 10.0 69.3 0
233357 21.875 10.0 69.237 0
233428 21.875 10.0 69.112 0
233459 21.875 10.0 69.05 0
233529 21.875 10.0 68.987 0
233600 21.875 10.0 68.925 0
233631 21.875 10.0 68.8 0
233701 21.875 10.0 68.737 0
233732 21.875 10.0 68.675 0
233803 21.875 10.0 68.612 0
233833 21.875 10.0 68.55 0
233904 21.875 10.0 68.487 0
233935 21.875 10.0 68.425 0
234005 21.875 10.0 68.3 0
234036 21.875 10.0 68.237 0
234107 21.812 10.0 68.175 0
234137 21.812 10.0 68.112 0
234208 21.812 10.0 67.987 0
234238 21.812 10.0 67.925 0
234309 21.812 10.0 67.925 0
234339 21.75 10.0 67.862 0
234409 21.75 10.0 67.8 0
234440 21.75 10.0 67.737 0
234510 21.75 10.0 67.675 0
234541 21.75 10.0 67.55 0
234611 21.687 10.0 67.487 0
234642 21.687 10.0 67.425 0
234712 21.687 10.0 67.362 0
234743 21.687 10.0 67.3 0
234813 21.687 10.0 67.237 0
234844 21.687 10.0 67.175 0
234914 21.687 10.0 67.112 0
234944 21.687 10.0 67.05 0
235015 21.687 10.0 66.987 0
235045 21.687 10.0 66.925 0
235115 21.625 10.0 66.737 0
235146 21.625 10.0 66.362 0
235217 21.625 10.0 65.737 0
235248 21.625 10.0 64.925 0
235319 21.625 10.0 64.3 0
235350 21.625 10.0 63.737 0
235420 21.625 10.0 63.612 0
235451 21.625 10.0 63.425 0
235522 21.625 10.0 63.237 0
235552 21.625 10.0 63.112 0
235623 21.625 10.0 62.737 0
235653 21.625 10.0 62.8 0
235723 21.625 10.0 62.8 0
235754 21.625 10.0 62.737 0
235824 21.625 10.0 62.675 0
235855 21.625 10.0 62.612 0
