235926 19.687 10.0 66.3 0
235956 19.687 10.0 66.3 0
000026 19.687 10.0 66.237 0
000057 19.687 10.0 66.237 0
000127 19.687 10.0 66.237 0
000157 19.687 10.0 66.237 0
000227 19.687 10.0 66.175 0
000257 19.687 10.0 66.175 0
000328 19.687 10.0 66.112 0
000358 19.687 10.0 66.112 0
000428 19.687 10.0 66.112 0
000458 19.687 10.0 66.05 0
000528 19.687 10.0 66.05 0
000559 19.75 10.0 66.05 0
000629 19.75 10.0 65.987 0
000659 19.75 10.0 65.987 0
000729 19.75 10.0 65.987 0
000800 19.75 10.0 65.987 0
000830 19.687 10.0 65.987 0
000900 19.687 10.0 65.987 0
000931 19.687 10.0 66.05 0
001001 19.687 10.0 66.112 0
001031 19.687 10.0 66.112 0
001101 19.687 10.0 66.112 0
001131 19.687 10.0 66.112 0
001201 19.687 10.0 66.112 0
001231 19.687 10.0 66.112 0
001302 19.687 10.0 66.112 0
001332 19.625 10.0 66.112 0
001402 19.625 10.0 66.112 0
001432 19.625 10.0 66.112 0
001502 19.625 10.0 66.05 0
001532 19.625 10.0 66.05 0
001603 19.625 10.0 66.05 0
001633 19.625 10.0 66.05 0
001704 19.625 10.0 66.05 0
001734 19.625 10.0 66.05 0
001804 19.625 10.0 65.987 0
001834 19.625 10.0 65.987 0
001904 19.625 10.0 65.987 0
001934 19.625 10.0 65.987 0
002005 19.625 10.0 65.925 0
002035 19.625 10.0 65.925 0
002105 19.625 10.0 65.925 0
002135 19.625 10.0 65.925 0
002205 19.625 10.0 65.862 0
002235 19.625 10.0 65.862 0
002306 19.625 10.0 65.8 0
002336 19.625 10.0 65.8 0
002406 19.625 10.0 65.8 0
002437 19.625 10.0 65.737 0
002507 19.625 10.0 65.737 0
002538 19.625 10.0 65.675 0
002608 19.625 10.0 65.675 0
002639 19.625 10.0 65.675 0
002709 19.625 10.0 65.612 0
002739 19.625 10.0 65.612 0
002810 19.625 10.0 65.612 0
002840 19.625 10.0 65.55 0
002911 19.625 10.0 65.55 0
002941 19.625 10.0 65.487 0
003011 19.625 10.0 65.487 0
003041 19.625 10.0 65.487 0
003112 19.625 10.0 65.487 0
003143 19.625 10.0 65.425 0
003213 19.625 10.0 65.425 0
003243 19.625 10.0 65.362 0
003315 19.625 10.0 65.362 0
003346 19.625 10.0 65.362 0
003416 19.625 10.0 65.3 0
003446 19.625 10.0 65.3 0
003516 19.625 10.0 65.237 0
003547 19.625 10.0 65.237 0
003617 19.625 10.0 65.237 0
003647 19.625 10.0 65.175 0
003717 19.625 10.0 65.175 0
003747 19.625 10.0 65.175 0
003817 19.625 10.0 65.112 0
003848 19.625 10.0 65.112 0
003918 19.625 10.0 65.112 0
003948 19.625 10.0 65.05 0
004019 19.625 10.0 65.05 0
004049 19.625 10.0 64.987 0
004119 19.625 10.0 64.987 0
004149 19.625 10.0 64.987 0
004219 19.625 10.0 64.925 0
004250 19.625 10.0 64.862 0
004320 19.625 10.0 64.862 0
004350 19.625 10.0 64.8 0
004420 19.625 10.0 64.737 0
004450 19.625 10.0 64.737 0
004521 19.625 10.0 64.675 0
004551 19.562 10.0 64.612 0
004621 19.562 10.0 64.612 0
004652 19.562 10.0 64.55 0
004723 19.562 10.0 64.55 0
004753 19.562 10.0 64.487 0
004823 19.562 10.0 64.487 0
004853 19.562 10.0 64.425 0
004924 19.562 10.0 64.425 0
004954 19.562 10.0 64.362 0
005024 19.562 10.0 64.362 0
005055 19.562 10.0 64.3 0
005125 19.562 10.0 64.3 0
005156 19.562 10.0 64.237 0
005226 19.562 10.0 64.237 0
005257 19.562 10.0 64.237 0
005327 19.562 10.0 64.175 0
005357 19.562 10.0 64.175 0
005427 19.562 10.0 64.112 0
005457 19.562 10.0 64.112 0
005527 19.562 10.0 64.05 0
005558 19.562 10.0 64.05 0
005628 19.562 10.0 63.987 0
005658 19.562 10.0 63.987 0
005728 19.562 10.0 63.925 0
005759 19.562 10.0 63.925 0
005829 19.562 10.0 63.862 0
005900 19.562 10.0 63.862 0
005930 19.562 10.0 63.8 0
010000 19.562 10.0 63.8 0
010031 19.562 10.0 63.737 0
010101 19.562 10.0 63.737 0
010131 19.562 10.0 63.675 0
010201 19.562 10.0 63.675 0
010232 19.562 10.0 63.612 0
010302 19.562 10.0 63.487 0
010332 19.562 10.0 63.425 0
010402 19.562 10.0 63.3 0
010432 19.562 10.0 63.237 0
010503 19.562 10.0 63.175 0
010533 19.562 10.0 63.112 0
010603 19.562 10.0 63.05 0
010633 19.562 10.0 63.05 0
010703 19.562 10.0 62.987 0
010733 19.562 10.0 62.925 0
010804 19.562 10.0 62.925 0
010834 19.5 10.0 62.862 0
010904 19.5 10.0 62.862 0
010934 19.5 10.0 62.8 0
011004 19.5 10.0 62.8 0
011035 19.5 10.0 62.8 0
011105 19.5 10.0 62.737 0
011135 19.5 10.0 62.737 0
011205 19.5 10.0 62.737 0
011235 19.5 10.0 62.737 0
011305 19.5 10.0 62.675 0
011336 19.5 10.0 62.675 0
011406 19.5 10.0 62.675 0
011436 19.5 10.0 62.612 0
011506 19.5 10.0 62.612 0
011536 19.5 10.0 62.55 0
011606 19.5 10.0 62.55 0
011636 19.5 10.0 62.55 0
011707 19.5 10.0 62.487 0
011737 19.5 10.0 62.487 0
011807 19.5 10.0 62.425 0
011838 19.5 10.0 62.425 0
011908 19.5 10.0 62.362 0
011938 19.5 10.0 62.362 0
012008 19.5 10.0 62.3 0
012038 19.5 10.0 62.3 0
012109 19.5 10.0 62.237 0
012139 19.5 10.0 62.237 0
012210 19.5 10.0 62.175 0
012240 19.5 10.0 62.112 0
012311 19.5 10.0 61.987 0
012341 19.437 10.0 61.862 0
012411 19.437 10.0 61.8 0
012441 19.437 10.0 61.675 0
012511 19.437 10.0 61.612 0
012542 19.437 10.0 61.55 0
012612 19.5 10.0 61.55 0
012642 19.5 10.0 61.487 0
012712 19.5 10.0 61.425 0
012742 19.5 10.0 61.425 0
012812 19.5 10.0 61.362 0
012842 19.5 10.0 61.3 0
012913 19.5 10.0 61.3 0
012943 19.5 10.0 61.237 0
013013 19.5 10.0 61.237 0
013043 19.5 10.0 61.175 0
013114 19.5 10.0 61.112 0
013144 19.5 10.0 61.112 0
013215 19.5 10.0 61.05 0
013245 19.5 10.0 60.987 0
013316 19.5 10.0 60.987 0
013346 19.5 10.0 60.925 0
013416 19.5 10.0 60.925 0
013446 19.5 10.0 60.862 0
013516 19.5 10.0 60.862 0
013546 19.5 10.0 60.8 0
013617 19.5 10.0 60.737 0
013647 19.5 10.0 60.737 0
013717 19.5 10.0 60.675 0
013747 19.5 10.0 60.675 0
013818 19.5 10.0 60.612 0
013848 19.437 10.0 60.612 0
013918 19.437 10.0 60.55 0
013948 19.437 10.0 60.487 0
014018 19.437 10.0 60.487 0
014048 19.437 10.0 60.362 0
014119 19.437 10.0 60.237 0
014150 19.437 10.0 60.05 0
014220 19.437 10.0 59.862 0
014250 19.437 10.0 59.675 0
014320 19.437 10.0 59.55 0
014350 19.437 10.0 59.425 0
014421 19.437 10.0 59.362 0
014452 19.437 10.0 59.3 0
014522 19.437 10.0 59.237 0
014555 19.437 10.0 59.175 0
014625 19.437 10.0 59.112 0
014655 19.437 10.0 59.112 0
014725 19.437 10.0 59.05 0
014755 19.437 10.0 58.987 0
014826 19.437 10.0 58.987 0
014856 19.437 10.0 58.925 0
014926 19.437 10.0 58.925 0
014956 19.437 10.0 58.862 0
015026 19.437 10.0 58.8 0
015056 19.437 10.0 58.8 0
015127 19.437 10.0 58.737 0
015157 19.437 10.0 58.675 0
015227 19.437 10.0 58.675 0
015257 19.437 10.0 58.612 0
015327 19.437 10.0 58.612 0
015358 19.437 10.0 58.55 0
015428 19.437 10.0 58.487 0
015458 19.437 10.0 58.487 0
015528 19.437 10.0 58.425 0
015558 19.375 10.0 58.362 0
015629 19.375 10.0 58.362 0
015659 19.375 10.0 58.3 0
015729 19.375 10.0 58.3 0
015759 19.375 10.0 58.237 0
015830 19.437 10.0 58.112 0
015900 19.437 10.0 57.987 0
015930 19.437 10.0 57.8 0
020000 19.437 10.0 57.55 0
020031 19.437 10.0 57.237 0
020101 19.375 10.0 57.05 0
020131 19.375 10.0 56.862 0
020201 19.375 10.0 56.737 0
020231 19.375 10.0 56.675 0
020302 19.375 10.0 56.612 0
020332 19.437 10.0 56.55 0
020403 19.437 10.0 56.55 0
020433 19.437 10.0 56.55 0
020503 19.437 10.0 56.55 0
020533 19.437 10.0 56.612 0
020603 19.375 10.0 56.737 0
020634 19.375 10.0 56.987 0
020704 19.375 10.0 57.425 0
020734 19.375 10.0 58.05 0
020805 19.375 10.0 58.925 0
020835 19.375 10.0 59.862 0
020905 19.375 10.0 60.8 0
020935 19.375 10.0 61.737 0
021005 19.375 10.0 62.675 0
021036 19.375 10.0 63.425 0
021106 19.375 10.0 63.987 0
021136 19.375 10.0 64.425 0
021207 19.375 10.0 64.8 0
021237 19.375 10.0 65.112 0
021307 19.375 10.0 65.362 0
021337 19.375 10.0 65.55 0
021408 19.375 10.0 65.737 0
021438 19.375 10.0 65.862 0
021508 19.375 10.0 65.987 0
021538 19.375 10.0 66.05 0
021609 19.375 10.0 66.175 0
021639 19.375 10.0 66.237 0
021709 19.375 10.0 66.3 0
021739 19.375 10.0 66.362 0
021809 19.375 10.0 66.362 0
021840 19.375 10.0 66.362 0
021910 19.375 10.0 66.425 0
021940 19.375 10.0 66.425 0
022010 19.375 10.0 66.425 0
022040 19.375 10.0 66.425 0
022111 19.375 10.0 66.487 0
022141 19.375 10.0 66.487 0
022211 19.375 10.0 66.487 0
022242 19.375 10.0 66.487 0
022312 19.375 10.0 66.487 0
022342 19.375 10.0 66.487 0
022412 19.375 10.0 66.487 0
022442 19.375 10.0 66.487 0
022512 19.375 10.0 66.55 0
022543 19.375 10.0 66.487 0
022613 19.375 10.0 66.55 0
022643 19.375 10.0 66.55 0
022713 19.375 10.0 66.55 0
022744 19.375 10.0 66.55 0
022814 19.375 10.0 66.55 0
022844 19.375 10.0 66.55 0
022915 19.375 10.0 66.55 0
022945 19.375 10.0 66.55 0
023015 19.375 10.0 66.55 0
023045 19.375 10.0 66.55 0
023115 19.375 10.0 66.55 0
023146 19.375 10.0 66.55 0
023216 19.375 10.0 66.487 0
023246 19.375 10.0 66.487 0
023316 19.375 10.0 66.487 0
023346 19.312 10.0 66.487 0
023417 19.312 10.0 66.487 0
023447 19.312 10.0 66.487 0
023517 19.312 10.0 66.487 0
023547 19.312 10.0 66.487 0
023618 19.312 10.0 66.487 0
023649 19.312 10.0 66.425 0
023719 19.312 10.0 66.425 0
023750 19.312 10.0 66.425 0
023821 19.312 10.0 66.425 0
023851 19.312 10.0 66.425 0
023921 19.312 10.0 66.362 0
023951 19.312 10.0 66.362 0
024021 19.312 10.0 66.362 0
024052 19.312 10.0 66.362 0
024122 19.312 10.0 66.3 0
024152 19.312 10.0 66.3 0
024223 19.312 10.0 66.3 0
024253 19.312 10.0 66.3 0
024323 19.312 10.0 66.3 0
024353 19.312 10.0 66.237 0
024423 19.312 10.0 66.237 0
024454 19.312 10.0 66.237 0
024524 19.312 10.0 66.237 0
024554 19.312 10.0 66.237 0
024624 19.312 10.0 66.175 0
024654 19.312 10.0 66.175 0
024724 19.312 10.0 66.175 0
024755 19.312 10.0 66.175 0
024825 19.312 10.0 66.112 0
024855 19.312 10.0 66.112 0
024925 19.312 10.0 66.112 0
024955 19.312 10.0 66.112 0
025026 19.312 10.0 66.112 0
025056 19.312 10.0 66.05 0
025127 19.312 10.0 66.05 0
025157 19.312 10.0 66.05 0
025227 19.312 10.0 66.05 0
025257 19.312 10.0 65.987 0
025328 19.312 10.0 65.987 0
025358 19.312 10.0 65.987 0
025428 19.312 10.0 65.925 0
025459 19.312 10.0 65.925 0
025529 19.312 10.0 65.925 0
025559 19.312 10.0 65.925 0
025629 19.312 10.0 65.862 0
025659 19.312 10.0 65.862 0
025730 19.312 10.0 65.862 0
025800 19.312 10.0 65.8 0
025830 19.312 10.0 65.8 0
025901 19.312 10.0 65.8 0
025931 19.312 10.0 65.737 0
030001 19.312 10.0 65.737 0
030031 19.312 10.0 65.737 0
030101 19.312 10.0 65.675 0
030131 19.312 10.0 65.675 0
030202 19.312 10.0 65.675 0
030232 19.312 10.0 65.612 0
030303 19.312 10.0 65.612 0
030335 19.312 10.0 65.612 0
030406 19.312 10.0 65.55 0
030436 19.312 10.0 65.55 0
030506 19.312 10.0 65.55 0
030536 19.312 10.0 65.487 0
030606 19.312 10.0 65.487 0
030637 19.312 10.0 65.487 0
030707 19.312 10.0 65.425 0
030737 19.312 10.0 65.425 0
030807 19.312 10.0 65.425 0
030837 19.25 10.0 65.362 0
030908 19.25 10.0 65.362 0
030938 19.25 10.0 65.362 0
031008 19.25 10.0 65.3 0
031039 19.25 10.0 65.3 0
031109 19.25 10.0 65.3 0
031139 19.25 10.0 65.3 0
031209 19.25 10.0 65.425 0
031239 19.25 10.0 65.487 0
031310 19.25 10.0 65.55 0
031340 19.25 10.0 65.612 0
031410 19.25 10.0 65.612 0
031440 19.25 10.0 65.612 0
031511 19.25 10.0 65.675 0
031541 19.25 10.0 65.612 0
031611 19.312 10.0 65.612 0
031641 19.312 10.0 65.612 0
031711 19.312 10.0 65.612 0
031741 19.312 10.0 65.612 0
031812 19.312 10.0 65.55 0
031842 19.25 10.0 65.55 0
031912 19.25 10.0 65.55 0
031942 19.25 10.0 65.55 0
032013 19.25 10.0 65.55 0
032043 19.25 10.0 65.487 0
032113 19.25 10.0 65.487 0
032143 19.25 10.0 65.425 0
032214 19.25 10.0 65.425 0
032244 19.25 10.0 65.425 0
032314 19.25 10.0 65.362 0
032344 19.25 10.0 65.362 0
032415 19.25 10.0 65.362 0
032445 19.25 10.0 65.362 0
032515 19.25 10.0 65.3 0
032546 19.25 10.0 65.3 0
032616 19.25 10.0 65.237 0
032646 19.25 10.0 65.237 0
032717 19.25 10.0 65.237 0
032747 19.25 10.0 65.237 0
032817 19.25 10.0 65.175 0
032847 19.25 10.0 65.175 0
032918 19.25 10.0 65.175 0
032948 19.25 10.0 65.112 0
033018 19.25 10.0 65.112 0
033049 19.25 10.0 65.112 0
033119 19.25 10.0 65.05 0
033149 19.25 10.0 65.05 0
033219 19.25 10.0 65.05 0
033249 19.25 10.0 65.05 0
033320 19.25 10.0 64.987 0
033350 19.25 10.0 64.987 0
033420 19.25 10.0 64.987 0
033450 19.25 10.0 64.925 0
033520 19.25 10.0 64.925 0
033550 19.25 10.0 64.925 0
033621 19.25 10.0 64.862 0
033651 19.25 10.0 64.862 0
033721 19.25 10.0 64.862 0
033751 19.25 10.0 64.8 0
033821 19.25 10.0 64.8 0
033852 19.25 10.0 64.8 0
033922 19.25 10.0 64.8 0
033952 19.25 10.0 64.737 0
034022 19.25 10.0 64.737 0
034052 19.25 10.0 64.675 0
034123 19.25 10.0 64.612 0
034153 19.25 10.0 64.612 0
034223 19.25 10.0 64.55 0
034253 19.25 10.0 64.55 0
034323 19.25 10.0 64.55 0
034353 19.25 10.0 64.487 0
034424 19.25 10.0 64.487 0
034454 19.25 10.0 64.425 0
034524 19.25 10.0 64.425 0
034554 19.25 10.0 64.362 0
034624 19.187 10.0 64.362 0
034655 19.187 10.0 64.3 0
034725 19.187 10.0 64.3 0
034755 19.187 10.0 64.3 0
034825 19.187 10.0 64.237 0
034855 19.25 10.0 64.237 0
034925 19.25 10.0 64.237 0
034955 19.25 10.0 64.175 0
035026 19.25 10.0 64.175 0
035056 19.25 10.0 64.112 0
035126 19.187 10.0 64.112 0
035156 19.187 10.0 64.05 0
035227 19.187 10.0 64.05 0
035257 19.187 10.0 63.987 0
035327 19.187 10.0 63.987 0
035357 19.187 10.0 63.925 0
035428 19.187 10.0 63.925 0
035458 19.187 10.0 63.862 0
035528 19.187 10.0 63.862 0
035558 19.187 10.0 63.862 0
035628 19.187 10.0 63.8 0
035659 19.187 10.0 63.8 0
035729 19.187 10.0 63.737 0
035759 19.187 10.0 63.737 0
035830 19.187 10.0 63.675 0
035900 19.187 10.0 63.675 0
035930 19.187 10.0 63.612 0
040000 19.187 10.0 63.612 0
040030 19.187 10.0 63.55 0
040101 19.187 10.0 63.55 0
040131 19.187 10.0 63.487 0
040201 19.187 10.0 63.425 0
040231 19.187 10.0 63.3 0
040302 19.187 10.0 63.3 0
040332 19.187 10.0 63.237 0
040402 19.187 10.0 63.175 0
040432 19.187 10.0 63.112 0
040503 19.187 10.0 63.112 0
040533 19.187 10.0 63.05 0
040603 19.187 10.0 63.05 0
040633 19.187 10.0 62.987 0
040703 19.187 10.0 62.987 0
040733 19.187 10.0 62.925 0
040804 19.187 10.0 62.862 0
040834 19.187 10.0 62.862 0
040904 19.187 10.0 62.8 0
040934 19.187 10.0 62.8 0
041004 19.187 10.0 62.737 0
041035 19.187 10.0 62.737 0
041105 19.187 10.0 62.675 0
041135 19.187 10.0 62.675 0
041206 19.187 10.0 62.612 0
041236 19.187 10.0 62.612 0
041306 19.187 10.0 62.612 0
041337 19.187 10.0 62.612 0
041407 19.187 10.0 62.55 0
041438 19.187 10.0 62.612 0
041508 19.187 10.0 62.612 0
041538 19.187 10.0 62.612 0
041609 19.187 10.0 62.55 0
041639 19.187 10.0 62.55 0
041710 19.187 10.0 62.55 0
041740 19.187 10.0 62.55 0
041810 19.187 10.0 62.487 0
041840 19.187 10.0 62.487 0
041910 19.187 10.0 62.487 0
041941 19.187 10.0 62.425 0
042011 19.187 10.0 62.425 0
042041 19.187 10.0 62.425 0
042111 19.187 10.0 62.362 0
042141 19.187 10.0 62.3 0
042211 19.187 10.0 62.237 0
042242 19.187 10.0 62.175 0
042312 19.187 10.0 62.05 0
042342 19.187 10.0 61.987 0
042412 19.125 10.0 61.987 0
042442 19.125 10.0 61.925 0
042512 19.125 10.0 61.862 0
042543 19.125 10.0 61.862 0
042615 19.125 10.0 61.8 0
042645 19.125 10.0 61.737 0
042715 19.125 10.0 61.737 0
042745 19.125 10.0 61.675 0
042816 19.125 10.0 61.675 0
042846 19.187 10.0 61.612 0
042917 19.187 10.0 61.55 0
042947 19.187 10.0 61.55 0
043017 19.187 10.0 61.487 0
043048 19.187 10.0 61.487 0
043118 19.187 10.0 61.425 0
043148 19.187 10.0 61.425 0
043218 19.187 10.0 61.362 0
043248 19.187 10.0 61.362 0
043319 19.187 10.0 61.3 0
043349 19.125 10.0 61.3 0
043419 19.125 10.0 61.237 0
043449 19.125 10.0 61.175 0
043520 19.125 10.0 61.175 0
043550 19.125 10.0 61.175 0
043620 19.125 10.0 61.112 0
043650 19.125 10.0 61.05 0
043720 19.125 10.0 61.05 0
043750 19.125 10.0 60.987 0
043820 19.125 10.0 60.987 0
043851 19.125 10.0 60.925 0
043921 19.125 10.0 60.925 0
043951 19.125 10.0 60.862 0
044021 19.125 10.0 60.8 0
044051 19.125 10.0 60.737 0
044122 19.125 10.0 60.612 0
044152 19.125 10.0 60.487 0
044222 19.125 10.0 60.3 0
044252 19.125 10.0 60.175 0
044323 19.125 10.0 60.112 0
044353 19.125 10.0 60.05 0
044424 19.125 10.0 59.987 0
044454 19.125 10.0 59.925 0
044524 19.125 10.0 59.862 0
044554 19.125 10.0 59.862 0
044624 19.125 10.0 59.8 0
044655 19.125 10.0 59.737 0
044725 19.125 10.0 59.737 0
044755 19.125 10.0 59.675 0
044826 19.125 10.0 59.612 0
044856 19.125 10.0 59.612 0
044926 19.125 10.0 59.55 0
044956 19.125 10.0 59.487 0
045026 19.125 10.0 59.487 0
045056 19.125 10.0 59.487 0
045127 19.125 10.0 59.425 0
045157 19.125 10.0 59.362 0
045227 19.125 10.0 59.362 0
045257 19.125 10.0 59.3 0
045328 19.125 10.0 59.237 0
045358 19.062 10.0 59.237 0
045428 19.062 10.0 59.175 0
045458 19.062 10.0 59.175 0
045529 19.062 10.0 59.112 0
045559 19.062 10.0 59.112 0
045629 19.125 10.0 59.05 0
045659 19.125 10.0 58.987 0
045730 19.125 10.0 58.987 0
045800 19.125 10.0 58.925 0
045830 19.125 10.0 58.925 0
045900 19.062 10.0 58.862 0
045931 19.062 10.0 58.737 0
050001 19.062 10.0 58.675 0
050031 19.062 10.0 58.487 0
050101 19.062 10.0 58.237 0
050132 19.125 10.0 58.05 0
050202 19.125 10.0 57.862 0
050232 19.125 10.0 57.737 0
050303 19.125 10.0 57.675 0
050333 19.125 10.0 57.612 0
050403 19.062 10.0 57.55 0
050433 19.062 10.0 57.487 0
050504 19.062 10.0 57.425 0
050535 19.062 10.0 57.425 0
050605 19.062 10.0 57.362 0
050635 19.062 10.0 57.3 0
050705 19.062 10.0 57.3 0
050736 19.062 10.0 57.237 0
050806 19.062 10.0 57.237 0
050836 19.062 10.0 57.175 0
050906 19.062 10.0 57.112 0
050937 19.062 10.0 57.112 0
051007 19.062 10.0 57.05 0
051038 19.062 10.0 57.05 0
051108 19.062 10.0 56.987 0
051138 19.062 10.0 56.925 0
051208 19.062 10.0 56.925 0
051238 19.062 10.0 56.862 0
051308 19.062 10.0 56.862 0
051338 19.062 10.0 56.862 0
051409 19.062 10.0 56.862 0
051439 19.062 10.0 56.925 0
051509 19.062 10.0 57.05 0
051539 19.062 10.0 57.237 0
051609 19.062 10.0 57.675 0
051640 19.062 10.0 58.3 0
051710 19.062 10.0 58.987 0
051740 19.062 10.0 59.925 0
051810 19.062 10.0 60.862 0
051840 19.062 10.0 61.8 0
051911 19.062 10.0 62.612 0
051941 19.062 10.0 63.237 0
052011 19.062 10.0 63.737 0
052041 19.062 10.0 64.112 0
052112 19.062 10.0 64.425 0
052142 19.062 10.0 64.612 0
052213 19.062 10.0 64.8 0
052243 19.062 10.0 64.925 0
052313 19.062 10.0 65.05 0
052343 19.062 10.0 65.175 0
052413 19.062 10.0 65.237 0
052444 19.062 10.0 65.3 0
052514 19.062 10.0 65.362 0
052545 19.062 10.0 65.425 0
052615 19.062 10.0 65.487 0
052645 19.062 10.0 65.487 0
052715 19.062 10.0 65.55 0
052745 19.062 10.0 65.612 0
052816 19.062 10.0 65.612 0
052846 19.062 10.0 65.675 0
052916 19.062 10.0 65.737 0
052946 19.062 10.0 65.737 0
053016 19.062 10.0 65.737 0
053046 19.062 10.0 65.8 0
053117 19.062 10.0 65.8 0
053147 19.062 10.0 65.8 0
053218 19.062 10.0 65.8 0
053248 19.062 10.0 65.862 0
053318 19.062 10.0 65.862 0
053348 19.062 10.0 65.862 0
053418 19.062 10.0 65.925 0
053449 19.062 10.0 65.925 0
053519 19.062 10.0 65.925 0
053549 19.062 10.0 65.925 0
053622 19.062 10.0 65.987 0
053653 19.062 10.0 65.987 0
053723 19.062 10.0 65.987 0
053753 19.062 10.0 65.987 0
053823 19.062 10.0 65.987 0
053853 19.125 10.0 65.987 0
053924 19.125 10.0 65.987 0
053954 19.125 10.0 65.987 0
054025 19.125 10.0 65.987 0
054055 19.125 10.0 65.987 0
054125 19.125 10.0 65.987 0
054155 19.125 10.0 65.987 0
054226 19.125 10.0 65.987 0
054256 19.125 10.0 65.987 0
054326 19.125 10.0 65.987 0
054356 19.062 10.0 65.987 0
054426 19.062 10.0 65.987 0
054456 19.062 10.0 65.987 0
054527 19.062 10.0 65.987 0
054557 19.062 10.0 65.987 0
054627 19.062 10.0 65.987 0
054658 19.062 10.0 65.987 0
054728 19.062 10.0 65.987 0
054758 19.062 10.0 65.925 0
054829 19.062 10.0 65.925 0
054859 19.062 10.0 65.925 0
054930 19.062 10.0 65.925 0
055000 19.062 10.0 65.925 0
055031 19.062 10.0 65.925 0
055101 19.062 10.0 65.925 0
055131 19.062 10.0 65.925 0
055201 19.062 10.0 65.862 0
055232 19.062 10.0 65.862 0
055302 19.062 10.0 65.862 0
055333 19.062 10.0 65.862 0
055403 19.062 10.0 65.862 0
055434 19.062 10.0 65.862 0
055504 19.062 10.0 65.862 0
055534 19.062 10.0 65.8 0
055605 19.062 10.0 65.8 0
055635 19.062 10.0 65.8 0
055706 19.062 10.0 65.8 0
055736 19.062 10.0 65.8 0
055807 19.062 10.0 65.737 0
055837 19.062 10.0 65.737 0
055907 19.062 10.0 65.737 0
055937 19.062 10.0 65.737 0
060007 19.062 10.0 65.675 0
060037 19.062 10.0 65.675 0
060108 19.062 10.0 65.675 0
060138 19.062 10.0 65.675 0
060208 19.062 10.0 65.675 0
060238 19.062 10.0 65.612 0
060309 19.062 10.0 65.612 0
060339 19.062 10.0 65.612 0
060409 19.062 10.0 65.612 0
060440 19.062 10.0 65.55 0
060510 19.062 10.0 65.55 0
060540 19.062 10.0 65.55 0
060611 19.062 10.0 65.55 0
060641 19.062 10.0 65.55 0
060711 19.062 10.0 65.487 0
060742 19.062 10.0 65.487 0
060812 19.062 10.0 65.487 0
060842 19.062 10.0 65.487 0
060912 19.0 10.0 65.425 0
060943 19.0 10.0 65.425 0
061013 19.0 10.0 65.425 0
061044 19.0 10.0 65.425 0
061114 19.0 10.0 65.362 0
061144 19.062 10.0 65.362 0
061214 19.062 10.0 65.362 0
061244 19.062 10.0 65.362 0
061314 19.062 10.0 65.3 0
061345 19.062 10.0 65.3 0
061415 19.062 10.0 65.3 0
061445 19.062 10.0 65.237 0
061516 19.062 10.0 65.237 0
061546 19.062 10.0 65.237 0
061617 19.062 10.0 65.175 0
061647 19.0 10.0 65.175 0
061717 19.0 10.0 65.175 0
061747 19.0 10.0 65.175 0
061817 19.0 10.0 65.112 0
061848 19.0 10.0 65.112 0
061918 19.062 10.0 65.05 0
061948 19.062 10.0 65.05 0
062018 19.062 10.0 65.05 0
062048 19.062 10.0 65.05 0
062118 19.062 10.0 65.112 0
062149 19.062 10.0 65.175 0
062219 19.062 10.0 65.175 0
062249 19.062 10.0 65.237 0
062320 19.062 10.0 65.237 0
062350 19.062 10.0 65.237 0
062420 19.062 10.0 65.237 0
062451 19.062 10.0 65.237 0
062521 19.062 10.0 65.237 0
062551 19.062 10.0 65.237 0
062621 19.062 10.0 65.237 0
062652 19.125 10.0 65.175 0
062722 19.125 10.0 65.175 0
062752 19.125 10.0 65.175 0
062822 19.125 10.0 65.175 0
062852 19.125 10.0 65.175 0
062922 19.125 10.0 65.175 0
062953 19.125 10.0 65.112 0
063023 19.125 10.0 65.112 0
063054 19.125 10.0 65.112 0
063124 19.125 10.0 65.112 0
063154 19.125 10.0 65.05 0
063224 19.125 10.0 65.05 0
063254 19.125 10.0 65.05 0
063325 19.125 10.0 65.05 0
063355 19.125 10.0 64.987 0
063425 19.125 10.0 64.987 0
063455 19.125 10.0 64.987 0
063526 19.125 10.0 64.987 0
063556 19.125 10.0 64.925 0
063626 19.125 10.0 64.925 0
063657 19.062 10.0 64.925 0
063727 19.062 10.0 64.925 0
063757 19.062 10.0 64.862 0
063828 19.062 10.0 64.862 0
063901 19.062 10.0 64.8 0
063931 19.062 10.0 64.8 0
064001 19.062 10.0 64.737 0
064032 19.062 10.0 64.737 0
064102 19.062 10.0 64.737 0
064132 19.062 10.0 64.675 0
064202 19.062 10.0 64.675 0
064232 19.062 10.0 64.612 0
064302 19.062 10.0 64.612 0
064333 19.062 10.0 64.612 0
064403 19.062 10.0 64.55 0
064433 19.062 10.0 64.55 0
064503 19.062 10.0 64.55 0
064533 19.062 10.0 64.487 0
064604 19.062 10.0 64.487 0
064634 19.062 10.0 64.425 0
064705 19.062 10.0 64.425 0
064735 19.062 10.0 64.425 0
064805 19.062 10.0 64.362 0
064835 19.062 10.0 64.362 0
064905 19.062 10.0 64.362 0
064936 19.062 10.0 64.3 0
065006 19.062 10.0 64.3 0
065037 19.062 10.0 64.3 0
065107 19.062 10.0 64.237 0
065138 19.062 10.0 64.237 0
065208 19.062 10.0 64.237 0
065239 19.062 10.0 64.175 0
065309 19.062 10.0 64.175 0
065339 19.062 10.0 64.112 0
065409 19.0 10.0 64.112 0
065440 19.0 10.0 64.112 0
065511 19.0 10.0 64.05 0
065541 19.0 10.0 64.05 0
065611 19.0 10.0 63.987 0
065641 19.0 10.0 63.987 0
065712 19.0 10.0 63.987 0
065742 19.0 10.0 63.925 0
065812 19.0 10.0 63.925 0
065843 19.0 10.0 63.862 0
065913 19.0 10.0 63.862 0
065943 19.0 10.0 63.8 0
070013 19.0 10.0 63.737 0
070043 19.0 10.0 63.675 0
070114 19.0 10.0 63.675 0
070144 19.0 10.0 63.612 0
070214 19.0 10.0 63.612 0
070244 19.0 10.0 63.55 0
070314 19.0 10.0 63.487 0
070345 19.0 10.0 63.487 0
070415 19.0 10.0 63.487 0
070445 19.0 10.0 63.425 0
070515 19.0 10.0 63.425 0
070546 19.0 10.0 63.362 0
070616 19.0 10.0 63.362 0
070646 19.0 10.0 63.3 0
070716 19.0 10.0 63.3 0
070746 19.0 10.0 63.237 0
070817 19.0 10.0 63.237 0
070847 19.0 10.0 63.175 0
070917 19.0 10.0 63.175 0
070947 19.0 10.0 63.175 0
071018 19.0 10.0 63.112 0
071048 19.0 10.0 63.112 0
071118 19.0 10.0 63.05 0
071148 19.0 10.0 63.05 0
071219 19.0 10.0 62.987 0
071249 19.0 10.0 62.987 0
071319 19.0 10.0 62.925 0
071349 19.0 10.0 62.925 0
071419 19.0 10.0 62.862 0
071449 19.0 10.0 62.862 0
071520 19.0 10.0 62.8 0
071550 19.0 10.0 62.8 0
071620 19.0 10.0 62.737 0
071650 19.0 10.0 62.737 0
071720 19.0 10.0 62.675 0
071750 19.0 10.0 62.675 0
071820 19.0 10.0 62.612 0
071851 19.0 10.0 62.612 0
071921 19.0 10.0 62.487 0
071951 19.0 10.0 62.425 0
072021 19.0 10.0 62.362 0
072051 19.0 10.0 62.3 0
072121 19.0 10.0 62.237 0
072152 19.0 10.0 62.175 0
072222 19.0 10.0 62.175 0
072252 19.0 10.0 62.175 0
072322 19.0 10.0 62.175 0
072353 19.0 10.0 62.175 0
072423 19.0 10.0 62.175 0
072453 19.0 10.0 62.112 0
072523 19.0 10.0 62.175 0
072554 19.0 10.0 62.112 0
072624 19.0 10.0 62.112 0
072654 19.0 10.0 62.112 0
072724 19.0 10.0 62.05 0
072754 19.0 10.0 62.05 0
072824 19.0 10.0 62.05 0
072855 19.0 10.0 62.05 0
072925 19.0 10.0 61.987 0
072955 19.0 10.0 61.987 0
073025 19.0 10.0 61.987 0
073055 19.0 10.0 61.925 0
073126 19.0 10.0 61.925 0
073156 19.0 10.0 61.925 0
073226 19.0 10.0 61.862 0
073257 19.0 10.0 61.862 0
073327 19.0 10.0 61.8 0
073357 19.0 10.0 61.8 0
073427 19.0 10.0 61.737 0
073457 19.0 10.0 61.737 0
073528 19.0 10.0 61.737 0
073558 19.0 10.0 61.675 0
073628 19.0 10.0 61.675 0
073658 19.0 10.0 61.612 0
073728 19.0 10.0 61.612 0
073758 19.0 10.0 61.55 0
073828 19.0 10.0 61.55 0
073859 19.0 10.0 61.425 0
073929 19.0 10.0 61.362 0
074000 19.0 10.0 61.3 0
074030 19.0 10.0 61.175 0
074101 19.0 10.0 61.175 0
074131 19.0 10.0 61.112 0
074201 19.0 10.0 61.05 0
074232 19.0 10.0 60.987 0
074302 19.0 10.0 60.987 0
074332 19.0 10.0 60.925 0
074402 19.0 10.0 60.862 0
074432 19.0 10.0 60.862 0
074502 19.0 10.0 60.8 0
074533 19.0 10.0 60.8 0
074603 19.0 10.0 60.737 0
074633 19.0 10.0 60.737 0
074703 19.0 10.0 60.675 0
074733 19.0 10.0 60.612 0
074803 19.0 10.0 60.612 0
074834 19.0 10.0 60.55 0
074904 19.0 10.0 60.55 0
074935 19.0 10.0 60.487 0
075005 19.0 10.0 60.487 0
075035 19.0 10.0 60.425 0
075105 19.0 10.0 60.425 0
075135 19.0 10.0 60.362 0
075206 19.0 10.0 60.362 0
075236 19.0 10.0 60.3 0
075307 19.0 10.0 60.237 0
075337 19.0 10.0 60.237 0
075409 19.0 10.0 60.175 0
075439 19.0 10.0 60.175 0
075510 19.0 10.0 60.112 0
075540 19.0 10.0 60.112 0
075610 19.0 10.0 60.05 0
075640 19.0 10.0 60.05 0
075710 19.0 10.0 59.987 0
075740 19.0 10.0 59.925 0
075811 19.0 10.0 59.8 0
075841 19.0 10.0 59.675 0
075911 19.0 10.0 59.487 0
075941 19.0 10.0 59.362 0
080012 19.0 10.0 59.3 0
080042 19.0 10.0 59.237 0
080112 19.0 10.0 59.175 0
080143 18.937 10.0 59.112 0
080213 18.937 10.0 59.05 0
080243 18.937 10.0 58.987 0
080313 18.937 10.0 58.987 0
080344 18.937 10.0 58.925 0
080414 18.937 10.0 58.862 0
080444 18.937 10.0 58.862 0
080515 18.937 10.0 58.8 0
080545 18.937 10.0 58.8 0
080615 18.937 10.0 58.737 0
080646 18.937 10.0 58.675 0
080716 18.937 10.0 58.675 0
080746 18.937 10.0 58.612 0
080816 18.937 10.0 58.612 0
080846 18.937 10.0 58.55 0
080917 18.937 10.0 58.55 0
080947 18.937 10.0 58.487 0
081017 18.937 10.0 58.425 0
081047 18.937 10.0 58.425 0
081117 18.937 10.0 58.425 0
081148 18.937 10.0 58.362 0
081218 18.937 10.0 58.3 0
081248 18.937 10.0 58.3 0
081319 18.937 10.0 58.237 0
081349 18.937 10.0 58.237 0
081419 18.937 10.0 58.175 0
081450 18.937 10.0 58.175 0
081521 18.937 10.0 58.112 0
081551 18.937 10.0 57.987 0
081622 18.937 10.0 57.862 0
081652 18.937 10.0 57.737 0
081722 18.937 10.0 57.55 0
081752 18.937 10.0 57.362 0
081822 18.937 10.0 57.237 0
081852 18.937 10.0 57.175 0
081923 18.937 10.0 57.05 0
081953 18.937 10.0 57.05 0
082023 18.937 10.0 56.987 0
082054 18.937 10.0 56.925 0
082124 18.937 10.0 56.862 0
082154 18.937 10.0 56.862 0
082225 18.937 10.0 56.862 0
082255 18.937 10.0 56.8 0
082326 18.937 10.0 56.862 0
082356 18.937 10.0 56.862 0
082426 18.875 10.0 56.987 0
082456 18.875 10.0 57.175 0
082526 18.875 10.0 57.612 0
082557 18.875 10.0 58.112 0
082627 18.875 10.0 58.737 0
082657 18.875 10.0 59.675 0
082728 18.875 10.0 60.737 0
082758 18.875 10.0 61.737 0
082828 18.875 10.0 62.612 0
082858 18.875 10.0 63.362 0
082929 18.875 10.0 64.05 0
082959 18.875 10.0 64.55 0
083029 18.875 10.0 64.925 0
083100 18.875 10.0 65.3 0
083130 18.875 10.0 65.55 0
083200 18.875 10.0 65.8 0
083230 18.875 10.0 65.987 0
083301 18.875 10.0 66.112 0
083331 18.875 10.0 66.237 0
083401 18.875 10.0 66.3 0
083432 18.875 10.0 66.425 0
083502 18.875 10.0 66.487 0
083532 18.875 10.0 66.487 0
083602 18.875 10.0 66.55 0
083633 18.875 10.0 66.612 0
083703 18.875 10.0 66.612 0
083733 18.875 10.0 66.612 0
083803 18.875 10.0 66.675 0
083833 18.875 10.0 66.675 0
083904 18.875 10.0 66.675 0
083934 18.812 10.0 66.675 0
084004 18.812 10.0 66.737 0
084035 18.812 10.0 66.737 0
084105 18.812 10.0 66.737 0
084135 18.812 10.0 66.737 0
084206 18.875 10.0 66.737 0
084236 18.875 10.0 66.737 0
084306 18.875 10.0 66.737 0
084336 18.875 10.0 66.737 0
084407 18.875 10.0 66.737 0
084437 18.875 10.0 66.737 0
084507 18.875 10.0 66.8 0
084538 18.875 10.0 66.8 0
084608 18.875 10.0 66.8 0
084638 18.875 10.0 66.8 0
084708 18.875 10.0 66.8 0
084739 18.875 10.0 66.8 0
084809 18.875 10.0 66.8 0
084839 18.875 10.0 66.8 0
084909 18.875 10.0 66.8 0
084940 18.875 10.0 66.8 0
085010 18.875 10.0 66.8 0
085040 18.875 10.0 66.8 0
085110 18.875 10.0 66.8 0
085140 18.875 10.0 66.8 0
085211 18.812 10.0 66.8 0
085241 18.812 10.0 66.8 0
085311 18.812 10.0 66.8 0
085341 18.812 10.0 66.8 0
085411 18.812 10.0 66.737 0
085442 18.812 10.0 66.737 0
085512 18.812 10.0 66.737 0
085542 18.812 10.0 66.737 0
085612 18.812 10.0 66.737 0
085642 18.812 10.0 66.737 0
085712 18.875 10.0 66.737 0
085743 18.875 10.0 66.737 0
085813 18.875 10.0 66.737 0
085843 18.875 10.0 66.675 0
085913 18.875 10.0 66.675 0
085943 18.812 10.0 66.675 0
090014 18.812 10.0 66.675 0
090044 18.812 10.0 66.675 0
090114 18.812 10.0 66.675 0
090144 18.812 10.0 66.675 0
090214 18.812 10.0 66.675 0
090245 18.812 10.0 66.675 0
090315 18.812 10.0 66.612 0
090345 18.812 10.0 66.612 0
090417 18.812 10.0 66.612 0
090447 18.812 10.0 66.612 0
090518 18.812 10.0 66.612 0
090548 18.812 10.0 66.612 0
090618 18.812 10.0 66.612 0
090648 18.812 10.0 66.55 0
090718 18.812 10.0 66.55 0
090748 18.812 10.0 66.55 0
090819 18.812 10.0 66.55 0
090849 18.812 10.0 66.55 0
090919 18.812 10.0 66.487 0
090949 18.812 10.0 66.487 0
091020 18.812 10.0 66.487 0
091050 18.812 10.0 66.487 0
091120 18.812 10.0 66.487 0
091150 18.75 10.0 66.487 0
091220 18.75 10.0 66.425 0
091251 18.75 10.0 66.425 0
091321 18.75 10.0 66.425 0
091351 18.75 10.0 66.425 0
091421 18.812 10.0 66.425 0
091452 18.812 10.0 66.362 0
091522 18.812 10.0 66.362 0
091552 18.812 10.0 66.362 0
091622 18.812 10.0 66.362 0
091652 18.75 10.0 66.3 0
091723 18.75 10.0 66.3 0
091753 18.75 10.0 66.3 0
091824 18.75 10.0 66.3 0
091855 18.75 10.0 66.237 0
091925 18.75 10.0 66.237 0
091955 18.75 10.0 66.237 0
092025 18.75 10.0 66.237 0
092055 18.75 10.0 66.175 0
092126 18.75 10.0 66.175 0
092156 18.75 10.0 66.175 0
092226 18.75 10.0 66.175 0
092257 18.75 10.0 66.175 0
092327 18.75 10.0 66.112 0
092358 18.75 10.0 66.112 0
092428 18.75 10.0 66.112 0
092458 18.75 10.0 66.05 0
092528 18.75 10.0 66.05 0
092558 18.75 10.0 66.05 0
092629 18.75 10.0 66.05 0
092659 18.75 10.0 65.987 0
092729 18.75 10.0 65.987 0
092759 18.75 10.0 65.987 0
092829 18.75 10.0 65.925 0
092900 18.75 10.0 65.925 0
092930 18.75 10.0 65.925 0
093001 18.75 10.0 65.925 0
093031 18.75 10.0 65.987 0
093102 18.75 10.0 66.05 0
093132 18.75 10.0 66.112 0
093202 18.75 10.0 66.175 0
093232 18.75 10.0 66.175 0
093302 18.75 10.0 66.175 0
093332 18.75 10.0 66.175 0
093403 18.75 10.0 66.175 0
093433 18.75 10.0 66.175 0
093503 18.75 10.0 66.175 0
093533 18.75 10.0 66.175 0
093603 18.75 10.0 66.175 0
093633 18.75 10.0 66.175 0
093704 18.75 10.0 66.112 0
093734 18.75 10.0 66.112 0
093804 18.75 10.0 66.112 0
093834 18.75 10.0 66.112 0
093904 18.75 10.0 66.05 0
093934 18.75 10.0 66.05 0
094005 18.75 10.0 65.987 0
094035 18.75 10.0 65.987 0
094105 18.75 10.0 65.987 0
094135 18.75 10.0 65.987 0
094205 18.75 10.0 65.925 0
094235 18.75 10.0 65.925 0
094306 18.75 10.0 65.925 0
094336 18.75 10.0 65.925 0
094406 18.75 10.0 65.925 0
094436 18.75 10.0 65.862 0
094506 18.75 10.0 65.862 0
094536 18.75 10.0 65.862 0
094607 18.75 10.0 65.8 0
094637 18.75 10.0 65.8 0
094707 18.75 10.0 65.8 0
094737 18.75 10.0 65.8 0
094808 18.75 10.0 65.8 0
094838 18.75 10.0 65.737 0
094908 18.75 10.0 65.737 0
094939 18.75 10.0 65.737 0
095009 18.75 10.0 65.675 0
095039 18.75 10.0 65.675 0
095110 18.75 10.0 65.675 0
095140 18.75 10.0 65.675 0
095210 18.75 10.0 65.612 0
095240 18.75 10.0 65.612 0
095310 18.75 10.0 65.612 0
095341 18.75 10.0 65.55 0
095411 18.75 10.0 65.55 0
095441 18.687 10.0 65.55 0
095511 18.687 10.0 65.55 0
095542 18.687 10.0 65.487 0
095612 18.687 10.0 65.487 0
095642 18.687 10.0 65.487 0
095713 18.687 10.0 65.425 0
095743 18.687 10.0 65.425 0
095813 18.687 10.0 65.362 0
095844 18.687 10.0 65.362 0
095914 18.687 10.0 65.3 0
095944 18.687 10.0 65.3 0
100014 18.687 10.0 65.237 0
100044 18.687 10.0 65.237 0
100115 18.687 10.0 65.237 0
100145 18.687 10.0 65.175 0
100216 18.687 10.0 65.175 0
100246 18.687 10.0 65.112 0
100316 18.687 10.0 65.112 0
100346 18.687 10.0 65.112 0
100416 18.687 10.0 65.05 0
100446 18.687 10.0 65.05 0
100517 18.687 10.0 65.05 0
100547 18.687 10.0 64.987 0
100617 18.687 10.0 64.987 0
100647 18.687 10.0 64.925 0
100717 18.687 10.0 64.925 0
100748 18.687 10.0 64.925 0
100818 18.687 10.0 64.862 0
100848 18.687 10.0 64.862 0
100918 18.687 10.0 64.8 0
100949 18.687 10.0 64.8 0
101019 18.687 10.0 64.8 0
101049 18.687 10.0 64.737 0
101119 18.687 10.0 64.737 0
101149 18.687 10.0 64.675 0
101220 18.687 10.0 64.675 0
101250 18.687 10.0 64.675 0
101321 18.687 10.0 64.612 0
101351 18.687 10.0 64.612 0
101421 18.687 10.0 64.55 0
101452 18.687 10.0 64.55 0
101522 18.687 10.0 64.55 0
101552 18.687 10.0 64.487 0
101622 18.687 10.0 64.425 0
101652 18.687 10.0 64.425 0
101723 18.687 10.0 64.425 0
101753 18.687 10.0 64.362 0
101824 18.687 10.0 64.362 0
101854 18.687 10.0 64.3 0
101927 18.687 10.0 64.237 0
101957 18.687 10.0 64.175 0
102027 18.687 10.0 64.175 0
102058 18.687 10.0 64.112 0
102128 18.687 10.0 64.05 0
102158 18.687 10.0 64.05 0
102229 18.687 10.0 63.987 0
102259 18.687 10.0 63.987 0
102329 18.687 10.0 63.925 0
102400 18.687 10.0 63.925 0
102430 18.687 10.0 63.862 0
102500 18.687 10.0 63.862 0
102531 18.687 10.0 63.862 0
102602 18.687 10.0 63.8 0
102632 18.687 10.0 63.8 0
102702 18.687 10.0 63.737 0
102733 18.687 10.0 63.737 0
102803 18.687 10.0 63.675 0
102834 18.687 10.0 63.675 0
102904 18.687 10.0 63.612 0
102934 18.687 10.0 63.612 0
103004 18.687 10.0 63.55 0
103034 18.687 10.0 63.55 0
103104 18.687 10.0 63.487 0
103134 18.687 10.0 63.487 0
103204 18.687 10.0 63.487 0
103235 18.687 10.0 63.487 0
103305 18.687 10.0 63.487 0
103335 18.687 10.0 63.487 0
103405 18.687 10.0 63.487 0
103435 18.687 10.0 63.487 0
103505 18.687 10.0 63.487 0
103536 18.687 10.0 63.487 0
103606 18.687 10.0 63.487 0
103636 18.687 10.0 63.425 0
103706 18.687 10.0 63.425 0
103737 18.687 10.0 63.425 0
103808 18.687 10.0 63.425 0
103838 18.687 10.0 63.362 0
103908 18.687 10.0 63.362 0
103938 18.687 10.0 63.3 0
104009 18.687 10.0 63.237 0
104039 18.687 10.0 63.175 0
104109 18.687 10.0 63.175 0
104139 18.687 10.0 63.112 0
104209 18.687 10.0 63.05 0
104240 18.687 10.0 63.05 0
104310 18.687 10.0 62.987 0
104340 18.687 10.0 62.987 0
104410 18.687 10.0 62.925 0
104441 18.687 10.0 62.925 0
104511 18.687 10.0 62.862 0
104541 18.687 10.0 62.862 0
104611 18.687 10.0 62.8 0
104641 18.687 10.0 62.8 0
104711 18.687 10.0 62.737 0
104741 18.687 10.0 62.737 0
104812 18.687 10.0 62.675 0
104842 18.687 10.0 62.675 0
104912 18.687 10.0 62.612 0
104942 18.625 10.0 62.612 0
105013 18.625 10.0 62.55 0
105043 18.625 10.0 62.55 0
105113 18.625 10.0 62.487 0
105143 18.625 10.0 62.487 0
105213 18.687 10.0 62.425 0
105244 18.687 10.0 62.425 0
105314 18.687 10.0 62.362 0
105344 18.687 10.0 62.362 0
105414 18.687 10.0 62.3 0
105444 18.625 10.0 62.3 0
105514 18.625 10.0 62.237 0
105545 18.625 10.0 62.237 0
105615 18.625 10.0 62.237 0
105646 18.625 10.0 62.175 0
105716 18.687 10.0 62.112 0
105746 18.687 10.0 62.112 0
105816 18.687 10.0 62.112 0
105846 18.687 10.0 62.05 0
105917 18.687 10.0 61.987 0
105947 18.625 10.0 61.925 0
110017 18.625 10.0 61.862 0
110047 18.625 10.0 61.737 0
110118 18.625 10.0 61.675 0
110148 18.625 10.0 61.612 0
110218 18.687 10.0 61.55 0
110248 18.687 10.0 61.487 0
110318 18.687 10.0 61.425 0
110348 18.687 10.0 61.425 0
110419 18.687 10.0 61.362 0
110449 18.687 10.0 61.3 0
110520 18.687 10.0 61.3 0
110550 18.687 10.0 61.237 0
110620 18.687 10.0 61.237 0
110650 18.687 10.0 61.175 0
110721 18.625 10.0 61.175 0
110751 18.625 10.0 61.112 0
110821 18.625 10.0 61.05 0
110851 18.625 10.0 61.05 0
110921 18.625 10.0 60.987 0
110952 18.625 10.0 60.987 0
111022 18.625 10.0 60.925 0
111052 18.625 10.0 60.925 0
111122 18.625 10.0 60.862 0
111153 18.625 10.0 60.8 0
111223 18.625 10.0 60.8 0
111253 18.625 10.0 60.737 0
111323 18.625 10.0 60.737 0
111354 18.625 10.0 60.675 0
111424 18.625 10.0 60.675 0
111454 18.625 10.0 60.612 0
111524 18.625 10.0 60.612 0
111554 18.625 10.0 60.55 0
111625 18.625 10.0 60.487 0
111655 18.625 10.0 60.487 0
111725 18.687 10.0 60.425 0
111755 18.687 10.0 60.425 0
111826 18.687 10.0 60.362 0
111856 18.687 10.0 60.3 0
111926 18.687 10.0 60.237 0
111956 18.625 10.0 60.175 0
112027 18.625 10.0 59.987 0
112057 18.625 10.0 59.862 0
112127 18.625 10.0 59.737 0
112157 18.625 10.0 59.675 0
112228 18.625 10.0 59.612 0
112258 18.625 10.0 59.55 0
112328 18.625 10.0 59.487 0
112358 18.625 10.0 59.425 0
112429 18.625 10.0 59.362 0
112459 18.625 10.0 59.362 0
112529 18.625 10.0 59.3 0
112559 18.625 10.0 59.237 0
112630 18.625 10.0 59.237 0
112700 18.625 10.0 59.175 0
112730 18.625 10.0 59.175 0
112801 18.625 10.0 59.112 0
112832 18.625 10.0 59.05 0
112902 18.625 10.0 59.05 0
112934 18.625 10.0 58.987 0
113004 18.625 10.0 58.987 0
113035 18.625 10.0 58.925 0
113105 18.625 10.0 58.862 0
113136 18.625 10.0 58.862 0
113206 18.625 10.0 58.8 0
113236 18.625 10.0 58.8 0
113306 18.625 10.0 58.8 0
113336 18.625 10.0 58.737 0
113407 18.625 10.0 58.737 0
113437 18.625 10.0 58.675 0
113507 18.625 10.0 58.675 0
113537 18.625 10.0 58.675 0
113607 18.625 10.0 58.612 0
113638 18.625 10.0 58.612 0
113708 18.625 10.0 58.612 0
113738 18.625 10.0 58.55 0
113808 18.625 10.0 58.55 0
113838 18.625 10.0 58.487 0
113909 18.625 10.0 58.425 0
113939 18.625 10.0 58.3 0
114009 18.625 10.0 58.175 0
114039 18.625 10.0 58.05 0
114110 18.625 10.0 57.925 0
114140 18.625 10.0 57.862 0
114210 18.625 10.0 57.8 0
114241 18.625 10.0 57.8 0
114311 18.625 10.0 57.737 0
114341 18.625 10.0 57.675 0
114411 18.625 10.0 57.675 0
114441 18.625 10.0 57.612 0
114511 18.625 10.0 57.55 0
114542 18.625 10.0 57.55 0
114612 18.625 10.0 57.487 0
114642 18.625 10.0 57.487 0
114713 18.625 10.0 57.425 0
114743 18.625 10.0 57.362 0
114814 18.625 10.0 57.362 0
114844 18.625 10.0 57.3 0
114914 18.625 10.0 57.3 0
114945 18.625 10.0 57.237 0
115015 18.625 10.0 57.175 0
115045 18.625 10.0 57.175 0
115115 18.625 10.0 57.175 0
115145 18.625 10.0 57.112 0
115216 18.625 10.0 57.05 0
115246 18.625 10.0 57.05 0
115316 18.625 10.0 56.987 0
115346 18.625 10.0 56.987 0
115416 18.625 10.0 56.925 0
115447 18.562 10.0 56.925 0
115518 18.562 10.0 56.862 0
115548 18.562 10.0 56.862 0
115618 18.562 10.0 56.8 0
115648 18.562 10.0 56.737 0
115718 18.625 10.0 56.737 0
115749 18.625 10.0 56.737 0
115819 18.625 10.0 56.8 0
115849 18.625 10.0 57.05 0
115919 18.625 10.0 57.487 0
115950 18.625 10.0 58.175 0
120020 18.625 10.0 59.05 0
120050 18.625 10.0 59.987 0
120121 18.625 10.0 60.925 0
120151 18.625 10.0 61.925 0
120221 18.625 10.0 62.862 0
120251 18.625 10.0 63.612 0
120321 18.625 10.0 64.175 0
120352 18.625 10.0 64.675 0
120422 18.625 10.0 65.05 0
120452 18.625 10.0 65.362 0
120522 18.625 10.0 65.612 0
120552 18.625 10.0 65.8 0
120623 18.625 10.0 65.987 0
120653 18.625 10.0 66.175 0
120723 18.562 10.0 66.237 0
120753 18.562 10.0 66.362 0
120824 18.562 10.0 66.425 0
120854 18.562 10.0 66.55 0
120924 18.562 10.0 66.612 0
120954 18.562 10.0 66.675 0
121024 18.562 10.0 66.737 0
121055 18.562 10.0 66.862 0
121125 18.562 10.0 66.862 0
121155 18.562 10.0 66.925 0
121225 18.562 10.0 66.987 0
121255 18.562 10.0 67.05 0
121326 18.562 10.0 67.112 0
121356 18.562 10.0 67.112 0
121426 18.562 10.0 67.175 0
121456 18.625 10.0 67.237 0
121526 18.625 10.0 67.3 0
121557 18.625 10.0 67.3 0
121627 18.625 10.0 67.362 0
121657 18.625 10.0 67.362 0
121727 18.625 10.0 67.362 0
121758 18.625 10.0 67.425 0
121828 18.625 10.0 67.425 0
121858 18.625 10.0 67.425 0
121928 18.625 10.0 67.425 0
121958 18.625 10.0 67.425 0
122029 18.625 10.0 67.425 0
122059 18.625 10.0 67.425 0
122129 18.625 10.0 67.425 0
122200 18.625 10.0 67.425 0
122230 18.625 10.0 67.425 0
122300 18.625 10.0 67.425 0
122330 18.625 10.0 67.425 0
122400 18.625 10.0 67.425 0
122431 18.625 10.0 67.425 0
122501 18.562 10.0 67.425 0
122532 18.562 10.0 67.425 0
122602 18.562 10.0 67.425 0
122632 18.562 10.0 67.487 0
122702 18.562 10.0 67.425 0
122732 18.562 10.0 67.425 0
122803 18.562 10.0 67.425 0
122833 18.562 10.0 67.425 0
122904 18.562 10.0 67.425 0
122934 18.562 10.0 67.425 0
123004 18.562 10.0 67.425 0
123034 18.562 10.0 67.425 0
123104 18.562 10.0 67.425 0
123134 18.562 10.0 67.425 0
123204 18.562 10.0 67.425 0
123235 18.625 10.0 67.425 0
123305 18.625 10.0 67.362 0
123335 18.625 10.0 67.362 0
123406 18.625 10.0 67.362 0
123437 18.625 10.0 67.362 0
123507 18.625 10.0 67.362 0
123537 18.625 10.0 67.362 0
123607 18.625 10.0 67.362 0
123638 18.625 10.0 67.362 0
123708 18.625 10.0 67.3 0
123738 18.562 10.0 67.3 0
123808 18.562 10.0 67.3 0
123838 18.562 10.0 67.3 0
123908 18.562 10.0 67.237 0
123939 18.562 10.0 67.237 0
124009 18.625 10.0 67.237 0
124039 18.625 10.0 67.237 0
124109 18.625 10.0 67.237 0
124140 18.625 10.0 67.237 0
124210 18.625 10.0 67.237 0
124240 18.562 10.0 67.237 0
124310 18.562 10.0 67.175 0
124341 18.562 10.0 67.175 0
124411 18.562 10.0 67.175 0
124441 18.562 10.0 67.175 0
124511 18.625 10.0 67.112 0
124542 18.625 10.0 67.112 0
124612 18.625 10.0 67.112 0
124642 18.625 10.0 67.112 0
124714 18.625 10.0 67.112 0
124744 18.625 10.0 67.05 0
124814 18.625 10.0 67.05 0
124845 18.625 10.0 67.05 0
124915 18.625 10.0 67.05 0
124945 18.625 10.0 66.987 0
125015 18.625 10.0 66.987 0
125045 18.625 10.0 66.987 0
125115 18.625 10.0 66.987 0
125146 18.625 10.0 66.987 0
125216 18.625 10.0 66.925 0
125246 18.625 10.0 66.925 0
125317 18.625 10.0 66.925 0
125347 18.625 10.0 66.925 0
125417 18.625 10.0 66.925 0
125447 18.625 10.0 66.862 0
125518 18.625 10.0 66.862 0
125548 18.625 10.0 66.862 0
125618 18.625 10.0 66.862 0
125648 18.625 10.0 66.8 0
125718 18.625 10.0 66.8 0
125749 18.625 10.0 66.8 0
125819 18.625 10.0 66.8 0
125849 18.625 10.0 66.8 0
125919 18.625 10.0 66.737 0
125949 18.625 10.0 66.737 0
130020 18.625 10.0 66.737 0
130050 18.625 10.0 66.737 0
130120 18.625 10.0 66.675 0
130150 18.625 10.0 66.675 0
130220 18.687 10.0 66.675 0
130251 18.687 10.0 66.612 0
130321 18.687 10.0 66.612 0
130351 18.687 10.0 66.675 0
130421 18.687 10.0 66.737 0
130451 18.687 10.0 66.8 0
130522 18.687 10.0 66.862 0
130552 18.687 10.0 66.925 0
130622 18.687 10.0 66.925 0
130652 18.687 10.0 66.925 0
130723 18.687 10.0 66.925 0
130753 18.687 10.0 66.925 0
130823 18.687 10.0 66.925 0
130853 18.687 10.0 66.925 0
130923 18.687 10.0 66.925 0
130953 18.75 10.0 66.862 0
131023 18.75 10.0 66.862 0
131054 18.75 10.0 66.862 0
131124 18.75 10.0 66.862 0
131154 18.75 10.0 66.862 0
131224 18.75 10.0 66.8 0
131254 18.75 10.0 66.8 0
131325 18.75 10.0 66.8 0
131355 18.75 10.0 66.8 0
131425 18.75 10.0 66.8 0
131455 18.75 10.0 66.737 0
131526 18.75 10.0 66.737 0
131556 18.75 10.0 66.737 0
131626 18.75 10.0 66.737 0
131657 18.75 10.0 66.675 0
131727 18.75 10.0 66.675 0
131757 18.75 10.0 66.675 0
131827 18.75 10.0 66.675 0
131857 18.75 10.0 66.612 0
131927 18.75 10.0 66.612 0
131958 18.75 10.0 66.612 0
132028 18.75 10.0 66.612 0
132058 18.75 10.0 66.55 0
132128 18.75 10.0 66.55 0
132158 18.75 10.0 66.55 0
132229 18.812 10.0 66.55 0
132259 18.812 10.0 66.487 0
132329 18.812 10.0 66.487 0
132359 18.812 10.0 66.487 0
132429 18.812 10.0 66.425 0
132459 18.75 10.0 66.425 0
132529 18.75 10.0 66.425 0
132600 18.75 10.0 66.425 0
132630 18.75 10.0 66.362 0
132701 18.75 10.0 66.362 0
132731 18.75 10.0 66.362 0
132801 18.75 10.0 66.3 0
132832 18.75 10.0 66.3 0
132902 18.75 10.0 66.3 0
132932 18.75 10.0 66.3 0
133002 18.812 10.0 66.237 0
133032 18.812 10.0 66.237 0
133102 18.812 10.0 66.237 0
133133 18.812 10.0 66.175 0
133203 18.812 10.0 66.175 0
133233 18.812 10.0 66.175 0
133304 18.812 10.0 66.175 0
133334 18.812 10.0 66.112 0
133404 18.812 10.0 66.112 0
133434 18.812 10.0 66.112 0
133504 18.812 10.0 66.05 0
133535 18.812 10.0 66.05 0
133605 18.812 10.0 66.05 0
133635 18.812 10.0 65.987 0
133706 18.812 10.0 65.987 0
133736 18.812 10.0 65.987 0
133806 18.812 10.0 65.925 0
133837 18.812 10.0 65.925 0
133907 18.812 10.0 65.925 0
133938 18.812 10.0 65.925 0
134008 18.812 10.0 65.862 0
134038 18.812 10.0 65.862 0
134109 18.812 10.0 65.862 0
134139 18.812 10.0 65.8 0
134209 18.812 10.0 65.8 0
134239 18.812 10.0 65.8 0
134310 18.812 10.0 65.737 0
134341 18.812 10.0 65.737 0
134411 18.812 10.0 65.737 0
134441 18.812 10.0 65.675 0
134511 18.812 10.0 65.675 0
134542 18.812 10.0 65.612 0
134612 18.812 10.0 65.612 0
134643 18.812 10.0 65.55 0
134713 18.812 10.0 65.55 0
134743 18.812 10.0 65.487 0
134813 18.812 10.0 65.487 0
134843 18.812 10.0 65.425 0
134913 18.812 10.0 65.425 0
134944 18.812 10.0 65.425 0
135014 18.812 10.0 65.362 0
135045 18.812 10.0 65.362 0
135115 18.812 10.0 65.362 0
135146 18.812 10.0 65.3 0
135216 18.812 10.0 65.3 0
135246 18.812 10.0 65.237 0
135316 18.812 10.0 65.237 0
135346 18.812 10.0 65.237 0
135417 18.812 10.0 65.175 0
135447 18.812 10.0 65.175 0
135517 18.812 10.0 65.112 0
135547 18.812 10.0 65.112 0
135617 18.812 10.0 65.112 0
135648 18.812 10.0 65.05 0
135718 18.812 10.0 65.05 0
135748 18.812 10.0 64.987 0
135818 18.812 10.0 64.987 0
135849 18.812 10.0 64.987 0
135919 18.812 10.0 64.925 0
135949 18.812 10.0 64.925 0
140019 18.812 10.0 64.862 0
140050 18.812 10.0 64.862 0
140120 18.812 10.0 64.8 0
140151 18.812 10.0 64.8 0
140221 18.812 10.0 64.8 0
140251 18.812 10.0 64.737 0
140322 18.812 10.0 64.737 0
140352 18.812 10.0 64.675 0
140422 18.812 10.0 64.675 0
140454 18.812 10.0 64.675 0
140524 18.812 10.0 64.675 0
140555 18.812 10.0 64.675 0
140625 18.812 10.0 64.737 0
140656 18.812 10.0 64.8 0
140726 18.812 10.0 64.8 0
140757 18.812 10.0 64.862 0
140827 18.812 10.0 64.862 0
140857 18.812 10.0 64.862 0
140927 18.812 10.0 64.862 0
140957 18.812 10.0 64.8 0
141027 18.812 10.0 64.8 0
141057 18.812 10.0 64.8 0
141128 18.812 10.0 64.8 0
141158 18.812 10.0 64.737 0
141228 18.812 10.0 64.737 0
141259 18.812 10.0 64.737 0
141329 18.812 10.0 64.675 0
141359 18.812 10.0 64.675 0
141429 18.812 10.0 64.675 0
141459 18.812 10.0 64.675 0
141530 18.812 10.0 64.612 0
141600 18.812 10.0 64.612 0
141630 18.812 10.0 64.612 0
141700 18.812 10.0 64.55 0
141730 18.812 10.0 64.55 0
141801 18.812 10.0 64.55 0
141831 18.812 10.0 64.487 0
141901 18.812 10.0 64.487 0
141931 18.812 10.0 64.487 0
142001 18.812 10.0 64.425 0
142032 18.812 10.0 64.425 0
142102 18.812 10.0 64.425 0
142132 18.812 10.0 64.362 0
142202 18.812 10.0 64.362 0
142233 18.812 10.0 64.362 0
142303 18.812 10.0 64.3 0
142333 18.812 10.0 64.3 0
142403 18.812 10.0 64.3 0
142433 18.812 10.0 64.237 0
142504 18.812 10.0 64.237 0
142534 18.812 10.0 64.175 0
142604 18.812 10.0 64.175 0
142634 18.812 10.0 64.175 0
142704 18.812 10.0 64.112 0
142735 18.812 10.0 64.112 0
142805 18.812 10.0 64.05 0
142835 18.812 10.0 64.05 0
142905 18.812 10.0 63.987 0
142935 18.812 10.0 63.987 0
143005 18.812 10.0 63.925 0
143036 18.812 10.0 63.925 0
143106 18.812 10.0 63.862 0
143136 18.812 10.0 63.8 0
143206 18.812 10.0 63.8 0
143236 18.812 10.0 63.737 0
143307 18.812 10.0 63.737 0
143337 18.812 10.0 63.675 0
143408 18.812 10.0 63.675 0
143438 18.812 10.0 63.612 0
143508 18.812 10.0 63.612 0
143538 18.812 10.0 63.55 0
143609 18.812 10.0 63.55 0
143639 18.812 10.0 63.487 0
143709 18.812 10.0 63.487 0
143739 18.812 10.0 63.425 0
143810 18.812 10.0 63.425 0
143840 18.812 10.0 63.425 0
143910 18.812 10.0 63.362 0
143940 18.812 10.0 63.362 0
144010 18.875 10.0 63.3 0
144040 18.875 10.0 63.3 0
144111 18.875 10.0 63.237 0
144141 18.875 10.0 63.237 0
144211 18.875 10.0 63.175 0
144241 18.812 10.0 63.175 0
144311 18.812 10.0 63.112 0
144341 18.812 10.0 63.112 0
144412 18.812 10.0 63.05 0
144442 18.812 10.0 63.05 0
144512 18.812 10.0 63.05 0
144542 18.812 10.0 62.987 0
144613 18.812 10.0 62.987 0
144643 18.812 10.0 62.925 0
144713 18.812 10.0 62.925 0
144743 18.812 10.0 62.862 0
144813 18.812 10.0 62.862 0
144844 18.812 10.0 62.8 0
144914 18.812 10.0 62.8 0
144944 18.812 10.0 62.8 0
145014 18.875 10.0 62.737 0
145044 18.875 10.0 62.737 0
145115 18.875 10.0 62.675 0
145145 18.875 10.0 62.612 0
145215 18.875 10.0 62.55 0
145245 18.875 10.0 62.487 0
145315 18.875 10.0 62.425 0
145346 18.875 10.0 62.362 0
145416 18.875 10.0 62.3 0
145446 18.875 10.0 62.3 0
145516 18.875 10.0 62.237 0
145547 18.875 10.0 62.237 0
145617 18.875 10.0 62.175 0
145648 18.875 10.0 62.112 0
145718 18.875 10.0 62.112 0
145748 18.875 10.0 62.05 0
145819 18.875 10.0 62.05 0
145849 18.875 10.0 61.987 0
145919 18.875 10.0 61.987 0
145949 18.875 10.0 61.925 0
150020 18.875 10.0 61.925 0
150050 18.875 10.0 61.862 0
150120 18.875 10.0 61.862 0
150150 18.875 10.0 61.8 0
150220 18.875 10.0 61.8 0
150251 18.875 10.0 61.737 0
150321 18.875 10.0 61.737 0
150351 18.875 10.0 61.675 0
150422 18.875 10.0 61.675 0
150452 18.875 10.0 61.612 0
150522 18.875 10.0 61.612 0
150552 18.875 10.0 61.55 0
150623 18.875 10.0 61.55 0
150653 18.875 10.0 61.487 0
150723 18.875 10.0 61.487 0
150753 18.875 10.0 61.487 0
150823 18.875 10.0 61.487 0
150853 18.875 10.0 61.55 0
150924 18.875 10.0 61.487 0
150954 18.875 10.0 61.55 0
151024 18.875 10.0 61.55 0
151054 18.875 10.0 61.487 0
151125 18.875 10.0 61.487 0
151155 18.875 10.0 61.487 0
151225 18.875 10.0 61.487 0
151255 18.875 10.0 61.425 0
151326 18.875 10.0 61.362 0
151356 18.875 10.0 61.362 0
151426 18.875 10.0 61.3 0
151456 18.875 10.0 61.3 0
151526 18.875 10.0 61.237 0
151556 18.875 10.0 61.237 0
151627 18.875 10.0 61.175 0
151657 18.875 10.0 61.112 0
151727 18.875 10.0 61.112 0
151758 18.937 10.0 61.112 0
151828 18.937 10.0 61.05 0
151858 18.937 10.0 61.05 0
151928 18.937 10.0 60.987 0
151958 18.937 10.0 60.987 0
152029 18.937 10.0 60.925 0
152059 18.937 10.0 60.925 0
152129 18.937 10.0 60.925 0
152159 18.937 10.0 60.862 0
152229 18.937 10.0 60.862 0
152300 18.937 10.0 60.8 0
152330 18.937 10.0 60.8 0
152400 18.937 10.0 60.737 0
152430 18.937 10.0 60.737 0
152501 18.937 10.0 60.675 0
152531 18.937 10.0 60.675 0
152601 18.937 10.0 60.612 0
152632 18.937 10.0 60.612 0
152702 18.937 10.0 60.612 0
152732 18.937 10.0 60.55 0
152802 18.937 10.0 60.55 0
152832 18.937 10.0 60.487 0
152902 18.937 10.0 60.487 0
152933 18.937 10.0 60.487 0
153005 18.937 10.0 60.425 0
153035 18.937 10.0 60.362 0
153105 18.937 10.0 60.362 0
153135 18.937 10.0 60.362 0
153205 18.937 10.0 60.3 0
153236 19.0 10.0 60.3 0
153306 19.0 10.0 60.237 0
153337 19.0 10.0 60.175 0
153407 19.0 10.0 60.05 0
153437 19.0 10.0 59.987 0
153507 19.0 10.0 59.925 0
153537 19.0 10.0 59.862 0
153608 19.0 10.0 59.862 0
153638 19.0 10.0 59.8 0
153708 19.0 10.0 59.8 0
153738 19.0 10.0 59.737 0
153808 19.0 10.0 59.675 0
153838 19.0 10.0 59.675 0
153909 19.0 10.0 59.612 0
153939 19.0 10.0 59.612 0
154009 19.0 10.0 59.55 0
154040 19.0 10.0 59.55 0
154110 19.0 10.0 59.55 0
154140 19.0 10.0 59.487 0
154210 19.0 10.0 59.425 0
154241 19.0 10.0 59.425 0
154311 19.0 10.0 59.362 0
154341 19.0 10.0 59.362 0
154411 19.0 10.0 59.3 0
154441 19.0 10.0 59.3 0
154512 19.0 10.0 59.3 0
154542 19.0 10.0 59.237 0
154612 19.0 10.0 59.237 0
154642 19.0 10.0 59.175 0
154712 19.0 10.0 59.175 0
154742 19.0 10.0 59.112 0
154813 19.0 10.0 59.112 0
154843 19.0 10.0 59.05 0
154913 19.0 10.0 59.05 0
154943 19.0 10.0 58.987 0
155014 19.062 10.0 58.987 0
155044 19.062 10.0 58.987 0
155114 19.062 10.0 58.925 0
155145 19.062 10.0 58.925 0
155215 19.062 10.0 58.862 0
155245 19.062 10.0 58.862 0
155316 19.062 10.0 58.8 0
155346 19.062 10.0 58.737 0
155416 19.062 10.0 58.675 0
155446 19.062 10.0 58.55 0
155517 19.062 10.0 58.487 0
155547 19.062 10.0 58.425 0
155617 19.062 10.0 58.362 0
155647 19.062 10.0 58.3 0
155717 19.062 10.0 58.3 0
155747 19.062 10.0 58.237 0
155817 19.062 10.0 58.175 0
155848 19.062 10.0 58.175 0
155918 19.062 10.0 58.112 0
155948 19.062 10.0 58.112 0
160018 19.062 10.0 58.05 0
160048 19.062 10.0 58.05 0
160118 19.062 10.0 57.987 0
160148 19.062 10.0 57.987 0
160219 19.062 10.0 57.925 0
160249 19.062 10.0 57.925 0
160319 19.062 10.0 57.862 0
160350 19.062 10.0 57.862 0
160420 19.062 10.0 57.862 0
160450 19.062 10.0 57.8 0
160520 19.062 10.0 57.8 0
160550 19.062 10.0 57.737 0
160620 19.062 10.0 57.737 0
160651 19.062 10.0 57.675 0
160721 19.062 10.0 57.675 0
160752 19.062 10.0 57.612 0
160822 19.062 10.0 57.612 0
160853 19.062 10.0 57.612 0
160923 19.062 10.0 57.612 0
160953 19.062 10.0 57.612 0
161023 19.062 10.0 57.612 0
161053 19.062 10.0 57.612 0
161124 19.062 10.0 57.612 0
161154 19.062 10.0 57.612 0
161224 19.062 10.0 57.612 0
161254 19.062 10.0 57.55 0
161325 19.062 10.0 57.55 0
161355 19.062 10.0 57.487 0
161425 19.062 10.0 57.487 0
161455 19.062 10.0 57.425 0
161525 19.062 10.0 57.362 0
161555 19.062 10.0 57.3 0
161626 19.062 10.0 57.3 0
161656 19.062 10.0 57.237 0
161726 19.062 10.0 57.237 0
161756 19.125 10.0 57.175 0
161827 19.125 10.0 57.175 0
161857 19.125 10.0 57.175 0
161927 19.125 10.0 57.112 0
161957 19.125 10.0 57.112 0
162027 19.062 10.0 57.05 0
162057 19.062 10.0 57.05 0
162128 19.062 10.0 56.987 0
162158 19.062 10.0 56.987 0
162228 19.062 10.0 56.987 0
162258 19.125 10.0 56.925 0
162328 19.125 10.0 56.925 0
162359 19.125 10.0 56.862 0
162429 19.125 10.0 56.862 0
162459 19.125 10.0 56.862 0
162530 19.125 10.0 56.8 0
162600 19.125 10.0 56.8 0
162630 19.125 10.0 56.737 0
162700 19.125 10.0 56.8 0
162730 19.125 10.0 56.8 0
162801 19.125 10.0 56.925 0
162831 19.125 10.0 57.112 0
162901 19.125 10.0 57.487 0
162931 19.125 10.0 57.987 0
163001 19.125 10.0 58.737 0
163031 19.125 10.0 59.612 0
163102 19.125 10.0 60.612 0
163132 19.125 10.0 61.675 0
163203 19.125 10.0 62.675 0
163233 19.125 10.0 63.487 0
163303 19.125 10.0 64.112 0
163333 19.125 10.0 64.612 0
163404 19.125 10.0 64.987 0
163434 19.125 10.0 65.237 0
163504 19.125 10.0 65.425 0
163534 19.125 10.0 65.612 0
163605 19.125 10.0 65.737 0
163635 19.125 10.0 65.862 0
163705 19.125 10.0 65.925 0
163735 19.125 10.0 66.05 0
163806 19.125 10.0 66.112 0
163836 19.125 10.0 66.175 0
163906 19.125 10.0 66.237 0
163936 19.125 10.0 66.3 0
164006 19.125 10.0 66.362 0
164036 19.062 10.0 66.425 0
164106 19.062 10.0 66.487 0
164137 19.062 10.0 66.487 0
164207 19.062 10.0 66.55 0
164237 19.062 10.0 66.612 0
164308 19.125 10.0 66.612 0
164338 19.125 10.0 66.675 0
164408 19.125 10.0 66.675 0
164438 19.125 10.0 66.675 0
164508 19.125 10.0 66.737 0
164539 19.125 10.0 66.737 0
164609 19.125 10.0 66.8 0
164639 19.125 10.0 66.8 0
164709 19.125 10.0 66.8 0
164740 19.125 10.0 66.862 0
164810 19.125 10.0 66.862 0
164840 19.125 10.0 66.925 0
164910 19.125 10.0 66.925 0
164941 19.125 10.0 66.925 0
165011 19.125 10.0 66.987 0
165041 19.125 10.0 66.987 0
165111 19.125 10.0 66.987 0
165141 19.125 10.0 66.987 0
165212 19.125 10.0 66.987 0
165242 19.125 10.0 67.05 0
165312 19.125 10.0 67.05 0
165342 19.125 10.0 67.05 0
165412 19.125 10.0 67.05 0
165443 19.125 10.0 67.05 0
165513 19.125 10.0 67.112 0
165543 19.125 10.0 67.112 0
165613 19.125 10.0 67.112 0
165643 19.125 10.0 67.112 0
165714 19.125 10.0 67.112 0
165744 19.125 10.0 67.112 0
165815 19.125 10.0 67.112 0
165845 19.125 10.0 67.112 0
165915 19.125 10.0 67.112 0
165945 19.125 10.0 67.112 0
170018 19.187 10.0 67.112 0
170048 19.187 10.0 67.112 0
170118 19.187 10.0 67.112 0
170148 19.187 10.0 67.112 0
170218 19.187 10.0 67.112 0
170248 19.187 10.0 67.112 0
170319 19.187 10.0 67.112 0
170349 19.187 10.0 67.112 0
170419 19.187 10.0 67.112 0
170450 19.187 10.0 67.112 0
170520 19.187 10.0 67.112 0
170551 19.187 10.0 67.112 0
170621 19.187 10.0 67.05 0
170652 19.187 10.0 67.05 0
170722 19.187 10.0 67.05 0
170752 19.187 10.0 67.05 0
170823 19.187 10.0 67.05 0
170853 19.187 10.0 67.05 0
170923 19.187 10.0 67.05 0
170953 19.187 10.0 66.987 0
171023 19.187 10.0 66.987 0
171053 19.187 10.0 66.987 0
171124 19.187 10.0 66.987 0
171154 19.187 10.0 66.987 0
171224 19.187 10.0 66.987 0
171255 19.187 10.0 66.987 0
171325 19.187 10.0 66.925 0
171355 19.187 10.0 66.925 0
171426 19.187 10.0 66.925 0
171456 19.187 10.0 66.925 0
171527 19.125 10.0 66.925 0
171557 19.125 10.0 66.862 0
171627 19.125 10.0 66.862 0
171657 19.125 10.0 66.862 0
171727 19.125 10.0 66.862 0
171758 19.187 10.0 66.862 0
171828 19.187 10.0 66.862 0
171858 19.187 10.0 66.8 0
171928 19.187 10.0 66.8 0
171959 19.187 10.0 66.8 0
172029 19.187 10.0 66.8 0
172059 19.187 10.0 66.737 0
172129 19.187 10.0 66.737 0
172159 19.187 10.0 66.737 0
172229 19.187 10.0 66.737 0
172300 19.125 10.0 66.675 0
172330 19.125 10.0 66.675 0
172400 19.125 10.0 66.675 0
172430 19.125 10.0 66.675 0
172500 19.125 10.0 66.675 0
172530 19.125 10.0 66.612 0
172601 19.125 10.0 66.612 0
172631 19.125 10.0 66.612 0
172701 19.125 10.0 66.55 0
172731 19.125 10.0 66.55 0
172802 19.125 10.0 66.55 0
172832 19.125 10.0 66.55 0
172902 19.125 10.0 66.55 0
172932 19.125 10.0 66.487 0
173003 19.125 10.0 66.487 0
173033 19.125 10.0 66.487 0
173103 19.125 10.0 66.487 0
173134 19.125 10.0 66.425 0
173204 19.125 10.0 66.425 0
173234 19.125 10.0 66.425 0
173305 19.125 10.0 66.425 0
173335 19.125 10.0 66.425 0
173405 19.125 10.0 66.487 0
173435 19.125 10.0 66.55 0
173506 19.125 10.0 66.612 0
173536 19.125 10.0 66.675 0
173606 19.125 10.0 66.737 0
173637 19.125 10.0 66.737 0
173707 19.125 10.0 66.8 0
173737 19.125 10.0 66.8 0
173807 19.125 10.0 66.8 0
173837 19.125 10.0 66.8 0
173907 19.125 10.0 66.8 0
173938 19.125 10.0 66.8 0
174008 19.125 10.0 66.8 0
174038 19.187 10.0 66.8 0
174109 19.187 10.0 66.8 0
174139 19.187 10.0 66.737 0
174210 19.187 10.0 66.737 0
174240 19.187 10.0 66.737 0
174310 19.187 10.0 66.737 0
174340 19.187 10.0 66.737 0
174411 19.187 10.0 66.675 0
174441 19.187 10.0 66.675 0
174511 19.187 10.0 66.675 0
174541 19.187 10.0 66.675 0
174612 19.187 10.0 66.675 0
174642 19.187 10.0 66.675 0
174713 19.187 10.0 66.612 0
174743 19.187 10.0 66.612 0
174813 19.187 10.0 66.612 0
174844 19.187 10.0 66.612 0
174914 19.187 10.0 66.612 0
174944 19.187 10.0 66.55 0
175014 19.187 10.0 66.55 0
175044 19.187 10.0 66.55 0
175115 19.187 10.0 66.55 0
175145 19.187 10.0 66.55 0
175215 19.187 10.0 66.487 0
175245 19.187 10.0 66.487 0
175315 19.187 10.0 66.487 0
175345 19.187 10.0 66.487 0
175416 19.187 10.0 66.487 0
175446 19.187 10.0 66.425 0
175516 19.187 10.0 66.425 0
175546 19.187 10.0 66.425 0
175617 19.187 10.0 66.425 0
175647 19.187 10.0 66.425 0
175717 19.187 10.0 66.362 0
175747 19.187 10.0 66.362 0
175817 19.125 10.0 66.3 0
175848 19.125 10.0 66.3 0
175918 19.125 10.0 66.3 0
175949 19.125 10.0 66.3 0
180019 19.125 10.0 66.237 0
180050 19.125 10.0 66.237 0
180120 19.125 10.0 66.237 0
180150 19.125 10.0 66.237 0
180220 19.125 10.0 66.237 0
180250 19.125 10.0 66.175 0
180321 19.125 10.0 66.175 0
180351 19.125 10.0 66.112 0
180421 19.125 10.0 66.112 0
180452 19.125 10.0 66.05 0
180522 19.125 10.0 66.05 0
180552 19.125 10.0 66.05 0
180622 19.125 10.0 66.05 0
180653 19.125 10.0 65.987 0
180723 19.125 10.0 65.987 0
180753 19.125 10.0 65.925 0
180823 19.125 10.0 65.925 0
180853 19.125 10.0 65.925 0
180924 19.125 10.0 65.925 0
180954 19.125 10.0 65.862 0
181025 19.125 10.0 65.862 0
181055 19.125 10.0 65.8 0
181125 19.125 10.0 65.8 0
181156 19.125 10.0 65.8 0
181226 19.125 10.0 65.8 0
181256 19.125 10.0 65.737 0
181326 19.125 10.0 65.737 0
181356 19.125 10.0 65.675 0
181426 19.125 10.0 65.675 0
181457 19.125 10.0 65.675 0
181529 19.125 10.0 65.675 0
181559 19.125 10.0 65.612 0
181630 19.125 10.0 65.612 0
181700 19.125 10.0 65.55 0
181731 19.125 10.0 65.55 0
181801 19.125 10.0 65.55 0
181831 19.125 10.0 65.487 0
181902 19.125 10.0 65.487 0
181932 19.125 10.0 65.487 0
182003 19.125 10.0 65.425 0
182033 19.125 10.0 65.425 0
182104 19.125 10.0 65.362 0
182134 19.125 10.0 65.362 0
182204 19.125 10.0 65.362 0
182234 19.125 10.0 65.3 0
182305 19.125 10.0 65.3 0
182335 19.125 10.0 65.3 0
182406 19.125 10.0 65.237 0
182436 19.125 10.0 65.237 0
182506 19.125 10.0 65.175 0
182536 19.125 10.0 65.175 0
182606 19.125 10.0 65.112 0
182637 19.125 10.0 65.112 0
182707 19.125 10.0 65.05 0
182737 19.125 10.0 65.05 0
182807 19.125 10.0 64.987 0
182837 19.125 10.0 64.987 0
182908 19.125 10.0 64.925 0
182938 19.125 10.0 64.925 0
183008 19.125 10.0 64.925 0
183038 19.125 10.0 64.862 0
183108 19.125 10.0 64.862 0
183139 19.125 10.0 64.8 0
183209 19.125 10.0 64.8 0
183239 19.125 10.0 64.8 0
183309 19.125 10.0 64.737 0
183340 19.125 10.0 64.737 0
183410 19.125 10.0 64.675 0
183440 19.125 10.0 64.675 0
183510 19.125 10.0 64.675 0
183541 19.125 10.0 64.675 0
183611 19.125 10.0 64.675 0
183641 19.125 10.0 64.737 0
183712 19.125 10.0 64.737 0
183742 19.125 10.0 64.8 0
183812 19.125 10.0 64.8 0
183842 19.125 10.0 64.8 0
183913 19.125 10.0 64.8 0
183943 19.125 10.0 64.8 0
184013 19.125 10.0 64.8 0
184043 19.125 10.0 64.8 0
184113 19.125 10.0 64.8 0
184144 19.125 10.0 64.737 0
184214 19.125 10.0 64.737 0
184244 19.125 10.0 64.737 0
184314 19.125 10.0 64.737 0
184344 19.125 10.0 64.737 0
184414 19.125 10.0 64.675 0
184445 19.125 10.0 64.675 0
184515 19.125 10.0 64.675 0
184545 19.125 10.0 64.675 0
184615 19.125 10.0 64.612 0
184645 19.125 10.0 64.612 0
184715 19.125 10.0 64.612 0
184746 19.125 10.0 64.55 0
184816 19.125 10.0 64.55 0
184847 19.125 10.0 64.487 0
184917 19.125 10.0 64.487 0
184947 19.125 10.0 64.425 0
185017 19.125 10.0 64.425 0
185047 19.125 10.0 64.362 0
185118 19.125 10.0 64.362 0
185148 19.125 10.0 64.362 0
185218 19.125 10.0 64.3 0
185248 19.125 10.0 64.3 0
185319 19.062 10.0 64.3 0
185349 19.062 10.0 64.237 0
185420 19.062 10.0 64.237 0
185450 19.062 10.0 64.175 0
185520 19.062 10.0 64.175 0
185550 19.062 10.0 64.175 0
185620 19.062 10.0 64.112 0
185651 19.062 10.0 64.112 0
185721 19.062 10.0 64.112 0
185752 19.062 10.0 64.05 0
185822 19.062 10.0 64.05 0
185853 19.062 10.0 64.05 0
185923 19.062 10.0 63.987 0
185953 19.062 10.0 63.987 0
190023 19.062 10.0 63.987 0
190053 19.062 10.0 63.925 0
190124 19.062 10.0 63.925 0
190154 19.062 10.0 63.862 0
190224 19.062 10.0 63.862 0
190254 19.062 10.0 63.862 0
190324 19.062 10.0 63.8 0
190355 19.062 10.0 63.8 0
190425 19.062 10.0 63.8 0
190455 19.062 10.0 63.737 0
190525 19.062 10.0 63.737 0
190555 19.062 10.0 63.675 0
190625 19.062 10.0 63.675 0
190656 19.062 10.0 63.675 0
190726 19.062 10.0 63.612 0
190756 19.062 10.0 63.612 0
190827 19.062 10.0 63.55 0
190857 19.062 10.0 63.55 0
190927 19.062 10.0 63.487 0
190958 19.062 10.0 63.425 0
191028 19.062 10.0 63.362 0
191058 19.062 10.0 63.362 0
191128 19.062 10.0 63.3 0
191159 19.062 10.0 63.3 0
191229 19.062 10.0 63.237 0
191259 19.062 10.0 63.237 0
191329 19.062 10.0 63.175 0
191359 19.062 10.0 63.175 0
191430 19.062 10.0 63.112 0
191500 19.062 10.0 63.112 0
191530 19.062 10.0 63.05 0
191600 19.062 10.0 63.05 0
191631 19.062 10.0 62.987 0
191701 19.062 10.0 62.987 0
191732 19.062 10.0 62.925 0
191802 19.062 10.0 62.925 0
191832 19.062 10.0 62.862 0
191902 19.062 10.0 62.862 0
191932 19.062 10.0 62.8 0
192003 19.062 10.0 62.8 0
192033 19.062 10.0 62.8 0
192103 19.062 10.0 62.737 0
192134 19.062 10.0 62.737 0
192204 19.062 10.0 62.675 0
192234 19.062 10.0 62.675 0
192307 19.0 10.0 62.612 0
192337 19.0 10.0 62.612 0
192407 19.0 10.0 62.55 0
192437 19.0 10.0 62.55 0
192507 19.0 10.0 62.487 0
192539 19.0 10.0 62.487 0
192609 19.0 10.0 62.425 0
192639 19.0 10.0 62.425 0
192709 19.0 10.0 62.362 0
192740 19.0 10.0 62.362 0
192810 19.0 10.0 62.3 0
192840 19.0 10.0 62.3 0
192911 19.0 10.0 62.237 0
192941 19.0 10.0 62.237 0
193011 19.0 10.0 62.175 0
193042 19.0 10.0 62.05 0
193112 19.0 10.0 61.987 0
193142 19.0 10.0 61.925 0
193213 19.0 10.0 61.862 0
193243 19.0 10.0 61.8 0
193314 19.0 10.0 61.8 0
193344 19.0 10.0 61.737 0
193414 19.0 10.0 61.737 0
193444 19.0 10.0 61.675 0
193514 19.0 10.0 61.612 0
193545 19.0 10.0 61.612 0
193615 19.0 10.0 61.55 0
193646 19.0 10.0 61.55 0
193716 19.0 10.0 61.55 0
193746 19.0 10.0 61.55 0
193817 19.0 10.0 61.487 0
193847 19.0 10.0 61.487 0
193917 19.0 10.0 61.487 0
193947 19.0 10.0 61.487 0
194018 19.0 10.0 61.487 0
194048 19.0 10.0 61.425 0
194118 19.0 10.0 61.425 0
194148 19.0 10.0 61.425 0
194219 19.0 10.0 61.362 0
194249 19.0 10.0 61.362 0
194319 19.0 10.0 61.362 0
194350 19.0 10.0 61.362 0
194420 19.0 10.0 61.3 0
194450 19.0 10.0 61.3 0
194520 19.0 10.0 61.237 0
194551 19.0 10.0 61.237 0
194621 19.0 10.0 61.237 0
194651 19.0 10.0 61.175 0
194721 19.0 10.0 61.175 0
194752 19.0 10.0 61.175 0
194822 19.0 10.0 61.112 0
194852 19.0 10.0 61.112 0
194922 19.0 10.0 61.05 0
194953 19.0 10.0 61.05 0
195023 19.0 10.0 61.05 0
195053 19.0 10.0 60.987 0
195123 19.0 10.0 60.925 0
195154 19.0 10.0 60.925 0
195224 19.0 10.0 60.862 0
195254 19.0 10.0 60.8 0
195324 19.0 10.0 60.737 0
195354 19.0 10.0 60.675 0
195425 19.0 10.0 60.612 0
195455 19.0 10.0 60.612 0
195525 19.0 10.0 60.55 0
195555 19.0 10.0 60.487 0
195626 19.0 10.0 60.487 0
195656 19.0 10.0 60.425 0
195726 19.0 10.0 60.425 0
195756 19.0 10.0 60.362 0
195827 19.0 10.0 60.362 0
195857 19.0 10.0 60.3 0
195928 19.0 10.0 60.3 0
195958 19.0 10.0 60.237 0
200028 19.0 10.0 60.237 0
200059 19.0 10.0 60.175 0
200129 19.0 10.0 60.175 0
200159 19.0 10.0 60.112 0
200230 19.0 10.0 60.112 0
200300 19.0 10.0 60.05 0
200330 19.0 10.0 60.05 0
200401 19.0 10.0 59.987 0
200431 19.0 10.0 59.987 0
200501 19.0 10.0 59.925 0
200532 19.0 10.0 59.925 0
200603 19.0 10.0 59.925 0
200633 19.0 10.0 59.862 0
200703 19.0 10.0 59.862 0
200734 19.0 10.0 59.8 0
200804 19.0 10.0 59.8 0
200835 19.0 10.0 59.737 0
200905 19.0 10.0 59.737 0
200935 19.0 10.0 59.675 0
201005 19.0 10.0 59.675 0
201036 19.0 10.0 59.612 0
201106 19.0 10.0 59.612 0
201137 19.0 10.0 59.55 0
201207 19.0 10.0 59.55 0
201237 19.0 10.0 59.487 0
201308 19.0 10.0 59.425 0
201338 19.0 10.0 59.362 0
201408 19.0 10.0 59.237 0
201439 19.0 10.0 59.112 0
201509 19.0 10.0 58.925 0
201539 19.0 10.0 58.737 0
201610 19.0 10.0 58.55 0
201640 19.0 10.0 58.3 0
201710 19.0 10.0 58.05 0
201740 19.0 10.0 57.8 0
201810 19.0 10.0 57.55 0
201841 19.0 10.0 57.237 0
201911 19.0 10.0 56.987 0
201941 19.0 10.0 56.675 0
202011 19.0 10.0 56.425 0
202045 19.0 10.0 56.112 0
202115 19.0 10.0 55.8 0
202145 19.0 10.0 55.487 0
202215 19.0 10.0 55.237 0
202245 19.0 10.0 54.987 0
202316 19.0 10.0 54.8 0
202346 19.0 10.0 54.612 0
202416 19.0 10.0 54.487 0
202447 19.0 10.0 54.425 0
202517 19.0 10.0 54.362 0
202547 19.0 10.0 54.425 0
202617 19.0 10.0 54.987 0
202647 19.0 10.0 55.675 0
202718 19.0 10.0 56.55 0
202748 19.0 10.0 57.425 0
202819 19.0 10.0 58.3 0
202849 19.0 10.0 59.237 0
202919 19.0 10.0 60.175 0
202949 19.0 10.0 61.112 0
203019 19.0 10.0 61.987 0
203050 19.0 10.0 62.8 0
203120 19.0 10.0 63.487 0
203150 19.0 10.0 64.112 0
203220 19.0 10.0 64.487 0
203250 19.0 10.0 64.862 0
203321 19.0 10.0 65.175 0
203351 19.0 10.0 65.425 0
203421 19.0 10.0 65.612 0
203451 19.0 10.0 65.737 0
203521 19.0 10.0 65.925 0
203552 19.0 10.0 66.05 0
203622 19.0 10.0 66.175 0
203652 19.0 10.0 66.237 0
203722 19.0 10.0 66.362 0
203753 19.0 10.0 66.425 0
203823 19.0 10.0 66.487 0
203853 19.0 10.0 66.55 0
203923 19.0 10.0 66.612 0
203953 19.0 10.0 66.737 0
204023 19.0 10.0 66.8 0
204054 19.0 10.0 66.8 0
204124 19.0 10.0 66.862 0
204154 19.0 10.0 66.925 0
204225 19.0 10.0 66.987 0
204255 19.0 10.0 67.05 0
204325 19.0 10.0 67.112 0
204356 19.0 10.0 67.112 0
204426 19.0 10.0 67.175 0
204457 19.0 10.0 67.237 0
204527 19.0 10.0 67.237 0
204557 19.0 10.0 67.3 0
204628 19.0 10.0 67.362 0
204658 19.0 10.0 67.362 0
204728 19.0 10.0 67.362 0
204759 19.0 10.0 67.362 0
204829 19.0 10.0 67.425 0
204859 19.0 10.0 67.425 0
204929 19.0 10.0 67.425 0
205000 19.0 10.0 67.425 0
205031 19.0 10.0 67.425 0
205101 19.0 10.0 67.425 0
205131 19.0 10.0 67.425 0
205201 19.0 10.0 67.425 0
205232 19.0 10.0 67.487 0
205303 19.0 10.0 67.487 0
205333 19.0 10.0 67.487 0
205403 19.0 10.0 67.487 0
205434 19.0 10.0 67.487 0
205504 19.0 10.0 67.487 0
205535 19.0 10.0 67.487 0
205605 19.0 10.0 67.487 0
205635 19.0 10.0 67.487 0
205706 19.0 10.0 67.487 0
205736 19.0 10.0 67.487 0
205806 19.0 10.0 67.487 0
205836 19.0 10.0 67.487 0
205907 19.0 10.0 67.487 0
205937 19.0 10.0 67.487 0
210008 19.0 10.0 67.487 0
210038 19.0 10.0 67.487 0
210109 19.0 10.0 67.487 0
210139 19.0 10.0 67.487 0
210210 19.0 10.0 67.487 0
210240 19.0 10.0 67.487 0
210311 19.0 10.0 67.487 0
210341 19.0 10.0 67.487 0
210412 19.0 10.0 67.487 0
210442 19.0 10.0 67.487 0
210512 19.0 10.0 67.425 0
210543 19.0 10.0 67.425 0
210613 19.0 10.0 67.425 0
210643 19.0 10.0 67.425 0
210714 19.0 10.0 67.425 0
210744 19.0 10.0 67.425 0
210814 19.0 10.0 67.362 0
210845 19.0 10.0 67.362 0
210915 19.0 10.0 67.362 0
210946 19.0 10.0 67.362 0
211016 19.0 10.0 67.3 0
211046 19.0 10.0 67.3 0
211116 19.0 10.0 67.3 0
211147 19.0 10.0 67.3 0
211217 19.0 10.0 67.3 0
211247 19.0 10.0 67.3 0
211318 19.0 10.0 67.237 0
211348 19.0 10.0 67.237 0
211418 19.0 10.0 67.237 0
211449 19.0 10.0 67.237 0
211519 19.0 10.0 67.237 0
211553 19.0 10.0 67.237 0
211623 19.0 10.0 67.175 0
211653 19.0 10.0 67.175 0
211723 19.0 10.0 67.175 0
211754 19.0 10.0 67.175 0
211825 19.0 10.0 67.112 0
211855 19.0 10.0 67.112 0
211926 19.0 10.0 67.112 0
211956 19.0 10.0 67.112 0
212026 19.0 10.0 67.112 0
212057 19.0 10.0 67.05 0
212127 19.0 10.0 67.05 0
212158 19.0 10.0 67.05 0
212228 19.0 10.0 67.05 0
212259 19.0 10.0 66.987 0
212330 19.0 10.0 66.987 0
212400 19.0 10.0 66.987 0
212431 19.0 10.0 66.987 0
212501 19.0 10.0 66.925 0
212531 19.0 10.0 66.925 0
212602 19.0 10.0 66.925 0
212632 19.0 10.0 66.925 0
212703 19.0 10.0 66.925 0
212733 19.0 10.0 66.862 0
212804 19.0 10.0 66.862 0
212834 19.0 10.0 66.862 0
212905 19.0 10.0 66.8 0
212936 19.0 10.0 66.8 0
213006 19.0 10.0 66.8 0
213037 19.0 10.0 66.737 0
213107 19.0 10.0 66.737 0
213137 19.0 10.0 66.737 0
213208 19.0 10.0 66.737 0
213239 19.0 10.0 66.737 0
213309 19.0 10.0 66.862 0
213339 19.0 10.0 66.925 0
213410 19.0 10.0 66.987 0
213441 19.0 10.0 67.05 0
213511 19.0 10.0 67.05 0
213542 19.0 10.0 67.05 0
213612 19.0 10.0 67.112 0
213643 19.0 10.0 67.112 0
213713 19.0 10.0 67.112 0
213743 19.0 10.0 67.112 0
213814 19.0 10.0 67.112 0
213844 19.0 10.0 67.05 0
213915 19.0 10.0 67.05 0
213945 19.0 10.0 67.05 0
214016 19.0 10.0 67.05 0
214047 19.0 10.0 67.05 0
214117 19.0 10.0 67.05 0
214148 19.0 10.0 67.05 0
214219 19.0 10.0 66.987 0
214249 19.0 10.0 66.987 0
214320 19.0 10.0 66.987 0
214350 19.0 10.0 66.987 0
214421 19.0 10.0 66.987 0
214452 19.0 10.0 66.987 0
214522 19.0 10.0 66.925 0
214553 19.0 10.0 66.925 0
214623 19.0 10.0 66.925 0
214654 19.0 10.0 66.925 0
214724 19.0 10.0 66.862 0
214755 19.0 10.0 66.862 0
214828 19.0 10.0 66.862 0
214859 19.0 10.0 66.862 0
214930 19.0 10.0 66.8 0
215000 19.0 10.0 66.8 0
215031 19.0 10.0 66.8 0
215101 19.0 10.0 66.8 0
215132 19.0 10.0 66.737 0
215203 19.0 10.0 66.737 0
215234 19.0 10.0 66.675 0
215304 19.0 10.0 66.675 0
215335 19.0 10.0 66.612 0
215405 19.0 10.0 66.612 0
215436 19.0 10.0 66.55 0
215506 19.0 10.0 66.55 0
215537 19.0 10.0 66.55 0
215608 19.0 10.0 66.487 0
215638 19.0 10.0 66.487 0
215709 19.0 10.0 66.487 0
215739 19.0 10.0 66.425 0
215810 19.0 10.0 66.425 0
215841 19.0 10.0 66.425 0
215911 19.0 10.0 66.362 0
215941 19.0 10.0 66.362 0
220011 19.0 10.0 66.362 0
220042 19.0 10.0 66.3 0
220112 19.0 10.0 66.3 0
220143 19.0 10.0 66.3 0
220213 19.0 10.0 66.237 0
220243 19.0 10.0 66.237 0
220314 19.0 10.0 66.175 0
220344 19.0 10.0 66.175 0
220415 19.0 10.0 66.175 0
220445 19.0 10.0 66.175 0
220515 19.0 10.0 66.112 0
220546 19.0 10.0 66.112 0
220616 19.0 10.0 66.05 0
220647 19.0 10.0 66.05 0
220717 19.0 10.0 66.05 0
220748 19.0 10.0 65.987 0
220818 19.0 10.0 65.987 0
220849 19.0 10.0 65.925 0
220919 19.0 10.0 65.925 0
220950 19.0 10.0 65.925 0
221021 19.0 10.0 65.862 0
221051 19.0 10.0 65.8 0
221122 19.0 10.0 65.8 0
221152 19.0 10.0 65.737 0
221223 19.0 10.0 65.675 0
221253 19.0 10.0 65.612 0
221324 19.0 10.0 65.612 0
221354 19.0 10.0 65.55 0
221424 19.0 10.0 65.55 0
221454 19.0 10.0 65.487 0
221525 19.0 10.0 65.487 0
221555 19.0 10.0 65.425 0
221625 19.0 10.0 65.425 0
221656 19.0 10.0 65.362 0
221727 19.0 10.0 65.362 0
221757 19.0 10.0 65.3 0
221831 19.0 10.0 65.3 0
221902 19.0 10.0 65.237 0
221932 19.0 10.0 65.237 0
222003 19.0 10.0 65.175 0
222034 19.0 10.0 65.175 0
222104 19.0 10.0 65.112 0
222135 19.0 10.0 65.112 0
222205 19.0 10.0 65.05 0
222236 19.0 10.0 65.05 0
222307 19.0 10.0 64.987 0
222337 19.0 10.0 64.987 0
222408 19.0 10.0 64.925 0
222438 19.0 10.0 64.862 0
222508 19.0 10.0 64.862 0
222538 19.0 10.0 64.8 0
222609 19.0 10.0 64.8 0
222639 19.0 10.0 64.737 0
222710 19.0 10.0 64.737 0
222740 19.0 10.0 64.675 0
222811 19.0 10.0 64.675 0
222842 19.0 10.0 64.612 0
222912 19.0 10.0 64.612 0
222942 19.0 10.0 64.55 0
223013 19.0 10.0 64.55 0
223044 19.0 10.0 64.425 0
223114 19.0 10.0 64.362 0
223144 19.0 10.0 64.237 0
223215 19.0 10.0 64.175 0
223245 19.0 10.0 64.112 0
223316 19.0 10.0 63.987 0
223346 19.0 10.0 63.987 0
223417 19.0 10.0 63.925 0
223448 19.0 10.0 63.925 0
223518 19.0 10.0 63.862 0
223549 19.0 10.0 63.862 0
223619 19.0 10.0 63.862 0
223650 19.0 10.0 63.8 0
223721 19.0 10.0 63.8 0
223752 19.0 10.0 63.737 0
223822 19.0 10.0 63.737 0
223852 19.0 10.0 63.737 0
223923 19.0 10.0 63.675 0
223953 19.0 10.0 63.675 0
224024 19.0 10.0 63.612 0
224055 19.0 10.0 63.612 0
224125 19.0 10.0 63.55 0
224156 19.0 10.0 63.55 0
224226 19.0 10.0 63.487 0
224257 19.0 10.0 63.487 0
224327 19.0 10.0 63.487 0
224357 19.0 10.0 63.425 0
224428 19.0 10.0 63.425 0
224458 19.0 10.0 63.362 0
224529 19.0 10.0 63.362 0
224559 19.0 10.0 63.3 0
224630 19.0 10.0 63.3 0
224700 19.0 10.0 63.237 0
224730 19.0 10.0 63.237 0
224801 19.0 10.0 63.175 0
224835 19.0 10.0 63.175 0
224905 19.0 10.0 63.112 0
224936 19.0 10.0 63.112 0
225006 19.0 10.0 63.05 0
225037 19.0 10.0 62.925 0
225107 19.0 10.0 62.8 0
225138 19.0 10.0 62.675 0
225209 19.0 10.0 62.55 0
225239 19.0 10.0 62.487 0
225310 19.0 10.0 62.425 0
225340 19.0 10.0 62.362 0
225411 19.0 10.0 62.3 0
225441 19.0 10.0 62.237 0
225512 19.0 10.0 62.175 0
225542 19.0 10.0 62.175 0
225612 19.0 10.0 62.112 0
225643 19.0 10.0 62.05 0
225714 19.0 10.0 62.05 0
225744 19.0 10.0 61.987 0
225815 19.0 10.0 61.925 0
225845 19.0 10.0 61.925 0
225916 19.0 10.0 61.862 0
225947 19.0 10.0 61.8 0
230017 19.0 10.0 61.8 0
230048 19.0 10.0 61.737 0
230118 19.0 10.0 61.675 0
230149 19.0 10.0 61.675 0
230219 19.0 10.0 61.612 0
230250 19.0 10.0 61.612 0
230321 19.0 10.0 61.55 0
230351 19.0 10.0 61.487 0
230422 19.0 10.0 61.487 0
230452 19.0 10.0 61.425 0
230522 19.0 10.0 61.425 0
230553 19.0 10.0 61.362 0
230623 19.0 10.0 61.3 0
230654 19.0 10.0 61.3 0
230725 19.0 10.0 61.237 0
230755 19.0 10.0 61.175 0
230826 19.0 10.0 61.112 0
230856 19.0 10.0 61.05 0
230927 19.0 10.0 60.925 0
230957 19.0 10.0 60.675 0
231028 19.0 10.0 60.425 0
231059 19.0 10.0 60.175 0
231129 19.0 10.0 59.925 0
231159 19.0 10.0 59.8 0
231230 19.0 10.0 59.675 0
231301 19.0 10.0 59.612 0
231331 19.0 10.0 59.55 0
231402 19.0 10.0 59.487 0
231432 19.0 10.0 59.425 0
231502 19.0 10.0 59.362 0
231533 19.0 10.0 59.3 0
231604 19.0 10.0 59.3 0
231634 19.0 10.0 59.237 0
231705 19.0 10.0 59.175 0
231735 19.0 10.0 59.175 0
231806 19.0 10.0 59.112 0
231840 19.0 10.0 59.05 0
231910 19.0 10.0 59.05 0
231941 19.0 10.0 58.987 0
232012 19.0 10.0 58.925 0
232042 19.0 10.0 58.925 0
232112 19.0 10.0 58.862 0
232143 19.0 10.0 58.8 0
232214 19.0 10.0 58.8 0
232244 19.0 10.0 58.737 0
232315 19.0 10.0 58.675 0
232345 19.0 10.0 58.675 0
232416 19.0 10.0 58.612 0
232447 19.0 10.0 58.55 0
232517 19.0 10.0 58.55 0
232547 19.0 10.0 58.487 0
232618 19.0 10.0 58.425 0
232648 19.0 10.0 58.362 0
232719 19.0 10.0 58.237 0
232749 19.0 10.0 57.987 0
232820 19.0 10.0 57.675 0
232850 19.0 10.0 57.362 0
232920 19.0 10.0 57.05 0
232951 19.0 10.0 56.737 0
233021 19.0 10.0 56.55 0
233051 19.0 10.0 56.425 0
233122 19.0 10.0 56.362 0
233152 19.0 10.0 56.3 0
233222 19.0 10.0 56.237 0
233253 19.0 10.0 56.237 0
233324 19.0 10.0 56.3 0
233354 19.0 10.0 56.362 0
233424 19.0 10.0 56.425 0
233455 19.0 10.0 56.675 0
233525 19.0 10.0 57.175 0
233556 19.0 10.0 57.8 0
233626 19.0 10.0 58.612 0
233657 19.0 10.0 59.425 0
233727 19.0 10.0 60.425 0
233758 19.0 10.0 61.55 0
233828 19.0 10.0 62.55 0
233858 19.0 10.0 63.425 0
233928 19.0 10.0 64.175 0
233959 19.0 10.0 64.737 0
234030 19.0 10.0 65.237 0
234100 19.0 10.0 65.612 0
234131 19.0 10.0 65.862 0
234201 19.0 10.0 66.112 0
234231 19.0 10.0 66.362 0
234302 19.0 10.0 66.55 0
234333 19.0 10.0 66.675 0
234403 19.0 10.0 66.8 0
234434 19.0 10.0 66.925 0
234504 19.0 10.0 66.987 0
234535 19.0 10.0 67.05 0
234606 19.0 10.0 67.175 0
234636 19.0 10.0 67.175 0
234706 19.0 10.0 67.237 0
234737 19.0 10.0 67.3 0
234807 19.0 10.0 67.3 0
234838 19.0 10.0 67.3 0
234909 19.0 10.0 67.362 0
234939 19.0 10.0 67.362 0
235009 19.0 10.0 67.362 0
235040 19.0 10.0 67.425 0
235113 19.0 10.0 67.425 0
235143 19.0 10.0 67.425 0
235214 19.0 10.0 67.425 0
235244 19.0 10.0 67.425 0
235315 19.0 10.0 67.425 0
235345 19.0 10.0 67.487 0
235415 19.0 10.0 67.487 0
235446 19.0 10.0 67.487 0
235516 19.0 10.0 67.487 0
235547 19.0 10.0 67.487 0
235617 19.0 10.0 67.487 0
235647 19.0 10.0 67.487 0
235718 19.0 10.0 67.487 0
235748 19.0 10.0 67.487 0
235818 19.0 10.0 67.487 0
235849 19.0 10.0 67.487 0
