235910 19.187 10.0 60.675 0
235940 19.187 10.0 60.612 0
000011 19.187 10.0 60.612 0
000041 19.187 10.0 60.55 0
000112 19.187 10.0 60.55 0
000142 19.187 10.0 60.487 0
000212 19.187 10.0 60.487 0
000243 19.187 10.0 60.425 0
000313 19.125 10.0 60.362 0
000343 19.125 10.0 60.362 0
000414 19.125 10.0 60.3 0
000444 19.125 10.0 60.175 0
000515 19.125 10.0 59.987 0
000545 19.125 10.0 59.925 0
000616 19.125 10.0 59.8 0
000646 19.125 10.0 59.737 0
000716 19.125 10.0 59.675 0
000746 19.125 10.0 59.612 0
000817 19.062 10.0 59.55 0
000847 19.062 10.0 59.487 0
000917 19.062 10.0 59.487 0
000947 19.062 10.0 59.425 0
001018 19.062 10.0 59.362 0
001048 19.062 10.0 59.362 0
001118 19.062 10.0 59.3 0
001149 19.062 10.0 59.3 0
001219 19.062 10.0 59.237 0
001249 19.062 10.0 59.175 0
001319 19.0 10.0 59.175 0
001350 19.0 10.0 59.112 0
001420 19.0 10.0 59.112 0
001450 19.0 10.0 59.05 0
001521 19.0 10.0 58.987 0
001551 18.937 10.0 58.987 0
001621 18.937 10.0 58.925 0
001651 18.937 10.0 58.925 0
001722 18.937 10.0 58.862 0
001752 18.937 10.0 58.862 0
001822 18.937 10.0 58.8 0
001852 18.937 10.0 58.8 0
001923 18.937 10.0 58.737 0
001953 18.937 10.0 58.737 0
002025 18.875 10.0 58.675 0
002056 18.875 10.0 58.675 0
002126 18.875 10.0 58.612 0
002157 18.875 10.0 58.612 0
002227 18.875 10.0 58.55 0
002258 18.812 10.0 58.55 0
002328 18.812 10.0 58.487 0
002358 18.812 10.0 58.487 0
002428 18.812 10.0 58.425 0
002458 18.812 10.0 58.425 0
002528 18.75 10.0 58.362 0
002558 18.75 10.0 58.3 0
002629 18.75 10.0 58.237 0
002659 18.75 10.0 58.237 0
002729 18.75 10.0 58.175 0
002800 18.687 10.0 58.112 0
002830 18.687 10.0 58.112 0
002900 18.687 10.0 58.05 0
002931 18.687 10.0 58.05 0
003002 18.687 10.0 57.987 0
003032 18.562 10.0 57.987 0
003102 18.562 10.0 57.987 0
003133 18.562 10.0 57.925 0
003203 18.562 10.0 57.925 0
003234 18.562 10.0 57.925 0
003304 18.5 10.0 57.862 0
003335 18.5 10.0 57.862 0
003406 18.5 10.0 57.862 0
003436 18.5 10.0 57.8 0
003507 18.5 10.0 57.8 0
003537 18.437 10.0 57.8 0
003608 18.437 10.0 57.737 0
003639 18.437 10.0 57.737 0
003709 18.437 10.0 57.737 0
003739 18.437 10.0 57.737 0
003810 18.437 10.0 57.675 0
003840 18.437 10.0 57.675 0
003911 18.437 10.0 57.675 0
003941 18.437 10.0 57.675 0
004012 18.437 10.0 57.612 0
004042 18.375 10.0 57.612 0
004112 18.375 10.0 57.55 0
004143 18.375 10.0 57.55 0
004214 18.375 10.0 57.55 0
004244 18.375 10.0 57.55 0
004314 18.312 10.0 57.487 0
004344 18.312 10.0 57.487 0
004414 18.312 10.0 57.487 0
004445 18.312 10.0 57.425 0
004515 18.312 10.0 57.425 0
004545 18.25 10.0 57.425 0
004615 18.25 10.0 57.362 0
004645 18.25 10.0 57.362 0
004715 18.25 10.0 57.3 0
004746 18.25 10.0 57.3 0
004816 18.25 10.0 57.3 0
004846 18.25 10.0 57.237 0
004916 18.25 10.0 57.237 0
004947 18.25 10.0 57.175 0
005017 18.25 10.0 57.175 0
005048 18.187 10.0 57.175 0
005118 18.187 10.0 57.112 0
005149 18.187 10.0 57.112 0
005220 18.187 10.0 57.112 0
005250 18.187 10.0 57.05 0
005320 18.125 10.0 57.05 0
005351 18.125 10.0 57.05 0
005421 18.125 10.0 57.05 0
005452 18.125 10.0 57.175 0
005522 18.125 10.0 57.237 0
005552 18.125 10.0 57.3 0
005622 18.125 10.0 57.362 0
005652 18.125 10.0 57.362 0
005722 18.125 10.0 57.362 0
005753 18.125 10.0 57.425 0
005824 18.062 10.0 57.425 0
005854 18.062 10.0 57.425 0
005925 18.062 10.0 57.425 0
005955 18.062 10.0 57.425 0
010026 18.062 10.0 57.425 0
010056 18.062 10.0 57.362 0
010127 18.062 10.0 57.362 0
010157 18.062 10.0 57.362 0
010227 18.062 10.0 57.362 0
010258 18.062 10.0 57.362 0
010328 18.0 10.0 57.3 0
010358 18.0 10.0 57.3 0
010428 18.0 10.0 57.3 0
010459 18.0 10.0 57.237 0
010531 18.0 10.0 57.237 0
010602 18.0 10.0 57.237 0
010632 18.0 10.0 57.175 0
010703 18.0 10.0 57.175 0
010733 18.0 10.0 57.175 0
010803 17.937 10.0 57.112 0
010833 17.937 10.0 57.112 0
010903 17.937 10.0 57.05 0
010934 17.937 10.0 57.05 0
011005 17.937 10.0 56.987 0
011035 17.937 10.0 56.987 0
011105 17.937 10.0 56.987 0
011136 17.937 10.0 56.987 0
011207 17.937 10.0 56.925 0
011237 17.937 10.0 56.925 0
011307 17.875 10.0 56.925 0
011337 17.875 10.0 56.862 0
011407 17.875 10.0 56.862 0
011438 17.875 10.0 56.862 0
011508 17.875 10.0 56.8 0
011539 17.875 10.0 56.8 0
011609 17.875 10.0 56.8 0
011639 17.875 10.0 56.737 0
011710 17.875 10.0 56.737 0
011740 17.875 10.0 56.737 0
011810 17.812 10.0 56.675 0
011840 17.812 10.0 56.675 0
011910 17.812 10.0 56.675 0
011941 17.812 10.0 56.675 0
012012 17.812 10.0 56.737 0
012042 17.812 10.0 56.925 0
012113 17.812 10.0 57.175 0
012143 17.812 10.0 57.487 0
012214 17.812 10.0 57.925 0
012244 17.812 10.0 58.425 0
012314 17.75 10.0 59.112 0
012345 17.75 10.0 60.05 0
012415 17.75 10.0 61.112 0
012446 17.75 10.0 62.05 0
012516 17.75 10.0 62.925 0
012546 17.75 10.0 63.55 0
012616 17.75 10.0 63.987 0
012646 17.75 10.0 64.362 0
012717 17.75 10.0 64.675 0
012747 17.75 10.0 64.8 0
012817 17.687 10.0 64.987 0
012848 17.687 10.0 65.05 0
012918 17.687 10.0 65.112 0
012949 17.687 10.0 65.175 0
013019 17.687 10.0 65.237 0
013049 17.687 10.0 65.3 0
013119 17.687 10.0 65.3 0
013149 17.687 10.0 65.362 0
013220 17.687 10.0 65.362 0
013250 17.687 10.0 65.425 0
013320 17.625 10.0 65.425 0
013350 17.625 10.0 65.425 0
013421 17.625 10.0 65.425 0
013451 17.625 10.0 65.487 0
013522 17.625 10.0 65.487 0
013552 17.625 10.0 65.487 0
013622 17.625 10.0 65.487 0
013652 17.625 10.0 65.487 0
013723 17.625 10.0 65.487 0
013753 17.625 10.0 65.487 0
013823 17.625 10.0 65.487 0
013853 17.625 10.0 65.487 0
013924 17.625 10.0 65.487 0
013955 17.625 10.0 65.487 0
014025 17.625 10.0 65.487 0
014055 17.625 10.0 65.487 0
014125 17.625 10.0 65.487 0
014155 17.625 10.0 65.487 0
014225 17.625 10.0 65.487 0
014256 17.625 10.0 65.487 0
014326 17.562 10.0 65.487 0
014356 17.562 10.0 65.487 0
014426 17.562 10.0 65.487 0
014456 17.562 10.0 65.487 0
014527 17.562 10.0 65.487 0
014557 17.5 10.0 65.487 0
014628 17.5 10.0 65.487 0
014658 17.5 10.0 65.487 0
014728 17.5 10.0 65.487 0
014759 17.5 10.0 65.487 0
014829 17.5 10.0 65.487 0
014900 17.5 10.0 65.487 0
014930 17.5 10.0 65.487 0
015000 17.5 10.0 65.487 0
015031 17.5 10.0 65.487 0
015101 17.5 10.0 65.487 0
015131 17.5 10.0 65.487 0
015201 17.5 10.0 65.487 0
015231 17.5 10.0 65.487 0
015301 17.5 10.0 65.425 0
015332 17.437 10.0 65.425 0
015402 17.437 10.0 65.425 0
015432 17.437 10.0 65.425 0
015502 17.437 10.0 65.425 0
015533 17.437 10.0 65.425 0
015603 17.437 10.0 65.425 0
015634 17.437 10.0 65.425 0
015704 17.437 10.0 65.362 0
015735 17.437 10.0 65.362 0
015805 17.437 10.0 65.362 0
015836 17.437 10.0 65.362 0
015906 17.437 10.0 65.362 0
015937 17.437 10.0 65.3 0
020007 17.437 10.0 65.3 0
020039 17.375 10.0 65.3 0
020109 17.375 10.0 65.3 0
020140 17.375 10.0 65.3 0
020211 17.375 10.0 65.3 0
020242 17.375 10.0 65.237 0
020312 17.375 10.0 65.237 0
020342 17.375 10.0 65.237 0
020412 17.375 10.0 65.237 0
020442 17.375 10.0 65.237 0
020512 17.375 10.0 65.175 0
020543 17.375 10.0 65.175 0
020613 17.375 10.0 65.175 0
020644 17.375 10.0 65.175 0
020714 17.375 10.0 65.112 0
020745 17.375 10.0 65.112 0
020815 17.375 10.0 65.112 0
020845 17.375 10.0 65.112 0
020915 17.375 10.0 65.112 0
020946 17.375 10.0 65.05 0
021017 17.375 10.0 65.05 0
021047 17.375 10.0 65.05 0
021118 17.375 10.0 64.987 0
021148 17.375 10.0 64.987 0
021219 17.375 10.0 64.987 0
021249 17.375 10.0 64.987 0
021319 17.312 10.0 64.925 0
021349 17.312 10.0 64.925 0
021420 17.312 10.0 64.925 0
021450 17.312 10.0 64.925 0
021520 17.312 10.0 64.862 0
021551 17.312 10.0 64.862 0
021621 17.312 10.0 64.862 0
021651 17.312 10.0 64.8 0
021721 17.312 10.0 64.8 0
021752 17.312 10.0 64.8 0
021822 17.25 10.0 64.8 0
021852 17.25 10.0 64.737 0
021922 17.25 10.0 64.737 0
021953 17.25 10.0 64.737 0
022023 17.25 10.0 64.675 0
022054 17.25 10.0 64.675 0
022124 17.25 10.0 64.675 0
022154 17.25 10.0 64.675 0
022224 17.25 10.0 64.612 0
022254 17.25 10.0 64.612 0
022324 17.25 10.0 64.612 0
022354 17.25 10.0 64.55 0
022425 17.25 10.0 64.55 0
022455 17.25 10.0 64.55 0
022526 17.25 10.0 64.487 0
022556 17.25 10.0 64.487 0
022627 17.25 10.0 64.55 0
022657 17.25 10.0 64.612 0
022727 17.25 10.0 64.675 0
022757 17.25 10.0 64.737 0
022827 17.25 10.0 64.8 0
022857 17.25 10.0 64.8 0
022927 17.25 10.0 64.862 0
022957 17.25 10.0 64.862 0
023028 17.25 10.0 64.8 0
023058 17.187 10.0 64.8 0
023128 17.187 10.0 64.8 0
023158 17.187 10.0 64.8 0
023228 17.187 10.0 64.8 0
023259 17.187 10.0 64.8 0
023329 17.187 10.0 64.737 0
023359 17.187 10.0 64.737 0
023429 17.187 10.0 64.675 0
023500 17.187 10.0 64.675 0
023530 17.187 10.0 64.675 0
023600 17.125 10.0 64.612 0
023631 17.125 10.0 64.612 0
023701 17.125 10.0 64.612 0
023731 17.125 10.0 64.55 0
023801 17.125 10.0 64.55 0
023831 17.125 10.0 64.55 0
023901 17.125 10.0 64.487 0
023932 17.125 10.0 64.487 0
024002 17.125 10.0 64.487 0
024033 17.125 10.0 64.425 0
024103 17.125 10.0 64.425 0
024133 17.125 10.0 64.425 0
024204 17.125 10.0 64.425 0
024234 17.125 10.0 64.362 0
024305 17.125 10.0 64.362 0
024335 17.125 10.0 64.362 0
024405 17.125 10.0 64.3 0
024436 17.125 10.0 64.3 0
024507 17.125 10.0 64.3 0
024537 17.125 10.0 64.3 0
024608 17.062 10.0 64.237 0
024638 17.062 10.0 64.237 0
024709 17.062 10.0 64.237 0
024739 17.062 10.0 64.175 0
024809 17.062 10.0 64.175 0
024840 17.062 10.0 64.175 0
024910 17.062 10.0 64.175 0
024940 17.062 10.0 64.112 0
025011 17.062 10.0 64.112 0
025041 17.062 10.0 64.112 0
025111 17.062 10.0 64.112 0
025142 17.062 10.0 64.05 0
025213 17.062 10.0 64.05 0
025243 17.062 10.0 64.05 0
025313 17.062 10.0 63.987 0
025344 17.062 10.0 63.987 0
025414 17.062 10.0 63.987 0
025444 17.062 10.0 63.925 0
025514 17.062 10.0 63.925 0
025546 17.062 10.0 63.925 0
025617 17.062 10.0 63.862 0
025647 17.062 10.0 63.862 0
025717 17.062 10.0 63.862 0
025748 17.062 10.0 63.8 0
025818 17.0 10.0 63.8 0
025848 17.0 10.0 63.737 0
025919 17.0 10.0 63.737 0
025949 17.0 10.0 63.675 0
030020 17.0 10.0 63.675 0
030050 17.0 10.0 63.675 0
030120 17.0 10.0 63.612 0
030150 17.0 10.0 63.612 0
030220 17.0 10.0 63.55 0
030250 17.0 10.0 63.55 0
030321 16.937 10.0 63.55 0
030351 16.937 10.0 63.487 0
030422 16.937 10.0 63.487 0
030452 16.937 10.0 63.487 0
030523 16.937 10.0 63.425 0
030553 17.0 10.0 63.425 0
030623 17.0 10.0 63.425 0
030653 17.0 10.0 63.362 0
030724 17.0 10.0 63.362 0
030755 17.0 10.0 63.3 0
030825 16.937 10.0 63.3 0
030855 16.937 10.0 63.237 0
030925 16.937 10.0 63.237 0
030955 16.937 10.0 63.237 0
031025 16.937 10.0 63.175 0
031056 16.937 10.0 63.175 0
031127 16.937 10.0 63.175 0
031157 16.937 10.0 63.112 0
031227 16.937 10.0 63.112 0
031257 16.937 10.0 63.05 0
031327 16.937 10.0 63.05 0
031357 16.937 10.0 62.987 0
031428 16.937 10.0 62.987 0
031458 16.937 10.0 62.987 0
031528 16.937 10.0 62.925 0
031559 16.937 10.0 62.925 0
031629 16.937 10.0 62.925 0
031659 16.937 10.0 62.862 0
031729 16.937 10.0 62.862 0
031759 16.937 10.0 62.8 0
031829 16.875 10.0 62.8 0
031900 16.875 10.0 62.737 0
031930 16.875 10.0 62.737 0
032000 16.875 10.0 62.675 0
032030 16.875 10.0 62.612 0
032100 16.875 10.0 62.55 0
032131 16.875 10.0 62.55 0
032201 16.875 10.0 62.487 0
032231 16.875 10.0 62.487 0
032302 16.875 10.0 62.425 0
032332 16.875 10.0 62.425 0
032402 16.875 10.0 62.362 0
032433 16.875 10.0 62.362 0
032503 16.875 10.0 62.362 0
032534 16.875 10.0 62.3 0
032604 16.875 10.0 62.3 0
032635 16.875 10.0 62.237 0
032706 16.875 10.0 62.237 0
032737 16.875 10.0 62.237 0
032808 16.875 10.0 62.175 0
032838 16.875 10.0 62.237 0
032909 16.875 10.0 62.3 0
032939 16.875 10.0 62.3 0
033009 16.875 10.0 62.3 0
033039 16.875 10.0 62.362 0
033109 16.812 10.0 62.362 0
033139 16.812 10.0 62.362 0
033210 16.812 10.0 62.362 0
033240 16.812 10.0 62.3 0
033310 16.812 10.0 62.3 0
033341 16.812 10.0 62.3 0
033411 16.812 10.0 62.3 0
033441 16.812 10.0 62.237 0
033512 16.812 10.0 62.237 0
033542 16.812 10.0 62.237 0
033612 16.812 10.0 62.237 0
033643 16.812 10.0 62.175 0
033713 16.812 10.0 62.175 0
033744 16.812 10.0 62.112 0
033814 16.812 10.0 62.112 0
033844 16.812 10.0 62.112 0
033914 16.812 10.0 62.05 0
033944 16.812 10.0 62.05 0
034015 16.812 10.0 62.05 0
034046 16.812 10.0 61.987 0
034116 16.75 10.0 61.987 0
034146 16.75 10.0 61.925 0
034217 16.75 10.0 61.862 0
034247 16.75 10.0 61.862 0
034317 16.75 10.0 61.8 0
034348 16.75 10.0 61.737 0
034418 16.75 10.0 61.737 0
034449 16.75 10.0 61.675 0
034519 16.75 10.0 61.675 0
034549 16.75 10.0 61.612 0
034620 16.75 10.0 61.612 0
034650 16.75 10.0 61.55 0
034720 16.75 10.0 61.55 0
034751 16.75 10.0 61.487 0
034821 16.75 10.0 61.487 0
034851 16.687 10.0 61.425 0
034922 16.687 10.0 61.425 0
034952 16.687 10.0 61.425 0
035022 16.687 10.0 61.362 0
035054 16.687 10.0 61.362 0
035124 16.687 10.0 61.3 0
035155 16.687 10.0 61.3 0
035225 16.687 10.0 61.3 0
035255 16.687 10.0 61.237 0
035326 16.687 10.0 61.175 0
035356 16.687 10.0 61.175 0
035427 16.687 10.0 61.175 0
035457 16.687 10.0 61.112 0
035527 16.687 10.0 61.112 0
035558 16.687 10.0 61.05 0
035628 16.687 10.0 61.05 0
035658 16.687 10.0 61.05 0
035728 16.687 10.0 60.987 0
035758 16.687 10.0 60.987 0
035828 16.687 10.0 60.925 0
035858 16.687 10.0 60.925 0
035929 16.687 10.0 60.862 0
035959 16.687 10.0 60.862 0
040030 16.687 10.0 60.862 0
040101 16.687 10.0 60.8 0
040131 16.687 10.0 60.8 0
040201 16.687 10.0 60.737 0
040231 16.687 10.0 60.675 0
040302 16.687 10.0 60.675 0
040332 16.687 10.0 60.55 0
040403 16.687 10.0 60.487 0
040433 16.687 10.0 60.487 0
040503 16.687 10.0 60.425 0
040534 16.687 10.0 60.362 0
040604 16.625 10.0 60.3 0
040634 16.625 10.0 60.3 0
040705 16.625 10.0 60.237 0
040735 16.625 10.0 60.237 0
040806 16.625 10.0 60.175 0
040836 16.625 10.0 60.112 0
040907 16.625 10.0 60.112 0
040937 16.625 10.0 60.05 0
041007 16.625 10.0 60.05 0
041038 16.625 10.0 59.987 0
041108 16.625 10.0 59.987 0
041139 16.625 10.0 59.925 0
041209 16.625 10.0 59.925 0
041240 16.625 10.0 59.862 0
041310 16.625 10.0 59.862 0
041341 16.625 10.0 59.8 0
041411 16.625 10.0 59.8 0
041442 16.625 10.0 59.737 0
041512 16.625 10.0 59.737 0
041542 16.625 10.0 59.675 0
041613 16.562 10.0 59.675 0
041643 16.562 10.0 59.612 0
041713 16.562 10.0 59.612 0
041743 16.562 10.0 59.55 0
041813 16.562 10.0 59.55 0
041843 16.562 10.0 59.487 0
041914 16.562 10.0 59.425 0
041944 16.562 10.0 59.425 0
042015 16.562 10.0 59.362 0
042045 16.562 10.0 59.362 0
042115 16.562 10.0 59.3 0
042145 16.562 10.0 59.237 0
042216 16.562 10.0 59.237 0
042246 16.562 10.0 59.175 0
042316 16.562 10.0 59.175 0
042346 16.562 10.0 59.112 0
042416 16.562 10.0 59.112 0
042447 16.562 10.0 58.987 0
042518 16.562 10.0 58.925 0
042549 16.562 10.0 58.8 0
042619 16.562 10.0 58.737 0
042649 16.562 10.0 58.675 0
042719 16.562 10.0 58.612 0
042750 16.562 10.0 58.55 0
042821 16.562 10.0 58.55 0
042851 16.562 10.0 58.487 0
042922 16.562 10.0 58.425 0
042952 16.562 10.0 58.425 0
043023 16.562 10.0 58.425 0
043053 16.562 10.0 58.425 0
043123 16.5 10.0 58.425 0
043154 16.5 10.0 58.425 0
043224 16.5 10.0 58.425 0
043254 16.5 10.0 58.425 0
043324 16.5 10.0 58.362 0
043354 16.5 10.0 58.362 0
043424 16.5 10.0 58.362 0
043455 16.5 10.0 58.362 0
043525 16.5 10.0 58.3 0
043555 16.5 10.0 58.3 0
043625 16.5 10.0 58.237 0
043655 16.5 10.0 58.237 0
043725 16.5 10.0 58.237 0
043756 16.5 10.0 58.175 0
043826 16.5 10.0 58.175 0
043856 16.5 10.0 58.175 0
043927 16.5 10.0 58.112 0
043957 16.5 10.0 58.112 0
044027 16.5 10.0 58.05 0
044057 16.5 10.0 58.05 0
044127 16.5 10.0 58.05 0
044157 16.5 10.0 57.987 0
044227 16.5 10.0 57.987 0
044257 16.5 10.0 57.925 0
044328 16.5 10.0 57.925 0
044358 16.437 10.0 57.862 0
044429 16.437 10.0 57.862 0
044459 16.437 10.0 57.8 0
044529 16.437 10.0 57.737 0
044559 16.437 10.0 57.675 0
044629 16.437 10.0 57.612 0
044659 16.437 10.0 57.487 0
044730 16.437 10.0 57.425 0
044800 16.437 10.0 57.362 0
044833 16.437 10.0 57.362 0
044904 16.437 10.0 57.3 0
044934 16.437 10.0 57.237 0
045004 16.437 10.0 57.237 0
045034 16.437 10.0 57.175 0
045104 16.437 10.0 57.175 0
045134 16.437 10.0 57.112 0
045205 16.437 10.0 57.112 0
045235 16.437 10.0 57.05 0
045305 16.437 10.0 57.05 0
045336 16.437 10.0 56.987 0
045406 16.437 10.0 56.925 0
045437 16.437 10.0 56.925 0
045508 16.437 10.0 56.862 0
045539 16.437 10.0 56.862 0
045609 16.437 10.0 56.8 0
045639 16.437 10.0 56.8 0
045709 16.437 10.0 56.737 0
045739 16.437 10.0 56.737 0
045809 16.437 10.0 56.737 0
045840 16.375 10.0 56.675 0
045910 16.375 10.0 56.737 0
045940 16.375 10.0 56.8 0
050010 16.375 10.0 57.05 0
050040 16.375 10.0 57.3 0
050110 16.375 10.0 57.612 0
050141 16.375 10.0 58.112 0
050212 16.375 10.0 58.612 0
050242 16.375 10.0 59.487 0
050312 16.375 10.0 60.487 0
050342 16.375 10.0 61.55 0
050413 16.375 10.0 62.487 0
050443 16.375 10.0 63.3 0
050514 16.375 10.0 63.987 0
050544 16.375 10.0 64.55 0
050614 16.375 10.0 64.925 0
050645 16.375 10.0 65.237 0
050715 16.375 10.0 65.425 0
050745 16.375 10.0 65.55 0
050816 16.375 10.0 65.612 0
050846 16.312 10.0 65.675 0
050917 16.312 10.0 65.737 0
050947 16.312 10.0 65.8 0
051017 16.312 10.0 65.862 0
051047 16.312 10.0 65.862 0
051117 16.375 10.0 65.925 0
051148 16.375 10.0 65.925 0
051219 16.375 10.0 65.925 0
051249 16.375 10.0 65.987 0
051320 16.375 10.0 65.987 0
051351 16.375 10.0 66.05 0
051421 16.375 10.0 66.05 0
051452 16.375 10.0 66.05 0
051522 16.375 10.0 66.05 0
051552 16.375 10.0 66.112 0
051622 16.312 10.0 66.112 0
051652 16.312 10.0 66.112 0
051723 16.312 10.0 66.175 0
051753 16.312 10.0 66.175 0
051824 16.312 10.0 66.175 0
051854 16.312 10.0 66.175 0
051924 16.312 10.0 66.237 0
051954 16.312 10.0 66.237 0
052025 16.312 10.0 66.237 0
052055 16.312 10.0 66.237 0
052125 16.312 10.0 66.237 0
052155 16.312 10.0 66.3 0
052226 16.312 10.0 66.237 0
052256 16.312 10.0 66.3 0
052327 16.312 10.0 66.3 0
052357 16.312 10.0 66.3 0
052427 16.312 10.0 66.3 0
052457 16.312 10.0 66.3 0
052527 16.312 10.0 66.3 0
052557 16.312 10.0 66.3 0
052628 16.312 10.0 66.3 0
052658 16.312 10.0 66.3 0
052729 16.312 10.0 66.3 0
052759 16.312 10.0 66.3 0
052829 16.312 10.0 66.3 0
052900 16.312 10.0 66.3 0
052930 16.312 10.0 66.362 0
053000 16.312 10.0 66.3 0
053031 16.312 10.0 66.362 0
053101 16.312 10.0 66.362 0
053132 16.25 10.0 66.362 0
053202 16.25 10.0 66.3 0
053232 16.25 10.0 66.362 0
053303 16.25 10.0 66.362 0
053333 16.25 10.0 66.362 0
053403 16.25 10.0 66.362 0
053434 16.25 10.0 66.3 0
053505 16.25 10.0 66.3 0
053535 16.25 10.0 66.3 0
053605 16.25 10.0 66.3 0
053636 16.25 10.0 66.3 0
053706 16.25 10.0 66.3 0
053737 16.25 10.0 66.3 0
053807 16.25 10.0 66.3 0
053840 16.25 10.0 66.237 0
053910 16.25 10.0 66.237 0
053940 16.25 10.0 66.175 0
054010 16.25 10.0 66.175 0
054041 16.25 10.0 66.175 0
054111 16.25 10.0 66.175 0
054141 16.25 10.0 66.175 0
054211 16.25 10.0 66.112 0
054241 16.25 10.0 66.112 0
054311 16.25 10.0 66.112 0
054342 16.187 10.0 66.112 0
054412 16.187 10.0 66.112 0
054443 16.187 10.0 66.05 0
054513 16.187 10.0 66.05 0
054543 16.187 10.0 66.112 0
054613 16.187 10.0 66.112 0
054643 16.187 10.0 66.112 0
054713 16.187 10.0 66.05 0
054744 16.187 10.0 66.05 0
054814 16.187 10.0 66.05 0
054845 16.187 10.0 66.05 0
054915 16.187 10.0 65.987 0
054945 16.187 10.0 65.987 0
055015 16.187 10.0 65.987 0
055045 16.187 10.0 65.987 0
055115 16.187 10.0 65.925 0
055145 16.187 10.0 65.925 0
055215 16.187 10.0 65.925 0
055246 16.187 10.0 65.925 0
055316 16.187 10.0 65.925 0
055346 16.125 10.0 65.862 0
055416 16.125 10.0 65.862 0
055446 16.125 10.0 65.862 0
055517 16.125 10.0 65.8 0
055547 16.125 10.0 65.8 0
055618 16.125 10.0 65.8 0
055649 16.125 10.0 65.8 0
055719 16.125 10.0 65.737 0
055750 16.125 10.0 65.737 0
055820 16.125 10.0 65.737 0
055850 16.125 10.0 65.737 0
055921 16.125 10.0 65.675 0
055952 16.125 10.0 65.675 0
060023 16.125 10.0 65.675 0
060054 16.125 10.0 65.675 0
060124 16.125 10.0 65.612 0
060155 16.125 10.0 65.612 0
060225 16.125 10.0 65.55 0
060255 16.125 10.0 65.55 0
060326 16.125 10.0 65.55 0
060356 16.125 10.0 65.55 0
060427 16.125 10.0 65.487 0
060457 16.125 10.0 65.487 0
060527 16.125 10.0 65.487 0
060557 16.125 10.0 65.55 0
060628 16.125 10.0 65.612 0
060658 16.125 10.0 65.737 0
060728 16.125 10.0 65.8 0
060759 16.125 10.0 65.862 0
060829 16.125 10.0 65.862 0
060900 16.125 10.0 65.862 0
060930 16.125 10.0 65.925 0
061001 16.125 10.0 65.925 0
061031 16.125 10.0 65.925 0
061101 16.125 10.0 65.925 0
061131 16.125 10.0 65.925 0
061202 16.125 10.0 65.862 0
061233 16.125 10.0 65.925 0
061303 16.125 10.0 65.862 0
061334 16.125 10.0 65.862 0
061404 16.062 10.0 65.862 0
061435 16.062 10.0 65.8 0
061505 16.062 10.0 65.8 0
061536 16.062 10.0 65.8 0
061606 16.062 10.0 65.8 0
061637 16.062 10.0 65.737 0
061707 16.062 10.0 65.737 0
061738 16.062 10.0 65.737 0
061808 16.062 10.0 65.675 0
061838 16.062 10.0 65.675 0
061908 16.062 10.0 65.675 0
061938 16.062 10.0 65.675 0
062009 16.062 10.0 65.612 0
062039 16.062 10.0 65.612 0
062109 16.062 10.0 65.612 0
062140 16.062 10.0 65.612 0
062210 16.062 10.0 65.55 0
062240 16.062 10.0 65.55 0
062311 16.062 10.0 65.55 0
062341 16.062 10.0 65.55 0
062411 16.062 10.0 65.487 0
062442 16.062 10.0 65.487 0
062512 16.062 10.0 65.487 0
062542 16.062 10.0 65.487 0
062612 16.062 10.0 65.425 0
062642 16.062 10.0 65.425 0
062713 16.062 10.0 65.425 0
062743 16.062 10.0 65.425 0
062813 16.062 10.0 65.362 0
062844 16.062 10.0 65.362 0
062914 16.062 10.0 65.362 0
062945 16.062 10.0 65.362 0
063016 16.062 10.0 65.3 0
063047 16.062 10.0 65.3 0
063119 16.0 10.0 65.3 0
063149 16.0 10.0 65.3 0
063219 16.0 10.0 65.237 0
063250 16.0 10.0 65.237 0
063320 16.0 10.0 65.237 0
063350 16.0 10.0 65.175 0
063420 16.0 10.0 65.175 0
063450 16.0 10.0 65.175 0
063521 16.0 10.0 65.175 0
063551 16.0 10.0 65.112 0
063622 16.0 10.0 65.112 0
063652 16.0 10.0 65.112 0
063722 16.0 10.0 65.05 0
063753 16.0 10.0 65.05 0
063823 16.0 10.0 65.05 0
063854 16.0 10.0 64.987 0
063924 16.0 10.0 64.987 0
063955 16.0 10.0 64.925 0
064025 16.0 10.0 64.925 0
064056 16.0 10.0 64.925 0
064126 16.0 10.0 64.862 0
064156 16.0 10.0 64.862 0
064227 16.0 10.0 64.8 0
064257 16.0 10.0 64.8 0
064328 16.0 10.0 64.737 0
064358 16.0 10.0 64.737 0
064428 16.0 10.0 64.737 0
064459 16.0 10.0 64.675 0
064529 16.0 10.0 64.675 0
064600 16.0 10.0 64.675 0
064630 16.0 10.0 64.612 0
064701 16.0 10.0 64.612 0
064732 16.0 10.0 64.612 0
064802 16.0 10.0 64.55 0
064832 16.0 10.0 64.55 0
064902 15.937 10.0 64.55 0
064933 15.937 10.0 64.487 0
065004 15.937 10.0 64.487 0
065034 15.937 10.0 64.425 0
065104 15.937 10.0 64.425 0
065134 15.937 10.0 64.425 0
065204 15.937 10.0 64.362 0
065235 15.937 10.0 64.362 0
065306 15.937 10.0 64.362 0
065336 15.937 10.0 64.3 0
065406 15.937 10.0 64.3 0
065437 15.937 10.0 64.237 0
065507 15.937 10.0 64.237 0
065537 15.937 10.0 64.175 0
065607 15.937 10.0 64.175 0
065637 15.937 10.0 64.175 0
065708 15.937 10.0 64.112 0
065738 15.937 10.0 64.112 0
065809 15.937 10.0 64.112 0
065839 15.937 10.0 64.05 0
065910 15.937 10.0 64.05 0
065940 15.937 10.0 63.987 0
070010 15.937 10.0 63.987 0
070041 15.937 10.0 63.987 0
070111 15.937 10.0 63.925 0
070141 15.875 10.0 63.862 0
070212 15.875 10.0 63.8 0
070242 15.875 10.0 63.8 0
070313 15.875 10.0 63.8 0
070343 15.875 10.0 63.737 0
070413 15.875 10.0 63.675 0
070444 15.875 10.0 63.675 0
070514 15.875 10.0 63.612 0
070545 15.875 10.0 63.612 0
070615 15.875 10.0 63.55 0
070645 15.875 10.0 63.55 0
070716 15.875 10.0 63.55 0
070746 15.875 10.0 63.612 0
070816 15.875 10.0 63.675 0
070847 15.875 10.0 63.737 0
070917 15.875 10.0 63.737 0
070947 15.875 10.0 63.737 0
071018 15.875 10.0 63.737 0
071048 15.875 10.0 63.737 0
071118 15.875 10.0 63.737 0
071148 15.875 10.0 63.737 0
071219 15.875 10.0 63.737 0
071249 15.875 10.0 63.737 0
071319 15.875 10.0 63.675 0
071350 15.875 10.0 63.675 0
071420 15.875 10.0 63.675 0
071451 15.875 10.0 63.675 0
071521 15.875 10.0 63.612 0
071551 15.875 10.0 63.612 0
071622 15.875 10.0 63.612 0
071652 15.875 10.0 63.55 0
071722 15.875 10.0 63.55 0
071752 15.875 10.0 63.55 0
071822 15.875 10.0 63.487 0
071853 15.875 10.0 63.487 0
071923 15.875 10.0 63.487 0
071954 15.875 10.0 63.425 0
072024 15.875 10.0 63.425 0
072055 15.875 10.0 63.425 0
072125 15.875 10.0 63.362 0
072155 15.812 10.0 63.362 0
072225 15.812 10.0 63.3 0
072256 15.812 10.0 63.3 0
072326 15.812 10.0 63.237 0
072356 15.812 10.0 63.237 0
072426 15.812 10.0 63.175 0
072456 15.812 10.0 63.175 0
072527 15.812 10.0 63.112 0
072557 15.812 10.0 63.112 0
072630 15.812 10.0 63.05 0
072700 15.812 10.0 63.05 0
072730 15.812 10.0 62.987 0
072801 15.812 10.0 62.987 0
072831 15.812 10.0 62.925 0
072901 15.812 10.0 62.925 0
072931 15.812 10.0 62.862 0
073001 15.812 10.0 62.862 0
073031 15.812 10.0 62.862 0
073101 15.812 10.0 62.8 0
073132 15.812 10.0 62.8 0
073202 15.812 10.0 62.737 0
073232 15.812 10.0 62.737 0
073302 15.812 10.0 62.675 0
073332 15.812 10.0 62.675 0
073403 15.75 10.0 62.675 0
073433 15.75 10.0 62.612 0
073503 15.75 10.0 62.612 0
073534 15.75 10.0 62.55 0
073604 15.75 10.0 62.55 0
073635 15.812 10.0 62.487 0
073705 15.812 10.0 62.487 0
073735 15.812 10.0 62.425 0
073805 15.812 10.0 62.425 0
073835 15.812 10.0 62.425 0
073905 15.812 10.0 62.362 0
073935 15.812 10.0 62.362 0
074006 15.812 10.0 62.3 0
074036 15.812 10.0 62.3 0
074107 15.812 10.0 62.237 0
074137 15.75 10.0 62.237 0
074207 15.75 10.0 62.237 0
074237 15.75 10.0 62.175 0
074307 15.75 10.0 62.175 0
074338 15.75 10.0 62.112 0
074408 15.75 10.0 62.112 0
074438 15.75 10.0 62.05 0
074509 15.75 10.0 62.05 0
074539 15.75 10.0 61.987 0
074610 15.75 10.0 61.987 0
074640 15.75 10.0 61.925 0
074711 15.75 10.0 61.862 0
074741 15.75 10.0 61.8 0
074812 15.75 10.0 61.737 0
074842 15.75 10.0 61.675 0
074912 15.75 10.0 61.675 0
074943 15.75 10.0 61.612 0
075013 15.75 10.0 61.55 0
075044 15.75 10.0 61.55 0
075114 15.75 10.0 61.487 0
075145 15.75 10.0 61.487 0
075215 15.75 10.0 61.425 0
075245 15.75 10.0 61.425 0
075316 15.75 10.0 61.362 0
075347 15.75 10.0 61.362 0
075417 15.687 10.0 61.3 0
075447 15.687 10.0 61.3 0
075518 15.687 10.0 61.237 0
075548 15.687 10.0 61.237 0
075618 15.687 10.0 61.175 0
075649 15.687 10.0 61.175 0
075719 15.687 10.0 61.112 0
075750 15.687 10.0 61.112 0
075820 15.687 10.0 61.05 0
075850 15.687 10.0 61.05 0
075920 15.687 10.0 60.987 0
075950 15.687 10.0 60.987 0
080020 15.687 10.0 60.925 0
080050 15.687 10.0 60.925 0
080121 15.687 10.0 60.862 0
080152 15.687 10.0 60.862 0
080222 15.687 10.0 60.8 0
080252 15.687 10.0 60.8 0
080323 15.687 10.0 60.737 0
080353 15.687 10.0 60.737 0
080424 15.687 10.0 60.675 0
080454 15.687 10.0 60.675 0
080524 15.687 10.0 60.612 0
080554 15.687 10.0 60.612 0
080624 15.687 10.0 60.55 0
080655 15.687 10.0 60.55 0
080725 15.687 10.0 60.487 0
080755 15.687 10.0 60.425 0
080826 15.687 10.0 60.425 0
080856 15.687 10.0 60.362 0
080926 15.687 10.0 60.3 0
080956 15.687 10.0 60.3 0
081026 15.687 10.0 60.3 0
081056 15.687 10.0 60.237 0
081127 15.687 10.0 60.237 0
081157 15.687 10.0 60.237 0
081227 15.687 10.0 60.175 0
081257 15.687 10.0 60.175 0
081327 15.687 10.0 60.112 0
081357 15.687 10.0 60.112 0
081428 15.687 10.0 60.05 0
081458 15.687 10.0 60.05 0
081528 15.687 10.0 59.987 0
081558 15.687 10.0 59.987 0
081629 15.687 10.0 59.925 0
081659 15.625 10.0 59.925 0
081730 15.625 10.0 59.925 0
081800 15.625 10.0 59.862 0
081831 15.625 10.0 59.862 0
081901 15.625 10.0 59.8 0
081932 15.687 10.0 59.8 0
082002 15.687 10.0 59.737 0
082032 15.687 10.0 59.737 0
082103 15.687 10.0 59.675 0
082133 15.687 10.0 59.675 0
082203 15.625 10.0 59.612 0
082234 15.625 10.0 59.612 0
082304 15.625 10.0 59.612 0
082335 15.625 10.0 59.55 0
082405 15.625 10.0 59.55 0
082435 15.625 10.0 59.487 0
082505 15.625 10.0 59.487 0
082535 15.625 10.0 59.425 0
082605 15.625 10.0 59.425 0
082636 15.625 10.0 59.362 0
082706 15.625 10.0 59.362 0
082736 15.625 10.0 59.3 0
082807 15.625 10.0 59.3 0
082837 15.625 10.0 59.3 0
082910 15.625 10.0 59.237 0
082940 15.625 10.0 59.175 0
083010 15.625 10.0 59.112 0
083041 15.625 10.0 59.05 0
083111 15.625 10.0 58.925 0
083141 15.625 10.0 58.862 0
083211 15.625 10.0 58.8 0
083241 15.625 10.0 58.8 0
083311 15.625 10.0 58.737 0
083341 15.625 10.0 58.675 0
083412 15.562 10.0 58.612 0
083442 15.562 10.0 58.612 0
083512 15.562 10.0 58.55 0
083543 15.562 10.0 58.55 0
083613 15.562 10.0 58.487 0
083643 15.562 10.0 58.487 0
083713 15.562 10.0 58.425 0
083744 15.562 10.0 58.362 0
083815 15.562 10.0 58.362 0
083845 15.562 10.0 58.3 0
083916 15.562 10.0 58.3 0
083946 15.562 10.0 58.237 0
084016 15.562 10.0 58.237 0
084047 15.562 10.0 58.175 0
084117 15.562 10.0 58.175 0
084147 15.562 10.0 58.112 0
084217 15.562 10.0 58.112 0
084248 15.562 10.0 58.112 0
084318 15.562 10.0 58.05 0
084349 15.562 10.0 57.987 0
084419 15.562 10.0 57.987 0
084450 15.562 10.0 57.925 0
084520 15.562 10.0 57.925 0
084551 15.562 10.0 57.862 0
084621 15.562 10.0 57.862 0
084652 15.562 10.0 57.8 0
084722 15.562 10.0 57.8 0
084752 15.562 10.0 57.737 0
084823 15.562 10.0 57.737 0
084853 15.562 10.0 57.675 0
084923 15.5 10.0 57.612 0
084953 15.5 10.0 57.612 0
085023 15.5 10.0 57.55 0
085053 15.5 10.0 57.487 0
085124 15.5 10.0 57.425 0
085154 15.562 10.0 57.3 0
085224 15.562 10.0 57.175 0
085255 15.562 10.0 57.05 0
085325 15.562 10.0 56.987 0
085356 15.562 10.0 56.925 0
085426 15.5 10.0 56.925 0
085456 15.5 10.0 56.862 0
085527 15.5 10.0 56.8 0
085557 15.5 10.0 56.8 0
085628 15.5 10.0 56.737 0
085658 15.5 10.0 56.737 0
085728 15.5 10.0 56.675 0
085758 15.5 10.0 56.737 0
085829 15.5 10.0 56.737 0
085859 15.5 10.0 56.925 0
085929 15.5 10.0 57.175 0
085959 15.5 10.0 57.487 0
090030 15.5 10.0 57.862 0
090101 15.5 10.0 58.362 0
090131 15.5 10.0 58.987 0
090202 15.5 10.0 59.675 0
090232 15.5 10.0 60.612 0
090303 15.5 10.0 61.675 0
090333 15.5 10.0 62.55 0
090403 15.5 10.0 63.237 0
090433 15.5 10.0 63.737 0
090503 15.5 10.0 64.237 0
090533 15.5 10.0 64.612 0
090603 15.5 10.0 64.862 0
090634 15.5 10.0 65.05 0
090705 15.5 10.0 65.175 0
090736 15.5 10.0 65.3 0
090807 15.5 10.0 65.425 0
090837 15.5 10.0 65.487 0
090907 15.5 10.0 65.55 0
090937 15.437 10.0 65.675 0
091007 15.437 10.0 65.737 0
091037 15.437 10.0 65.8 0
091107 15.437 10.0 65.862 0
091138 15.437 10.0 65.862 0
091208 15.5 10.0 65.925 0
091239 15.5 10.0 65.987 0
091309 15.5 10.0 65.987 0
091339 15.5 10.0 65.987 0
091410 15.5 10.0 66.05 0
091440 15.437 10.0 66.05 0
091511 15.437 10.0 66.05 0
091541 15.437 10.0 66.05 0
091612 15.437 10.0 66.05 0
091642 15.437 10.0 66.112 0
091712 15.437 10.0 66.112 0
091742 15.437 10.0 66.112 0
091813 15.437 10.0 66.112 0
091843 15.437 10.0 66.112 0
091914 15.437 10.0 66.112 0
091945 15.437 10.0 66.112 0
092016 15.437 10.0 66.112 0
092046 15.437 10.0 66.112 0
092116 15.437 10.0 66.112 0
092147 15.437 10.0 66.112 0
092217 15.437 10.0 66.175 0
092248 15.437 10.0 66.112 0
092318 15.437 10.0 66.175 0
092348 15.437 10.0 66.175 0
092420 15.437 10.0 66.175 0
092451 15.437 10.0 66.175 0
092521 15.437 10.0 66.175 0
092552 15.437 10.0 66.175 0
092622 15.437 10.0 66.175 0
092652 15.375 10.0 66.112 0
092723 15.375 10.0 66.175 0
092753 15.375 10.0 66.112 0
092823 15.375 10.0 66.112 0
092853 15.375 10.0 66.112 0
092924 15.437 10.0 66.112 0
092954 15.437 10.0 66.112 0
093024 15.437 10.0 66.112 0
093054 15.437 10.0 66.112 0
093125 15.437 10.0 66.112 0
093155 15.437 10.0 66.112 0
093225 15.437 10.0 66.112 0
093255 15.437 10.0 66.112 0
093325 15.437 10.0 66.05 0
093356 15.437 10.0 66.05 0
093426 15.437 10.0 66.05 0
093457 15.437 10.0 66.05 0
093527 15.437 10.0 66.05 0
093558 15.437 10.0 66.05 0
093628 15.437 10.0 66.05 0
093658 15.375 10.0 66.05 0
093729 15.375 10.0 65.987 0
093759 15.375 10.0 65.987 0
093829 15.375 10.0 65.987 0
093900 15.375 10.0 65.987 0
093930 15.375 10.0 65.987 0
094000 15.375 10.0 65.987 0
094031 15.375 10.0 65.987 0
094102 15.375 10.0 65.987 0
094133 15.375 10.0 65.925 0
094203 15.375 10.0 65.925 0
094233 15.375 10.0 65.925 0
094303 15.375 10.0 65.925 0
094333 15.375 10.0 65.925 0
094403 15.375 10.0 65.925 0
094434 15.375 10.0 65.862 0
094504 15.375 10.0 65.862 0
094534 15.375 10.0 65.862 0
094605 15.375 10.0 65.862 0
094635 15.375 10.0 65.8 0
094705 15.375 10.0 65.8 0
094735 15.375 10.0 65.8 0
094806 15.375 10.0 65.8 0
094836 15.375 10.0 65.8 0
094906 15.375 10.0 65.737 0
094937 15.375 10.0 65.737 0
095007 15.375 10.0 65.737 0
095038 15.375 10.0 65.737 0
095108 15.375 10.0 65.737 0
095139 15.375 10.0 65.737 0
095209 15.375 10.0 65.675 0
095239 15.375 10.0 65.675 0
095309 15.375 10.0 65.675 0
095340 15.375 10.0 65.675 0
095410 15.375 10.0 65.612 0
095441 15.375 10.0 65.612 0
095511 15.375 10.0 65.612 0
095542 15.375 10.0 65.612 0
095612 15.375 10.0 65.55 0
095643 15.375 10.0 65.55 0
095713 15.375 10.0 65.55 0
095744 15.375 10.0 65.55 0
095815 15.375 10.0 65.487 0
095846 15.375 10.0 65.487 0
095916 15.375 10.0 65.487 0
095946 15.375 10.0 65.425 0
100016 15.375 10.0 65.425 0
100046 15.375 10.0 65.425 0
100117 15.375 10.0 65.362 0
100148 15.375 10.0 65.362 0
100218 15.312 10.0 65.362 0
100249 15.312 10.0 65.362 0
100319 15.312 10.0 65.3 0
100349 15.312 10.0 65.3 0
100419 15.312 10.0 65.3 0
100449 15.312 10.0 65.3 0
100519 15.312 10.0 65.362 0
100550 15.312 10.0 65.425 0
100620 15.312 10.0 65.487 0
100651 15.312 10.0 65.55 0
100721 15.375 10.0 65.55 0
100751 15.375 10.0 65.612 0
100821 15.375 10.0 65.612 0
100852 15.375 10.0 65.612 0
100922 15.375 10.0 65.612 0
100952 15.375 10.0 65.612 0
101023 15.375 10.0 65.55 0
101053 15.375 10.0 65.55 0
101123 15.375 10.0 65.55 0
101154 15.375 10.0 65.55 0
101224 15.375 10.0 65.55 0
101254 15.375 10.0 65.487 0
101324 15.375 10.0 65.487 0
101354 15.375 10.0 65.487 0
101425 15.375 10.0 65.487 0
101455 15.375 10.0 65.425 0
101525 15.375 10.0 65.425 0
101555 15.375 10.0 65.425 0
101625 15.375 10.0 65.425 0
101656 15.375 10.0 65.425 0
101726 15.375 10.0 65.425 0
101756 15.375 10.0 65.425 0
101826 15.375 10.0 65.362 0
101857 15.375 10.0 65.362 0
101929 15.375 10.0 65.362 0
101959 15.375 10.0 65.362 0
102029 15.375 10.0 65.3 0
102100 15.375 10.0 65.3 0
102130 15.375 10.0 65.3 0
102201 15.375 10.0 65.3 0
102231 15.375 10.0 65.237 0
102302 15.375 10.0 65.237 0
102332 15.375 10.0 65.175 0
102403 15.375 10.0 65.175 0
102433 15.375 10.0 65.175 0
102503 15.375 10.0 65.175 0
102533 15.375 10.0 65.112 0
102603 15.375 10.0 65.112 0
102634 15.375 10.0 65.112 0
102704 15.375 10.0 65.05 0
102734 15.375 10.0 65.05 0
102804 15.375 10.0 65.05 0
102835 15.375 10.0 65.05 0
102905 15.375 10.0 64.987 0
102935 15.375 10.0 64.987 0
103006 15.375 10.0 64.987 0
103036 15.375 10.0 64.925 0
103106 15.375 10.0 64.925 0
103137 15.375 10.0 64.925 0
103207 15.375 10.0 64.862 0
103238 15.375 10.0 64.862 0
103308 15.375 10.0 64.862 0
103339 15.375 10.0 64.8 0
103409 15.375 10.0 64.8 0
103439 15.437 10.0 64.8 0
103510 15.437 10.0 64.737 0
103540 15.437 10.0 64.737 0
103610 15.437 10.0 64.737 0
103641 15.437 10.0 64.737 0
103711 15.437 10.0 64.675 0
103741 15.437 10.0 64.675 0
103812 15.437 10.0 64.675 0
103842 15.437 10.0 64.612 0
103912 15.437 10.0 64.612 0
103942 15.375 10.0 64.612 0
104012 15.375 10.0 64.55 0
104042 15.375 10.0 64.55 0
104112 15.375 10.0 64.55 0
104142 15.375 10.0 64.487 0
104213 15.375 10.0 64.487 0
104243 15.375 10.0 64.487 0
104314 15.375 10.0 64.425 0
104344 15.375 10.0 64.425 0
104414 15.375 20.0 64.362 0
104445 15.437 20.0 64.362 50
104515 15.437 20.0 64.3 50
104545 15.437 20.0 64.237 50
104615 15.437 20.0 64.112 50
104646 15.437 20.0 63.925 50
104717 15.5 20.0 63.675 50
104747 15.5 20.0 63.3 50
104817 15.5 20.0 62.862 50
104848 15.5 20.0 62.362 50
104918 15.5 20.0 61.675 50
104949 15.687 20.0 60.862 50
105019 15.687 20.0 59.987 0
105049 15.687 20.0 59.112 0
105119 15.687 20.0 58.487 0
105150 15.687 20.0 58.05 0
105220 15.875 20.0 57.737 0
105250 15.875 20.0 57.55 0
105320 15.875 20.0 57.425 0
105351 15.875 20.0 57.3 0
105421 15.875 20.0 57.237 0
105451 16.062 20.0 57.175 0
105521 16.062 20.0 57.112 0
105551 16.062 20.0 56.987 0
105621 16.062 20.0 56.987 0
105652 16.062 20.0 56.925 0
105722 16.125 20.0 56.925 0
105752 16.125 20.0 56.925 0
105822 16.125 20.0 56.925 0
105852 16.125 20.0 56.987 0
105923 16.125 20.0 57.112 0
105953 16.187 20.0 57.237 0
110024 16.187 20.0 57.362 0
110054 16.187 20.0 57.55 0
110124 16.187 20.0 57.737 0
110154 16.187 20.0 57.987 0
110225 16.25 20.0 58.237 0
110255 16.25 20.0 58.425 0
110325 16.25 20.0 58.612 0
110356 16.25 20.0 58.737 0
110426 16.25 20.0 58.862 0
110456 16.25 20.0 59.112 0
110526 16.25 20.0 59.362 0
110556 16.25 20.0 59.8 0
110626 16.25 20.0 60.425 50
110657 16.25 20.0 61.05 50
110727 16.375 20.0 61.55 50
110758 16.375 20.0 62.05 50
110829 16.375 20.0 62.362 50
110859 16.375 20.0 62.55 50
110930 16.375 20.0 62.737 50
111000 16.437 20.0 62.862 50
111030 16.437 20.0 62.925 50
111100 16.437 20.0 62.987 50
111131 16.437 20.0 63.05 50
111202 16.437 20.0 63.05 50
111232 16.5 20.0 63.05 50
111302 16.5 20.0 62.987 50
111333 16.5 20.0 62.925 50
111403 16.5 20.0 62.862 50
111433 16.5 20.0 62.737 50
111503 16.625 20.0 62.612 50
111534 16.625 20.0 62.362 50
111605 16.625 20.0 61.925 50
111636 16.625 20.0 61.237 50
111706 16.625 20.0 60.175 50
111736 16.812 20.0 58.8 0
111806 16.812 20.0 57.8 0
111837 16.812 20.0 57.175 0
111907 16.812 20.0 56.737 0
111939 17.0 20.0 56.425 0
112010 17.0 20.0 56.237 0
112040 17.0 20.0 55.987 0
112110 17.0 20.0 55.362 0
112140 17.0 20.0 54.362 0
112210 17.125 20.0 53.362 0
112241 17.125 20.0 52.737 0
112311 17.125 20.0 52.362 0
112341 17.125 20.0 52.362 0
112412 17.125 20.0 52.8 0
112443 17.187 20.0 53.487 0
112513 17.187 20.0 54.3 0
112543 17.187 20.0 55.237 0
112613 17.187 20.0 56.175 0
112644 17.187 20.0 57.237 0
112714 17.187 20.0 58.3 0
112745 17.187 20.0 59.425 0
112815 17.187 20.0 60.55 50
112846 17.187 20.0 61.612 50
112916 17.187 20.0 62.737 50
112946 17.187 20.0 63.55 50
113017 17.187 20.0 64.112 50
113047 17.187 20.0 64.487 50
113117 17.187 20.0 64.737 50
113147 17.187 20.0 64.925 50
113217 17.25 20.0 65.05 50
113247 17.25 20.0 65.175 50
113317 17.25 20.0 65.237 50
113348 17.25 20.0 65.3 50
113418 17.25 20.0 65.362 50
113449 17.312 20.0 65.425 50
113519 17.312 20.0 65.425 50
113549 17.312 20.0 65.425 50
113620 17.312 20.0 65.362 50
113651 17.312 20.0 65.3 50
113721 17.437 20.0 65.237 50
113752 17.437 20.0 65.175 50
113822 17.437 20.0 64.987 50
113853 17.437 20.0 64.675 50
113923 17.437 20.0 64.112 50
113953 17.625 20.0 63.05 50
114023 17.625 20.0 61.237 50
114054 17.625 20.0 58.8 0
114124 17.625 20.0 56.55 0
114154 17.625 20.0 54.862 0
114224 17.75 20.0 53.8 0
114255 17.75 20.0 53.175 0
114326 17.75 20.0 52.737 0
114356 17.75 20.0 52.612 0
114427 17.75 20.0 52.55 0
114457 17.812 20.0 52.737 0
114527 17.812 20.0 53.05 0
114557 17.812 20.0 53.55 0
114627 17.812 20.0 54.237 50
114657 17.812 20.0 55.112 50
114727 17.875 20.0 56.112 50
114758 17.875 20.0 57.112 50
114828 17.875 20.0 58.175 50
114859 17.875 20.0 59.175 50
114929 17.875 20.0 60.112 50
114959 17.937 20.0 60.987 50
115030 17.937 20.0 61.737 50
115100 17.937 20.0 62.425 50
115131 17.937 20.0 62.925 50
115201 17.937 20.0 63.3 50
115232 17.937 20.0 63.55 50
115302 17.937 20.0 63.8 50
115332 17.937 20.0 63.925 50
115402 17.937 20.0 64.05 50
115433 17.937 20.0 64.175 50
115503 18.0 20.0 64.175 50
115533 18.0 20.0 64.237 50
115603 18.0 20.0 64.237 50
115634 18.0 20.0 64.175 50
115704 18.0 20.0 64.175 50
115734 18.062 20.0 64.05 50
115804 18.062 20.0 63.987 50
115834 18.062 20.0 63.862 50
115905 18.062 20.0 63.675 50
115936 18.062 20.0 63.362 50
120006 18.187 20.0 62.737 50
120036 18.187 20.0 61.8 50
120106 18.187 20.0 60.425 50
120137 18.187 20.0 58.862 50
120207 18.187 20.0 57.487 50
120237 18.25 20.0 56.3 50
120308 18.25 20.0 55.362 50
120338 18.25 20.0 54.55 50
120409 18.25 20.0 53.987 0
120439 18.25 20.0 53.612 0
120509 18.25 20.0 53.425 0
120540 18.25 20.0 53.487 0
120610 18.25 20.0 53.8 0
120640 18.25 20.0 54.425 50
120710 18.25 20.0 55.3 50
120740 18.312 20.0 56.237 50
120811 18.312 20.0 57.3 50
120841 18.312 20.0 58.3 50
120912 18.312 20.0 59.3 50
120942 18.312 20.0 60.175 50
121013 18.25 20.0 61.05 50
121044 18.25 20.0 61.925 50
121114 18.25 20.0 62.612 50
121144 18.25 20.0 63.175 50
121214 18.25 20.0 63.487 50
121244 18.25 20.0 63.8 50
121315 18.25 20.0 63.987 50
121345 18.25 20.0 64.112 50
121415 18.25 20.0 64.237 50
121448 18.25 20.0 64.3 50
121519 18.25 20.0 64.362 50
121549 18.25 20.0 64.362 50
121619 18.25 20.0 64.362 50
121649 18.25 20.0 64.362 50
121719 18.25 20.0 64.3 50
121749 18.25 20.0 64.237 50
121820 18.25 20.0 64.175 50
121850 18.25 20.0 64.05 50
121920 18.25 20.0 63.925 50
121950 18.25 20.0 63.675 50
122020 18.25 20.0 63.237 50
122050 18.25 20.0 62.612 50
122121 18.25 20.0 61.737 50
122151 18.25 20.0 60.487 50
122221 18.312 20.0 59.112 50
122251 18.312 20.0 57.737 50
122321 18.312 20.0 56.612 50
122351 18.312 20.0 55.675 50
122421 18.312 20.0 54.987 50
122451 18.375 20.0 54.487 50
122522 18.375 20.0 54.112 50
122552 18.375 20.0 53.925 0
122623 18.375 20.0 53.925 0
122653 18.375 20.0 54.112 50
122723 18.375 20.0 54.487 50
122753 18.375 20.0 55.237 50
122823 18.375 20.0 56.175 50
122854 18.375 20.0 57.175 50
122924 18.375 20.0 58.237 50
122954 18.375 20.0 59.112 50
123025 18.375 20.0 60.112 50
123055 18.375 20.0 61.05 50
123125 18.375 20.0 61.737 50
123155 18.375 20.0 62.425 50
123225 18.312 20.0 62.987 50
123255 18.312 20.0 63.362 50
123326 18.312 20.0 63.675 50
123357 18.312 20.0 63.862 50
123427 18.312 20.0 64.05 50
123457 18.312 20.0 64.175 50
123527 18.312 20.0 64.237 50
123558 18.312 20.0 64.237 50
123628 18.312 20.0 64.3 50
123658 18.312 20.0 64.3 50
123728 18.375 20.0 64.237 50
123758 18.375 20.0 64.237 50
123828 18.375 20.0 64.175 50
123859 18.375 20.0 64.112 50
123930 18.375 20.0 63.987 50
124000 18.375 20.0 63.862 50
124031 18.375 20.0 63.612 50
124101 18.375 20.0 63.237 50
124131 18.375 20.0 62.675 50
124201 18.375 20.0 61.987 50
124231 18.437 20.0 60.925 50
124302 18.437 20.0 59.55 50
124332 18.437 20.0 58.05 50
124403 18.437 20.0 56.8 50
124433 18.437 20.0 55.8 50
124503 18.5 20.0 54.987 50
124534 18.5 20.0 54.425 50
124604 18.5 20.0 53.987 50
124634 18.5 20.0 53.8 0
124704 18.5 20.0 53.8 0
124734 18.5 20.0 53.987 0
124805 18.5 20.0 54.3 50
124835 18.5 20.0 54.987 50
124906 18.5 20.0 55.987 50
124936 18.5 20.0 57.05 50
125007 18.562 20.0 58.05 50
125037 18.562 20.0 58.987 50
125107 18.562 20.0 59.8 50
125138 18.562 20.0 60.737 50
125208 18.562 20.0 61.612 50
125238 18.562 20.0 62.362 50
125308 18.562 20.0 62.987 50
125338 18.562 20.0 63.425 50
125408 18.562 20.0 63.675 50
125438 18.562 20.0 63.862 50
125509 18.562 20.0 64.05 50
125539 18.562 20.0 64.175 50
125609 18.562 20.0 64.237 50
125639 18.562 20.0 64.237 50
125709 18.562 20.0 64.3 50
125739 18.562 20.0 64.3 50
125810 18.562 20.0 64.3 50
125840 18.562 20.0 64.237 50
125911 18.562 20.0 64.175 50
125942 18.562 20.0 64.112 50
130012 18.562 20.0 64.05 50
130042 18.562 20.0 63.862 50
130112 18.562 20.0 63.675 50
130143 18.562 20.0 63.362 50
130213 18.562 20.0 62.862 50
130243 18.562 20.0 62.237 50
130313 18.562 20.0 61.362 50
130343 18.562 20.0 60.3 50
130413 18.562 20.0 59.05 50
130444 18.562 20.0 57.675 50
130514 18.625 20.0 56.425 50
130544 18.625 20.0 55.362 50
130615 18.625 20.0 54.612 50
130645 18.625 20.0 54.05 50
130716 18.625 20.0 53.675 0
130746 18.625 20.0 53.55 0
130816 18.625 20.0 53.612 0
130846 18.625 20.0 53.862 0
130917 18.625 20.0 54.487 50
130947 18.625 20.0 55.425 50
131017 18.625 20.0 56.487 50
131047 18.625 20.0 57.487 50
131118 18.625 20.0 58.425 50
131148 18.625 20.0 59.425 50
131218 18.625 20.0 60.3 50
131249 18.625 20.0 61.112 50
131319 18.625 20.0 61.987 50
131350 18.625 20.0 62.55 50
131420 18.625 20.0 62.987 50
131450 18.625 20.0 63.3 50
131521 18.562 20.0 63.487 50
131551 18.562 20.0 63.675 50
131621 18.562 20.0 63.737 50
131652 18.562 20.0 63.862 50
131722 18.562 20.0 63.925 50
131752 18.625 20.0 63.925 50
131822 18.625 20.0 63.925 50
131852 18.625 20.0 63.925 50
131922 18.625 20.0 63.925 50
131953 18.625 20.0 63.862 50
132023 18.625 20.0 63.8 50
132053 18.625 20.0 63.737 50
132124 18.625 20.0 63.675 50
132154 18.625 20.0 63.55 50
132224 18.625 20.0 63.362 50
132254 18.75 20.0 63.05 50
132324 18.75 20.0 62.55 50
132354 18.75 20.0 61.8 50
132424 18.75 20.0 60.675 50
132455 18.75 20.0 59.175 50
132525 18.812 20.0 57.487 50
132556 18.812 20.0 55.987 50
132626 18.812 20.0 54.8 50
132656 18.812 20.0 53.987 0
132728 18.937 20.0 53.3 0
132759 18.937 20.0 52.925 0
132829 18.937 20.0 52.925 0
132859 18.937 20.0 53.112 0
132929 18.937 20.0 53.612 0
133000 19.0 20.0 54.425 50
133031 19.0 20.0 55.3 50
133101 19.0 20.0 56.425 50
133132 19.0 20.0 57.55 50
133202 19.0 20.0 58.675 50
133233 19.062 20.0 59.612 50
133303 19.062 20.0 60.612 50
133333 19.062 20.0 61.55 50
133404 19.062 20.0 62.3 50
133434 19.062 20.0 62.862 50
133504 19.125 20.0 63.3 50
133535 19.125 20.0 63.55 50
133605 19.125 20.0 63.737 50
133635 19.125 20.0 63.862 50
133705 19.125 20.0 63.987 50
133735 19.187 20.0 64.05 50
133805 19.187 20.0 64.112 50
133836 19.187 20.0 64.175 50
133906 19.187 20.0 64.175 50
133936 19.187 20.0 64.175 50
134006 19.187 20.0 64.175 50
134037 19.187 20.0 64.112 50
134107 19.187 20.0 64.05 50
134137 19.187 20.0 64.05 50
134208 19.187 20.0 63.987 50
134239 19.25 20.0 63.862 50
134309 19.25 20.0 63.612 50
134339 19.25 20.0 63.237 50
134409 19.25 20.0 62.612 50
134439 19.25 20.0 61.737 50
134509 19.25 20.0 60.675 50
134540 19.25 20.0 59.425 50
134610 19.25 20.0 58.05 50
134640 19.25 20.0 56.737 50
134710 19.25 20.0 55.55 50
134740 19.312 20.0 54.612 50
134810 19.312 20.0 53.925 0
134840 19.312 20.0 53.487 0
134911 19.312 20.0 53.3 0
134942 19.312 20.0 53.362 0
135012 19.312 20.0 53.55 0
135043 19.312 20.0 53.987 0
135113 19.312 20.0 54.862 50
135143 19.312 20.0 55.737 50
135213 19.312 20.0 56.737 50
135243 19.312 20.0 57.737 50
135314 19.312 20.0 58.862 50
135344 19.312 20.0 59.8 50
135414 19.312 20.0 60.737 50
135445 19.312 20.0 61.675 50
135515 19.25 20.0 62.425 50
135546 19.25 20.0 62.987 50
135616 19.25 20.0 63.362 50
135646 19.25 20.0 63.737 50
135717 19.25 20.0 63.925 50
135747 19.312 20.0 64.112 50
135817 19.312 20.0 64.237 50
135848 19.312 20.0 64.362 50
135918 19.312 20.0 64.362 50
135948 19.312 20.0 64.425 50
140019 19.375 20.0 64.425 50
140049 19.375 20.0 64.425 50
140120 19.375 20.0 64.425 50
140150 19.375 20.0 64.362 50
140221 19.375 20.0 64.3 50
140251 19.437 20.0 64.175 50
140321 19.437 20.0 64.112 50
140351 19.437 20.0 63.925 50
140422 19.437 20.0 63.612 50
140452 19.437 20.0 63.237 50
140523 19.562 20.0 62.612 50
140553 19.562 20.0 61.675 50
140623 19.562 20.0 60.362 50
140653 19.562 20.0 58.862 50
140724 19.562 20.0 57.425 50
140754 19.562 20.0 56.3 50
140825 19.562 20.0 55.362 50
140856 19.562 20.0 54.675 50
140926 19.562 20.0 54.175 50
140956 19.562 20.0 53.8 0
141027 19.625 20.0 53.737 0
141058 19.625 20.0 53.8 0
141129 19.625 20.0 53.987 0
141159 19.625 20.0 54.55 50
141230 19.625 20.0 55.362 50
141300 19.5 20.0 56.487 50
141330 19.5 20.0 57.487 50
141400 19.5 20.0 58.425 50
141431 19.5 20.0 59.362 50
141501 19.5 20.0 60.3 50
141531 19.375 20.0 61.237 50
141601 19.375 20.0 61.987 50
141631 19.375 20.0 62.612 50
141701 19.375 20.0 63.05 50
141732 19.375 20.0 63.425 50
141802 19.375 20.0 63.675 50
141832 19.375 20.0 63.862 50
141902 19.375 20.0 63.987 50
141932 19.375 20.0 64.112 50
142002 19.375 20.0 64.175 50
142032 19.25 20.0 64.237 50
142103 19.25 20.0 64.237 50
142133 19.25 20.0 64.237 50
142204 19.25 20.0 64.237 50
142236 19.125 20.0 64.175 50
142307 19.125 20.0 64.175 50
142337 19.125 20.0 64.112 50
142408 19.125 20.0 63.987 50
142438 19.125 20.0 63.925 50
142508 19.125 20.0 63.737 50
142538 19.125 20.0 63.425 50
142608 19.125 20.0 62.987 50
142638 19.125 20.0 62.362 50
142708 19.125 20.0 61.55 50
142739 19.062 20.0 60.425 50
142809 19.062 20.0 59.112 50
142840 19.062 20.0 57.675 50
142910 19.062 20.0 56.362 50
142941 19.062 20.0 55.362 50
143011 19.062 20.0 54.55 50
143041 19.062 20.0 53.987 0
143112 19.062 20.0 53.675 0
143142 19.062 20.0 53.55 0
143212 19.062 20.0 53.612 0
143242 19.0 20.0 53.8 0
143312 19.0 20.0 54.237 50
143342 19.0 20.0 54.987 50
143413 19.0 20.0 56.05 50
143443 19.0 20.0 57.112 50
143513 18.937 20.0 58.05 50
143544 18.937 20.0 59.112 50
143614 18.937 20.0 60.112 50
143644 18.937 20.0 60.987 50
143714 18.937 20.0 61.8 50
143744 18.875 20.0 62.487 50
143814 18.875 20.0 63.05 50
143845 18.875 20.0 63.425 50
143915 18.875 20.0 63.675 50
143946 18.875 20.0 63.862 50
144016 18.812 20.0 63.987 50
144046 18.812 20.0 64.112 50
144116 18.812 20.0 64.175 50
144146 18.812 20.0 64.237 50
144216 18.812 20.0 64.237 50
144247 18.75 20.0 64.237 50
144317 18.75 20.0 64.237 50
144348 18.75 20.0 64.175 50
144418 18.75 20.0 64.112 50
144449 18.75 20.0 64.05 50
144519 18.687 20.0 63.987 50
144549 18.687 20.0 63.862 50
144620 18.687 20.0 63.612 50
144650 18.687 20.0 63.237 50
144721 18.687 20.0 62.675 50
144751 18.75 20.0 61.862 50
144821 18.75 20.0 60.8 50
144852 18.75 20.0 59.425 50
144922 18.75 20.0 57.925 50
144952 18.75 20.0 56.55 50
145022 18.75 20.0 55.487 50
145052 18.75 20.0 54.675 50
145123 18.75 20.0 54.05 50
145153 18.75 20.0 53.675 0
145223 18.75 20.0 53.487 0
145253 18.812 20.0 53.55 0
145323 18.812 20.0 53.862 0
145353 18.812 20.0 54.362 50
145423 18.812 20.0 55.112 50
145453 18.812 20.0 56.05 50
145524 18.812 20.0 57.05 50
145555 18.812 20.0 58.05 50
145625 18.812 20.0 59.05 50
145656 18.812 20.0 59.925 50
145726 18.812 20.0 60.925 50
145756 18.75 20.0 61.737 50
145827 18.75 20.0 62.362 50
145857 18.75 20.0 62.987 50
145927 18.75 20.0 63.425 50
145958 18.75 20.0 63.737 50
150028 18.687 20.0 63.925 50
150058 18.687 20.0 64.112 50
150128 18.687 20.0 64.237 50
150158 18.687 20.0 64.3 50
150229 18.687 20.0 64.362 50
150259 18.687 20.0 64.362 50
150329 18.687 20.0 64.425 50
150400 18.687 20.0 64.425 50
150430 18.687 20.0 64.362 50
150500 18.687 20.0 64.3 50
150531 18.75 20.0 64.237 50
150601 18.75 20.0 64.175 50
150632 18.75 20.0 64.05 50
150702 18.75 20.0 63.862 50
150733 18.75 20.0 63.55 50
150803 18.687 20.0 63.112 50
150833 18.687 20.0 62.487 50
150903 18.687 20.0 61.612 50
150933 18.687 20.0 60.612 50
151003 18.687 20.0 59.362 50
151034 18.75 20.0 57.987 50
151104 18.75 20.0 56.737 50
151135 18.75 20.0 55.675 50
151205 18.75 20.0 54.862 50
151236 18.75 20.0 54.3 50
151306 18.687 20.0 53.925 0
151337 18.687 20.0 53.737 0
151407 18.687 20.0 53.737 0
151437 18.687 20.0 53.925 0
151507 18.687 20.0 54.237 50
151537 18.687 20.0 54.8 50
151607 18.687 20.0 55.675 50
151638 18.687 20.0 56.8 50
151708 18.687 20.0 57.8 50
151739 18.687 20.0 58.737 50
151809 18.687 20.0 59.675 50
151839 18.687 20.0 60.612 50
151909 18.687 20.0 61.487 50
151940 18.687 20.0 62.237 50
152010 18.687 20.0 62.8 50
152040 18.625 20.0 63.237 50
152110 18.625 20.0 63.55 50
152141 18.625 20.0 63.8 50
152212 18.625 20.0 63.987 50
152242 18.625 20.0 64.112 50
152312 18.625 20.0 64.175 50
152342 18.625 20.0 64.237 50
152412 18.625 20.0 64.3 50
152442 18.625 20.0 64.3 50
152512 18.625 20.0 64.3 50
152542 18.625 20.0 64.3 50
152613 18.625 20.0 64.237 50
152643 18.625 20.0 64.175 50
152713 18.625 20.0 64.112 50
152744 18.625 20.0 63.987 50
152814 18.687 20.0 63.8 50
152844 18.687 20.0 63.55 50
152915 18.687 20.0 63.112 50
152945 18.687 20.0 62.487 50
153018 18.687 20.0 61.612 50
153048 18.687 20.0 60.55 50
153119 18.687 20.0 59.237 50
153149 18.687 20.0 57.862 50
153219 18.687 20.0 56.55 50
153250 18.687 20.0 55.487 50
153320 18.687 20.0 54.737 50
153351 18.687 20.0 54.175 50
153421 18.687 20.0 53.8 0
153451 18.687 20.0 53.612 0
153521 18.687 20.0 53.675 0
153552 18.687 20.0 53.925 0
153622 18.687 20.0 54.425 50
153653 18.687 20.0 55.237 50
153723 18.687 20.0 56.175 50
153753 18.625 20.0 57.05 50
153823 18.625 20.0 58.05 50
153853 18.625 20.0 58.987 50
153923 18.625 20.0 59.862 50
153954 18.625 20.0 60.8 50
154024 18.687 20.0 61.675 50
154054 18.687 20.0 62.362 50
154125 18.687 20.0 62.987 50
154155 18.687 20.0 63.362 50
154226 18.687 20.0 63.675 50
154256 18.625 20.0 63.862 50
154326 18.625 20.0 64.05 50
154357 18.625 20.0 64.175 50
154427 18.625 20.0 64.237 50
154458 18.625 20.0 64.237 50
154528 18.562 20.0 64.237 50
154558 18.562 20.0 64.175 50
154628 18.562 20.0 64.237 50
154659 18.562 20.0 64.237 50
154729 18.562 20.0 64.175 50
154759 18.625 20.0 64.05 50
154829 18.625 20.0 63.925 50
154900 18.625 20.0 63.8 50
154930 18.625 20.0 63.487 50
155000 18.625 20.0 63.05 50
155030 18.625 20.0 62.362 50
155100 18.625 20.0 61.3 50
155130 18.625 20.0 59.862 50
155200 18.625 20.0 58.425 50
155231 18.625 20.0 57.112 50
155301 18.625 20.0 55.987 50
155331 18.625 20.0 55.175 50
155401 18.625 20.0 54.55 50
155431 18.625 20.0 54.112 50
155501 18.625 20.0 53.925 0
155531 18.75 20.0 53.8 0
155602 18.75 20.0 53.987 0
155632 18.75 20.0 54.362 50
155702 18.75 20.0 55.05 50
155732 18.75 20.0 55.862 50
155802 18.687 20.0 56.862 50
155832 18.687 20.0 57.8 50
155902 18.687 20.0 58.675 50
155933 18.687 20.0 59.675 50
160003 18.687 20.0 60.55 50
160033 18.687 20.0 61.425 50
160103 18.687 20.0 62.175 50
160133 18.687 20.0 62.737 50
160203 18.687 20.0 63.175 50
160233 18.687 20.0 63.487 50
160304 18.687 20.0 63.675 50
160334 18.687 20.0 63.862 50
160404 18.687 20.0 63.987 50
160434 18.687 20.0 64.05 50
160504 18.687 20.0 64.112 50
160535 18.625 20.0 64.175 50
160605 18.625 20.0 64.175 50
160636 18.625 20.0 64.112 50
160706 18.625 20.0 64.112 50
160736 18.625 20.0 64.05 50
160806 18.625 20.0 63.987 50
160836 18.625 20.0 63.862 50
160907 18.625 20.0 63.737 50
160937 18.625 20.0 63.487 50
161007 18.625 20.0 63.175 50
161037 18.625 20.0 62.612 50
161107 18.625 20.0 61.862 50
161137 18.625 20.0 60.987 50
161208 18.625 20.0 59.925 50
161238 18.625 20.0 58.55 50
161309 18.687 20.0 57.3 50
161339 18.687 20.0 56.175 50
161409 18.687 20.0 55.362 50
161440 18.687 20.0 54.737 50
161510 18.687 20.0 54.3 50
161541 18.75 20.0 53.987 50
161611 18.75 20.0 53.862 0
161642 18.75 20.0 53.925 0
161712 18.75 20.0 54.237 50
161742 18.75 20.0 54.612 50
161812 18.75 20.0 55.237 50
161842 18.75 20.0 56.237 50
161912 18.75 20.0 57.237 50
161943 18.75 20.0 58.3 50
162013 18.75 20.0 59.3 50
162044 18.687 20.0 60.237 50
162114 18.687 20.0 61.112 50
162144 18.687 20.0 61.925 50
162214 18.687 20.0 62.612 50
162245 18.687 20.0 63.05 50
162315 18.625 20.0 63.425 50
162345 18.625 20.0 63.675 50
162415 18.625 20.0 63.925 50
162445 18.625 20.0 64.05 50
162516 18.625 20.0 64.112 50
162546 18.625 20.0 64.175 50
162616 18.625 20.0 64.237 50
162647 18.625 20.0 64.237 50
162717 18.625 20.0 64.237 50
162748 18.625 20.0 64.237 50
162819 18.625 20.0 64.175 50
162849 18.625 20.0 64.112 50
162919 18.625 20.0 63.987 50
162949 18.625 20.0 63.925 50
163020 18.625 20.0 63.737 50
163050 18.562 20.0 63.425 50
163121 18.562 20.0 62.925 50
163151 18.562 20.0 62.112 50
163222 18.562 20.0 60.862 50
163252 18.562 20.0 59.425 50
163322 18.625 20.0 58.112 50
163352 18.625 20.0 56.987 50
163422 18.625 20.0 56.05 50
163453 18.625 20.0 55.3 50
163525 18.625 20.0 54.675 50
163556 18.625 20.0 54.237 50
163627 18.625 20.0 54.05 50
163657 18.625 20.0 53.987 0
163727 18.625 20.0 54.175 50
163757 18.625 20.0 54.612 50
163827 18.625 20.0 55.362 50
163858 18.625 20.0 56.175 50
163928 18.625 20.0 57.112 50
163959 18.625 20.0 57.987 50
164029 18.687 20.0 58.862 50
164059 18.687 20.0 59.737 50
164129 18.687 20.0 60.612 50
164200 18.687 20.0 61.487 50
164230 18.687 20.0 62.237 50
164300 18.625 20.0 62.862 50
164330 18.625 20.0 63.3 50
164400 18.625 20.0 63.55 50
164430 18.625 20.0 63.8 50
164501 18.625 20.0 63.925 50
164531 18.625 20.0 64.112 50
164601 18.625 20.0 64.175 50
164632 18.625 20.0 64.175 50
164702 18.625 20.0 64.237 50
164733 18.625 20.0 64.237 50
164803 18.625 20.0 64.237 50
164833 18.625 20.0 64.175 50
164903 18.625 20.0 64.112 50
164933 18.625 20.0 64.05 50
165003 18.625 20.0 63.987 50
165033 18.625 20.0 63.862 50
165104 18.625 20.0 63.612 50
165135 18.625 20.0 63.237 50
165205 18.625 20.0 62.737 50
165235 18.625 20.0 61.987 50
165305 18.687 20.0 61.112 50
165336 18.687 20.0 60.112 50
165406 18.687 20.0 59.05 50
165436 18.687 20.0 57.862 50
165506 18.687 20.0 56.737 50
165536 18.687 20.0 55.8 50
165606 18.687 20.0 55.112 50
165636 18.687 20.0 54.55 50
165707 18.687 20.0 54.237 50
165737 18.687 20.0 54.05 50
165807 18.75 20.0 54.05 50
165837 18.75 20.0 54.237 50
165908 18.75 20.0 54.675 50
165938 18.75 20.0 55.3 50
170009 18.75 20.0 56.175 50
170039 18.75 20.0 57.05 50
170109 18.75 20.0 57.925 50
170139 18.75 20.0 58.8 50
170210 18.75 20.0 59.675 50
170240 18.75 20.0 60.55 50
170310 18.75 20.0 61.3 50
170341 18.75 20.0 61.987 50
170411 18.75 20.0 62.612 50
170441 18.75 20.0 63.05 50
170511 18.75 20.0 63.362 50
170542 18.687 20.0 63.612 50
170612 18.687 20.0 63.737 50
170643 18.687 20.0 63.862 50
170713 18.687 20.0 63.925 50
170743 18.687 20.0 63.987 50
170813 18.625 20.0 63.987 50
170843 18.625 20.0 63.987 50
170914 18.625 20.0 63.987 50
170944 18.625 20.0 63.925 50
171015 18.625 20.0 63.925 50
171045 18.625 20.0 63.8 50
171115 18.625 20.0 63.737 50
171146 18.625 20.0 63.612 50
171216 18.625 20.0 63.425 50
171246 18.625 20.0 63.112 50
171316 18.687 20.0 62.612 50
171347 18.687 20.0 61.862 50
171417 18.687 20.0 60.737 50
171448 18.687 20.0 59.3 50
171519 18.687 20.0 57.8 50
171549 18.687 20.0 56.612 50
171619 18.687 20.0 55.675 50
171649 18.687 20.0 54.925 50
171719 18.687 20.0 54.425 50
171750 18.687 20.0 54.05 50
171820 18.687 20.0 53.862 0
171850 18.687 20.0 53.862 0
171921 18.687 20.0 54.112 50
171951 18.687 20.0 54.737 50
172021 18.687 20.0 55.612 50
172051 18.687 20.0 56.55 50
172122 18.687 20.0 57.487 50
172152 18.687 20.0 58.425 50
172222 18.687 20.0 59.3 50
172252 18.687 20.0 60.3 50
172323 18.625 20.0 61.237 50
172353 18.625 20.0 62.05 50
172423 18.625 20.0 62.675 50
172454 18.625 20.0 63.175 50
172525 18.625 20.0 63.55 50
172555 18.812 20.0 63.737 50
172625 18.812 20.0 63.862 50
172655 18.812 20.0 63.987 50
172725 18.812 20.0 64.112 50
172756 18.812 20.0 64.175 50
172826 19.0 20.0 64.237 50
172857 19.0 20.0 64.237 50
172927 19.0 20.0 64.237 50
172957 19.0 20.0 64.237 50
173027 19.0 20.0 64.175 50
173057 19.375 20.0 64.112 50
173128 19.375 20.0 64.05 50
173158 19.375 20.0 63.987 50
173228 19.375 20.0 63.862 50
173258 19.375 20.0 63.675 50
173329 19.5 20.0 63.3 50
173359 19.5 20.0 62.8 50
173429 19.5 20.0 62.05 50
173459 19.5 20.0 61.112 50
173530 19.5 20.0 60.05 50
173600 19.625 20.0 58.925 50
173630 19.625 20.0 57.8 50
173700 19.625 20.0 56.675 50
173731 19.625 20.0 55.737 50
173801 19.625 20.0 54.925 50
173831 19.75 20.0 54.3 50
173901 19.75 20.0 53.925 0
173931 19.75 20.0 53.737 0
174001 19.75 20.0 53.8 0
174031 19.75 20.0 54.112 50
174102 19.875 20.0 54.55 50
174132 19.875 20.0 55.425 50
174202 19.875 20.0 56.425 50
174232 19.875 20.0 57.362 50
174302 19.875 20.0 58.3 50
174332 19.875 20.0 59.237 50
174402 19.875 20.0 60.112 50
174433 19.875 20.0 61.05 50
174503 19.875 20.0 61.862 50
174534 19.875 20.0 62.55 50
174604 20.125 20.0 63.05 0
174634 20.125 20.0 63.425 0
174705 20.125 20.0 63.737 0
174736 20.125 20.0 63.925 0
174808 20.25 20.0 64.05 0
174838 20.25 20.0 64.175 0
174909 20.25 20.0 64.237 0
174939 20.25 20.0 64.3 0
175010 20.25 20.0 64.362 0
175040 20.125 20.0 64.362 0
175110 20.125 20.0 64.362 0
175140 20.125 20.0 64.425 0
175210 20.125 20.0 64.425 0
175240 20.125 20.0 64.425 0
175311 20.125 20.0 64.425 0
175342 20.125 20.0 64.487 0
175412 20.125 20.0 64.487 0
175443 20.125 20.0 64.487 0
175513 20.125 20.0 64.487 0
175543 20.062 20.0 64.487 0
175613 20.062 20.0 64.487 0
175644 20.062 20.0 64.487 0
175714 20.062 20.0 64.487 0
175744 20.062 20.0 64.55 0
175814 20.0 20.0 64.55 0
175844 20.0 20.0 64.55 0
175914 20.0 20.0 64.55 0
175945 20.0 20.0 64.55 0
180015 20.0 20.0 64.55 0
180045 20.0 20.0 64.487 0
180115 20.0 20.0 64.487 0
180145 20.0 20.0 64.487 0
180215 20.0 20.0 64.487 0
180246 20.0 20.0 64.487 0
180316 19.937 20.0 64.55 50
180347 19.937 20.0 64.487 50
180417 19.937 20.0 64.487 50
180448 19.937 20.0 64.487 50
180518 19.937 20.0 64.487 50
180548 19.875 20.0 64.487 50
180618 19.875 20.0 64.487 50
180649 19.875 20.0 64.425 50
180720 19.875 20.0 64.425 50
180750 19.875 20.0 64.362 50
180820 19.937 20.0 64.3 50
180851 19.937 20.0 64.237 50
180921 19.937 20.0 64.175 50
180951 19.937 20.0 64.112 50
181021 19.937 20.0 63.987 50
181052 20.062 20.0 63.862 0
181122 20.062 20.0 63.675 0
181152 20.062 20.0 63.55 0
181223 20.062 20.0 63.487 0
181253 20.062 20.0 63.425 0
181324 20.187 20.0 63.362 0
181354 20.187 20.0 63.3 0
181424 20.187 20.0 63.237 0
181455 20.187 20.0 63.175 0
181525 20.187 20.0 63.112 0
181555 20.25 20.0 63.112 0
181626 20.25 20.0 63.05 0
181656 20.25 20.0 62.987 0
181726 20.25 20.0 62.987 0
181757 20.25 20.0 62.862 0
181827 20.25 20.0 62.737 0
181857 20.25 20.0 62.487 0
181927 20.25 20.0 62.3 0
181958 20.25 20.0 62.112 0
182028 20.25 20.0 61.987 0
182058 20.187 20.0 61.862 0
182128 20.187 20.0 61.8 0
182158 20.187 20.0 61.675 0
182229 20.187 20.0 61.675 0
182259 20.187 20.0 61.55 0
182330 20.062 20.0 61.55 0
182400 20.062 20.0 61.487 0
182431 20.062 20.0 61.425 0
182501 20.062 20.0 61.362 0
182531 20.062 20.0 61.3 0
182601 20.062 20.0 61.237 0
182631 20.062 20.0 61.175 0
182702 20.062 20.0 61.112 0
182732 20.062 20.0 61.05 0
182802 20.062 20.0 61.05 0
182833 20.062 20.0 60.987 0
182903 20.062 20.0 60.925 0
182933 20.062 20.0 60.862 0
183003 20.062 20.0 60.8 0
183033 20.062 20.0 60.737 0
183103 19.937 20.0 60.675 50
183134 19.937 20.0 60.425 50
183204 19.937 20.0 59.8 0
183234 19.937 20.0 59.175 0
183305 19.937 20.0 58.675 0
183335 19.937 20.0 58.362 0
183405 19.937 20.0 58.175 0
183435 19.937 20.0 57.987 0
183505 19.937 20.0 57.862 0
183535 19.937 20.0 57.8 0
183606 19.937 20.0 57.737 0
183636 19.937 20.0 57.612 0
183707 19.937 20.0 57.55 0
183737 19.937 20.0 57.487 0
183808 19.937 20.0 57.425 0
183838 19.937 20.0 57.362 0
183908 19.937 20.0 57.112 0
183938 19.937 20.0 56.612 0
184008 19.937 20.0 56.05 0
184039 19.937 20.0 55.55 0
184109 19.812 20.0 55.175 0
184139 19.812 20.0 54.987 0
184209 19.812 20.0 54.925 0
184240 19.812 20.0 54.987 0
184310 19.812 20.0 55.237 0
184340 19.75 20.0 55.737 0
184410 19.75 20.0 56.487 0
184440 19.75 20.0 57.425 0
184510 19.75 20.0 58.362 0
184541 19.75 20.0 59.425 0
184611 19.625 20.0 60.425 50
184641 19.625 20.0 61.425 50
184712 19.625 20.0 62.425 50
184743 19.625 20.0 63.237 50
184813 19.625 20.0 63.862 50
184843 19.625 20.0 64.362 50
184913 19.625 20.0 64.675 50
184943 19.625 20.0 64.8 50
185014 19.625 20.0 64.987 50
185044 19.625 20.0 65.05 50
185114 19.687 20.0 65.175 50
185144 19.687 20.0 65.237 50
185215 19.687 20.0 65.3 50
185245 19.687 20.0 65.3 50
185318 19.875 20.0 65.3 50
185348 19.875 20.0 65.3 50
185418 19.875 20.0 65.237 50
185448 19.875 20.0 65.175 50
185519 19.875 20.0 65.112 50
185549 20.062 20.0 65.05 0
185619 20.062 20.0 64.925 0
185649 20.062 20.0 64.862 0
185720 20.062 20.0 64.737 0
185750 20.062 20.0 64.675 0
185820 20.25 20.0 64.612 0
185851 20.25 20.0 64.425 0
185921 20.25 20.0 64.175 0
185951 20.25 20.0 63.8 0
190021 20.25 20.0 63.55 0
190051 20.437 20.0 63.362 0
190121 20.437 20.0 63.237 0
190151 20.437 20.0 63.112 0
190222 20.437 20.0 63.05 0
190252 20.437 20.0 62.925 0
190323 20.375 20.0 62.862 0
190354 20.375 20.0 62.8 0
190424 20.375 20.0 62.737 0
190454 20.375 20.0 62.675 0
190524 20.375 20.0 62.55 0
190555 20.25 20.0 62.487 0
190625 20.25 20.0 62.425 0
190656 20.25 20.0 62.362 0
190727 20.25 20.0 62.3 0
190757 20.25 20.0 62.237 0
190827 20.25 20.0 62.175 0
190858 20.25 20.0 62.05 0
190928 20.25 20.0 61.987 0
190958 20.25 20.0 61.925 0
191029 20.25 20.0 61.862 0
191059 20.187 20.0 61.8 0
191129 20.187 20.0 61.737 0
191159 20.187 20.0 61.675 0
191229 20.187 20.0 61.55 0
191300 20.187 20.0 61.487 0
191330 20.125 20.0 61.425 0
191400 20.125 20.0 61.362 0
191430 20.125 20.0 61.3 0
191501 20.125 20.0 61.237 0
191531 20.125 20.0 61.175 0
191601 20.062 20.0 61.05 0
191631 20.062 20.0 61.05 0
191701 20.062 20.0 60.925 0
191731 20.062 20.0 60.862 0
191802 20.062 20.0 60.8 0
191832 20.0 20.0 60.737 0
191902 20.0 20.0 60.675 0
191932 20.0 20.0 60.612 0
192002 20.0 20.0 60.487 0
192033 20.0 20.0 60.487 0
192103 20.0 20.0 60.237 0
192133 20.0 20.0 59.737 0
192203 20.0 20.0 58.925 0
192234 20.0 20.0 57.925 0
192304 20.0 20.0 56.987 0
192334 19.937 20.0 56.425 0
192404 19.937 20.0 56.05 0
192434 19.937 20.0 55.737 0
192505 19.937 20.0 55.55 0
192535 19.937 20.0 55.425 0
192606 19.875 20.0 55.362 0
192636 19.875 20.0 55.3 0
192706 19.875 20.0 55.237 0
192736 19.875 20.0 55.237 0
192806 19.875 20.0 55.237 0
192837 19.812 20.0 55.3 0
192907 19.812 20.0 55.362 0
192938 19.812 20.0 55.612 0
193008 19.812 20.0 55.987 0
193038 19.812 20.0 56.425 0
193109 19.75 20.0 57.175 0
193139 19.75 20.0 57.987 0
193210 19.75 20.0 59.05 0
193240 19.75 20.0 60.05 50
193310 19.75 20.0 61.175 50
193340 19.687 20.0 62.237 50
193410 19.687 20.0 63.237 50
193440 19.687 20.0 63.862 50
193510 19.687 20.0 64.362 50
193541 19.687 20.0 64.675 50
193611 19.75 20.0 64.862 50
193642 19.75 20.0 64.987 50
193712 19.75 20.0 65.112 50
193742 19.75 20.0 65.237 50
193813 19.75 20.0 65.3 50
193843 19.812 20.0 65.3 50
193913 19.812 20.0 65.3 50
193944 19.812 20.0 65.362 50
194014 19.812 20.0 65.3 50
194045 19.812 20.0 65.3 50
194115 20.0 20.0 65.237 50
194145 20.0 20.0 65.175 50
194215 20.0 20.0 65.112 50
194245 20.0 20.0 64.862 50
194316 20.0 20.0 64.175 50
194346 20.187 20.0 63.112 0
194417 20.187 20.0 62.237 0
194447 20.187 20.0 61.675 0
194517 20.187 20.0 61.3 0
194547 20.187 20.0 61.05 0
194617 20.312 20.0 60.862 0
194647 20.312 20.0 60.737 0
194718 20.312 20.0 60.612 0
194749 20.312 20.0 60.487 0
194819 20.312 20.0 60.425 0
194849 20.437 20.0 60.3 0
194919 20.437 20.0 60.237 0
194950 20.437 20.0 60.175 0
195020 20.437 20.0 60.05 0
195050 20.437 20.0 59.987 0
195121 20.5 20.0 59.925 0
195151 20.5 20.0 59.862 0
195221 20.5 20.0 59.737 0
195252 20.5 20.0 59.675 0
195324 20.437 20.0 59.612 0
195355 20.437 20.0 59.487 0
195425 20.437 20.0 59.425 0
195456 20.437 20.0 59.362 0
195526 20.437 20.0 59.237 0
195557 20.437 20.0 59.175 0
195627 20.437 20.0 59.112 0
195657 20.437 20.0 59.05 0
195728 20.437 20.0 58.987 0
195758 20.437 20.0 58.862 0
195828 20.437 20.0 58.8 0
195858 20.437 20.0 58.737 0
195928 20.437 20.0 58.675 0
195959 20.437 20.0 58.55 0
200030 20.437 20.0 58.487 0
200100 20.375 20.0 58.425 0
200130 20.375 20.0 58.362 0
200201 20.375 20.0 58.237 0
200231 20.375 20.0 58.175 0
200301 20.375 20.0 58.112 0
200331 20.25 20.0 58.05 0
200402 20.25 20.0 57.987 0
200432 20.25 20.0 57.925 0
200502 20.25 20.0 57.8 0
200533 20.25 20.0 57.3 0
200603 20.25 20.0 56.55 0
200633 20.25 20.0 55.612 0
200703 20.25 20.0 54.8 0
200734 20.25 20.0 54.237 0
200804 20.25 20.0 53.987 0
200834 20.125 20.0 54.112 0
200904 20.125 20.0 54.487 0
200934 20.125 20.0 54.987 0
201004 20.125 20.0 55.737 0
201035 20.125 20.0 56.675 0
201105 20.125 20.0 57.675 0
201135 20.125 20.0 58.737 0
201205 20.125 20.0 59.737 0
201235 20.125 20.0 60.8 0
201305 20.125 20.0 61.925 0
201336 20.0 20.0 62.925 0
201406 20.0 20.0 63.8 0
201436 20.0 20.0 64.487 0
201506 20.0 20.0 65.05 0
201537 20.0 20.0 65.487 0
201608 20.0 20.0 65.862 0
201638 20.0 20.0 66.05 0
201708 20.0 20.0 66.237 0
201739 20.0 20.0 66.362 0
201809 20.0 20.0 66.487 0
201839 20.0 20.0 66.612 0
201909 20.0 20.0 66.675 0
201939 20.0 20.0 66.737 0
202010 20.0 20.0 66.8 0
202040 20.0 20.0 66.862 0
202110 20.0 20.0 66.925 0
202141 20.0 20.0 66.987 0
202211 20.0 20.0 67.05 0
202242 20.0 20.0 67.05 0
202312 20.0 20.0 67.112 0
202343 19.937 20.0 67.175 50
202413 19.937 20.0 67.237 50
202444 19.937 20.0 67.237 50
202515 19.937 20.0 67.237 50
202546 19.937 20.0 67.3 50
202616 19.812 20.0 67.3 50
202647 19.812 20.0 67.3 50
202717 19.812 20.0 67.362 50
202747 19.812 20.0 67.362 50
202817 19.812 20.0 67.362 50
202847 19.937 20.0 67.3 50
202918 19.937 20.0 67.3 50
202948 19.937 20.0 67.3 50
203018 19.937 20.0 67.237 50
203049 19.937 20.0 67.237 50
203119 20.062 20.0 67.175 0
203149 20.062 20.0 67.175 0
203220 20.062 20.0 67.112 0
203250 20.062 20.0 67.112 0
203320 20.062 20.0 67.05 0
203350 20.25 20.0 67.05 0
203420 20.25 20.0 66.987 0
203450 20.25 20.0 66.987 0
203521 20.25 20.0 66.987 0
203552 20.25 20.0 66.925 0
203622 20.375 20.0 66.925 0
203652 20.375 20.0 66.862 0
203723 20.375 20.0 66.862 0
203753 20.375 20.0 66.8 0
203824 20.375 20.0 66.8 0
203854 20.437 20.0 66.737 0
203924 20.437 20.0 66.737 0
203954 20.437 20.0 66.675 0
204024 20.437 20.0 66.675 0
204054 20.437 20.0 66.612 0
204125 20.5 20.0 66.612 0
204155 20.5 20.0 66.55 0
204226 20.5 20.0 66.55 0
204256 20.5 20.0 66.487 0
204326 20.5 20.0 66.487 0
204357 20.5 20.0 66.425 0
204428 20.5 20.0 66.425 0
204458 20.5 20.0 66.362 0
204528 20.5 20.0 66.3 0
204558 20.5 20.0 66.3 0
204628 20.437 20.0 66.237 0
204659 20.437 20.0 66.237 0
204729 20.437 20.0 66.175 0
204800 20.437 20.0 66.175 0
204832 20.375 20.0 66.112 0
204902 20.375 20.0 66.05 0
204932 20.375 20.0 65.987 0
205002 20.375 20.0 65.925 0
205033 20.375 20.0 65.737 0
205103 20.312 20.0 65.55 0
205134 20.312 20.0 65.425 0
205204 20.312 20.0 65.3 0
205234 20.312 20.0 65.175 0
205305 20.312 20.0 65.112 0
205335 20.312 20.0 65.05 0
205406 20.312 20.0 64.987 0
205436 20.312 20.0 64.925 0
205506 20.312 20.0 64.862 0
205537 20.312 20.0 64.8 0
205607 20.187 20.0 64.737 0
205637 20.187 20.0 64.675 0
205708 20.187 20.0 64.612 0
205738 20.187 20.0 64.55 0
205808 20.187 20.0 64.487 0
205839 20.187 20.0 64.425 0
205910 20.187 20.0 64.362 0
205940 20.187 20.0 64.3 0
210010 20.187 20.0 64.237 0
210040 20.187 20.0 64.175 0
210110 20.125 20.0 64.112 0
210141 20.125 20.0 64.05 0
210211 20.125 20.0 63.987 0
210241 20.125 20.0 63.925 0
210311 20.125 20.0 63.925 0
210341 20.062 20.0 63.862 0
210411 20.062 20.0 63.8 0
210442 20.062 20.0 63.737 0
210512 20.062 20.0 63.675 0
210542 20.062 20.0 63.612 0
210613 20.0 20.0 63.487 0
210643 20.0 20.0 63.425 0
210714 20.0 20.0 63.362 0
210744 20.0 20.0 63.3 0
210814 20.0 20.0 63.237 0
210845 19.937 20.0 63.175 50
210915 19.937 20.0 63.05 50
210945 19.937 20.0 62.55 50
211015 19.937 20.0 61.675 50
211045 19.937 20.0 60.487 50
211116 19.937 20.0 59.05 0
211146 19.937 20.0 57.737 0
211217 19.937 20.0 56.362 0
211247 19.937 20.0 54.987 0
211317 19.937 20.0 53.925 0
211348 20.0 20.0 53.175 0
211419 20.0 20.0 52.737 0
211449 20.0 20.0 52.425 0
211519 20.0 20.0 52.237 0
211549 20.0 20.0 52.112 0
211620 19.937 20.0 52.05 0
211650 19.937 20.0 51.987 0
211720 19.937 20.0 51.987 0
211750 19.937 20.0 51.987 0
211821 19.937 20.0 52.05 0
211851 19.937 20.0 52.175 0
211922 19.937 20.0 52.3 0
211952 19.937 20.0 52.55 0
212022 19.937 20.0 52.862 0
212053 19.937 20.0 53.3 0
212123 19.875 20.0 53.862 0
212153 19.875 20.0 54.675 0
212223 19.875 20.0 55.612 0
212253 19.875 20.0 56.612 0
212323 19.875 20.0 57.675 0
212354 19.75 20.0 58.862 0
212424 19.75 20.0 59.987 0
212454 19.75 20.0 61.175 50
212524 19.75 20.0 62.3 50
212555 19.75 20.0 63.3 50
212625 19.625 20.0 64.05 50
212656 19.625 20.0 64.55 50
212726 19.625 20.0 64.862 50
212756 19.625 20.0 65.05 50
212827 19.625 20.0 65.237 50
212857 19.625 20.0 65.362 50
212927 19.625 20.0 65.425 50
212957 19.625 20.0 65.487 50
213027 19.625 20.0 65.55 50
213058 19.625 20.0 65.55 50
213128 19.687 20.0 65.55 50
213159 19.687 20.0 65.55 50
213229 19.687 20.0 65.487 50
213300 19.687 20.0 65.425 50
213330 19.687 20.0 65.3 50
213400 19.875 20.0 65.175 50
213430 19.875 20.0 64.8 50
213501 19.875 20.0 63.987 50
213531 19.875 20.0 62.612 50
213601 19.875 20.0 60.425 50
213632 20.187 20.0 57.737 0
213702 20.187 20.0 55.737 0
213732 20.187 20.0 54.55 0
213802 20.187 20.0 53.8 0
213832 20.187 20.0 53.362 0
213902 20.375 20.0 53.05 0
213932 20.375 20.0 52.862 0
214003 20.375 20.0 52.8 0
214033 20.375 20.0 52.8 0
214103 20.375 20.0 52.987 0
214133 20.5 20.0 53.237 0
214204 20.5 20.0 53.55 0
214234 20.5 20.0 53.987 0
214304 20.5 20.0 54.675 0
214334 20.5 20.0 55.362 0
214404 20.562 20.0 56.237 0
214435 20.562 20.0 57.112 0
214505 20.562 20.0 58.175 0
214535 20.562 20.0 59.175 0
214606 20.562 20.0 60.425 0
214636 20.5 20.0 61.675 0
214706 20.5 20.0 62.8 0
214736 20.5 20.0 63.8 0
214806 20.5 20.0 64.55 0
214836 20.5 20.0 65.112 0
214907 20.562 20.0 65.55 0
214937 20.562 20.0 65.925 0
215008 20.562 20.0 66.237 0
215038 20.562 20.0 66.425 0
215110 20.437 20.0 66.612 0
215140 20.437 20.0 66.737 0
215211 20.437 20.0 66.8 0
215241 20.437 20.0 66.925 0
215312 20.437 20.0 66.987 0
215342 20.25 20.0 67.05 0
215412 20.25 20.0 67.175 0
215442 20.25 20.0 67.175 0
215513 20.25 20.0 67.3 0
215543 20.25 20.0 67.3 0
215613 20.187 20.0 67.362 0
215644 20.187 20.0 67.425 0
215714 20.187 20.0 67.487 0
215744 20.187 20.0 67.487 0
215814 20.187 20.0 67.55 0
215845 20.062 20.0 67.55 0
215915 20.062 20.0 67.612 0
215945 20.062 20.0 67.612 0
220016 20.062 20.0 67.675 0
220046 20.062 20.0 67.675 0
220116 20.062 20.0 67.675 0
220147 20.062 20.0 67.675 0
220217 20.062 20.0 67.675 0
220248 20.062 20.0 67.675 0
220318 20.062 20.0 67.675 0
220348 20.125 20.0 67.675 0
220418 20.125 20.0 67.675 0
220448 20.125 20.0 67.737 0
220518 20.125 20.0 67.737 0
220548 20.125 20.0 67.737 0
220619 20.062 20.0 67.737 0
220649 20.062 20.0 67.737 0
220720 20.062 20.0 67.737 0
220750 20.062 20.0 67.737 0
220820 20.062 20.0 67.737 0
220850 20.0 20.0 67.737 0
220920 20.0 20.0 67.737 0
220950 20.0 20.0 67.737 0
221021 20.0 20.0 67.737 0
221051 20.0 20.0 67.737 0
221121 19.937 20.0 67.737 50
221151 19.937 20.0 67.737 50
221221 19.937 20.0 67.737 50
221251 19.937 20.0 67.737 50
221321 19.937 20.0 67.737 50
221352 19.937 20.0 67.737 50
221422 19.937 20.0 67.737 50
221452 19.937 20.0 67.675 50
221522 19.937 20.0 67.675 50
221552 19.937 20.0 67.675 50
221623 19.875 20.0 67.612 50
221653 19.875 20.0 67.612 50
221723 19.875 20.0 67.55 50
221754 19.875 20.0 67.487 50
221825 19.875 20.0 67.487 50
221855 19.875 20.0 67.425 50
221925 19.875 20.0 67.362 50
221956 19.875 20.0 67.237 50
222026 19.875 20.0 66.925 50
222056 19.875 20.0 66.175 50
222127 19.875 20.0 64.925 50
222157 19.875 20.0 63.05 50
222227 19.875 20.0 60.55 50
222257 19.875 20.0 57.675 0
222327 19.875 20.0 55.612 0
222358 20.0 20.0 54.3 0
222428 20.0 20.0 53.55 0
222458 20.0 20.0 52.987 0
222528 20.0 20.0 52.675 0
222559 20.0 20.0 52.487 0
222629 20.0 20.0 52.362 0
222700 20.0 20.0 52.3 0
222730 20.0 20.0 52.237 0
222800 20.0 20.0 52.237 0
222831 20.0 20.0 52.3 0
222901 20.062 20.0 52.362 0
222931 20.062 20.0 52.487 0
223001 20.062 20.0 52.8 0
223031 20.062 20.0 53.3 0
223101 20.062 20.0 53.925 0
223132 20.062 20.0 54.612 0
223202 20.062 20.0 55.237 0
223232 20.062 20.0 56.3 0
223302 20.062 20.0 57.3 0
223332 20.062 20.0 58.425 0
223402 20.0 20.0 59.612 0
223432 20.0 20.0 60.737 0
223503 20.0 20.0 61.987 0
223533 20.0 20.0 63.112 0
223604 20.0 20.0 63.987 0
223634 20.062 20.0 64.675 0
223704 20.062 20.0 65.175 0
223735 20.062 20.0 65.612 0
223806 20.062 16.0 65.862 0
223837 20.062 16.0 66.112 0
223907 20.5 16.0 66.3 0
223937 20.5 16.0 66.487 0
224007 20.5 16.0 66.612 0
224038 20.5 16.0 66.675 0
224108 20.5 16.0 66.8 0
224138 20.75 16.0 66.862 0
224209 20.75 16.0 66.925 0
224239 20.75 16.0 66.987 0
224309 20.75 16.0 67.05 0
224340 20.75 16.0 67.112 0
224410 20.75 16.0 67.175 0
224440 20.75 16.0 67.237 0
224510 20.75 16.0 67.237 0
224540 20.75 16.0 67.3 0
224611 20.75 16.0 67.3 0
224641 21.062 16.0 67.362 0
224712 21.062 16.0 67.362 0
224742 21.062 16.0 67.362 0
224813 21.062 16.0 67.362 0
224843 21.062 16.0 67.425 0
224913 21.187 16.0 67.425 0
224943 21.187 16.0 67.425 0
225013 21.187 16.0 67.425 0
225044 21.187 16.0 67.425 0
225114 21.187 16.0 67.425 0
225144 21.187 16.0 67.425 0
225215 21.187 16.0 67.425 0
225245 21.187 16.0 67.425 0
225315 21.187 16.0 67.487 0
225345 21.187 16.0 67.487 0
225415 21.187 16.0 67.487 0
225446 21.187 16.0 67.487 0
225517 21.187 16.0 67.487 0
225547 21.187 16.0 67.487 0
225619 21.187 16.0 67.425 0
225649 21.187 16.0 67.425 0
225720 21.187 16.0 67.425 0
225750 21.187 16.0 67.425 0
225821 21.187 16.0 67.425 0
225851 21.125 16.0 67.425 0
225922 21.125 16.0 67.425 0
225953 21.125 16.0 67.425 0
230023 21.125 10.0 67.425 0
230053 21.125 10.0 67.425 0
230123 21.125 10.0 67.425 0
230154 21.125 10.0 67.425 0
230224 21.125 10.0 67.425 0
230254 21.125 10.0 67.425 0
230324 21.125 10.0 67.362 0
230354 21.187 10.0 67.362 0
230425 21.187 10.0 67.362 0
230455 21.187 10.0 67.362 0
230526 21.187 10.0 67.362 0
230556 21.187 10.0 67.362 0
230626 21.125 10.0 67.362 0
230657 21.125 10.0 67.3 0
230727 21.125 10.0 67.3 0
230758 21.125 10.0 67.3 0
230828 21.125 10.0 67.3 0
230858 21.187 10.0 67.237 0
230928 21.187 10.0 67.237 0
230959 21.187 10.0 67.237 0
231029 21.187 10.0 67.237 0
231100 21.187 10.0 67.175 0
231130 21.187 10.0 67.175 0
231200 21.187 10.0 67.175 0
231231 21.187 10.0 67.175 0
231301 21.187 10.0 67.175 0
231331 21.187 10.0 67.112 0
231401 21.187 10.0 67.112 0
231431 21.187 10.0 67.112 0
231501 21.187 10.0 67.112 0
231532 21.187 10.0 67.05 0
231603 21.187 10.0 67.05 0
231634 21.187 10.0 67.05 0
231704 21.187 10.0 67.05 0
231734 21.187 10.0 67.05 0
231805 21.187 10.0 66.987 0
231835 21.187 10.0 66.987 0
231906 21.125 10.0 66.987 0
231936 21.125 10.0 66.987 0
232006 21.125 10.0 66.925 0
232036 21.125 10.0 66.925 0
232106 21.125 10.0 66.925 0
232137 21.0 10.0 66.925 0
232207 21.0 10.0 66.862 0
232237 21.0 10.0 66.862 0
232307 21.0 10.0 66.862 0
232337 21.0 10.0 66.8 0
232408 20.875 10.0 66.8 0
232438 20.875 10.0 66.8 0
232508 20.875 10.0 66.8 0
232539 20.875 10.0 66.737 0
232609 20.875 10.0 66.737 0
232639 20.812 10.0 66.737 0
232709 20.812 10.0 66.737 0
232740 20.812 10.0 66.675 0
232810 20.812 10.0 66.675 0
232840 20.812 10.0 66.675 0
232910 20.687 10.0 66.675 0
232940 20.687 10.0 66.612 0
233011 20.687 10.0 66.612 0
233041 20.687 10.0 66.55 0
233111 20.687 10.0 66.55 0
233142 20.625 10.0 66.55 0
233212 20.625 10.0 66.487 0
233242 20.625 10.0 66.487 0
233313 20.625 10.0 66.487 0
233343 20.625 10.0 66.425 0
233413 20.625 10.0 66.425 0
233443 20.625 10.0 66.425 0
233514 20.625 10.0 66.362 0
233544 20.625 10.0 66.362 0
233614 20.625 10.0 66.3 0
233644 20.625 10.0 66.3 0
233714 20.625 10.0 66.3 0
233745 20.625 10.0 66.362 0
233815 20.625 10.0 66.425 0
233845 20.625 10.0 66.487 0
233916 20.5 10.0 66.55 0
233946 20.5 10.0 66.55 0
234016 20.5 10.0 66.612 0
234046 20.5 10.0 66.612 0
234117 20.5 10.0 66.612 0
234147 20.5 10.0 66.612 0
234217 20.5 10.0 66.612 0
234247 20.5 10.0 66.612 0
234318 20.5 10.0 66.55 0
234349 20.5 10.0 66.55 0
234419 20.562 10.0 66.55 0
234450 20.562 10.0 66.55 0
234521 20.562 10.0 66.55 0
234551 20.562 10.0 66.55 0
234621 20.562 10.0 66.55 0
234651 20.437 10.0 66.487 0
234721 20.437 10.0 66.487 0
234751 20.437 10.0 66.487 0
234822 20.437 10.0 66.487 0
234852 20.437 10.0 66.425 0
234922 20.437 10.0 66.425 0
234952 20.437 10.0 66.425 0
235023 20.437 10.0 66.425 0
235053 20.437 10.0 66.362 0
235123 20.437 10.0 66.362 0
235154 20.437 10.0 66.362 0
235224 20.437 10.0 66.362 0
235254 20.437 10.0 66.3 0
235325 20.437 10.0 66.3 0
235355 20.437 10.0 66.3 0
235425 20.312 10.0 66.3 0
235456 20.312 10.0 66.237 0
235526 20.312 10.0 66.237 0
235556 20.312 10.0 66.175 0
235626 20.312 10.0 66.175 0
235656 20.312 10.0 66.175 0
235726 20.312 10.0 66.112 0
235756 20.312 10.0 66.112 0
235827 20.312 10.0 66.112 0
235857 20.312 10.0 66.05 0
