235916 21.0 10.0 17.3 0
235947 21.0 10.0 17.3 0
000017 21.0 10.0 17.3 0
000047 21.0 10.0 17.362 0
000118 21.0 10.0 17.3 0
000148 21.0 10.0 17.3 0
000218 21.0 10.0 17.3 0
000249 21.0 10.0 17.3 0
000319 21.0 10.0 17.362 0
000349 21.0 10.0 17.3 0
000419 21.0 10.0 17.362 0
000450 21.0 10.0 17.3 0
000520 21.0 10.0 17.3 0
000550 21.0 10.0 17.3 0
000620 21.0 10.0 17.3 0
000651 21.0 10.0 17.362 0
000721 21.0 10.0 17.3 0
000752 21.0 10.0 17.3 0
000822 21.0 10.0 17.3 0
000852 21.0 10.0 17.3 0
000922 21.0 10.0 17.3 0
000952 21.0 10.0 17.362 0
001022 21.0 10.0 17.3 0
001053 21.0 10.0 17.3 0
001123 21.0 10.0 17.3 0
001154 21.0 10.0 17.3 0
001224 21.0 10.0 17.362 0
001254 21.0 10.0 17.3 0
001324 21.0 10.0 17.3 0
001355 21.0 10.0 17.3 0
001425 21.0 10.0 17.362 0
001455 21.0 10.0 17.362 0
001525 21.0 10.0 17.362 0
001556 21.0 10.0 17.362 0
001626 21.0 10.0 17.3 0
001656 21.0 10.0 17.3 0
001726 21.0 10.0 17.3 0
001756 21.0 10.0 17.3 0
001827 21.0 10.0 17.3 0
001857 21.0 10.0 17.362 0
001928 21.0 10.0 17.3 0
001958 21.0 10.0 17.362 0
002028 21.0 10.0 17.3 0
002059 21.0 10.0 17.362 0
002129 21.0 10.0 17.3 0
002200 21.0 10.0 17.3 0
002231 21.0 10.0 17.362 0
002302 20.937 10.0 17.3 0
002333 20.937 10.0 17.3 0
002403 20.937 10.0 17.362 0
002433 20.937 10.0 17.3 0
002503 20.937 10.0 17.362 0
002534 20.937 10.0 17.362 0
002604 20.937 10.0 17.362 0
002635 20.937 10.0 17.3 0
002706 20.937 10.0 17.3 0
002736 20.937 10.0 17.3 0
002806 20.937 10.0 17.3 0
002836 20.937 10.0 17.362 0
002906 20.937 10.0 17.3 0
002936 20.937 10.0 17.3 0
003006 20.937 10.0 17.3 0
003037 20.937 10.0 17.362 0
003107 20.937 10.0 17.362 0
003137 20.937 10.0 17.362 0
003207 20.937 10.0 17.3 0
003237 20.937 10.0 17.3 0
003307 20.937 10.0 17.3 0
003338 20.937 10.0 17.3 0
003409 20.937 10.0 17.362 0
003439 20.937 10.0 17.362 0
003509 20.937 10.0 17.362 0
003540 20.937 10.0 17.3 0
003610 20.937 10.0 17.362 0
003640 20.937 10.0 17.3 0
003710 20.937 10.0 17.362 0
003741 20.937 10.0 17.3 0
003811 20.937 10.0 17.3 0
003841 20.937 10.0 17.362 0
003911 20.937 10.0 17.3 0
003942 20.937 10.0 17.362 0
004012 20.937 10.0 17.3 0
004042 20.937 10.0 17.3 0
004112 20.937 10.0 17.362 0
004143 20.937 10.0 17.362 0
004213 20.937 10.0 17.362 0
004243 20.937 10.0 17.362 0
004313 20.937 10.0 17.3 0
004344 20.937 10.0 17.3 0
004414 20.937 10.0 17.3 0
004444 20.937 10.0 17.362 0
004514 20.937 10.0 17.3 0
004544 20.937 10.0 17.362 0
004615 20.937 10.0 17.3 0
004645 20.937 10.0 17.362 0
004715 20.937 10.0 17.3 0
004746 20.937 10.0 17.362 0
004816 20.937 10.0 17.362 0
004847 20.937 10.0 17.362 0
004918 20.937 10.0 17.362 0
004948 20.937 10.0 17.362 0
005019 20.937 10.0 17.3 0
005049 20.937 10.0 17.3 0
005119 20.937 10.0 17.362 0
005149 20.937 10.0 17.362 0
005219 20.937 10.0 17.362 0
005250 20.937 10.0 17.362 0
005320 20.937 10.0 17.3 0
005350 20.937 10.0 17.362 0
005420 20.937 10.0 17.3 0
005450 20.937 10.0 17.3 0
005523 20.937 10.0 17.362 0
005554 20.937 10.0 17.362 0
005624 20.937 10.0 17.362 0
005655 20.937 10.0 17.362 0
005725 20.937 10.0 17.3 0
005755 20.937 10.0 17.3 0
005825 20.937 10.0 17.362 0
005855 20.937 10.0 17.362 0
005926 20.937 10.0 17.362 0
005956 20.937 10.0 17.362 0
010026 20.937 10.0 17.362 0
010056 20.937 10.0 17.3 0
010127 20.937 10.0 17.362 0
010157 20.937 10.0 17.362 0
010228 20.937 10.0 17.3 0
010258 20.937 10.0 17.3 0
010329 20.937 10.0 17.362 0
010359 20.937 10.0 17.3 0
010429 20.937 10.0 17.3 0
010500 20.937 10.0 17.362 0
010530 20.937 10.0 17.3 0
010600 20.937 10.0 17.362 0
010630 20.937 10.0 17.362 0
010701 20.937 10.0 17.3 0
010731 20.937 10.0 17.362 0
010801 20.937 10.0 17.362 0
010832 20.937 10.0 17.3 0
010902 20.937 10.0 17.3 0
010932 20.937 10.0 17.3 0
011003 20.937 10.0 17.362 0
011033 20.937 10.0 17.362 0
011103 20.937 10.0 17.362 0
011133 20.937 10.0 17.362 0
011204 20.937 10.0 17.362 0
011234 20.937 10.0 17.362 0
011304 20.937 10.0 17.3 0
011335 20.937 10.0 17.3 0
011405 20.937 10.0 17.3 0
011436 20.937 10.0 17.362 0
011507 20.937 10.0 17.362 0
011538 20.937 10.0 17.3 0
011608 20.937 10.0 17.362 0
011639 20.937 10.0 17.362 0
011709 20.937 10.0 17.362 0
011740 20.937 10.0 17.362 0
011810 20.875 10.0 17.362 0
011841 20.875 10.0 17.362 0
011911 20.875 10.0 17.362 0
011942 20.875 10.0 17.362 0
012012 20.875 10.0 17.362 0
012043 20.875 10.0 17.362 0
012113 20.875 10.0 17.362 0
012144 20.875 10.0 17.362 0
012215 20.875 10.0 17.362 0
012245 20.875 10.0 17.362 0
012315 20.937 10.0 17.362 0
012345 20.937 10.0 17.362 0
012416 20.937 10.0 17.3 0
012446 20.937 10.0 17.362 0
012516 20.937 10.0 17.362 0
012546 20.875 10.0 17.362 0
012617 20.875 10.0 17.362 0
012647 20.875 10.0 17.362 0
012717 20.875 10.0 17.362 0
012748 20.875 10.0 17.362 0
012819 20.875 10.0 17.3 0
012849 20.875 10.0 17.362 0
012919 20.875 10.0 17.362 0
012950 20.875 10.0 17.3 0
013020 20.875 10.0 17.362 0
013051 20.937 10.0 17.362 0
013121 20.937 10.0 17.362 0
013152 20.937 10.0 17.362 0
013222 20.937 10.0 17.362 0
013252 20.937 10.0 17.362 0
013322 20.875 10.0 17.362 0
013353 20.875 10.0 17.362 0
013424 20.875 10.0 17.362 0
013454 20.875 10.0 17.362 0
013524 20.875 10.0 17.362 0
013555 20.875 10.0 17.362 0
013625 20.875 10.0 17.362 0
013655 20.875 10.0 17.362 0
013725 20.875 10.0 17.362 0
013756 20.875 10.0 17.362 0
013826 20.875 10.0 17.362 0
013856 20.875 10.0 17.362 0
013927 20.875 10.0 17.362 0
013957 20.875 10.0 17.362 0
014028 20.875 10.0 17.362 0
014058 20.875 10.0 17.362 0
014128 20.875 10.0 17.362 0
014159 20.875 10.0 17.362 0
014229 20.875 10.0 17.362 0
014302 20.875 10.0 17.362 0
014332 20.875 10.0 17.362 0
014402 20.875 10.0 17.362 0
014433 20.875 10.0 17.362 0
014503 20.875 10.0 17.362 0
014533 20.875 10.0 17.362 0
014603 20.875 10.0 17.362 0
014634 20.875 10.0 17.362 0
014704 20.875 10.0 17.362 0
014735 20.875 10.0 17.362 0
014805 20.937 10.0 17.362 0
014835 20.937 10.0 17.362 0
014906 20.937 10.0 17.362 0
014936 20.937 10.0 17.362 0
015006 20.937 10.0 17.362 0
015036 20.875 10.0 17.362 0
015107 20.875 10.0 17.362 0
015138 20.875 10.0 17.362 0
015208 20.875 10.0 17.362 0
015239 20.875 10.0 17.362 0
015309 20.875 10.0 17.362 0
015340 20.875 10.0 17.362 0
015410 20.875 10.0 17.362 0
015441 20.875 10.0 17.362 0
015511 20.875 10.0 17.362 0
015541 20.875 10.0 17.362 0
015612 20.875 10.0 17.362 0
015642 20.875 10.0 17.362 0
015713 20.875 10.0 17.362 0
015743 20.875 10.0 17.362 0
015814 20.875 10.0 17.362 0
015844 20.875 10.0 17.362 0
015914 20.875 10.0 17.362 0
015944 20.875 10.0 17.362 0
020015 20.875 10.0 17.362 0
020045 20.875 10.0 17.362 0
020115 20.875 10.0 17.362 0
020145 20.875 10.0 17.362 0
020215 20.875 10.0 17.362 0
020246 20.875 10.0 17.362 0
020317 20.875 10.0 17.362 0
020347 20.875 10.0 17.362 0
020418 20.875 10.0 17.362 0
020448 20.875 10.0 17.362 0
020518 20.875 10.0 17.362 0
020548 20.875 10.0 17.362 0
020619 20.875 10.0 17.362 0
020649 20.875 10.0 17.362 0
020720 20.875 10.0 17.362 0
020751 20.875 10.0 17.362 0
020822 20.875 10.0 17.362 0
020852 20.875 10.0 17.362 0
020922 20.875 10.0 17.362 0
020952 20.875 10.0 17.362 0
021022 20.875 10.0 17.362 0
021053 20.875 10.0 17.362 0
021124 20.875 10.0 17.362 0
021154 20.875 10.0 17.362 0
021224 20.875 10.0 17.362 0
021255 20.875 10.0 17.362 0
021325 20.875 10.0 17.362 0
021355 20.875 10.0 17.362 0
021426 20.875 10.0 17.362 0
021456 20.875 10.0 17.362 0
021527 20.875 10.0 17.362 0
021557 20.875 10.0 17.362 0
021628 20.875 10.0 17.362 0
021658 20.875 10.0 17.362 0
021728 20.875 10.0 17.362 0
021758 20.875 10.0 17.362 0
021829 20.875 10.0 17.362 0
021859 20.875 10.0 17.362 0
021929 20.875 10.0 17.362 0
021959 20.875 10.0 17.362 0
022030 20.875 10.0 17.362 0
022100 20.875 10.0 17.362 0
022131 20.875 10.0 17.362 0
022201 20.875 10.0 17.362 0
022232 20.875 10.0 17.362 0
022302 20.875 10.0 17.362 0
022332 20.875 10.0 17.362 0
022402 20.875 10.0 17.362 0
022432 20.875 10.0 17.362 0
022503 20.875 10.0 17.362 0
022533 20.875 10.0 17.362 0
022603 20.875 10.0 17.362 0
022633 20.875 10.0 17.362 0
022704 20.875 10.0 17.362 0
022735 20.875 10.0 17.3 0
022805 20.875 10.0 17.362 0
022835 20.875 10.0 17.362 0
022905 20.875 10.0 17.362 0
022935 20.875 10.0 17.362 0
023006 20.875 10.0 17.362 0
023036 20.875 10.0 17.362 0
023107 20.812 10.0 17.362 0
023137 20.812 10.0 17.362 0
023208 20.812 10.0 17.362 0
023239 20.812 10.0 17.362 0
023310 20.875 10.0 17.362 0
023340 20.875 10.0 17.362 0
023411 20.875 10.0 17.362 0
023441 20.875 10.0 17.362 0
023512 20.875 10.0 17.362 0
023542 20.875 10.0 17.362 0
023612 20.875 10.0 17.362 0
023643 20.875 10.0 17.362 0
023713 20.875 10.0 17.362 0
023744 20.875 10.0 17.362 0
023814 20.812 10.0 17.362 0
023844 20.812 10.0 17.362 0
023914 20.812 10.0 17.362 0
023945 20.812 10.0 17.362 0
024015 20.812 10.0 17.362 0
024045 20.875 10.0 17.362 0
024115 20.875 10.0 17.362 0
024146 20.875 10.0 17.362 0
024216 20.875 10.0 17.362 0
024247 20.875 10.0 17.362 0
024317 20.875 10.0 17.362 0
024347 20.875 10.0 17.362 0
024417 20.875 10.0 17.362 0
024447 20.875 10.0 17.362 0
024518 20.875 10.0 17.362 0
024548 20.875 10.0 17.362 0
024618 20.875 10.0 17.362 0
024649 20.875 10.0 17.362 0
024719 20.875 10.0 17.362 0
024750 20.875 10.0 17.362 0
024820 20.875 10.0 17.362 0
024850 20.875 10.0 17.362 0
024921 20.875 10.0 17.362 0
024951 20.875 10.0 17.362 0
025022 20.875 10.0 17.362 0
025052 20.875 10.0 17.362 0
025122 20.875 10.0 17.362 0
025152 20.875 10.0 17.362 0
025222 20.875 10.0 17.362 0
025252 20.875 10.0 17.362 0
025323 20.875 10.0 17.362 0
025353 20.875 10.0 17.362 0
025423 20.875 10.0 17.362 0
025454 20.875 10.0 17.362 0
025524 20.875 10.0 17.362 0
025554 20.875 10.0 17.362 0
025624 20.875 10.0 17.362 0
025655 20.875 10.0 17.362 0
025725 20.875 10.0 17.362 0
025756 20.875 10.0 17.362 0
025826 20.875 10.0 17.362 0
025857 20.875 10.0 17.362 0
025927 20.875 10.0 17.362 0
025958 20.875 10.0 17.362 0
030028 20.875 10.0 17.362 0
030059 20.875 10.0 17.362 0
030129 20.875 10.0 17.362 0
030159 20.875 10.0 17.362 0
030230 20.875 10.0 17.362 0
030300 20.875 10.0 17.362 0
030330 20.875 10.0 17.362 0
030400 20.875 10.0 17.362 0
030431 20.875 10.0 17.362 0
030501 20.875 10.0 17.362 0
030532 20.875 10.0 17.362 0
030602 20.875 10.0 17.362 0
030632 20.875 10.0 17.362 0
030702 20.875 10.0 17.362 0
030732 20.875 10.0 17.362 0
030803 20.875 10.0 17.362 0
030833 20.875 10.0 17.362 0
030903 20.875 10.0 17.362 0
030934 20.875 10.0 17.362 0
031004 20.875 10.0 17.362 0
031035 20.875 10.0 17.362 0
031105 20.875 10.0 17.362 0
031135 20.875 10.0 17.362 0
031206 20.875 10.0 17.362 0
031236 20.875 10.0 17.362 0
031306 20.875 10.0 17.362 0
031336 20.875 10.0 17.362 0
031407 20.875 10.0 17.362 0
031437 20.875 10.0 17.362 0
031507 20.875 10.0 17.362 0
031537 20.875 10.0 17.362 0
031608 20.875 10.0 17.362 0
031638 20.875 10.0 17.362 0
031708 20.875 10.0 17.362 0
031739 20.875 10.0 17.362 0
031809 20.875 10.0 17.362 0
031839 20.875 10.0 17.362 0
031910 20.875 10.0 17.362 0
031940 20.875 10.0 17.362 0
032010 20.875 10.0 17.362 0
032041 20.875 10.0 17.362 0
032111 20.875 10.0 17.362 0
032142 20.875 10.0 17.362 0
032212 20.875 10.0 17.362 0
032242 20.875 10.0 17.362 0
032312 20.875 10.0 17.362 0
032343 20.875 10.0 17.362 0
032413 20.875 10.0 17.362 0
032443 20.875 10.0 17.362 0
032513 20.875 10.0 17.362 0
032544 20.875 10.0 17.362 0
032614 20.875 10.0 17.362 0
032644 20.875 10.0 17.362 0
032715 20.875 10.0 17.362 0
032745 20.875 10.0 17.362 0
032817 20.812 10.0 17.362 0
032848 20.812 10.0 17.362 0
032918 20.812 10.0 17.362 0
032948 20.812 10.0 17.362 0
033019 20.812 10.0 17.362 0
033049 20.812 10.0 17.362 0
033119 20.812 10.0 17.362 0
033149 20.812 10.0 17.362 0
033220 20.812 10.0 17.362 0
033250 20.812 10.0 17.362 0
033320 20.812 10.0 17.362 0
033350 20.812 10.0 17.362 0
033421 20.812 10.0 17.362 0
033451 20.812 10.0 17.362 0
033521 20.812 10.0 17.362 0
033551 20.812 10.0 17.362 0
033622 20.812 10.0 17.362 0
033652 20.812 10.0 17.362 0
033723 20.812 10.0 17.362 0
033753 20.812 10.0 17.362 0
033823 20.812 10.0 17.362 0
033854 20.812 10.0 17.362 0
033924 20.812 10.0 17.362 0
033954 20.812 10.0 17.362 0
034025 20.812 10.0 17.362 0
034055 20.812 10.0 17.362 0
034125 20.812 10.0 17.362 0
034156 20.812 10.0 17.362 0
034226 20.812 10.0 17.362 0
034256 20.812 10.0 17.362 0
034327 20.812 10.0 17.362 0
034357 20.812 10.0 17.362 0
034427 20.812 10.0 17.362 0
034457 20.812 10.0 17.362 0
034528 20.812 10.0 17.362 0
034559 20.812 10.0 17.362 0
034630 20.812 10.0 17.362 0
034700 20.812 10.0 17.362 0
034730 20.812 10.0 17.362 0
034801 20.812 10.0 17.362 0
034831 20.812 10.0 17.362 0
034902 20.812 10.0 17.362 0
034932 20.812 10.0 17.362 0
035002 20.812 10.0 17.362 0
035033 20.812 10.0 17.362 0
035103 20.812 10.0 17.362 0
035133 20.812 10.0 17.362 0
035203 20.812 10.0 17.362 0
035233 20.812 10.0 17.362 0
035304 20.812 10.0 17.362 0
035334 20.812 10.0 17.362 0
035404 20.812 10.0 17.362 0
035434 20.812 10.0 17.362 0
035504 20.812 10.0 17.362 0
035535 20.812 10.0 17.362 0
035605 20.812 10.0 17.362 0
035635 20.812 10.0 17.362 0
035705 20.812 10.0 17.362 0
035735 20.812 10.0 17.362 0
035806 20.812 10.0 17.362 0
035836 20.812 10.0 17.362 0
035906 20.812 10.0 17.362 0
035937 20.812 10.0 17.362 0
040007 20.812 10.0 17.362 0
040037 20.812 10.0 17.362 0
040107 20.812 10.0 17.362 0
040137 20.812 10.0 17.362 0
040208 20.812 10.0 17.362 0
040238 20.812 10.0 17.362 0
040309 20.812 10.0 17.362 0
040339 20.812 10.0 17.362 0
040409 20.812 10.0 17.362 0
040439 20.812 10.0 17.362 0
040509 20.812 10.0 17.362 0
040539 20.812 10.0 17.362 0
040610 20.812 10.0 17.362 0
040640 20.812 10.0 17.362 0
040711 20.812 10.0 17.362 0
040742 20.812 10.0 17.362 0
040813 20.812 10.0 17.362 0
040843 20.812 10.0 17.362 0
040913 20.812 10.0 17.362 0
040943 20.812 10.0 17.362 0
041014 20.812 10.0 17.362 0
041045 20.812 10.0 17.362 0
041115 20.812 10.0 17.362 0
041145 20.812 10.0 17.362 0
041216 20.812 10.0 17.362 0
041246 20.812 10.0 17.362 0
041317 20.812 10.0 17.362 0
041347 20.812 10.0 17.362 0
041417 20.812 10.0 17.362 0
041447 20.812 10.0 17.362 0
041518 20.812 10.0 17.362 0
041548 20.812 10.0 17.362 0
041618 20.812 10.0 17.362 0
041648 20.812 10.0 17.362 0
041719 20.812 10.0 17.362 0
041749 20.812 10.0 17.362 0
041819 20.812 10.0 17.362 0
041849 20.812 10.0 17.362 0
041919 20.812 10.0 17.362 0
041950 20.812 10.0 17.362 0
042020 20.812 10.0 17.362 0
042050 20.812 10.0 17.362 0
042120 20.812 10.0 17.362 0
042151 20.812 10.0 17.362 0
042221 20.812 10.0 17.362 0
042252 20.812 10.0 17.362 0
042324 20.812 10.0 17.362 0
042354 20.812 10.0 17.362 0
042425 20.812 10.0 17.362 0
042455 20.812 10.0 17.362 0
042525 20.812 10.0 17.362 0
042555 20.812 10.0 17.362 0
042625 20.812 10.0 17.362 0
042656 20.812 10.0 17.362 0
042726 20.812 10.0 17.362 0
042757 20.812 10.0 17.362 0
042827 20.812 10.0 17.362 0
042858 20.812 10.0 17.362 0
042928 20.812 10.0 17.362 0
042958 20.812 10.0 17.362 0
043029 20.812 10.0 17.362 0
043059 20.75 10.0 17.362 0
043130 20.75 10.0 17.362 0
043200 20.75 10.0 17.362 0
043230 20.75 10.0 17.362 0
043300 20.75 10.0 17.362 0
043330 20.75 10.0 17.362 0
043401 20.75 10.0 17.362 0
043431 20.75 10.0 17.362 0
043501 20.75 10.0 17.362 0
043532 20.75 10.0 17.362 0
043603 20.75 10.0 17.362 0
043633 20.75 10.0 17.362 0
043704 20.75 10.0 17.362 0
043734 20.75 10.0 17.362 0
043805 20.75 10.0 17.362 0
043835 20.812 10.0 17.362 0
043906 20.812 10.0 17.362 0
043936 20.812 10.0 17.362 0
044006 20.812 10.0 17.362 0
044037 20.812 10.0 17.362 0
044107 20.75 10.0 17.362 0
044137 20.75 10.0 17.362 0
044207 20.75 10.0 17.362 0
044238 20.75 10.0 17.362 0
044308 20.75 10.0 17.362 0
044339 20.812 10.0 17.362 0
044410 20.812 10.0 17.362 0
044440 20.812 10.0 17.362 0
044510 20.812 10.0 17.362 0
044540 20.812 10.0 17.362 0
044610 20.75 10.0 17.362 0
044641 20.75 10.0 17.362 0
044711 20.75 10.0 17.362 0
044741 20.75 10.0 17.362 0
044811 20.75 10.0 17.362 0
044842 20.812 10.0 17.362 0
044913 20.812 10.0 17.362 0
044943 20.812 10.0 17.362 0
045013 20.812 10.0 17.362 0
045043 20.812 10.0 17.362 0
045114 20.812 10.0 17.362 0
045144 20.812 10.0 17.362 0
045214 20.812 10.0 17.362 0
045244 20.812 10.0 17.362 0
045314 20.812 10.0 17.362 0
045345 20.75 10.0 17.362 0
045415 20.75 10.0 17.362 0
045446 20.75 10.0 17.362 0
045516 20.75 10.0 17.362 0
045546 20.75 10.0 17.362 0
045617 20.812 10.0 17.362 0
045647 20.812 10.0 17.362 0
045717 20.812 10.0 17.362 0
045748 20.812 10.0 17.362 0
045818 20.812 10.0 17.362 0
045848 20.75 10.0 17.362 0
045918 20.75 10.0 17.362 0
045949 20.75 10.0 17.362 0
050020 20.75 10.0 17.362 0
050051 20.75 10.0 17.362 0
050121 20.75 10.0 17.362 0
050151 20.75 10.0 17.362 0
050222 20.75 10.0 17.362 0
050253 20.75 10.0 17.362 0
050323 20.75 10.0 17.362 0
050353 20.75 10.0 17.362 0
050423 20.75 10.0 17.362 0
050454 20.75 10.0 17.362 0
050525 20.75 10.0 17.362 0
050555 20.75 10.0 17.362 0
050625 20.75 10.0 17.362 0
050656 20.75 10.0 17.362 0
050726 20.75 10.0 17.362 0
050756 20.75 10.0 17.362 0
050827 20.75 10.0 17.362 0
050857 20.75 10.0 17.362 0
050928 20.75 10.0 17.362 0
050958 20.75 10.0 17.362 0
051028 20.75 10.0 17.362 0
051101 20.75 10.0 17.362 0
051131 20.75 10.0 17.362 0
051201 20.75 10.0 17.362 0
051232 20.75 10.0 17.362 0
051302 20.75 10.0 17.362 0
051333 20.75 10.0 17.362 0
051403 20.75 10.0 17.362 0
051434 20.75 10.0 17.362 0
051504 20.75 10.0 17.362 0
051535 20.75 10.0 17.362 0
051605 20.75 10.0 17.362 0
051635 20.75 10.0 17.362 0
051705 20.75 10.0 17.362 0
051735 20.75 10.0 17.362 0
051805 20.75 10.0 17.362 0
051836 20.75 10.0 17.362 0
051907 20.75 10.0 17.362 0
051937 20.75 10.0 17.362 0
052007 20.75 10.0 17.362 0
052037 20.75 10.0 17.362 0
052108 20.75 10.0 17.362 0
052138 20.75 10.0 17.362 0
052208 20.75 10.0 17.362 0
052239 20.75 10.0 17.362 0
052309 20.75 10.0 17.362 0
052339 20.75 10.0 17.362 0
052409 20.75 10.0 17.362 0
052440 20.75 10.0 17.362 0
052510 20.75 10.0 17.362 0
052540 20.75 10.0 17.362 0
052610 20.75 10.0 17.362 0
052640 20.75 10.0 17.362 0
052711 20.75 10.0 17.362 0
052742 20.75 10.0 17.362 0
052812 20.75 10.0 17.362 0
052842 20.75 10.0 17.362 0
052912 20.75 10.0 17.362 0
052943 20.75 10.0 17.362 0
053013 20.75 10.0 17.362 0
053044 20.75 10.0 17.362 0
053114 20.75 10.0 17.362 0
053144 20.75 10.0 17.362 0
053214 20.75 10.0 17.362 0
053244 20.75 10.0 17.362 0
053314 20.75 10.0 17.362 0
053345 20.75 10.0 17.362 0
053416 20.75 10.0 17.362 0
053446 20.75 10.0 17.362 0
053516 20.75 10.0 17.362 0
053546 20.75 10.0 17.362 0
053617 20.75 10.0 17.362 0
053647 20.75 10.0 17.362 0
053717 20.75 10.0 17.362 0
053747 20.75 10.0 17.362 0
053818 20.75 10.0 17.362 0
053848 20.75 10.0 17.362 0
053918 20.75 10.0 17.362 0
053948 20.75 10.0 17.362 0
054018 20.75 10.0 17.362 0
054048 20.75 10.0 17.362 0
054119 20.75 10.0 17.362 0
054149 20.75 10.0 17.362 0
054219 20.75 10.0 17.362 0
054250 20.75 10.0 17.362 0
054320 20.75 10.0 17.362 0
054351 20.75 10.0 17.362 0
054422 20.75 10.0 17.362 0
054452 20.75 10.0 17.362 0
054523 20.75 10.0 17.362 0
054553 20.75 10.0 17.362 0
054623 20.75 10.0 17.362 0
054653 20.75 10.0 17.362 0
054724 20.75 10.0 17.362 0
054754 20.75 10.0 17.362 0
054824 20.75 10.0 17.362 0
054854 20.75 10.0 17.362 0
054925 20.75 10.0 17.362 0
054955 20.75 10.0 17.362 0
055025 20.75 10.0 17.362 0
055056 20.75 10.0 17.362 0
055126 20.687 10.0 17.362 0
055156 20.687 10.0 17.362 0
055226 20.687 10.0 17.362 0
055256 20.687 10.0 17.362 0
055327 20.687 10.0 17.362 0
055357 20.75 10.0 17.362 0
055428 20.75 10.0 17.362 0
055458 20.75 10.0 17.362 0
055528 20.75 10.0 17.362 0
055558 20.75 10.0 17.362 0
055628 20.687 10.0 17.362 0
055659 20.687 10.0 17.362 0
055729 20.687 10.0 17.362 0
055800 20.687 10.0 17.362 0
055830 20.687 10.0 17.362 0
055900 20.75 10.0 17.362 0
055930 20.75 10.0 17.362 0
060001 20.75 10.0 17.362 0
060031 20.75 10.0 17.362 0
060102 20.75 10.0 17.362 0
060132 20.75 10.0 17.362 0
060203 20.75 10.0 17.362 0
060234 20.75 10.0 17.362 0
060304 20.75 10.0 17.362 0
060337 20.75 10.0 17.362 0
060407 20.75 10.0 17.362 0
060437 20.75 10.0 17.362 0
060508 20.75 10.0 17.362 0
060538 20.75 10.0 17.362 0
060608 20.75 10.0 17.362 0
060639 20.75 10.0 17.362 0
060709 20.75 10.0 17.362 0
060739 20.75 10.0 17.362 0
060810 20.75 10.0 17.362 0
060840 20.75 10.0 17.362 0
060910 20.75 10.0 17.362 0
060940 20.75 10.0 17.362 0
061011 20.75 10.0 17.362 0
061041 20.75 10.0 17.362 0
061111 20.75 10.0 17.362 0
061141 20.75 10.0 17.362 0
061212 20.75 10.0 17.362 0
061242 20.75 10.0 17.362 0
061313 20.75 10.0 17.362 0
061343 20.75 10.0 17.362 0
061413 20.75 10.0 17.362 0
061444 20.75 10.0 17.362 0
061514 20.75 10.0 17.362 0
061544 20.75 10.0 17.362 0
061615 20.687 10.0 17.362 0
061645 20.687 10.0 17.362 0
061715 20.687 10.0 17.362 0
061746 20.687 10.0 17.362 0
061816 20.687 10.0 17.362 0
061846 20.687 10.0 17.362 0
061916 20.687 10.0 17.362 0
061947 20.687 10.0 17.362 0
062017 20.687 10.0 17.362 0
062048 20.687 10.0 17.362 0
062118 20.687 10.0 17.362 0
062148 20.687 10.0 17.362 0
062219 20.687 10.0 17.362 0
062249 20.687 10.0 17.362 0
062319 20.687 10.0 17.362 0
062349 20.687 10.0 17.362 0
062420 20.687 10.0 17.362 0
062450 20.687 10.0 17.362 0
062520 20.687 10.0 17.362 0
062551 20.687 10.0 17.362 0
062621 20.687 10.0 17.362 0
062651 20.687 10.0 17.362 0
062722 20.687 10.0 17.362 0
062752 20.687 10.0 17.362 0
062822 20.687 10.0 17.362 0
062852 20.687 10.0 17.362 0
062923 20.687 10.0 17.362 0
062953 20.687 10.0 17.362 0
063023 20.687 10.0 17.362 0
063054 20.687 10.0 17.362 0
063124 20.75 10.0 17.362 0
063154 20.75 10.0 17.362 0
063225 20.75 10.0 17.362 0
063255 20.75 10.0 17.362 0
063325 20.75 10.0 17.362 0
063355 20.75 10.0 17.362 0
063426 20.75 10.0 17.362 0
063456 20.75 10.0 17.362 0
063526 20.75 10.0 17.362 0
063556 20.75 10.0 17.362 0
063627 20.75 10.0 17.362 0
063658 20.75 10.0 17.362 0
063728 20.75 10.0 17.362 0
063758 20.75 10.0 17.362 0
063828 20.75 10.0 17.362 0
063859 20.75 10.0 17.362 0
063929 20.75 10.0 17.362 0
063959 20.75 10.0 17.362 0
064029 20.75 10.0 17.362 0
064100 20.75 10.0 17.362 0
064130 20.75 10.0 17.362 0
064200 20.75 10.0 17.362 0
064230 20.75 10.0 17.362 0
064301 20.75 10.0 17.362 0
064331 20.75 10.0 17.362 0
064401 20.75 10.0 17.362 0
064432 20.75 10.0 17.362 0
064502 20.75 10.0 17.362 0
064532 20.75 10.0 17.362 0
064602 20.75 10.0 17.362 0
064633 20.75 10.0 17.362 0
064703 20.75 10.0 17.362 0
064733 20.75 10.0 17.362 0
064803 20.75 10.0 17.362 0
064834 20.75 10.0 17.362 0
064904 20.75 10.0 17.362 0
064934 20.75 10.0 17.362 0
065005 20.75 10.0 17.362 0
065035 20.75 10.0 17.362 0
065105 20.75 10.0 17.362 0
065135 20.75 10.0 17.362 0
065205 20.75 10.0 17.362 0
065235 20.75 10.0 17.362 0
065306 20.75 10.0 17.362 0
065336 20.75 10.0 17.362 0
065407 20.75 10.0 17.362 0
065437 20.75 10.0 17.362 0
065507 20.75 10.0 17.362 0
065537 20.75 10.0 17.362 0
065608 20.75 10.0 17.362 0
065638 20.687 10.0 17.362 0
065709 20.687 10.0 17.362 0
065739 20.687 10.0 17.362 0
065809 20.687 10.0 17.362 0
065839 20.687 10.0 17.362 0
065910 20.687 10.0 17.362 0
065940 20.687 10.0 17.362 0
070010 20.687 10.0 17.362 0
070041 20.687 10.0 17.362 0
070114 20.687 10.0 17.362 0
070144 20.687 10.0 17.362 0
070214 20.687 10.0 17.362 0
070244 20.687 10.0 17.362 0
070314 20.687 10.0 17.362 0
070345 20.687 10.0 17.362 0
070415 20.687 10.0 17.362 0
070446 20.687 10.0 17.362 0
070516 20.687 10.0 17.362 0
070546 20.687 10.0 17.362 0
070617 20.687 10.0 17.362 0
070647 20.687 10.0 17.362 0
070717 20.687 10.0 17.362 0
070747 20.687 10.0 17.362 0
070817 20.687 10.0 17.362 0
070848 20.687 10.0 17.362 0
070918 20.687 10.0 17.362 0
070948 20.687 10.0 17.362 0
071018 20.687 10.0 17.362 0
071049 20.687 10.0 17.362 0
071119 20.687 10.0 17.362 0
071149 20.687 10.0 17.362 0
071220 20.687 10.0 17.362 0
071250 20.687 10.0 17.362 0
071321 20.687 10.0 17.362 0
071351 20.687 10.0 17.362 0
071421 20.687 10.0 17.362 0
071451 20.687 10.0 17.362 0
071522 20.687 10.0 17.362 0
071552 20.687 10.0 17.362 0
071622 20.687 10.0 17.362 0
071652 20.687 10.0 17.362 0
071722 20.687 10.0 17.362 0
071752 20.687 10.0 17.362 0
071823 20.687 10.0 17.362 0
071853 20.687 10.0 17.362 0
071924 20.687 10.0 17.362 0
071954 20.687 10.0 17.362 0
072024 20.687 10.0 17.362 0
072055 20.687 10.0 17.362 0
072125 20.687 10.0 17.362 0
072155 20.687 10.0 17.362 0
072226 20.687 10.0 17.362 0
072256 20.687 10.0 17.362 0
072326 20.687 10.0 17.362 0
072356 20.687 10.0 17.362 0
072426 20.687 10.0 17.362 0
072457 20.687 10.0 17.362 0
072527 20.687 10.0 17.362 0
072557 20.687 10.0 17.362 0
072628 20.687 10.0 17.362 0
072658 20.687 10.0 17.362 0
072729 20.687 10.0 17.362 0
072759 20.687 10.0 17.362 0
072830 20.687 10.0 17.362 0
072900 20.687 10.0 17.362 0
072930 20.687 10.0 17.362 0
073001 20.687 10.0 17.362 0
073032 20.687 10.0 17.362 0
073102 20.687 10.0 17.362 0
073133 20.687 10.0 17.362 0
073203 20.687 10.0 17.362 0
073233 20.687 10.0 17.362 0
073304 20.687 10.0 17.362 0
073334 20.687 10.0 17.362 0
073404 20.687 10.0 17.362 0
073434 20.687 10.0 17.362 0
073505 20.687 10.0 17.362 0
073535 20.687 10.0 17.362 0
073605 20.687 10.0 17.362 0
073635 20.687 10.0 17.362 0
073706 20.687 10.0 17.362 0
073736 20.687 10.0 17.362 0
073806 20.687 10.0 17.362 0
073836 20.687 10.0 17.362 0
073907 20.687 10.0 17.362 0
073937 20.687 10.0 17.362 0
074008 20.687 10.0 17.362 0
074039 20.687 10.0 17.362 0
074109 20.687 10.0 17.362 0
074139 20.625 10.0 17.362 0
074209 20.625 10.0 17.362 0
074239 20.625 10.0 17.362 0
074309 20.625 10.0 17.362 0
074340 20.625 10.0 17.362 0
074410 20.687 10.0 17.362 0
074441 20.687 10.0 17.362 0
074511 20.687 10.0 17.362 0
074541 20.687 10.0 17.362 0
074612 20.687 10.0 17.362 0
074642 20.687 10.0 17.362 0
074712 20.687 10.0 17.362 0
074742 20.687 10.0 17.362 0
074812 20.687 10.0 17.362 0
074843 20.687 10.0 17.362 0
074913 20.625 10.0 17.362 0
074943 20.625 10.0 17.362 0
075014 20.625 10.0 17.362 0
075045 20.625 10.0 17.362 0
075115 20.625 10.0 17.362 0
075146 20.625 10.0 17.362 0
075216 20.625 10.0 17.362 0
075247 20.625 10.0 17.362 0
075317 20.625 10.0 17.362 0
075349 20.625 10.0 17.362 0
075420 20.625 10.0 17.362 0
075451 20.625 10.0 17.362 0
075521 20.625 10.0 17.362 0
075551 20.625 10.0 17.362 0
075622 20.625 10.0 17.362 0
075652 20.625 10.0 17.362 0
075722 20.625 10.0 17.362 0
075752 20.625 10.0 17.362 0
075822 20.625 10.0 17.362 0
075852 20.687 10.0 17.362 0
075923 20.687 10.0 17.362 0
075953 20.687 10.0 17.362 0
080023 20.687 10.0 17.362 0
080054 20.687 10.0 17.362 0
080124 20.625 10.0 17.362 0
080155 20.625 10.0 17.362 0
080225 20.625 10.0 17.362 0
080255 20.625 10.0 17.362 0
080326 20.625 10.0 17.362 0
080356 20.625 10.0 17.362 0
080426 20.625 10.0 17.362 0
080456 20.625 10.0 17.362 0
080527 20.625 10.0 17.362 0
080557 20.625 10.0 17.362 0
080627 20.625 10.0 17.362 0
080658 20.625 10.0 17.362 0
080728 20.625 10.0 17.362 0
080758 20.625 10.0 17.362 0
080828 20.625 10.0 17.362 0
080859 20.625 10.0 17.362 0
080929 20.625 10.0 17.362 0
080959 20.625 10.0 17.362 0
081030 20.625 10.0 17.362 0
081100 20.625 10.0 17.362 0
081130 20.625 10.0 17.362 0
081201 20.625 10.0 17.362 0
081232 20.625 10.0 17.362 0
081302 20.625 10.0 17.362 0
081332 20.625 10.0 17.362 0
081402 20.625 10.0 17.362 0
081432 20.625 10.0 17.362 0
081503 20.625 10.0 17.362 0
081535 20.625 10.0 17.362 0
081605 20.625 10.0 17.362 0
081635 20.625 10.0 17.362 0
081705 20.625 10.0 17.362 0
081736 20.625 10.0 17.362 0
081806 20.625 10.0 17.362 0
081836 20.625 10.0 17.362 0
081906 20.625 10.0 17.362 0
081937 20.625 10.0 17.362 0
082007 20.625 10.0 17.362 0
082037 20.625 10.0 17.362 0
082108 20.625 10.0 17.362 0
082138 20.687 10.0 17.362 0
082208 20.687 10.0 17.362 0
082239 20.687 10.0 17.362 0
082309 20.687 10.0 17.362 0
082340 20.687 10.0 17.362 0
082410 20.625 10.0 17.362 0
082441 20.625 10.0 17.362 0
082512 20.625 10.0 17.362 0
082543 20.625 10.0 17.362 0
082613 20.625 10.0 17.362 0
082643 20.625 10.0 17.362 0
082714 20.625 10.0 17.362 0
082744 20.625 10.0 17.362 0
082815 20.625 10.0 17.362 0
082845 20.625 10.0 17.362 0
082915 20.625 10.0 17.362 0
082945 20.625 10.0 17.362 0
083016 20.625 10.0 17.362 0
083047 20.625 10.0 17.362 0
083117 20.625 10.0 17.362 0
083148 20.625 10.0 17.362 0
083218 20.625 10.0 17.362 0
083249 20.625 10.0 17.362 0
083319 20.625 10.0 17.362 0
083350 20.625 10.0 17.362 0
083420 20.625 10.0 17.362 0
083450 20.625 10.0 17.362 0
083520 20.625 10.0 17.362 0
083551 20.625 10.0 17.362 0
083621 20.625 10.0 17.362 0
083651 20.625 10.0 17.362 0
083722 20.625 10.0 17.362 0
083752 20.625 10.0 17.362 0
083823 20.625 10.0 17.362 0
083856 20.625 10.0 17.362 0
083926 20.625 10.0 17.362 0
083956 20.625 10.0 17.362 0
084027 20.625 10.0 17.362 0
084057 20.625 10.0 17.362 0
084128 20.625 10.0 17.362 0
084158 20.625 10.0 17.362 0
084229 20.625 10.0 17.362 0
084259 20.625 10.0 17.362 0
084329 20.625 10.0 17.362 0
084400 20.625 10.0 17.362 0
084431 20.625 10.0 17.362 0
084501 20.625 10.0 17.362 0
084532 20.625 10.0 17.362 0
084602 20.625 10.0 17.362 0
084632 20.625 10.0 17.362 0
084703 20.625 10.0 17.362 0
084733 20.625 10.0 17.362 0
084803 20.625 10.0 17.362 0
084834 20.625 10.0 17.362 0
084904 20.625 10.0 17.362 0
084934 20.625 10.0 17.362 0
085005 20.625 10.0 17.362 0
085036 20.625 10.0 17.362 0
085106 20.625 10.0 17.362 0
085136 20.625 10.0 17.362 0
085207 20.625 10.0 17.362 0
085237 20.625 10.0 17.362 0
085308 20.625 10.0 17.362 0
085338 20.625 10.0 17.362 0
085408 20.625 10.0 17.362 0
085439 20.625 10.0 17.362 0
085510 20.625 10.0 17.362 0
085541 20.625 10.0 17.362 0
085611 20.625 10.0 17.362 0
085642 20.625 10.0 17.362 0
085712 20.625 10.0 17.362 0
085742 20.625 10.0 17.362 0
085812 20.625 10.0 17.362 0
085843 20.625 10.0 17.362 0
085914 20.625 10.0 17.362 0
085944 20.625 10.0 17.362 0
090014 20.625 10.0 17.362 0
090045 20.625 10.0 17.362 0
090115 20.625 10.0 17.362 0
090146 20.625 10.0 17.362 0
090216 20.625 10.0 17.362 0
090246 20.625 10.0 17.362 0
090317 20.625 10.0 17.362 0
090347 20.625 10.0 17.362 0
090418 20.625 10.0 17.362 0
090449 20.625 10.0 17.362 0
090519 20.625 10.0 17.362 0
090550 20.625 10.0 17.362 0
090620 20.625 10.0 17.362 0
090651 20.625 10.0 17.362 0
090721 20.625 10.0 17.362 0
090751 20.625 10.0 17.362 0
090822 20.625 10.0 17.362 0
090852 20.625 10.0 17.362 0
090922 20.625 10.0 17.362 0
090952 20.625 10.0 17.362 0
091023 20.625 10.0 17.362 0
091053 20.625 10.0 17.362 0
091123 20.625 10.0 17.362 0
091153 20.562 10.0 17.362 0
091223 20.562 10.0 17.362 0
091253 20.562 10.0 17.362 0
091324 20.562 10.0 17.362 0
091354 20.562 10.0 17.362 0
091425 20.625 10.0 17.362 0
091456 20.625 10.0 17.362 0
091527 20.625 10.0 17.362 0
091557 20.625 10.0 17.362 0
091628 20.625 10.0 17.362 0
091658 20.625 10.0 17.362 0
091728 20.625 10.0 17.362 0
091759 20.625 10.0 17.362 0
091829 20.625 10.0 17.362 0
091859 20.625 10.0 17.362 0
091929 20.625 10.0 17.362 0
092000 20.625 10.0 17.362 0
092030 20.625 10.0 17.362 0
092101 20.625 10.0 17.362 0
092133 20.562 10.0 17.362 0
092203 20.562 10.0 17.362 0
092234 20.562 10.0 17.362 0
092305 20.562 10.0 17.362 0
092335 20.562 10.0 17.362 0
092406 20.625 10.0 17.362 0
092436 20.625 10.0 17.362 0
092507 20.625 10.0 17.362 0
092537 20.625 10.0 17.362 0
092607 20.625 10.0 17.362 0
092637 20.562 10.0 17.362 0
092708 20.562 10.0 17.362 0
092738 20.562 10.0 17.362 0
092808 20.562 10.0 17.362 0
092838 20.562 10.0 17.362 0
092908 20.625 10.0 17.362 0
092939 20.625 10.0 17.362 0
093010 20.625 10.0 17.362 0
093040 20.625 10.0 17.362 0
093111 20.625 10.0 17.362 0
093141 20.625 10.0 17.362 0
093211 20.625 10.0 17.362 0
093242 20.625 10.0 17.362 0
093312 20.625 10.0 17.362 0
093342 20.625 10.0 17.362 0
093412 20.562 10.0 17.362 0
093443 20.562 10.0 17.362 0
093513 20.562 10.0 17.362 0
093544 20.562 10.0 17.362 0
093614 20.562 10.0 17.362 0
093645 20.625 10.0 17.362 0
093715 20.625 10.0 17.362 0
093745 20.625 10.0 17.362 0
093816 20.625 10.0 17.362 0
093846 20.625 10.0 17.362 0
093916 20.625 10.0 17.362 0
093946 20.625 10.0 17.362 0
094016 20.625 10.0 17.362 0
094047 20.625 10.0 17.362 0
094117 20.625 10.0 17.362 0
094147 20.562 10.0 17.362 0
094217 20.562 10.0 17.362 0
094248 20.562 10.0 17.362 0
094318 20.562 10.0 17.362 0
094348 20.562 10.0 17.362 0
094419 20.562 10.0 17.362 0
094449 20.562 10.0 17.362 0
094520 20.562 10.0 17.362 0
094550 20.562 10.0 17.362 0
094620 20.562 10.0 17.362 0
094651 20.562 10.0 17.362 0
094721 20.562 10.0 17.362 0
094752 20.562 10.0 17.362 0
094822 20.562 10.0 17.362 0
094852 20.562 10.0 17.362 0
094923 20.562 10.0 17.362 0
094953 20.562 10.0 17.362 0
095024 20.562 10.0 17.362 0
095054 20.562 10.0 17.362 0
095125 20.562 10.0 17.362 0
095156 20.562 10.0 17.362 0
095226 20.562 10.0 17.362 0
095257 20.562 10.0 17.362 0
095327 20.562 10.0 17.362 0
095358 20.562 10.0 17.362 0
095428 20.562 10.0 17.362 0
095458 20.562 10.0 17.362 0
095528 20.562 10.0 17.362 0
095558 20.562 10.0 17.362 0
095629 20.562 10.0 17.362 0
095659 20.562 10.0 17.362 0
095729 20.562 10.0 17.362 0
095800 20.562 10.0 17.362 0
095830 20.562 10.0 17.362 0
095900 20.562 10.0 17.362 0
095931 20.562 10.0 17.362 0
100001 20.562 10.0 17.362 0
100032 20.562 10.0 17.362 0
100102 20.562 10.0 17.362 0
100133 20.562 10.0 17.362 0
100203 20.625 10.0 17.362 0
100233 20.625 10.0 17.362 0
100303 20.625 10.0 17.362 0
100333 20.625 10.0 17.362 0
100403 20.625 10.0 17.362 0
100434 20.625 10.0 17.362 0
100504 20.625 10.0 17.362 0
100534 20.625 10.0 17.362 0
100605 20.625 10.0 17.362 0
100635 20.625 10.0 17.362 0
100705 20.625 10.0 17.362 0
100735 20.625 10.0 17.425 0
100806 20.625 10.0 17.362 0
100836 20.625 10.0 17.362 0
100908 20.625 10.0 17.362 0
100939 20.625 10.0 17.425 0
101010 20.625 10.0 17.362 0
101040 20.625 10.0 17.362 0
101111 20.625 10.0 17.362 0
101142 20.625 10.0 17.362 0
101212 20.625 10.0 17.362 0
101242 20.625 10.0 17.362 0
101312 20.625 10.0 17.362 0
101343 20.625 10.0 17.362 0
101413 20.625 10.0 17.425 0
101443 20.625 10.0 17.362 0
101514 20.625 10.0 17.362 0
101545 20.625 10.0 17.362 0
101615 20.625 10.0 17.362 0
101645 20.625 10.0 17.362 0
101716 20.625 10.0 17.362 0
101746 20.625 10.0 17.362 0
101816 20.625 10.0 17.362 0
101847 20.625 10.0 17.362 0
101917 20.687 10.0 17.362 0
101947 20.687 10.0 17.362 0
102018 20.687 10.0 17.362 0
102049 20.687 10.0 17.362 0
102119 20.687 10.0 17.362 0
102150 20.625 10.0 17.362 0
102220 20.625 10.0 17.425 0
102250 20.625 10.0 17.362 0
102320 20.625 10.0 17.362 0
102351 20.625 10.0 17.362 0
102421 20.687 10.0 17.425 0
102451 20.687 10.0 17.362 0
102522 20.687 10.0 17.425 0
102552 20.687 10.0 17.362 0
102622 20.687 10.0 17.425 0
102652 20.687 10.0 17.362 0
102723 20.687 10.0 17.362 0
102753 20.687 10.0 17.425 0
102823 20.687 10.0 17.362 0
102854 20.687 10.0 17.362 0
102924 20.687 10.0 17.362 0
102954 20.687 10.0 17.362 0
103025 20.687 10.0 17.362 0
103055 20.687 10.0 17.362 0
103125 20.687 10.0 17.425 0
103155 20.687 10.0 17.362 0
103226 20.687 10.0 17.425 0
103256 20.687 10.0 17.362 0
103327 20.687 10.0 17.425 0
103357 20.687 10.0 17.425 0
103427 20.687 10.0 17.362 0
103458 20.687 10.0 17.362 0
103528 20.687 10.0 17.362 0
103558 20.687 10.0 17.362 0
103628 20.687 10.0 17.362 0
103659 20.687 10.0 17.362 0
103729 20.687 10.0 17.362 0
103759 20.687 10.0 17.362 0
103830 20.687 10.0 17.362 0
103900 20.687 10.0 17.362 0
103930 20.687 10.0 17.425 0
104000 20.687 10.0 17.362 0
104031 20.687 10.0 17.362 0
104101 20.687 10.0 17.362 0
104131 20.687 10.0 17.425 0
104202 20.687 10.0 17.425 0
104232 20.687 10.0 17.425 0
104302 20.687 10.0 17.425 0
104332 20.687 10.0 17.362 0
104403 20.687 10.0 17.425 0
104433 20.75 10.0 17.362 0
104503 20.75 10.0 17.362 0
104533 20.75 10.0 17.362 0
104603 20.75 10.0 17.362 0
104633 20.75 10.0 17.362 0
104704 20.687 10.0 17.425 0
104735 20.687 10.0 17.362 0
104805 20.687 10.0 17.425 0
104836 20.687 10.0 17.425 0
104906 20.687 10.0 17.425 0
104936 20.75 10.0 17.425 0
105006 20.75 10.0 17.362 0
105036 20.75 10.0 17.425 0
105106 20.75 10.0 17.362 0
105137 20.75 10.0 17.362 0
105207 20.687 10.0 17.425 0
105237 20.687 10.0 17.425 0
105307 20.687 10.0 17.362 0
105338 20.687 10.0 17.362 0
105408 20.687 10.0 17.425 0
105439 20.687 10.0 17.362 0
105509 20.687 10.0 17.362 0
105539 20.687 10.0 17.362 0
105610 20.687 10.0 17.425 0
105640 20.687 10.0 17.362 0
105711 20.687 10.0 17.362 0
105741 20.687 10.0 17.362 0
105811 20.687 10.0 17.362 0
105841 20.687 10.0 17.425 0
105912 20.687 10.0 17.362 0
105942 20.687 10.0 17.425 0
110013 20.687 10.0 17.362 0
110043 20.687 10.0 17.425 0
110113 20.687 10.0 17.425 0
110144 20.687 10.0 17.425 0
110214 20.75 10.0 17.425 0
110245 20.75 10.0 17.425 0
110315 20.75 10.0 17.362 0
110346 20.75 10.0 17.425 0
110418 20.75 10.0 17.362 0
110448 20.75 10.0 17.425 0
110518 20.75 10.0 17.425 0
110548 20.75 10.0 17.362 0
110619 20.75 10.0 17.362 0
110649 20.75 10.0 17.362 0
110719 20.75 10.0 17.425 0
110750 20.75 10.0 17.362 0
110820 20.75 10.0 17.425 0
110850 20.75 10.0 17.362 0
110921 20.75 10.0 17.425 0
110952 20.75 10.0 17.425 0
111022 20.75 10.0 17.425 0
111052 20.75 10.0 17.362 0
111123 20.75 10.0 17.425 0
111154 20.75 10.0 17.362 0
111225 20.75 10.0 17.425 0
111255 20.75 10.0 17.362 0
111325 20.75 10.0 17.425 0
111355 20.75 10.0 17.362 0
111426 20.75 10.0 17.425 0
111456 20.75 10.0 17.425 0
111526 20.75 10.0 17.425 0
111557 20.75 10.0 17.425 0
111627 20.75 10.0 17.362 0
111657 20.75 10.0 17.362 0
111727 20.75 10.0 17.425 0
111758 20.75 10.0 17.425 0
111828 20.75 10.0 17.425 0
111858 20.75 10.0 17.425 0
111928 20.75 10.0 17.425 0
111958 20.75 10.0 17.362 0
112029 20.75 10.0 17.362 0
112059 20.75 10.0 17.425 0
112130 20.75 10.0 17.362 0
112201 20.687 10.0 17.425 0
112231 20.687 10.0 17.425 0
112301 20.687 10.0 17.425 0
112331 20.687 10.0 17.425 0
112401 20.687 10.0 17.425 0
112431 20.75 10.0 17.425 0
112502 20.75 10.0 17.362 0
112532 20.75 10.0 17.425 0
112602 20.75 10.0 17.425 0
112632 20.75 10.0 17.425 0
112703 20.75 10.0 17.425 0
112733 20.75 10.0 17.425 0
112803 20.75 10.0 17.425 0
112834 20.75 10.0 17.425 0
112904 20.75 10.0 17.425 0
112935 20.75 10.0 17.425 0
113005 20.75 10.0 17.425 0
113035 20.75 10.0 17.425 0
113106 20.75 10.0 17.425 0
113136 20.75 10.0 17.425 0
113207 20.75 10.0 17.425 0
113237 20.75 10.0 17.425 0
113308 20.75 10.0 17.425 0
113338 20.75 10.0 17.425 0
113408 20.75 10.0 17.425 0
113439 20.75 10.0 17.425 0
113510 20.75 10.0 17.425 0
113540 20.75 10.0 17.425 0
113611 20.75 10.0 17.425 0
113641 20.75 10.0 17.425 0
113712 20.75 10.0 17.362 0
113742 20.75 10.0 17.425 0
113812 20.75 10.0 17.425 0
113843 20.75 10.0 17.425 0
113913 20.75 10.0 17.425 0
113943 20.75 10.0 17.425 0
114013 20.75 10.0 17.425 0
114044 20.75 10.0 17.425 0
114114 20.75 10.0 17.425 0
114144 20.75 10.0 17.425 0
114214 20.75 10.0 17.425 0
114244 20.75 10.0 17.425 0
114315 20.75 10.0 17.425 0
114345 20.75 10.0 17.425 0
114415 20.75 10.0 17.425 0
114445 20.75 10.0 17.425 0
114515 20.75 10.0 17.425 0
114546 20.75 10.0 17.425 0
114616 20.75 10.0 17.425 0
114646 20.75 10.0 17.425 0
114717 20.75 10.0 17.425 0
114747 20.75 10.0 17.425 0
114817 20.75 10.0 17.425 0
114847 20.75 10.0 17.425 0
114917 20.75 10.0 17.425 0
114948 20.75 10.0 17.425 0
115018 20.75 10.0 17.425 0
115048 20.75 10.0 17.425 0
115118 20.75 10.0 17.425 0
115148 20.75 10.0 17.425 0
115219 20.75 10.0 17.425 0
115249 20.75 10.0 17.425 0
115320 20.75 10.0 17.425 0
115350 20.75 10.0 17.425 0
115420 20.75 10.0 17.425 0
115451 20.75 10.0 17.425 0
115521 20.75 10.0 17.425 0
115551 20.75 10.0 17.425 0
115622 20.75 10.0 17.425 0
115654 20.75 10.0 17.425 0
115724 20.75 10.0 17.425 0
115754 20.75 10.0 17.425 0
115824 20.75 10.0 17.425 0
115855 20.75 10.0 17.425 0
115925 20.75 10.0 17.425 0
115955 20.75 10.0 17.425 0
120025 20.75 10.0 17.425 0
120056 20.75 10.0 17.425 0
120126 20.75 10.0 17.425 0
120156 20.75 10.0 17.425 0
120227 20.75 10.0 17.425 0
120257 20.75 10.0 17.425 0
120327 20.75 10.0 17.425 0
120358 20.75 10.0 17.425 0
120428 20.75 10.0 17.425 0
120458 20.75 10.0 17.425 0
120529 20.75 10.0 17.425 0
120559 20.75 10.0 17.425 0
120630 20.75 10.0 17.425 0
120700 20.75 10.0 17.425 0
120730 20.75 10.0 17.425 0
120800 20.75 10.0 17.425 0
120830 20.75 10.0 17.425 0
120901 20.75 10.0 17.425 0
120931 20.75 10.0 17.425 0
121001 20.75 10.0 17.425 0
121031 20.75 10.0 17.425 0
121102 20.75 10.0 17.425 0
121132 20.75 10.0 17.425 0
121202 20.75 10.0 17.425 0
121232 20.75 10.0 17.425 0
121302 20.75 10.0 17.425 0
121332 20.75 10.0 17.425 0
121403 20.75 10.0 17.425 0
121433 20.75 10.0 17.425 0
121504 20.75 10.0 17.425 0
121534 20.75 10.0 17.425 0
121605 20.75 10.0 17.425 0
121635 20.75 10.0 17.425 0
121705 20.75 10.0 17.425 0
121736 20.75 10.0 17.425 0
121806 20.75 10.0 17.425 0
121836 20.75 10.0 17.425 0
121907 20.75 10.0 17.425 0
121937 20.75 10.0 17.425 0
122008 20.75 10.0 17.425 0
122038 20.75 10.0 17.425 0
122109 20.75 10.0 17.425 0
122139 20.75 10.0 17.425 0
122209 20.75 10.0 17.425 0
122239 20.75 10.0 17.425 0
122310 20.75 10.0 17.425 0
122340 20.75 10.0 17.425 0
122411 20.75 10.0 17.425 0
122441 20.75 10.0 17.425 0
122511 20.75 10.0 17.425 0
122542 20.75 10.0 17.425 0
122613 20.75 10.0 17.425 0
122643 20.75 10.0 17.425 0
122713 20.75 10.0 17.425 0
122744 20.75 10.0 17.425 0
122814 20.75 10.0 17.425 0
122845 20.75 10.0 17.425 0
122915 20.75 10.0 17.425 0
122945 20.75 10.0 17.425 0
123015 20.75 10.0 17.425 0
123046 20.75 10.0 17.425 0
123116 20.75 10.0 17.425 0
123146 20.75 10.0 17.425 0
123217 20.75 10.0 17.425 0
123247 20.75 10.0 17.425 0
123317 20.75 10.0 17.425 0
123347 20.75 10.0 17.425 0
123418 20.75 10.0 17.425 0
123448 20.75 10.0 17.425 0
123518 20.75 10.0 17.425 0
123549 20.75 10.0 17.425 0
123619 20.75 10.0 17.425 0
123649 20.75 10.0 17.425 0
123719 20.75 10.0 17.425 0
123750 20.75 10.0 17.425 0
123820 20.75 10.0 17.425 0
123851 20.75 10.0 17.425 0
123921 20.75 10.0 17.425 0
123951 20.687 10.0 17.425 0
124022 20.687 10.0 17.425 0
124052 20.687 10.0 17.425 0
124122 20.687 10.0 17.425 0
124153 20.687 10.0 17.425 0
124223 20.75 10.0 17.425 0
124253 20.75 10.0 17.425 0
124324 20.75 10.0 17.425 0
124354 20.75 10.0 17.425 0
124424 20.75 10.0 17.425 0
124454 20.75 10.0 17.425 0
124525 20.75 10.0 17.425 0
124555 20.75 10.0 17.425 0
124625 20.75 10.0 17.425 0
124655 20.75 10.0 17.425 0
124726 20.75 10.0 17.425 0
124756 20.75 10.0 17.425 0
124827 20.75 10.0 17.425 0
124857 20.75 10.0 17.425 0
124927 20.75 10.0 17.425 0
124957 20.75 10.0 17.425 0
125027 20.75 10.0 17.425 0
125058 20.75 10.0 17.425 0
125128 20.75 10.0 17.425 0
125158 20.75 10.0 17.425 0
125228 20.75 10.0 17.425 0
125259 20.75 10.0 17.425 0
125329 20.75 10.0 17.425 0
125359 20.75 10.0 17.425 0
125429 20.75 10.0 17.425 0
125500 20.75 10.0 17.425 0
125530 20.75 10.0 17.425 0
125601 20.75 10.0 17.425 0
125631 20.75 10.0 17.425 0
125704 20.75 10.0 17.425 0
125734 20.75 10.0 17.425 0
125804 20.75 10.0 17.425 0
125835 20.75 10.0 17.425 0
125905 20.75 10.0 17.425 0
125935 20.75 10.0 17.425 0
130005 20.75 10.0 17.425 0
130035 20.75 10.0 17.425 0
130106 20.75 10.0 17.425 0
130136 20.75 10.0 17.425 0
130206 20.687 10.0 17.425 0
130236 20.687 10.0 17.425 0
130306 20.687 10.0 17.425 0
130337 20.687 10.0 17.425 0
130408 20.687 10.0 17.425 0
130439 20.687 10.0 17.425 0
130509 20.687 10.0 17.425 0
130540 20.687 10.0 17.425 0
130610 20.687 10.0 17.425 0
130641 20.687 10.0 17.425 0
130711 20.687 10.0 17.425 0
130741 20.687 10.0 17.425 0
130811 20.687 10.0 17.425 0
130842 20.687 10.0 17.425 0
130912 20.687 10.0 17.425 0
130943 20.75 10.0 17.425 0
131013 20.75 10.0 17.425 0
131043 20.75 10.0 17.425 0
131113 20.75 10.0 17.425 0
131144 20.75 10.0 17.425 0
131214 20.75 10.0 17.425 0
131244 20.75 10.0 17.425 0
131314 20.75 10.0 17.425 0
131344 20.75 10.0 17.425 0
131415 20.75 10.0 17.425 0
131446 20.687 10.0 17.425 0
131516 20.687 10.0 17.425 0
131547 20.687 10.0 17.425 0
131617 20.687 10.0 17.425 0
131647 20.687 10.0 17.425 0
131717 20.687 10.0 17.425 0
131748 20.687 10.0 17.425 0
131818 20.687 10.0 17.425 0
131849 20.687 10.0 17.425 0
131919 20.687 10.0 17.425 0
131949 20.687 10.0 17.425 0
132020 20.687 10.0 17.425 0
132051 20.687 10.0 17.425 0
132121 20.687 10.0 17.425 0
132151 20.687 10.0 17.425 0
132222 20.687 10.0 17.425 0
132253 20.687 10.0 17.425 0
132323 20.687 10.0 17.425 0
132354 20.687 10.0 17.425 0
132424 20.687 10.0 17.425 0
132454 20.75 10.0 17.425 0
132524 20.75 10.0 17.425 0
132555 20.75 10.0 17.425 0
132626 20.75 10.0 17.425 0
132656 20.75 10.0 17.425 0
132727 20.687 10.0 17.425 0
132758 20.687 10.0 17.425 0
132828 20.687 10.0 17.425 0
132859 20.687 10.0 17.425 0
132929 20.687 10.0 17.425 0
132959 20.687 10.0 17.425 0
133030 20.687 10.0 17.425 0
133100 20.687 10.0 17.425 0
133130 20.687 10.0 17.425 0
133201 20.687 10.0 17.425 0
133231 20.75 10.0 17.425 0
133302 20.75 10.0 17.425 0
133332 20.75 10.0 17.425 0
133402 20.75 10.0 17.425 0
133433 20.75 10.0 17.425 0
133503 20.75 10.0 17.425 0
133533 20.75 10.0 17.425 0
133604 20.75 10.0 17.425 0
133634 20.75 10.0 17.425 0
133705 20.75 10.0 17.425 0
133735 20.75 10.0 17.425 0
133806 20.75 10.0 17.425 0
133836 20.75 10.0 17.425 0
133906 20.75 10.0 17.425 0
133938 20.75 10.0 17.425 0
134009 20.75 10.0 17.425 0
134040 20.75 10.0 17.425 0
134110 20.75 10.0 17.425 0
134140 20.75 10.0 17.425 0
134211 20.75 10.0 17.425 0
134241 20.75 10.0 17.425 0
134311 20.75 10.0 17.425 0
134341 20.75 10.0 17.425 0
134411 20.75 10.0 17.425 0
134441 20.75 10.0 17.425 0
134511 20.75 10.0 17.425 0
134542 20.75 10.0 17.425 0
134612 20.75 10.0 17.425 0
134642 20.75 10.0 17.425 0
134713 20.75 10.0 17.425 0
134743 20.75 10.0 17.425 0
134813 20.75 10.0 17.425 0
134843 20.75 10.0 17.425 0
134914 20.75 10.0 17.425 0
134944 20.75 10.0 17.425 0
135014 20.75 10.0 17.425 0
135044 20.75 10.0 17.425 0
135115 20.75 10.0 17.425 0
135145 20.75 10.0 17.425 0
135215 20.75 10.0 17.425 0
135245 20.75 10.0 17.425 0
135316 20.75 10.0 17.425 0
135347 20.75 10.0 17.425 0
135418 20.75 10.0 17.425 0
135448 20.75 10.0 17.425 0
135519 20.75 10.0 17.425 0
135549 20.75 10.0 17.425 0
135620 20.75 10.0 17.425 0
135650 20.75 10.0 17.425 0
135721 20.75 10.0 17.425 0
135751 20.75 10.0 17.425 0
135822 20.75 10.0 17.425 0
135852 20.75 10.0 17.425 0
135923 20.75 10.0 17.425 0
135953 20.75 10.0 17.425 0
140024 20.75 10.0 17.425 0
140054 20.75 10.0 17.425 0
140125 20.75 10.0 17.425 0
140155 20.75 10.0 17.425 0
140225 20.75 10.0 17.425 0
140255 20.75 10.0 17.425 0
140325 20.75 10.0 17.425 0
140356 20.75 10.0 17.425 0
140426 20.75 10.0 17.425 0
140456 20.75 10.0 17.425 0
140526 20.75 10.0 17.425 0
140556 20.75 10.0 17.425 0
140627 20.75 10.0 17.425 0
140657 20.75 10.0 17.425 0
140727 20.75 10.0 17.425 0
140758 20.75 10.0 17.425 0
140829 20.75 10.0 17.425 0
140859 20.75 10.0 17.425 0
140930 20.75 10.0 17.425 0
141000 20.75 10.0 17.425 0
141031 20.75 10.0 17.425 0
141102 20.75 10.0 17.425 0
141132 20.75 10.0 17.425 0
141202 20.75 10.0 17.425 0
141232 20.75 10.0 17.425 0
141302 20.75 10.0 17.425 0
141332 20.75 10.0 17.425 0
141403 20.75 10.0 17.425 0
141433 20.75 10.0 17.425 0
141503 20.75 10.0 17.425 0
141533 20.75 10.0 17.425 0
141603 20.75 10.0 17.425 0
141634 20.75 10.0 17.425 0
141705 20.75 10.0 17.425 0
141735 20.75 10.0 17.425 0
141806 20.75 10.0 17.425 0
141836 20.75 10.0 17.425 0
141906 20.75 10.0 17.425 0
141937 20.75 10.0 17.425 0
142007 20.812 10.0 17.425 0
142037 20.812 10.0 17.425 0
142107 20.812 10.0 17.425 0
142138 20.812 10.0 17.425 0
142208 20.812 10.0 17.425 0
142239 20.75 10.0 17.425 0
142309 20.75 10.0 17.425 0
142340 20.75 10.0 17.425 0
142410 20.75 10.0 17.425 0
142440 20.75 10.0 17.425 0
142510 20.812 10.0 17.425 0
142540 20.812 10.0 17.425 0
142611 20.812 10.0 17.425 0
142642 20.812 10.0 17.425 0
142714 20.812 10.0 17.425 0
142745 20.812 10.0 17.425 0
142815 20.812 10.0 17.425 0
142846 20.812 10.0 17.425 0
142916 20.812 10.0 17.425 0
142947 20.75 10.0 17.425 0
143017 20.75 10.0 17.425 0
143048 20.75 10.0 17.425 0
143118 20.75 10.0 17.425 0
143148 20.75 10.0 17.425 0
143219 20.812 10.0 17.425 0
143249 20.812 10.0 17.425 0
143319 20.812 10.0 17.425 0
143350 20.812 10.0 17.425 0
143420 20.812 10.0 17.425 0
143451 20.875 10.0 17.425 0
143521 20.875 10.0 17.425 0
143551 20.875 10.0 17.425 0
143621 20.875 10.0 17.425 0
143651 20.875 10.0 17.425 0
143722 20.875 10.0 17.425 0
143752 20.875 10.0 17.425 0
143822 20.875 10.0 17.425 0
143853 20.875 10.0 17.425 0
143923 20.875 10.0 17.425 0
143954 20.875 10.0 17.425 0
144024 20.875 10.0 17.425 0
144055 20.875 10.0 17.425 0
144125 20.875 10.0 17.425 0
144155 20.875 10.0 17.425 0
144225 20.875 10.0 17.425 0
144256 20.875 10.0 17.425 0
144326 20.875 10.0 17.425 0
144356 20.875 10.0 17.425 0
144426 20.875 10.0 17.425 0
144457 20.875 10.0 17.425 0
144527 20.875 10.0 17.425 0
144558 20.875 10.0 17.425 0
144629 20.875 10.0 17.425 0
144659 20.875 10.0 17.425 0
144729 20.875 10.0 17.425 0
144759 20.875 10.0 17.425 0
144830 20.875 10.0 17.425 0
144900 20.875 10.0 17.425 0
144930 20.875 10.0 17.425 0
145001 20.875 10.0 17.425 0
145032 20.875 10.0 17.425 0
145102 20.875 10.0 17.425 0
145132 20.875 10.0 17.425 0
145202 20.875 10.0 17.425 0
145232 20.875 10.0 17.425 0
145303 20.875 10.0 17.425 0
145333 20.875 10.0 17.425 0
145403 20.875 10.0 17.425 0
145434 20.875 10.0 17.425 0
145504 20.875 10.0 17.425 0
145535 20.875 10.0 17.425 0
145605 20.875 10.0 17.425 0
145635 20.875 10.0 17.425 0
145705 20.875 10.0 17.425 0
145736 20.875 10.0 17.425 0
145806 20.875 10.0 17.425 0
145836 20.875 10.0 17.425 0
145907 20.875 10.0 17.425 0
145937 20.875 10.0 17.425 0
150007 20.875 10.0 17.425 0
150037 20.875 10.0 17.425 0
150108 20.875 10.0 17.425 0
150138 20.875 10.0 17.425 0
150209 20.875 10.0 17.425 0
150239 20.937 10.0 17.425 0
150309 20.937 10.0 17.425 0
150339 20.937 10.0 17.425 0
150410 20.937 10.0 17.425 0
150440 20.937 10.0 17.425 0
150510 20.875 10.0 17.425 0
150541 20.875 10.0 17.425 0
150611 20.875 10.0 17.425 0
150642 20.875 10.0 17.425 0
150712 20.875 10.0 17.425 0
150742 20.937 10.0 17.425 0
150813 20.937 10.0 17.425 0
150843 20.937 10.0 17.425 0
150914 20.937 10.0 17.425 0
150944 20.937 10.0 17.425 0
151014 20.937 10.0 17.425 0
151044 20.937 10.0 17.425 0
151114 20.937 10.0 17.425 0
151145 20.937 10.0 17.425 0
151215 20.937 10.0 17.425 0
151245 20.937 10.0 17.425 0
151315 20.937 10.0 17.425 0
151346 20.937 10.0 17.425 0
151416 20.937 10.0 17.425 0
151447 20.937 10.0 17.425 0
151517 21.0 10.0 17.425 0
151548 21.0 10.0 17.425 0
151618 21.0 10.0 17.425 0
151649 21.0 10.0 17.425 0
151721 21.0 10.0 17.425 0
151752 21.0 10.0 17.425 0
151822 21.0 10.0 17.425 0
151852 21.0 10.0 17.425 0
151923 21.0 10.0 17.425 0
151953 21.0 10.0 17.425 0
152023 21.0 10.0 17.425 0
152054 21.0 10.0 17.425 0
152124 21.0 10.0 17.425 0
152155 21.0 10.0 17.425 0
152225 21.0 10.0 17.425 0
152255 21.0 10.0 17.425 0
152325 21.0 10.0 17.425 0
152356 21.0 10.0 17.425 0
152426 21.0 10.0 17.425 0
152457 21.062 10.0 17.425 0
152528 21.062 10.0 17.425 0
152558 21.062 10.0 17.425 0
152629 21.062 10.0 17.425 0
152659 21.062 10.0 17.425 0
152730 21.062 10.0 17.425 0
152800 21.062 10.0 17.425 0
152831 21.062 10.0 17.425 0
152901 21.062 10.0 17.425 0
152931 21.062 10.0 17.425 0
153002 21.062 10.0 17.425 0
153032 21.062 10.0 17.425 0
153102 21.062 10.0 17.425 0
153133 21.062 10.0 17.425 0
153203 21.062 10.0 17.425 0
153233 21.125 10.0 17.425 0
153303 21.125 10.0 17.425 0
153334 21.125 10.0 17.425 0
153404 21.125 10.0 17.425 0
153435 21.125 10.0 17.425 0
153505 21.125 10.0 17.425 0
153535 21.125 10.0 17.425 0
153606 21.125 10.0 17.425 0
153636 21.125 10.0 17.425 0
153707 21.125 10.0 17.425 0
153737 21.125 10.0 17.425 0
153807 21.125 10.0 17.425 0
153838 21.125 10.0 17.425 0
153908 21.125 10.0 17.425 0
153939 21.125 10.0 17.425 0
154009 21.125 10.0 17.425 0
154039 21.125 10.0 17.425 0
154110 21.125 10.0 17.425 0
154140 21.125 10.0 17.425 0
154210 21.125 10.0 17.425 0
154241 21.125 10.0 17.425 0
154311 21.125 10.0 17.425 0
154342 21.125 10.0 17.425 0
154412 21.125 10.0 17.425 0
154442 21.125 10.0 17.425 0
154512 21.125 10.0 17.425 0
154542 21.125 10.0 17.425 0
154613 21.125 10.0 17.425 0
154643 21.125 10.0 17.425 0
154714 21.125 10.0 17.425 0
154744 21.062 10.0 17.425 0
154814 21.062 10.0 17.425 0
154845 21.062 10.0 17.425 0
154915 21.062 10.0 17.425 0
154945 21.062 10.0 17.425 0
155016 21.062 10.0 17.425 0
155046 21.062 10.0 17.425 0
155116 21.062 10.0 17.425 0
155147 21.062 10.0 17.425 0
155217 21.062 10.0 17.425 0
155248 21.187 10.0 17.425 0
155319 21.187 10.0 17.425 0
155349 21.187 10.0 17.425 0
155419 21.187 10.0 17.425 0
155450 21.187 10.0 17.425 0
155521 21.187 10.0 17.425 0
155551 21.187 10.0 17.425 0
155621 21.187 10.0 17.425 0
155651 21.187 10.0 17.425 0
155722 21.187 10.0 17.425 0
155752 21.187 10.0 17.425 0
155823 21.187 10.0 17.425 0
155853 21.187 10.0 17.425 0
155923 21.187 10.0 17.425 0
155954 21.187 10.0 17.425 0
160024 21.187 10.0 17.425 0
160054 21.187 10.0 17.425 0
160124 21.187 10.0 17.425 0
160154 21.187 10.0 17.425 0
160224 21.187 10.0 17.425 0
160255 21.187 10.0 17.425 0
160325 21.187 10.0 17.425 0
160356 21.187 10.0 17.425 0
160427 21.187 10.0 17.425 0
160459 21.187 10.0 17.425 0
160529 21.187 10.0 17.425 0
160600 21.187 10.0 17.425 0
160630 21.187 10.0 17.425 0
160700 21.187 10.0 17.425 0
160731 21.187 10.0 17.425 0
160801 21.187 10.0 17.425 0
160832 21.187 10.0 17.425 0
160902 21.187 10.0 17.425 0
160932 21.187 10.0 17.425 0
161003 21.187 10.0 17.425 0
161033 21.187 10.0 17.425 0
161103 21.187 10.0 17.425 0
161134 21.187 10.0 17.425 0
161204 21.187 10.0 17.425 0
161235 21.187 10.0 17.425 0
161305 21.187 10.0 17.425 0
161335 21.187 10.0 17.425 0
161405 21.187 10.0 17.425 0
161435 21.187 10.0 17.425 0
161505 21.187 10.0 17.425 0
161536 21.187 10.0 17.425 0
161606 21.187 10.0 17.425 0
161636 21.187 10.0 17.425 0
161707 21.187 10.0 17.425 0
161737 21.187 10.0 17.425 0
161808 21.187 10.0 17.425 0
161838 21.187 10.0 17.425 0
161908 21.187 10.0 17.425 0
161938 21.187 10.0 17.425 0
162009 21.25 10.0 17.425 0
162040 21.25 10.0 17.425 0
162110 21.25 10.0 17.425 0
162141 21.25 10.0 17.425 0
162211 21.25 10.0 17.425 0
162242 21.25 10.0 17.425 0
162312 21.25 10.0 17.425 0
162343 21.25 10.0 17.425 0
162413 21.25 10.0 17.425 0
162444 21.25 10.0 17.425 0
162514 21.25 10.0 17.425 0
162544 21.25 10.0 17.425 0
162614 21.25 10.0 17.425 0
162645 21.25 10.0 17.425 0
162715 21.25 10.0 17.425 0
162745 21.25 10.0 17.425 0
162815 21.25 10.0 17.425 0
162845 21.25 10.0 17.425 0
162916 21.25 10.0 17.425 0
162946 21.25 10.0 17.425 0
163016 21.25 10.0 17.425 0
163047 21.25 10.0 17.425 0
163117 21.25 10.0 17.425 0
163148 21.25 10.0 17.425 0
163218 21.25 10.0 17.425 0
163248 21.312 10.0 17.425 0
163319 21.312 10.0 17.425 0
163349 21.312 10.0 17.425 0
163419 21.312 10.0 17.425 0
163450 21.312 10.0 17.425 0
163520 21.312 10.0 17.425 0
163550 21.312 10.0 17.425 0
163620 21.312 10.0 17.425 0
163651 21.312 10.0 17.425 0
163721 21.312 10.0 17.425 0
163752 21.312 10.0 17.425 0
163822 21.312 10.0 17.425 0
163853 21.312 10.0 17.425 0
163923 21.312 10.0 17.425 0
163953 21.312 10.0 17.425 0
164024 21.312 10.0 17.425 0
164054 21.312 10.0 17.425 0
164125 21.312 10.0 17.425 0
164155 21.312 10.0 17.425 0
164225 21.312 10.0 17.425 0
164256 21.375 10.0 17.425 0
164326 21.375 10.0 17.425 0
164356 21.375 10.0 17.425 0
164426 21.375 10.0 17.425 0
164456 21.375 10.0 17.425 0
164527 21.375 10.0 17.425 0
164557 21.375 10.0 17.425 0
164628 21.375 10.0 17.425 0
164658 21.375 10.0 17.425 0
164728 21.375 10.0 17.425 0
164759 21.375 10.0 17.425 0
164829 21.375 10.0 17.425 0
164859 21.375 10.0 17.425 0
164929 21.375 10.0 17.425 0
164959 21.375 10.0 17.425 0
165030 21.375 10.0 17.425 0
165100 21.375 10.0 17.425 0
165130 21.375 10.0 17.425 0
165200 21.375 10.0 17.425 0
165230 21.375 10.0 17.425 0
165301 21.375 10.0 17.425 0
165331 21.375 10.0 17.425 0
165402 21.375 10.0 17.425 0
165432 21.375 10.0 17.425 0
165503 21.375 10.0 17.425 0
165533 21.375 10.0 17.425 0
165603 21.375 10.0 17.425 0
165634 21.375 10.0 17.425 0
165704 21.375 10.0 17.425 0
165734 21.375 10.0 17.425 0
165804 21.312 10.0 17.425 0
165835 21.312 10.0 17.425 0
165906 21.312 10.0 17.425 0
165936 21.312 10.0 17.425 0
170008 21.375 10.0 17.425 0
170039 21.375 10.0 17.425 0
170109 21.375 10.0 17.425 0
170140 21.375 10.0 17.425 0
170210 21.375 10.0 17.425 0
170241 21.375 10.0 17.425 0
170311 21.375 10.0 17.425 0
170341 21.375 10.0 17.425 0
170412 21.375 10.0 17.425 0
170442 21.375 10.0 17.425 0
170513 21.375 10.0 17.425 0
170543 21.375 10.0 17.425 0
170614 21.375 10.0 17.425 0
170644 21.375 10.0 17.425 0
170714 21.375 10.0 17.425 0
170745 21.375 10.0 17.425 0
170815 21.375 10.0 17.425 0
170845 21.375 10.0 17.425 0
170916 21.375 10.0 17.425 0
170946 21.375 10.0 17.425 0
171016 21.375 10.0 17.425 0
171046 21.375 10.0 17.425 0
171117 21.375 10.0 17.425 0
171147 21.375 10.0 17.425 0
171218 21.375 10.0 17.425 0
171249 21.375 10.0 17.425 0
171319 21.375 10.0 17.425 0
171349 21.375 10.0 17.425 0
171419 21.375 10.0 17.425 0
171449 21.375 10.0 17.425 0
171520 21.375 10.0 17.425 0
171551 21.375 10.0 17.425 0
171621 21.375 10.0 17.425 0
171651 21.375 10.0 17.425 0
171721 21.375 10.0 17.425 0
171752 21.375 10.0 17.487 0
171822 21.375 10.0 17.425 0
171852 21.375 10.0 17.425 0
171922 21.375 10.0 17.425 0
171953 21.375 10.0 17.425 0
172023 21.375 10.0 17.425 0
172053 21.375 10.0 17.425 0
172123 21.375 10.0 17.425 0
172153 21.375 10.0 17.425 0
172223 21.375 10.0 17.425 0
172254 21.375 10.0 17.425 0
172324 21.375 10.0 17.425 0
172354 21.375 10.0 17.425 0
172424 21.375 10.0 17.425 0
172455 21.375 10.0 17.425 0
172525 21.375 10.0 17.425 0
172556 21.375 10.0 17.425 0
172626 21.375 10.0 17.425 0
172656 21.375 10.0 17.425 0
172726 21.375 10.0 17.425 0
172757 21.375 10.0 17.425 0
172827 21.375 10.0 17.425 0
172857 21.375 10.0 17.487 0
172927 21.375 10.0 17.425 0
172957 21.375 10.0 17.425 0
173028 21.375 10.0 17.425 0
173058 21.375 10.0 17.425 0
173128 21.375 10.0 17.425 0
173159 21.375 10.0 17.425 0
173229 21.375 10.0 17.487 0
173259 21.375 10.0 17.425 0
173329 21.375 10.0 17.425 0
173359 21.375 10.0 17.425 0
173430 21.375 10.0 17.425 0
173501 21.375 10.0 17.425 0
173532 21.437 10.0 17.425 0
173602 21.437 10.0 17.487 0
173632 21.437 10.0 17.425 0
173703 21.437 10.0 17.425 0
173733 21.437 10.0 17.487 0
173803 21.437 10.0 17.487 0
173834 21.437 10.0 17.425 0
173904 21.437 10.0 17.487 0
173934 21.437 10.0 17.425 0
174005 21.437 10.0 17.425 0
174035 21.375 10.0 17.425 0
174105 21.375 10.0 17.425 0
174135 21.375 10.0 17.425 0
174206 21.375 10.0 17.425 0
174237 21.375 10.0 17.487 0
174307 21.437 10.0 17.425 0
174338 21.437 10.0 17.487 0
174408 21.437 10.0 17.425 0
174438 21.437 10.0 17.425 0
174509 21.437 10.0 17.425 0
174539 21.437 10.0 17.487 0
174609 21.437 10.0 17.487 0
174640 21.437 10.0 17.425 0
174711 21.437 10.0 17.425 0
174741 21.437 10.0 17.425 0
174811 21.5 10.0 17.425 0
174842 21.5 10.0 17.425 0
174913 21.5 10.0 17.487 0
174943 21.5 10.0 17.487 0
175015 21.5 10.0 17.425 0
175046 21.5 10.0 17.425 0
175116 21.5 10.0 17.487 0
175147 21.5 10.0 17.487 0
175217 21.5 10.0 17.487 0
175247 21.5 10.0 17.425 0
175317 21.5 10.0 17.425 0
175348 21.5 10.0 17.487 0
175419 21.5 10.0 17.487 0
175449 21.5 10.0 17.487 0
175520 21.5 10.0 17.425 0
175550 21.5 10.0 17.425 0
175620 21.5 10.0 17.487 0
175650 21.5 10.0 17.487 0
175721 21.5 10.0 17.487 0
175751 21.5 10.0 17.487 0
175821 21.5 10.0 17.425 0
175852 21.5 10.0 17.487 0
175922 21.5 10.0 17.425 0
175952 21.5 10.0 17.425 0
180023 21.562 10.0 17.487 0
180054 21.562 10.0 17.425 0
180124 21.562 10.0 17.487 0
180155 21.562 10.0 17.487 0
180225 21.562 10.0 17.425 0
180255 21.562 10.0 17.425 0
180325 21.562 10.0 17.425 0
180355 21.562 10.0 17.425 0
180426 21.562 10.0 17.487 0
180456 21.562 10.0 17.487 0
180526 21.562 10.0 17.425 0
180557 21.562 10.0 17.487 0
180628 21.562 10.0 17.425 0
180658 21.562 10.0 17.487 0
180728 21.562 10.0 17.425 0
180759 21.625 10.0 17.487 0
180829 21.625 10.0 17.425 0
180900 21.625 10.0 17.425 0
180930 21.625 10.0 17.425 0
181001 21.625 10.0 17.487 0
181032 21.625 10.0 17.487 0
181102 21.625 10.0 17.487 0
181133 21.625 10.0 17.425 0
181203 21.625 10.0 17.425 0
181233 21.625 10.0 17.425 0
181303 21.687 10.0 17.487 0
181333 21.687 10.0 17.487 0
181404 21.687 10.0 17.487 0
181434 21.687 10.0 17.487 0
181504 21.687 10.0 17.487 0
181534 21.687 10.0 17.487 0
181605 21.687 10.0 17.487 0
181635 21.687 10.0 17.487 0
181705 21.687 10.0 17.487 0
181735 21.687 10.0 17.487 0
181806 21.75 10.0 17.425 0
181836 21.75 10.0 17.487 0
181907 21.75 10.0 17.487 0
181937 21.75 10.0 17.487 0
182007 21.75 10.0 17.487 0
182038 21.75 10.0 17.487 0
182109 21.75 10.0 17.487 0
182139 21.75 10.0 17.487 0
182209 21.75 10.0 17.487 0
182239 21.75 10.0 17.487 0
182309 21.812 10.0 17.487 0
182340 21.812 10.0 17.487 0
182410 21.812 10.0 17.487 0
182440 21.812 10.0 17.487 0
182510 21.812 10.0 17.487 0
182540 21.812 10.0 17.487 0
182611 21.812 10.0 17.487 0
182641 21.812 10.0 17.487 0
182711 21.812 10.0 17.487 0
182742 21.812 10.0 17.487 0
182813 21.875 10.0 17.487 0
182843 21.875 10.0 17.487 0
182914 21.875 10.0 17.487 0
182944 21.875 10.0 17.487 0
183015 21.875 10.0 17.487 0
183045 21.875 10.0 17.487 0
183115 21.875 10.0 17.487 0
183145 21.875 10.0 17.487 0
183215 21.875 10.0 17.487 0
183245 21.875 10.0 17.487 0
183315 21.937 10.0 17.487 0
183345 21.937 10.0 17.487 0
183416 21.937 10.0 17.487 0
183446 21.937 10.0 17.487 0
183516 21.937 10.0 17.487 0
183546 21.937 10.0 17.487 0
183616 21.937 10.0 17.487 0
183647 21.937 10.0 17.487 0
183717 21.937 10.0 17.487 0
183747 21.937 10.0 17.487 0
183817 22.0 10.0 17.487 0
183848 22.0 10.0 17.487 0
183918 22.0 10.0 17.487 0
183948 22.0 10.0 17.487 0
184019 22.0 10.0 17.487 0
184049 22.062 10.0 17.487 0
184120 22.062 10.0 17.487 0
184150 22.062 10.0 17.487 0
184220 22.062 10.0 17.487 0
184253 22.125 10.0 17.487 0
184323 22.125 10.0 17.487 0
184354 22.125 10.0 17.487 0
184424 22.125 10.0 17.487 0
184454 22.125 10.0 17.487 0
184524 22.125 10.0 17.487 0
184554 22.125 10.0 17.487 0
184625 22.125 10.0 17.487 0
184656 22.125 10.0 17.487 0
184726 22.125 10.0 17.487 0
184757 22.125 10.0 17.487 0
184827 22.125 10.0 17.487 0
184858 22.125 10.0 17.487 0
184929 22.125 10.0 17.487 0
184959 22.125 10.0 17.487 0
185029 22.125 10.0 17.487 0
185059 22.125 10.0 17.487 0
185129 22.125 10.0 17.487 0
185200 22.125 10.0 17.487 0
185230 22.125 10.0 17.487 0
185300 22.187 10.0 17.487 0
185331 22.187 10.0 17.487 0
185401 22.187 10.0 17.487 0
185431 22.187 10.0 17.487 0
185501 22.187 10.0 17.487 0
185531 22.187 10.0 17.487 0
185601 22.187 10.0 17.487 0
185632 22.187 10.0 17.487 0
185702 22.187 10.0 17.487 0
185732 22.187 10.0 17.487 0
185802 22.25 10.0 17.487 0
185833 22.25 10.0 17.487 0
185903 22.25 10.0 17.487 0
185933 22.25 10.0 17.487 0
190004 22.25 10.0 17.487 0
190034 22.25 10.0 17.487 0
190105 22.25 10.0 17.487 0
190135 22.25 10.0 17.487 0
190205 22.25 10.0 17.487 0
190236 22.25 10.0 17.487 0
190306 22.25 10.0 17.487 0
190336 22.25 10.0 17.487 0
190407 22.25 10.0 17.487 0
190437 22.25 10.0 17.487 0
190507 22.25 10.0 17.487 0
190537 22.25 10.0 17.487 0
190608 22.25 10.0 17.487 0
190638 22.25 10.0 17.487 0
190708 22.25 10.0 17.487 0
190738 22.25 10.0 17.487 0
190808 22.25 10.0 17.487 0
190839 22.25 10.0 17.487 0
190909 22.25 10.0 17.487 0
190940 22.25 10.0 17.487 0
191010 22.25 10.0 17.487 0
191041 22.25 10.0 17.487 0
191111 22.25 10.0 17.487 0
191141 22.25 10.0 17.487 0
191212 22.25 10.0 17.487 0
191242 22.25 10.0 17.487 0
191312 22.25 10.0 17.487 0
191342 22.25 10.0 17.487 0
191412 22.25 10.0 17.487 0
191443 22.25 10.0 17.487 0
191513 22.25 10.0 17.487 0
191543 22.25 10.0 17.487 0
191613 22.25 10.0 17.487 0
191644 22.25 10.0 17.487 0
191714 22.25 10.0 17.487 0
191744 22.25 10.0 17.487 0
191815 22.312 10.0 17.487 0
191845 22.312 10.0 17.487 0
191915 22.312 10.0 17.487 0
191945 22.312 10.0 17.487 0
192015 22.312 10.0 17.487 0
192045 22.25 10.0 17.487 0
192116 22.25 10.0 17.487 0
192146 22.25 10.0 17.487 0
192216 22.25 10.0 17.487 0
192246 22.25 10.0 17.487 0
192316 22.312 10.0 17.487 0
192346 22.312 10.0 17.487 0
192417 22.312 10.0 17.487 0
192447 22.312 10.0 17.487 0
192517 22.312 10.0 17.487 0
192547 22.25 10.0 17.487 0
192618 22.25 10.0 17.487 0
192649 22.25 10.0 17.487 0
192719 22.25 10.0 17.487 0
192749 22.25 10.0 17.487 0
192819 22.25 10.0 17.487 0
192850 22.25 10.0 17.487 0
192920 22.25 10.0 17.487 0
192951 22.25 10.0 17.487 0
193021 22.25 10.0 17.487 0
193051 22.25 10.0 17.487 0
193121 22.25 10.0 17.487 0
193152 22.25 10.0 17.487 0
193222 22.25 10.0 17.487 0
193252 22.25 10.0 17.487 0
193323 22.25 10.0 17.487 0
193353 22.25 10.0 17.487 0
193423 22.25 10.0 17.487 0
193454 22.25 10.0 17.487 0
193524 22.25 10.0 17.487 0
193554 22.25 10.0 17.487 0
193625 22.25 10.0 17.487 0
193656 22.25 10.0 17.487 0
193726 22.25 10.0 17.487 0
193756 22.25 10.0 17.487 0
193826 22.187 10.0 17.487 0
193857 22.187 10.0 17.487 0
193928 22.187 10.0 17.487 0
193958 22.187 10.0 17.487 0
194030 22.187 10.0 17.487 0
194101 22.187 10.0 17.487 0
194131 22.187 10.0 17.487 0
194201 22.187 10.0 17.487 0
194231 22.187 10.0 17.487 0
194302 22.187 10.0 17.487 0
194332 22.187 10.0 17.487 0
194402 22.187 10.0 17.487 0
194432 22.187 10.0 17.487 0
194503 22.187 10.0 17.487 0
194533 22.187 10.0 17.487 0
194604 22.187 10.0 17.487 0
194634 22.187 10.0 17.487 0
194704 22.187 10.0 17.487 0
194734 22.187 10.0 17.487 0
194804 22.125 10.0 17.487 0
194835 22.125 10.0 17.487 0
194906 22.125 10.0 17.487 0
194936 22.125 10.0 17.487 0
195007 22.125 10.0 17.487 0
195038 22.187 10.0 17.487 0
195109 22.187 10.0 17.487 0
195139 22.187 10.0 17.487 0
195209 22.187 10.0 17.487 0
195239 22.187 10.0 17.487 0
195309 22.125 10.0 17.487 0
195340 22.125 10.0 17.487 0
195410 22.125 10.0 17.487 0
195440 22.125 10.0 17.487 0
195510 22.125 10.0 17.487 0
195540 22.187 10.0 17.487 0
195611 22.187 10.0 17.487 0
195641 22.187 10.0 17.487 0
195711 22.187 10.0 17.487 0
195742 22.187 10.0 17.487 0
195812 22.187 10.0 17.487 0
195843 22.187 10.0 17.487 0
195913 22.187 10.0 17.487 0
195944 22.187 10.0 17.487 0
200015 22.187 10.0 17.487 0
200045 22.187 10.0 17.487 0
200116 22.187 10.0 17.487 0
200147 22.187 10.0 17.487 0
200217 22.187 10.0 17.487 0
200248 22.187 10.0 17.487 0
200318 22.187 10.0 17.487 0
200349 22.187 10.0 17.487 0
200420 22.187 10.0 17.487 0
200450 22.187 10.0 17.487 0
200520 22.187 10.0 17.487 0
200550 22.187 10.0 17.487 0
200621 22.187 10.0 17.487 0
200651 22.187 10.0 17.487 0
200722 22.187 10.0 17.487 0
200752 22.187 10.0 17.487 0
200822 22.187 10.0 17.487 0
200853 22.187 10.0 17.487 0
200924 22.187 10.0 17.487 0
200954 22.187 10.0 17.487 0
201024 22.187 10.0 17.487 0
201055 22.187 10.0 17.487 0
201125 22.187 10.0 17.487 0
201156 22.187 10.0 17.487 0
201227 22.187 10.0 17.487 0
201257 22.187 10.0 17.487 0
201328 22.187 10.0 17.487 0
201358 22.187 10.0 17.487 0
201429 22.187 10.0 17.487 0
201459 22.187 10.0 17.487 0
201529 22.187 10.0 17.487 0
201559 22.187 10.0 17.487 0
201630 22.187 10.0 17.487 0
201700 22.187 10.0 17.487 0
201730 22.187 10.0 17.487 0
201800 22.187 10.0 17.487 0
201831 22.187 10.0 17.487 0
201901 22.187 10.0 17.487 0
201931 22.187 10.0 17.487 0
202001 22.187 10.0 17.487 0
202034 22.25 10.0 17.487 0
202105 22.25 10.0 17.487 0
202135 22.25 10.0 17.487 0
202206 22.25 10.0 17.487 0
202236 22.25 10.0 17.487 0
202306 22.25 10.0 17.487 0
202337 22.25 10.0 17.487 0
202407 22.25 10.0 17.487 0
202437 22.25 10.0 17.487 0
202508 22.25 10.0 17.487 0
202538 22.312 10.0 17.487 0
202609 22.312 10.0 17.487 0
202639 22.312 10.0 17.487 0
202709 22.312 10.0 17.487 0
202739 22.312 10.0 17.487 0
202809 22.25 10.0 17.487 0
202840 22.25 10.0 17.487 0
202910 22.25 10.0 17.487 0
202941 22.25 10.0 17.487 0
203011 22.25 10.0 17.487 0
203041 22.312 10.0 17.487 0
203112 22.312 10.0 17.487 0
203142 22.312 10.0 17.487 0
203212 22.312 10.0 17.487 0
203242 22.312 10.0 17.487 0
203313 22.312 10.0 17.487 0
203343 22.312 10.0 17.487 0
203413 22.312 10.0 17.487 0
203444 22.312 10.0 17.487 0
203514 22.312 10.0 17.487 0
203545 22.312 10.0 17.487 0
203615 22.312 10.0 17.487 0
203645 22.312 10.0 17.487 0
203716 22.312 10.0 17.487 0
203746 22.312 10.0 17.487 0
203816 22.312 10.0 17.487 0
203846 22.312 10.0 17.487 0
203916 22.312 10.0 17.487 0
203947 22.312 10.0 17.487 0
204017 22.312 10.0 17.487 0
204047 22.312 10.0 17.487 0
204117 22.312 10.0 17.487 0
204147 22.312 10.0 17.487 0
204218 22.312 10.0 17.487 0
204248 22.312 10.0 17.487 0
204318 22.312 10.0 17.487 0
204348 22.312 10.0 17.487 0
204419 22.312 10.0 17.487 0
204449 22.312 10.0 17.487 0
204519 22.312 10.0 17.487 0
204550 22.375 10.0 17.487 0
204620 22.375 10.0 17.487 0
204651 22.375 10.0 17.487 0
204721 22.375 10.0 17.487 0
204751 22.375 10.0 17.487 0
204821 22.375 10.0 17.487 0
204851 22.375 10.0 17.487 0
204922 22.375 10.0 17.487 0
204952 22.375 10.0 17.487 0
205022 22.375 10.0 17.487 0
205053 22.375 10.0 17.487 0
205123 22.375 10.0 17.487 0
205153 22.375 10.0 17.487 0
205224 22.375 10.0 17.487 0
205254 22.375 10.0 17.487 0
205324 22.375 10.0 17.487 0
205355 22.375 10.0 17.487 0
205425 22.375 10.0 17.487 0
205455 22.375 10.0 17.487 0
205525 22.375 10.0 17.487 0
205555 22.312 10.0 17.487 0
205625 22.312 10.0 17.487 0
205656 22.312 10.0 17.487 0
205726 22.312 10.0 17.487 0
205757 22.312 10.0 17.487 0
205827 22.312 10.0 17.487 0
205857 22.312 10.0 17.487 0
205927 22.312 10.0 17.487 0
205958 22.312 10.0 17.487 0
210028 22.312 10.0 17.487 0
210058 22.25 10.0 17.487 0
210128 22.25 10.0 17.487 0
210159 22.25 10.0 17.487 0
210229 22.25 10.0 17.487 0
210259 22.25 10.0 17.487 0
210329 22.187 10.0 17.487 0
210400 22.187 10.0 17.487 0
210430 22.187 10.0 17.487 0
210501 22.187 10.0 17.487 0
210531 22.187 10.0 17.487 0
210601 22.25 10.0 17.487 0
210632 22.25 10.0 17.487 0
210702 22.25 10.0 17.487 0
210732 22.25 10.0 17.487 0
210803 22.25 10.0 17.487 0
210833 22.25 10.0 17.487 0
210904 22.25 10.0 17.487 0
210935 22.25 10.0 17.487 0
211006 22.25 10.0 17.487 0
211036 22.25 10.0 17.487 0
211107 22.25 10.0 17.487 0
211137 22.25 10.0 17.487 0
211208 22.25 10.0 17.487 0
211238 22.25 10.0 17.487 0
211310 22.312 10.0 17.487 0
211341 22.312 10.0 17.487 0
211411 22.312 10.0 17.487 0
211441 22.312 10.0 17.487 0
211512 22.312 10.0 17.487 0
211542 22.312 10.0 17.487 0
211612 22.312 10.0 17.487 0
211643 22.312 10.0 17.487 0
211713 22.312 10.0 17.487 0
211743 22.312 10.0 17.487 0
211813 22.312 10.0 17.487 0
211844 22.312 10.0 17.487 0
211914 22.312 10.0 17.487 0
211944 22.312 10.0 17.487 0
212014 22.312 10.0 17.487 0
212045 22.312 10.0 17.487 0
212115 22.312 10.0 17.487 0
212145 22.312 10.0 17.487 0
212215 22.312 10.0 17.487 0
212245 22.312 10.0 17.487 0
212316 22.312 10.0 17.487 0
212346 22.312 10.0 17.487 0
212417 22.312 10.0 17.487 0
212447 22.312 10.0 17.487 0
212518 22.312 10.0 17.487 0
212548 22.25 10.0 17.487 0
212619 22.25 10.0 17.487 0
212650 22.25 10.0 17.487 0
212720 22.25 10.0 17.487 0
212750 22.25 10.0 17.487 0
212821 22.25 10.0 17.487 0
212851 22.25 10.0 17.487 0
212922 22.25 10.0 17.487 0
212952 22.25 10.0 17.487 0
213023 22.25 10.0 17.487 0
213053 22.187 10.0 17.487 0
213124 22.187 10.0 17.487 0
213154 22.187 10.0 17.487 0
213224 22.187 10.0 17.487 0
213255 22.187 10.0 17.487 0
213325 22.187 10.0 17.487 0
213356 22.187 10.0 17.487 0
213427 22.187 10.0 17.487 0
213457 22.187 10.0 17.487 0
213528 22.187 10.0 17.487 0
213558 22.125 10.0 17.487 0
213629 22.125 10.0 17.487 0
213700 22.125 10.0 17.487 0
213730 22.125 10.0 17.487 0
213800 22.125 10.0 17.487 0
213830 22.125 10.0 17.487 0
213900 22.125 10.0 17.487 0
213931 22.125 10.0 17.487 0
214001 22.125 10.0 17.487 0
214032 22.125 10.0 17.487 0
214102 22.062 10.0 17.487 0
214132 22.062 10.0 17.487 0
214203 22.062 10.0 17.487 0
214234 22.062 10.0 17.487 0
214304 22.062 10.0 17.487 0
214334 22.0 10.0 17.487 0
214404 22.0 10.0 17.487 0
214435 22.0 10.0 17.487 0
214505 22.0 10.0 17.487 0
214535 22.0 10.0 17.487 0
214605 22.0 10.0 17.487 0
214636 22.0 10.0 17.487 0
214706 22.0 10.0 17.487 0
214737 22.0 10.0 17.487 0
214807 22.0 10.0 17.487 0
214838 22.0 10.0 17.487 0
214908 22.0 10.0 17.487 0
214939 22.0 10.0 17.487 0
215009 22.0 10.0 17.487 0
215040 22.0 10.0 17.55 0
215111 22.062 10.0 17.487 0
215142 22.062 10.0 17.487 0
215212 22.062 10.0 17.487 0
215243 22.062 10.0 17.487 0
215313 22.062 10.0 17.487 0
215344 22.062 10.0 17.487 0
215414 22.062 10.0 17.487 0
215444 22.062 10.0 17.487 0
215515 22.062 10.0 17.487 0
215548 22.062 10.0 17.487 0
215618 22.062 10.0 17.487 0
215648 22.062 10.0 17.487 0
215719 22.062 10.0 17.487 0
215749 22.062 10.0 17.487 0
215819 22.125 10.0 17.487 0
215849 22.125 10.0 17.487 0
215920 22.125 10.0 17.487 0
215951 22.125 10.0 17.487 0
220021 22.125 10.0 17.487 0
220051 22.125 10.0 17.487 0
220122 22.125 10.0 17.487 0
220152 22.125 10.0 17.55 0
220222 22.125 10.0 17.487 0
220253 22.125 10.0 17.487 0
220323 22.187 10.0 17.487 0
220354 22.187 10.0 17.487 0
220424 22.187 10.0 17.487 0
220454 22.187 10.0 17.487 0
220525 22.187 10.0 17.487 0
220555 22.187 10.0 17.487 0
220625 22.187 10.0 17.487 0
220655 22.187 10.0 17.487 0
220725 22.187 10.0 17.487 0
220756 22.187 10.0 17.487 0
220827 22.187 10.0 17.487 0
220857 22.187 10.0 17.487 0
220927 22.187 10.0 17.487 0
220958 22.187 10.0 17.487 0
221028 22.187 10.0 17.487 0
221058 22.25 10.0 17.487 0
221128 22.25 10.0 17.487 0
221159 22.25 10.0 17.487 0
221229 22.25 10.0 17.487 0
221259 22.25 10.0 17.487 0
221330 22.25 10.0 17.487 0
221400 22.25 10.0 17.487 0
221431 22.25 10.0 17.487 0
221501 22.25 10.0 17.487 0
221532 22.25 10.0 17.487 0
221602 22.312 10.0 17.487 0
221632 22.312 10.0 17.487 0
221703 22.312 10.0 17.487 0
221733 22.312 10.0 17.487 0
221804 22.312 10.0 17.487 0
221834 22.312 10.0 17.487 0
221904 22.312 10.0 17.487 0
221935 22.312 10.0 17.487 0
222005 22.312 10.0 17.487 0
222035 22.312 10.0 17.487 0
222105 22.312 10.0 17.487 0
222135 22.312 10.0 17.487 0
222206 22.312 10.0 17.487 0
222236 22.312 10.0 17.487 0
222307 22.312 10.0 17.487 0
222337 22.312 10.0 17.487 0
222407 22.312 10.0 17.487 0
222438 22.312 10.0 17.487 0
222508 22.312 10.0 17.487 0
222538 22.312 10.0 17.487 0
222609 22.312 10.0 17.487 0
222640 22.312 10.0 17.487 0
222710 22.312 10.0 17.487 0
222740 22.312 10.0 17.487 0
222810 22.312 10.0 17.487 0
222840 22.312 10.0 17.487 0
222911 22.312 10.0 17.487 0
222941 22.312 10.0 17.487 0
223011 22.312 10.0 17.487 0
223041 22.312 10.0 17.487 0
223111 22.25 10.0 17.487 0
223142 22.25 10.0 17.487 0
223212 22.25 10.0 17.487 0
223242 22.25 10.0 17.487 0
223313 22.25 10.0 17.487 0
223344 22.25 10.0 17.487 0
223414 22.25 10.0 17.487 0
223444 22.25 10.0 17.487 0
223514 22.25 10.0 17.487 0
223544 22.25 10.0 17.487 0
223615 22.187 10.0 17.487 0
223645 22.187 10.0 17.487 0
223715 22.187 10.0 17.487 0
223746 22.187 10.0 17.487 0
223816 22.187 10.0 17.487 0
223846 22.187 10.0 17.487 0
223916 22.187 10.0 17.487 0
223947 22.187 10.0 17.487 0
224017 22.187 10.0 17.487 0
224048 22.187 10.0 17.487 0
224118 22.187 10.0 17.487 0
224149 22.187 10.0 17.55 0
224220 22.187 10.0 17.487 0
224250 22.187 10.0 17.487 0
224321 22.187 10.0 17.487 0
224351 22.187 10.0 17.487 0
224421 22.187 10.0 17.487 0
224452 22.187 10.0 17.487 0
224523 22.187 10.0 17.487 0
224555 22.125 10.0 17.487 0
224626 22.125 10.0 17.487 0
224656 22.125 10.0 17.55 0
224726 22.125 10.0 17.487 0
224756 22.125 10.0 17.487 0
224827 22.125 10.0 17.487 0
224857 22.125 10.0 17.55 0
224928 22.125 10.0 17.487 0
224959 22.125 10.0 17.487 0
225029 22.125 10.0 17.487 0
225059 22.062 10.0 17.487 0
225130 22.062 10.0 17.487 0
225201 22.062 10.0 17.487 0
225231 22.062 10.0 17.487 0
225301 22.062 10.0 17.487 0
225332 22.062 10.0 17.487 0
225402 22.062 10.0 17.487 0
225432 22.062 10.0 17.487 0
225502 22.062 10.0 17.487 0
225532 22.062 10.0 17.55 0
225603 22.062 10.0 17.487 0
225633 22.062 10.0 17.487 0
225703 22.062 10.0 17.55 0
225734 22.062 10.0 17.487 0
225804 22.062 10.0 17.55 0
225835 22.062 10.0 17.55 0
225906 22.062 10.0 17.487 0
225937 22.062 10.0 17.55 0
230007 22.062 10.0 17.487 0
230038 22.062 10.0 17.55 0
230108 22.062 10.0 17.487 0
230138 22.062 10.0 17.55 0
230209 22.062 10.0 17.487 0
230239 22.062 10.0 17.487 0
230310 22.062 10.0 17.487 0
230340 22.062 10.0 17.55 0
230410 22.062 10.0 17.55 0
230441 22.062 10.0 17.55 0
230512 22.062 10.0 17.55 0
230543 22.062 10.0 17.55 0
230613 22.062 10.0 17.487 0
230643 22.062 10.0 17.487 0
230714 22.062 10.0 17.487 0
230744 22.062 10.0 17.55 0
230815 22.062 10.0 17.487 0
230845 22.0 10.0 17.55 0
230916 22.0 10.0 17.55 0
230946 22.0 10.0 17.487 0
231016 22.0 10.0 17.55 0
231046 22.0 10.0 17.487 0
231116 22.0 10.0 17.487 0
231147 22.0 10.0 17.487 0
231217 22.0 10.0 17.55 0
231248 22.0 10.0 17.487 0
231318 22.0 10.0 17.55 0
231348 22.0 10.0 17.55 0
231418 22.0 10.0 17.487 0
231449 22.0 10.0 17.55 0
231520 22.0 10.0 17.487 0
231550 22.0 10.0 17.55 0
231621 22.0 10.0 17.55 0
231652 22.0 10.0 17.55 0
231722 22.0 10.0 17.55 0
231753 22.0 10.0 17.55 0
231823 22.0 10.0 17.55 0
231853 22.0 10.0 17.55 0
231924 22.0 10.0 17.55 0
231954 22.0 10.0 17.55 0
232024 22.0 10.0 17.487 0
232054 22.0 10.0 17.487 0
232124 22.0 10.0 17.55 0
232154 22.0 10.0 17.55 0
232225 22.0 10.0 17.487 0
232256 22.0 10.0 17.55 0
232326 22.0 10.0 17.55 0
232356 22.0 10.0 17.55 0
232427 22.0 10.0 17.487 0
232457 22.0 10.0 17.487 0
232527 22.0 10.0 17.487 0
232558 22.0 10.0 17.55 0
232628 22.0 10.0 17.487 0
232658 22.0 10.0 17.55 0
232729 22.0 10.0 17.55 0
232759 22.0 10.0 17.55 0
232831 22.0 10.0 17.487 0
232901 22.0 10.0 17.487 0
232932 22.0 10.0 17.487 0
233002 22.0 10.0 17.55 0
233033 22.0 10.0 17.55 0
233103 22.0 10.0 17.55 0
233133 22.0 10.0 17.55 0
233204 22.0 10.0 17.487 0
233235 22.0 10.0 17.55 0
233305 22.0 10.0 17.487 0
233336 21.937 10.0 17.487 0
233406 21.937 10.0 17.55 0
233436 21.937 10.0 17.487 0
233506 21.937 10.0 17.55 0
233537 21.937 10.0 17.487 0
233607 21.937 10.0 17.55 0
233638 21.937 10.0 17.55 0
233708 21.937 10.0 17.55 0
233739 21.937 10.0 17.55 0
233809 21.937 10.0 17.487 0
233840 21.937 10.0 17.55 0
233910 21.937 10.0 17.487 0
233941 21.937 10.0 17.55 0
234011 21.937 10.0 17.487 0
234041 21.937 10.0 17.55 0
234112 21.937 10.0 17.55 0
234142 21.937 10.0 17.55 0
234212 21.937 10.0 17.55 0
234242 21.937 10.0 17.55 0
234312 21.937 10.0 17.55 0
234343 21.937 10.0 17.55 0
234414 21.937 10.0 17.55 0
234444 21.937 10.0 17.55 0
234515 21.937 10.0 17.55 0
234545 21.937 10.0 17.487 0
234615 22.0 10.0 17.55 0
234645 22.0 10.0 17.55 0
234716 22.0 10.0 17.55 0
234746 22.0 10.0 17.55 0
234816 22.0 10.0 17.55 0
234847 21.937 10.0 17.55 0
234917 21.937 10.0 17.55 0
234948 21.937 10.0 17.55 0
235018 21.937 10.0 17.55 0
235049 21.937 10.0 17.55 0
235119 21.937 10.0 17.55 0
235150 21.937 10.0 17.55 0
235220 21.937 10.0 17.55 0
235251 21.937 10.0 17.55 0
235322 21.937 10.0 17.55 0
235353 21.937 10.0 17.55 0
235423 21.937 10.0 17.55 0
235454 21.937 10.0 17.55 0
235525 21.937 10.0 17.55 0
235555 21.937 10.0 17.55 0
235626 21.937 10.0 17.55 0
235657 21.937 10.0 17.55 0
235727 21.937 10.0 17.55 0
235757 21.937 10.0 17.55 0
235828 21.937 10.0 17.55 0
235858 21.875 10.0 17.55 0
