235930 23.125 10.0 17.237 0
000000 23.125 10.0 17.237 0
000031 23.125 10.0 17.237 0
000101 23.125 10.0 17.237 0
000131 23.125 10.0 17.237 0
000201 23.125 10.0 17.237 0
000232 23.125 10.0 17.237 0
000302 23.125 10.0 17.237 0
000333 23.125 10.0 17.237 0
000404 23.125 10.0 17.237 0
000434 23.125 10.0 17.237 0
000504 23.125 10.0 17.237 0
000535 23.125 10.0 17.237 0
000606 23.125 10.0 17.3 0
000636 23.125 10.0 17.237 0
000707 23.125 10.0 17.237 0
000738 23.125 10.0 17.237 0
000808 23.125 10.0 17.237 0
000841 23.125 10.0 17.237 0
000911 23.125 10.0 17.237 0
000941 23.125 10.0 17.237 0
001012 23.125 10.0 17.237 0
001042 23.125 10.0 17.237 0
001112 23.125 10.0 17.237 0
001142 23.125 10.0 17.3 0
001213 23.125 10.0 17.237 0
001244 23.125 10.0 17.237 0
001314 23.125 10.0 17.237 0
001345 23.125 10.0 17.237 0
001415 23.125 10.0 17.237 0
001446 23.125 10.0 17.237 0
001516 23.125 10.0 17.237 0
001546 23.125 10.0 17.237 0
001616 23.125 10.0 17.237 0
001647 23.125 10.0 17.237 0
001717 23.125 10.0 17.237 0
001748 23.125 10.0 17.237 0
001818 23.125 10.0 17.237 0
001848 23.125 10.0 17.237 0
001919 23.125 10.0 17.237 0
001949 23.125 10.0 17.237 0
002020 23.125 10.0 17.237 0
002050 23.125 10.0 17.237 0
002121 23.125 10.0 17.237 0
002152 23.125 10.0 17.237 0
002223 23.125 10.0 17.237 0
002253 23.125 10.0 17.237 0
002323 23.125 10.0 17.237 0
002354 23.125 10.0 17.237 0
002424 23.125 10.0 17.237 0
002455 23.125 10.0 17.237 0
002526 23.125 10.0 17.237 0
002556 23.125 10.0 17.237 0
002627 23.062 10.0 17.237 0
002658 23.062 10.0 17.237 0
002728 23.062 10.0 17.237 0
002759 23.062 10.0 17.237 0
002830 23.062 10.0 17.237 0
002900 23.125 10.0 17.237 0
002931 23.125 10.0 17.237 0
003001 23.125 10.0 17.237 0
003031 23.125 10.0 17.237 0
003102 23.125 10.0 17.237 0
003132 23.125 10.0 17.237 0
003203 23.125 10.0 17.237 0
003234 23.125 10.0 17.237 0
003304 23.125 10.0 17.237 0
003335 23.125 10.0 17.3 0
003405 23.062 10.0 17.237 0
003435 23.062 10.0 17.237 0
003506 23.062 10.0 17.237 0
003537 23.062 10.0 17.237 0
003607 23.062 10.0 17.237 0
003638 23.062 10.0 17.237 0
003709 23.062 10.0 17.237 0
003739 23.062 10.0 17.237 0
003809 23.062 10.0 17.237 0
003840 23.062 10.0 17.237 0
003910 23.125 10.0 17.237 0
003940 23.125 10.0 17.237 0
004011 23.125 10.0 17.237 0
004041 23.125 10.0 17.3 0
004111 23.125 10.0 17.237 0
004142 23.062 10.0 17.237 0
004212 23.062 10.0 17.237 0
004242 23.062 10.0 17.237 0
004312 23.062 10.0 17.237 0
004342 23.062 10.0 17.237 0
004412 23.062 10.0 17.237 0
004443 23.062 10.0 17.237 0
004513 23.062 10.0 17.237 0
004544 23.062 10.0 17.237 0
004616 23.062 10.0 17.237 0
004647 23.062 10.0 17.3 0
004717 23.062 10.0 17.237 0
004748 23.062 10.0 17.3 0
004819 23.062 10.0 17.3 0
004849 23.062 10.0 17.237 0
004919 23.062 10.0 17.237 0
004950 23.062 10.0 17.3 0
005020 23.062 10.0 17.237 0
005051 23.062 10.0 17.237 0
005122 23.062 10.0 17.237 0
005152 23.062 10.0 17.237 0
005222 23.062 10.0 17.237 0
005253 23.062 10.0 17.237 0
005324 23.062 10.0 17.237 0
005354 23.062 10.0 17.237 0
005424 23.062 10.0 17.237 0
005455 23.062 10.0 17.237 0
005525 23.062 10.0 17.237 0
005556 23.062 10.0 17.237 0
005627 23.062 10.0 17.3 0
005657 23.062 10.0 17.237 0
005728 23.062 10.0 17.237 0
005759 23.062 10.0 17.237 0
005829 23.062 10.0 17.237 0
005859 23.062 10.0 17.237 0
005930 23.062 10.0 17.237 0
010001 23.062 10.0 17.237 0
010031 23.062 10.0 17.237 0
010102 23.062 10.0 17.237 0
010132 23.062 10.0 17.237 0
010203 23.062 10.0 17.237 0
010234 23.062 10.0 17.237 0
010304 23.062 10.0 17.237 0
010335 23.062 10.0 17.237 0
010406 23.062 10.0 17.237 0
010437 23.062 10.0 17.237 0
010507 23.062 10.0 17.3 0
010538 23.062 10.0 17.237 0
010608 23.062 10.0 17.3 0
010638 23.062 10.0 17.237 0
010709 23.062 10.0 17.237 0
010739 23.062 10.0 17.237 0
010809 23.062 10.0 17.237 0
010840 23.062 10.0 17.3 0
010910 23.062 10.0 17.3 0
010941 23.062 10.0 17.3 0
011012 23.062 10.0 17.3 0
011042 23.062 10.0 17.3 0
011113 23.062 10.0 17.237 0
011143 23.062 10.0 17.237 0
011214 23.062 10.0 17.3 0
011245 23.062 10.0 17.237 0
011315 23.062 10.0 17.3 0
011346 23.062 10.0 17.3 0
011417 23.062 10.0 17.3 0
011447 23.062 10.0 17.3 0
011518 23.062 10.0 17.237 0
011549 23.062 10.0 17.3 0
011620 23.062 10.0 17.3 0
011650 23.062 10.0 17.3 0
011721 23.062 10.0 17.237 0
011752 23.062 10.0 17.3 0
011822 23.062 10.0 17.237 0
011853 23.0 10.0 17.3 0
011923 23.0 10.0 17.3 0
011954 23.0 10.0 17.237 0
012024 23.0 10.0 17.237 0
012055 23.0 10.0 17.3 0
012126 23.0 10.0 17.3 0
012156 23.0 10.0 17.3 0
012227 23.0 10.0 17.237 0
012257 23.0 10.0 17.3 0
012328 23.0 10.0 17.237 0
012358 23.0 10.0 17.237 0
012429 23.0 10.0 17.237 0
012500 23.0 10.0 17.237 0
012530 23.0 10.0 17.237 0
012601 23.0 10.0 17.237 0
012631 23.0 10.0 17.3 0
012702 23.0 10.0 17.237 0
012733 23.0 10.0 17.237 0
012804 23.0 10.0 17.3 0
012834 23.0 10.0 17.3 0
012905 23.062 10.0 17.3 0
012936 23.062 10.0 17.3 0
013006 23.062 10.0 17.3 0
013036 23.062 10.0 17.3 0
013107 23.062 10.0 17.3 0
013138 23.0 10.0 17.3 0
013209 23.0 10.0 17.3 0
013239 23.0 10.0 17.3 0
013310 23.0 10.0 17.3 0
013340 23.0 10.0 17.3 0
013410 23.0 10.0 17.3 0
013441 23.0 10.0 17.237 0
013511 23.0 10.0 17.3 0
013542 23.0 10.0 17.3 0
013612 23.0 10.0 17.3 0
013643 23.0 10.0 17.3 0
013714 23.0 10.0 17.3 0
013744 23.0 10.0 17.3 0
013814 23.0 10.0 17.3 0
013845 23.0 10.0 17.3 0
013915 23.0 10.0 17.3 0
013945 23.0 10.0 17.3 0
014016 23.0 10.0 17.3 0
014047 23.0 10.0 17.3 0
014117 23.0 10.0 17.3 0
014148 23.0 10.0 17.237 0
014218 23.0 10.0 17.3 0
014249 23.0 10.0 17.3 0
014320 23.0 10.0 17.3 0
014350 23.0 10.0 17.3 0
014420 23.0 10.0 17.237 0
014451 23.0 10.0 17.3 0
014521 23.0 10.0 17.3 0
014552 23.0 10.0 17.3 0
014625 23.0 10.0 17.237 0
014656 23.0 10.0 17.3 0
014726 23.0 10.0 17.3 0
014757 23.0 10.0 17.3 0
014827 23.0 10.0 17.3 0
014857 23.0 10.0 17.3 0
014928 23.0 10.0 17.3 0
014959 23.0 10.0 17.3 0
015029 23.0 10.0 17.3 0
015100 23.0 10.0 17.3 0
015130 23.0 10.0 17.3 0
015201 23.0 10.0 17.3 0
015231 23.0 10.0 17.3 0
015302 23.0 10.0 17.3 0
015332 23.0 10.0 17.237 0
015403 23.0 10.0 17.3 0
015434 23.0 10.0 17.3 0
015504 23.0 10.0 17.3 0
015535 23.0 10.0 17.3 0
015606 23.0 10.0 17.3 0
015637 23.0 10.0 17.3 0
015707 23.0 10.0 17.3 0
015737 23.0 10.0 17.3 0
015807 23.0 10.0 17.3 0
015837 23.0 10.0 17.3 0
015907 23.0 10.0 17.3 0
015938 23.0 10.0 17.3 0
020009 23.0 10.0 17.3 0
020039 23.0 10.0 17.3 0
020110 23.0 10.0 17.3 0
020140 23.0 10.0 17.3 0
020210 23.0 10.0 17.3 0
020241 23.0 10.0 17.3 0
020311 23.0 10.0 17.3 0
020341 23.0 10.0 17.3 0
020412 23.0 10.0 17.3 0
020443 23.0 10.0 17.3 0
020513 23.0 10.0 17.3 0
020544 23.0 10.0 17.3 0
020615 23.0 10.0 17.3 0
020645 23.0 10.0 17.3 0
020716 23.0 10.0 17.3 0
020747 23.0 10.0 17.3 0
020817 23.0 10.0 17.3 0
020848 23.0 10.0 17.3 0
020918 23.0 10.0 17.3 0
020948 23.0 10.0 17.3 0
021019 23.0 10.0 17.3 0
021050 23.0 10.0 17.237 0
021121 23.0 10.0 17.3 0
021151 23.0 10.0 17.3 0
021221 23.0 10.0 17.3 0
021252 23.0 10.0 17.3 0
021322 23.0 10.0 17.3 0
021353 23.0 10.0 17.3 0
021424 23.0 10.0 17.3 0
021454 23.0 10.0 17.3 0
021525 23.0 10.0 17.3 0
021555 23.0 10.0 17.3 0
021625 23.0 10.0 17.3 0
021655 23.0 10.0 17.3 0
021726 23.0 10.0 17.3 0
021756 23.0 10.0 17.3 0
021826 23.0 10.0 17.3 0
021859 23.0 10.0 17.3 0
021930 23.0 10.0 17.3 0
022001 23.0 10.0 17.3 0
022031 23.0 10.0 17.3 0
022101 23.0 10.0 17.3 0
022131 23.0 10.0 17.3 0
022202 23.0 10.0 17.3 0
022232 23.0 10.0 17.3 0
022303 23.0 10.0 17.3 0
022333 23.0 10.0 17.3 0
022404 23.0 10.0 17.3 0
022434 23.0 10.0 17.3 0
022505 23.0 10.0 17.3 0
022535 23.0 10.0 17.3 0
022606 23.0 10.0 17.3 0
022636 23.0 10.0 17.3 0
022706 23.0 10.0 17.3 0
022737 23.0 10.0 17.3 0
022807 23.0 10.0 17.3 0
022837 23.0 10.0 17.3 0
022907 23.0 10.0 17.3 0
022938 23.0 10.0 17.3 0
023009 23.0 10.0 17.3 0
023039 23.0 10.0 17.3 0
023110 23.0 10.0 17.3 0
023140 23.0 10.0 17.3 0
023210 23.0 10.0 17.3 0
023241 23.0 10.0 17.3 0
023311 23.0 10.0 17.3 0
023342 23.0 10.0 17.3 0
023412 23.0 10.0 17.3 0
023443 23.0 10.0 17.3 0
023514 23.0 10.0 17.3 0
023544 23.0 10.0 17.3 0
023614 23.0 10.0 17.3 0
023644 23.0 10.0 17.3 0
023715 23.0 10.0 17.3 0
023746 23.0 10.0 17.3 0
023816 23.0 10.0 17.3 0
023847 23.0 10.0 17.3 0
023917 23.0 10.0 17.3 0
023948 23.0 10.0 17.3 0
024018 23.0 10.0 17.3 0
024048 23.0 10.0 17.3 0
024119 23.0 10.0 17.3 0
024149 23.0 10.0 17.3 0
024219 23.0 10.0 17.3 0
024250 23.0 10.0 17.3 0
024321 23.0 10.0 17.3 0
024351 23.0 10.0 17.3 0
024422 23.0 10.0 17.3 0
024452 23.0 10.0 17.3 0
024523 23.0 10.0 17.3 0
024553 23.0 10.0 17.3 0
024624 23.0 10.0 17.3 0
024654 23.0 10.0 17.3 0
024725 23.0 10.0 17.3 0
024756 23.0 10.0 17.3 0
024826 23.0 10.0 17.3 0
024857 23.0 10.0 17.3 0
024927 23.0 10.0 17.3 0
024958 23.0 10.0 17.3 0
025028 23.0 10.0 17.3 0
025058 23.0 10.0 17.3 0
025129 23.0 10.0 17.3 0
025159 23.0 10.0 17.3 0
025230 23.0 10.0 17.3 0
025301 23.0 10.0 17.3 0
025331 23.0 10.0 17.3 0
025404 23.0 10.0 17.3 0
025434 23.0 10.0 17.3 0
025504 23.0 10.0 17.3 0
025535 23.0 10.0 17.3 0
025606 23.0 10.0 17.3 0
025636 23.0 10.0 17.3 0
025706 23.0 10.0 17.3 0
025737 23.0 10.0 17.3 0
025807 23.0 10.0 17.3 0
025838 23.0 10.0 17.3 0
025908 23.0 10.0 17.3 0
025939 23.0 10.0 17.3 0
030009 23.0 10.0 17.3 0
030039 23.0 10.0 17.3 0
030109 23.0 10.0 17.3 0
030140 22.937 10.0 17.3 0
030211 22.937 10.0 17.3 0
030241 22.937 10.0 17.3 0
030312 22.937 10.0 17.3 0
030342 22.937 10.0 17.3 0
030413 22.937 10.0 17.3 0
030443 22.937 10.0 17.3 0
030514 22.937 10.0 17.3 0
030545 22.937 10.0 17.3 0
030615 22.937 10.0 17.3 0
030646 22.937 10.0 17.3 0
030716 22.937 10.0 17.3 0
030747 22.937 10.0 17.3 0
030817 22.937 10.0 17.3 0
030848 22.937 10.0 17.3 0
030919 23.0 10.0 17.3 0
030949 23.0 10.0 17.3 0
031019 23.0 10.0 17.3 0
031050 23.0 10.0 17.3 0
031120 23.0 10.0 17.3 0
031150 22.937 10.0 17.3 0
031221 22.937 10.0 17.3 0
031251 22.937 10.0 17.3 0
031322 22.937 10.0 17.3 0
031352 22.937 10.0 17.3 0
031423 22.937 10.0 17.3 0
031454 22.937 10.0 17.3 0
031524 22.937 10.0 17.3 0
031555 22.937 10.0 17.3 0
031626 22.937 10.0 17.3 0
031656 22.937 10.0 17.3 0
031727 22.937 10.0 17.3 0
031758 22.937 10.0 17.3 0
031828 22.937 10.0 17.3 0
031859 22.937 10.0 17.3 0
031929 22.937 10.0 17.3 0
031959 22.937 10.0 17.3 0
032030 22.937 10.0 17.3 0
032100 22.937 10.0 17.3 0
032131 22.937 10.0 17.3 0
032202 22.937 10.0 17.3 0
032232 22.937 10.0 17.3 0
032303 22.937 10.0 17.3 0
032334 22.937 10.0 17.3 0
032404 22.937 10.0 17.3 0
032434 22.937 10.0 17.3 0
032505 22.937 10.0 17.3 0
032536 22.937 10.0 17.3 0
032606 22.937 10.0 17.3 0
032638 22.937 10.0 17.3 0
032708 22.937 10.0 17.3 0
032738 22.937 10.0 17.3 0
032808 22.937 10.0 17.3 0
032839 22.937 10.0 17.3 0
032909 22.937 10.0 17.3 0
032939 22.937 10.0 17.3 0
033010 22.937 10.0 17.3 0
033040 22.937 10.0 17.3 0
033111 22.937 10.0 17.3 0
033141 22.937 10.0 17.3 0
033212 22.937 10.0 17.3 0
033242 22.937 10.0 17.3 0
033313 22.937 10.0 17.3 0
033344 22.937 10.0 17.3 0
033414 22.937 10.0 17.3 0
033445 22.937 10.0 17.3 0
033516 22.937 10.0 17.3 0
033546 22.937 10.0 17.3 0
033617 22.937 10.0 17.3 0
033647 22.937 10.0 17.3 0
033718 22.937 10.0 17.3 0
033748 22.937 10.0 17.3 0
033819 22.937 10.0 17.3 0
033850 22.937 10.0 17.3 0
033921 23.0 10.0 17.3 0
033951 23.0 10.0 17.3 0
034022 23.0 10.0 17.3 0
034053 23.0 10.0 17.3 0
034123 23.0 10.0 17.3 0
034153 22.937 10.0 17.3 0
034224 22.937 10.0 17.3 0
034254 22.937 10.0 17.3 0
034325 22.937 10.0 17.3 0
034356 22.937 10.0 17.3 0
034426 22.937 10.0 17.3 0
034457 22.937 10.0 17.3 0
034527 22.937 10.0 17.3 0
034558 22.937 10.0 17.3 0
034628 22.937 10.0 17.3 0
034658 22.937 10.0 17.3 0
034729 22.937 10.0 17.3 0
034759 22.937 10.0 17.3 0
034830 22.937 10.0 17.3 0
034900 22.937 10.0 17.3 0
034930 22.937 10.0 17.3 0
035001 22.937 10.0 17.3 0
035031 22.937 10.0 17.3 0
035102 22.937 10.0 17.3 0
035133 22.937 10.0 17.3 0
035203 22.937 10.0 17.3 0
035233 22.937 10.0 17.3 0
035304 22.937 10.0 17.3 0
035334 22.937 10.0 17.3 0
035405 22.937 10.0 17.3 0
035436 22.937 10.0 17.3 0
035506 22.937 10.0 17.3 0
035537 22.937 10.0 17.3 0
035608 22.937 10.0 17.3 0
035640 22.937 10.0 17.3 0
035711 22.937 10.0 17.3 0
035741 22.937 10.0 17.3 0
035812 22.937 10.0 17.3 0
035842 22.937 10.0 17.3 0
035912 22.937 10.0 17.3 0
035943 22.937 10.0 17.3 0
040014 22.937 10.0 17.3 0
040044 22.937 10.0 17.3 0
040115 22.937 10.0 17.3 0
040145 22.937 10.0 17.3 0
040216 22.937 10.0 17.3 0
040247 22.937 10.0 17.3 0
040317 22.937 10.0 17.3 0
040348 22.937 10.0 17.3 0
040419 22.937 10.0 17.3 0
040450 22.937 10.0 17.3 0
040520 22.937 10.0 17.3 0
040550 22.937 10.0 17.3 0
040621 22.937 10.0 17.3 0
040651 22.937 10.0 17.3 0
040722 22.937 10.0 17.3 0
040752 22.937 10.0 17.3 0
040823 22.937 10.0 17.3 0
040853 22.937 10.0 17.3 0
040923 22.937 10.0 17.3 0
040954 22.937 10.0 17.3 0
041024 22.937 10.0 17.3 0
041055 22.937 10.0 17.3 0
041125 22.937 10.0 17.3 0
041156 22.937 10.0 17.3 0
041227 22.937 10.0 17.3 0
041258 22.937 10.0 17.3 0
041328 22.937 10.0 17.3 0
041358 22.937 10.0 17.3 0
041429 22.937 10.0 17.3 0
041500 22.937 10.0 17.3 0
041530 22.937 10.0 17.3 0
041601 22.937 10.0 17.3 0
041632 22.937 10.0 17.3 0
041702 22.937 10.0 17.3 0
041733 22.937 10.0 17.3 0
041803 22.937 10.0 17.3 0
041833 22.937 10.0 17.3 0
041904 22.937 10.0 17.3 0
041934 22.937 10.0 17.3 0
042004 22.937 10.0 17.3 0
042035 22.937 10.0 17.3 0
042105 22.937 10.0 17.3 0
042136 22.937 10.0 17.3 0
042206 22.937 10.0 17.3 0
042237 22.937 10.0 17.3 0
042308 22.937 10.0 17.3 0
042338 22.937 10.0 17.3 0
042408 22.937 10.0 17.3 0
042438 22.937 10.0 17.3 0
042509 22.937 10.0 17.3 0
042540 22.937 10.0 17.3 0
042611 22.937 10.0 17.3 0
042641 22.937 10.0 17.3 0
042711 22.875 10.0 17.3 0
042742 22.875 10.0 17.3 0
042812 22.875 10.0 17.3 0
042843 22.875 10.0 17.3 0
042915 22.875 10.0 17.3 0
042945 22.875 10.0 17.3 0
043016 22.875 10.0 17.3 0
043047 22.875 10.0 17.3 0
043117 22.875 10.0 17.3 0
043148 22.937 10.0 17.3 0
043218 22.937 10.0 17.3 0
043249 22.937 10.0 17.3 0
043319 22.937 10.0 17.3 0
043350 22.937 10.0 17.3 0
043420 22.875 10.0 17.3 0
043451 22.875 10.0 17.3 0
043521 22.875 10.0 17.3 0
043552 22.875 10.0 17.3 0
043622 22.875 10.0 17.3 0
043653 22.875 10.0 17.3 0
043723 22.875 10.0 17.3 0
043754 22.875 10.0 17.3 0
043824 22.875 10.0 17.3 0
043855 22.875 10.0 17.3 0
043926 22.875 10.0 17.3 0
043956 22.875 10.0 17.3 0
044026 22.875 10.0 17.3 0
044057 22.875 10.0 17.3 0
044127 22.875 10.0 17.3 0
044157 22.875 10.0 17.3 0
044228 22.875 10.0 17.3 0
044259 22.875 10.0 17.3 0
044330 22.875 10.0 17.3 0
044400 22.875 10.0 17.3 0
044431 22.875 10.0 17.3 0
044501 22.875 10.0 17.3 0
044532 22.875 10.0 17.3 0
044602 22.875 10.0 17.3 0
044633 22.875 10.0 17.3 0
044703 22.875 10.0 17.3 0
044734 22.875 10.0 17.3 0
044804 22.875 10.0 17.3 0
044835 22.875 10.0 17.3 0
044905 22.875 10.0 17.3 0
044936 22.875 10.0 17.3 0
045006 22.875 10.0 17.3 0
045036 22.875 10.0 17.3 0
045107 22.875 10.0 17.3 0
045138 22.875 10.0 17.3 0
045208 22.875 10.0 17.3 0
045239 22.875 10.0 17.3 0
045309 22.875 10.0 17.3 0
045340 22.875 10.0 17.3 0
045411 22.875 10.0 17.3 0
045441 22.812 10.0 17.3 0
045512 22.812 10.0 17.3 0
045542 22.812 10.0 17.3 0
045612 22.812 10.0 17.3 0
045643 22.812 10.0 17.3 0
045713 22.812 10.0 17.3 0
045744 22.812 10.0 17.3 0
045814 22.812 10.0 17.3 0
045845 22.812 10.0 17.3 0
045915 22.812 10.0 17.3 0
045945 22.875 10.0 17.3 0
050016 22.875 10.0 17.3 0
050046 22.875 10.0 17.3 0
050116 22.875 10.0 17.3 0
050149 22.875 10.0 17.3 0
050220 22.875 10.0 17.3 0
050250 22.875 10.0 17.3 0
050321 22.875 10.0 17.3 0
050351 22.875 10.0 17.3 0
050422 22.812 10.0 17.3 0
050453 22.812 10.0 17.3 0
050523 22.812 10.0 17.3 0
050554 22.812 10.0 17.3 0
050625 22.812 10.0 17.3 0
050656 22.875 10.0 17.3 0
050726 22.875 10.0 17.3 0
050757 22.875 10.0 17.3 0
050827 22.875 10.0 17.3 0
050858 22.875 10.0 17.3 0
050929 22.875 10.0 17.3 0
050959 22.875 10.0 17.3 0
051030 22.875 10.0 17.3 0
051100 22.875 10.0 17.3 0
051130 22.875 10.0 17.3 0
051201 22.812 10.0 17.3 0
051231 22.812 10.0 17.3 0
051301 22.812 10.0 17.3 0
051332 22.812 10.0 17.3 0
051402 22.812 10.0 17.3 0
051432 22.812 10.0 17.3 0
051503 22.812 10.0 17.3 0
051534 22.812 10.0 17.3 0
051604 22.812 10.0 17.3 0
051635 22.812 10.0 17.3 0
051705 22.875 10.0 17.3 0
051736 22.875 10.0 17.3 0
051806 22.875 10.0 17.3 0
051836 22.875 10.0 17.3 0
051907 22.875 10.0 17.3 0
051938 22.812 10.0 17.3 0
052008 22.812 10.0 17.3 0
052038 22.812 10.0 17.3 0
052108 22.812 10.0 17.3 0
052138 22.812 10.0 17.3 0
052208 22.812 10.0 17.3 0
052239 22.812 10.0 17.3 0
052309 22.812 10.0 17.3 0
052339 22.812 10.0 17.3 0
052410 22.812 10.0 17.3 0
052440 22.812 10.0 17.3 0
052511 22.812 10.0 17.3 0
052542 22.812 10.0 17.3 0
052612 22.812 10.0 17.3 0
052643 22.812 10.0 17.3 0
052714 22.812 10.0 17.3 0
052745 22.812 10.0 17.3 0
052815 22.812 10.0 17.3 0
052845 22.812 10.0 17.3 0
052916 22.812 10.0 17.3 0
052946 22.812 10.0 17.3 0
053017 22.812 10.0 17.3 0
053048 22.812 10.0 17.3 0
053118 22.812 10.0 17.3 0
053148 22.812 10.0 17.3 0
053219 22.812 10.0 17.3 0
053249 22.812 10.0 17.3 0
053320 22.812 10.0 17.3 0
053350 22.812 10.0 17.3 0
053423 22.812 10.0 17.3 0
053454 22.812 10.0 17.3 0
053525 22.812 10.0 17.3 0
053555 22.812 10.0 17.3 0
053626 22.812 10.0 17.3 0
053656 22.812 10.0 17.3 0
053727 22.812 10.0 17.3 0
053758 22.812 10.0 17.3 0
053828 22.812 10.0 17.3 0
053859 22.812 10.0 17.3 0
053930 22.812 10.0 17.3 0
054000 22.812 10.0 17.3 0
054031 22.812 10.0 17.3 0
054102 22.812 10.0 17.3 0
054132 22.812 10.0 17.3 0
054203 22.812 10.0 17.3 0
054234 22.812 10.0 17.3 0
054304 22.812 10.0 17.3 0
054334 22.812 10.0 17.3 0
054404 22.812 10.0 17.3 0
054435 22.812 10.0 17.3 0
054505 22.812 10.0 17.3 0
054535 22.812 10.0 17.3 0
054606 22.812 10.0 17.3 0
054636 22.812 10.0 17.3 0
054706 22.812 10.0 17.3 0
054736 22.812 10.0 17.3 0
054807 22.812 10.0 17.3 0
054838 22.812 10.0 17.3 0
054908 22.812 10.0 17.3 0
054938 22.812 10.0 17.3 0
055008 22.812 10.0 17.3 0
055039 22.812 10.0 17.3 0
055109 22.812 10.0 17.3 0
055139 22.812 10.0 17.3 0
055210 22.812 10.0 17.3 0
055240 22.812 10.0 17.3 0
055311 22.812 10.0 17.3 0
055341 22.812 10.0 17.3 0
055411 22.812 10.0 17.3 0
055442 22.812 10.0 17.3 0
055512 22.812 10.0 17.3 0
055543 22.812 10.0 17.3 0
055614 22.812 10.0 17.3 0
055644 22.812 10.0 17.3 0
055715 22.812 10.0 17.3 0
055745 22.812 10.0 17.3 0
055815 22.812 10.0 17.3 0
055846 22.812 10.0 17.3 0
055916 22.812 10.0 17.3 0
055946 22.75 10.0 17.3 0
060016 22.75 10.0 17.3 0
060047 22.75 10.0 17.3 0
060117 22.75 10.0 17.3 0
060148 22.75 10.0 17.3 0
060218 22.812 10.0 17.3 0
060249 22.812 10.0 17.3 0
060320 22.812 10.0 17.3 0
060350 22.812 10.0 17.3 0
060421 22.812 10.0 17.3 0
060451 22.812 10.0 17.3 0
060522 22.812 10.0 17.3 0
060552 22.812 10.0 17.3 0
060622 22.812 10.0 17.3 0
060653 22.812 10.0 17.3 0
060723 22.812 10.0 17.3 0
060754 22.812 10.0 17.3 0
060824 22.812 10.0 17.3 0
060855 22.812 10.0 17.3 0
060925 22.812 10.0 17.3 0
060955 22.812 10.0 17.3 0
061026 22.812 10.0 17.3 0
061057 22.812 10.0 17.3 0
061127 22.812 10.0 17.3 0
061200 22.812 10.0 17.3 0
061230 22.812 10.0 17.3 0
061300 22.812 10.0 17.3 0
061331 22.812 10.0 17.3 0
061402 22.812 10.0 17.3 0
061432 22.812 10.0 17.3 0
061502 22.812 10.0 17.3 0
061533 22.812 10.0 17.3 0
061604 22.812 10.0 17.3 0
061634 22.812 10.0 17.3 0
061705 22.812 10.0 17.3 0
061736 22.812 10.0 17.3 0
061806 22.812 10.0 17.3 0
061837 22.812 10.0 17.3 0
061907 22.812 10.0 17.3 0
061938 22.812 10.0 17.3 0
062009 22.812 10.0 17.3 0
062039 22.812 10.0 17.3 0
062110 22.812 10.0 17.3 0
062141 22.812 10.0 17.3 0
062212 22.75 10.0 17.3 0
062242 22.75 10.0 17.3 0
062313 22.75 10.0 17.3 0
062344 22.75 10.0 17.3 0
062414 22.75 10.0 17.3 0
062445 22.812 10.0 17.3 0
062516 22.812 10.0 17.3 0
062546 22.812 10.0 17.3 0
062616 22.812 10.0 17.3 0
062646 22.812 10.0 17.3 0
062716 22.75 10.0 17.3 0
062747 22.75 10.0 17.3 0
062818 22.75 10.0 17.3 0
062849 22.75 10.0 17.3 0
062919 22.75 10.0 17.3 0
062950 22.75 10.0 17.3 0
063020 22.75 10.0 17.3 0
063050 22.75 10.0 17.3 0
063120 22.75 10.0 17.3 0
063151 22.75 10.0 17.3 0
063222 22.75 10.0 17.3 0
063252 22.75 10.0 17.3 0
063322 22.75 10.0 17.3 0
063352 22.75 10.0 17.3 0
063422 22.75 10.0 17.3 0
063453 22.75 10.0 17.3 0
063524 22.75 10.0 17.3 0
063554 22.75 10.0 17.3 0
063624 22.75 10.0 17.3 0
063654 22.75 10.0 17.3 0
063725 22.75 10.0 17.3 0
063755 22.75 10.0 17.3 0
063826 22.75 10.0 17.3 0
063857 22.75 10.0 17.3 0
063927 22.75 10.0 17.3 0
063958 22.75 10.0 17.3 0
064029 22.75 10.0 17.3 0
064059 22.75 10.0 17.3 0
064130 22.75 10.0 17.3 0
064201 22.75 10.0 17.3 0
064231 22.812 10.0 17.3 0
064301 22.812 10.0 17.3 0
064332 22.812 10.0 17.3 0
064403 22.812 10.0 17.3 0
064434 22.812 10.0 17.3 0
064505 22.812 10.0 17.3 0
064536 22.812 10.0 17.3 0
064606 22.812 10.0 17.3 0
064636 22.812 10.0 17.3 0
064707 22.812 10.0 17.3 0
064737 22.812 10.0 17.3 0
064807 22.812 10.0 17.3 0
064838 22.812 10.0 17.3 0
064909 22.812 10.0 17.3 0
064939 22.812 10.0 17.3 0
065010 22.812 10.0 17.3 0
065040 22.812 10.0 17.3 0
065111 22.812 10.0 17.3 0
065142 22.812 10.0 17.3 0
065212 22.75 10.0 17.3 0
065243 22.75 10.0 17.3 0
065314 22.75 10.0 17.3 0
065344 22.75 10.0 17.3 0
065415 22.75 10.0 17.362 0
065445 22.75 10.0 17.3 0
065516 22.75 10.0 17.3 0
065547 22.75 10.0 17.3 0
065617 22.75 10.0 17.3 0
065648 22.75 10.0 17.3 0
065719 22.687 10.0 17.3 0
065749 22.687 10.0 17.3 0
065820 22.687 10.0 17.3 0
065851 22.687 10.0 17.362 0
065921 22.687 10.0 17.362 0
065952 22.625 10.0 17.3 0
070023 22.625 10.0 17.3 0
070053 22.625 10.0 17.3 0
070124 22.625 10.0 17.3 0
070155 22.625 10.0 17.3 0
070225 22.625 10.0 17.3 0
070256 22.625 10.0 17.3 0
070327 22.625 10.0 17.3 0
070358 22.625 10.0 17.3 0
070428 22.625 10.0 17.3 0
070459 22.625 10.0 17.3 0
070529 22.625 10.0 17.3 0
070600 22.625 10.0 17.3 0
070631 22.625 10.0 17.3 0
070702 22.625 10.0 17.3 0
070732 22.625 10.0 17.3 0
070802 22.625 10.0 17.3 0
070833 22.625 10.0 17.3 0
070903 22.625 10.0 17.3 0
070933 22.625 10.0 17.3 0
071004 22.625 10.0 17.3 0
071035 22.625 10.0 17.3 0
071105 22.625 10.0 17.3 0
071136 22.625 10.0 17.3 0
071208 22.625 10.0 17.3 0
071239 22.625 10.0 17.3 0
071310 22.625 10.0 17.3 0
071340 22.625 10.0 17.3 0
071411 22.625 10.0 17.3 0
071442 22.625 10.0 17.3 0
071512 22.625 10.0 17.3 0
071543 22.625 10.0 17.362 0
071614 22.625 10.0 17.3 0
071644 22.625 10.0 17.3 0
071715 22.562 10.0 17.3 0
071746 22.562 10.0 17.3 0
071817 22.562 10.0 17.3 0
071847 22.562 10.0 17.3 0
071917 22.562 10.0 17.3 0
071947 22.562 10.0 17.3 0
072017 22.562 10.0 17.3 0
072048 22.562 10.0 17.3 0
072118 22.562 10.0 17.3 0
072149 22.562 10.0 17.362 0
072220 22.5 10.0 17.362 0
072250 22.5 10.0 17.3 0
072321 22.5 10.0 17.3 0
072352 22.5 10.0 17.3 0
072422 22.5 10.0 17.3 0
072453 22.562 10.0 17.3 0
072523 22.562 10.0 17.3 0
072553 22.562 10.0 17.362 0
072624 22.562 10.0 17.3 0
072655 22.562 10.0 17.362 0
072725 22.5 10.0 17.3 0
072756 22.5 10.0 17.3 0
072827 22.5 10.0 17.3 0
072857 22.5 10.0 17.362 0
072928 22.5 10.0 17.362 0
072959 22.5 10.0 17.3 0
073029 22.5 10.0 17.3 0
073100 22.5 10.0 17.3 0
073130 22.5 10.0 17.3 0
073201 22.5 10.0 17.362 0
073232 22.5 10.0 17.3 0
073303 22.5 10.0 17.362 0
073333 22.5 10.0 17.3 0
073403 22.5 10.0 17.3 0
073434 22.5 10.0 17.3 0
073504 22.5 10.0 17.3 0
073535 22.5 10.0 17.3 0
073606 22.5 10.0 17.3 0
073636 22.5 10.0 17.3 0
073707 22.5 10.0 17.3 0
073738 22.5 10.0 17.3 0
073808 22.5 10.0 17.3 0
073839 22.5 10.0 17.362 0
073910 22.5 10.0 17.3 0
073943 22.5 10.0 17.362 0
074013 22.5 10.0 17.362 0
074044 22.5 10.0 17.3 0
074115 22.5 10.0 17.3 0
074145 22.5 10.0 17.362 0
074216 22.5 10.0 17.362 0
074246 22.5 10.0 17.3 0
074316 22.5 10.0 17.362 0
074347 22.5 10.0 17.3 0
074418 22.5 10.0 17.3 0
074448 22.5 10.0 17.3 0
074519 22.5 10.0 17.362 0
074550 22.5 10.0 17.362 0
074621 22.5 10.0 17.3 0
074651 22.5 10.0 17.362 0
074722 22.5 10.0 17.3 0
074753 22.5 10.0 17.3 0
074823 22.5 10.0 17.362 0
074854 22.5 10.0 17.362 0
074924 22.5 10.0 17.3 0
074955 22.5 10.0 17.362 0
075026 22.5 10.0 17.3 0
075056 22.5 10.0 17.362 0
075126 22.5 10.0 17.3 0
075157 22.5 10.0 17.362 0
075227 22.5 10.0 17.3 0
075257 22.5 10.0 17.3 0
075328 22.5 10.0 17.362 0
075359 22.5 10.0 17.362 0
075430 22.5 10.0 17.362 0
075500 22.5 10.0 17.362 0
075531 22.5 10.0 17.362 0
075601 22.5 10.0 17.362 0
075632 22.5 10.0 17.3 0
075703 22.5 10.0 17.3 0
075733 22.5 10.0 17.362 0
075804 22.5 10.0 17.362 0
075834 22.5 10.0 17.362 0
075905 22.5 10.0 17.362 0
075936 22.5 10.0 17.362 0
080007 22.5 10.0 17.3 0
080037 22.5 10.0 17.3 0
080107 22.5 10.0 17.362 0
080137 22.5 10.0 17.362 0
080208 22.5 10.0 17.362 0
080238 22.437 10.0 17.3 0
080308 22.437 10.0 17.362 0
080339 22.437 10.0 17.362 0
080409 22.437 10.0 17.362 0
080440 22.437 10.0 17.362 0
080510 22.437 10.0 17.362 0
080541 22.437 10.0 17.362 0
080611 22.437 10.0 17.362 0
080642 22.437 10.0 17.3 0
080713 22.437 10.0 17.3 0
080744 22.437 10.0 17.3 0
080815 22.437 10.0 17.3 0
080845 22.437 10.0 17.362 0
080916 22.437 10.0 17.362 0
080947 22.437 10.0 17.3 0
081018 22.437 10.0 17.362 0
081049 22.437 10.0 17.362 0
081120 22.437 10.0 17.362 0
081150 22.437 10.0 17.362 0
081221 22.437 10.0 17.362 0
081251 22.437 10.0 17.362 0
081321 22.437 10.0 17.362 0
081352 22.437 10.0 17.362 0
081423 22.437 10.0 17.362 0
081453 22.437 10.0 17.362 0
081523 22.437 10.0 17.362 0
081554 22.437 10.0 17.362 0
081625 22.437 10.0 17.362 0
081655 22.437 10.0 17.3 0
081726 22.437 10.0 17.362 0
081756 22.437 10.0 17.362 0
081827 22.437 10.0 17.362 0
081858 22.437 10.0 17.362 0
081928 22.437 10.0 17.362 0
081959 22.437 10.0 17.3 0
082030 22.437 10.0 17.362 0
082100 22.437 10.0 17.362 0
082131 22.437 10.0 17.362 0
082201 22.437 10.0 17.362 0
082232 22.437 10.0 17.362 0
082302 22.437 10.0 17.362 0
082332 22.437 10.0 17.362 0
082403 22.437 10.0 17.362 0
082433 22.437 10.0 17.362 0
082503 22.375 10.0 17.362 0
082534 22.375 10.0 17.362 0
082605 22.375 10.0 17.3 0
082635 22.375 10.0 17.362 0
082706 22.375 10.0 17.362 0
082736 22.375 10.0 17.362 0
082807 22.375 10.0 17.362 0
082837 22.375 10.0 17.362 0
082908 22.375 10.0 17.362 0
082938 22.375 10.0 17.362 0
083008 22.375 10.0 17.362 0
083039 22.375 10.0 17.362 0
083109 22.375 10.0 17.362 0
083140 22.375 10.0 17.362 0
083210 22.375 10.0 17.362 0
083240 22.375 10.0 17.362 0
083311 22.375 10.0 17.362 0
083342 22.375 10.0 17.362 0
083412 22.375 10.0 17.362 0
083443 22.375 10.0 17.362 0
083513 22.375 10.0 17.362 0
083544 22.375 10.0 17.362 0
083615 22.375 10.0 17.362 0
083645 22.375 10.0 17.362 0
083716 22.375 10.0 17.362 0
083746 22.437 10.0 17.362 0
083816 22.437 10.0 17.362 0
083847 22.437 10.0 17.362 0
083918 22.437 10.0 17.362 0
083948 22.437 10.0 17.362 0
084018 22.437 10.0 17.362 0
084049 22.437 10.0 17.362 0
084120 22.437 10.0 17.362 0
084150 22.437 10.0 17.362 0
084222 22.375 10.0 17.362 0
084253 22.375 10.0 17.362 0
084323 22.375 10.0 17.362 0
084354 22.375 10.0 17.362 0
084425 22.375 10.0 17.362 0
084455 22.437 10.0 17.362 0
084526 22.437 10.0 17.362 0
084556 22.437 10.0 17.362 0
084626 22.437 10.0 17.362 0
084657 22.437 10.0 17.362 0
084727 22.437 10.0 17.362 0
084758 22.437 10.0 17.362 0
084828 22.437 10.0 17.362 0
084859 22.437 10.0 17.362 0
084929 22.437 10.0 17.362 0
084959 22.437 10.0 17.362 0
085030 22.437 10.0 17.362 0
085100 22.437 10.0 17.362 0
085131 22.437 10.0 17.362 0
085202 22.437 10.0 17.362 0
085233 22.375 10.0 17.362 0
085303 22.375 10.0 17.362 0
085333 22.375 10.0 17.362 0
085404 22.375 10.0 17.362 0
085435 22.375 10.0 17.362 0
085506 22.437 10.0 17.362 0
085536 22.437 10.0 17.362 0
085606 22.437 10.0 17.362 0
085637 22.437 10.0 17.362 0
085707 22.437 10.0 17.362 0
085737 22.437 10.0 17.362 0
085808 22.437 10.0 17.362 0
085839 22.437 10.0 17.362 0
085909 22.437 10.0 17.362 0
085940 22.437 10.0 17.362 0
090010 22.437 10.0 17.362 0
090041 22.437 10.0 17.362 0
090111 22.437 10.0 17.362 0
090142 22.437 10.0 17.362 0
090212 22.437 10.0 17.362 0
090243 22.437 10.0 17.362 0
090314 22.437 10.0 17.362 0
090344 22.437 10.0 17.362 0
090415 22.437 10.0 17.362 0
090445 22.437 10.0 17.362 0
090515 22.375 10.0 17.362 0
090546 22.375 10.0 17.362 0
090617 22.375 10.0 17.362 0
090647 22.375 10.0 17.362 0
090718 22.375 10.0 17.362 0
090748 22.375 10.0 17.362 0
090818 22.375 10.0 17.362 0
090849 22.375 10.0 17.362 0
090919 22.375 10.0 17.362 0
090950 22.375 10.0 17.362 0
091020 22.375 10.0 17.362 0
091051 22.375 10.0 17.362 0
091121 22.375 10.0 17.362 0
091152 22.375 10.0 17.362 0
091222 22.375 10.0 17.362 0
091253 22.375 10.0 17.362 0
091323 22.375 10.0 17.362 0
091354 22.375 10.0 17.362 0
091424 22.375 10.0 17.362 0
091457 22.437 10.0 17.362 0
091527 22.437 10.0 17.362 0
091558 22.437 10.0 17.362 0
091628 22.437 10.0 17.362 0
091659 22.437 10.0 17.362 0
091729 22.437 10.0 17.362 0
091800 22.437 10.0 17.362 0
091830 22.437 10.0 17.362 0
091901 22.437 10.0 17.362 0
091932 22.437 10.0 17.362 0
092002 22.437 10.0 17.362 0
092033 22.437 10.0 17.362 0
092104 22.437 10.0 17.362 0
092135 22.437 10.0 17.362 0
092205 22.437 10.0 17.362 0
092235 22.437 10.0 17.362 0
092306 22.437 10.0 17.362 0
092336 22.437 10.0 17.362 0
092407 22.437 10.0 17.362 0
092438 22.437 10.0 17.362 0
092508 22.437 10.0 17.362 0
092538 22.437 10.0 17.362 0
092608 22.437 10.0 17.362 0
092638 22.437 10.0 17.362 0
092709 22.437 10.0 17.362 0
092740 22.437 10.0 17.362 0
092810 22.437 10.0 17.362 0
092841 22.437 10.0 17.362 0
092911 22.437 10.0 17.362 0
092942 22.437 10.0 17.362 0
093012 22.375 10.0 17.362 0
093043 22.375 10.0 17.362 0
093113 22.375 10.0 17.362 0
093143 22.375 10.0 17.362 0
093214 22.375 10.0 17.362 0
093244 22.437 10.0 17.362 0
093314 22.437 10.0 17.362 0
093345 22.437 10.0 17.362 0
093415 22.437 10.0 17.362 0
093446 22.437 10.0 17.362 0
093516 22.375 10.0 17.362 0
093547 22.375 10.0 17.362 0
093617 22.375 10.0 17.362 0
093648 22.375 10.0 17.362 0
093718 22.375 10.0 17.362 0
093749 22.437 10.0 17.362 0
093819 22.437 10.0 17.362 0
093849 22.437 10.0 17.362 0
093920 22.437 10.0 17.362 0
093951 22.437 10.0 17.362 0
094022 22.437 10.0 17.362 0
094052 22.437 10.0 17.362 0
094123 22.437 10.0 17.362 0
094153 22.437 10.0 17.362 0
094224 22.437 10.0 17.362 0
094254 22.437 10.0 17.362 0
094325 22.437 10.0 17.362 0
094356 22.437 10.0 17.362 0
094426 22.437 10.0 17.362 0
094457 22.437 10.0 17.362 0
094528 22.437 10.0 17.362 0
094558 22.437 10.0 17.362 0
094629 22.437 10.0 17.362 0
094659 22.437 10.0 17.362 0
094731 22.437 10.0 17.362 0
094802 22.437 10.0 17.362 0
094832 22.437 10.0 17.362 0
094903 22.437 10.0 17.362 0
094933 22.437 10.0 17.362 0
095004 22.375 10.0 17.362 0
095035 22.375 10.0 17.362 0
095105 22.375 10.0 17.362 0
095136 22.375 10.0 17.362 0
095207 22.375 10.0 17.362 0
095237 22.437 10.0 17.362 0
095308 22.437 10.0 17.362 0
095338 22.437 10.0 17.362 0
095409 22.437 10.0 17.362 0
095439 22.437 10.0 17.362 0
095510 22.437 10.0 17.362 0
095541 22.437 10.0 17.362 0
095611 22.437 10.0 17.362 0
095642 22.437 10.0 17.362 0
095714 22.437 10.0 17.362 0
095744 22.5 10.0 17.362 0
095814 22.5 10.0 17.362 0
095844 22.5 10.0 17.362 0
095915 22.5 10.0 17.362 0
095945 22.5 10.0 17.362 0
100016 22.5 10.0 17.362 0
100046 22.5 10.0 17.362 0
100116 22.5 10.0 17.362 0
100147 22.5 10.0 17.362 0
100217 22.5 10.0 17.362 0
100248 22.5 10.0 17.362 0
100319 22.5 10.0 17.362 0
100350 22.5 10.0 17.362 0
100420 22.5 10.0 17.362 0
100450 22.5 10.0 17.362 0
100520 22.5 10.0 17.362 0
100551 22.5 10.0 17.362 0
100621 22.5 10.0 17.362 0
100652 22.5 10.0 17.362 0
100722 22.5 10.0 17.362 0
100753 22.437 10.0 17.362 0
100823 22.437 10.0 17.362 0
100854 22.437 10.0 17.362 0
100924 22.437 10.0 17.362 0
100955 22.437 10.0 17.362 0
101025 22.5 10.0 17.362 0
101056 22.5 10.0 17.362 0
101127 22.5 10.0 17.362 0
101158 22.5 10.0 17.362 0
101228 22.5 10.0 17.362 0
101258 22.5 10.0 17.362 0
101329 22.5 10.0 17.362 0
101359 22.5 10.0 17.362 0
101429 22.5 10.0 17.362 0
101500 22.5 10.0 17.362 0
101530 22.437 10.0 17.362 0
101601 22.437 10.0 17.362 0
101631 22.437 10.0 17.362 0
101701 22.437 10.0 17.362 0
101732 22.437 10.0 17.362 0
101802 22.5 10.0 17.362 0
101832 22.5 10.0 17.362 0
101903 22.5 10.0 17.362 0
101933 22.5 10.0 17.362 0
102005 22.5 10.0 17.362 0
102035 22.5 10.0 17.362 0
102106 22.5 10.0 17.362 0
102136 22.5 10.0 17.362 0
102207 22.5 10.0 17.362 0
102238 22.562 10.0 17.362 0
102308 22.562 10.0 17.362 0
102339 22.562 10.0 17.362 0
102410 22.562 10.0 17.362 0
102440 22.562 10.0 17.362 0
102511 22.5 10.0 17.362 0
102541 22.5 10.0 17.362 0
102611 22.5 10.0 17.362 0
102642 22.5 10.0 17.362 0
102712 22.5 10.0 17.362 0
102743 22.5 10.0 17.362 0
102814 22.5 10.0 17.362 0
102845 22.5 10.0 17.362 0
102915 22.5 10.0 17.362 0
102946 22.5 10.0 17.362 0
103017 22.562 10.0 17.362 0
103047 22.562 10.0 17.362 0
103118 22.562 10.0 17.362 0
103148 22.562 10.0 17.362 0
103219 22.562 10.0 17.362 0
103249 22.562 10.0 17.362 0
103320 22.562 10.0 17.362 0
103350 22.562 10.0 17.362 0
103421 22.562 10.0 17.362 0
103452 22.562 10.0 17.362 0
103522 22.562 10.0 17.362 0
103553 22.562 10.0 17.362 0
103624 22.562 10.0 17.362 0
103654 22.562 10.0 17.362 0
103725 22.562 10.0 17.362 0
103756 22.562 10.0 17.362 0
103826 22.562 10.0 17.362 0
103857 22.562 10.0 17.362 0
103927 22.562 10.0 17.362 0
103958 22.562 10.0 17.362 0
104029 22.562 10.0 17.362 0
104059 22.562 10.0 17.362 0
104130 22.562 10.0 17.362 0
104201 22.562 10.0 17.362 0
104231 22.562 10.0 17.362 0
104302 22.625 10.0 17.362 0
104332 22.625 10.0 17.362 0
104403 22.625 10.0 17.362 0
104433 22.625 10.0 17.362 0
104504 22.625 10.0 17.362 0
104535 22.625 10.0 17.362 0
104605 22.625 10.0 17.362 0
104635 22.625 10.0 17.362 0
104706 22.625 10.0 17.362 0
104737 22.625 10.0 17.362 0
104807 22.625 10.0 17.362 0
104837 22.625 10.0 17.362 0
104907 22.625 10.0 17.362 0
104937 22.625 10.0 17.362 0
105009 22.625 10.0 17.362 0
105040 22.625 10.0 17.362 0
105111 22.625 10.0 17.362 0
105141 22.625 10.0 17.362 0
105212 22.625 10.0 17.362 0
105243 22.625 10.0 17.362 0
105313 22.625 10.0 17.362 0
105343 22.625 10.0 17.362 0
105413 22.625 10.0 17.362 0
105443 22.625 10.0 17.362 0
105514 22.625 10.0 17.362 0
105544 22.625 10.0 17.362 0
105614 22.625 10.0 17.362 0
105645 22.625 10.0 17.362 0
105715 22.625 10.0 17.362 0
105745 22.625 10.0 17.362 0
105816 22.625 10.0 17.362 0
105846 22.625 10.0 17.362 0
105916 22.625 10.0 17.362 0
105947 22.625 10.0 17.362 0
110017 22.625 10.0 17.362 0
110048 22.625 10.0 17.362 0
110119 22.625 10.0 17.362 0
110149 22.625 10.0 17.362 0
110219 22.625 10.0 17.362 0
110250 22.625 10.0 17.362 0
110320 22.625 10.0 17.362 0
110351 22.625 10.0 17.362 0
110422 22.625 10.0 17.362 0
110452 22.625 10.0 17.362 0
110523 22.625 10.0 17.362 0
110554 22.625 10.0 17.362 0
110624 22.625 10.0 17.362 0
110655 22.625 10.0 17.362 0
110726 22.625 10.0 17.362 0
110756 22.625 10.0 17.362 0
110826 22.625 10.0 17.362 0
110857 22.625 10.0 17.362 0
110927 22.625 10.0 17.362 0
110958 22.625 10.0 17.362 0
111029 22.625 10.0 17.362 0
111059 22.625 10.0 17.362 0
111130 22.625 10.0 17.362 0
111200 22.625 10.0 17.362 0
111230 22.625 10.0 17.362 0
111301 22.687 10.0 17.362 0
111332 22.687 10.0 17.362 0
111402 22.687 10.0 17.362 0
111432 22.687 10.0 17.362 0
111502 22.687 10.0 17.362 0
111533 22.625 10.0 17.362 0
111604 22.625 10.0 17.362 0
111634 22.625 10.0 17.362 0
111704 22.625 10.0 17.362 0
111735 22.625 10.0 17.362 0
111806 22.687 10.0 17.362 0
111836 22.687 10.0 17.362 0
111906 22.687 10.0 17.362 0
111936 22.687 10.0 17.362 0
112006 22.687 10.0 17.362 0
112037 22.687 10.0 17.362 0
112107 22.687 10.0 17.362 0
112138 22.687 10.0 17.362 0
112208 22.687 10.0 17.362 0
112239 22.687 10.0 17.362 0
112310 22.687 10.0 17.362 0
112340 22.687 10.0 17.362 0
112411 22.687 10.0 17.362 0
112442 22.687 10.0 17.362 0
112514 22.687 10.0 17.362 0
112545 22.687 10.0 17.362 0
112616 22.687 10.0 17.362 0
112646 22.687 10.0 17.362 0
112716 22.687 10.0 17.362 0
112747 22.687 10.0 17.362 0
112818 22.687 10.0 17.362 0
112849 22.687 10.0 17.362 0
112919 22.687 10.0 17.362 0
112949 22.687 10.0 17.362 0
113020 22.687 10.0 17.362 0
113051 22.687 10.0 17.362 0
113121 22.687 10.0 17.362 0
113152 22.687 10.0 17.362 0
113223 22.687 10.0 17.362 0
113254 22.687 10.0 17.362 0
113324 22.687 10.0 17.362 0
113354 22.687 10.0 17.362 0
113425 22.687 10.0 17.362 0
113455 22.687 10.0 17.362 0
113526 22.687 10.0 17.362 0
113557 22.687 10.0 17.362 0
113627 22.687 10.0 17.362 0
113658 22.687 10.0 17.362 0
113729 22.687 10.0 17.362 0
113759 22.687 10.0 17.362 0
113829 22.687 10.0 17.362 0
113900 22.687 10.0 17.362 0
113931 22.687 10.0 17.362 0
114001 22.687 10.0 17.362 0
114032 22.687 10.0 17.362 0
114102 22.687 10.0 17.362 0
114132 22.687 10.0 17.362 0
114202 22.687 10.0 17.362 0
114233 22.687 10.0 17.362 0
114304 22.75 10.0 17.362 0
114334 22.75 10.0 17.362 0
114404 22.75 10.0 17.362 0
114435 22.75 10.0 17.362 0
114505 22.75 10.0 17.362 0
114536 22.687 10.0 17.362 0
114607 22.687 10.0 17.362 0
114638 22.687 10.0 17.362 0
114708 22.687 10.0 17.362 0
114738 22.687 10.0 17.362 0
114809 22.687 10.0 17.362 0
114839 22.687 10.0 17.362 0
114910 22.687 10.0 17.362 0
114940 22.687 10.0 17.362 0
115011 22.687 10.0 17.362 0
115041 22.75 10.0 17.362 0
115112 22.75 10.0 17.362 0
115143 22.75 10.0 17.362 0
115213 22.75 10.0 17.362 0
115244 22.75 10.0 17.362 0
115314 22.75 10.0 17.362 0
115344 22.75 10.0 17.362 0
115414 22.75 10.0 17.362 0
115444 22.75 10.0 17.362 0
115515 22.75 10.0 17.362 0
115545 22.75 10.0 17.362 0
115615 22.75 10.0 17.362 0
115646 22.75 10.0 17.362 0
115716 22.75 10.0 17.362 0
115747 22.75 10.0 17.362 0
115817 22.687 10.0 17.362 0
115847 22.687 10.0 17.362 0
115918 22.687 10.0 17.362 0
115949 22.687 10.0 17.425 0
120020 22.75 10.0 17.362 0
120051 22.75 10.0 17.362 0
120122 22.75 10.0 17.362 0
120152 22.75 10.0 17.362 0
120223 22.75 10.0 17.362 0
120253 22.75 10.0 17.362 0
120324 22.75 10.0 17.425 0
120354 22.75 10.0 17.425 0
120425 22.75 10.0 17.425 0
120455 22.75 10.0 17.362 0
120526 22.75 10.0 17.362 0
120556 22.75 10.0 17.425 0
120627 22.75 10.0 17.425 0
120657 22.75 10.0 17.362 0
120728 22.75 10.0 17.362 0
120758 22.75 10.0 17.362 0
120829 22.75 10.0 17.362 0
120859 22.75 10.0 17.362 0
120930 22.75 10.0 17.362 0
121001 22.75 10.0 17.362 0
121031 22.75 10.0 17.425 0
121102 22.75 10.0 17.362 0
121132 22.75 10.0 17.362 0
121203 22.75 10.0 17.425 0
121233 22.75 10.0 17.362 0
121303 22.75 10.0 17.425 0
121333 22.75 10.0 17.362 0
121404 22.75 10.0 17.425 0
121435 22.75 10.0 17.362 0
121505 22.75 10.0 17.425 0
121536 22.812 10.0 17.362 0
121606 22.812 10.0 17.425 0
121637 22.812 10.0 17.362 0
121707 22.812 10.0 17.362 0
121738 22.812 10.0 17.425 0
121809 22.75 10.0 17.425 0
121839 22.75 10.0 17.362 0
121909 22.75 10.0 17.425 0
121940 22.75 10.0 17.425 0
122010 22.75 10.0 17.425 0
122040 22.75 10.0 17.425 0
122110 22.75 10.0 17.425 0
122141 22.75 10.0 17.425 0
122212 22.75 10.0 17.425 0
122242 22.75 10.0 17.425 0
122312 22.75 10.0 17.362 0
122342 22.75 10.0 17.425 0
122412 22.75 10.0 17.425 0
122443 22.75 10.0 17.362 0
122513 22.75 10.0 17.425 0
122544 22.812 10.0 17.425 0
122614 22.812 10.0 17.425 0
122645 22.812 10.0 17.362 0
122715 22.812 10.0 17.425 0
122746 22.812 10.0 17.425 0
122817 22.812 10.0 17.425 0
122847 22.812 10.0 17.425 0
122917 22.812 10.0 17.425 0
122948 22.812 10.0 17.425 0
123018 22.812 10.0 17.425 0
123049 22.812 10.0 17.425 0
123119 22.812 10.0 17.425 0
123149 22.812 10.0 17.425 0
123220 22.812 10.0 17.425 0
123251 22.812 10.0 17.425 0
123322 22.75 10.0 17.425 0
123352 22.75 10.0 17.425 0
123422 22.75 10.0 17.425 0
123453 22.75 10.0 17.425 0
123526 22.75 10.0 17.425 0
123556 22.75 10.0 17.425 0
123627 22.75 10.0 17.425 0
123658 22.75 10.0 17.425 0
123728 22.75 10.0 17.425 0
123759 22.75 10.0 17.425 0
123830 22.75 10.0 17.425 0
123900 22.75 10.0 17.425 0
123930 22.75 10.0 17.425 0
124000 22.75 10.0 17.425 0
124031 22.75 10.0 17.425 0
124101 22.75 10.0 17.425 0
124132 22.75 10.0 17.425 0
124203 22.75 10.0 17.425 0
124233 22.75 10.0 17.425 0
124304 22.812 10.0 17.425 0
124334 22.812 10.0 17.425 0
124405 22.812 10.0 17.425 0
124435 22.812 10.0 17.425 0
124506 22.812 10.0 17.425 0
124536 22.812 10.0 17.425 0
124607 22.812 10.0 17.425 0
124638 22.812 10.0 17.425 0
124708 22.812 10.0 17.362 0
124739 22.812 10.0 17.425 0
124810 22.812 10.0 17.425 0
124840 22.812 10.0 17.425 0
124911 22.812 10.0 17.425 0
124942 22.812 10.0 17.425 0
125012 22.812 10.0 17.425 0
125043 22.812 10.0 17.425 0
125113 22.812 10.0 17.425 0
125143 22.812 10.0 17.425 0
125214 22.812 10.0 17.425 0
125245 22.812 10.0 17.425 0
125315 22.75 10.0 17.425 0
125346 22.75 10.0 17.425 0
125416 22.75 10.0 17.425 0
125446 22.75 10.0 17.425 0
125517 22.75 10.0 17.425 0
125548 22.75 10.0 17.425 0
125618 22.75 10.0 17.425 0
125649 22.75 10.0 17.425 0
125720 22.75 10.0 17.425 0
125751 22.75 10.0 17.425 0
125821 22.75 10.0 17.425 0
125852 22.75 10.0 17.425 0
125922 22.75 10.0 17.425 0
125953 22.75 10.0 17.425 0
130023 22.75 10.0 17.425 0
130053 22.75 10.0 17.425 0
130124 22.75 10.0 17.425 0
130155 22.75 10.0 17.362 0
130225 22.75 10.0 17.425 0
130258 22.75 10.0 17.425 0
130328 22.75 10.0 17.425 0
130359 22.75 10.0 17.425 0
130430 22.75 10.0 17.425 0
130501 22.75 10.0 17.425 0
130531 22.75 10.0 17.425 0
130602 22.75 10.0 17.425 0
130633 22.75 10.0 17.425 0
130704 22.75 10.0 17.425 0
130734 22.75 10.0 17.425 0
130805 22.75 10.0 17.425 0
130835 22.75 10.0 17.425 0
130906 22.75 10.0 17.425 0
130936 22.75 10.0 17.425 0
131007 22.75 10.0 17.425 0
131038 22.75 10.0 17.425 0
131108 22.75 10.0 17.425 0
131139 22.75 10.0 17.425 0
131209 22.75 10.0 17.425 0
131240 22.75 10.0 17.425 0
131310 22.75 10.0 17.425 0
131341 22.75 10.0 17.425 0
131412 22.75 10.0 17.425 0
131442 22.75 10.0 17.425 0
131513 22.75 10.0 17.425 0
131544 22.75 10.0 17.425 0
131614 22.75 10.0 17.425 0
131645 22.75 10.0 17.425 0
131715 22.75 10.0 17.425 0
131746 22.75 10.0 17.425 0
131817 22.75 10.0 17.425 0
131847 22.75 10.0 17.425 0
131917 22.75 10.0 17.425 0
131948 22.75 10.0 17.425 0
132019 22.75 10.0 17.425 0
132049 22.75 10.0 17.425 0
132119 22.75 10.0 17.425 0
132150 22.75 10.0 17.425 0
132221 22.75 10.0 17.425 0
132251 22.75 10.0 17.425 0
132322 22.75 10.0 17.425 0
132353 22.75 10.0 17.425 0
132423 22.75 10.0 17.425 0
132454 22.75 10.0 17.425 0
132525 22.75 10.0 17.425 0
132555 22.75 10.0 17.425 0
132626 22.75 10.0 17.425 0
132657 22.75 10.0 17.425 0
132727 22.75 10.0 17.425 0
132800 22.75 10.0 17.425 0
132831 22.75 10.0 17.425 0
132901 22.75 10.0 17.425 0
132932 22.75 10.0 17.425 0
133003 22.75 10.0 17.425 0
133033 22.75 10.0 17.425 0
133104 22.75 10.0 17.425 0
133134 22.75 10.0 17.425 0
133205 22.75 10.0 17.425 0
133236 22.75 10.0 17.425 0
133306 22.75 10.0 17.425 0
133337 22.75 10.0 17.425 0
133407 22.75 10.0 17.425 0
133437 22.75 10.0 17.425 0
133508 22.75 10.0 17.425 0
133538 22.75 10.0 17.425 0
133609 22.75 10.0 17.425 0
133640 22.75 10.0 17.425 0
133711 22.75 10.0 17.425 0
133741 22.75 10.0 17.425 0
133811 22.75 10.0 17.425 0
133842 22.75 10.0 17.425 0
133912 22.75 10.0 17.425 0
133942 22.75 10.0 17.425 0
134012 22.75 10.0 17.425 0
134042 22.812 10.0 17.425 0
134113 22.812 10.0 17.425 0
134144 22.812 10.0 17.425 0
134214 22.812 10.0 17.425 0
134245 22.812 10.0 17.425 0
134315 22.812 10.0 17.425 0
134345 22.812 10.0 17.425 0
134416 22.812 10.0 17.425 0
134446 22.812 10.0 17.425 0
134516 22.812 10.0 17.425 0
134546 22.812 10.0 17.425 0
134617 22.812 10.0 17.425 0
134647 22.812 10.0 17.425 0
134718 22.812 10.0 17.425 0
134748 22.812 10.0 17.425 0
134818 22.812 10.0 17.425 0
134849 22.812 10.0 17.425 0
134920 22.812 10.0 17.425 0
134950 22.812 10.0 17.425 0
135021 22.812 10.0 17.425 0
135051 22.812 10.0 17.425 0
135122 22.812 10.0 17.425 0
135152 22.812 10.0 17.425 0
135222 22.812 10.0 17.425 0
135253 22.812 10.0 17.425 0
135323 22.812 10.0 17.425 0
135354 22.812 10.0 17.425 0
135424 22.812 10.0 17.425 0
135455 22.812 10.0 17.425 0
135526 22.812 10.0 17.425 0
135556 22.812 10.0 17.425 0
135626 22.812 10.0 17.425 0
135657 22.812 10.0 17.425 0
135728 22.812 10.0 17.425 0
135758 22.812 10.0 17.425 0
135829 22.812 10.0 17.425 0
135859 22.812 10.0 17.425 0
135930 22.812 10.0 17.425 0
140000 22.812 10.0 17.425 0
140030 22.812 10.0 17.425 0
140101 22.812 10.0 17.425 0
140131 22.812 10.0 17.425 0
140201 22.812 10.0 17.425 0
140232 22.812 10.0 17.425 0
140305 22.812 10.0 17.425 0
140336 22.812 10.0 17.425 0
140406 22.812 10.0 17.425 0
140437 22.812 10.0 17.425 0
140508 22.812 10.0 17.425 0
140538 22.812 10.0 17.425 0
140609 22.812 10.0 17.425 0
140640 22.812 10.0 17.425 0
140710 22.812 10.0 17.425 0
140741 22.812 10.0 17.425 0
140812 22.812 10.0 17.425 0
140842 22.812 10.0 17.425 0
140913 22.812 10.0 17.425 0
140944 22.812 10.0 17.425 0
141014 22.812 10.0 17.425 0
141045 22.812 10.0 17.425 0
141115 22.812 10.0 17.425 0
141146 22.812 10.0 17.425 0
141216 22.812 10.0 17.425 0
141247 22.812 10.0 17.425 0
141317 22.812 10.0 17.425 0
141348 22.812 10.0 17.425 0
141419 22.812 10.0 17.425 0
141449 22.812 10.0 17.425 0
141520 22.812 10.0 17.425 0
141551 22.75 10.0 17.425 0
141621 22.75 10.0 17.425 0
141652 22.75 10.0 17.425 0
141722 22.75 10.0 17.425 0
141753 22.75 10.0 17.425 0
141823 22.75 10.0 17.425 0
141853 22.75 10.0 17.425 0
141924 22.75 10.0 17.425 0
141954 22.75 10.0 17.425 0
142024 22.75 10.0 17.425 0
142055 22.75 10.0 17.425 0
142125 22.75 10.0 17.425 0
142156 22.75 10.0 17.425 0
142226 22.75 10.0 17.425 0
142256 22.75 10.0 17.425 0
142327 22.75 10.0 17.425 0
142357 22.75 10.0 17.425 0
142428 22.75 10.0 17.425 0
142459 22.75 10.0 17.425 0
142529 22.75 10.0 17.425 0
142600 22.75 10.0 17.425 0
142631 22.75 10.0 17.425 0
142702 22.75 10.0 17.425 0
142732 22.75 10.0 17.425 0
142802 22.75 10.0 17.425 0
142833 22.687 10.0 17.425 0
142904 22.687 10.0 17.425 0
142934 22.687 10.0 17.425 0
143005 22.687 10.0 17.425 0
143036 22.687 10.0 17.425 0
143106 22.75 10.0 17.425 0
143136 22.75 10.0 17.425 0
143207 22.75 10.0 17.425 0
143237 22.75 10.0 17.425 0
143310 22.687 10.0 17.425 0
143340 22.687 10.0 17.425 0
143411 22.687 10.0 17.425 0
143442 22.687 10.0 17.425 0
143512 22.687 10.0 17.425 0
143542 22.75 10.0 17.425 0
143613 22.75 10.0 17.425 0
143644 22.75 10.0 17.425 0
143715 22.75 10.0 17.425 0
143745 22.75 10.0 17.425 0
143816 22.75 10.0 17.425 0
143846 22.75 10.0 17.425 0
143916 22.75 10.0 17.425 0
143947 22.75 10.0 17.425 0
144017 22.75 10.0 17.425 0
144047 22.75 10.0 17.425 0
144118 22.75 10.0 17.425 0
144148 22.75 10.0 17.425 0
144218 22.75 10.0 17.425 0
144248 22.75 10.0 17.425 0
144318 22.75 10.0 17.425 0
144349 22.75 10.0 17.425 0
144420 22.75 10.0 17.425 0
144450 22.75 10.0 17.425 0
144521 22.75 10.0 17.425 0
144552 22.75 10.0 17.425 0
144623 22.75 10.0 17.425 0
144653 22.75 10.0 17.425 0
144724 22.75 10.0 17.425 0
144755 22.75 10.0 17.425 0
144825 22.75 10.0 17.425 0
144855 22.75 10.0 17.425 0
144926 22.75 10.0 17.425 0
144957 22.75 10.0 17.425 0
145027 22.75 10.0 17.425 0
145058 22.75 10.0 17.425 0
145129 22.75 10.0 17.425 0
145200 22.75 10.0 17.425 0
145230 22.75 10.0 17.425 0
145301 22.75 10.0 17.425 0
145331 22.75 10.0 17.425 0
145402 22.75 10.0 17.425 0
145432 22.75 10.0 17.425 0
145503 22.75 10.0 17.425 0
145533 22.75 10.0 17.425 0
145603 22.687 10.0 17.425 0
145633 22.687 10.0 17.425 0
145704 22.687 10.0 17.425 0
145734 22.687 10.0 17.425 0
145805 22.687 10.0 17.425 0
145835 22.75 10.0 17.425 0
145906 22.75 10.0 17.425 0
145937 22.75 10.0 17.425 0
150008 22.75 10.0 17.425 0
150038 22.75 10.0 17.425 0
150108 22.75 10.0 17.425 0
150139 22.75 10.0 17.425 0
150209 22.75 10.0 17.425 0
150239 22.75 10.0 17.425 0
150310 22.75 10.0 17.425 0
150340 22.75 10.0 17.425 0
150411 22.75 10.0 17.425 0
150441 22.75 10.0 17.425 0
150512 22.75 10.0 17.425 0
150542 22.75 10.0 17.425 0
150613 22.812 10.0 17.425 0
150643 22.812 10.0 17.425 0
150714 22.812 10.0 17.425 0
150745 22.812 10.0 17.425 0
150816 22.875 10.0 17.425 0
150847 22.875 10.0 17.425 0
150917 22.875 10.0 17.425 0
150948 22.875 10.0 17.425 0
151019 22.875 10.0 17.425 0
151049 22.937 10.0 17.425 0
151120 22.937 10.0 17.425 0
151150 22.937 10.0 17.425 0
151221 22.937 10.0 17.425 0
151252 22.937 10.0 17.425 0
151322 23.0 10.0 17.425 0
151353 23.0 10.0 17.425 0
151423 23.0 10.0 17.425 0
151453 23.0 10.0 17.425 0
151524 23.0 10.0 17.425 0
151554 23.0 10.0 17.425 0
151624 23.0 10.0 17.425 0
151654 23.0 10.0 17.425 0
151725 23.0 10.0 17.425 0
151755 23.0 10.0 17.425 0
151826 23.0 10.0 17.425 0
151856 23.0 10.0 17.425 0
151926 23.0 10.0 17.425 0
151956 23.0 10.0 17.425 0
152027 23.0 10.0 17.425 0
152058 23.062 10.0 17.425 0
152128 23.062 10.0 17.425 0
152159 23.062 10.0 17.425 0
152230 23.062 10.0 17.425 0
152300 23.062 10.0 17.425 0
152330 23.187 10.0 17.425 0
152401 23.187 10.0 17.425 0
152432 23.187 10.0 17.425 0
152502 23.187 10.0 17.425 0
152533 23.187 10.0 17.425 0
152604 23.125 10.0 17.425 0
152634 23.125 10.0 17.425 0
152704 23.125 10.0 17.425 0
152735 23.125 10.0 17.425 0
152806 23.125 10.0 17.425 0
152836 23.187 10.0 17.425 0
152907 23.187 10.0 17.425 0
152937 23.187 10.0 17.425 0
153008 23.187 10.0 17.425 0
153039 23.187 10.0 17.425 0
153109 23.187 10.0 17.425 0
153140 23.187 10.0 17.425 0
153210 23.187 10.0 17.425 0
153240 23.187 10.0 17.425 0
153311 23.187 10.0 17.425 0
153341 23.187 10.0 17.425 0
153411 23.187 10.0 17.425 0
153442 23.187 10.0 17.425 0
153512 23.187 10.0 17.425 0
153542 23.187 10.0 17.425 0
153613 23.187 10.0 17.425 0
153643 23.187 10.0 17.425 0
153713 23.187 10.0 17.425 0
153743 23.187 10.0 17.425 0
153814 23.187 10.0 17.425 0
153844 23.25 10.0 17.425 0
153915 23.25 10.0 17.425 0
153946 23.25 10.0 17.425 0
154016 23.25 10.0 17.425 0
154047 23.25 10.0 17.425 0
154118 23.312 10.0 17.425 0
154148 23.312 10.0 17.425 0
154219 23.312 10.0 17.425 0
154249 23.312 10.0 17.425 0
154322 23.25 10.0 17.425 0
154352 23.25 10.0 17.425 0
154423 23.25 10.0 17.425 0
154453 23.25 10.0 17.425 0
154523 23.25 10.0 17.425 0
154554 23.312 10.0 17.425 0
154624 23.312 10.0 17.425 0
154655 23.312 10.0 17.425 0
154725 23.312 10.0 17.425 0
154756 23.312 10.0 17.425 0
154827 23.312 10.0 17.425 0
154857 23.312 10.0 17.425 0
154927 23.312 10.0 17.425 0
154957 23.312 10.0 17.425 0
155028 23.312 10.0 17.425 0
155058 23.312 10.0 17.425 0
155128 23.312 10.0 17.425 0
155159 23.312 10.0 17.425 0
155229 23.312 10.0 17.425 0
155259 23.312 10.0 17.425 0
155330 23.312 10.0 17.425 0
155400 23.312 10.0 17.425 0
155431 23.312 10.0 17.425 0
155501 23.312 10.0 17.425 0
155531 23.312 10.0 17.425 0
155602 23.25 10.0 17.425 0
155633 23.25 10.0 17.425 0
155703 23.25 10.0 17.425 0
155734 23.25 10.0 17.425 0
155805 23.25 10.0 17.425 0
155835 23.25 10.0 17.425 0
155905 23.25 10.0 17.425 0
155935 23.25 10.0 17.425 0
160006 23.25 10.0 17.425 0
160037 23.25 10.0 17.425 0
160107 23.125 10.0 17.425 0
160138 23.125 10.0 17.425 0
160208 23.125 10.0 17.425 0
160239 23.125 10.0 17.425 0
160309 23.125 10.0 17.425 0
160339 23.125 10.0 17.425 0
160409 23.125 10.0 17.425 0
160440 23.125 10.0 17.425 0
160510 23.125 10.0 17.425 0
160540 23.125 10.0 17.425 0
160611 23.062 10.0 17.425 0
160641 23.062 10.0 17.425 0
160712 23.062 10.0 17.425 0
160743 23.062 10.0 17.425 0
160813 23.062 10.0 17.425 0
160844 23.062 10.0 17.425 0
160914 23.062 10.0 17.425 0
160945 23.062 10.0 17.425 0
161016 23.062 10.0 17.425 0
161046 23.062 10.0 17.425 0
161116 23.125 10.0 17.425 0
161146 23.125 10.0 17.425 0
161217 23.125 10.0 17.425 0
161248 23.125 10.0 17.425 0
161318 23.125 10.0 17.425 0
161348 23.187 10.0 17.425 0
161418 23.187 10.0 17.425 0
161449 23.187 10.0 17.425 0
161520 23.187 10.0 17.425 0
161550 23.187 10.0 17.425 0
161621 23.25 10.0 17.425 0
161651 23.25 10.0 17.425 0
161721 23.25 10.0 17.425 0
161752 23.25 10.0 17.425 0
161824 23.25 10.0 17.425 0
161855 23.25 10.0 17.425 0
161926 23.25 10.0 17.425 0
161956 23.25 10.0 17.425 0
162026 23.25 10.0 17.425 0
162056 23.312 10.0 17.425 0
162127 23.312 10.0 17.425 0
162158 23.312 10.0 17.425 0
162228 23.312 10.0 17.425 0
162259 23.312 10.0 17.425 0
162330 23.312 10.0 17.425 0
162401 23.312 10.0 17.425 0
162431 23.312 10.0 17.425 0
162501 23.312 10.0 17.425 0
162531 23.312 10.0 17.425 0
162601 23.312 10.0 17.425 0
162632 23.312 10.0 17.425 0
162702 23.312 10.0 17.425 0
162733 23.312 10.0 17.425 0
162803 23.312 10.0 17.425 0
162834 23.312 10.0 17.425 0
162904 23.312 10.0 17.425 0
162934 23.312 10.0 17.425 0
163005 23.312 10.0 17.425 0
163036 23.312 10.0 17.425 0
163107 23.25 10.0 17.425 0
163137 23.25 10.0 17.425 0
163207 23.25 10.0 17.425 0
163238 23.25 10.0 17.425 0
163308 23.25 10.0 17.425 0
163339 23.187 10.0 17.425 0
163409 23.187 10.0 17.425 0
163439 23.187 10.0 17.425 0
163510 23.187 10.0 17.425 0
163541 23.187 10.0 17.425 0
163611 23.187 10.0 17.425 0
163642 23.187 10.0 17.425 0
163712 23.187 10.0 17.425 0
163742 23.187 10.0 17.425 0
163813 23.187 10.0 17.425 0
163843 23.187 10.0 17.425 0
163914 23.187 10.0 17.425 0
163945 23.187 10.0 17.425 0
164015 23.187 10.0 17.425 0
164045 23.187 10.0 17.425 0
164116 23.25 10.0 17.425 0
164146 23.25 10.0 17.425 0
164217 23.25 10.0 17.425 0
164248 23.25 10.0 17.425 0
164318 23.25 10.0 17.425 0
164349 23.25 10.0 17.425 0
164419 23.25 10.0 17.425 0
164450 23.25 10.0 17.425 0
164520 23.25 10.0 17.425 0
164551 23.25 10.0 17.425 0
164621 23.312 10.0 17.425 0
164652 23.312 10.0 17.425 0
164722 23.312 10.0 17.425 0
164753 23.312 10.0 17.425 0
164823 23.312 10.0 17.425 0
164854 23.312 10.0 17.425 0
164924 23.312 10.0 17.425 0
164955 23.312 10.0 17.425 0
165025 23.312 10.0 17.425 0
165055 23.312 10.0 17.425 0
165126 23.375 10.0 17.425 0
165157 23.375 10.0 17.425 0
165227 23.375 10.0 17.425 0
165258 23.375 10.0 17.425 0
165329 23.375 10.0 17.425 0
165400 23.375 10.0 17.425 0
165431 23.375 10.0 17.425 0
165501 23.375 10.0 17.425 0
165532 23.375 10.0 17.425 0
165602 23.437 10.0 17.425 0
165632 23.437 10.0 17.425 0
165702 23.437 10.0 17.425 0
165733 23.437 10.0 17.425 0
165803 23.437 10.0 17.425 0
165833 23.437 10.0 17.425 0
165904 23.437 10.0 17.425 0
165934 23.437 10.0 17.425 0
170005 23.437 10.0 17.425 0
170036 23.437 10.0 17.425 0
170106 23.437 10.0 17.425 0
170137 23.437 10.0 17.425 0
170208 23.437 10.0 17.425 0
170238 23.437 10.0 17.425 0
170308 23.437 10.0 17.425 0
170338 23.437 10.0 17.487 0
170408 23.437 10.0 17.425 0
170439 23.437 10.0 17.425 0
170509 23.437 10.0 17.425 0
170540 23.437 10.0 17.425 0
170611 23.5 10.0 17.425 0
170641 23.5 10.0 17.425 0
170712 23.5 10.0 17.425 0
170743 23.5 10.0 17.425 0
170813 23.5 10.0 17.425 0
170844 23.437 10.0 17.425 0
170914 23.437 10.0 17.425 0
170945 23.437 10.0 17.425 0
171016 23.437 10.0 17.425 0
171046 23.437 10.0 17.425 0
171117 23.437 10.0 17.425 0
171147 23.437 10.0 17.425 0
171218 23.437 10.0 17.425 0
171248 23.437 10.0 17.425 0
171319 23.437 10.0 17.425 0
171350 23.437 10.0 17.425 0
171420 23.437 10.0 17.425 0
171451 23.437 10.0 17.425 0
171522 23.437 10.0 17.425 0
171552 23.437 10.0 17.425 0
171622 23.437 10.0 17.425 0
171653 23.437 10.0 17.425 0
171724 23.437 10.0 17.425 0
171754 23.437 10.0 17.425 0
171824 23.437 10.0 17.487 0
171855 23.437 10.0 17.425 0
171925 23.437 10.0 17.425 0
171956 23.437 10.0 17.425 0
172026 23.437 10.0 17.425 0
172057 23.437 10.0 17.425 0
172128 23.437 10.0 17.425 0
172159 23.437 10.0 17.425 0
172229 23.437 10.0 17.425 0
172300 23.437 10.0 17.425 0
172330 23.437 10.0 17.425 0
172401 23.5 10.0 17.487 0
172432 23.5 10.0 17.425 0
172502 23.5 10.0 17.425 0
172533 23.5 10.0 17.425 0
172605 23.5 10.0 17.425 0
172635 23.5 10.0 17.425 0
172706 23.5 10.0 17.487 0
172737 23.5 10.0 17.425 0
172807 23.5 10.0 17.425 0
172837 23.5 10.0 17.425 0
172908 23.5 10.0 17.487 0
172939 23.5 10.0 17.425 0
173009 23.5 10.0 17.487 0
173040 23.5 10.0 17.425 0
173110 23.562 10.0 17.425 0
173140 23.562 10.0 17.425 0
173211 23.562 10.0 17.487 0
173242 23.562 10.0 17.425 0
173312 23.562 10.0 17.487 0
173343 23.562 10.0 17.425 0
173413 23.562 10.0 17.487 0
173444 23.562 10.0 17.425 0
173514 23.562 10.0 17.425 0
173545 23.562 10.0 17.425 0
173616 23.562 10.0 17.425 0
173646 23.562 10.0 17.425 0
173717 23.562 10.0 17.425 0
173748 23.562 10.0 17.487 0
173818 23.562 10.0 17.425 0
173849 23.625 10.0 17.425 0
173919 23.625 10.0 17.487 0
173950 23.625 10.0 17.425 0
174021 23.625 10.0 17.487 0
174051 23.625 10.0 17.487 0
174121 23.625 10.0 17.425 0
174152 23.625 10.0 17.487 0
174222 23.625 10.0 17.487 0
174253 23.625 10.0 17.487 0
174323 23.625 10.0 17.487 0
174354 23.625 10.0 17.487 0
174424 23.625 10.0 17.487 0
174455 23.625 10.0 17.487 0
174525 23.625 10.0 17.487 0
174555 23.625 10.0 17.425 0
174626 23.625 10.0 17.425 0
174656 23.625 10.0 17.487 0
174726 23.625 10.0 17.487 0
174757 23.625 10.0 17.487 0
174828 23.625 10.0 17.487 0
174858 23.625 10.0 17.487 0
174928 23.625 10.0 17.487 0
174959 23.625 10.0 17.487 0
175029 23.625 10.0 17.487 0
175059 23.625 10.0 17.487 0
175130 23.687 10.0 17.425 0
175200 23.687 10.0 17.487 0
175231 23.687 10.0 17.425 0
175301 23.687 10.0 17.487 0
175332 23.687 10.0 17.487 0
175403 23.687 10.0 17.487 0
175433 23.687 10.0 17.487 0
175504 23.687 10.0 17.487 0
175534 23.687 10.0 17.425 0
175604 23.687 10.0 17.487 0
175635 23.687 10.0 17.487 0
175705 23.687 10.0 17.487 0
175735 23.687 10.0 17.425 0
175806 23.687 10.0 17.487 0
175839 23.75 10.0 17.487 0
175910 23.75 10.0 17.487 0
175940 23.75 10.0 17.487 0
180011 23.75 10.0 17.487 0
180042 23.75 10.0 17.487 0
180112 23.75 10.0 17.487 0
180143 23.75 10.0 17.487 0
180213 23.75 10.0 17.487 0
180244 23.75 10.0 17.487 0
180314 23.75 10.0 17.487 0
180345 23.75 10.0 17.425 0
180415 23.75 10.0 17.487 0
180446 23.75 10.0 17.487 0
180517 23.75 10.0 17.487 0
180547 23.75 10.0 17.487 0
180618 23.75 10.0 17.487 0
180649 23.75 10.0 17.487 0
180719 23.75 10.0 17.487 0
180750 23.75 10.0 17.487 0
180820 23.75 10.0 17.425 0
180850 23.812 10.0 17.487 0
180920 23.812 10.0 17.487 0
180951 23.812 10.0 17.487 0
181022 23.812 10.0 17.487 0
181052 23.812 10.0 17.487 0
181122 23.812 10.0 17.487 0
181153 23.812 10.0 17.487 0
181223 23.812 10.0 17.487 0
181254 23.812 10.0 17.487 0
181325 23.812 10.0 17.487 0
181355 23.812 10.0 17.487 0
181425 23.812 10.0 17.487 0
181455 23.812 10.0 17.487 0
181526 23.812 10.0 17.487 0
181556 23.812 10.0 17.487 0
181626 23.875 10.0 17.487 0
181656 23.875 10.0 17.487 0
181727 23.875 10.0 17.487 0
181758 23.875 10.0 17.487 0
181829 23.875 10.0 17.487 0
181859 23.875 10.0 17.487 0
181930 23.875 10.0 17.487 0
182000 23.875 10.0 17.487 0
182031 23.875 10.0 17.487 0
182101 23.875 10.0 17.487 0
182131 23.875 10.0 17.487 0
182201 23.875 10.0 17.487 0
182231 23.875 10.0 17.487 0
182302 23.875 10.0 17.487 0
182332 23.875 10.0 17.487 0
182403 23.875 10.0 17.487 0
182433 23.875 10.0 17.487 0
182503 23.875 10.0 17.487 0
182533 23.875 10.0 17.487 0
182603 23.875 10.0 17.487 0
182633 23.812 10.0 17.487 0
182704 23.812 10.0 17.487 0
182734 23.812 10.0 17.487 0
182804 23.812 10.0 17.487 0
182835 23.812 10.0 17.487 0
182905 23.875 10.0 17.487 0
182936 23.875 10.0 17.487 0
183006 23.875 10.0 17.487 0
183037 23.875 10.0 17.487 0
183107 23.875 10.0 17.487 0
183137 23.812 10.0 17.487 0
183207 23.812 10.0 17.487 0
183238 23.812 10.0 17.487 0
183309 23.812 10.0 17.487 0
183340 23.812 10.0 17.487 0
183410 23.875 10.0 17.487 0
183441 23.875 10.0 17.487 0
183511 23.875 10.0 17.487 0
183541 23.875 10.0 17.487 0
183611 23.875 10.0 17.487 0
183641 23.812 10.0 17.487 0
183712 23.812 10.0 17.487 0
183743 23.812 10.0 17.487 0
183813 23.812 10.0 17.487 0
183845 23.812 10.0 17.487 0
183915 23.812 10.0 17.487 0
183945 23.812 10.0 17.487 0
184016 23.812 10.0 17.487 0
184046 23.812 10.0 17.487 0
184116 23.812 10.0 17.487 0
184147 23.812 10.0 17.487 0
184217 23.812 10.0 17.487 0
184247 23.812 10.0 17.487 0
184318 23.812 10.0 17.487 0
184348 23.812 10.0 17.487 0
184419 23.812 10.0 17.487 0
184449 23.812 10.0 17.487 0
184520 23.812 10.0 17.487 0
184550 23.812 10.0 17.487 0
184621 23.812 10.0 17.487 0
184652 23.812 10.0 17.487 0
184723 23.812 10.0 17.487 0
184753 23.812 10.0 17.487 0
184823 23.812 10.0 17.487 0
184854 23.812 10.0 17.487 0
184925 23.812 10.0 17.487 0
184955 23.812 10.0 17.487 0
185026 23.812 10.0 17.487 0
185057 23.812 10.0 17.487 0
185127 23.812 10.0 17.487 0
185157 23.812 10.0 17.487 0
185228 23.812 10.0 17.487 0
185258 23.812 10.0 17.487 0
185329 23.812 10.0 17.487 0
185359 23.812 10.0 17.487 0
185430 23.812 10.0 17.487 0
185500 23.812 10.0 17.487 0
185531 23.812 10.0 17.487 0
185601 23.812 10.0 17.487 0
185631 23.812 10.0 17.487 0
185702 23.812 10.0 17.487 0
185733 23.812 10.0 17.487 0
185803 23.812 10.0 17.487 0
185834 23.812 10.0 17.487 0
185904 23.75 10.0 17.487 0
185935 23.75 10.0 17.487 0
190005 23.75 10.0 17.487 0
190035 23.75 10.0 17.487 0
190106 23.75 10.0 17.487 0
190136 23.75 10.0 17.487 0
190207 23.75 10.0 17.487 0
190237 23.75 10.0 17.487 0
190308 23.75 10.0 17.487 0
190339 23.75 10.0 17.487 0
190409 23.687 10.0 17.487 0
190440 23.687 10.0 17.487 0
190510 23.687 10.0 17.487 0
190541 23.687 10.0 17.487 0
190611 23.687 10.0 17.487 0
190642 23.687 10.0 17.487 0
190712 23.687 10.0 17.487 0
190743 23.687 10.0 17.487 0
190814 23.687 10.0 17.487 0
190844 23.687 10.0 17.487 0
190915 23.687 10.0 17.487 0
190945 23.687 10.0 17.487 0
191016 23.687 10.0 17.487 0
191047 23.687 10.0 17.487 0
191119 23.687 10.0 17.487 0
191149 23.687 10.0 17.487 0
191219 23.687 10.0 17.487 0
191250 23.687 10.0 17.487 0
191320 23.687 10.0 17.487 0
191350 23.687 10.0 17.487 0
191421 23.687 10.0 17.487 0
191452 23.687 10.0 17.487 0
191522 23.687 10.0 17.487 0
191553 23.687 10.0 17.487 0
191623 23.687 10.0 17.487 0
191654 23.687 10.0 17.487 0
191724 23.687 10.0 17.487 0
191755 23.687 10.0 17.487 0
191825 23.687 10.0 17.487 0
191856 23.687 10.0 17.487 0
191926 23.687 10.0 17.487 0
191957 23.687 10.0 17.487 0
192027 23.687 10.0 17.487 0
192058 23.687 10.0 17.487 0
192128 23.687 10.0 17.487 0
192159 23.687 10.0 17.487 0
192229 23.687 10.0 17.487 0
192300 23.687 10.0 17.487 0
192330 23.687 10.0 17.487 0
192401 23.687 10.0 17.487 0
192431 23.687 10.0 17.487 0
192501 23.687 10.0 17.487 0
192532 23.687 10.0 17.487 0
192602 23.687 10.0 17.487 0
192633 23.75 10.0 17.487 0
192704 23.75 10.0 17.487 0
192735 23.75 10.0 17.487 0
192805 23.75 10.0 17.487 0
192836 23.75 10.0 17.487 0
192906 23.812 10.0 17.487 0
192936 23.812 10.0 17.487 0
193007 23.812 10.0 17.487 0
193038 23.812 10.0 17.487 0
193108 23.812 10.0 17.487 0
193138 23.812 10.0 17.487 0
193209 23.812 10.0 17.487 0
193239 23.812 10.0 17.487 0
193310 23.812 10.0 17.487 0
193341 23.812 10.0 17.487 0
193411 23.812 10.0 17.487 0
193442 23.812 10.0 17.487 0
193512 23.812 10.0 17.487 0
193543 23.812 10.0 17.487 0
193613 23.812 10.0 17.487 0
193643 23.875 10.0 17.487 0
193714 23.875 10.0 17.487 0
193744 23.875 10.0 17.487 0
193814 23.875 10.0 17.487 0
193845 23.875 10.0 17.487 0
193915 23.812 10.0 17.487 0
193946 23.812 10.0 17.487 0
194017 23.812 10.0 17.487 0
194047 23.812 10.0 17.487 0
194118 23.812 10.0 17.487 0
194149 23.875 10.0 17.487 0
194220 23.875 10.0 17.487 0
194250 23.875 10.0 17.487 0
194321 23.875 10.0 17.487 0
194353 23.812 10.0 17.487 0
194423 23.812 10.0 17.487 0
194454 23.812 10.0 17.487 0
194524 23.812 10.0 17.487 0
194555 23.812 10.0 17.487 0
194626 23.875 10.0 17.487 0
194656 23.875 10.0 17.487 0
194727 23.875 10.0 17.487 0
194757 23.875 10.0 17.487 0
194827 23.875 10.0 17.487 0
194858 23.812 10.0 17.487 0
194929 23.812 10.0 17.487 0
194959 23.812 10.0 17.487 0
195029 23.812 10.0 17.487 0
195059 23.812 10.0 17.487 0
195130 23.875 10.0 17.487 0
195200 23.875 10.0 17.487 0
195231 23.875 10.0 17.487 0
195301 23.875 10.0 17.487 0
195331 23.875 10.0 17.487 0
195402 23.875 10.0 17.487 0
195432 23.875 10.0 17.487 0
195503 23.875 10.0 17.487 0
195533 23.875 10.0 17.487 0
195603 23.875 10.0 17.487 0
195633 23.937 10.0 17.487 0
195704 23.937 10.0 17.487 0
195734 23.937 10.0 17.487 0
195804 23.937 10.0 17.487 0
195835 23.937 10.0 17.487 0
195905 23.875 10.0 17.487 0
195936 23.875 10.0 17.487 0
200006 23.875 10.0 17.487 0
200037 23.875 10.0 17.487 0
200107 23.875 10.0 17.487 0
200138 23.875 10.0 17.487 0
200208 23.875 10.0 17.487 0
200239 23.875 10.0 17.487 0
200309 23.875 10.0 17.487 0
200339 23.875 10.0 17.487 0
200410 23.937 10.0 17.487 0
200440 23.937 10.0 17.487 0
200511 23.937 10.0 17.487 0
200542 23.937 10.0 17.487 0
200613 23.937 10.0 17.487 0
200643 23.937 10.0 17.487 0
200713 23.937 10.0 17.487 0
200744 23.937 10.0 17.487 0
200814 23.937 10.0 17.487 0
200844 23.937 10.0 17.487 0
200914 23.937 10.0 17.487 0
200945 23.937 10.0 17.487 0
201015 23.937 10.0 17.487 0
201046 23.937 10.0 17.487 0
201117 23.937 10.0 17.487 0
201147 23.937 10.0 17.487 0
201218 23.937 10.0 17.487 0
201248 23.937 10.0 17.487 0
201319 23.937 10.0 17.487 0
201349 23.937 10.0 17.487 0
201419 23.937 10.0 17.487 0
201450 23.937 10.0 17.487 0
201521 23.937 10.0 17.487 0
201551 23.937 10.0 17.487 0
201622 23.937 10.0 17.487 0
201653 23.937 10.0 17.487 0
201723 23.937 10.0 17.487 0
201753 23.937 10.0 17.487 0
201823 23.937 10.0 17.487 0
201854 23.937 10.0 17.487 0
201924 23.937 10.0 17.487 0
201955 23.937 10.0 17.487 0
202025 23.937 10.0 17.487 0
202056 23.937 10.0 17.487 0
202126 23.937 10.0 17.487 0
202157 23.937 10.0 17.487 0
202227 23.937 10.0 17.487 0
202258 23.937 10.0 17.487 0
202329 23.937 10.0 17.487 0
202401 23.937 10.0 17.487 0
202431 23.937 10.0 17.487 0
202502 23.937 10.0 17.487 0
202532 23.937 10.0 17.487 0
202603 23.937 10.0 17.487 0
202633 23.937 10.0 17.487 0
202703 23.937 10.0 17.487 0
202734 23.937 10.0 17.487 0
202804 23.937 10.0 17.487 0
202835 23.937 10.0 17.487 0
202905 23.937 10.0 17.487 0
202935 23.937 10.0 17.487 0
203006 23.937 10.0 17.487 0
203037 23.937 10.0 17.487 0
203107 23.937 10.0 17.487 0
203138 23.937 10.0 17.487 0
203208 23.937 10.0 17.487 0
203238 23.937 10.0 17.487 0
203308 23.937 10.0 17.487 0
203339 23.937 10.0 17.487 0
203410 23.875 10.0 17.487 0
203440 23.875 10.0 17.487 0
203510 23.875 10.0 17.487 0
203541 23.875 10.0 17.487 0
203611 23.875 10.0 17.487 0
203641 23.937 10.0 17.487 0
203712 23.937 10.0 17.487 0
203742 23.937 10.0 17.487 0
203812 23.937 10.0 17.487 0
203843 23.937 10.0 17.487 0
203914 23.937 10.0 17.487 0
203944 23.937 10.0 17.487 0
204015 23.937 10.0 17.487 0
204046 23.937 10.0 17.487 0
204117 23.937 10.0 17.487 0
204147 23.937 10.0 17.487 0
204218 23.937 10.0 17.487 0
204248 23.937 10.0 17.487 0
204319 23.937 10.0 17.487 0
204350 23.937 10.0 17.487 0
204420 23.937 10.0 17.487 0
204451 23.937 10.0 17.487 0
204521 23.937 10.0 17.487 0
204552 23.937 10.0 17.487 0
204623 23.937 10.0 17.487 0
204653 23.937 10.0 17.487 0
204724 23.937 10.0 17.487 0
204754 23.937 10.0 17.487 0
204826 23.937 10.0 17.487 0
204856 23.937 10.0 17.487 0
204926 23.937 10.0 17.487 0
204957 23.937 10.0 17.487 0
205028 23.937 10.0 17.487 0
205058 23.937 10.0 17.487 0
205129 23.937 10.0 17.487 0
205159 23.875 10.0 17.487 0
205230 23.875 10.0 17.487 0
205301 23.875 10.0 17.487 0
205331 23.875 10.0 17.487 0
205403 23.937 10.0 17.487 0
205434 23.937 10.0 17.487 0
205504 23.937 10.0 17.487 0
205535 23.937 10.0 17.487 0
205605 23.937 10.0 17.487 0
205635 23.937 10.0 17.487 0
205706 23.937 10.0 17.487 0
205736 23.937 10.0 17.487 0
205806 23.937 10.0 17.487 0
205836 23.937 10.0 17.487 0
205907 24.0 10.0 17.487 0
205937 24.0 10.0 17.487 0
210007 24.0 10.0 17.487 0
210037 24.0 10.0 17.487 0
210107 24.0 10.0 17.487 0
210137 24.0 10.0 17.487 0
210208 24.0 10.0 17.487 0
210238 24.0 10.0 17.487 0
210309 24.0 10.0 17.487 0
210339 24.0 10.0 17.487 0
210409 24.0 10.0 17.487 0
210440 24.0 10.0 17.487 0
210511 24.0 10.0 17.487 0
210541 24.0 10.0 17.487 0
210613 24.0 10.0 17.487 0
210644 24.0 10.0 17.487 0
210714 24.0 10.0 17.487 0
210744 24.0 10.0 17.487 0
210815 24.0 10.0 17.487 0
210845 24.0 10.0 17.487 0
210916 24.0 10.0 17.487 0
210947 24.0 10.0 17.487 0
211018 24.0 10.0 17.487 0
211048 24.0 10.0 17.487 0
211119 24.0 10.0 17.487 0
211149 24.0 10.0 17.487 0
211220 24.0 10.0 17.487 0
211250 24.0 10.0 17.487 0
211320 24.0 10.0 17.487 0
211351 24.0 10.0 17.487 0
211421 24.0 10.0 17.487 0
211452 24.0 10.0 17.487 0
211522 24.0 10.0 17.487 0
211553 24.0 10.0 17.487 0
211624 24.0 10.0 17.487 0
211654 24.0 10.0 17.487 0
211724 24.0 10.0 17.487 0
211755 24.0 10.0 17.487 0
211825 24.0 10.0 17.487 0
211856 24.0 10.0 17.55 0
211926 24.0 10.0 17.487 0
211957 24.0 10.0 17.487 0
212028 24.0 10.0 17.487 0
212058 24.0 10.0 17.487 0
212129 24.0 10.0 17.487 0
212200 24.0 10.0 17.487 0
212230 24.0 10.0 17.487 0
212301 24.0 10.0 17.487 0
212332 24.0 10.0 17.487 0
212402 24.0 10.0 17.487 0
212433 24.0 10.0 17.487 0
212504 24.0 10.0 17.487 0
212534 24.0 10.0 17.487 0
212605 24.0 10.0 17.487 0
212637 24.0 10.0 17.487 0
212708 24.0 10.0 17.487 0
212738 24.0 10.0 17.487 0
212808 24.0 10.0 17.487 0
212839 24.0 10.0 17.487 0
212909 24.0 10.0 17.487 0
212939 24.0 10.0 17.487 0
213010 24.0 10.0 17.487 0
213040 24.0 10.0 17.487 0
213111 24.0 10.0 17.487 0
213142 24.0 10.0 17.487 0
213212 24.0 10.0 17.487 0
213242 24.0 10.0 17.487 0
213313 24.0 10.0 17.487 0
213344 24.0 10.0 17.487 0
213414 24.0 10.0 17.487 0
213444 24.0 10.0 17.55 0
213515 24.0 10.0 17.487 0
213545 24.0 10.0 17.487 0
213616 24.0 10.0 17.487 0
213646 23.937 10.0 17.487 0
213717 23.937 10.0 17.487 0
213748 23.937 10.0 17.487 0
213818 23.937 10.0 17.487 0
213849 23.937 10.0 17.487 0
213919 23.937 10.0 17.487 0
213949 23.937 10.0 17.487 0
214020 23.937 10.0 17.487 0
214051 23.937 10.0 17.487 0
214121 23.937 10.0 17.487 0
214151 23.875 10.0 17.487 0
214221 23.875 10.0 17.55 0
214252 23.875 10.0 17.487 0
214323 23.875 10.0 17.487 0
214354 23.875 10.0 17.487 0
214424 23.812 10.0 17.55 0
214455 23.812 10.0 17.487 0
214525 23.812 10.0 17.487 0
214555 23.812 10.0 17.487 0
214625 23.812 10.0 17.487 0
214655 23.812 10.0 17.487 0
214726 23.812 10.0 17.487 0
214756 23.812 10.0 17.487 0
214826 23.812 10.0 17.487 0
214856 23.812 10.0 17.487 0
214926 23.812 10.0 17.487 0
214957 23.812 10.0 17.487 0
215027 23.812 10.0 17.55 0
215058 23.812 10.0 17.487 0
215128 23.812 10.0 17.487 0
215158 23.812 10.0 17.487 0
215228 23.812 10.0 17.487 0
215259 23.812 10.0 17.55 0
215329 23.812 10.0 17.487 0
215359 23.812 10.0 17.55 0
215430 23.812 10.0 17.487 0
215500 23.812 10.0 17.487 0
215530 23.812 10.0 17.487 0
215600 23.812 10.0 17.487 0
215630 23.812 10.0 17.55 0
215701 23.75 10.0 17.487 0
215731 23.75 10.0 17.55 0
215802 23.75 10.0 17.55 0
215832 23.75 10.0 17.487 0
215902 23.75 10.0 17.487 0
215932 23.812 10.0 17.487 0
220003 23.812 10.0 17.487 0
220033 23.812 10.0 17.487 0
220104 23.812 10.0 17.487 0
220134 23.812 10.0 17.487 0
220205 23.875 10.0 17.487 0
220236 23.875 10.0 17.487 0
220306 23.875 10.0 17.487 0
220337 23.875 10.0 17.487 0
220407 23.875 10.0 17.487 0
220438 23.875 10.0 17.487 0
220508 23.875 10.0 17.487 0
220538 23.875 10.0 17.55 0
220609 23.875 10.0 17.55 0
220639 23.875 10.0 17.55 0
220709 23.875 10.0 17.487 0
220739 23.875 10.0 17.487 0
220810 23.875 10.0 17.487 0
220841 23.875 10.0 17.55 0
220913 23.875 10.0 17.55 0
220943 23.875 10.0 17.487 0
221014 23.875 10.0 17.487 0
221044 23.875 10.0 17.487 0
221115 23.875 10.0 17.487 0
221145 23.875 10.0 17.487 0
221216 23.875 10.0 17.55 0
221246 23.875 10.0 17.487 0
221317 23.875 10.0 17.487 0
221348 23.875 10.0 17.55 0
221418 23.875 10.0 17.55 0
221448 23.875 10.0 17.55 0
221519 23.875 10.0 17.55 0
221549 23.875 10.0 17.55 0
221620 23.875 10.0 17.55 0
221651 23.812 10.0 17.55 0
221722 23.812 10.0 17.487 0
221752 23.812 10.0 17.55 0
221823 23.812 10.0 17.55 0
221854 23.812 10.0 17.487 0
221924 23.812 10.0 17.487 0
221954 23.812 10.0 17.487 0
222024 23.812 10.0 17.487 0
222054 23.812 10.0 17.487 0
222125 23.812 10.0 17.55 0
222155 23.812 10.0 17.55 0
222226 23.812 10.0 17.55 0
222257 23.812 10.0 17.55 0
222327 23.812 10.0 17.55 0
222358 23.812 10.0 17.55 0
222428 23.812 10.0 17.55 0
222458 23.812 10.0 17.55 0
222528 23.812 10.0 17.55 0
222558 23.812 10.0 17.55 0
222629 23.812 10.0 17.55 0
222659 23.812 10.0 17.55 0
222729 23.812 10.0 17.55 0
222759 23.812 10.0 17.55 0
222829 23.812 10.0 17.55 0
222900 23.812 10.0 17.55 0
222930 23.812 10.0 17.487 0
223000 23.812 10.0 17.55 0
223031 23.812 10.0 17.55 0
223101 23.812 10.0 17.487 0
223132 23.812 10.0 17.55 0
223202 23.75 10.0 17.487 0
223232 23.75 10.0 17.55 0
223302 23.75 10.0 17.55 0
223333 23.75 10.0 17.55 0
223403 23.75 10.0 17.55 0
223433 23.75 10.0 17.55 0
223504 23.75 10.0 17.55 0
223534 23.75 10.0 17.55 0
223605 23.75 10.0 17.55 0
223636 23.75 10.0 17.55 0
223706 23.75 10.0 17.55 0
223736 23.75 10.0 17.55 0
223807 23.75 10.0 17.55 0
223838 23.75 10.0 17.55 0
223908 23.75 10.0 17.55 0
223938 23.75 10.0 17.55 0
224009 23.75 10.0 17.55 0
224039 23.75 10.0 17.55 0
224109 23.75 10.0 17.55 0
224140 23.75 10.0 17.55 0
224210 23.687 10.0 17.487 0
224240 23.687 10.0 17.55 0
224311 23.687 10.0 17.55 0
224341 23.687 10.0 17.55 0
224412 23.687 10.0 17.55 0
224442 23.687 10.0 17.55 0
224512 23.687 10.0 17.55 0
224543 23.687 10.0 17.55 0
224613 23.687 10.0 17.55 0
224644 23.687 10.0 17.55 0
224715 23.687 10.0 17.55 0
224745 23.687 10.0 17.55 0
224816 23.687 10.0 17.55 0
224846 23.687 10.0 17.55 0
224918 23.625 10.0 17.55 0
224948 23.625 10.0 17.55 0
225019 23.625 10.0 17.55 0
225049 23.625 10.0 17.55 0
225119 23.625 10.0 17.55 0
225149 23.625 10.0 17.55 0
225219 23.625 10.0 17.55 0
225250 23.625 10.0 17.55 0
225321 23.625 10.0 17.55 0
225352 23.625 10.0 17.55 0
225422 23.562 10.0 17.55 0
225452 23.562 10.0 17.55 0
225523 23.562 10.0 17.55 0
225553 23.562 10.0 17.55 0
225624 23.562 10.0 17.55 0
225654 23.562 10.0 17.55 0
225725 23.562 10.0 17.55 0
225755 23.562 10.0 17.55 0
225825 23.562 10.0 17.55 0
225856 23.562 10.0 17.55 0
225927 23.562 10.0 17.55 0
225957 23.562 10.0 17.55 0
230028 23.562 10.0 17.55 0
230059 23.562 10.0 17.55 0
230130 23.562 10.0 17.55 0
230200 23.5 10.0 17.55 0
230231 23.5 10.0 17.55 0
230302 23.5 10.0 17.55 0
230332 23.5 10.0 17.55 0
230403 23.5 10.0 17.55 0
230433 23.5 10.0 17.55 0
230503 23.5 10.0 17.55 0
230534 23.5 10.0 17.55 0
230605 23.5 10.0 17.55 0
230635 23.5 10.0 17.55 0
230706 23.5 10.0 17.55 0
230736 23.5 10.0 17.55 0
230806 23.5 10.0 17.55 0
230836 23.5 10.0 17.55 0
230907 23.5 10.0 17.55 0
230938 23.437 10.0 17.55 0
231008 23.437 10.0 17.55 0
231038 23.437 10.0 17.55 0
231109 23.437 10.0 17.55 0
231139 23.437 10.0 17.55 0
231210 23.437 10.0 17.55 0
231240 23.437 10.0 17.55 0
231311 23.437 10.0 17.55 0
231342 23.437 10.0 17.55 0
231412 23.437 10.0 17.55 0
231443 23.437 10.0 17.55 0
231513 23.437 10.0 17.55 0
231544 23.437 10.0 17.55 0
231615 23.437 10.0 17.55 0
231646 23.437 10.0 17.55 0
231716 23.437 10.0 17.55 0
231746 23.437 10.0 17.55 0
231816 23.437 10.0 17.55 0
231847 23.437 10.0 17.55 0
231917 23.437 10.0 17.55 0
231947 23.437 10.0 17.55 0
232018 23.437 10.0 17.55 0
232048 23.437 10.0 17.55 0
232119 23.437 10.0 17.55 0
232151 23.437 10.0 17.55 0
232222 23.437 10.0 17.55 0
232252 23.437 10.0 17.55 0
232323 23.437 10.0 17.55 0
232354 23.437 10.0 17.55 0
232424 23.375 10.0 17.55 0
232455 23.375 10.0 17.55 0
232525 23.375 10.0 17.55 0
232556 23.375 10.0 17.55 0
232626 23.375 10.0 17.55 0
232657 23.375 10.0 17.55 0
232728 23.375 10.0 17.55 0
232758 23.375 10.0 17.55 0
232829 23.375 10.0 17.55 0
232900 23.375 10.0 17.55 0
232930 23.375 10.0 17.55 0
233001 23.375 10.0 17.55 0
233032 23.375 10.0 17.55 0
233102 23.375 10.0 17.55 0
233133 23.375 10.0 17.55 0
233204 23.375 10.0 17.55 0
233234 23.375 10.0 17.55 0
233304 23.375 10.0 17.55 0
233334 23.375 10.0 17.55 0
233404 23.375 10.0 17.55 0
233435 23.375 10.0 17.55 0
233505 23.375 10.0 17.55 0
233535 23.375 10.0 17.55 0
233606 23.375 10.0 17.55 0
233636 23.375 10.0 17.55 0
233706 23.375 10.0 17.55 0
233737 23.375 10.0 17.55 0
233808 23.375 10.0 17.55 0
233838 23.375 10.0 17.55 0
233909 23.375 10.0 17.55 0
233939 23.375 10.0 17.55 0
234010 23.375 10.0 17.55 0
234041 23.375 10.0 17.55 0
234111 23.375 10.0 17.55 0
234142 23.375 10.0 17.55 0
234212 23.312 10.0 17.55 0
234243 23.312 10.0 17.55 0
234314 23.312 10.0 17.55 0
234344 23.312 10.0 17.55 0
234415 23.312 10.0 17.55 0
234445 23.312 10.0 17.55 0
234515 23.312 10.0 17.55 0
234546 23.312 10.0 17.55 0
234617 23.312 10.0 17.55 0
234647 23.312 10.0 17.55 0
234718 23.312 10.0 17.55 0
234748 23.312 10.0 17.55 0
234819 23.312 10.0 17.55 0
234849 23.312 10.0 17.55 0
234920 23.312 10.0 17.55 0
234950 23.312 10.0 17.55 0
235021 23.312 10.0 17.55 0
235052 23.312 10.0 17.55 0
235122 23.312 10.0 17.55 0
235155 23.312 10.0 17.55 0
235226 23.312 10.0 17.55 0
235257 23.312 10.0 17.55 0
235327 23.312 10.0 17.55 0
235358 23.312 10.0 17.55 0
235429 23.312 10.0 17.55 0
235459 23.312 10.0 17.55 0
235530 23.312 10.0 17.55 0
235601 23.312 10.0 17.55 0
235631 23.312 10.0 17.55 0
235702 23.312 10.0 17.55 0
235733 23.312 10.0 17.55 0
235803 23.312 10.0 17.55 0
235834 23.312 10.0 17.55 0
