235925 15.875 10.0 67.487 0
235955 15.875 10.0 67.487 0
000025 15.875 10.0 67.487 0
000056 15.812 10.0 67.487 0
000126 15.812 10.0 67.487 0
000157 15.812 10.0 67.487 0
000227 15.812 10.0 67.487 0
000300 15.812 10.0 67.425 0
000330 15.812 10.0 67.425 0
000401 15.812 10.0 67.425 0
000431 15.812 10.0 67.425 0
000501 15.812 10.0 67.425 0
000531 15.75 10.0 67.425 0
000601 15.75 10.0 67.362 0
000631 15.75 10.0 67.362 0
000701 15.75 10.0 67.362 0
000732 15.75 10.0 67.362 0
000802 15.75 10.0 67.362 0
000833 15.75 10.0 67.3 0
000903 15.75 10.0 67.3 0
000934 15.75 10.0 67.3 0
001004 15.75 10.0 67.3 0
001034 15.687 10.0 67.3 0
001104 15.687 10.0 67.237 0
001135 15.687 10.0 67.237 0
001206 15.687 10.0 67.237 0
001237 15.687 10.0 67.237 0
001307 15.687 10.0 67.175 0
001338 15.687 10.0 67.175 0
001409 15.687 10.0 67.175 0
001439 15.687 10.0 67.175 0
001510 15.687 10.0 67.112 0
001540 15.687 10.0 67.112 0
001610 15.687 10.0 67.112 0
001640 15.687 10.0 67.112 0
001710 15.687 10.0 67.05 0
001740 15.687 10.0 67.05 0
001810 15.625 10.0 67.05 0
001841 15.625 10.0 67.05 0
001912 15.625 10.0 66.987 0
001942 15.625 10.0 66.987 0
002012 15.625 10.0 66.987 0
002042 15.625 10.0 66.925 0
002113 15.625 10.0 66.925 0
002143 15.625 10.0 66.925 0
002214 15.625 10.0 66.925 0
002244 15.625 10.0 66.862 0
002315 15.625 10.0 66.862 0
002345 15.625 10.0 66.862 0
002415 15.625 10.0 66.862 0
002445 15.625 10.0 66.925 0
002515 15.625 10.0 66.987 0
002546 15.562 10.0 67.05 0
002616 15.562 10.0 67.112 0
002646 15.562 10.0 67.175 0
002716 15.562 10.0 67.237 0
002747 15.562 10.0 67.237 0
002817 15.562 10.0 67.3 0
002847 15.562 10.0 67.3 0
002918 15.562 10.0 67.3 0
002948 15.562 10.0 67.3 0
003019 15.562 10.0 67.362 0
003050 15.562 10.0 67.362 0
003120 15.562 10.0 67.362 0
003150 15.562 10.0 67.362 0
003221 15.562 10.0 67.362 0
003251 15.562 10.0 67.3 0
003321 15.5 10.0 67.3 0
003351 15.5 10.0 67.3 0
003422 15.5 10.0 67.3 0
003452 15.5 10.0 67.3 0
003523 15.5 10.0 67.3 0
003553 15.5 10.0 67.3 0
003623 15.5 10.0 67.3 0
003654 15.5 10.0 67.237 0
003724 15.5 10.0 67.237 0
003754 15.5 10.0 67.237 0
003825 15.5 10.0 67.237 0
003855 15.5 10.0 67.237 0
003925 15.5 10.0 67.237 0
003956 15.5 10.0 67.237 0
004026 15.5 10.0 67.175 0
004057 15.5 10.0 67.175 0
004127 15.5 10.0 67.175 0
004158 15.5 10.0 67.175 0
004229 15.5 10.0 67.175 0
004259 15.5 10.0 67.112 0
004329 15.437 10.0 67.112 0
004400 15.437 10.0 67.112 0
004430 15.437 10.0 67.112 0
004500 15.437 10.0 67.05 0
004531 15.437 10.0 67.05 0
004601 15.437 10.0 67.05 0
004631 15.437 10.0 67.05 0
004702 15.437 10.0 67.05 0
004733 15.437 10.0 66.987 0
004803 15.437 10.0 66.987 0
004833 15.437 10.0 66.987 0
004904 15.437 10.0 66.987 0
004934 15.437 10.0 66.987 0
005004 15.437 10.0 66.925 0
005037 15.375 10.0 66.925 0
005107 15.375 10.0 66.925 0
005138 15.375 10.0 66.925 0
005208 15.375 10.0 66.862 0
005238 15.375 10.0 66.862 0
005309 15.375 10.0 66.862 0
005339 15.375 10.0 66.8 0
005409 15.375 10.0 66.8 0
005440 15.375 10.0 66.8 0
005510 15.375 10.0 66.8 0
005541 15.375 10.0 66.737 0
005611 15.375 10.0 66.737 0
005642 15.375 10.0 66.737 0
005712 15.375 10.0 66.737 0
005743 15.375 10.0 66.675 0
005813 15.375 10.0 66.675 0
005844 15.375 10.0 66.675 0
005914 15.375 10.0 66.612 0
005945 15.375 10.0 66.612 0
010016 15.375 10.0 66.612 0
010046 15.312 10.0 66.55 0
010116 15.312 10.0 66.55 0
010147 15.312 10.0 66.487 0
010217 15.312 10.0 66.487 0
010247 15.312 10.0 66.487 0
010317 15.312 10.0 66.425 0
010347 15.312 10.0 66.425 0
010417 15.312 10.0 66.425 0
010447 15.312 10.0 66.362 0
010518 15.312 10.0 66.362 0
010549 15.312 10.0 66.3 0
010619 15.312 10.0 66.3 0
010649 15.312 10.0 66.3 0
010720 15.312 10.0 66.237 0
010750 15.312 10.0 66.237 0
010820 15.312 10.0 66.175 0
010851 15.312 10.0 66.175 0
010921 15.312 10.0 66.175 0
010951 15.312 10.0 66.112 0
011022 15.312 10.0 66.112 0
011052 15.312 10.0 66.05 0
011122 15.312 10.0 66.05 0
011153 15.312 10.0 66.05 0
011224 15.312 10.0 65.987 0
011254 15.312 10.0 65.987 0
011324 15.25 10.0 65.987 0
011354 15.25 10.0 65.925 0
011425 15.25 10.0 65.925 0
011455 15.25 10.0 65.925 0
011525 15.25 10.0 65.862 0
011555 15.25 10.0 65.862 0
011625 15.25 10.0 65.8 0
011656 15.25 10.0 65.8 0
011726 15.25 10.0 65.8 0
011757 15.25 10.0 65.737 0
011827 15.25 10.0 65.737 0
011858 15.25 10.0 65.675 0
011928 15.25 10.0 65.675 0
011958 15.25 10.0 65.675 0
012028 15.25 10.0 65.612 0
012058 15.25 10.0 65.612 0
012129 15.25 10.0 65.55 0
012159 15.25 10.0 65.55 0
012229 15.25 10.0 65.55 0
012259 15.25 10.0 65.487 0
012329 15.187 10.0 65.487 0
012400 15.187 10.0 65.425 0
012430 15.187 10.0 65.425 0
012500 15.187 10.0 65.425 0
012530 15.187 10.0 65.362 0
012601 15.187 10.0 65.362 0
012631 15.187 10.0 65.425 0
012702 15.187 10.0 65.425 0
012732 15.187 10.0 65.487 0
012803 15.187 10.0 65.487 0
012833 15.187 10.0 65.55 0
012903 15.187 10.0 65.55 0
012934 15.187 10.0 65.55 0
013004 15.187 10.0 65.55 0
013034 15.187 10.0 65.612 0
013104 15.187 10.0 65.612 0
013134 15.187 10.0 65.612 0
013205 15.187 10.0 65.612 0
013235 15.187 10.0 65.612 0
013305 15.187 10.0 65.612 0
013335 15.187 10.0 65.612 0
013406 15.187 10.0 65.55 0
013436 15.187 10.0 65.55 0
013506 15.187 10.0 65.55 0
013537 15.187 10.0 65.55 0
013607 15.187 10.0 65.55 0
013637 15.187 10.0 65.55 0
013707 15.187 10.0 65.55 0
013737 15.187 10.0 65.55 0
013807 15.187 10.0 65.55 0
013837 15.187 10.0 65.487 0
013908 15.187 10.0 65.487 0
013938 15.187 10.0 65.487 0
014009 15.187 10.0 65.487 0
014039 15.187 10.0 65.487 0
014109 15.187 10.0 65.487 0
014139 15.187 10.0 65.425 0
014210 15.187 10.0 65.425 0
014240 15.187 10.0 65.425 0
014310 15.187 10.0 65.425 0
014340 15.125 10.0 65.362 0
014410 15.125 10.0 65.362 0
014441 15.125 10.0 65.362 0
014512 15.125 10.0 65.362 0
014542 15.125 10.0 65.3 0
014612 15.125 10.0 65.3 0
014642 15.125 10.0 65.3 0
014712 15.125 10.0 65.237 0
014743 15.125 10.0 65.237 0
014813 15.125 10.0 65.237 0
014844 15.125 10.0 65.175 0
014914 15.125 10.0 65.175 0
014945 15.125 10.0 65.175 0
015015 15.125 10.0 65.112 0
015047 15.125 10.0 65.112 0
015118 15.125 10.0 65.05 0
015148 15.125 10.0 65.05 0
015218 15.125 10.0 64.987 0
015248 15.125 10.0 64.987 0
015319 15.125 10.0 64.925 0
015349 15.125 10.0 64.925 0
015419 15.125 10.0 64.925 0
015449 15.125 10.0 64.862 0
015519 15.125 10.0 64.862 0
015549 15.125 10.0 64.8 0
015619 15.125 10.0 64.8 0
015650 15.125 10.0 64.8 0
015720 15.125 10.0 64.737 0
015751 15.125 10.0 64.737 0
015821 15.062 10.0 64.675 0
015851 15.062 10.0 64.675 0
015922 15.062 10.0 64.675 0
015952 15.062 10.0 64.612 0
020022 15.062 10.0 64.612 0
020052 15.062 10.0 64.55 0
020122 15.062 10.0 64.55 0
020152 15.062 10.0 64.55 0
020222 15.062 10.0 64.487 0
020252 15.062 10.0 64.487 0
020323 15.062 10.0 64.487 0
020353 15.062 10.0 64.425 0
020423 15.062 10.0 64.425 0
020453 15.062 10.0 64.362 0
020523 15.062 10.0 64.362 0
020553 15.062 10.0 64.3 0
020624 15.062 10.0 64.3 0
020654 15.062 10.0 64.3 0
020725 15.062 10.0 64.237 0
020755 15.062 10.0 64.237 0
020826 15.062 10.0 64.175 0
020856 15.062 10.0 64.175 0
020926 15.062 10.0 64.175 0
020956 15.062 10.0 64.112 0
021026 15.062 10.0 64.112 0
021057 15.062 10.0 64.05 0
021127 15.062 10.0 64.05 0
021158 15.062 10.0 63.987 0
021228 15.062 10.0 63.987 0
021258 15.062 10.0 63.925 0
021328 15.0 10.0 63.925 0
021358 15.0 10.0 63.862 0
021428 15.0 10.0 63.8 0
021459 15.0 10.0 63.8 0
021529 15.0 10.0 63.737 0
021559 15.0 10.0 63.675 0
021629 15.0 10.0 63.675 0
021659 15.0 10.0 63.612 0
021730 15.0 10.0 63.612 0
021801 15.0 10.0 63.55 0
021831 15.0 10.0 63.55 0
021902 15.0 10.0 63.487 0
021932 15.0 10.0 63.487 0
022002 15.0 10.0 63.425 0
022032 15.0 10.0 63.425 0
022103 15.0 10.0 63.425 0
022133 15.0 10.0 63.362 0
022204 15.0 10.0 63.362 0
022234 15.0 10.0 63.3 0
022304 15.0 10.0 63.3 0
022335 15.0 10.0 63.237 0
022405 15.0 10.0 63.237 0
022436 15.0 10.0 63.175 0
022506 15.0 10.0 63.175 0
022536 15.0 10.0 63.112 0
022606 15.0 10.0 63.112 0
022636 15.0 10.0 63.05 0
022707 15.0 10.0 63.05 0
022737 15.0 10.0 62.987 0
022807 15.0 10.0 63.05 0
022838 15.0 10.0 63.112 0
022908 15.0 10.0 63.112 0
022939 15.0 10.0 63.175 0
023010 15.0 10.0 63.175 0
023041 15.0 10.0 63.175 0
023111 15.0 10.0 63.175 0
023142 15.0 10.0 63.237 0
023212 15.0 10.0 63.237 0
023243 15.0 10.0 63.237 0
023313 15.0 10.0 63.237 0
023343 15.0 10.0 63.237 0
023414 15.0 10.0 63.175 0
023445 15.0 10.0 63.175 0
023515 15.0 10.0 63.175 0
023546 15.0 10.0 63.175 0
023616 14.937 10.0 63.175 0
023646 14.937 10.0 63.112 0
023716 14.937 10.0 63.112 0
023747 14.937 10.0 63.112 0
023817 14.937 10.0 63.05 0
023847 14.937 10.0 63.05 0
023917 14.937 10.0 62.987 0
023948 14.937 10.0 62.987 0
024018 14.937 10.0 62.987 0
024049 14.937 10.0 62.925 0
024119 14.937 10.0 62.925 0
024150 14.937 10.0 62.862 0
024220 14.937 10.0 62.862 0
024250 14.937 10.0 62.8 0
024321 14.937 10.0 62.8 0
024351 14.937 10.0 62.8 0
024422 14.937 10.0 62.737 0
024452 14.937 10.0 62.737 0
024523 14.937 10.0 62.737 0
024555 14.937 10.0 62.675 0
024625 14.937 10.0 62.675 0
024655 14.937 10.0 62.612 0
024726 14.937 10.0 62.612 0
024756 14.937 10.0 62.612 0
024827 14.937 10.0 62.55 0
024857 14.937 10.0 62.55 0
024928 14.937 10.0 62.487 0
024958 14.937 10.0 62.487 0
025029 14.937 10.0 62.487 0
025100 14.937 10.0 62.425 0
025130 14.937 10.0 62.425 0
025200 14.937 10.0 62.362 0
025230 14.937 10.0 62.362 0
025301 14.937 10.0 62.362 0
025331 14.937 10.0 62.3 0
025401 14.937 10.0 62.3 0
025432 14.937 10.0 62.3 0
025502 14.937 10.0 62.237 0
025533 14.937 10.0 62.237 0
025603 14.875 10.0 62.175 0
025634 14.875 10.0 62.175 0
025704 14.875 10.0 62.175 0
025734 14.875 10.0 62.112 0
025805 14.875 10.0 62.112 0
025835 14.875 10.0 62.05 0
025905 14.875 10.0 61.987 0
025936 14.875 10.0 61.987 0
030007 14.875 10.0 61.925 0
030038 14.875 10.0 61.862 0
030108 14.875 10.0 61.862 0
030139 14.875 10.0 61.8 0
030209 14.875 10.0 61.8 0
030240 14.875 10.0 61.737 0
030310 14.875 10.0 61.737 0
030341 14.875 10.0 61.675 0
030411 14.875 10.0 61.675 0
030441 14.875 10.0 61.612 0
030512 14.875 10.0 61.612 0
030542 14.875 10.0 61.612 0
030612 14.875 10.0 61.55 0
030642 14.875 10.0 61.55 0
030713 14.875 10.0 61.487 0
030743 14.875 10.0 61.487 0
030814 14.875 10.0 61.425 0
030844 14.875 10.0 61.425 0
030915 14.875 10.0 61.425 0
030945 14.875 10.0 61.362 0
031015 14.875 10.0 61.362 0
031046 14.875 10.0 61.3 0
031116 14.875 10.0 61.3 0
031146 14.875 10.0 61.237 0
031216 14.875 10.0 61.237 0
031246 14.875 10.0 61.175 0
031317 14.875 10.0 61.175 0
031347 14.875 10.0 61.175 0
031417 14.875 10.0 61.112 0
031448 14.875 10.0 61.112 0
031518 14.875 10.0 61.05 0
031548 14.875 10.0 61.05 0
031619 14.812 10.0 60.987 0
031649 14.812 10.0 60.987 0
031720 14.812 10.0 60.925 0
031750 14.812 10.0 60.925 0
031820 14.812 10.0 60.862 0
031850 14.812 10.0 60.862 0
031921 14.812 10.0 60.8 0
031951 14.812 10.0 60.8 0
032022 14.812 10.0 60.737 0
032052 14.812 10.0 60.675 0
032123 14.812 10.0 60.612 0
032153 14.812 10.0 60.55 0
032224 14.812 10.0 60.487 0
032254 14.812 10.0 60.487 0
032324 14.812 10.0 60.425 0
032355 14.812 10.0 60.362 0
032426 14.812 10.0 60.362 0
032456 14.812 10.0 60.3 0
032527 14.812 10.0 60.3 0
032557 14.812 10.0 60.237 0
032627 14.812 10.0 60.175 0
032657 14.812 10.0 60.175 0
032728 14.812 10.0 60.175 0
032758 14.812 10.0 60.112 0
032828 14.812 10.0 60.112 0
032859 14.812 10.0 60.05 0
032929 14.812 10.0 60.05 0
033000 14.812 10.0 60.112 0
033030 14.812 10.0 60.112 0
033103 14.812 10.0 60.112 0
033133 14.812 10.0 60.112 0
033203 14.812 10.0 60.05 0
033234 14.812 10.0 60.05 0
033304 14.812 10.0 60.05 0
033334 14.812 10.0 60.05 0
033404 14.812 10.0 60.05 0
033435 14.812 10.0 60.05 0
033505 14.812 10.0 60.05 0
033535 14.812 10.0 59.987 0
033605 14.812 10.0 59.987 0
033635 14.812 10.0 59.987 0
033706 14.812 10.0 59.987 0
033736 14.812 10.0 59.987 0
033807 14.812 10.0 59.925 0
033838 14.75 10.0 59.925 0
033909 14.75 10.0 59.925 0
033939 14.75 10.0 59.862 0
034010 14.75 10.0 59.862 0
034040 14.75 10.0 59.8 0
034110 14.812 10.0 59.8 0
034140 14.812 10.0 59.8 0
034211 14.812 10.0 59.737 0
034242 14.812 10.0 59.737 0
034312 14.812 10.0 59.675 0
034343 14.812 10.0 59.612 0
034413 14.812 10.0 59.612 0
034443 14.812 10.0 59.55 0
034513 14.812 10.0 59.55 0
034543 14.812 10.0 59.487 0
034613 14.75 10.0 59.487 0
034643 14.75 10.0 59.425 0
034713 14.75 10.0 59.425 0
034744 14.75 10.0 59.362 0
034814 14.75 10.0 59.362 0
034845 14.75 10.0 59.362 0
034915 14.75 10.0 59.3 0
034945 14.75 10.0 59.3 0
035015 14.75 10.0 59.237 0
035046 14.75 10.0 59.237 0
035116 14.75 10.0 59.237 0
035147 14.75 10.0 59.175 0
035217 14.75 10.0 59.175 0
035248 14.75 10.0 59.112 0
035318 14.75 10.0 59.112 0
035349 14.75 10.0 59.05 0
035420 14.75 10.0 59.05 0
035450 14.75 10.0 59.05 0
035520 14.75 10.0 58.987 0
035551 14.75 10.0 58.987 0
035621 14.75 10.0 58.925 0
035651 14.75 10.0 58.925 0
035721 14.75 10.0 58.925 0
035752 14.75 10.0 58.862 0
035822 14.75 10.0 58.862 0
035852 14.75 10.0 58.8 0
035923 14.75 10.0 58.8 0
035953 14.75 10.0 58.8 0
040024 14.75 10.0 58.737 0
040054 14.75 10.0 58.737 0
040125 14.75 10.0 58.675 0
040155 14.75 10.0 58.675 0
040225 14.75 10.0 58.675 0
040256 14.75 10.0 58.612 0
040326 14.75 10.0 58.55 0
040357 14.687 10.0 58.487 0
040427 14.687 10.0 58.425 0
040458 14.687 10.0 58.425 0
040529 14.687 10.0 58.362 0
040559 14.687 10.0 58.3 0
040629 14.687 10.0 58.3 0
040659 14.687 10.0 58.237 0
040730 14.687 10.0 58.237 0
040800 14.687 10.0 58.175 0
040830 14.687 10.0 58.175 0
040901 14.687 10.0 58.112 0
040931 14.687 10.0 58.112 0
041001 14.687 10.0 58.05 0
041031 14.687 10.0 58.05 0
041102 14.687 10.0 57.987 0
041132 14.687 10.0 57.987 0
041203 14.687 10.0 57.925 0
041234 14.687 10.0 57.925 0
041304 14.687 10.0 57.862 0
041334 14.687 10.0 57.862 0
041404 14.687 10.0 57.862 0
041434 14.687 10.0 57.8 0
041504 14.687 10.0 57.8 0
041534 14.687 10.0 57.737 0
041605 14.687 10.0 57.737 0
041636 14.687 10.0 57.675 0
041707 14.687 10.0 57.675 0
041737 14.687 10.0 57.612 0
041808 14.687 10.0 57.612 0
041838 14.687 10.0 57.55 0
041909 14.687 10.0 57.55 0
041939 14.687 10.0 57.55 0
042009 14.687 10.0 57.487 0
042039 14.687 10.0 57.487 0
042112 14.687 10.0 57.425 0
042142 14.687 10.0 57.425 0
042212 14.687 10.0 57.362 0
042243 14.687 10.0 57.362 0
042313 14.687 10.0 57.3 0
042344 14.687 10.0 57.237 0
042414 14.687 10.0 57.237 0
042445 14.687 10.0 57.112 0
042515 14.687 10.0 57.05 0
042545 14.687 10.0 56.987 0
042615 14.687 10.0 56.925 0
042645 14.687 10.0 56.925 0
042716 14.687 10.0 56.862 0
042746 14.687 10.0 56.862 0
042816 14.687 10.0 56.862 0
042847 14.687 10.0 56.862 0
042917 14.687 10.0 56.925 0
042947 14.687 10.0 57.05 0
043017 14.687 10.0 57.3 0
043048 14.687 10.0 57.612 0
043118 14.625 10.0 58.05 0
043148 14.625 10.0 58.612 0
043218 14.625 10.0 59.487 0
043249 14.625 10.0 60.487 0
043319 14.625 10.0 61.55 0
043349 14.625 10.0 62.55 0
043420 14.625 10.0 63.425 0
043450 14.625 10.0 64.237 0
043520 14.625 10.0 64.8 0
043550 14.625 10.0 65.175 0
043620 14.625 10.0 65.55 0
043650 14.625 10.0 65.8 0
043721 14.625 10.0 66.05 0
043751 14.625 10.0 66.237 0
043821 14.625 10.0 66.425 0
043852 14.625 10.0 66.55 0
043922 14.625 10.0 66.675 0
043953 14.625 10.0 66.8 0
044023 14.625 10.0 66.862 0
044053 14.625 10.0 66.925 0
044123 14.687 10.0 66.987 0
044153 14.687 10.0 67.05 0
044224 14.687 10.0 67.112 0
044255 14.687 10.0 67.175 0
044326 14.687 10.0 67.237 0
044356 14.625 10.0 67.237 0
044426 14.625 10.0 67.3 0
044456 14.625 10.0 67.3 0
044527 14.625 10.0 67.362 0
044558 14.625 10.0 67.425 0
044628 14.625 10.0 67.425 0
044658 14.625 10.0 67.425 0
044729 14.625 10.0 67.425 0
044759 14.625 10.0 67.425 0
044829 14.625 10.0 67.425 0
044859 14.625 10.0 67.425 0
044929 14.625 10.0 67.487 0
045000 14.625 10.0 67.487 0
045030 14.625 10.0 67.487 0
045101 14.625 10.0 67.487 0
045131 14.625 10.0 67.55 0
045202 14.625 10.0 67.487 0
045232 14.625 10.0 67.487 0
045303 14.625 10.0 67.55 0
045333 14.625 10.0 67.55 0
045403 14.562 10.0 67.55 0
045434 14.562 10.0 67.55 0
045504 14.562 10.0 67.55 0
045534 14.562 10.0 67.55 0
045605 14.562 10.0 67.487 0
045636 14.562 10.0 67.487 0
045706 14.562 10.0 67.487 0
045736 14.562 10.0 67.487 0
045806 14.562 10.0 67.487 0
045836 14.562 10.0 67.487 0
045906 14.562 10.0 67.487 0
045937 14.562 10.0 67.487 0
050008 14.562 10.0 67.487 0
050038 14.562 10.0 67.487 0
050108 14.562 10.0 67.487 0
050138 14.562 10.0 67.487 0
050208 14.562 10.0 67.425 0
050238 14.562 10.0 67.425 0
050309 14.562 10.0 67.425 0
050339 14.562 10.0 67.425 0
050410 14.562 10.0 67.425 0
050440 14.562 10.0 67.425 0
050511 14.562 10.0 67.425 0
050542 14.562 10.0 67.362 0
050613 14.562 10.0 67.362 0
050643 14.562 10.0 67.362 0
050714 14.562 10.0 67.362 0
050744 14.562 10.0 67.362 0
050815 14.562 10.0 67.362 0
050845 14.562 10.0 67.3 0
050916 14.562 10.0 67.3 0
050946 14.562 10.0 67.3 0
051016 14.562 10.0 67.3 0
051047 14.562 10.0 67.237 0
051117 14.562 10.0 67.237 0
051147 14.562 10.0 67.237 0
051217 14.562 10.0 67.237 0
051247 14.562 10.0 67.237 0
051317 14.562 10.0 67.175 0
051348 14.562 10.0 67.175 0
051418 14.562 10.0 67.175 0
051449 14.562 10.0 67.175 0
051520 14.562 10.0 67.175 0
051550 14.562 10.0 67.112 0
051622 14.5 10.0 67.112 0
051652 14.5 10.0 67.112 0
051722 14.5 10.0 67.112 0
051753 14.5 10.0 67.05 0
051823 14.5 10.0 67.05 0
051854 14.5 10.0 67.05 0
051924 14.5 10.0 67.05 0
051955 14.5 10.0 67.05 0
052026 14.5 10.0 66.987 0
052056 14.5 10.0 66.987 0
052126 14.5 10.0 66.987 0
052156 14.5 10.0 66.987 0
052226 14.5 10.0 66.925 0
052257 14.5 10.0 66.925 0
052327 14.5 10.0 66.925 0
052357 14.5 10.0 66.925 0
052427 14.5 10.0 66.925 0
052457 14.5 10.0 66.862 0
052528 14.5 10.0 66.862 0
052558 14.5 10.0 66.862 0
052629 14.5 10.0 66.8 0
052659 14.5 10.0 66.8 0
052729 14.5 10.0 66.8 0
052800 14.5 10.0 66.8 0
052830 14.5 10.0 66.737 0
052901 14.5 10.0 66.737 0
052931 14.5 10.0 66.737 0
053002 14.5 10.0 66.737 0
053033 14.5 10.0 66.675 0
053103 14.5 10.0 66.675 0
053133 14.5 10.0 66.675 0
053203 14.5 10.0 66.612 0
053234 14.5 10.0 66.612 0
053304 14.5 10.0 66.612 0
053334 14.5 10.0 66.55 0
053404 14.5 10.0 66.55 0
053435 14.5 10.0 66.55 0
053505 14.5 10.0 66.487 0
053535 14.5 10.0 66.55 0
053605 14.5 10.0 66.55 0
053635 14.5 10.0 66.675 0
053706 14.5 10.0 66.737 0
053736 14.5 10.0 66.8 0
053807 14.5 10.0 66.862 0
053837 14.5 10.0 66.862 0
053907 14.5 10.0 66.925 0
053937 14.5 10.0 66.925 0
054008 14.5 10.0 66.925 0
054038 14.5 10.0 66.925 0
054109 14.5 10.0 66.925 0
054139 14.5 10.0 66.925 0
054209 14.5 10.0 66.925 0
054240 14.5 10.0 66.925 0
054310 14.5 10.0 66.925 0
054340 14.5 10.0 66.925 0
054411 14.5 10.0 66.925 0
054441 14.5 10.0 66.862 0
054511 14.5 10.0 66.862 0
054542 14.5 10.0 66.862 0
054612 14.5 10.0 66.862 0
054643 14.5 10.0 66.862 0
054713 14.5 10.0 66.862 0
054743 14.5 10.0 66.862 0
054814 14.5 10.0 66.862 0
054844 14.5 10.0 66.862 0
054914 14.437 10.0 66.8 0
054945 14.437 10.0 66.8 0
055016 14.437 10.0 66.8 0
055046 14.437 10.0 66.8 0
055116 14.437 10.0 66.8 0
055146 14.5 10.0 66.8 0
055217 14.5 10.0 66.737 0
055247 14.5 10.0 66.737 0
055317 14.5 10.0 66.737 0
055347 14.5 10.0 66.737 0
055417 14.437 10.0 66.737 0
055447 14.437 10.0 66.675 0
055517 14.437 10.0 66.675 0
055548 14.437 10.0 66.675 0
055619 14.437 10.0 66.612 0
055649 14.437 10.0 66.612 0
055719 14.437 10.0 66.612 0
055749 14.437 10.0 66.612 0
055820 14.437 10.0 66.55 0
055850 14.437 10.0 66.55 0
055920 14.437 10.0 66.55 0
055951 14.437 10.0 66.487 0
060021 14.437 10.0 66.487 0
060051 14.437 10.0 66.487 0
060121 14.437 10.0 66.425 0
060151 14.437 10.0 66.425 0
060221 14.437 10.0 66.425 0
060252 14.437 10.0 66.425 0
060323 14.437 10.0 66.362 0
060353 14.437 10.0 66.362 0
060424 14.437 10.0 66.362 0
060455 14.437 10.0 66.362 0
060525 14.437 10.0 66.3 0
060556 14.437 10.0 66.3 0
060627 14.437 10.0 66.3 0
060657 14.437 10.0 66.237 0
060728 14.437 10.0 66.237 0
060758 14.437 10.0 66.237 0
060828 14.437 10.0 66.237 0
060901 14.437 10.0 66.175 0
060932 14.437 10.0 66.175 0
061002 14.437 10.0 66.175 0
061033 14.437 10.0 66.112 0
061103 14.437 10.0 66.112 0
061133 14.437 10.0 66.112 0
061204 14.437 10.0 66.05 0
061234 14.437 10.0 66.05 0
061305 14.437 10.0 65.987 0
061335 14.437 10.0 65.987 0
061405 14.437 10.0 65.987 0
061435 14.437 10.0 65.925 0
061505 14.437 10.0 65.925 0
061535 14.437 10.0 65.925 0
061606 14.437 10.0 65.862 0
061636 14.437 10.0 65.862 0
061707 14.437 10.0 65.862 0
061738 14.437 10.0 65.8 0
061808 14.437 10.0 65.8 0
061838 14.437 10.0 65.737 0
061908 14.437 10.0 65.737 0
061939 14.437 10.0 65.675 0
062009 14.437 10.0 65.675 0
062040 14.437 10.0 65.612 0
062110 14.437 10.0 65.612 0
062141 14.437 10.0 65.55 0
062211 14.437 10.0 65.55 0
062241 14.437 10.0 65.55 0
062312 14.437 10.0 65.487 0
062342 14.437 10.0 65.487 0
062413 14.375 10.0 65.487 0
062443 14.375 10.0 65.425 0
062514 14.375 10.0 65.425 0
062544 14.375 10.0 65.425 0
062614 14.375 10.0 65.362 0
062644 14.375 10.0 65.362 0
062714 14.375 10.0 65.3 0
062744 14.375 10.0 65.3 0
062815 14.375 10.0 65.3 0
062846 14.375 10.0 65.237 0
062916 14.375 10.0 65.237 0
062946 14.375 10.0 65.175 0
063017 14.375 10.0 65.175 0
063047 14.375 10.0 65.112 0
063118 14.375 10.0 65.112 0
063148 14.375 10.0 65.112 0
063218 14.375 10.0 65.05 0
063249 14.375 10.0 65.05 0
063319 14.375 10.0 64.987 0
063350 14.375 10.0 64.987 0
063421 14.375 10.0 64.987 0
063451 14.375 10.0 64.925 0
063522 14.375 10.0 64.925 0
063552 14.375 10.0 64.862 0
063622 14.375 10.0 64.862 0
063652 14.375 10.0 64.862 0
063722 14.375 10.0 64.8 0
063752 14.375 10.0 64.862 0
063822 14.375 10.0 64.925 0
063853 14.375 10.0 64.987 0
063923 14.375 10.0 64.987 0
063954 14.375 10.0 65.05 0
064024 14.375 10.0 65.05 0
064055 14.375 10.0 65.05 0
064125 14.375 10.0 65.05 0
064156 14.375 10.0 65.05 0
064226 14.375 10.0 65.05 0
064257 14.375 10.0 65.05 0
064327 14.375 10.0 64.987 0
064358 14.375 10.0 64.987 0
064428 14.375 10.0 64.987 0
064459 14.375 10.0 64.987 0
064529 14.375 10.0 64.925 0
064559 14.375 10.0 64.925 0
064630 14.375 10.0 64.925 0
064700 14.375 10.0 64.925 0
064731 14.375 10.0 64.862 0
064801 14.375 10.0 64.862 0
064831 14.375 10.0 64.862 0
064902 14.375 10.0 64.862 0
064932 14.375 10.0 64.8 0
065002 14.375 10.0 64.8 0
065032 14.375 10.0 64.8 0
065103 14.375 10.0 64.8 0
065133 14.375 10.0 64.8 0
065203 14.375 10.0 64.737 0
065234 14.375 10.0 64.737 0
065304 14.375 10.0 64.737 0
065335 14.375 10.0 64.675 0
065408 14.375 10.0 64.675 0
065438 14.375 10.0 64.675 0
065509 14.375 10.0 64.675 0
065539 14.375 10.0 64.612 0
065609 14.375 10.0 64.612 0
065640 14.375 10.0 64.612 0
065710 14.375 10.0 64.55 0
065740 14.375 10.0 64.55 0
065811 14.375 10.0 64.55 0
065841 14.375 10.0 64.487 0
065912 14.375 10.0 64.487 0
065942 14.375 10.0 64.487 0
070012 14.375 10.0 64.425 0
070043 14.375 10.0 64.425 0
070113 14.375 10.0 64.425 0
070143 14.375 10.0 64.362 0
070214 14.375 10.0 64.362 0
070244 14.375 10.0 64.362 0
070314 14.375 10.0 64.3 0
070345 14.375 10.0 64.3 0
070415 14.312 10.0 64.237 0
070446 14.312 10.0 64.237 0
070517 14.312 10.0 64.175 0
070547 14.312 10.0 64.175 0
070618 14.312 10.0 64.112 0
070648 14.312 10.0 64.112 0
070718 14.312 10.0 64.05 0
070748 14.312 10.0 64.05 0
070818 14.312 10.0 63.987 0
070848 14.312 10.0 63.987 0
070918 14.312 10.0 63.987 0
070949 14.312 10.0 63.925 0
071019 14.312 10.0 63.925 0
071049 14.312 10.0 63.925 0
071120 14.312 10.0 63.862 0
071150 14.312 10.0 63.862 0
071220 14.312 10.0 63.8 0
071251 14.312 10.0 63.8 0
071321 14.312 10.0 63.737 0
071351 14.312 10.0 63.737 0
071421 14.312 10.0 63.737 0
071452 14.312 10.0 63.675 0
071522 14.312 10.0 63.675 0
071553 14.312 10.0 63.612 0
071624 14.312 10.0 63.612 0
071654 14.312 10.0 63.55 0
071724 14.312 10.0 63.55 0
071755 14.312 10.0 63.55 0
071825 14.312 10.0 63.487 0
071856 14.312 10.0 63.487 0
071926 14.312 10.0 63.425 0
071956 14.312 10.0 63.425 0
072027 14.312 10.0 63.362 0
072057 14.312 10.0 63.362 0
072127 14.312 10.0 63.362 0
072157 14.312 10.0 63.3 0
072227 14.312 10.0 63.3 0
072258 14.312 10.0 63.237 0
072328 14.312 10.0 63.237 0
072358 14.312 10.0 63.175 0
072429 14.312 10.0 63.175 0
072459 14.312 10.0 63.175 0
072530 14.312 10.0 63.112 0
072600 14.312 10.0 63.112 0
072631 14.312 10.0 63.05 0
072701 14.312 10.0 62.987 0
072731 14.312 10.0 62.925 0
072802 14.312 10.0 62.925 0
072832 14.312 10.0 62.862 0
072902 14.312 10.0 62.8 0
072932 14.312 10.0 62.8 0
073002 14.312 10.0 62.737 0
073033 14.312 10.0 62.737 0
073103 14.312 10.0 62.675 0
073134 14.312 10.0 62.675 0
073205 14.312 10.0 62.612 0
073235 14.312 10.0 62.612 0
073306 14.312 10.0 62.55 0
073336 14.312 10.0 62.55 0
073407 14.312 10.0 62.487 0
073438 14.312 10.0 62.487 0
073508 14.312 10.0 62.425 0
073538 14.312 10.0 62.425 0
073609 14.312 10.0 62.425 0
073639 14.312 10.0 62.362 0
073710 14.25 10.0 62.362 0
073740 14.25 10.0 62.3 0
073811 14.25 10.0 62.3 0
073841 14.25 10.0 62.237 0
073912 14.25 10.0 62.237 0
073942 14.25 10.0 62.237 0
074013 14.25 10.0 62.237 0
074043 14.25 10.0 62.237 0
074114 14.25 10.0 62.3 0
074146 14.312 10.0 62.3 0
074216 14.312 10.0 62.3 0
074246 14.312 10.0 62.3 0
074317 14.312 10.0 62.3 0
074347 14.312 10.0 62.3 0
074418 14.25 10.0 62.237 0
074449 14.25 10.0 62.237 0
074520 14.25 10.0 62.237 0
074550 14.25 10.0 62.237 0
074621 14.25 10.0 62.237 0
074651 14.312 10.0 62.237 0
074722 14.312 10.0 62.237 0
074752 14.312 10.0 62.175 0
074822 14.312 10.0 62.175 0
074853 14.312 10.0 62.112 0
074923 14.25 10.0 62.112 0
074954 14.25 10.0 62.05 0
075024 14.25 10.0 62.05 0
075055 14.25 10.0 61.987 0
075125 14.25 10.0 61.987 0
075155 14.25 10.0 61.925 0
075226 14.25 10.0 61.925 0
075256 14.25 10.0 61.925 0
075326 14.25 10.0 61.862 0
075356 14.25 10.0 61.862 0
075426 14.25 10.0 61.8 0
075457 14.25 10.0 61.8 0
075527 14.25 10.0 61.8 0
075557 14.25 10.0 61.737 0
075628 14.25 10.0 61.737 0
075658 14.25 10.0 61.675 0
075729 14.25 10.0 61.675 0
075759 14.25 10.0 61.612 0
075830 14.25 10.0 61.612 0
075900 14.25 10.0 61.612 0
075930 14.25 10.0 61.55 0
080001 14.25 10.0 61.55 0
080032 14.25 10.0 61.487 0
080102 14.25 10.0 61.487 0
080133 14.25 10.0 61.425 0
080203 14.25 10.0 61.425 0
080233 14.25 10.0 61.425 0
080303 14.25 10.0 61.362 0
080333 14.25 10.0 61.362 0
080404 14.25 10.0 61.3 0
080434 14.25 10.0 61.3 0
080505 14.25 10.0 61.237 0
080536 14.25 10.0 61.237 0
080606 14.25 10.0 61.237 0
080637 14.25 10.0 61.175 0
080707 14.25 10.0 61.175 0
080738 14.25 10.0 61.112 0
080809 14.25 10.0 61.112 0
080839 14.25 10.0 61.05 0
080909 14.25 10.0 61.05 0
080939 14.25 10.0 60.987 0
081009 14.25 10.0 60.987 0
081040 14.25 10.0 60.925 0
081111 14.25 10.0 60.862 0
081142 14.25 10.0 60.8 0
081212 14.25 10.0 60.737 0
081242 14.25 10.0 60.737 0
081313 14.25 10.0 60.675 0
081343 14.25 10.0 60.675 0
081414 14.25 10.0 60.612 0
081444 14.25 10.0 60.55 0
081515 14.25 10.0 60.55 0
081545 14.25 10.0 60.487 0
081615 14.25 10.0 60.487 0
081646 14.25 10.0 60.425 0
081716 14.25 10.0 60.425 0
081746 14.25 10.0 60.362 0
081816 14.25 10.0 60.362 0
081846 14.25 10.0 60.3 0
081917 14.25 10.0 60.3 0
081947 14.187 10.0 60.237 0
082018 14.187 10.0 60.237 0
082048 14.187 10.0 60.175 0
082118 14.187 10.0 60.175 0
082148 14.187 10.0 60.112 0
082218 14.187 10.0 60.112 0
082248 14.187 10.0 60.112 0
082319 14.187 10.0 60.05 0
082349 14.187 10.0 59.987 0
082419 14.187 10.0 59.987 0
082450 14.187 10.0 59.987 0
082520 14.187 10.0 59.925 0
082550 14.187 10.0 59.925 0
082621 14.187 10.0 59.862 0
082651 14.187 10.0 59.862 0
082721 14.187 10.0 59.8 0
082752 14.187 10.0 59.737 0
082822 14.187 10.0 59.737 0
082852 14.187 10.0 59.675 0
082922 14.187 10.0 59.675 0
082952 14.187 10.0 59.675 0
083023 14.187 10.0 59.612 0
083053 14.187 10.0 59.612 0
083124 14.187 10.0 59.55 0
083156 14.187 10.0 59.487 0
083226 14.187 10.0 59.425 0
083256 14.187 10.0 59.362 0
083326 14.187 10.0 59.3 0
083357 14.187 10.0 59.237 0
083427 14.125 10.0 59.175 0
083458 14.125 10.0 59.175 0
083528 14.125 10.0 59.112 0
083558 14.125 10.0 59.112 0
083629 14.125 10.0 59.05 0
083659 14.187 10.0 58.987 0
083729 14.187 10.0 58.987 0
083800 14.187 10.0 58.987 0
083830 14.187 10.0 58.925 0
083901 14.187 10.0 58.925 0
083931 14.187 10.0 58.862 0
084001 14.187 10.0 58.862 0
084031 14.187 10.0 58.862 0
084102 14.187 10.0 58.8 0
084132 14.187 10.0 58.8 0
084203 14.125 10.0 58.862 0
084233 14.125 10.0 58.862 0
084303 14.125 10.0 58.862 0
084334 14.125 10.0 58.862 0
084404 14.125 10.0 58.862 0
084434 14.125 10.0 58.8 0
084504 14.125 10.0 58.862 0
084535 14.125 10.0 58.8 0
084605 14.125 10.0 58.8 0
084636 14.125 10.0 58.8 0
084706 14.125 10.0 58.8 0
084737 14.125 10.0 58.8 0
084807 14.125 10.0 58.737 0
084837 14.125 10.0 58.737 0
084907 14.125 10.0 58.737 0
084938 14.125 10.0 58.675 0
085008 14.125 10.0 58.675 0
085039 14.125 10.0 58.675 0
085109 14.125 10.0 58.675 0
085139 14.125 10.0 58.612 0
085209 14.125 10.0 58.612 0
085239 14.125 10.0 58.612 0
085310 14.125 10.0 58.55 0
085341 14.125 10.0 58.487 0
085411 14.125 10.0 58.487 0
085441 14.125 10.0 58.425 0
085512 14.125 10.0 58.425 0
085542 14.125 10.0 58.362 0
085612 14.125 10.0 58.3 0
085643 14.125 10.0 58.3 0
085713 14.125 10.0 58.3 0
085743 14.125 10.0 58.237 0
085814 14.125 10.0 58.237 0
085844 14.125 10.0 58.175 0
085914 14.125 10.0 58.175 0
085945 14.125 10.0 58.112 0
090015 14.125 10.0 58.112 0
090046 14.125 10.0 58.112 0
090116 14.125 10.0 58.05 0
090147 14.125 10.0 58.05 0
090217 14.125 10.0 57.987 0
090247 14.125 10.0 57.987 0
090318 14.125 10.0 57.987 0
090348 14.125 10.0 57.925 0
090419 14.125 10.0 57.925 0
090450 14.125 10.0 57.862 0
090520 14.125 10.0 57.862 0
090551 14.125 10.0 57.862 0
090621 14.125 10.0 57.8 0
090651 14.125 10.0 57.8 0
090722 14.187 10.0 57.737 0
090752 14.187 10.0 57.737 0
090822 14.187 10.0 57.675 0
090853 14.187 10.0 57.675 0
090924 14.187 10.0 57.675 0
090954 14.25 10.0 57.612 0
091024 14.25 10.0 57.612 0
091055 14.25 10.0 57.55 0
091125 14.25 10.0 57.55 0
091156 14.25 10.0 57.55 0
091226 14.375 10.0 57.487 0
091257 14.375 10.0 57.487 0
091327 14.375 10.0 57.425 0
091357 14.375 10.0 57.362 0
091427 14.375 10.0 57.3 0
091457 14.437 10.0 57.237 0
091527 14.437 10.0 57.237 0
091558 14.437 10.0 57.175 0
091628 14.437 10.0 57.112 0
091658 14.437 10.0 57.112 0
091729 14.5 10.0 57.05 0
091759 14.5 10.0 57.05 0
091829 14.5 10.0 57.05 0
091859 14.5 10.0 57.05 0
091929 14.5 10.0 57.112 0
091959 14.562 10.0 57.237 0
092030 14.562 10.0 57.55 0
092101 14.562 10.0 57.987 0
092131 14.562 10.0 58.612 0
092203 14.625 10.0 59.55 0
092234 14.625 10.0 60.55 0
092304 14.625 10.0 61.612 0
092335 14.625 10.0 62.737 0
092405 14.625 10.0 63.675 0
092435 14.625 10.0 64.362 0
092506 14.625 10.0 64.987 0
092536 14.625 10.0 65.425 0
092607 14.625 10.0 65.8 0
092637 14.625 10.0 66.112 0
092707 14.625 10.0 66.362 0
092738 14.625 10.0 66.55 0
092808 14.625 10.0 66.675 0
092839 14.625 10.0 66.737 0
092910 14.625 10.0 66.862 0
092940 14.687 10.0 66.925 0
093010 14.687 10.0 66.987 0
093041 14.687 10.0 67.05 0
093112 14.687 10.0 67.112 0
093142 14.687 10.0 67.175 0
093212 14.687 10.0 67.175 0
093242 14.687 10.0 67.237 0
093313 14.687 10.0 67.3 0
093344 14.687 10.0 67.362 0
093415 14.687 10.0 67.425 0
093446 14.75 10.0 67.425 0
093516 14.75 10.0 67.487 0
093546 14.75 10.0 67.55 0
093617 14.75 10.0 67.55 0
093647 14.75 10.0 67.55 0
093718 14.75 10.0 67.55 0
093748 14.75 10.0 67.55 0
093818 14.75 10.0 67.55 0
093848 14.75 10.0 67.55 0
093918 14.75 10.0 67.55 0
093949 14.812 10.0 67.55 0
094019 14.812 10.0 67.55 0
094049 14.812 10.0 67.55 0
094120 14.812 10.0 67.55 0
094150 14.812 10.0 67.55 0
094220 14.875 10.0 67.55 0
094251 14.875 10.0 67.612 0
094321 14.875 10.0 67.612 0
094351 14.875 10.0 67.612 0
094421 14.875 10.0 67.612 0
094452 14.875 10.0 67.612 0
094522 14.875 10.0 67.612 0
094553 14.875 10.0 67.612 0
094623 14.875 10.0 67.612 0
094653 14.875 10.0 67.425 0
094724 14.937 10.0 67.425 0
094754 14.937 10.0 67.487 0
094825 14.937 10.0 67.55 0
094855 14.937 10.0 67.425 0
094925 14.937 10.0 67.425 0
094955 15.0 10.0 67.425 0
095026 15.0 10.0 67.362 0
095057 15.0 10.0 67.487 0
095127 15.0 10.0 67.55 0
095157 15.0 10.0 67.55 0
095228 15.062 10.0 67.487 0
095258 15.062 10.0 67.487 0
095328 15.062 10.0 67.487 0
095359 15.062 10.0 67.487 0
095429 15.062 10.0 67.487 0
095500 15.25 10.0 67.487 0
095531 15.25 10.0 67.487 0
095601 15.25 10.0 67.425 0
095632 15.25 10.0 67.425 0
095702 15.25 10.0 67.425 0
095733 15.375 10.0 67.425 0
095803 15.375 10.0 67.425 0
095833 15.375 10.0 67.425 0
095903 15.375 10.0 67.362 0
095934 15.375 10.0 67.362 0
100004 15.437 10.0 67.362 0
100034 15.437 10.0 67.362 0
100105 15.437 10.0 67.3 0
100135 15.437 10.0 67.3 0
100206 15.437 10.0 67.3 0
100236 15.562 10.0 67.3 0
100306 15.562 10.0 67.3 0
100337 15.562 10.0 67.3 0
100407 15.562 10.0 67.237 0
100440 15.625 10.0 67.237 0
100510 15.625 10.0 67.237 0
100541 15.625 10.0 67.237 0
100611 15.625 10.0 67.175 0
100642 15.625 10.0 67.175 0
100712 15.625 10.0 67.175 0
100743 15.625 10.0 67.175 0
100813 15.625 10.0 67.112 0
100843 15.625 10.0 67.112 0
100914 15.625 10.0 67.112 0
100944 15.75 10.0 67.112 0
101015 15.75 10.0 67.112 0
101046 15.75 10.0 67.05 0
101116 15.75 10.0 67.05 0
101146 15.75 10.0 67.05 0
101216 15.937 10.0 67.05 0
101247 15.937 10.0 66.987 0
101318 15.937 10.0 66.987 0
101348 15.937 10.0 66.987 0
101418 15.937 10.0 66.987 0
101448 15.937 10.0 66.925 0
101519 15.937 10.0 66.925 0
101549 15.937 10.0 66.925 0
101619 15.937 10.0 66.925 0
101649 15.937 10.0 66.862 0
101719 15.812 10.0 66.862 0
101750 15.812 10.0 66.862 0
101820 15.812 10.0 66.862 0
101851 15.812 10.0 66.8 0
101921 15.812 10.0 66.8 0
101952 15.812 10.0 66.8 0
102022 15.812 10.0 66.8 0
102052 15.812 10.0 66.737 0
102123 15.812 10.0 66.737 0
102153 15.812 10.0 66.737 0
102224 15.812 10.0 66.675 0
102254 15.812 10.0 66.675 0
102324 15.812 10.0 66.675 0
102354 15.812 10.0 66.612 0
102425 15.812 10.0 66.612 0
102455 15.812 10.0 66.612 0
102526 15.812 10.0 66.612 0
102556 15.812 10.0 66.675 0
102626 15.812 10.0 66.675 0
102657 15.812 10.0 66.737 0
102727 15.875 10.0 66.8 0
102757 15.875 10.0 66.8 0
102828 15.875 10.0 66.8 0
102858 15.875 10.0 66.8 0
102929 15.875 10.0 66.8 0
102959 15.875 10.0 66.8 0
103029 15.875 10.0 66.8 0
103059 15.875 10.0 66.8 0
103130 15.875 10.0 66.737 0
103201 15.875 10.0 66.737 0
103231 15.812 10.0 66.737 0
103302 15.812 10.0 66.737 0
103332 15.812 10.0 66.737 0
103402 15.812 10.0 66.737 0
103433 15.812 10.0 66.675 0
103503 15.812 10.0 66.675 0
103533 15.812 10.0 66.675 0
103603 15.812 10.0 66.675 0
103634 15.812 10.0 66.675 0
103704 15.812 10.0 66.675 0
103734 15.937 10.0 66.612 0
103804 15.937 10.0 66.612 0
103834 15.937 10.0 66.612 0
103905 15.937 10.0 66.612 0
103935 15.937 10.0 66.55 0
104005 16.062 10.0 66.55 0
104036 16.062 10.0 66.55 0
104106 16.062 10.0 66.487 0
104137 16.062 10.0 66.487 0
104207 16.062 10.0 66.487 0
104238 16.062 10.0 66.487 0
104308 16.062 10.0 66.425 0
104338 16.062 10.0 66.425 0
104408 16.062 10.0 66.425 0
104438 16.062 10.0 66.425 0
104508 16.125 10.0 66.362 0
104539 16.125 10.0 66.362 0
104609 16.125 10.0 66.362 0
104639 16.125 10.0 66.3 0
104710 16.125 10.0 66.3 0
104740 16.125 10.0 66.3 0
104810 16.125 10.0 66.3 0
104841 16.125 10.0 66.237 0
104911 16.125 10.0 66.237 0
104942 16.125 10.0 66.237 0
105012 16.125 10.0 66.237 0
105043 16.125 10.0 66.175 0
105113 16.125 10.0 66.175 0
105144 16.125 10.0 66.175 0
105216 16.062 10.0 66.112 0
105246 16.062 10.0 66.112 0
105316 16.062 10.0 66.112 0
105347 16.062 10.0 66.05 0
105417 16.062 10.0 66.05 0
105447 16.0 10.0 66.05 0
105517 16.0 10.0 65.987 0
105548 16.0 10.0 65.987 0
105618 16.0 10.0 65.987 0
105648 16.0 10.0 65.987 0
105718 16.0 10.0 65.925 0
105748 16.0 10.0 65.925 0
105818 16.0 10.0 65.925 0
105849 16.0 10.0 65.862 0
105919 16.0 10.0 65.862 0
105950 15.937 10.0 65.862 0
110020 15.937 10.0 65.8 0
110050 15.937 10.0 65.8 0
110120 15.937 10.0 65.737 0
110151 15.937 10.0 65.737 0
110221 15.937 10.0 65.737 0
110252 15.937 10.0 65.737 0
110323 15.937 10.0 65.675 0
110353 15.937 10.0 65.675 0
110423 15.937 10.0 65.675 0
110453 16.0 10.0 65.612 0
110524 16.0 10.0 65.612 0
110554 16.0 10.0 65.55 0
110625 16.0 10.0 65.55 0
110656 16.0 10.0 65.487 0
110726 16.062 10.0 65.487 0
110756 16.062 10.0 65.425 0
110827 16.062 10.0 65.425 0
110858 16.062 10.0 65.362 0
110928 16.062 10.0 65.362 0
110958 16.062 10.0 65.3 0
111028 16.062 10.0 65.3 0
111059 16.062 10.0 65.237 0
111129 16.062 10.0 65.237 0
111159 16.062 10.0 65.175 0
111230 16.062 10.0 65.175 0
111301 16.062 10.0 65.175 0
111331 16.062 10.0 65.112 0
111402 16.062 10.0 65.112 0
111432 16.062 10.0 65.05 0
111503 16.0 10.0 65.05 0
111533 16.0 10.0 64.987 0
111603 16.0 10.0 64.987 0
111633 16.0 10.0 64.8 0
111704 16.0 10.0 64.737 0
111735 16.0 10.0 64.862 0
111805 16.0 10.0 64.737 0
111835 16.0 10.0 64.737 0
111906 16.0 10.0 64.737 0
111936 16.0 10.0 64.737 0
112006 16.0 10.0 64.675 0
112037 16.0 10.0 64.737 0
112108 16.0 10.0 64.675 0
112138 16.0 10.0 64.675 0
112208 16.0 10.0 64.675 0
112238 16.0 10.0 64.612 0
112308 16.0 10.0 64.612 0
112338 16.0 10.0 64.55 0
112409 16.0 10.0 64.55 0
112439 16.0 10.0 64.55 0
112510 16.0 10.0 64.487 0
112540 16.0 10.0 64.487 0
112610 16.0 10.0 64.425 0
112641 16.0 10.0 64.425 0
112711 16.0 10.0 64.425 0
112741 15.937 10.0 64.425 0
112811 15.937 10.0 64.425 0
112842 15.937 10.0 64.425 0
112912 15.937 10.0 64.362 0
112942 15.937 10.0 64.362 0
113012 15.937 10.0 64.362 0
113043 15.937 10.0 64.362 0
113114 15.937 10.0 64.362 0
113144 15.937 10.0 64.3 0
113214 15.937 10.0 64.3 0
113245 15.937 10.0 64.3 0
113315 15.937 10.0 64.237 0
113346 15.937 10.0 64.237 0
113416 15.937 10.0 64.237 0
113447 15.937 10.0 64.175 0
113517 15.937 10.0 64.175 0
113547 15.937 10.0 64.175 0
113618 15.937 10.0 64.112 0
113648 15.937 10.0 64.112 0
113719 15.937 10.0 64.112 0
113749 15.875 10.0 64.05 0
113819 15.875 10.0 64.05 0
113850 15.875 10.0 64.05 0
113921 15.875 10.0 63.987 0
113951 15.875 10.0 63.987 0
114021 15.875 10.0 63.987 0
114052 15.875 10.0 63.925 0
114122 15.875 10.0 63.925 0
114152 15.875 10.0 63.862 0
114223 15.875 10.0 63.862 0
114253 15.875 10.0 63.8 0
114323 15.875 10.0 63.8 0
114354 15.875 10.0 63.8 0
114424 15.875 10.0 63.737 0
114456 15.875 10.0 63.737 0
114526 15.875 10.0 63.675 0
114557 15.875 10.0 63.675 0
114628 15.875 10.0 63.675 0
114658 15.875 10.0 63.612 0
114728 15.75 10.0 63.55 0
114759 15.75 10.0 63.487 0
114829 15.75 10.0 63.425 0
114859 15.75 10.0 63.362 0
114930 15.75 10.0 63.362 0
115000 15.75 10.0 63.3 0
115031 15.75 10.0 63.3 0
115101 15.75 10.0 63.237 0
115131 15.75 10.0 63.237 0
115202 15.75 10.0 63.175 0
115232 15.75 10.0 63.175 0
115303 15.75 10.0 63.112 0
115333 15.75 10.0 63.05 0
115404 15.75 10.0 63.05 0
115434 15.75 10.0 62.987 0
115504 15.812 10.0 62.987 0
115534 15.812 10.0 62.925 0
115605 15.812 10.0 62.925 0
115636 15.812 10.0 62.862 0
115706 15.812 10.0 62.862 0
115736 15.812 10.0 62.8 0
115806 15.812 10.0 62.8 0
115837 15.812 10.0 62.737 0
115907 15.812 10.0 62.737 0
115937 15.812 10.0 62.675 0
120007 15.812 10.0 62.675 0
120037 15.812 10.0 62.612 0
120107 15.812 10.0 62.612 0
120138 15.812 10.0 62.55 0
120208 15.812 10.0 62.55 0
120239 15.812 10.0 62.487 0
120309 15.812 10.0 62.425 0
120340 15.812 10.0 62.425 0
120410 15.812 10.0 62.425 0
120441 15.812 10.0 62.362 0
120511 15.812 10.0 62.3 0
120542 15.812 10.0 62.3 0
120612 15.812 10.0 62.237 0
120643 15.812 10.0 62.175 0
120713 15.812 10.0 62.05 0
120743 15.812 10.0 61.925 0
120813 15.812 10.0 61.862 0
120843 15.812 10.0 61.8 0
120913 15.812 10.0 61.675 0
120943 15.812 10.0 61.675 0
121013 15.812 10.0 61.612 0
121044 15.812 10.0 61.55 0
121115 15.812 10.0 61.487 0
121146 15.812 10.0 61.487 0
121216 15.812 10.0 61.425 0
121247 15.812 10.0 61.362 0
121317 15.812 10.0 61.362 0
121348 15.812 10.0 61.3 0
121419 15.812 20.0 61.237 0
121449 15.812 20.0 61.237 50
121519 15.875 20.0 61.112 50
121550 15.875 20.0 60.925 50
121620 15.875 20.0 60.612 50
121650 15.875 20.0 60.237 50
121721 15.875 20.0 59.737 0
121751 15.875 20.0 59.362 0
121821 15.875 20.0 59.112 0
121851 15.875 20.0 58.862 0
121922 15.875 20.0 58.737 0
121953 15.875 20.0 58.675 0
122023 15.937 20.0 58.55 0
122054 15.937 20.0 58.487 0
122124 15.937 20.0 58.425 0
122154 15.937 20.0 58.362 0
122225 15.937 20.0 58.362 0
122255 15.875 20.0 58.3 0
122325 15.875 20.0 58.237 0
122356 15.875 20.0 58.175 0
122427 15.875 20.0 58.175 0
122457 15.875 20.0 58.05 0
122528 15.875 20.0 57.862 0
122558 15.875 20.0 57.55 0
122628 15.875 20.0 57.112 0
122658 15.875 20.0 56.8 0
122729 15.875 20.0 56.55 0
122800 15.875 20.0 56.362 0
122831 15.875 20.0 56.237 0
122901 15.875 20.0 56.175 0
122931 15.875 20.0 56.112 0
123004 15.875 20.0 56.112 0
123034 15.875 20.0 56.112 0
123104 15.875 20.0 56.112 0
123134 15.875 20.0 56.175 0
123204 15.875 20.0 56.3 0
123235 15.875 20.0 56.175 0
123305 15.875 20.0 56.3 0
123336 15.875 20.0 56.675 0
123406 15.875 20.0 57.05 0
123436 15.875 20.0 57.487 0
123507 15.75 20.0 57.925 0
123537 15.75 20.0 58.55 0
123607 15.75 20.0 59.362 0
123637 15.75 20.0 60.362 50
123708 15.75 20.0 61.362 50
123739 15.687 20.0 62.362 50
123809 15.687 20.0 63.237 50
123839 15.687 20.0 63.862 50
123909 15.687 20.0 64.237 50
123940 15.687 20.0 64.55 50
124010 15.75 20.0 64.737 50
124041 15.75 20.0 64.862 50
124112 15.75 20.0 65.05 50
124143 15.75 20.0 65.112 50
124213 15.75 20.0 65.175 50
124243 15.812 20.0 65.237 50
124313 15.812 20.0 65.237 50
124344 15.812 20.0 65.237 50
124414 15.812 20.0 65.175 50
124445 15.812 20.0 65.112 50
124516 15.937 20.0 65.05 50
124546 15.937 20.0 64.925 50
124616 15.937 20.0 64.675 50
124647 15.937 20.0 64.05 50
124717 15.937 20.0 62.862 50
124748 16.062 20.0 60.8 50
124818 16.062 20.0 58.112 0
124848 16.062 20.0 55.987 0
124919 16.062 20.0 54.675 0
124949 16.062 20.0 53.8 0
125019 16.187 20.0 53.3 0
125050 16.187 20.0 52.925 0
125120 16.187 20.0 52.737 0
125151 16.187 20.0 52.55 0
125221 16.187 20.0 52.425 0
125252 16.375 20.0 52.362 0
125323 16.375 20.0 52.237 0
125353 16.375 20.0 52.112 0
125424 16.375 20.0 51.925 0
125454 16.375 20.0 52.05 0
125525 16.437 20.0 52.175 0
125555 16.437 20.0 52.55 0
125626 16.437 20.0 52.987 0
125656 16.437 20.0 53.612 0
125727 16.437 20.0 54.425 0
125757 16.437 20.0 55.362 0
125827 16.437 20.0 56.425 0
125858 16.437 20.0 57.55 0
125928 16.437 20.0 58.675 0
125959 16.437 20.0 59.8 0
130029 16.5 20.0 60.925 50
130059 16.5 20.0 62.112 50
130129 16.5 20.0 63.175 50
130159 16.5 20.0 64.05 50
130230 16.5 20.0 64.737 50
130300 16.375 20.0 65.175 50
130331 16.375 20.0 65.487 50
130401 16.375 20.0 65.737 50
130432 16.375 20.0 65.862 50
130502 16.375 20.0 65.987 50
130532 16.312 20.0 66.112 50
130603 16.312 20.0 66.175 50
130633 16.312 20.0 66.175 50
130704 16.312 20.0 66.237 50
130734 16.312 20.0 66.237 50
130804 16.375 20.0 66.175 50
130834 16.375 20.0 66.112 50
130904 16.375 20.0 66.05 50
130935 16.375 20.0 65.925 50
131005 16.375 20.0 65.675 50
131035 16.5 20.0 65.112 50
131105 16.5 20.0 64.05 50
131136 16.5 20.0 62.425 50
131206 16.5 20.0 60.425 50
131236 16.5 20.0 58.362 0
131307 16.562 20.0 56.8 0
131337 16.562 20.0 55.8 0
131408 16.562 20.0 55.175 0
131438 16.562 20.0 54.737 50
131508 16.562 20.0 53.925 0
131538 16.625 20.0 52.987 0
131608 16.625 20.0 52.237 0
131638 16.625 20.0 51.925 0
131708 16.625 20.0 51.862 0
131739 16.625 20.0 52.175 0
131809 16.75 20.0 52.612 0
131840 16.75 20.0 53.425 0
131910 16.75 20.0 54.3 50
131940 16.75 20.0 55.3 50
132011 16.75 20.0 56.55 50
132041 16.75 20.0 57.55 50
132111 16.75 20.0 58.487 50
132141 16.75 20.0 59.362 50
132212 16.75 20.0 60.3 50
132244 16.75 20.0 61.3 50
132314 16.75 20.0 62.112 50
132345 16.75 20.0 62.862 50
132415 16.75 20.0 63.425 50
132445 16.75 20.0 63.8 50
132516 16.812 20.0 64.05 50
132546 16.812 20.0 64.237 50
132616 16.812 20.0 64.425 50
132647 16.812 20.0 64.487 50
132717 16.812 20.0 64.612 50
132748 16.812 20.0 64.675 50
132818 16.812 20.0 64.675 50
132848 16.812 20.0 64.737 50
132919 16.812 20.0 64.675 50
132949 16.812 20.0 64.675 50
133019 16.937 20.0 64.55 50
133049 16.937 20.0 64.425 50
133119 16.937 20.0 64.237 50
133150 16.937 20.0 63.8 50
133220 16.937 20.0 63.175 50
133250 17.0 20.0 62.3 50
133320 17.0 20.0 61.237 50
133350 17.0 20.0 59.987 50
133421 17.0 20.0 58.612 50
133451 17.0 20.0 57.237 50
133521 17.125 20.0 56.05 50
133552 17.125 20.0 54.925 50
133622 17.125 20.0 53.987 50
133652 17.125 20.0 53.3 0
133722 17.125 20.0 52.8 0
133753 17.25 20.0 52.487 0
133823 17.25 20.0 52.487 0
133853 17.25 20.0 52.8 0
133924 17.25 20.0 53.425 0
133954 17.25 20.0 54.3 50
134024 17.312 20.0 55.112 50
134054 17.312 20.0 56.112 50
134124 17.312 20.0 57.175 50
134155 17.312 20.0 58.237 50
134225 17.312 20.0 59.112 50
134255 17.312 20.0 60.05 50
134326 17.312 20.0 60.987 50
134356 17.312 20.0 61.862 50
134426 17.312 20.0 62.675 50
134457 17.312 20.0 63.237 50
134527 17.312 20.0 63.675 50
134558 17.312 20.0 63.925 50
134628 17.312 20.0 64.112 50
134658 17.312 20.0 64.237 50
134729 17.312 20.0 64.3 50
134759 17.312 20.0 64.425 50
134829 17.312 20.0 64.425 50
134900 17.312 20.0 64.487 50
134930 17.312 20.0 64.487 50
135000 17.312 20.0 64.425 50
135031 17.375 20.0 64.425 50
135101 17.375 20.0 64.362 50
135132 17.375 20.0 64.237 50
135202 17.375 20.0 64.112 50
135232 17.375 20.0 63.925 50
135302 17.437 20.0 63.55 50
135332 17.437 20.0 62.862 50
135403 17.437 20.0 61.925 50
135433 17.437 20.0 60.675 50
135503 17.437 20.0 59.237 50
135534 17.5 20.0 57.737 50
135604 17.5 20.0 56.3 50
135635 17.5 20.0 54.925 50
135705 17.5 20.0 53.8 0
135735 17.5 20.0 52.925 0
135806 17.562 20.0 52.362 0
135836 17.562 20.0 52.05 0
135906 17.562 20.0 52.175 0
135936 17.562 20.0 52.8 0
140006 17.562 20.0 53.55 0
140036 17.562 20.0 54.362 50
140107 17.562 20.0 55.3 50
140137 17.562 20.0 56.362 50
140208 17.562 20.0 57.487 50
140238 17.562 20.0 58.487 50
140308 17.562 20.0 59.425 50
140338 17.562 20.0 60.3 50
140408 17.562 20.0 61.237 50
140438 17.562 20.0 62.175 50
140508 17.562 20.0 62.862 50
140539 17.562 20.0 63.425 50
140609 17.562 20.0 63.8 50
140640 17.562 20.0 64.05 50
140710 17.562 20.0 64.237 50
140740 17.562 20.0 64.425 50
140810 17.562 20.0 64.487 50
140841 17.562 20.0 64.612 50
140911 17.562 20.0 64.675 50
140942 17.562 20.0 64.675 50
141012 17.562 20.0 64.737 50
141043 17.625 20.0 64.737 50
141113 17.625 20.0 64.675 50
141143 17.625 20.0 64.612 50
141213 17.625 20.0 64.55 50
141243 17.625 20.0 64.362 50
141313 17.687 20.0 64.175 50
141344 17.687 20.0 63.737 50
141414 17.687 20.0 63.175 50
141444 17.687 20.0 62.3 50
141515 17.687 20.0 61.175 50
141545 17.75 20.0 59.925 50
141616 17.75 20.0 58.612 50
141646 17.75 20.0 57.362 50
141716 17.75 20.0 56.237 50
141747 17.75 20.0 55.175 50
141817 17.875 20.0 54.3 50
141847 17.875 20.0 53.612 0
141917 17.875 20.0 53.112 0
141948 17.875 20.0 52.862 0
142018 17.875 20.0 52.8 0
142048 17.937 20.0 53.05 0
142119 17.937 20.0 53.612 0
142149 17.937 20.0 54.612 50
142219 17.937 20.0 55.55 50
142249 17.937 20.0 56.612 50
142319 18.0 20.0 57.612 50
142349 18.0 20.0 58.55 50
142419 18.0 20.0 59.55 50
142450 18.0 20.0 60.425 50
142520 18.0 20.0 61.362 50
142550 18.0 20.0 62.237 50
142620 18.0 20.0 62.925 50
142650 18.0 20.0 63.425 50
142720 18.0 20.0 63.8 50
142753 18.062 20.0 64.05 50
142823 18.062 20.0 64.3 50
142853 18.062 20.0 64.425 50
142923 18.062 20.0 64.55 50
142953 18.062 20.0 64.612 50
143024 18.125 20.0 64.675 50
143054 18.125 20.0 64.737 50
143124 18.125 20.0 64.8 50
143154 18.125 20.0 64.8 50
143224 18.125 20.0 64.8 50
143254 18.125 20.0 64.737 50
143325 18.125 20.0 64.737 50
143356 18.125 20.0 64.612 50
143427 18.125 20.0 64.425 50
143457 18.125 20.0 64.05 50
143527 18.187 20.0 63.487 50
143558 18.187 20.0 62.737 50
143628 18.187 20.0 61.737 50
143658 18.187 20.0 60.55 50
143729 18.187 20.0 59.362 50
143759 18.25 20.0 58.175 50
143830 18.25 20.0 57.05 50
143900 18.25 20.0 56.112 50
143930 18.25 20.0 55.3 50
144001 18.25 20.0 54.612 50
144031 18.25 20.0 54.05 50
144101 18.25 20.0 53.675 0
144131 18.25 20.0 53.612 0
144201 18.25 20.0 53.862 0
144231 18.25 20.0 54.425 50
144301 18.312 20.0 55.237 50
144332 18.312 20.0 56.175 50
144402 18.312 20.0 57.05 50
144432 18.312 20.0 57.862 50
144503 18.312 20.0 58.862 50
144533 18.312 20.0 59.737 50
144603 18.312 20.0 60.612 50
144633 18.312 20.0 61.487 50
144703 18.312 20.0 62.3 50
144734 18.312 20.0 62.987 50
144804 18.375 20.0 63.55 50
144834 18.375 20.0 63.987 50
144905 18.375 20.0 64.237 50
144935 18.375 20.0 64.425 50
145005 18.375 20.0 64.55 50
145036 18.312 20.0 64.675 50
145106 18.312 20.0 64.8 50
145136 18.312 20.0 64.862 50
145207 18.312 20.0 64.925 50
145237 18.312 20.0 64.987 50
145307 18.312 20.0 64.987 50
145338 18.312 20.0 64.987 50
145408 18.312 20.0 64.925 50
145438 18.312 20.0 64.862 50
145509 18.312 20.0 64.8 50
145539 18.375 20.0 64.675 50
145609 18.375 20.0 64.487 50
145640 18.375 20.0 64.112 50
145710 18.375 20.0 63.487 50
145741 18.375 20.0 62.425 50
145811 18.5 20.0 61.05 50
145842 18.5 20.0 59.737 50
145912 18.5 20.0 58.55 50
145943 18.5 20.0 57.55 50
150013 18.5 20.0 56.675 50
150043 18.625 20.0 55.987 50
150113 18.625 20.0 55.425 50
150144 18.625 20.0 54.987 50
150214 18.625 20.0 54.675 50
150244 18.625 20.0 54.425 50
150314 18.625 20.0 54.425 50
150344 18.625 20.0 54.8 50
150415 18.625 20.0 55.425 50
150445 18.625 20.0 56.237 50
150515 18.625 20.0 57.05 50
150546 18.687 20.0 57.862 50
150616 18.687 20.0 58.737 50
150647 18.687 20.0 59.675 50
150717 18.687 20.0 60.55 50
150747 18.687 20.0 61.487 50
150817 18.687 20.0 62.362 50
150848 18.687 20.0 63.112 50
150918 18.687 20.0 63.675 50
150949 18.687 20.0 64.05 50
151019 18.687 20.0 64.362 50
151049 18.687 20.0 64.55 50
151119 18.687 20.0 64.675 50
151149 18.687 20.0 64.8 50
151220 18.687 20.0 64.925 50
151250 18.687 20.0 64.987 50
151320 18.687 20.0 65.05 50
151350 18.687 20.0 65.05 50
151421 18.687 20.0 65.05 50
151452 18.687 20.0 65.05 50
151522 18.687 20.0 65.05 50
151553 18.75 20.0 64.987 50
151623 18.75 20.0 64.925 50
151654 18.75 20.0 64.862 50
151724 18.75 20.0 64.737 50
151754 18.75 20.0 64.55 50
151824 18.75 20.0 64.3 50
151855 18.75 20.0 63.737 50
151926 18.75 20.0 62.987 50
151956 18.75 20.0 62.05 50
152027 18.75 20.0 60.925 50
152057 18.75 20.0 59.675 50
152128 18.75 20.0 58.3 50
152158 18.75 20.0 57.112 50
152229 18.75 20.0 56.175 50
152259 18.75 20.0 55.487 50
152330 18.75 20.0 54.925 50
152400 18.75 20.0 54.612 50
152430 18.75 20.0 54.362 50
152501 18.75 20.0 54.237 50
152533 18.812 20.0 54.3 50
152603 18.812 20.0 54.675 50
152633 18.812 20.0 55.237 50
152703 18.812 20.0 55.987 50
152734 18.812 20.0 56.8 50
152804 18.812 20.0 57.612 50
152834 18.812 20.0 58.425 50
152904 18.812 20.0 59.362 50
152934 18.812 20.0 60.362 50
153005 18.812 20.0 61.175 50
153035 18.875 20.0 62.05 50
153105 18.875 20.0 62.925 50
153135 18.875 20.0 63.425 50
153206 18.875 20.0 63.862 50
153236 18.875 20.0 64.175 50
153307 18.875 20.0 64.362 50
153337 18.875 20.0 64.487 50
153407 18.875 20.0 64.612 50
153437 18.875 20.0 64.737 50
153507 18.875 20.0 64.8 50
153538 18.875 20.0 64.862 50
153608 18.875 20.0 64.862 50
153639 18.875 20.0 64.862 50
153709 18.875 20.0 64.862 50
153739 18.875 20.0 64.8 50
153810 18.937 20.0 64.737 50
153840 18.937 20.0 64.612 50
153910 18.937 20.0 64.487 50
153940 18.937 20.0 64.175 50
154010 18.937 20.0 63.737 50
154041 18.937 20.0 63.05 50
154111 18.937 20.0 62.175 50
154141 18.937 20.0 61.175 50
154211 18.937 20.0 60.112 50
154241 18.937 20.0 59.05 50
154312 19.0 20.0 58.05 50
154342 19.0 20.0 57.112 50
154412 19.0 20.0 56.3 50
154442 19.0 20.0 55.612 50
154512 19.0 20.0 54.987 50
154543 18.937 20.0 54.487 50
154614 18.937 20.0 54.112 50
154644 18.937 20.0 54.05 50
154714 18.937 20.0 54.175 50
154745 18.937 20.0 54.675 50
154815 19.0 20.0 55.362 50
154846 19.0 20.0 56.112 50
154916 19.0 20.0 56.925 50
154946 19.0 20.0 57.737 50
155017 19.0 20.0 58.612 50
155047 19.0 20.0 59.612 50
155117 19.0 20.0 60.55 50
155148 19.0 20.0 61.362 50
155218 19.0 20.0 62.175 50
155249 19.0 20.0 62.925 50
155319 19.0 20.0 63.425 50
155349 19.0 20.0 63.8 50
155420 19.0 20.0 64.05 50
155451 19.0 20.0 64.237 50
155521 19.0 20.0 64.425 50
155551 19.0 20.0 64.55 50
155621 19.0 20.0 64.612 50
155652 19.0 20.0 64.612 50
155723 19.0 20.0 64.675 50
155754 19.0 20.0 64.675 50
155824 19.0 20.0 64.675 50
155854 19.0 20.0 64.675 50
155925 19.0 20.0 64.612 50
155956 19.0 20.0 64.425 50
160026 19.0 20.0 64.237 50
160056 19.0 20.0 63.862 50
160126 19.0 20.0 63.3 50
160156 19.0 20.0 62.55 50
160227 19.0 20.0 61.612 50
160257 19.0 20.0 60.487 50
160327 19.062 20.0 59.362 50
160357 19.062 20.0 58.237 50
160428 19.062 20.0 57.175 50
160458 19.062 20.0 56.237 50
160528 19.062 20.0 55.425 50
160558 19.062 20.0 54.737 50
160629 19.062 20.0 54.112 50
160659 19.062 20.0 53.675 0
160729 19.062 20.0 53.675 0
160800 19.062 20.0 53.987 0
160830 19.0 20.0 54.55 50
160901 19.0 20.0 55.3 50
160931 19.0 20.0 56.112 50
161002 19.0 20.0 57.05 50
161032 19.0 20.0 58.05 50
161102 19.0 20.0 59.05 50
161133 19.0 20.0 59.987 50
161203 19.0 20.0 60.8 50
161233 19.0 20.0 61.675 50
161304 19.0 20.0 62.425 50
161334 19.0 20.0 63.05 50
161404 19.0 20.0 63.55 50
161434 19.0 20.0 63.925 50
161505 19.0 20.0 64.237 50
161535 19.0 20.0 64.487 50
161606 19.0 20.0 64.675 50
161636 19.0 20.0 64.8 50
161706 19.0 20.0 64.925 50
161736 19.0 20.0 65.05 50
161807 19.0 20.0 65.175 50
161837 19.062 20.0 65.237 50
161908 19.062 20.0 65.3 50
161938 19.062 20.0 65.362 50
162008 19.062 20.0 65.362 50
162039 19.062 20.0 65.362 50
162109 19.125 20.0 65.3 50
162139 19.125 20.0 65.175 50
162209 19.125 20.0 64.925 50
162239 19.125 20.0 64.362 50
162312 19.187 20.0 63.487 50
162342 19.187 20.0 62.612 50
162412 19.187 20.0 61.8 50
162443 19.187 20.0 61.05 50
162513 19.187 20.0 60.362 50
162543 19.25 20.0 59.8 50
162613 19.25 20.0 59.3 50
162644 19.25 20.0 58.925 50
162715 19.25 20.0 58.55 50
162745 19.25 20.0 58.3 50
162815 19.25 20.0 58.05 50
162845 19.25 20.0 57.862 50
162915 19.25 20.0 57.675 50
162945 19.25 20.0 57.487 50
163016 19.25 20.0 57.3 50
163046 19.312 20.0 57.175 50
163117 19.312 20.0 57.05 50
163147 19.312 20.0 56.925 50
163218 19.312 20.0 56.8 50
163248 19.312 20.0 56.675 50
163318 19.25 20.0 56.612 50
163349 19.25 20.0 56.675 50
163419 19.25 20.0 56.737 50
163449 19.25 20.0 57.112 50
163520 19.25 20.0 57.737 50
163550 19.187 20.0 58.425 50
163620 19.187 20.0 59.237 50
163651 19.187 20.0 60.05 50
163721 19.187 20.0 60.675 50
163752 19.187 20.0 61.487 50
163822 19.187 20.0 62.175 50
163853 19.187 20.0 62.737 50
163923 19.187 20.0 63.175 50
163953 19.187 20.0 63.487 50
164024 19.187 20.0 63.737 50
164054 19.25 20.0 63.925 50
164124 19.25 20.0 64.05 50
164154 19.25 20.0 64.175 50
164225 19.25 20.0 64.237 50
164255 19.25 20.0 64.3 50
164326 19.187 20.0 64.362 50
164356 19.187 20.0 64.425 50
164426 19.187 20.0 64.425 50
164456 19.187 20.0 64.425 50
164527 19.187 20.0 64.362 50
164557 19.187 20.0 64.175 50
164627 19.187 20.0 63.987 50
164657 19.187 20.0 63.675 50
164728 19.187 20.0 63.3 50
164758 19.187 20.0 62.8 50
164828 19.187 20.0 62.237 50
164858 19.187 20.0 61.612 50
164928 19.187 20.0 60.987 50
164958 19.187 20.0 60.3 50
165028 19.187 20.0 59.612 50
165059 19.187 20.0 58.925 50
165129 19.187 20.0 58.3 50
165200 19.187 20.0 57.737 50
165230 19.187 20.0 57.237 50
165300 19.187 20.0 56.737 50
165330 19.25 20.0 56.3 50
165400 19.25 20.0 55.862 50
165431 19.25 20.0 55.425 50
165501 19.25 20.0 55.112 50
165531 19.25 20.0 54.862 50
165601 19.25 20.0 54.862 50
165631 19.25 20.0 55.05 50
165701 19.25 20.0 55.487 50
165732 19.25 20.0 56.112 50
165802 19.25 20.0 56.862 50
165832 19.187 20.0 57.612 50
165902 19.187 20.0 58.487 50
165933 19.187 20.0 59.362 50
170003 19.187 20.0 60.3 50
170033 19.187 20.0 61.175 50
170103 19.187 20.0 61.987 50
170133 19.187 20.0 62.862 50
170203 19.187 20.0 63.55 50
170234 19.187 20.0 63.987 50
170305 19.187 20.0 64.3 50
170335 19.187 20.0 64.55 50
170406 19.187 20.0 64.737 50
170436 19.187 20.0 64.925 50
170507 19.187 20.0 65.05 50
170537 19.187 20.0 65.112 50
170607 19.187 20.0 65.175 50
170637 19.187 20.0 65.175 50
170708 19.187 20.0 65.237 50
170738 19.187 20.0 65.237 50
170808 19.187 20.0 65.175 50
170838 19.187 20.0 64.987 50
170908 19.187 20.0 64.862 50
170938 19.187 20.0 64.55 50
171009 19.187 20.0 64.112 50
171039 19.187 20.0 63.55 50
171110 19.25 20.0 62.8 50
171140 19.25 20.0 61.987 50
171210 19.25 20.0 61.112 50
171241 19.25 20.0 60.175 50
171311 19.25 20.0 59.3 50
171342 19.312 20.0 58.425 50
171412 19.312 20.0 57.675 50
171443 19.312 20.0 56.987 50
171513 19.312 20.0 56.425 50
171543 19.312 20.0 55.925 50
171613 19.312 20.0 55.487 50
171644 19.312 20.0 55.175 50
171715 19.312 20.0 54.987 50
171746 19.312 20.0 55.05 50
171816 19.312 20.0 55.362 50
171846 19.25 20.0 55.925 50
171916 19.25 20.0 56.55 50
171947 19.25 20.0 57.362 50
172017 19.25 20.0 58.237 50
172049 19.187 20.0 59.175 50
172120 19.187 20.0 60.112 50
172150 19.187 20.0 61.05 50
172220 19.187 20.0 61.925 50
172251 19.187 20.0 62.8 50
172321 19.125 20.0 63.487 50
172352 19.125 20.0 64.05 50
172422 19.125 20.0 64.487 50
172452 19.125 20.0 64.8 50
172523 19.125 20.0 64.987 50
172553 19.062 20.0 65.175 50
172623 19.062 20.0 65.362 50
172653 19.062 20.0 65.487 50
172724 19.062 20.0 65.612 50
172755 19.062 20.0 65.675 50
172825 19.125 20.0 65.737 50
172856 19.125 20.0 65.737 50
172926 19.125 20.0 65.737 50
172956 19.125 20.0 65.737 50
173026 19.125 20.0 65.737 50
173056 19.062 20.0 65.612 50
173127 19.062 20.0 65.487 50
173157 19.062 20.0 65.05 50
173227 19.062 20.0 64.425 50
173258 19.062 20.0 63.675 50
173328 19.062 20.0 62.737 50
173359 19.062 20.0 61.862 50
173429 19.062 20.0 60.925 50
173459 19.062 20.0 60.05 50
173529 19.062 20.0 59.237 50
173559 19.062 20.0 58.487 50
173629 19.062 20.0 57.862 50
173700 19.062 20.0 57.3 50
173730 19.062 20.0 56.8 50
173800 19.062 20.0 56.425 50
173830 19.125 20.0 56.112 50
173901 19.125 20.0 55.862 50
173931 19.125 20.0 55.675 50
174001 19.125 20.0 55.612 50
174032 19.125 20.0 55.737 50
174102 19.062 20.0 56.05 50
174132 19.062 20.0 56.675 50
174202 19.062 20.0 57.362 50
174233 19.062 20.0 58.175 50
174303 19.062 20.0 58.987 50
174333 19.062 20.0 59.862 50
174404 19.062 20.0 60.8 50
174434 19.062 20.0 61.675 50
174504 19.062 20.0 62.487 50
174535 19.062 20.0 63.175 50
174605 19.0 20.0 63.675 50
174635 19.0 20.0 64.05 50
174705 19.0 20.0 64.3 50
174735 19.0 20.0 64.487 50
174806 19.0 20.0 64.675 50
174836 19.0 20.0 64.8 50
174907 19.0 20.0 64.925 50
174938 19.0 20.0 65.05 50
175009 19.0 20.0 65.112 50
175039 19.0 20.0 65.175 50
175109 19.0 20.0 65.175 50
175139 19.0 20.0 65.175 50
175209 19.0 20.0 65.112 50
175239 19.0 20.0 65.05 50
175309 19.0 20.0 64.925 50
175340 19.0 20.0 64.8 50
175410 19.0 20.0 64.55 50
175441 19.0 20.0 64.175 50
175511 19.0 20.0 63.55 50
175541 19.0 20.0 62.675 50
175612 19.0 20.0 61.612 50
175642 19.0 20.0 60.55 50
175712 19.0 20.0 59.675 50
175742 19.0 20.0 58.862 50
175812 19.0 20.0 58.175 50
175842 19.0 20.0 57.612 50
175912 19.0 20.0 57.175 50
175942 19.0 20.0 56.737 50
180013 19.0 20.0 56.425 50
180043 19.0 20.0 56.112 50
180113 19.062 20.0 55.925 50
180143 19.062 20.0 55.8 50
180213 19.062 20.0 55.675 50
180243 19.062 20.0 55.737 50
180313 19.062 20.0 56.175 50
180344 19.0 20.0 56.8 50
180414 19.0 20.0 57.55 50
180444 19.0 20.0 58.362 50
180515 19.0 20.0 59.362 50
180545 19.0 20.0 60.237 50
180616 19.0 20.0 61.175 50
180646 19.0 20.0 62.05 50
180716 19.0 20.0 62.987 50
180746 19.0 20.0 63.675 50
180817 19.0 20.0 64.175 50
180847 18.937 20.0 64.55 50
180917 18.937 20.0 64.862 50
180948 18.937 20.0 65.05 50
181018 18.937 20.0 65.237 50
181048 18.937 20.0 65.362 50
181118 18.937 20.0 65.487 50
181149 18.937 20.0 65.612 50
181219 18.937 20.0 65.675 50
181249 18.937 20.0 65.675 50
181319 18.937 20.0 65.737 50
181349 18.937 20.0 65.737 50
181419 18.937 20.0 65.675 50
181450 18.937 20.0 65.612 50
181520 18.937 20.0 65.55 50
181550 18.937 20.0 65.362 50
181620 19.0 20.0 65.112 50
181650 19.0 20.0 64.737 50
181720 19.0 20.0 64.237 50
181751 19.0 20.0 63.55 50
181821 19.0 20.0 62.737 50
181851 19.062 20.0 61.675 50
181922 19.062 20.0 60.675 50
181952 19.062 20.0 59.8 50
182022 19.062 20.0 59.05 50
182053 19.062 20.0 58.425 50
182123 19.062 20.0 57.925 50
182153 19.062 20.0 57.487 50
182224 19.062 20.0 57.112 50
182255 19.062 20.0 56.862 50
182325 19.062 20.0 56.612 50
182355 19.125 20.0 56.425 50
182425 19.125 20.0 56.3 50
182455 19.125 20.0 56.175 50
182525 19.125 20.0 56.175 50
182555 19.125 20.0 56.237 50
182626 19.062 20.0 56.612 50
182656 19.062 20.0 57.175 50
182726 19.062 20.0 57.8 50
182756 19.062 20.0 58.55 50
182829 19.062 20.0 59.425 50
182859 19.062 20.0 60.362 50
182929 19.062 20.0 61.175 50
182959 19.062 20.0 61.987 50
183030 19.062 20.0 62.737 50
183100 19.125 20.0 63.3 50
183131 19.125 20.0 63.675 50
183201 19.125 20.0 63.925 50
183231 19.125 20.0 64.112 50
183302 19.125 20.0 64.3 50
183332 19.187 20.0 64.487 50
183403 19.187 20.0 64.55 50
183433 19.187 20.0 64.675 50
183503 19.187 20.0 64.737 50
183533 19.187 20.0 64.8 50
183603 19.187 20.0 64.8 50
183634 19.187 20.0 64.8 50
183705 19.187 20.0 64.8 50
183735 19.187 20.0 64.737 50
183805 19.187 20.0 64.675 50
183835 19.187 20.0 64.55 50
183905 19.187 20.0 64.362 50
183936 19.187 20.0 64.112 50
184006 19.187 20.0 63.737 50
184036 19.187 20.0 63.175 50
184106 19.25 20.0 62.362 50
184136 19.25 20.0 61.425 50
184207 19.25 20.0 60.425 50
184237 19.25 20.0 59.425 50
184307 19.25 20.0 58.675 50
184338 19.25 20.0 57.987 50
184409 19.25 20.0 57.425 50
184440 19.25 20.0 56.987 50
184510 19.25 20.0 56.55 50
184541 19.25 20.0 56.237 50
184611 19.25 20.0 55.987 50
184642 19.25 20.0 55.737 50
184712 19.25 20.0 55.612 50
184742 19.25 20.0 55.612 50
184813 19.25 20.0 55.737 50
184843 19.312 20.0 56.237 50
184914 19.312 20.0 56.8 50
184944 19.312 20.0 57.612 50
185014 19.312 20.0 58.425 50
185045 19.312 20.0 59.362 50
185115 19.187 20.0 60.3 50
185145 19.187 20.0 61.112 50
185215 19.187 20.0 62.05 50
185246 19.187 20.0 62.862 50
185316 19.187 20.0 63.487 50
185346 19.187 20.0 63.925 50
185416 19.187 20.0 64.175 50
185446 19.187 20.0 64.362 50
185517 19.187 20.0 64.55 50
185548 19.187 20.0 64.675 50
185618 19.25 20.0 64.8 50
185648 19.25 20.0 64.862 50
185719 19.25 20.0 64.925 50
185749 19.25 20.0 64.987 50
185819 19.25 20.0 64.987 50
185849 19.25 20.0 64.987 50
185919 19.25 20.0 64.925 50
185950 19.25 20.0 64.862 50
190021 19.25 20.0 64.8 50
190051 19.25 20.0 64.675 50
190121 19.312 20.0 64.487 50
190152 19.312 20.0 64.237 50
190222 19.312 20.0 63.8 50
190252 19.312 20.0 63.237 50
190322 19.312 20.0 62.55 50
190352 19.312 20.0 61.55 50
190423 19.312 20.0 60.487 50
190453 19.312 20.0 59.425 50
190524 19.312 20.0 58.487 50
190554 19.312 20.0 57.737 50
190625 19.375 20.0 57.05 50
190655 19.375 20.0 56.612 50
190725 19.375 20.0 56.175 50
190756 19.375 20.0 55.862 50
190827 19.375 20.0 55.612 50
190857 19.375 20.0 55.487 50
190927 19.375 20.0 55.362 50
190958 19.375 20.0 55.425 50
191029 19.375 20.0 55.8 50
191059 19.375 20.0 56.425 50
191129 19.375 20.0 57.112 50
191200 19.375 20.0 57.925 50
191230 19.375 20.0 58.737 50
191300 19.375 20.0 59.55 50
191331 19.375 20.0 60.487 50
191401 19.375 20.0 61.362 50
191431 19.375 20.0 62.237 50
191501 19.375 20.0 62.987 50
191531 19.375 20.0 63.55 50
191602 19.375 20.0 63.987 50
191632 19.312 20.0 64.3 50
191703 19.312 20.0 64.487 50
191733 19.312 20.0 64.675 50
191803 19.312 20.0 64.8 50
191833 19.312 20.0 64.925 50
191904 19.25 20.0 65.05 50
191934 19.25 20.0 65.112 50
192004 19.25 20.0 65.175 50
192034 19.25 20.0 65.175 50
192104 19.25 20.0 65.175 50
192134 19.312 20.0 65.175 50
192205 19.312 20.0 65.112 50
192235 19.312 20.0 65.05 50
192305 19.312 20.0 64.925 50
192338 19.375 20.0 64.737 50
192408 19.375 20.0 64.425 50
192438 19.375 20.0 64.05 50
192508 19.375 20.0 63.487 50
192538 19.375 20.0 62.862 50
192609 19.437 20.0 62.05 50
192639 19.437 20.0 61.05 50
192709 19.437 20.0 59.987 50
192740 19.437 20.0 59.05 50
192810 19.437 20.0 58.237 50
192840 19.437 20.0 57.55 50
192910 19.437 20.0 57.05 50
192940 19.437 20.0 56.612 50
193010 19.437 20.0 56.237 50
193040 19.437 20.0 55.987 50
193111 19.5 20.0 55.8 50
193141 19.5 20.0 55.675 50
193211 19.5 20.0 55.612 50
193242 19.5 20.0 55.737 50
193312 19.5 20.0 56.175 50
193342 19.5 20.0 56.8 50
193412 19.5 20.0 57.487 50
193442 19.5 20.0 58.3 50
193513 19.5 20.0 59.112 50
193543 19.5 20.0 60.05 50
193614 19.5 20.0 60.925 50
193644 19.5 20.0 61.8 50
193715 19.5 20.0 62.55 50
193745 19.5 20.0 63.237 50
193816 19.5 20.0 63.737 50
193846 19.437 20.0 64.05 50
193916 19.437 20.0 64.3 50
193946 19.437 20.0 64.487 50
194016 19.437 20.0 64.675 50
194047 19.437 20.0 64.8 50
194117 19.5 20.0 64.925 50
194147 19.5 20.0 64.987 50
194217 19.5 20.0 64.987 50
194248 19.5 20.0 65.05 50
194318 19.5 20.0 65.05 50
194349 19.562 20.0 65.05 50
194419 19.562 20.0 64.987 50
194449 19.562 20.0 64.925 50
194519 19.562 20.0 64.862 50
194550 19.562 20.0 64.675 50
194620 19.562 20.0 64.425 50
194650 19.562 20.0 64.05 50
194720 19.562 20.0 63.55 50
194751 19.562 20.0 62.925 50
194821 19.562 20.0 62.112 50
194851 19.625 20.0 61.112 50
194921 19.625 20.0 60.05 50
194951 19.625 20.0 58.987 50
195021 19.625 20.0 58.112 50
195051 19.625 20.0 57.362 50
195122 19.625 20.0 56.737 50
195152 19.625 20.0 56.237 50
195222 19.625 20.0 55.862 50
195253 19.625 20.0 55.612 50
195323 19.625 20.0 55.362 50
195354 19.562 20.0 55.237 50
195424 19.562 20.0 55.3 50
195454 19.562 20.0 55.612 50
195525 19.562 20.0 56.112 50
195555 19.562 20.0 56.8 50
195625 19.562 20.0 57.612 50
195656 19.562 20.0 58.425 50
195726 19.562 20.0 59.362 50
195757 19.562 20.0 60.3 50
195828 19.562 20.0 61.237 50
195858 19.5 20.0 62.175 50
195928 19.5 20.0 63.05 50
195959 19.5 20.0 63.675 50
200029 19.5 20.0 64.112 50
200059 19.5 20.0 64.425 50
200130 19.437 20.0 64.612 50
200200 19.437 20.0 64.8 50
200230 19.437 20.0 64.987 50
200301 19.437 20.0 65.112 50
200331 19.437 20.0 65.175 50
200401 19.437 20.0 65.237 50
200432 19.437 20.0 65.3 50
200502 19.437 20.0 65.3 50
200532 19.437 20.0 65.3 50
200603 19.437 20.0 65.3 50
200633 19.5 20.0 65.237 50
200703 19.5 20.0 65.112 50
200733 19.5 20.0 64.987 50
200803 19.5 20.0 64.8 50
200834 19.5 20.0 64.487 50
200904 19.562 20.0 63.987 50
200934 19.562 20.0 63.425 50
201004 19.562 20.0 62.737 50
201034 19.562 20.0 61.925 50
201104 19.562 20.0 61.112 50
201135 19.5 20.0 60.175 50
201205 19.5 20.0 59.237 50
201235 19.5 20.0 58.425 50
201306 19.5 20.0 57.737 50
201336 19.5 20.0 57.237 50
201407 19.5 20.0 56.8 50
201437 19.5 20.0 56.487 50
201508 19.5 20.0 56.237 50
201538 19.5 20.0 56.05 50
201608 19.5 20.0 55.925 50
201638 19.687 20.0 55.862 50
201708 19.687 20.0 55.925 50
201738 19.687 20.0 56.175 50
201809 19.687 20.0 56.675 50
201839 19.687 20.0 57.362 50
201909 19.625 20.0 58.175 50
201939 19.625 20.0 59.05 50
202009 19.625 20.0 59.862 50
202040 19.625 20.0 60.8 50
202110 19.625 20.0 61.612 50
202140 19.625 20.0 62.425 50
202210 19.625 20.0 63.112 50
202241 19.625 20.0 63.612 50
202311 19.625 20.0 63.925 50
202342 19.625 20.0 64.175 50
202412 19.562 20.0 64.362 50
202442 19.562 20.0 64.55 50
202513 19.562 20.0 64.612 50
202543 19.562 20.0 64.737 50
202613 19.562 20.0 64.8 50
202643 19.562 20.0 64.862 50
202713 19.562 20.0 64.925 50
202743 19.562 20.0 64.925 50
202814 19.562 20.0 64.862 50
202844 19.562 20.0 64.862 50
202915 19.562 20.0 64.8 50
202945 19.562 20.0 64.675 50
203015 19.562 20.0 64.55 50
203046 19.562 20.0 64.362 50
203118 19.562 20.0 64.05 50
203148 19.562 20.0 63.55 50
203219 19.562 20.0 62.987 50
203249 19.562 20.0 62.3 50
203319 19.562 20.0 61.55 50
203349 19.625 20.0 60.612 50
203419 19.625 20.0 59.612 50
203449 19.625 20.0 58.675 50
203520 19.625 20.0 57.862 50
203550 19.625 20.0 57.175 50
203621 19.625 20.0 56.675 50
203651 19.625 20.0 56.3 50
203721 19.625 20.0 55.925 50
203751 19.625 20.0 55.737 50
203821 19.625 20.0 55.55 50
203851 19.625 20.0 55.487 50
203921 19.625 20.0 55.487 50
203952 19.625 20.0 55.737 50
204022 19.625 20.0 56.362 50
204053 19.625 20.0 57.112 50
204123 19.625 20.0 57.862 50
204154 19.625 20.0 58.737 50
204224 19.625 20.0 59.675 50
204254 19.625 20.0 60.55 50
204325 19.625 20.0 61.362 50
204355 19.562 20.0 62.175 50
204426 19.562 20.0 62.862 50
204456 19.562 20.0 63.425 50
204527 19.562 20.0 63.737 50
204558 19.562 20.0 63.987 50
204628 19.562 20.0 64.175 50
204658 19.562 20.0 64.3 50
204729 19.562 20.0 64.487 50
204759 19.562 20.0 64.55 50
204829 19.562 20.0 64.675 50
204900 19.562 20.0 64.737 50
204930 19.562 20.0 64.737 50
205000 19.562 20.0 64.737 50
205030 19.562 20.0 64.737 50
205100 19.562 20.0 64.737 50
205130 19.562 20.0 64.675 50
205200 19.562 20.0 64.612 50
205231 19.562 20.0 64.487 50
205301 19.562 20.0 64.3 50
205331 19.562 20.0 63.987 50
205401 19.625 20.0 63.55 50
205431 19.625 20.0 62.987 50
205501 19.625 20.0 62.3 50
205531 19.625 20.0 61.487 50
205601 19.625 20.0 60.612 50
205632 19.625 20.0 59.675 50
205702 19.625 20.0 58.675 50
205733 19.625 20.0 57.862 50
205804 19.625 20.0 57.112 50
205834 19.625 20.0 56.55 50
205904 19.625 20.0 56.112 50
205934 19.625 20.0 55.8 50
210005 19.625 20.0 55.487 50
210035 19.625 20.0 55.362 50
210105 19.625 20.0 55.237 50
210136 19.625 20.0 55.362 50
210206 19.625 20.0 55.737 50
210237 19.625 20.0 56.3 50
210307 19.625 20.0 57.05 50
210337 19.625 20.0 57.8 50
210408 19.625 20.0 58.675 50
210438 19.625 20.0 59.55 50
210508 19.625 20.0 60.425 50
210538 19.625 20.0 61.362 50
210608 19.625 20.0 62.237 50
210639 19.687 20.0 62.987 50
210709 19.687 20.0 63.55 50
210739 19.687 20.0 63.925 50
210809 19.687 20.0 64.175 50
210840 19.687 20.0 64.362 50
210910 19.625 20.0 64.487 50
210941 19.625 20.0 64.612 50
211011 19.625 20.0 64.737 50
211041 19.625 20.0 64.8 50
211111 19.625 20.0 64.862 50
211142 19.625 20.0 64.862 50
211212 19.625 20.0 64.925 50
211242 19.625 20.0 64.862 50
211313 19.625 20.0 64.8 50
211343 19.625 20.0 64.8 50
211413 19.687 20.0 64.675 50
211444 19.687 20.0 64.55 50
211514 19.687 20.0 64.3 50
211545 19.687 20.0 63.925 50
211615 19.687 20.0 63.425 50
211645 19.75 20.0 62.8 50
211716 19.75 20.0 61.987 50
211746 19.75 20.0 61.112 50
211816 19.75 20.0 60.237 50
211847 19.75 20.0 59.3 50
211917 19.75 20.0 58.362 50
211948 19.75 20.0 57.55 50
212018 19.75 20.0 56.925 50
212048 19.75 20.0 56.487 50
212118 19.75 20.0 56.112 50
212148 19.75 20.0 55.8 50
212218 19.75 20.0 55.612 50
212249 19.75 20.0 55.55 50
212319 19.75 20.0 55.55 50
212350 19.75 20.0 55.737 50
212420 19.687 20.0 56.237 50
212450 19.687 20.0 56.8 50
212520 19.687 20.0 57.487 50
212550 19.687 20.0 58.362 50
212621 19.687 20.0 59.237 50
212651 19.75 20.0 60.112 50
212721 19.75 20.0 61.05 50
212751 19.75 20.0 61.862 50
212821 19.75 20.0 62.675 50
212852 19.75 20.0 63.362 50
212922 19.75 20.0 63.8 50
212952 19.75 20.0 64.112 50
213022 19.75 20.0 64.362 50
213053 19.75 20.0 64.55 50
213123 19.75 20.0 64.675 50
213153 19.812 20.0 64.8 50
213223 19.812 20.0 64.925 50
213253 19.812 20.0 64.925 50
213324 19.812 20.0 64.987 50
213354 19.812 20.0 65.05 50
213425 19.812 20.0 65.05 50
213455 19.812 20.0 64.987 50
213525 19.812 20.0 64.987 50
213556 19.812 20.0 64.862 50
213628 19.75 20.0 64.737 50
213659 19.75 20.0 64.612 50
213729 19.75 20.0 64.3 50
213800 19.75 20.0 63.862 50
213831 19.75 20.0 63.362 50
213901 19.75 20.0 62.675 50
213931 19.75 20.0 61.862 50
214001 19.75 20.0 61.05 50
214032 19.75 20.0 60.175 50
214102 19.75 20.0 59.237 50
214132 19.812 20.0 58.3 50
214202 19.812 20.0 57.675 50
214233 19.812 20.0 57.112 50
214303 19.812 20.0 56.675 50
214333 19.812 20.0 56.3 50
214403 19.875 20.0 56.05 50
214434 19.875 20.0 55.862 50
214504 19.875 20.0 55.737 50
214534 19.875 20.0 55.675 50
214604 19.875 20.0 55.737 50
214634 19.812 20.0 56.05 50
214705 19.812 20.0 56.737 50
214735 19.812 20.0 57.425 50
214805 19.812 20.0 58.237 50
214836 19.812 20.0 59.05 50
214907 19.812 20.0 59.925 50
214937 19.812 20.0 60.925 50
215007 19.812 20.0 61.8 50
215038 19.812 20.0 62.612 50
215109 19.812 20.0 63.362 50
215139 19.812 20.0 63.8 50
215210 19.812 20.0 64.112 50
215240 19.812 20.0 64.362 50
215310 19.812 20.0 64.55 50
215341 19.812 20.0 64.737 50
215411 19.812 20.0 64.862 50
215442 19.812 20.0 64.925 50
215512 19.812 20.0 65.05 50
215542 19.812 20.0 65.05 50
215613 19.812 20.0 65.112 50
215643 19.812 20.0 65.112 50
215714 19.812 20.0 65.112 50
215744 19.812 20.0 65.05 50
215814 19.812 20.0 64.987 50
215845 19.812 20.0 64.925 50
215915 19.812 20.0 64.8 50
215945 19.812 20.0 64.55 50
220015 19.812 20.0 64.3 50
220045 19.812 20.0 63.862 50
220115 19.812 20.0 63.237 50
220146 19.937 20.0 62.55 50
220216 19.937 20.0 61.737 50
220246 19.937 20.0 60.8 50
220317 19.937 20.0 59.8 50
220347 19.937 20.0 58.862 50
220417 19.937 20.0 58.112 50
220447 19.937 20.0 57.425 50
220518 19.937 20.0 56.925 50
220548 19.937 20.0 56.55 50
220619 19.937 20.0 56.237 50
220649 19.937 20.0 55.987 50
220719 19.937 20.0 55.862 50
220749 19.937 20.0 55.737 50
220819 19.937 20.0 55.737 50
220850 19.937 20.0 55.862 50
220920 19.875 20.0 56.425 50
220950 19.875 20.0 57.112 50
221020 19.875 20.0 57.862 50
221050 19.875 20.0 58.675 50
221121 19.875 20.0 59.487 50
221151 19.875 20.0 60.425 50
221221 19.875 20.0 61.3 50
221251 19.875 20.0 62.175 50
221321 19.875 20.0 62.987 50
221351 19.875 20.0 63.487 50
221422 19.875 20.0 63.862 50
221452 19.875 20.0 64.175 50
221522 19.875 20.0 64.362 50
221552 19.875 20.0 64.55 50
221622 19.875 20.0 64.675 50
221652 19.937 20.0 64.737 50
221723 19.937 20.0 64.862 50
221753 19.937 20.0 64.925 50
221823 19.937 20.0 64.987 50
221853 19.937 20.0 64.987 50
221924 19.937 20.0 64.987 50
221955 19.937 20.0 64.925 50
222025 19.937 20.0 64.862 50
222056 19.937 20.0 64.8 50
222126 19.937 20.0 64.675 50
222156 19.937 20.0 64.487 50
222226 19.937 20.0 64.175 50
222256 19.937 20.0 63.737 50
222326 19.937 20.0 63.175 50
222357 19.937 20.0 62.487 50
222427 19.937 20.0 61.737 50
222458 19.937 20.0 60.987 50
222528 19.937 20.0 60.112 50
222558 19.937 20.0 59.3 50
222628 19.937 20.0 -0.2 0
222659 19.875 20.0 -0.2 0
222729 19.875 20.0 -0.2 0
222800 19.875 20.0 -0.2 0
222830 19.875 20.0 80 50
222900 19.875 20.0 80 50
222931 19.812 20.0 80 50
223001 19.812 20.0 80 50
223031 19.812 20.0 80 50
223101 19.812 20.0 80 50
223131 19.812 20.0 80 50
223202 19.75 20.0 80 50
223232 19.75 20.0 80 50
223302 19.75 20.0 80 50
223332 19.75 20.0 80 50
223403 19.75 20.0 80 50
223433 19.812 20.0 80 50
223503 19.812 20.0 80 50
223533 19.812 20.0 80 50
223604 19.812 20.0 80 50
223636 19.812 20.0 80 50
223706 19.812 20.0 80 50
223736 19.812 20.0 80 50
223806 19.812 20.0 80 50
223837 19.812 20.0 80 50
223907 19.812 20.0 80 50
223937 19.812 20.0 80 50
224008 19.812 20.0 80 50
224038 19.812 20.0 80 50
224108 19.812 20.0 80 50
224138 19.875 20.0 80 50
224209 19.875 20.0 80 50
224239 19.875 20.0 80 50
224309 19.875 20.0 80 50
224339 19.875 20.0 80 50
224410 19.875 20.0 80 50
224440 19.875 20.0 80 50
224510 19.875 20.0 80 50
224540 19.875 20.0 80 50
224610 19.875 20.0 80 50
224641 19.812 20.0 80 50
224711 19.812 20.0 80 50
224742 19.812 20.0 80 50
224812 19.812 20.0 80 50
224842 19.812 20.0 80 50
224912 19.875 20.0 80 50
224943 19.875 20.0 80 50
225013 19.875 20.0 80 50
225043 19.875 20.0 80 50
225113 19.875 20.0 80 50
225144 19.875 20.0 80 50
225214 19.875 20.0 80 50
225244 19.875 20.0 80 50
225314 19.875 20.0 80 50
225344 19.875 20.0 80 50
225415 19.875 20.0 80 50
225445 19.875 20.0 80 50
225515 19.875 20.0 80 50
225546 19.875 20.0 80 50
225616 19.875 20.0 80 50
225646 19.812 20.0 80 50
225716 19.812 20.0 80 50
225747 19.812 20.0 80 50
225817 19.812 20.0 80 50
225847 19.812 20.0 80 50
225918 19.625 20.0 80 50
225948 19.625 20.0 80 50
230018 19.625 10.0 80 50
230048 19.625 10.0 80 50
230118 19.625 10.0 80 50
230149 19.5 10.0 80 50
230219 19.5 10.0 80 50
230249 19.5 10.0 80 50
230319 19.5 10.0 80 50
230350 19.5 10.0 80 50
230420 19.5 10.0 80 50
230450 19.5 10.0 80 50
230520 19.5 10.0 80 50
230551 19.5 10.0 80 50
230621 19.5 10.0 80 50
230651 19.437 10.0 80 50
230722 19.437 10.0 80 50
230752 19.437 10.0 80 50
230822 19.437 10.0 80 50
230852 19.437 10.0 80 50
230923 19.375 10.0 61.175 0
230953 19.375 10.0 60.237 0
231023 19.375 10.0 59.425 0
231053 19.375 10.0 58.8 0
231124 19.375 10.0 58.3 0
231154 19.437 10.0 57.987 0
231224 19.437 10.0 57.737 0
231254 19.437 10.0 57.612 0
231324 19.437 10.0 57.487 0
231354 19.437 10.0 57.425 0
231424 19.437 10.0 57.425 0
231455 19.437 10.0 57.362 0
231525 19.437 10.0 57.237 0
231555 19.437 10.0 57.3 0
231626 19.437 10.0 57.362 0
231656 19.375 10.0 57.425 0
231726 19.375 10.0 57.737 0
231757 19.375 10.0 58.3 0
231828 19.375 10.0 59.237 0
231858 19.375 10.0 60.237 0
231929 19.312 10.0 61.3 0
232000 19.312 10.0 62.487 0
232030 19.312 10.0 63.55 0
232100 19.312 10.0 64.425 0
232130 19.312 10.0 65.112 0
232200 19.25 10.0 65.675 0
232230 19.25 10.0 66.175 0
232301 19.25 10.0 66.55 0
232331 19.25 10.0 66.862 0
232402 19.25 10.0 67.112 0
232432 19.187 10.0 67.362 0
232502 19.187 10.0 67.55 0
232533 19.187 10.0 67.737 0
232603 19.187 10.0 67.862 0
232633 19.187 10.0 67.987 0
232704 19.25 10.0 68.112 0
232734 19.25 10.0 68.237 0
232804 19.25 10.0 68.3 0
232835 19.25 10.0 68.425 0
232905 19.25 10.0 68.487 0
232935 19.125 10.0 68.612 0
233005 19.125 10.0 68.675 0
233036 19.125 10.0 68.737 0
233106 19.125 10.0 68.862 0
233139 19.125 10.0 68.925 0
233209 19.125 10.0 69.05 0
233240 19.125 10.0 69.112 0
233310 19.125 10.0 69.175 0
233341 19.125 10.0 69.237 0
233412 19.125 10.0 69.237 0
233443 19.125 10.0 69.3 0
233513 19.125 10.0 69.362 0
233544 19.125 10.0 69.362 0
233614 19.125 10.0 69.425 0
233644 19.062 10.0 69.425 0
233715 19.062 10.0 69.487 0
233745 19.062 10.0 69.487 0
233815 19.062 10.0 69.55 0
233846 19.062 10.0 69.612 0
233917 18.937 10.0 69.612 0
233947 18.937 10.0 69.675 0
234017 18.937 10.0 69.675 0
234048 18.937 10.0 69.737 0
234119 18.937 10.0 69.8 0
234149 18.875 10.0 69.8 0
234219 18.875 10.0 69.862 0
234250 18.875 10.0 69.925 0
234320 18.875 10.0 69.987 0
234351 18.875 10.0 69.987 0
234421 18.875 10.0 69.987 0
234452 18.875 10.0 70.05 50
234522 18.875 10.0 70.05 50
234552 18.875 10.0 70.112 50
234622 18.875 10.0 69.987 0
234652 18.812 10.0 70.175 50
234723 18.812 10.0 70.175 50
234753 18.812 10.0 70.175 50
234824 18.812 10.0 70.175 50
234854 18.812 10.0 70.175 50
234924 18.812 10.0 70.237 50
234954 18.812 10.0 70.237 50
235025 18.812 10.0 70.05 50
235055 18.812 10.0 69.987 0
235125 18.812 10.0 69.987 0
235156 18.875 10.0 69.925 0
235226 18.875 10.0 69.925 0
235257 18.875 10.0 69.925 0
235327 18.875 10.0 69.862 0
235357 18.875 10.0 69.862 0
235428 18.875 10.0 69.862 0
235458 18.875 10.0 69.862 0
235529 18.875 10.0 69.8 0
235559 18.875 10.0 69.8 0
235630 18.875 10.0 69.737 0
235700 19.062 10.0 69.737 0
235731 19.062 10.0 69.737 0
235802 19.062 10.0 69.675 0
235832 19.062 10.0 69.675 0
