235904 23.312 10.0 17.55 0
235935 23.312 10.0 17.55 0
000006 23.312 10.0 17.55 0
000036 23.312 10.0 17.55 0
000106 23.312 10.0 17.55 0
000137 23.312 10.0 17.55 0
000208 23.312 10.0 17.55 0
000239 23.312 10.0 17.55 0
000309 23.312 10.0 17.55 0
000341 23.312 10.0 17.55 0
000411 23.312 10.0 17.55 0
000442 23.312 10.0 17.55 0
000512 23.312 10.0 17.55 0
000542 23.312 10.0 17.55 0
000613 23.312 10.0 17.55 0
000643 23.312 10.0 17.55 0
000714 23.312 10.0 17.55 0
000744 23.312 10.0 17.55 0
000815 23.312 10.0 17.55 0
000845 23.312 10.0 17.55 0
000915 23.312 10.0 17.55 0
000946 23.312 10.0 17.55 0
001016 23.312 10.0 17.55 0
001047 23.312 10.0 17.55 0
001118 23.312 10.0 17.55 0
001148 23.312 10.0 17.55 0
001218 23.25 10.0 17.55 0
001248 23.25 10.0 17.55 0
001319 23.25 10.0 17.55 0
001350 23.25 10.0 17.55 0
001420 23.25 10.0 17.55 0
001451 23.25 10.0 17.55 0
001521 23.25 10.0 17.55 0
001551 23.25 10.0 17.55 0
001622 23.25 10.0 17.55 0
001652 23.25 10.0 17.55 0
001722 23.312 10.0 17.55 0
001753 23.312 10.0 17.55 0
001823 23.312 10.0 17.55 0
001854 23.312 10.0 17.55 0
001925 23.312 10.0 17.55 0
001955 23.25 10.0 17.55 0
002026 23.25 10.0 17.55 0
002056 23.25 10.0 17.55 0
002126 23.25 10.0 17.55 0
002159 23.25 10.0 17.55 0
002229 23.25 10.0 17.55 0
002301 23.25 10.0 17.55 0
002331 23.25 10.0 17.55 0
002402 23.25 10.0 17.55 0
002432 23.25 10.0 17.55 0
002503 23.25 10.0 17.55 0
002534 23.25 10.0 17.55 0
002604 23.25 10.0 17.55 0
002635 23.25 10.0 17.55 0
002706 23.25 10.0 17.55 0
002736 23.25 10.0 17.55 0
002806 23.25 10.0 17.55 0
002837 23.25 10.0 17.55 0
002907 23.25 10.0 17.55 0
002938 23.25 10.0 17.55 0
003009 23.25 10.0 17.55 0
003039 23.25 10.0 17.55 0
003110 23.25 10.0 17.55 0
003141 23.25 10.0 17.55 0
003212 23.25 10.0 17.55 0
003242 23.25 10.0 17.55 0
003312 23.25 10.0 17.55 0
003343 23.25 10.0 17.55 0
003414 23.25 10.0 17.55 0
003444 23.25 10.0 17.55 0
003514 23.25 10.0 17.55 0
003544 23.25 10.0 17.55 0
003615 23.25 10.0 17.55 0
003645 23.25 10.0 17.55 0
003716 23.25 10.0 17.55 0
003746 23.25 10.0 17.55 0
003816 23.25 10.0 17.55 0
003847 23.25 10.0 17.55 0
003918 23.25 10.0 17.55 0
003948 23.25 10.0 17.55 0
004019 23.25 10.0 17.55 0
004050 23.25 10.0 17.55 0
004121 23.25 10.0 17.55 0
004151 23.25 10.0 17.55 0
004222 23.25 10.0 17.55 0
004252 23.25 10.0 17.55 0
004322 23.25 10.0 17.55 0
004353 23.25 10.0 17.55 0
004424 23.25 10.0 17.55 0
004454 23.25 10.0 17.55 0
004525 23.25 10.0 17.55 0
004555 23.25 10.0 17.55 0
004626 23.25 10.0 17.55 0
004657 23.25 10.0 17.55 0
004728 23.25 10.0 17.55 0
004758 23.25 10.0 17.55 0
004828 23.25 10.0 17.55 0
004859 23.25 10.0 17.55 0
004932 23.25 10.0 17.55 0
005003 23.25 10.0 17.55 0
005033 23.25 10.0 17.55 0
005104 23.25 10.0 17.55 0
005134 23.25 10.0 17.55 0
005205 23.25 10.0 17.55 0
005235 23.25 10.0 17.55 0
005305 23.25 10.0 17.55 0
005336 23.25 10.0 17.55 0
005406 23.25 10.0 17.55 0
005436 23.25 10.0 17.55 0
005507 23.25 10.0 17.55 0
005537 23.25 10.0 17.55 0
005608 23.25 10.0 17.55 0
005638 23.25 10.0 17.55 0
005709 23.25 10.0 17.55 0
005739 23.25 10.0 17.55 0
005810 23.25 10.0 17.55 0
005840 23.25 10.0 17.55 0
005911 23.25 10.0 17.55 0
005941 23.25 10.0 17.55 0
010012 23.25 10.0 17.55 0
010042 23.25 10.0 17.55 0
010112 23.25 10.0 17.55 0
010143 23.25 10.0 17.55 0
010214 23.187 10.0 17.55 0
010244 23.187 10.0 17.55 0
010314 23.187 10.0 17.55 0
010345 23.187 10.0 17.55 0
010415 23.187 10.0 17.55 0
010445 23.25 10.0 17.55 0
010516 23.25 10.0 17.55 0
010546 23.25 10.0 17.55 0
010616 23.25 10.0 17.55 0
010647 23.25 10.0 17.55 0
010717 23.187 10.0 17.55 0
010748 23.187 10.0 17.55 0
010818 23.187 10.0 17.55 0
010849 23.187 10.0 17.55 0
010920 23.187 10.0 17.55 0
010950 23.187 10.0 17.55 0
011021 23.187 10.0 17.55 0
011051 23.187 10.0 17.55 0
011122 23.187 10.0 17.55 0
011152 23.187 10.0 17.55 0
011223 23.187 10.0 17.55 0
011253 23.187 10.0 17.55 0
011324 23.187 10.0 17.55 0
011355 23.187 10.0 17.55 0
011425 23.187 10.0 17.55 0
011455 23.187 10.0 17.55 0
011526 23.187 10.0 17.55 0
011556 23.187 10.0 17.55 0
011626 23.187 10.0 17.55 0
011657 23.187 10.0 17.55 0
011727 23.187 10.0 17.55 0
011758 23.187 10.0 17.55 0
011829 23.187 10.0 17.55 0
011859 23.187 10.0 17.55 0
011929 23.187 10.0 17.55 0
011959 23.187 10.0 17.55 0
012030 23.187 10.0 17.55 0
012101 23.187 10.0 17.55 0
012131 23.187 10.0 17.55 0
012201 23.187 10.0 17.55 0
012232 23.187 10.0 17.55 0
012303 23.187 10.0 17.55 0
012333 23.187 10.0 17.55 0
012404 23.187 10.0 17.55 0
012434 23.187 10.0 17.55 0
012504 23.187 10.0 17.55 0
012534 23.187 10.0 17.55 0
012605 23.187 10.0 17.55 0
012636 23.187 10.0 17.55 0
012707 23.187 10.0 17.55 0
012738 23.187 10.0 17.55 0
012809 23.187 10.0 17.55 0
012839 23.187 10.0 17.55 0
012910 23.187 10.0 17.55 0
012940 23.187 10.0 17.55 0
013010 23.187 10.0 17.55 0
013041 23.187 10.0 17.55 0
013112 23.187 10.0 17.55 0
013142 23.187 10.0 17.55 0
013212 23.187 10.0 17.55 0
013243 23.187 10.0 17.55 0
013313 23.187 10.0 17.55 0
013343 23.187 10.0 17.55 0
013414 23.187 10.0 17.55 0
013444 23.187 10.0 17.55 0
013514 23.187 10.0 17.55 0
013544 23.187 10.0 17.55 0
013614 23.187 10.0 17.55 0
013645 23.187 10.0 17.55 0
013715 23.187 10.0 17.55 0
013745 23.187 10.0 17.55 0
013815 23.187 10.0 17.55 0
013845 23.187 10.0 17.55 0
013916 23.187 10.0 17.55 0
013947 23.187 10.0 17.55 0
014018 23.187 10.0 17.55 0
014048 23.187 10.0 17.55 0
014119 23.187 10.0 17.55 0
014150 23.187 10.0 17.55 0
014220 23.187 10.0 17.55 0
014250 23.187 10.0 17.55 0
014321 23.187 10.0 17.55 0
014351 23.187 10.0 17.55 0
014422 23.187 10.0 17.55 0
014452 23.125 10.0 17.55 0
014523 23.125 10.0 17.55 0
014554 23.125 10.0 17.55 0
014624 23.125 10.0 17.55 0
014654 23.125 10.0 17.55 0
014725 23.125 10.0 17.55 0
014756 23.125 10.0 17.55 0
014826 23.125 10.0 17.55 0
014857 23.125 10.0 17.55 0
014927 23.125 10.0 17.55 0
014958 23.125 10.0 17.55 0
015028 23.125 10.0 17.55 0
015059 23.125 10.0 17.55 0
015130 23.125 10.0 17.55 0
015200 23.125 10.0 17.55 0
015230 23.125 10.0 17.55 0
015301 23.125 10.0 17.55 0
015332 23.125 10.0 17.55 0
015402 23.125 10.0 17.55 0
015432 23.125 10.0 17.55 0
015503 23.125 10.0 17.55 0
015533 23.125 10.0 17.55 0
015604 23.125 10.0 17.55 0
015635 23.125 10.0 17.55 0
015705 23.125 10.0 17.55 0
015736 23.125 10.0 17.55 0
015807 23.125 10.0 17.55 0
015837 23.125 10.0 17.55 0
015907 23.125 10.0 17.55 0
015938 23.125 10.0 17.55 0
020009 23.187 10.0 17.55 0
020040 23.187 10.0 17.55 0
020110 23.187 10.0 17.55 0
020141 23.187 10.0 17.55 0
020212 23.125 10.0 17.55 0
020242 23.125 10.0 17.55 0
020313 23.125 10.0 17.55 0
020344 23.125 10.0 17.55 0
020414 23.125 10.0 17.55 0
020444 23.125 10.0 17.55 0
020515 23.125 10.0 17.55 0
020545 23.125 10.0 17.55 0
020616 23.125 10.0 17.55 0
020646 23.125 10.0 17.55 0
020717 23.125 10.0 17.55 0
020747 23.125 10.0 17.55 0
020817 23.125 10.0 17.55 0
020848 23.125 10.0 17.55 0
020918 23.125 10.0 17.55 0
020949 23.125 10.0 17.55 0
021019 23.125 10.0 17.55 0
021049 23.125 10.0 17.55 0
021120 23.125 10.0 17.55 0
021150 23.125 10.0 17.55 0
021221 23.125 10.0 17.55 0
021251 23.125 10.0 17.55 0
021321 23.125 10.0 17.55 0
021352 23.125 10.0 17.55 0
021422 23.125 10.0 17.55 0
021453 23.125 10.0 17.55 0
021523 23.125 10.0 17.55 0
021553 23.125 10.0 17.55 0
021624 23.125 10.0 17.55 0
021654 23.125 10.0 17.55 0
021724 23.062 10.0 17.55 0
021755 23.062 10.0 17.55 0
021825 23.062 10.0 17.55 0
021856 23.062 10.0 17.55 0
021927 23.062 10.0 17.55 0
021957 23.062 10.0 17.55 0
022028 23.062 10.0 17.55 0
022059 23.062 10.0 17.55 0
022129 23.062 10.0 17.55 0
022200 23.062 10.0 17.55 0
022231 23.125 10.0 17.55 0
022301 23.125 10.0 17.55 0
022332 23.125 10.0 17.55 0
022403 23.125 10.0 17.55 0
022433 23.125 10.0 17.55 0
022504 23.062 10.0 17.55 0
022535 23.062 10.0 17.55 0
022605 23.062 10.0 17.55 0
022636 23.062 10.0 17.55 0
022706 23.062 10.0 17.55 0
022737 23.062 10.0 17.55 0
022808 23.062 10.0 17.55 0
022838 23.062 10.0 17.55 0
022908 23.062 10.0 17.55 0
022939 23.062 10.0 17.55 0
023009 23.062 10.0 17.55 0
023040 23.062 10.0 17.55 0
023110 23.062 10.0 17.55 0
023140 23.062 10.0 17.55 0
023211 23.062 10.0 17.55 0
023241 23.062 10.0 17.55 0
023311 23.062 10.0 17.55 0
023342 23.062 10.0 17.55 0
023412 23.062 10.0 17.55 0
023442 23.062 10.0 17.55 0
023513 23.062 10.0 17.55 0
023543 23.062 10.0 17.55 0
023613 23.062 10.0 17.55 0
023644 23.062 10.0 17.55 0
023716 23.062 10.0 17.55 0
023746 23.062 10.0 17.55 0
023816 23.062 10.0 17.55 0
023847 23.062 10.0 17.55 0
023918 23.062 10.0 17.55 0
023948 23.062 10.0 17.55 0
024019 23.062 10.0 17.55 0
024050 23.062 10.0 17.55 0
024121 23.062 10.0 17.55 0
024151 23.062 10.0 17.55 0
024221 23.062 10.0 17.55 0
024252 23.062 10.0 17.55 0
024323 23.062 10.0 17.55 0
024353 23.062 10.0 17.55 0
024423 23.062 10.0 17.55 0
024454 23.062 10.0 17.55 0
024524 23.062 10.0 17.55 0
024555 23.062 10.0 17.55 0
024626 23.062 10.0 17.55 0
024656 23.062 10.0 17.55 0
024726 23.062 10.0 17.55 0
024757 23.062 10.0 17.55 0
024827 23.062 10.0 17.55 0
024858 23.062 10.0 17.55 0
024928 23.062 10.0 17.55 0
024959 23.062 10.0 17.55 0
025029 23.062 10.0 17.55 0
025100 23.062 10.0 17.55 0
025131 23.062 10.0 17.55 0
025201 23.062 10.0 17.55 0
025232 23.062 10.0 17.55 0
025302 23.062 10.0 17.55 0
025332 23.062 10.0 17.55 0
025403 23.062 10.0 17.55 0
025433 23.062 10.0 17.55 0
025504 23.062 10.0 17.55 0
025534 23.062 10.0 17.55 0
025605 23.062 10.0 17.55 0
025635 23.062 10.0 17.55 0
025705 23.062 10.0 17.55 0
025735 23.062 10.0 17.55 0
025806 23.062 10.0 17.55 0
025836 23.062 10.0 17.55 0
025907 23.062 10.0 17.55 0
025938 23.062 10.0 17.55 0
030008 23.062 10.0 17.55 0
030039 23.062 10.0 17.55 0
030109 23.062 10.0 17.55 0
030140 23.062 10.0 17.55 0
030211 23.062 10.0 17.55 0
030241 23.0 10.0 17.55 0
030312 23.0 10.0 17.55 0
030343 23.0 10.0 17.55 0
030413 23.0 10.0 17.55 0
030443 23.0 10.0 17.55 0
030514 23.062 10.0 17.55 0
030544 23.062 10.0 17.55 0
030615 23.062 10.0 17.55 0
030645 23.062 10.0 17.55 0
030715 23.062 10.0 17.55 0
030745 23.062 10.0 17.55 0
030815 23.062 10.0 17.55 0
030846 23.062 10.0 17.55 0
030917 23.062 10.0 17.55 0
030949 23.0 10.0 17.55 0
031019 23.0 10.0 17.55 0
031050 23.0 10.0 17.55 0
031120 23.0 10.0 17.55 0
031150 23.0 10.0 17.55 0
031221 23.0 10.0 17.55 0
031251 23.0 10.0 17.55 0
031321 23.0 10.0 17.55 0
031352 23.0 10.0 17.55 0
031422 23.0 10.0 17.55 0
031453 23.0 10.0 17.55 0
031523 23.0 10.0 17.55 0
031554 23.0 10.0 17.55 0
031624 23.0 10.0 17.55 0
031655 23.0 10.0 17.55 0
031725 23.0 10.0 17.55 0
031755 23.0 10.0 17.55 0
031825 23.0 10.0 17.55 0
031856 23.0 10.0 17.55 0
031926 23.0 10.0 17.55 0
031957 23.0 10.0 17.55 0
032027 23.0 10.0 17.55 0
032058 23.0 10.0 17.55 0
032129 23.0 10.0 17.55 0
032159 23.0 10.0 17.55 0
032229 23.0 10.0 17.55 0
032259 23.0 10.0 17.55 0
032329 23.0 10.0 17.55 0
032359 23.0 10.0 17.55 0
032429 23.0 10.0 17.55 0
032500 23.0 10.0 17.55 0
032530 23.0 10.0 17.55 0
032601 23.0 10.0 17.55 0
032632 23.0 10.0 17.55 0
032702 23.0 10.0 17.55 0
032732 23.0 10.0 17.55 0
032803 23.0 10.0 17.55 0
032833 23.0 10.0 17.55 0
032903 23.0 10.0 17.55 0
032934 23.0 10.0 17.55 0
033004 23.0 10.0 17.55 0
033035 23.0 10.0 17.55 0
033106 23.0 10.0 17.55 0
033136 23.0 10.0 17.55 0
033207 23.0 10.0 17.55 0
033237 23.0 10.0 17.55 0
033308 23.0 10.0 17.55 0
033338 23.0 10.0 17.55 0
033408 23.0 10.0 17.55 0
033439 23.0 10.0 17.55 0
033510 22.937 10.0 17.55 0
033540 22.937 10.0 17.55 0
033611 22.937 10.0 17.55 0
033642 22.937 10.0 17.55 0
033712 22.937 10.0 17.55 0
033742 23.0 10.0 17.55 0
033813 23.0 10.0 17.55 0
033844 23.0 10.0 17.55 0
033915 23.0 10.0 17.55 0
033945 23.0 10.0 17.55 0
034015 23.0 10.0 17.55 0
034045 23.0 10.0 17.55 0
034116 23.0 10.0 17.55 0
034147 23.0 10.0 17.55 0
034217 23.0 10.0 17.55 0
034248 23.0 10.0 17.55 0
034318 23.0 10.0 17.55 0
034349 23.0 10.0 17.55 0
034419 23.0 10.0 17.55 0
034452 22.937 10.0 17.55 0
034522 22.937 10.0 17.55 0
034552 22.937 10.0 17.55 0
034623 22.937 10.0 17.55 0
034653 22.937 10.0 17.55 0
034724 23.0 10.0 17.55 0
034755 23.0 10.0 17.55 0
034826 23.0 10.0 17.55 0
034856 23.0 10.0 17.55 0
034927 23.0 10.0 17.55 0
034957 23.0 10.0 17.55 0
035028 23.0 10.0 17.55 0
035058 23.0 10.0 17.55 0
035128 23.0 10.0 17.55 0
035159 23.0 10.0 17.55 0
035230 23.0 10.0 17.55 0
035300 23.0 10.0 17.55 0
035331 23.0 10.0 17.55 0
035402 23.0 10.0 17.55 0
035432 23.0 10.0 17.55 0
035503 22.937 10.0 17.55 0
035534 22.937 10.0 17.55 0
035604 22.937 10.0 17.55 0
035634 22.937 10.0 17.55 0
035705 22.937 10.0 17.55 0
035735 23.0 10.0 17.55 0
035805 23.0 10.0 17.55 0
035836 23.0 10.0 17.55 0
035906 23.0 10.0 17.55 0
035937 23.0 10.0 17.55 0
040007 23.0 10.0 17.55 0
040037 23.0 10.0 17.55 0
040108 23.0 10.0 17.55 0
040138 23.0 10.0 17.55 0
040209 23.0 10.0 17.55 0
040239 23.0 10.0 17.55 0
040310 23.0 10.0 17.55 0
040341 23.0 10.0 17.55 0
040411 23.0 10.0 17.55 0
040442 23.0 10.0 17.55 0
040512 22.937 10.0 17.55 0
040543 22.937 10.0 17.55 0
040613 22.937 10.0 17.55 0
040644 22.937 10.0 17.55 0
040715 22.937 10.0 17.55 0
040745 23.0 10.0 17.55 0
040816 23.0 10.0 17.55 0
040847 23.0 10.0 17.55 0
040917 23.0 10.0 17.55 0
040948 23.0 10.0 17.55 0
041019 23.0 10.0 17.55 0
041049 23.0 10.0 17.55 0
041120 23.0 10.0 17.55 0
041150 23.0 10.0 17.55 0
041221 23.0 10.0 17.55 0
041251 23.0 10.0 17.55 0
041322 23.0 10.0 17.55 0
041353 23.0 10.0 17.55 0
041423 23.0 10.0 17.55 0
041456 23.0 10.0 17.55 0
041527 23.0 10.0 17.55 0
041557 23.0 10.0 17.55 0
041628 23.0 10.0 17.55 0
041658 23.0 10.0 17.55 0
041729 22.937 10.0 17.55 0
041800 22.937 10.0 17.55 0
041830 22.937 10.0 17.55 0
041901 22.937 10.0 17.55 0
041931 22.937 10.0 17.55 0
042001 23.0 10.0 17.55 0
042032 23.0 10.0 17.55 0
042102 23.0 10.0 17.612 0
042133 23.0 10.0 17.55 0
042203 23.0 10.0 17.55 0
042234 23.0 10.0 17.55 0
042305 23.0 10.0 17.612 0
042335 23.0 10.0 17.55 0
042406 23.0 10.0 17.612 0
042436 23.0 10.0 17.55 0
042506 22.937 10.0 17.55 0
042537 22.937 10.0 17.55 0
042607 22.937 10.0 17.612 0
042637 22.937 10.0 17.55 0
042708 22.937 10.0 17.55 0
042739 22.937 10.0 17.55 0
042809 22.937 10.0 17.55 0
042839 22.937 10.0 17.55 0
042910 22.937 10.0 17.612 0
042940 22.937 10.0 17.55 0
043010 23.0 10.0 17.612 0
043041 23.0 10.0 17.612 0
043111 23.0 10.0 17.55 0
043142 23.0 10.0 17.55 0
043213 23.0 10.0 17.55 0
043243 22.937 10.0 17.55 0
043314 22.937 10.0 17.612 0
043345 22.937 10.0 17.55 0
043415 22.937 10.0 17.55 0
043446 22.937 10.0 17.612 0
043517 22.937 10.0 17.55 0
043547 22.937 10.0 17.55 0
043618 22.937 10.0 17.55 0
043649 22.937 10.0 17.55 0
043719 22.937 10.0 17.55 0
043749 22.937 10.0 17.55 0
043820 22.937 10.0 17.55 0
043850 22.937 10.0 17.55 0
043921 22.937 10.0 17.55 0
043952 22.937 10.0 17.55 0
044022 22.937 10.0 17.612 0
044053 22.937 10.0 17.55 0
044123 22.937 10.0 17.55 0
044154 22.937 10.0 17.55 0
044224 22.937 10.0 17.612 0
044254 22.937 10.0 17.612 0
044325 22.937 10.0 17.55 0
044356 22.937 10.0 17.612 0
044426 22.937 10.0 17.55 0
044458 22.937 10.0 17.55 0
044529 22.937 10.0 17.612 0
044600 22.937 10.0 17.55 0
044631 22.937 10.0 17.612 0
044701 22.937 10.0 17.55 0
044732 22.937 10.0 17.612 0
044802 22.937 10.0 17.55 0
044833 22.937 10.0 17.55 0
044903 22.937 10.0 17.55 0
044934 22.937 10.0 17.55 0
045005 22.937 10.0 17.612 0
045035 22.937 10.0 17.55 0
045106 22.937 10.0 17.612 0
045136 22.937 10.0 17.55 0
045207 22.937 10.0 17.612 0
045237 22.937 10.0 17.55 0
045308 22.937 10.0 17.55 0
045339 22.937 10.0 17.55 0
045409 22.937 10.0 17.55 0
045440 22.937 10.0 17.55 0
045510 22.937 10.0 17.612 0
045541 22.937 10.0 17.612 0
045612 22.937 10.0 17.612 0
045642 22.937 10.0 17.55 0
045713 22.937 10.0 17.55 0
045743 22.937 10.0 17.55 0
045814 22.937 10.0 17.612 0
045844 22.937 10.0 17.55 0
045915 22.937 10.0 17.55 0
045946 22.937 10.0 17.612 0
050016 22.937 10.0 17.55 0
050047 22.937 10.0 17.612 0
050117 22.937 10.0 17.55 0
050147 22.937 10.0 17.612 0
050218 22.937 10.0 17.55 0
050248 22.937 10.0 17.612 0
050318 22.937 10.0 17.612 0
050349 22.937 10.0 17.612 0
050419 22.937 10.0 17.55 0
050449 22.937 10.0 17.612 0
050519 22.937 10.0 17.612 0
050550 22.937 10.0 17.612 0
050621 22.937 10.0 17.612 0
050651 22.937 10.0 17.612 0
050722 22.937 10.0 17.612 0
050752 22.875 10.0 17.612 0
050822 22.875 10.0 17.55 0
050853 22.875 10.0 17.612 0
050923 22.875 10.0 17.55 0
050954 22.875 10.0 17.612 0
051024 22.937 10.0 17.612 0
051055 22.937 10.0 17.55 0
051125 22.937 10.0 17.612 0
051156 22.937 10.0 17.55 0
051226 22.937 10.0 17.55 0
051257 22.937 10.0 17.612 0
051327 22.937 10.0 17.612 0
051358 22.937 10.0 17.612 0
051429 22.937 10.0 17.612 0
051459 22.937 10.0 17.612 0
051529 22.937 10.0 17.612 0
051600 22.937 10.0 17.612 0
051631 22.937 10.0 17.612 0
051701 22.937 10.0 17.612 0
051733 22.875 10.0 17.55 0
051804 22.875 10.0 17.612 0
051834 22.875 10.0 17.612 0
051905 22.875 10.0 17.612 0
051936 22.875 10.0 17.612 0
052006 22.937 10.0 17.612 0
052037 22.937 10.0 17.612 0
052107 22.937 10.0 17.612 0
052138 22.937 10.0 17.612 0
052208 22.937 10.0 17.55 0
052238 22.937 10.0 17.55 0
052309 22.937 10.0 17.55 0
052340 22.937 10.0 17.612 0
052410 22.937 10.0 17.612 0
052441 22.937 10.0 17.612 0
052511 22.875 10.0 17.612 0
052542 22.875 10.0 17.612 0
052612 22.875 10.0 17.612 0
052642 22.875 10.0 17.612 0
052713 22.875 10.0 17.612 0
052744 22.875 10.0 17.612 0
052814 22.875 10.0 17.612 0
052845 22.875 10.0 17.612 0
052916 22.875 10.0 17.612 0
052946 22.875 10.0 17.612 0
053017 22.875 10.0 17.612 0
053048 22.875 10.0 17.612 0
053118 22.875 10.0 17.612 0
053149 22.875 10.0 17.612 0
053220 22.875 10.0 17.55 0
053250 22.875 10.0 17.55 0
053321 22.875 10.0 17.612 0
053351 22.875 10.0 17.55 0
053422 22.875 10.0 17.55 0
053453 22.875 10.0 17.612 0
053523 22.875 10.0 17.612 0
053554 22.875 10.0 17.612 0
053624 22.875 10.0 17.612 0
053654 22.875 10.0 17.612 0
053724 22.875 10.0 17.612 0
053754 22.875 10.0 17.612 0
053825 22.875 10.0 17.612 0
053855 22.875 10.0 17.612 0
053926 22.875 10.0 17.612 0
053957 22.875 10.0 17.612 0
054027 22.875 10.0 17.612 0
054057 22.875 10.0 17.612 0
054128 22.875 10.0 17.612 0
054159 22.875 10.0 17.612 0
054229 22.875 10.0 17.612 0
054300 22.875 10.0 17.612 0
054330 22.875 10.0 17.612 0
054401 22.875 10.0 17.612 0
054431 22.875 10.0 17.612 0
054502 22.875 10.0 17.612 0
054533 22.875 10.0 17.612 0
054603 22.875 10.0 17.612 0
054633 22.875 10.0 17.612 0
054704 22.875 10.0 17.612 0
054735 22.875 10.0 17.612 0
054805 22.875 10.0 17.612 0
054835 22.875 10.0 17.612 0
054905 22.875 10.0 17.612 0
054936 22.875 10.0 17.612 0
055009 22.875 10.0 17.612 0
055039 22.875 10.0 17.612 0
055110 22.875 10.0 17.612 0
055141 22.875 10.0 17.612 0
055211 22.875 10.0 17.612 0
055242 22.812 10.0 17.612 0
055313 22.812 10.0 17.612 0
055343 22.812 10.0 17.612 0
055413 22.812 10.0 17.612 0
055444 22.812 10.0 17.612 0
055514 22.812 10.0 17.612 0
055545 22.812 10.0 17.612 0
055615 22.812 10.0 17.612 0
055645 22.812 10.0 17.612 0
055716 22.812 10.0 17.612 0
055746 22.812 10.0 17.612 0
055817 22.812 10.0 17.612 0
055848 22.812 10.0 17.612 0
055919 22.812 10.0 17.612 0
055949 22.812 10.0 17.612 0
060020 22.812 10.0 17.612 0
060051 22.812 10.0 17.612 0
060122 22.812 10.0 17.612 0
060152 22.812 10.0 17.612 0
060222 22.812 10.0 17.612 0
060253 22.812 10.0 17.612 0
060323 22.812 10.0 17.612 0
060353 22.812 10.0 17.612 0
060424 22.812 10.0 17.612 0
060455 22.812 10.0 17.612 0
060525 22.875 10.0 17.612 0
060555 22.875 10.0 17.612 0
060626 22.875 10.0 17.612 0
060656 22.875 10.0 17.612 0
060727 22.875 10.0 17.612 0
060757 22.812 10.0 17.612 0
060828 22.812 10.0 17.612 0
060859 22.812 10.0 17.612 0
060929 22.812 10.0 17.612 0
061000 22.812 10.0 17.612 0
061030 22.812 10.0 17.612 0
061100 22.812 10.0 17.612 0
061131 22.812 10.0 17.612 0
061201 22.812 10.0 17.612 0
061231 22.812 10.0 17.612 0
061302 22.812 10.0 17.612 0
061333 22.812 10.0 17.612 0
061403 22.812 10.0 17.612 0
061433 22.812 10.0 17.612 0
061504 22.812 10.0 17.612 0
061535 22.812 10.0 17.612 0
061605 22.812 10.0 17.612 0
061635 22.812 10.0 17.612 0
061706 22.812 10.0 17.612 0
061736 22.812 10.0 17.612 0
061807 22.812 10.0 17.612 0
061838 22.812 10.0 17.612 0
061908 22.812 10.0 17.612 0
061939 22.812 10.0 17.612 0
062010 22.812 10.0 17.612 0
062040 22.812 10.0 17.612 0
062111 22.812 10.0 17.612 0
062142 22.812 10.0 17.612 0
062212 22.812 10.0 17.612 0
062244 22.75 10.0 17.612 0
062314 22.75 10.0 17.612 0
062344 22.75 10.0 17.612 0
062415 22.75 10.0 17.612 0
062445 22.75 10.0 17.612 0
062516 22.75 10.0 17.612 0
062546 22.75 10.0 17.612 0
062617 22.75 10.0 17.612 0
062647 22.75 10.0 17.612 0
062718 22.75 10.0 17.612 0
062749 22.75 10.0 17.612 0
062819 22.75 10.0 17.612 0
062849 22.75 10.0 17.612 0
062920 22.75 10.0 17.612 0
062950 22.75 10.0 17.612 0
063021 22.75 10.0 17.612 0
063051 22.75 10.0 17.612 0
063121 22.75 10.0 17.612 0
063151 22.75 10.0 17.612 0
063221 22.75 10.0 17.612 0
063252 22.75 10.0 17.612 0
063322 22.75 10.0 17.612 0
063353 22.75 10.0 17.612 0
063423 22.75 10.0 17.612 0
063454 22.75 10.0 17.612 0
063524 22.75 10.0 17.612 0
063555 22.75 10.0 17.612 0
063625 22.75 10.0 17.612 0
063656 22.75 10.0 17.612 0
063726 22.75 10.0 17.612 0
063757 22.75 10.0 17.612 0
063827 22.75 10.0 17.612 0
063857 22.75 10.0 17.612 0
063928 22.75 10.0 17.612 0
063958 22.75 10.0 17.612 0
064028 22.75 10.0 17.612 0
064059 22.75 10.0 17.612 0
064129 22.75 10.0 17.612 0
064200 22.75 10.0 17.612 0
064230 22.75 10.0 17.612 0
064301 22.75 10.0 17.612 0
064332 22.75 10.0 17.612 0
064402 22.75 10.0 17.612 0
064432 22.75 10.0 17.612 0
064503 22.75 10.0 17.612 0
064533 22.75 10.0 17.612 0
064604 22.75 10.0 17.612 0
064635 22.75 10.0 17.612 0
064705 22.75 10.0 17.612 0
064736 22.75 10.0 17.612 0
064807 22.75 10.0 17.612 0
064837 22.75 10.0 17.612 0
064907 22.75 10.0 17.612 0
064938 22.75 10.0 17.612 0
065009 22.75 10.0 17.612 0
065039 22.75 10.0 17.612 0
065110 22.75 10.0 17.612 0
065140 22.75 10.0 17.612 0
065210 22.75 10.0 17.612 0
065241 22.75 10.0 17.612 0
065311 22.75 10.0 17.612 0
065342 22.75 10.0 17.612 0
065413 22.75 10.0 17.612 0
065443 22.75 10.0 17.612 0
065514 22.75 10.0 17.612 0
065544 22.75 10.0 17.612 0
065614 22.75 10.0 17.612 0
065645 22.75 10.0 17.612 0
065715 22.75 10.0 17.612 0
065748 22.75 10.0 17.612 0
065819 22.75 10.0 17.612 0
065849 22.75 10.0 17.612 0
065920 22.75 10.0 17.612 0
065950 22.75 10.0 17.612 0
070021 22.75 10.0 17.612 0
070051 22.75 10.0 17.612 0
070122 22.75 10.0 17.612 0
070153 22.75 10.0 17.612 0
070223 22.75 10.0 17.612 0
070254 22.687 10.0 17.612 0
070325 22.687 10.0 17.612 0
070355 22.687 10.0 17.612 0
070426 22.687 10.0 17.612 0
070457 22.687 10.0 17.612 0
070528 22.687 10.0 17.612 0
070558 22.687 10.0 17.612 0
070629 22.687 10.0 17.612 0
070659 22.687 10.0 17.612 0
070729 22.687 10.0 17.612 0
070800 22.75 10.0 17.612 0
070831 22.75 10.0 17.612 0
070902 22.75 10.0 17.612 0
070932 22.75 10.0 17.612 0
071002 22.75 10.0 17.612 0
071033 22.75 10.0 17.612 0
071103 22.75 10.0 17.612 0
071133 22.75 10.0 17.612 0
071204 22.75 10.0 17.612 0
071234 22.75 10.0 17.612 0
071304 22.75 10.0 17.612 0
071335 22.75 10.0 17.612 0
071405 22.75 10.0 17.612 0
071435 22.75 10.0 17.612 0
071506 22.75 10.0 17.612 0
071536 22.75 10.0 17.612 0
071606 22.75 10.0 17.612 0
071637 22.75 10.0 17.612 0
071707 22.75 10.0 17.612 0
071738 22.75 10.0 17.612 0
071809 22.75 10.0 17.612 0
071839 22.75 10.0 17.612 0
071909 22.75 10.0 17.612 0
071940 22.75 10.0 17.612 0
072010 22.75 10.0 17.612 0
072040 22.687 10.0 17.612 0
072111 22.687 10.0 17.612 0
072141 22.687 10.0 17.612 0
072211 22.687 10.0 17.612 0
072241 22.687 10.0 17.612 0
072311 22.75 10.0 17.612 0
072342 22.75 10.0 17.612 0
072412 22.75 10.0 17.612 0
072443 22.75 10.0 17.612 0
072513 22.75 10.0 17.612 0
072544 22.75 10.0 17.612 0
072614 22.75 10.0 17.612 0
072645 22.75 10.0 17.612 0
072715 22.75 10.0 17.612 0
072745 22.75 10.0 17.612 0
072816 22.75 10.0 17.612 0
072846 22.75 10.0 17.612 0
072917 22.75 10.0 17.612 0
072948 22.75 10.0 17.612 0
073019 22.75 10.0 17.612 0
073049 22.75 10.0 17.612 0
073119 22.75 10.0 17.612 0
073150 22.75 10.0 17.612 0
073220 22.75 10.0 17.612 0
073250 22.75 10.0 17.612 0
073320 22.75 10.0 17.612 0
073351 22.75 10.0 17.612 0
073421 22.75 10.0 17.612 0
073451 22.75 10.0 17.612 0
073524 22.75 10.0 17.612 0
073555 22.75 10.0 17.612 0
073625 22.75 10.0 17.612 0
073656 22.75 10.0 17.612 0
073727 22.75 10.0 17.612 0
073757 22.75 10.0 17.612 0
073828 22.75 10.0 17.612 0
073859 22.75 10.0 17.612 0
073929 22.75 10.0 17.612 0
074000 22.75 10.0 17.612 0
074030 22.75 10.0 17.612 0
074101 22.75 10.0 17.612 0
074131 22.75 10.0 17.612 0
074202 22.75 10.0 17.612 0
074233 22.75 10.0 17.612 0
074303 22.75 10.0 17.612 0
074333 22.75 10.0 17.612 0
074404 22.75 10.0 17.612 0
074435 22.75 10.0 17.612 0
074505 22.75 10.0 17.612 0
074536 22.75 10.0 17.612 0
074607 22.75 10.0 17.612 0
074637 22.75 10.0 17.612 0
074708 22.75 10.0 17.612 0
074739 22.75 10.0 17.612 0
074809 22.75 10.0 17.612 0
074840 22.75 10.0 17.612 0
074911 22.75 10.0 17.612 0
074941 22.75 10.0 17.612 0
075012 22.75 10.0 17.612 0
075042 22.75 10.0 17.612 0
075113 22.75 10.0 17.612 0
075143 22.75 10.0 17.612 0
075214 22.75 10.0 17.612 0
075244 22.75 10.0 17.612 0
075314 22.75 10.0 17.612 0
075345 22.75 10.0 17.612 0
075416 22.75 10.0 17.612 0
075446 22.75 10.0 17.612 0
075516 22.75 10.0 17.612 0
075547 22.75 10.0 17.612 0
075618 22.75 10.0 17.612 0
075648 22.75 10.0 17.612 0
075718 22.75 10.0 17.612 0
075748 22.75 10.0 17.612 0
075819 22.687 10.0 17.612 0
075849 22.687 10.0 17.612 0
075919 22.687 10.0 17.612 0
075950 22.687 10.0 17.612 0
080020 22.687 10.0 17.612 0
080051 22.687 10.0 17.612 0
080121 22.687 10.0 17.612 0
080152 22.687 10.0 17.612 0
080222 22.687 10.0 17.612 0
080253 22.687 10.0 17.612 0
080324 22.75 10.0 17.612 0
080354 22.75 10.0 17.612 0
080425 22.75 10.0 17.612 0
080456 22.75 10.0 17.612 0
080526 22.75 10.0 17.612 0
080556 22.687 10.0 17.612 0
080626 22.687 10.0 17.612 0
080656 22.687 10.0 17.612 0
080727 22.687 10.0 17.612 0
080800 22.687 10.0 17.612 0
080831 22.687 10.0 17.612 0
080901 22.687 10.0 17.612 0
080932 22.687 10.0 17.612 0
081002 22.687 10.0 17.612 0
081032 22.625 10.0 17.612 0
081103 22.625 10.0 17.612 0
081133 22.625 10.0 17.612 0
081203 22.625 10.0 17.612 0
081233 22.625 10.0 17.612 0
081304 22.25 10.0 17.612 0
081334 22.25 10.0 17.612 0
081405 22.25 10.0 17.612 0
081435 22.25 10.0 17.612 0
081505 22.25 10.0 17.612 0
081535 22.25 10.0 17.612 0
081605 22.25 10.0 17.612 0
081635 22.25 10.0 17.612 0
081705 22.25 10.0 17.612 0
081736 22.25 10.0 17.612 0
081806 22.0 10.0 17.612 0
081836 22.0 10.0 17.612 0
081906 22.0 10.0 17.612 0
081937 22.0 10.0 17.612 0
082007 22.0 10.0 17.612 0
082037 21.875 10.0 17.612 0
082108 21.875 10.0 17.612 0
082140 21.875 10.0 17.612 0
082210 21.875 10.0 17.612 0
082241 21.875 10.0 17.612 0
082311 21.812 10.0 17.612 0
082342 21.812 10.0 17.612 0
082413 21.812 10.0 17.612 0
082444 21.812 10.0 17.612 0
082514 21.812 10.0 17.612 0
082544 21.812 10.0 17.612 0
082615 21.812 10.0 17.612 0
082645 21.812 10.0 17.612 0
082715 21.812 10.0 17.612 0
082746 21.812 10.0 17.612 0
082816 21.812 10.0 17.612 0
082847 21.812 10.0 17.612 0
082917 21.812 10.0 17.612 0
082948 21.812 10.0 17.612 0
083019 21.812 10.0 17.612 0
083049 21.812 10.0 17.612 0
083120 21.812 10.0 17.612 0
083151 21.812 10.0 17.612 0
083222 21.812 10.0 17.612 0
083252 21.812 10.0 17.612 0
083323 21.687 10.0 17.612 0
083353 21.687 10.0 17.612 0
083423 21.687 10.0 17.612 0
083454 21.687 10.0 17.612 0
083525 21.687 10.0 17.612 0
083556 21.687 10.0 17.612 0
083626 21.687 10.0 17.612 0
083657 21.687 10.0 17.612 0
083728 21.687 10.0 17.612 0
083758 21.687 10.0 17.612 0
083828 21.625 10.0 17.612 0
083859 21.625 10.0 17.612 0
083930 21.625 10.0 17.612 0
084000 21.625 10.0 17.612 0
084031 21.625 10.0 17.612 0
084101 21.687 10.0 17.612 0
084131 21.687 10.0 17.612 0
084202 21.687 10.0 17.612 0
084232 21.687 10.0 17.612 0
084305 21.687 10.0 17.612 0
084335 21.687 10.0 17.612 0
084406 21.687 10.0 17.612 0
084437 21.687 10.0 17.612 0
084507 21.687 10.0 17.612 0
084537 21.687 10.0 17.612 0
084608 21.687 10.0 17.612 0
084638 21.687 10.0 17.612 0
084708 21.687 10.0 17.612 0
084739 21.687 10.0 17.612 0
084810 21.75 10.0 17.612 0
084840 21.75 10.0 17.612 0
084910 21.75 10.0 17.612 0
084940 21.75 10.0 17.612 0
085011 21.75 10.0 17.612 0
085042 21.75 10.0 17.612 0
085113 21.75 10.0 17.612 0
085143 21.75 10.0 17.612 0
085214 21.75 10.0 17.612 0
085245 21.75 10.0 17.612 0
085315 21.75 10.0 17.612 0
085346 21.75 10.0 17.612 0
085417 21.75 10.0 17.612 0
085447 21.75 10.0 17.612 0
085518 21.75 10.0 17.612 0
085548 21.75 10.0 17.612 0
085619 21.75 10.0 17.612 0
085649 21.75 10.0 17.612 0
085720 21.75 10.0 17.612 0
085750 21.75 10.0 17.612 0
085820 21.687 10.0 17.612 0
085851 21.687 10.0 17.612 0
085922 21.687 10.0 17.612 0
085952 21.687 10.0 17.612 0
090023 21.687 10.0 17.612 0
090053 21.625 10.0 17.612 0
090124 21.625 10.0 17.612 0
090154 21.625 10.0 17.612 0
090225 21.625 10.0 17.612 0
090256 21.625 10.0 17.612 0
090326 21.312 10.0 17.612 0
090356 21.312 10.0 17.612 0
090427 21.312 10.0 17.612 0
090457 21.312 10.0 17.612 0
090528 21.312 10.0 17.612 0
090559 21.0 10.0 17.612 0
090630 21.0 10.0 17.612 0
090700 21.0 10.0 17.612 0
090731 21.0 10.0 17.612 0
090801 21.0 10.0 17.612 0
090831 20.937 10.0 17.612 0
090902 20.937 10.0 17.612 0
090932 20.937 10.0 17.612 0
091003 20.937 10.0 17.612 0
091034 20.937 10.0 17.612 0
091104 21.0 10.0 17.612 0
091134 21.0 10.0 17.612 0
091205 21.0 10.0 17.612 0
091235 21.0 10.0 17.612 0
091307 21.062 10.0 17.612 0
091337 21.062 10.0 17.612 0
091407 21.062 10.0 17.612 0
091438 21.062 10.0 17.612 0
091508 21.062 10.0 17.612 0
091538 20.937 10.0 17.612 0
091609 20.937 10.0 17.612 0
091639 20.937 10.0 17.612 0
091709 20.937 10.0 17.612 0
091740 20.937 10.0 17.612 0
091810 21.0 10.0 17.612 0
091841 21.0 10.0 17.612 0
091912 21.0 10.0 17.612 0
091942 21.0 10.0 17.612 0
092012 21.0 10.0 17.612 0
092043 20.687 10.0 17.612 0
092113 20.687 10.0 17.612 0
092144 20.687 10.0 17.612 0
092214 20.687 10.0 17.612 0
092244 20.687 10.0 17.612 0
092315 20.562 10.0 17.612 0
092346 20.562 10.0 17.612 0
092416 20.562 10.0 17.612 0
092447 20.562 10.0 17.612 0
092518 20.562 10.0 17.612 0
092548 20.625 10.0 17.612 0
092618 20.625 10.0 17.612 0
092649 20.625 10.0 17.612 0
092719 20.625 10.0 17.612 0
092750 20.625 10.0 17.612 0
092820 20.562 10.0 17.612 0
092851 20.562 10.0 17.612 0
092921 20.562 10.0 17.612 0
092951 20.562 10.0 17.612 0
093021 20.562 10.0 17.612 0
093052 20.375 10.0 17.612 0
093122 20.375 10.0 17.612 0
093152 20.375 10.0 17.612 0
093222 20.375 10.0 17.612 0
093252 20.375 10.0 17.612 0
093323 20.312 10.0 17.612 0
093354 20.312 10.0 17.612 0
093425 20.312 10.0 17.612 0
093455 20.312 10.0 17.612 0
093525 20.312 10.0 17.612 0
093556 20.187 10.0 17.612 0
093627 20.187 10.0 17.612 0
093657 20.187 10.0 17.612 0
093728 20.187 10.0 17.612 0
093758 20.187 10.0 17.612 0
093829 20.25 10.0 17.612 0
093859 20.25 10.0 17.612 0
093930 20.25 10.0 17.612 0
094000 20.25 10.0 17.612 0
094031 20.25 10.0 17.612 0
094101 20.375 10.0 17.612 0
094131 20.375 10.0 17.612 0
094202 20.375 10.0 17.612 0
094233 20.375 10.0 17.612 0
094303 20.375 10.0 17.612 0
094334 20.312 10.0 17.612 0
094404 20.312 10.0 17.612 0
094435 20.312 10.0 17.612 0
094505 20.312 10.0 17.612 0
094535 20.312 10.0 17.612 0
094606 20.187 10.0 17.612 0
094636 20.187 10.0 17.612 0
094707 20.187 10.0 17.612 0
094737 20.187 10.0 17.612 0
094808 20.187 10.0 17.612 0
094838 20.125 10.0 17.612 0
094908 20.125 10.0 17.612 0
094938 20.125 10.0 17.612 0
095009 20.125 10.0 17.612 0
095041 20.375 10.0 17.612 0
095112 20.375 10.0 17.612 0
095142 20.375 10.0 17.612 0
095212 20.375 10.0 17.612 0
095242 20.375 10.0 17.612 0
095313 20.437 10.0 17.612 0
095343 20.437 10.0 17.612 0
095414 20.437 10.0 17.612 0
095444 20.437 10.0 17.612 0
095515 20.437 10.0 17.612 0
095546 20.375 10.0 17.612 0
095616 20.375 10.0 17.612 0
095647 20.375 10.0 17.612 0
095717 20.375 10.0 17.612 0
095748 20.375 10.0 17.612 0
095819 20.25 10.0 17.612 0
095849 20.25 10.0 17.612 0
095920 20.25 10.0 17.612 0
095950 20.25 10.0 17.612 0
100021 20.25 10.0 17.612 0
100051 20.187 10.0 17.612 0
100121 20.187 10.0 17.612 0
100152 20.187 10.0 17.612 0
100223 20.187 10.0 17.612 0
100253 20.187 10.0 17.612 0
100323 20.062 10.0 17.612 0
100353 20.062 10.0 17.612 0
100424 20.062 10.0 17.612 0
100455 20.062 10.0 17.612 0
100525 20.062 10.0 17.612 0
100555 20.187 10.0 17.612 0
100625 20.187 10.0 17.612 0
100656 20.187 10.0 17.612 0
100726 20.187 10.0 17.612 0
100757 20.187 10.0 17.612 0
100827 20.187 10.0 17.612 0
100858 20.187 10.0 17.612 0
100928 20.187 10.0 17.612 0
100959 20.187 10.0 17.612 0
101030 20.187 10.0 17.612 0
101101 20.187 10.0 17.612 0
101131 20.187 10.0 17.612 0
101202 20.187 10.0 17.612 0
101233 20.187 10.0 17.612 0
101303 20.187 10.0 17.612 0
101334 20.375 10.0 17.612 0
101404 20.375 10.0 17.612 0
101435 20.375 10.0 17.612 0
101505 20.375 10.0 17.612 0
101536 20.375 10.0 17.612 0
101606 20.375 10.0 17.612 0
101636 20.375 10.0 17.612 0
101707 20.375 10.0 17.612 0
101738 20.375 10.0 17.612 0
101808 20.375 10.0 17.612 0
101838 20.312 10.0 17.612 0
101909 20.312 10.0 17.612 0
101939 20.312 10.0 17.612 0
102010 20.312 10.0 17.612 0
102041 20.312 10.0 17.612 0
102111 20.25 10.0 17.612 0
102142 20.25 10.0 17.612 0
102213 20.25 10.0 17.612 0
102244 20.25 10.0 17.612 0
102316 20.312 10.0 17.612 0
102347 20.312 10.0 17.612 0
102418 20.312 10.0 17.612 0
102448 20.312 10.0 17.612 0
102518 20.312 10.0 17.612 0
102549 20.375 10.0 17.612 0
102620 20.375 10.0 17.612 0
102651 20.375 10.0 17.612 0
102721 20.375 10.0 17.612 0
102752 20.375 10.0 17.612 0
102823 20.437 10.0 17.612 0
102854 20.437 10.0 17.612 0
102924 20.437 10.0 17.612 0
102954 20.437 10.0 17.612 0
103025 20.437 10.0 17.612 0
103055 20.375 10.0 17.612 0
103125 20.375 10.0 17.612 0
103156 20.375 10.0 17.612 0
103226 20.375 10.0 17.612 0
103257 20.375 10.0 17.612 0
103327 20.375 10.0 17.612 0
103358 20.375 10.0 17.612 0
103428 20.375 10.0 17.612 0
103459 20.375 10.0 17.612 0
103530 20.375 10.0 17.612 0
103600 20.25 10.0 17.612 0
103631 20.25 10.0 17.612 0
103701 20.25 10.0 17.612 0
103731 20.25 10.0 17.612 0
103802 20.25 10.0 17.612 0
103832 20.0 10.0 17.612 0
103903 20.0 10.0 17.612 0
103933 20.0 10.0 17.612 0
104004 20.0 10.0 17.612 0
104034 20.0 10.0 17.612 0
104104 20.0 10.0 17.612 0
104135 20.0 10.0 17.612 0
104205 20.0 10.0 17.612 0
104235 20.0 10.0 17.612 0
104306 20.0 10.0 17.612 0
104337 20.0 10.0 17.612 0
104407 20.0 10.0 17.612 0
104437 20.0 10.0 17.612 0
104508 20.0 10.0 17.612 0
104538 20.0 10.0 17.612 0
104608 19.937 10.0 17.612 0
104638 19.937 10.0 17.612 0
104709 19.937 10.0 17.612 0
104739 19.937 10.0 17.612 0
104809 19.937 10.0 17.612 0
104840 20.0 10.0 17.612 0
104910 20.0 10.0 17.612 0
104940 20.0 10.0 17.612 0
105011 20.0 10.0 17.612 0
105041 20.0 10.0 17.612 0
105111 20.0 10.0 17.612 0
105142 20.0 10.0 17.612 0
105212 20.0 10.0 17.612 0
105242 20.0 10.0 17.612 0
105312 20.0 10.0 17.612 0
105342 20.062 10.0 17.612 0
105412 20.062 10.0 17.612 0
105442 20.062 10.0 17.612 0
105513 20.062 10.0 17.612 0
105544 20.062 10.0 17.612 0
105614 20.062 10.0 17.612 0
105644 20.062 10.0 17.612 0
105715 20.062 10.0 17.612 0
105745 20.062 10.0 17.612 0
105816 20.062 10.0 17.612 0
105846 20.125 10.0 17.612 0
105917 20.125 10.0 17.612 0
105947 20.125 10.0 17.612 0
110018 20.125 10.0 17.612 0
110048 20.125 10.0 17.612 0
110119 20.0 10.0 17.612 0
110149 20.0 10.0 17.612 0
110220 20.0 10.0 17.612 0
110250 20.0 10.0 17.612 0
110322 19.875 10.0 17.612 0
110352 19.875 10.0 17.612 0
110422 19.875 10.0 17.612 0
110452 19.875 10.0 17.612 0
110522 19.875 10.0 17.612 0
110553 19.687 10.0 17.612 0
110624 19.687 10.0 17.612 0
110654 19.687 10.0 17.612 0
110724 19.687 10.0 17.612 0
110754 19.687 10.0 17.612 0
110824 19.812 10.0 17.612 0
110855 19.812 10.0 17.612 0
110925 19.812 10.0 17.612 0
110956 19.812 10.0 17.612 0
111027 19.812 10.0 17.612 0
111057 19.812 10.0 17.612 0
111128 19.812 10.0 17.612 0
111158 19.812 10.0 17.612 0
111229 19.812 10.0 17.612 0
111300 19.812 10.0 17.612 0
111330 20.0 10.0 17.612 0
111400 20.0 10.0 17.612 0
111431 20.0 10.0 17.612 0
111502 20.0 10.0 17.612 0
111532 20.0 10.0 17.612 0
111603 20.125 10.0 17.612 0
111633 20.125 10.0 17.612 0
111703 20.125 10.0 17.612 0
111733 20.125 10.0 17.612 0
111804 20.125 10.0 17.612 0
111834 20.187 10.0 17.612 0
111905 20.187 10.0 17.612 0
111936 20.187 10.0 17.612 0
112006 20.187 10.0 17.612 0
112037 20.187 10.0 17.612 0
112108 20.062 10.0 17.612 0
112138 20.062 10.0 17.612 0
112209 20.062 10.0 17.612 0
112240 20.062 10.0 17.612 0
112310 20.062 10.0 17.612 0
112340 20.062 10.0 17.612 0
112411 20.062 10.0 17.612 0
112441 20.062 10.0 17.612 0
112512 20.062 10.0 17.612 0
112543 20.062 10.0 17.612 0
112613 20.125 10.0 17.612 0
112644 20.125 10.0 17.612 0
112714 20.125 10.0 17.612 0
112745 20.125 10.0 17.612 0
112816 20.125 10.0 17.612 0
112846 20.312 10.0 17.612 0
112917 20.312 10.0 17.612 0
112947 20.312 10.0 17.612 0
113018 20.312 10.0 17.612 0
113048 20.312 10.0 17.612 0
113119 20.437 10.0 17.612 0
113149 20.437 10.0 17.612 0
113220 20.437 10.0 17.612 0
113251 20.437 10.0 17.612 0
113321 20.437 10.0 17.612 0
113352 20.312 10.0 17.612 0
113423 20.312 10.0 17.612 0
113453 20.312 10.0 17.612 0
113524 20.312 10.0 17.612 0
113557 20.437 10.0 17.612 0
113627 20.437 10.0 17.612 0
113657 20.437 10.0 17.612 0
113727 20.437 10.0 17.612 0
113758 20.437 10.0 17.612 0
113828 20.562 10.0 17.612 0
113859 20.562 10.0 17.612 0
113929 20.562 10.0 17.612 0
114000 20.562 10.0 17.612 0
114030 20.562 10.0 17.612 0
114100 20.437 10.0 17.612 0
114131 20.437 10.0 17.612 0
114201 20.437 10.0 17.612 0
114232 20.437 10.0 17.612 0
114303 20.437 10.0 17.612 0
114333 20.437 10.0 17.612 0
114403 20.437 10.0 17.612 0
114434 20.437 10.0 17.612 0
114504 20.437 10.0 17.612 0
114534 20.437 10.0 17.612 0
114605 20.5 10.0 17.612 0
114635 20.5 10.0 17.612 0
114706 20.5 10.0 17.612 0
114736 20.5 10.0 17.612 0
114807 20.5 10.0 17.612 0
114837 20.375 10.0 17.612 0
114907 20.375 10.0 17.612 0
114937 20.375 10.0 17.612 0
115007 20.375 10.0 17.612 0
115038 20.375 10.0 17.612 0
115108 20.437 10.0 17.612 0
115138 20.437 10.0 17.612 0
115209 20.437 10.0 17.612 0
115239 20.437 10.0 17.612 0
115310 20.437 10.0 17.612 0
115340 20.562 10.0 17.612 0
115411 20.562 10.0 17.612 0
115441 20.562 10.0 17.612 0
115512 20.562 10.0 17.612 0
115542 20.562 10.0 17.612 0
115613 20.75 10.0 17.612 0
115643 20.75 10.0 17.612 0
115714 20.75 10.0 17.612 0
115745 20.75 10.0 17.612 0
115815 20.75 10.0 17.612 0
115845 21.0 10.0 17.612 0
115915 21.0 10.0 17.612 0
115946 21.0 10.0 17.612 0
120017 21.0 10.0 17.612 0
120047 21.0 10.0 17.612 0
120117 21.125 10.0 17.612 0
120148 21.125 10.0 17.612 0
120219 21.125 10.0 17.612 0
120249 21.125 10.0 17.612 0
120320 21.125 10.0 17.612 0
120350 21.25 10.0 17.612 0
120421 21.25 10.0 17.612 0
120451 21.25 10.0 17.612 0
120522 21.25 10.0 17.612 0
120552 21.25 10.0 17.612 0
120623 21.375 10.0 17.612 0
120654 21.375 10.0 17.612 0
120724 21.375 10.0 17.612 0
120754 21.375 10.0 17.612 0
120825 21.375 10.0 17.612 0
120855 21.437 10.0 17.612 0
120925 21.437 10.0 17.612 0
120956 21.437 10.0 17.612 0
121026 21.437 10.0 17.612 0
121057 21.437 10.0 17.612 0
121127 21.5 10.0 17.612 0
121158 21.5 10.0 17.612 0
121228 21.5 10.0 17.612 0
121259 21.5 10.0 17.612 0
121329 21.5 10.0 17.612 0
121359 21.5 10.0 17.612 0
121430 21.5 10.0 17.612 0
121500 21.5 10.0 17.612 0
121531 21.5 10.0 17.612 0
121603 21.562 10.0 17.612 0
121634 21.562 10.0 17.612 0
121705 21.562 10.0 17.612 0
121735 21.562 10.0 17.612 0
121805 21.562 10.0 17.612 0
121835 21.625 10.0 17.612 0
121905 21.625 10.0 17.612 0
121936 21.625 10.0 17.612 0
122006 21.625 10.0 17.612 0
122037 21.625 10.0 17.612 0
122107 21.687 10.0 17.612 0
122138 21.687 10.0 17.612 0
122208 21.687 10.0 17.612 0
122239 21.687 10.0 17.612 0
122310 21.687 10.0 17.612 0
122340 21.75 10.0 17.612 0
122411 21.75 10.0 17.612 0
122442 21.75 10.0 17.612 0
122512 21.75 10.0 17.612 0
122543 21.75 10.0 17.612 0
122613 21.75 10.0 17.612 0
122644 21.75 10.0 17.612 0
122715 21.75 10.0 17.612 0
122745 21.75 10.0 17.612 0
122816 21.75 10.0 17.612 0
122846 21.75 10.0 17.612 0
122916 21.75 10.0 17.612 0
122947 21.75 10.0 17.612 0
123017 21.75 10.0 17.612 0
123048 21.75 10.0 17.612 0
123118 21.75 10.0 17.612 0
123149 21.75 10.0 17.612 0
123219 21.75 10.0 17.612 0
123250 21.75 10.0 17.612 0
123320 21.75 10.0 17.612 0
123351 21.75 10.0 17.612 0
123421 21.75 10.0 17.675 0
123452 21.75 10.0 17.612 0
123522 21.75 10.0 17.612 0
123553 21.75 10.0 17.612 0
123623 21.75 10.0 17.612 0
123654 21.75 10.0 17.612 0
123725 21.75 10.0 17.612 0
123755 21.75 10.0 17.612 0
123825 21.75 10.0 17.612 0
123856 21.812 10.0 17.612 0
123926 21.812 10.0 17.612 0
123957 21.812 10.0 17.612 0
124027 21.812 10.0 17.612 0
124058 21.812 10.0 17.612 0
124128 21.812 10.0 17.612 0
124159 21.812 10.0 17.612 0
124229 21.812 10.0 17.612 0
124259 21.812 10.0 17.612 0
124329 21.812 10.0 17.612 0
124400 21.875 10.0 17.612 0
124431 21.875 10.0 17.612 0
124501 21.875 10.0 17.612 0
124531 21.875 10.0 17.612 0
124602 21.875 10.0 17.612 0
124632 21.812 10.0 17.612 0
124703 21.812 10.0 17.612 0
124734 21.812 10.0 17.612 0
124804 21.812 10.0 17.612 0
124837 21.812 10.0 17.612 0
124908 21.812 10.0 17.612 0
124938 21.812 10.0 17.612 0
125009 21.812 10.0 17.612 0
125039 21.812 10.0 17.612 0
125109 21.812 10.0 17.612 0
125140 21.812 10.0 17.612 0
125211 21.812 10.0 17.675 0
125242 21.812 10.0 17.612 0
125312 21.812 10.0 17.612 0
125343 21.75 10.0 17.612 0
125414 21.75 10.0 17.612 0
125444 21.75 10.0 17.612 0
125515 21.75 10.0 17.612 0
125545 21.75 10.0 17.612 0
125616 21.75 10.0 17.612 0
125647 21.75 10.0 17.675 0
125717 21.75 10.0 17.612 0
125748 21.75 10.0 17.675 0
125819 21.75 10.0 17.612 0
125849 21.75 10.0 17.675 0
125920 21.75 10.0 17.612 0
125951 21.75 10.0 17.612 0
130022 21.75 10.0 17.612 0
130052 21.75 10.0 17.675 0
130123 21.75 10.0 17.612 0
130153 21.75 10.0 17.612 0
130224 21.75 10.0 17.675 0
130255 21.75 10.0 17.612 0
130325 21.75 10.0 17.612 0
130355 21.75 10.0 17.612 0
130426 21.75 10.0 17.675 0
130457 21.75 10.0 17.612 0
130527 21.75 10.0 17.675 0
130558 21.75 10.0 17.612 0
130628 21.75 10.0 17.612 0
130659 21.75 10.0 17.612 0
130729 21.75 10.0 17.612 0
130759 21.75 10.0 17.612 0
130829 21.75 10.0 17.612 0
130900 21.75 10.0 17.612 0
130931 21.75 10.0 17.675 0
131001 21.75 10.0 17.675 0
131031 21.75 10.0 17.612 0
131102 21.75 10.0 17.612 0
131133 21.75 10.0 17.612 0
131203 21.75 10.0 17.675 0
131234 21.75 10.0 17.612 0
131305 21.75 10.0 17.612 0
131335 21.75 10.0 17.612 0
131406 21.687 10.0 17.675 0
131436 21.687 10.0 17.612 0
131507 21.687 10.0 17.675 0
131537 21.687 10.0 17.612 0
131607 21.687 10.0 17.675 0
131638 21.687 10.0 17.675 0
131709 21.687 10.0 17.675 0
131739 21.687 10.0 17.612 0
131810 21.687 10.0 17.675 0
131841 21.75 10.0 17.612 0
131911 21.75 10.0 17.675 0
131942 21.75 10.0 17.612 0
132013 21.75 10.0 17.675 0
132044 21.75 10.0 17.612 0
132114 21.75 10.0 17.612 0
132144 21.75 10.0 17.675 0
132215 21.75 10.0 17.612 0
132245 21.75 10.0 17.612 0
132316 21.75 10.0 17.675 0
132347 21.75 10.0 17.612 0
132417 21.75 10.0 17.612 0
132447 21.75 10.0 17.675 0
132518 21.75 10.0 17.675 0
132548 21.75 10.0 17.675 0
132619 21.625 10.0 17.675 0
132649 21.625 10.0 17.675 0
132720 21.625 10.0 17.612 0
132750 21.625 10.0 17.675 0
132821 21.625 10.0 17.612 0
132851 21.5 10.0 17.612 0
132921 21.5 10.0 17.612 0
132951 21.5 10.0 17.675 0
133022 21.5 10.0 17.675 0
133052 21.5 10.0 17.675 0
133122 21.312 10.0 17.675 0
133153 21.312 10.0 17.675 0
133223 21.312 10.0 17.675 0
133254 21.312 10.0 17.675 0
133325 21.312 10.0 17.675 0
133355 21.187 10.0 17.675 0
133426 21.187 10.0 17.675 0
133456 21.187 10.0 17.675 0
133527 21.187 10.0 17.612 0
133557 21.187 10.0 17.675 0
133628 21.125 10.0 17.675 0
133659 21.125 10.0 17.612 0
133729 21.125 10.0 17.675 0
133759 21.125 10.0 17.675 0
133829 21.125 10.0 17.612 0
133900 21.125 10.0 17.675 0
133930 21.125 10.0 17.675 0
134000 21.125 10.0 17.612 0
134031 21.125 10.0 17.612 0
134101 21.125 10.0 17.675 0
134131 21.187 10.0 17.675 0
134201 21.187 10.0 17.675 0
134231 21.187 10.0 17.612 0
134302 21.187 10.0 17.675 0
134333 21.187 10.0 17.612 0
134403 21.062 10.0 17.675 0
134433 21.062 10.0 17.612 0
134504 21.062 10.0 17.675 0
134535 21.062 10.0 17.675 0
134605 21.062 10.0 17.675 0
134636 21.0 10.0 17.675 0
134707 21.0 10.0 17.675 0
134737 21.0 10.0 17.675 0
134808 21.0 10.0 17.675 0
134838 21.0 10.0 17.675 0
134908 21.0 10.0 17.675 0
134938 21.0 10.0 17.675 0
135008 21.0 10.0 17.675 0
135039 21.0 10.0 17.675 0
135109 21.0 10.0 17.675 0
135139 21.0 10.0 17.675 0
135210 21.0 10.0 17.675 0
135240 21.0 10.0 17.675 0
135311 21.0 10.0 17.612 0
135341 21.0 10.0 17.675 0
135412 21.125 10.0 17.675 0
135443 21.125 10.0 17.675 0
135513 21.125 10.0 17.675 0
135544 21.125 10.0 17.675 0
135616 21.062 10.0 17.675 0
135647 21.062 10.0 17.675 0
135718 21.062 10.0 17.675 0
135748 21.062 10.0 17.612 0
135819 21.062 10.0 17.675 0
135849 21.125 10.0 17.675 0
135920 21.125 10.0 17.612 0
135951 21.125 10.0 17.675 0
140022 21.125 10.0 17.675 0
140052 21.125 10.0 17.675 0
140123 21.125 10.0 17.675 0
140153 21.125 10.0 17.675 0
140224 21.125 10.0 17.675 0
140254 21.125 10.0 17.675 0
140324 21.125 10.0 17.675 0
140355 21.062 10.0 17.675 0
140425 21.062 10.0 17.675 0
140456 21.062 10.0 17.675 0
140527 21.062 10.0 17.675 0
140557 21.062 10.0 17.675 0
140628 21.125 10.0 17.675 0
140659 21.125 10.0 17.675 0
140729 21.125 10.0 17.675 0
140759 21.125 10.0 17.675 0
140829 21.125 10.0 17.675 0
140859 21.125 10.0 17.675 0
140930 21.125 10.0 17.675 0
141000 21.125 10.0 17.675 0
141031 21.125 10.0 17.675 0
141101 21.125 10.0 17.675 0
141131 21.062 10.0 17.675 0
141202 21.062 10.0 17.675 0
141232 21.062 10.0 17.675 0
141302 21.062 10.0 17.675 0
141333 21.062 10.0 17.675 0
141403 21.0 10.0 17.675 0
141433 21.0 10.0 17.675 0
141504 21.0 10.0 17.675 0
141535 21.0 10.0 17.675 0
141605 21.0 10.0 17.675 0
141636 21.062 10.0 17.675 0
141706 21.062 10.0 17.675 0
141737 21.062 10.0 17.675 0
141807 21.062 10.0 17.675 0
141838 21.062 10.0 17.675 0
141908 21.125 10.0 17.675 0
141939 21.125 10.0 17.675 0
142009 21.125 10.0 17.675 0
142040 21.125 10.0 17.675 0
142111 21.125 10.0 17.612 0
142142 21.187 10.0 17.675 0
142212 21.187 10.0 17.675 0
142243 21.187 10.0 17.675 0
142313 21.187 10.0 17.675 0
142344 21.187 10.0 17.675 0
142415 21.25 10.0 17.612 0
142446 21.25 10.0 17.675 0
142516 21.25 10.0 17.675 0
142547 21.25 10.0 17.675 0
142617 21.25 10.0 17.675 0
142648 21.312 10.0 17.675 0
142718 21.312 10.0 17.675 0
142748 21.312 10.0 17.675 0
142819 21.312 10.0 17.675 0
142851 21.375 10.0 17.612 0
142922 21.375 10.0 17.675 0
142953 21.375 10.0 17.675 0
143023 21.375 10.0 17.675 0
143054 21.375 10.0 17.675 0
143124 21.437 10.0 17.675 0
143154 21.437 10.0 17.675 0
143225 21.437 10.0 17.675 0
143256 21.437 10.0 17.675 0
143326 21.437 10.0 17.675 0
143357 21.437 10.0 17.675 0
143427 21.437 10.0 17.675 0
143457 21.437 10.0 17.675 0
143528 21.437 10.0 17.675 0
143559 21.437 10.0 17.675 0
143629 21.5 10.0 17.675 0
143700 21.5 10.0 17.675 0
143730 21.5 10.0 17.675 0
143800 21.5 10.0 17.675 0
143831 21.5 10.0 17.675 0
143902 21.562 10.0 17.675 0
143932 21.562 10.0 17.675 0
144002 21.562 10.0 17.675 0
144033 21.562 10.0 17.675 0
144104 21.562 10.0 17.675 0
144134 21.562 10.0 17.675 0
144205 21.562 10.0 17.675 0
144235 21.562 10.0 17.675 0
144306 21.562 10.0 17.675 0
144337 21.562 10.0 17.675 0
144407 21.625 10.0 17.675 0
144438 21.625 10.0 17.675 0
144508 21.625 10.0 17.675 0
144538 21.625 10.0 17.675 0
144608 21.625 10.0 17.675 0
144639 21.625 10.0 17.675 0
144709 21.625 10.0 17.675 0
144740 21.625 10.0 17.675 0
144810 21.625 10.0 17.675 0
144840 21.625 10.0 17.675 0
144910 21.625 10.0 17.675 0
144941 21.625 10.0 17.675 0
145011 21.625 10.0 17.675 0
145042 21.625 10.0 17.675 0
145112 21.625 10.0 17.675 0
145142 21.625 10.0 17.675 0
145213 21.625 10.0 17.675 0
145243 21.625 10.0 17.675 0
145313 21.625 10.0 17.675 0
145343 21.625 10.0 17.675 0
145414 21.625 10.0 17.675 0
145444 21.625 10.0 17.675 0
145515 21.625 10.0 17.675 0
145545 21.625 10.0 17.675 0
145616 21.625 10.0 17.675 0
145646 21.625 10.0 17.675 0
145717 21.625 10.0 17.675 0
145747 21.625 10.0 17.675 0
145818 21.625 10.0 17.675 0
145848 21.625 10.0 17.675 0
145919 21.625 10.0 17.675 0
145949 21.625 10.0 17.675 0
150020 21.625 10.0 17.675 0
150051 21.625 10.0 17.675 0
150121 21.625 10.0 17.675 0
150151 21.687 10.0 17.675 0
150221 21.687 10.0 17.675 0
150252 21.687 10.0 17.675 0
150323 21.687 10.0 17.675 0
150355 21.625 10.0 17.675 0
150425 21.625 10.0 17.675 0
150455 21.625 10.0 17.675 0
150526 21.625 10.0 17.675 0
150556 21.625 10.0 17.675 0
150627 21.687 10.0 17.675 0
150658 21.687 10.0 17.675 0
150728 21.687 10.0 17.675 0
150758 21.687 10.0 17.675 0
150829 21.687 10.0 17.675 0
150859 21.75 10.0 17.675 0
150930 21.75 10.0 17.675 0
151000 21.75 10.0 17.675 0
151031 21.75 10.0 17.675 0
151102 21.75 10.0 17.675 0
151132 21.75 10.0 17.675 0
151202 21.75 10.0 17.675 0
151233 21.75 10.0 17.675 0
151303 21.75 10.0 17.675 0
151334 21.75 10.0 17.675 0
151404 21.812 10.0 17.675 0
151435 21.812 10.0 17.675 0
151505 21.812 10.0 17.675 0
151536 21.812 10.0 17.675 0
151606 21.812 10.0 17.675 0
151637 21.75 10.0 17.675 0
151708 21.75 10.0 17.675 0
151738 21.75 10.0 17.675 0
151809 21.75 10.0 17.675 0
151839 21.75 10.0 17.675 0
151910 21.812 10.0 17.675 0
151940 21.812 10.0 17.675 0
152011 21.812 10.0 17.675 0
152042 21.812 10.0 17.675 0
152112 21.812 10.0 17.675 0
152143 21.875 10.0 17.612 0
152213 21.875 10.0 17.675 0
152243 21.875 10.0 17.675 0
152314 21.875 10.0 17.675 0
152344 21.875 10.0 17.675 0
152415 21.937 10.0 17.675 0
152446 21.937 10.0 17.675 0
152516 21.937 10.0 17.675 0
152546 21.937 10.0 17.675 0
152617 21.937 10.0 17.675 0
152648 21.937 10.0 17.675 0
152718 21.937 10.0 17.675 0
152748 21.937 10.0 17.675 0
152818 21.937 10.0 17.675 0
152849 21.937 10.0 17.675 0
152919 22.0 10.0 17.675 0
152949 22.0 10.0 17.675 0
153020 22.0 10.0 17.675 0
153050 22.0 10.0 17.675 0
153121 22.0 10.0 17.675 0
153151 22.0 10.0 17.675 0
153222 22.0 10.0 17.675 0
153252 22.0 10.0 17.675 0
153323 22.0 10.0 17.675 0
153354 22.0 10.0 17.675 0
153425 22.125 10.0 17.675 0
153455 22.125 10.0 17.675 0
153525 22.125 10.0 17.675 0
153555 22.125 10.0 17.675 0
153625 22.125 10.0 17.675 0
153656 22.125 10.0 17.675 0
153726 22.125 10.0 17.675 0
153756 22.125 10.0 17.675 0
153827 22.125 10.0 17.675 0
153859 22.187 10.0 17.675 0
153930 22.187 10.0 17.675 0
154000 22.187 10.0 17.675 0
154030 22.187 10.0 17.675 0
154100 22.187 10.0 17.675 0
154130 22.25 10.0 17.675 0
154201 22.25 10.0 17.675 0
154232 22.25 10.0 17.675 0
154302 22.25 10.0 17.675 0
154333 22.25 10.0 17.675 0
154403 22.312 10.0 17.675 0
154434 22.312 10.0 17.675 0
154504 22.312 10.0 17.675 0
154534 22.312 10.0 17.675 0
154605 22.312 10.0 17.675 0
154635 22.375 10.0 17.675 0
154706 22.375 10.0 17.675 0
154736 22.375 10.0 17.675 0
154807 22.375 10.0 17.675 0
154838 22.375 10.0 17.675 0
154909 22.375 10.0 17.675 0
154939 22.375 10.0 17.675 0
155010 22.375 10.0 17.675 0
155040 22.375 10.0 17.675 0
155111 22.375 10.0 17.675 0
155142 22.437 10.0 17.675 0
155212 22.437 10.0 17.675 0
155243 22.437 10.0 17.675 0
155313 22.437 10.0 17.675 0
155343 22.437 10.0 17.675 0
155414 22.437 10.0 17.675 0
155444 22.437 10.0 17.675 0
155514 22.437 10.0 17.675 0
155545 22.437 10.0 17.675 0
155615 22.437 10.0 17.675 0
155646 22.5 10.0 17.675 0
155716 22.5 10.0 17.675 0
155746 22.5 10.0 17.675 0
155817 22.5 10.0 17.675 0
155847 22.5 10.0 17.675 0
155917 22.5 10.0 17.675 0
155947 22.5 10.0 17.675 0
160018 22.5 10.0 17.675 0
160049 22.5 10.0 17.675 0
160120 22.5 10.0 17.675 0
160150 22.437 10.0 17.675 0
160221 22.437 10.0 17.675 0
160251 22.437 10.0 17.675 0
160322 22.437 10.0 17.675 0
160353 22.437 10.0 17.675 0
160423 22.437 10.0 17.675 0
160454 22.437 10.0 17.675 0
160524 22.437 10.0 17.675 0
160554 22.437 10.0 17.675 0
160625 22.437 10.0 17.675 0
160655 22.5 10.0 17.675 0
160726 22.5 10.0 17.675 0
160756 22.5 10.0 17.675 0
160826 22.5 10.0 17.675 0
160856 22.5 10.0 17.675 0
160927 22.5 10.0 17.675 0
160957 22.5 10.0 17.675 0
161027 22.5 10.0 17.675 0
161058 22.5 10.0 17.675 0
161128 22.5 10.0 17.675 0
161158 22.5 10.0 17.675 0
161229 22.5 10.0 17.675 0
161300 22.5 10.0 17.675 0
161330 22.5 10.0 17.675 0
161400 22.5 10.0 17.675 0
161430 22.5 10.0 17.675 0
161501 22.5 10.0 17.675 0
161531 22.5 10.0 17.675 0
161601 22.5 10.0 17.675 0
161631 22.5 10.0 17.675 0
161701 22.5 10.0 17.675 0
161732 22.5 10.0 17.675 0
161802 22.5 10.0 17.675 0
161832 22.5 10.0 17.675 0
161905 22.5 10.0 17.675 0
161935 22.5 10.0 17.675 0
162006 22.5 10.0 17.675 0
162036 22.5 10.0 17.675 0
162106 22.5 10.0 17.675 0
162137 22.5 10.0 17.675 0
162207 22.5 10.0 17.675 0
162238 22.5 10.0 17.675 0
162309 22.5 10.0 17.675 0
162339 22.5 10.0 17.675 0
162409 22.5 10.0 17.675 0
162439 22.5 10.0 17.675 0
162510 22.5 10.0 17.675 0
162540 22.5 10.0 17.675 0
162610 22.5 10.0 17.675 0
162640 22.5 10.0 17.675 0
162711 22.5 10.0 17.675 0
162741 22.5 10.0 17.675 0
162811 22.5 10.0 17.675 0
162841 22.5 10.0 17.675 0
162911 22.5 10.0 17.675 0
162941 22.5 10.0 17.675 0
163012 22.5 10.0 17.675 0
163043 22.5 10.0 17.675 0
163113 22.5 10.0 17.675 0
163144 22.562 10.0 17.675 0
163215 22.562 10.0 17.675 0
163245 22.562 10.0 17.675 0
163316 22.562 10.0 17.675 0
163346 22.562 10.0 17.675 0
163416 22.562 10.0 17.675 0
163447 22.562 10.0 17.675 0
163517 22.562 10.0 17.675 0
163547 22.562 10.0 17.675 0
163617 22.562 10.0 17.675 0
163648 22.625 10.0 17.675 0
163719 22.625 10.0 17.675 0
163750 22.625 10.0 17.675 0
163821 22.625 10.0 17.675 0
163851 22.625 10.0 17.675 0
163922 22.625 10.0 17.675 0
163953 22.625 10.0 17.675 0
164023 22.625 10.0 17.675 0
164053 22.625 10.0 17.675 0
164123 22.625 10.0 17.675 0
164153 22.625 10.0 17.675 0
164224 22.625 10.0 17.675 0
164254 22.625 10.0 17.675 0
164325 22.625 10.0 17.675 0
164356 22.625 10.0 17.675 0
164426 22.625 10.0 17.675 0
164456 22.625 10.0 17.675 0
164527 22.625 10.0 17.675 0
164558 22.625 10.0 17.675 0
164629 22.625 10.0 17.675 0
164659 22.625 10.0 17.675 0
164730 22.625 10.0 17.675 0
164801 22.625 10.0 17.675 0
164831 22.625 10.0 17.675 0
164902 22.625 10.0 17.675 0
164933 22.625 10.0 17.675 0
165003 22.625 10.0 17.675 0
165034 22.625 10.0 17.675 0
165105 22.625 10.0 17.675 0
165135 22.625 10.0 17.675 0
165206 22.625 10.0 17.675 0
165236 22.625 10.0 17.675 0
165307 22.625 10.0 17.675 0
165338 22.625 10.0 17.675 0
165408 22.625 10.0 17.675 0
165439 22.625 10.0 17.675 0
165509 22.625 10.0 17.675 0
165540 22.625 10.0 17.675 0
165610 22.625 10.0 17.675 0
165642 22.687 10.0 17.675 0
165713 22.687 10.0 17.675 0
165743 22.687 10.0 17.675 0
165814 22.687 10.0 17.675 0
165845 22.687 10.0 17.675 0
165915 22.687 10.0 17.675 0
165945 22.687 10.0 17.675 0
170016 22.687 10.0 17.675 0
170046 22.687 10.0 17.675 0
170116 22.687 10.0 17.675 0
170147 22.687 10.0 17.675 0
170218 22.687 10.0 17.675 0
170248 22.687 10.0 17.675 0
170319 22.687 10.0 17.675 0
170350 22.687 10.0 17.675 0
170420 22.687 10.0 17.675 0
170450 22.687 10.0 17.675 0
170520 22.687 10.0 17.675 0
170551 22.687 10.0 17.675 0
170621 22.687 10.0 17.675 0
170651 22.687 10.0 17.675 0
170722 22.687 10.0 17.675 0
170752 22.687 10.0 17.675 0
170823 22.687 10.0 17.675 0
170853 22.687 10.0 17.675 0
170924 22.687 10.0 17.675 0
170955 22.687 10.0 17.675 0
171025 22.687 10.0 17.675 0
171055 22.687 10.0 17.675 0
171126 22.687 10.0 17.675 0
171156 22.687 10.0 17.675 0
171226 22.687 10.0 17.675 0
171256 22.687 10.0 17.675 0
171327 22.687 10.0 17.675 0
171357 22.687 10.0 17.675 0
171428 22.687 10.0 17.675 0
171459 22.687 10.0 17.675 0
171529 22.687 10.0 17.675 0
171559 22.687 10.0 17.675 0
171629 22.687 10.0 17.675 0
171700 22.687 10.0 17.675 0
171730 22.687 10.0 17.675 0
171800 22.687 10.0 17.675 0
171830 22.687 10.0 17.675 0
171900 22.687 10.0 17.675 0
171930 22.687 10.0 17.675 0
172001 22.687 10.0 17.675 0
172031 22.687 10.0 17.675 0
172102 22.687 10.0 17.675 0
172133 22.687 10.0 17.675 0
172204 22.625 10.0 17.675 0
172234 22.625 10.0 17.675 0
172304 22.625 10.0 17.675 0
172335 22.625 10.0 17.675 0
172405 22.625 10.0 17.675 0
172435 22.625 10.0 17.675 0
172506 22.625 10.0 17.675 0
172536 22.625 10.0 17.675 0
172607 22.625 10.0 17.675 0
172637 22.625 10.0 17.675 0
172707 22.625 10.0 17.675 0
172737 22.625 10.0 17.675 0
172808 22.625 10.0 17.675 0
172838 22.625 10.0 17.675 0
172909 22.625 10.0 17.675 0
172939 22.687 10.0 17.675 0
173009 22.687 10.0 17.675 0
173039 22.687 10.0 17.675 0
173110 22.687 10.0 17.675 0
173141 22.687 10.0 17.675 0
173211 22.687 10.0 17.675 0
173241 22.687 10.0 17.675 0
173311 22.687 10.0 17.675 0
173342 22.687 10.0 17.675 0
173413 22.687 10.0 17.675 0
173443 22.687 10.0 17.675 0
173514 22.687 10.0 17.675 0
173545 22.687 10.0 17.675 0
173615 22.687 10.0 17.675 0
173645 22.687 10.0 17.675 0
173716 22.687 10.0 17.675 0
173746 22.687 10.0 17.675 0
173817 22.687 10.0 17.675 0
173848 22.687 10.0 17.675 0
173920 22.687 10.0 17.675 0
173950 22.687 10.0 17.675 0
174021 22.687 10.0 17.675 0
174052 22.687 10.0 17.675 0
174122 22.687 10.0 17.675 0
174153 22.625 10.0 17.675 0
174223 22.625 10.0 17.675 0
174254 22.625 10.0 17.675 0
174325 22.625 10.0 17.675 0
174355 22.625 10.0 17.675 0
174425 22.625 10.0 17.675 0
174455 22.625 10.0 17.675 0
174526 22.625 10.0 17.675 0
174556 22.625 10.0 17.675 0
174626 22.625 10.0 17.675 0
174657 22.562 10.0 17.675 0
174728 22.562 10.0 17.675 0
174759 22.562 10.0 17.675 0
174829 22.562 10.0 17.675 0
174859 22.562 10.0 17.675 0
174930 22.562 10.0 17.675 0
175000 22.562 10.0 17.675 0
175030 22.562 10.0 17.675 0
175100 22.562 10.0 17.675 0
175131 22.562 10.0 17.675 0
175201 22.562 10.0 17.675 0
175231 22.562 10.0 17.675 0
175302 22.562 10.0 17.675 0
175332 22.562 10.0 17.675 0
175402 22.562 10.0 17.675 0
175432 22.5 10.0 17.675 0
175503 22.5 10.0 17.675 0
175533 22.5 10.0 17.675 0
175603 22.5 10.0 17.675 0
175634 22.5 10.0 17.675 0
175704 22.5 10.0 17.675 0
175734 22.5 10.0 17.675 0
175805 22.5 10.0 17.675 0
175835 22.5 10.0 17.675 0
175905 22.5 10.0 17.675 0
175936 22.5 10.0 17.675 0
180006 22.5 10.0 17.675 0
180037 22.5 10.0 17.675 0
180107 22.5 10.0 17.675 0
180138 22.5 10.0 17.675 0
180209 22.5 10.0 17.675 0
180240 22.5 10.0 17.675 0
180311 22.5 10.0 17.675 0
180341 22.5 10.0 17.675 0
180411 22.5 10.0 17.675 0
180442 22.5 10.0 17.675 0
180512 22.5 10.0 17.675 0
180542 22.5 10.0 17.675 0
180613 22.5 10.0 17.675 0
180644 22.5 10.0 17.675 0
180714 22.5 10.0 17.675 0
180744 22.5 10.0 17.675 0
180815 22.5 10.0 17.675 0
180845 22.5 10.0 17.675 0
180916 22.5 10.0 17.675 0
180946 22.5 10.0 17.675 0
181016 22.5 10.0 17.675 0
181047 22.5 10.0 17.675 0
181117 22.5 10.0 17.675 0
181148 22.5 10.0 17.675 0
181218 22.5 10.0 17.675 0
181248 22.5 10.0 17.675 0
181319 22.5 10.0 17.675 0
181349 22.5 10.0 17.675 0
181420 22.5 10.0 17.675 0
181450 22.5 10.0 17.675 0
181520 22.5 10.0 17.675 0
181550 22.5 10.0 17.675 0
181621 22.5 10.0 17.675 0
181651 22.5 10.0 17.675 0
181721 22.562 10.0 17.675 0
181751 22.562 10.0 17.675 0
181821 22.562 10.0 17.675 0
181851 22.562 10.0 17.675 0
181921 22.562 10.0 17.675 0
181952 22.625 10.0 17.675 0
182023 22.625 10.0 17.675 0
182053 22.625 10.0 17.675 0
182124 22.625 10.0 17.675 0
182157 22.687 10.0 17.675 0
182228 22.687 10.0 17.675 0
182258 22.687 10.0 17.675 0
182329 22.687 10.0 17.675 0
182359 22.687 10.0 17.675 0
182429 22.687 10.0 17.675 0
182459 22.687 10.0 17.675 0
182529 22.687 10.0 17.675 0
182559 22.687 10.0 17.675 0
182630 22.687 10.0 17.675 0
182700 22.687 10.0 17.675 0
182730 22.687 10.0 17.675 0
182800 22.687 10.0 17.675 0
182831 22.687 10.0 17.675 0
182901 22.687 10.0 17.675 0
182932 22.75 10.0 17.675 0
183002 22.75 10.0 17.675 0
183032 22.75 10.0 17.675 0
183102 22.75 10.0 17.675 0
183132 22.75 10.0 17.675 0
183202 22.75 10.0 17.675 0
183233 22.75 10.0 17.675 0
183303 22.75 10.0 17.675 0
183333 22.75 10.0 17.675 0
183403 22.75 10.0 17.675 0
183434 22.75 10.0 17.675 0
183504 22.75 10.0 17.675 0
183534 22.75 10.0 17.675 0
183605 22.75 10.0 17.675 0
183636 22.75 10.0 17.675 0
183706 22.812 10.0 17.675 0
183736 22.812 10.0 17.675 0
183806 22.812 10.0 17.675 0
183836 22.812 10.0 17.675 0
183907 22.812 10.0 17.675 0
183937 22.812 10.0 17.675 0
184007 22.812 10.0 17.675 0
184038 22.812 10.0 17.675 0
184108 22.812 10.0 17.675 0
184138 22.812 10.0 17.675 0
184209 22.812 10.0 17.675 0
184239 22.812 10.0 17.675 0
184310 22.812 10.0 17.675 0
184340 22.812 10.0 17.675 0
184410 22.812 10.0 17.675 0
184441 22.812 10.0 17.675 0
184511 22.812 10.0 17.675 0
184542 22.812 10.0 17.675 0
184612 22.812 10.0 17.675 0
184642 22.812 10.0 17.675 0
184712 22.875 10.0 17.675 0
184742 22.875 10.0 17.675 0
184813 22.875 10.0 17.675 0
184843 22.875 10.0 17.675 0
184914 22.875 10.0 17.675 0
184944 22.875 10.0 17.675 0
185015 22.875 10.0 17.675 0
185046 22.875 10.0 17.675 0
185116 22.875 10.0 17.675 0
185147 22.875 10.0 17.675 0
185217 22.875 10.0 17.675 0
185248 22.875 10.0 17.675 0
185319 22.875 10.0 17.675 0
185349 22.875 10.0 17.675 0
185420 22.875 10.0 17.675 0
185450 22.875 10.0 17.675 0
185520 22.875 10.0 17.675 0
185551 22.875 10.0 17.675 0
185622 22.875 10.0 17.675 0
185652 22.875 10.0 17.675 0
185723 22.937 10.0 17.675 0
185753 22.937 10.0 17.675 0
185824 22.937 10.0 17.675 0
185854 22.937 10.0 17.675 0
185925 22.937 10.0 17.675 0
185955 22.937 10.0 17.675 0
190025 22.937 10.0 17.675 0
190056 22.937 10.0 17.675 0
190126 22.937 10.0 17.675 0
190156 22.937 10.0 17.675 0
190227 22.937 10.0 17.675 0
190258 22.937 10.0 17.675 0
190328 22.937 10.0 17.675 0
190359 22.937 10.0 17.675 0
190429 22.937 10.0 17.675 0
190459 23.0 10.0 17.675 0
190530 23.0 10.0 17.675 0
190601 23.0 10.0 17.675 0
190631 23.0 10.0 17.675 0
190703 23.0 10.0 17.675 0
190734 23.0 10.0 17.675 0
190805 23.0 10.0 17.675 0
190835 23.0 10.0 17.675 0
190906 23.0 10.0 17.675 0
190937 23.0 10.0 17.675 0
191007 23.0 10.0 17.675 0
191038 23.0 10.0 17.675 0
191108 23.0 10.0 17.675 0
191139 23.0 10.0 17.675 0
191209 23.0 10.0 17.675 0
191239 23.0 10.0 17.675 0
191310 23.0 10.0 17.675 0
191340 23.0 10.0 17.675 0
191410 23.0 10.0 17.675 0
191441 23.0 10.0 17.675 0
191512 23.0 10.0 17.675 0
191543 23.0 10.0 17.675 0
191613 23.0 10.0 17.675 0
191644 23.0 10.0 17.675 0
191714 23.0 10.0 17.675 0
191745 23.0 10.0 17.675 0
191815 23.0 10.0 17.675 0
191845 23.0 10.0 17.675 0
191915 23.0 10.0 17.675 0
191946 23.0 10.0 17.675 0
192016 23.0 10.0 17.675 0
192046 23.0 10.0 17.675 0
192117 23.0 10.0 17.675 0
192148 23.0 10.0 17.675 0
192218 23.0 10.0 17.675 0
192248 23.0 10.0 17.675 0
192319 23.0 10.0 17.675 0
192349 23.0 10.0 17.675 0
192420 23.0 10.0 17.675 0
192450 23.0 10.0 17.675 0
192520 23.0 10.0 17.675 0
192551 23.0 10.0 17.675 0
192622 23.0 10.0 17.675 0
192653 23.0 10.0 17.675 0
192723 23.0 10.0 17.675 0
192753 23.0 10.0 17.675 0
192823 23.0 10.0 17.675 0
192853 23.0 10.0 17.675 0
192924 23.0 10.0 17.675 0
192955 23.0 10.0 17.675 0
193025 23.0 10.0 17.675 0
193056 23.0 10.0 17.675 0
193127 23.0 10.0 17.675 0
193157 23.0 10.0 17.675 0
193228 23.0 10.0 17.675 0
193259 23.0 10.0 17.675 0
193329 23.0 10.0 17.675 0
193400 23.0 10.0 17.675 0
193430 23.0 10.0 17.675 0
193501 23.0 10.0 17.675 0
193531 23.0 10.0 17.675 0
193601 23.0 10.0 17.675 0
193632 23.0 10.0 17.675 0
193702 23.0 10.0 17.675 0
193732 23.0 10.0 17.675 0
193803 23.0 10.0 17.675 0
193833 23.0 10.0 17.675 0
193904 23.0 10.0 17.675 0
193935 23.0 10.0 17.675 0
194005 22.937 10.0 17.675 0
194036 22.937 10.0 17.675 0
194107 22.937 10.0 17.675 0
194138 22.937 10.0 17.675 0
194209 22.875 10.0 17.675 0
194240 22.875 10.0 17.675 0
194310 22.875 10.0 17.675 0
194341 22.875 10.0 17.675 0
194411 22.875 10.0 17.675 0
194442 22.875 10.0 17.675 0
194512 22.875 10.0 17.675 0
194542 22.875 10.0 17.675 0
194613 22.875 10.0 17.675 0
194643 22.875 10.0 17.675 0
194713 22.937 10.0 17.675 0
194744 22.937 10.0 17.675 0
194814 22.937 10.0 17.675 0
194844 22.937 10.0 17.675 0
194914 22.937 10.0 17.675 0
194944 22.937 10.0 17.675 0
195015 22.937 10.0 17.675 0
195046 22.937 10.0 17.675 0
195117 22.937 10.0 17.675 0
195147 22.937 10.0 17.675 0
195217 22.937 10.0 17.675 0
195248 22.937 10.0 17.675 0
195319 22.937 10.0 17.675 0
195350 22.937 10.0 17.675 0
195420 22.937 10.0 17.675 0
195450 22.937 10.0 17.675 0
195520 22.937 10.0 17.675 0
195550 22.937 10.0 17.675 0
195621 22.937 10.0 17.675 0
195651 22.937 10.0 17.675 0
195722 22.937 10.0 17.675 0
195753 22.937 10.0 17.675 0
195823 22.937 10.0 17.675 0
195854 22.937 10.0 17.675 0
195924 22.937 10.0 17.675 0
195955 23.062 10.0 17.675 0
200026 23.062 10.0 17.675 0
200056 23.062 10.0 17.675 0
200127 23.062 10.0 17.675 0
200158 23.062 10.0 17.675 0
200228 23.062 10.0 17.675 0
200259 23.062 10.0 17.675 0
200329 23.062 10.0 17.675 0
200400 23.062 10.0 17.675 0
200430 23.062 10.0 17.675 0
200500 23.0 10.0 17.675 0
200531 23.0 10.0 17.675 0
200602 23.0 10.0 17.675 0
200632 23.0 10.0 17.675 0
200703 23.0 10.0 17.675 0
200733 23.0 10.0 17.675 0
200804 23.0 10.0 17.675 0
200834 23.0 10.0 17.675 0
200905 23.0 10.0 17.675 0
200936 23.0 10.0 17.675 0
201006 23.0 10.0 17.675 0
201037 23.0 10.0 17.675 0
201107 23.0 10.0 17.675 0
201138 23.0 10.0 17.675 0
201208 23.0 10.0 17.675 0
201238 23.0 10.0 17.675 0
201309 23.0 10.0 17.675 0
201340 23.0 10.0 17.675 0
201410 23.0 10.0 17.675 0
201440 23.0 10.0 17.675 0
201510 22.937 10.0 17.675 0
201540 22.937 10.0 17.675 0
201611 22.937 10.0 17.675 0
201641 22.937 10.0 17.675 0
201714 22.937 10.0 17.675 0
201744 22.937 10.0 17.675 0
201815 22.937 10.0 17.675 0
201846 22.937 10.0 17.675 0
201916 22.937 10.0 17.675 0
201947 23.0 10.0 17.675 0
202017 23.0 10.0 17.675 0
202047 23.0 10.0 17.675 0
202118 23.0 10.0 17.675 0
202149 23.0 10.0 17.675 0
202219 23.0 10.0 17.675 0
202249 23.0 10.0 17.675 0
202319 23.0 10.0 17.675 0
202350 23.0 10.0 17.675 0
202420 23.0 10.0 17.675 0
202451 22.937 10.0 17.675 0
202521 22.937 10.0 17.675 0
202552 22.937 10.0 17.675 0
202623 22.937 10.0 17.675 0
202653 22.937 10.0 17.675 0
202723 22.937 10.0 17.675 0
202754 22.937 10.0 17.675 0
202824 22.937 10.0 17.675 0
202854 22.937 10.0 17.675 0
202925 22.937 10.0 17.675 0
202956 23.0 10.0 17.675 0
203026 23.0 10.0 17.675 0
203057 23.0 10.0 17.675 0
203128 23.0 10.0 17.675 0
203158 23.0 10.0 17.675 0
203229 23.0 10.0 17.675 0
203300 23.0 10.0 17.675 0
203330 23.0 10.0 17.675 0
203401 23.0 10.0 17.675 0
203432 23.0 10.0 17.675 0
203502 22.937 10.0 17.675 0
203533 22.937 10.0 17.675 0
203604 22.937 10.0 17.675 0
203635 22.937 10.0 17.675 0
203705 22.937 10.0 17.675 0
203736 22.937 10.0 17.675 0
203806 22.937 10.0 17.675 0
203837 22.937 10.0 17.675 0
203908 22.937 10.0 17.675 0
203938 22.937 10.0 17.675 0
204009 22.875 10.0 17.675 0
204040 22.875 10.0 17.675 0
204110 22.875 10.0 17.675 0
204141 22.875 10.0 17.675 0
204211 22.875 10.0 17.675 0
204242 22.875 10.0 17.675 0
204312 22.875 10.0 17.675 0
204343 22.875 10.0 17.675 0
204413 22.875 10.0 17.675 0
204444 22.875 10.0 17.675 0
204515 22.875 10.0 17.675 0
204545 22.875 10.0 17.675 0
204615 22.875 10.0 17.675 0
204646 22.875 10.0 17.675 0
204718 22.812 10.0 17.675 0
204748 22.812 10.0 17.675 0
204818 22.812 10.0 17.675 0
204849 22.812 10.0 17.675 0
204919 22.812 10.0 17.675 0
204949 22.812 10.0 17.675 0
205020 22.812 10.0 17.675 0
205050 22.812 10.0 17.675 0
205120 22.812 10.0 17.675 0
205151 22.812 10.0 17.675 0
205221 22.812 10.0 17.675 0
205251 22.812 10.0 17.675 0
205322 22.812 10.0 17.675 0
205353 22.812 10.0 17.675 0
205423 22.812 10.0 17.675 0
205454 22.812 10.0 17.675 0
205524 22.812 10.0 17.675 0
205555 22.812 10.0 17.675 0
205625 22.812 10.0 17.675 0
205656 22.812 10.0 17.675 0
205726 22.812 10.0 17.675 0
205756 22.812 10.0 17.675 0
205827 22.812 10.0 17.675 0
205857 22.812 10.0 17.675 0
205928 22.812 10.0 17.675 0
205958 22.75 10.0 17.675 0
210029 22.75 10.0 17.675 0
210100 22.75 10.0 17.675 0
210130 22.75 10.0 17.675 0
210201 22.75 10.0 17.675 0
210232 22.812 10.0 17.675 0
210302 22.812 10.0 17.675 0
210332 22.812 10.0 17.675 0
210403 22.812 10.0 17.675 0
210434 22.812 10.0 17.675 0
210504 22.812 10.0 17.675 0
210535 22.812 10.0 17.675 0
210605 22.812 10.0 17.675 0
210635 22.812 10.0 17.675 0
210705 22.812 10.0 17.675 0
210736 22.812 10.0 17.675 0
210806 22.812 10.0 17.675 0
210836 22.812 10.0 17.675 0
210907 22.812 10.0 17.675 0
210937 22.812 10.0 17.675 0
211008 22.812 10.0 17.675 0
211038 22.812 10.0 17.675 0
211109 22.812 10.0 17.675 0
211140 22.812 10.0 17.675 0
211210 22.812 10.0 17.675 0
211240 22.812 10.0 17.675 0
211311 22.812 10.0 17.675 0
211342 22.812 10.0 17.675 0
211412 22.812 10.0 17.675 0
211443 22.812 10.0 17.675 0
211514 22.75 10.0 17.675 0
211544 22.75 10.0 17.675 0
211614 22.75 10.0 17.675 0
211645 22.75 10.0 17.675 0
211715 22.75 10.0 17.675 0
211746 22.75 10.0 17.675 0
211816 22.75 10.0 17.675 0
211846 22.75 10.0 17.675 0
211917 22.75 10.0 17.675 0
211947 22.75 10.0 17.675 0
212017 22.75 10.0 17.675 0
212048 22.75 10.0 17.675 0
212118 22.75 10.0 17.675 0
212148 22.75 10.0 17.675 0
212219 22.75 10.0 17.675 0
212250 22.75 10.0 17.675 0
212320 22.75 10.0 17.675 0
212351 22.75 10.0 17.675 0
212421 22.75 10.0 17.675 0
212453 22.75 10.0 17.675 0
212524 22.75 10.0 17.675 0
212555 22.75 10.0 17.675 0
212626 22.75 10.0 17.675 0
212656 22.75 10.0 17.675 0
212727 22.75 10.0 17.675 0
212758 22.75 10.0 17.675 0
212828 22.75 10.0 17.675 0
212859 22.75 10.0 17.675 0
212929 22.75 10.0 17.675 0
212959 22.75 10.0 17.675 0
213029 22.75 10.0 17.675 0
213100 22.75 10.0 17.675 0
213130 22.75 10.0 17.675 0
213200 22.75 10.0 17.675 0
213230 22.75 10.0 17.675 0
213301 22.75 10.0 17.675 0
213332 22.75 10.0 17.675 0
213403 22.75 10.0 17.675 0
213433 22.75 10.0 17.675 0
213503 22.75 10.0 17.675 0
213533 22.75 10.0 17.675 0
213604 22.75 10.0 17.675 0
213634 22.75 10.0 17.675 0
213705 22.75 10.0 17.675 0
213736 22.75 10.0 17.675 0
213807 22.75 10.0 17.675 0
213837 22.75 10.0 17.675 0
213908 22.75 10.0 17.675 0
213939 22.75 10.0 17.675 0
214009 22.75 10.0 17.675 0
214040 22.75 10.0 17.675 0
214111 22.75 10.0 17.675 0
214142 22.75 10.0 17.675 0
214212 22.75 10.0 17.675 0
214242 22.75 10.0 17.675 0
214313 22.75 10.0 17.675 0
214344 22.75 10.0 17.675 0
214414 22.75 10.0 17.675 0
214445 22.75 10.0 17.675 0
214515 22.75 10.0 17.675 0
214546 22.75 10.0 17.675 0
214617 22.75 10.0 17.675 0
214648 22.75 10.0 17.675 0
214718 22.75 10.0 17.675 0
214749 22.75 10.0 17.675 0
214819 22.75 10.0 17.675 0
214850 22.75 10.0 17.675 0
214920 22.75 10.0 17.675 0
214950 22.75 10.0 17.675 0
215021 22.75 10.0 17.675 0
215051 22.75 10.0 17.675 0
215121 22.75 10.0 17.675 0
215152 22.75 10.0 17.675 0
215223 22.75 10.0 17.675 0
215253 22.75 10.0 17.675 0
215324 22.75 10.0 17.675 0
215355 22.75 10.0 17.675 0
215425 22.75 10.0 17.675 0
215457 22.812 10.0 17.675 0
215527 22.812 10.0 17.675 0
215557 22.812 10.0 17.675 0
215628 22.812 10.0 17.675 0
215659 22.812 10.0 17.675 0
215729 22.812 10.0 17.675 0
215759 22.812 10.0 17.675 0
215830 22.812 10.0 17.675 0
215901 22.812 10.0 17.675 0
215931 22.812 10.0 17.675 0
220002 22.812 10.0 17.675 0
220033 22.812 10.0 17.675 0
220103 22.812 10.0 17.675 0
220134 22.812 10.0 17.675 0
220204 22.812 10.0 17.675 0
220235 22.812 10.0 17.675 0
220305 22.812 10.0 17.675 0
220335 22.812 10.0 17.675 0
220406 22.812 10.0 17.675 0
220436 22.812 10.0 17.675 0
220506 22.875 10.0 17.675 0
220536 22.875 10.0 17.675 0
220607 22.875 10.0 17.675 0
220637 22.875 10.0 17.675 0
220707 22.875 10.0 17.675 0
220737 22.875 10.0 17.675 0
220808 22.875 10.0 17.675 0
220839 22.875 10.0 17.675 0
220910 22.875 10.0 17.675 0
220940 22.875 10.0 17.675 0
221010 22.875 10.0 17.675 0
221040 22.875 10.0 17.675 0
221110 22.875 10.0 17.675 0
221140 22.875 10.0 17.675 0
221211 22.875 10.0 17.675 0
221242 22.937 10.0 17.675 0
221312 22.937 10.0 17.675 0
221343 22.937 10.0 17.675 0
221414 22.937 10.0 17.675 0
221444 22.937 10.0 17.675 0
221515 22.937 10.0 17.675 0
221546 22.937 10.0 17.675 0
221617 22.937 10.0 17.675 0
221647 22.937 10.0 17.675 0
221718 22.937 10.0 17.675 0
221748 22.875 10.0 17.675 0
221819 22.875 10.0 17.675 0
221850 22.875 10.0 17.675 0
221920 22.875 10.0 17.675 0
221951 22.875 10.0 17.675 0
222021 22.812 10.0 17.675 0
222052 22.812 10.0 17.675 0
222122 22.812 10.0 17.675 0
222152 22.812 10.0 17.675 0
222222 22.812 10.0 17.675 0
222253 22.812 10.0 17.675 0
222323 22.812 10.0 17.675 0
222353 22.812 10.0 17.675 0
222424 22.812 10.0 17.675 0
222454 22.812 10.0 17.675 0
222525 22.812 10.0 17.675 0
222555 22.812 10.0 17.675 0
222626 22.812 10.0 17.675 0
222656 22.812 10.0 17.675 0
222726 22.812 10.0 17.675 0
222756 22.75 10.0 17.675 0
222827 22.75 10.0 17.675 0
222857 22.75 10.0 17.675 0
222927 22.75 10.0 17.675 0
222957 22.75 10.0 17.675 0
223028 22.687 10.0 17.675 0
223058 22.687 10.0 17.675 0
223128 22.687 10.0 17.675 0
223158 22.687 10.0 17.675 0
223229 22.687 10.0 17.675 0
223259 22.687 10.0 17.675 0
223329 22.687 10.0 17.675 0
223400 22.687 10.0 17.675 0
223430 22.687 10.0 17.675 0
223503 22.687 10.0 17.675 0
223533 22.687 10.0 17.675 0
223603 22.687 10.0 17.675 0
223633 22.687 10.0 17.675 0
223703 22.687 10.0 17.675 0
223734 22.625 10.0 17.675 0
223804 22.625 10.0 17.675 0
223835 22.625 10.0 17.675 0
223905 22.625 10.0 17.675 0
223935 22.625 10.0 17.675 0
224005 22.625 10.0 17.675 0
224035 22.625 10.0 17.675 0
224105 22.625 10.0 17.675 0
224136 22.625 10.0 17.675 0
224206 22.625 10.0 17.675 0
224237 22.5 10.0 17.675 0
224308 22.5 10.0 17.675 0
224338 22.5 10.0 17.675 0
224409 22.5 10.0 17.675 0
224439 22.5 10.0 17.675 0
224509 22.562 10.0 17.675 0
224539 22.562 10.0 17.675 0
224610 22.562 10.0 17.675 0
224641 22.562 10.0 17.675 0
224711 22.562 10.0 17.675 0
224742 22.5 10.0 17.675 0
224812 22.5 10.0 17.675 0
224842 22.5 10.0 17.675 0
224913 22.5 10.0 17.675 0
224943 22.5 10.0 17.675 0
225013 22.437 10.0 17.675 0
225044 22.437 10.0 17.675 0
225115 22.437 10.0 17.675 0
225145 22.437 10.0 17.675 0
225215 22.437 10.0 17.675 0
225246 22.437 10.0 17.675 0
225317 22.437 10.0 17.675 0
225347 22.437 10.0 17.675 0
225418 22.437 10.0 17.675 0
225449 22.437 10.0 17.675 0
225519 22.437 10.0 17.675 0
225549 22.437 10.0 17.675 0
225619 22.437 10.0 17.675 0
225650 22.437 10.0 17.675 0
225721 22.437 10.0 17.675 0
225751 22.375 10.0 17.675 0
225821 22.375 10.0 17.675 0
225852 22.375 10.0 17.675 0
225923 22.375 10.0 17.675 0
225953 22.375 10.0 17.675 0
230023 22.375 10.0 17.675 0
230054 22.375 10.0 17.675 0
230124 22.375 10.0 17.675 0
230155 22.375 10.0 17.675 0
230226 22.375 10.0 17.675 0
230256 22.312 10.0 17.675 0
230326 22.312 10.0 17.675 0
230356 22.312 10.0 17.675 0
230426 22.312 10.0 17.675 0
230456 22.312 10.0 17.675 0
230527 22.312 10.0 17.675 0
230557 22.312 10.0 17.675 0
230628 22.312 10.0 17.675 0
230658 22.312 10.0 17.675 0
230729 22.312 10.0 17.675 0
230800 22.312 10.0 17.675 0
230830 22.312 10.0 17.675 0
230900 22.312 10.0 17.675 0
230931 22.312 10.0 17.675 0
231001 22.312 10.0 17.675 0
231032 22.312 10.0 17.675 0
231102 22.312 10.0 17.675 0
231133 22.312 10.0 17.675 0
231203 22.312 10.0 17.675 0
231234 22.312 10.0 17.675 0
231304 22.25 10.0 17.675 0
231334 22.25 10.0 17.675 0
231404 22.25 10.0 17.675 0
231435 22.25 10.0 17.675 0
231505 22.25 10.0 17.675 0
231535 22.25 10.0 17.675 0
231605 22.25 10.0 17.675 0
231635 22.25 10.0 17.675 0
231706 22.25 10.0 17.675 0
231738 22.25 10.0 17.675 0
231809 22.25 10.0 17.675 0
231840 22.25 10.0 17.675 0
231910 22.25 10.0 17.675 0
231941 22.25 10.0 17.675 0
232011 22.187 10.0 17.675 0
232041 22.187 10.0 17.675 0
232112 22.187 10.0 17.675 0
232142 22.187 10.0 17.675 0
232212 22.187 10.0 17.675 0
232242 22.187 10.0 17.675 0
232313 22.187 10.0 17.675 0
232343 22.187 10.0 17.675 0
232414 22.187 10.0 17.675 0
232444 22.187 10.0 17.675 0
232514 22.187 10.0 17.675 0
232544 22.187 10.0 17.675 0
232614 22.187 10.0 17.675 0
232644 22.187 10.0 17.675 0
232715 22.187 10.0 17.675 0
232745 22.187 10.0 17.675 0
232815 22.187 10.0 17.675 0
232846 22.187 10.0 17.675 0
232916 22.187 10.0 17.675 0
232946 22.187 10.0 17.675 0
233016 22.187 10.0 17.675 0
233046 22.187 10.0 17.675 0
233117 22.187 10.0 17.675 0
233147 22.187 10.0 17.675 0
233217 22.187 10.0 17.675 0
233247 22.187 10.0 17.675 0
233317 22.187 10.0 17.675 0
233347 22.187 10.0 17.675 0
233418 22.187 10.0 17.675 0
233448 22.187 10.0 17.675 0
233519 22.187 10.0 17.675 0
233549 22.187 10.0 17.675 0
233620 22.187 10.0 17.675 0
233650 22.187 10.0 17.675 0
233721 22.187 10.0 17.675 0
233751 22.187 10.0 17.675 0
233822 22.187 10.0 17.675 0
233852 22.187 10.0 17.675 0
233923 22.187 10.0 17.675 0
233953 22.187 10.0 17.675 0
234023 22.125 10.0 17.675 0
234054 22.125 10.0 17.675 0
234124 22.125 10.0 17.675 0
234155 22.125 10.0 17.675 0
234225 22.125 10.0 17.675 0
234256 22.125 10.0 17.675 0
234326 22.125 10.0 17.675 0
234357 22.125 10.0 17.675 0
234427 22.125 10.0 17.675 0
234457 22.125 10.0 17.675 0
234528 22.125 10.0 17.675 0
234558 22.125 10.0 17.675 0
234628 22.125 10.0 17.675 0
234659 22.125 10.0 17.675 0
234729 22.125 10.0 17.675 0
234759 22.125 10.0 17.675 0
234830 22.125 10.0 17.675 0
234900 22.125 10.0 17.675 0
234931 22.125 10.0 17.675 0
235001 22.125 10.0 17.675 0
235031 22.125 10.0 17.675 0
235102 22.125 10.0 17.675 0
235132 22.125 10.0 17.675 0
235202 22.125 10.0 17.675 0
235232 22.125 10.0 17.675 0
235303 22.125 10.0 17.675 0
235333 22.125 10.0 17.675 0
235403 22.125 10.0 17.675 0
235434 22.125 10.0 17.675 0
235505 22.125 10.0 17.675 0
235535 22.125 10.0 17.675 0
235606 22.125 10.0 17.675 0
235637 22.125 10.0 17.675 0
235708 22.125 10.0 17.675 0
235738 22.125 10.0 17.675 0
235808 22.125 10.0 17.675 0
235839 22.125 10.0 17.675 0
