235917 20.187 10.0 67.862 0
235948 20.187 10.0 67.862 0
000018 20.187 10.0 67.862 0
000048 20.125 10.0 67.862 0
000118 20.125 10.0 67.862 0
000149 20.125 10.0 67.862 0
000220 20.125 10.0 67.8 0
000250 20.125 10.0 67.8 0
000321 19.937 10.0 67.8 0
000352 19.937 10.0 67.8 0
000422 19.937 10.0 67.8 0
000452 19.937 10.0 67.8 0
000522 19.937 10.0 67.737 0
000552 19.687 10.0 67.737 0
000623 19.687 10.0 67.737 0
000654 19.687 10.0 67.675 0
000725 19.687 10.0 67.675 0
000755 19.687 10.0 67.675 0
000826 19.437 10.0 67.612 0
000856 19.437 10.0 67.612 0
000926 19.437 10.0 67.612 0
000957 19.437 10.0 67.612 0
001027 19.437 10.0 67.55 0
001058 19.25 10.0 67.55 0
001128 19.25 10.0 67.55 0
001159 19.25 10.0 67.55 0
001229 19.25 10.0 67.487 0
001259 19.25 10.0 67.487 0
001330 19.125 10.0 67.487 0
001400 19.125 10.0 67.487 0
001431 19.125 10.0 67.425 0
001501 19.125 10.0 67.425 0
001531 19.125 10.0 67.425 0
001601 19.0 10.0 67.425 0
001632 19.0 10.0 67.362 0
001702 19.0 10.0 67.362 0
001733 19.0 10.0 67.362 0
001803 19.0 10.0 67.3 0
001833 18.937 10.0 67.3 0
001903 18.937 10.0 67.3 0
001934 18.937 10.0 67.3 0
002005 18.937 10.0 67.237 0
002035 18.937 10.0 67.237 0
002105 18.812 10.0 67.237 0
002135 18.812 10.0 67.175 0
002206 18.812 10.0 67.175 0
002236 18.812 10.0 67.175 0
002306 18.812 10.0 67.175 0
002337 18.812 10.0 67.112 0
002407 18.812 10.0 67.112 0
002437 18.812 10.0 67.112 0
002508 18.812 10.0 67.05 0
002538 18.812 10.0 67.05 0
002609 18.75 10.0 66.987 0
002639 18.75 10.0 66.987 0
002710 18.75 10.0 66.925 0
002740 18.75 10.0 66.925 0
002813 18.687 10.0 66.862 0
002844 18.687 10.0 66.862 0
002914 18.687 10.0 66.8 0
002945 18.687 10.0 66.8 0
003015 18.687 10.0 66.737 0
003045 18.625 10.0 66.737 0
003116 18.625 10.0 66.675 0
003146 18.625 10.0 66.675 0
003217 18.625 10.0 66.675 0
003248 18.625 10.0 66.612 0
003318 18.562 10.0 66.612 0
003348 18.562 10.0 66.55 0
003418 18.562 10.0 66.55 0
003449 18.562 10.0 66.55 0
003520 18.562 10.0 66.487 0
003550 18.5 10.0 66.487 0
003620 18.5 10.0 66.425 0
003650 18.5 10.0 66.425 0
003721 18.5 10.0 66.425 0
003752 18.5 10.0 66.362 0
003822 18.5 10.0 66.362 0
003853 18.5 10.0 66.3 0
003923 18.5 10.0 66.3 0
003954 18.5 10.0 66.237 0
004025 18.5 10.0 66.237 0
004055 18.437 10.0 66.175 0
004125 18.437 10.0 66.175 0
004155 18.437 10.0 66.175 0
004225 18.437 10.0 66.112 0
004255 18.437 10.0 66.112 0
004326 18.375 10.0 66.05 0
004357 18.375 10.0 66.05 0
004428 18.375 10.0 65.987 0
004458 18.375 10.0 65.987 0
004528 18.375 10.0 65.925 0
004558 18.375 10.0 65.925 0
004628 18.375 10.0 65.862 0
004659 18.375 10.0 65.8 0
004729 18.375 10.0 65.737 0
004759 18.375 10.0 65.737 0
004830 18.312 10.0 65.675 0
004900 18.312 10.0 65.675 0
004930 18.312 10.0 65.612 0
005000 18.312 10.0 65.612 0
005031 18.312 10.0 65.55 0
005101 18.25 10.0 65.487 0
005131 18.25 10.0 65.487 0
005202 18.25 10.0 65.425 0
005232 18.25 10.0 65.425 0
005302 18.25 10.0 65.425 0
005333 18.187 10.0 65.362 0
005403 18.187 10.0 65.3 0
005434 18.187 10.0 65.3 0
005504 18.187 10.0 65.3 0
005534 18.187 10.0 65.237 0
005605 18.187 10.0 65.237 0
005635 18.187 10.0 65.3 0
005706 18.187 10.0 65.425 0
005736 18.187 10.0 65.425 0
005806 18.187 10.0 65.487 0
005836 18.187 10.0 65.487 0
005907 18.187 10.0 65.487 0
005937 18.187 10.0 65.55 0
010008 18.187 10.0 65.55 0
010039 18.187 10.0 65.55 0
010109 18.125 10.0 65.55 0
010139 18.125 10.0 65.55 0
010209 18.125 10.0 65.55 0
010240 18.125 10.0 65.487 0
010310 18.125 10.0 65.487 0
010341 18.125 10.0 65.487 0
010412 18.125 10.0 65.487 0
010442 18.125 10.0 65.425 0
010512 18.125 10.0 65.425 0
010542 18.125 10.0 65.425 0
010613 18.062 10.0 65.362 0
010644 18.062 10.0 65.362 0
010714 18.062 10.0 65.3 0
010745 18.062 10.0 65.3 0
010815 18.062 10.0 65.237 0
010845 18.0 10.0 65.175 0
010916 18.0 10.0 65.175 0
010946 18.0 10.0 65.112 0
011017 18.0 10.0 65.112 0
011049 18.0 10.0 65.05 0
011120 18.0 10.0 65.05 0
011151 18.0 10.0 64.987 0
011221 18.0 10.0 64.987 0
011252 18.0 10.0 64.925 0
011322 17.937 10.0 64.925 0
011352 17.937 10.0 64.862 0
011423 17.937 10.0 64.862 0
011453 17.937 10.0 64.8 0
011524 17.937 10.0 64.8 0
011555 17.937 10.0 64.8 0
011625 17.937 10.0 64.737 0
011656 17.937 10.0 64.737 0
011726 17.937 10.0 64.675 0
011756 17.937 10.0 64.675 0
011827 17.937 10.0 64.612 0
011857 17.937 10.0 64.612 0
011928 17.937 10.0 64.55 0
011958 17.937 10.0 64.55 0
012029 17.937 10.0 64.487 0
012059 17.875 10.0 64.487 0
012129 17.875 10.0 64.425 0
012200 17.875 10.0 64.425 0
012231 17.875 10.0 64.425 0
012301 17.875 10.0 64.362 0
012332 17.875 10.0 64.3 0
012403 17.875 10.0 64.3 0
012433 17.875 10.0 64.237 0
012504 17.875 10.0 64.237 0
012534 17.875 10.0 64.175 0
012605 17.812 10.0 64.175 0
012635 17.812 10.0 64.112 0
012705 17.812 10.0 64.05 0
012735 17.812 10.0 63.987 0
012805 17.812 10.0 63.925 0
012835 17.812 10.0 63.862 0
012906 17.812 10.0 63.8 0
012936 17.812 10.0 63.737 0
013007 17.812 10.0 63.675 0
013037 17.812 10.0 63.675 0
013108 17.812 10.0 63.612 0
013139 17.812 10.0 63.612 0
013210 17.812 10.0 63.55 0
013240 17.812 10.0 63.487 0
013310 17.812 10.0 63.487 0
013340 17.75 10.0 63.425 0
013410 17.75 10.0 63.425 0
013441 17.75 10.0 63.362 0
013511 17.75 10.0 63.3 0
013541 17.75 10.0 63.3 0
013611 17.75 10.0 63.237 0
013642 17.75 10.0 63.237 0
013712 17.75 10.0 63.175 0
013743 17.75 10.0 63.175 0
013813 17.75 10.0 63.112 0
013844 17.687 10.0 63.112 0
013914 17.687 10.0 63.05 0
013944 17.687 10.0 62.987 0
014014 17.687 10.0 62.987 0
014044 17.687 10.0 62.987 0
014114 17.687 10.0 62.925 0
014145 17.687 10.0 62.925 0
014215 17.687 10.0 62.862 0
014246 17.687 10.0 62.8 0
014317 17.687 10.0 62.8 0
014347 17.687 10.0 62.737 0
014418 17.687 10.0 62.737 0
014448 17.687 10.0 62.675 0
014518 17.687 10.0 62.675 0
014548 17.687 10.0 62.612 0
014619 17.625 10.0 62.55 0
014650 17.625 10.0 62.425 0
014720 17.625 10.0 62.3 0
014750 17.625 10.0 62.237 0
014820 17.625 10.0 62.175 0
014851 17.625 10.0 62.112 0
014921 17.625 10.0 62.05 0
014952 17.625 10.0 61.987 0
015022 17.625 10.0 61.987 0
015055 17.625 10.0 61.925 0
015125 17.625 10.0 61.862 0
015156 17.625 10.0 61.8 0
015226 17.625 10.0 61.8 0
015256 17.625 10.0 61.737 0
015326 17.562 10.0 61.737 0
015357 17.562 10.0 61.675 0
015427 17.562 10.0 61.675 0
015458 17.562 10.0 61.612 0
015528 17.562 10.0 61.55 0
015558 17.562 10.0 61.55 0
015628 17.562 10.0 61.487 0
015659 17.562 10.0 61.487 0
015729 17.562 10.0 61.425 0
015800 17.562 10.0 61.487 0
015830 17.562 10.0 61.487 0
015900 17.562 10.0 61.487 0
015930 17.562 10.0 61.55 0
020000 17.562 10.0 61.55 0
020030 17.562 10.0 61.55 0
020101 17.5 10.0 61.55 0
020131 17.5 10.0 61.55 0
020201 17.5 10.0 61.55 0
020231 17.5 10.0 61.55 0
020302 17.5 10.0 61.487 0
020332 17.5 10.0 61.487 0
020402 17.5 10.0 61.487 0
020432 17.5 10.0 61.487 0
020503 17.5 10.0 61.425 0
020533 17.5 10.0 61.425 0
020603 17.5 10.0 61.362 0
020634 17.5 10.0 61.3 0
020704 17.5 10.0 61.237 0
020734 17.5 10.0 61.175 0
020804 17.5 10.0 61.112 0
020835 17.5 10.0 61.05 0
020905 17.5 10.0 61.05 0
020935 17.5 10.0 60.987 0
021006 17.5 10.0 60.925 0
021036 17.5 10.0 60.925 0
021106 17.437 10.0 60.862 0
021137 17.437 10.0 60.862 0
021207 17.437 10.0 60.8 0
021237 17.437 10.0 60.8 0
021308 17.437 10.0 60.737 0
021339 17.437 10.0 60.737 0
021409 17.437 10.0 60.675 0
021439 17.437 10.0 60.612 0
021510 17.437 10.0 60.612 0
021540 17.437 10.0 60.55 0
021610 17.437 10.0 60.55 0
021640 17.437 10.0 60.487 0
021710 17.437 10.0 60.487 0
021740 17.437 10.0 60.425 0
021810 17.437 10.0 60.425 0
021841 17.375 10.0 60.425 0
021911 17.375 10.0 60.362 0
021941 17.375 10.0 60.362 0
022012 17.375 10.0 60.3 0
022042 17.375 10.0 60.3 0
022113 17.375 10.0 60.237 0
022144 17.375 10.0 60.175 0
022214 17.375 10.0 60.175 0
022245 17.375 10.0 60.175 0
022316 17.375 10.0 60.112 0
022346 17.375 10.0 60.05 0
022417 17.375 10.0 60.05 0
022447 17.375 10.0 59.925 0
022517 17.375 10.0 59.862 0
022548 17.375 10.0 59.737 0
022618 17.375 10.0 59.675 0
022648 17.375 10.0 59.612 0
022718 17.375 10.0 59.55 0
022748 17.375 10.0 59.487 0
022818 17.375 10.0 59.487 0
022848 17.375 10.0 59.425 0
022919 17.375 10.0 59.362 0
022949 17.375 10.0 59.362 0
023019 17.375 10.0 59.3 0
023050 17.375 10.0 59.3 0
023120 17.312 10.0 59.237 0
023151 17.312 10.0 59.175 0
023221 17.312 10.0 59.175 0
023252 17.312 10.0 59.112 0
023322 17.312 10.0 59.112 0
023352 17.312 10.0 59.05 0
023422 17.312 10.0 59.05 0
023452 17.312 10.0 58.987 0
023523 17.312 10.0 58.987 0
023553 17.312 10.0 58.925 0
023623 17.312 10.0 58.925 0
023654 17.312 10.0 58.862 0
023724 17.312 10.0 58.862 0
023754 17.312 10.0 58.8 0
023824 17.312 10.0 58.8 0
023855 17.312 10.0 58.737 0
023925 17.312 10.0 58.737 0
023956 17.312 10.0 58.675 0
024026 17.312 10.0 58.675 0
024056 17.312 10.0 58.612 0
024127 17.25 10.0 58.612 0
024157 17.25 10.0 58.55 0
024228 17.25 10.0 58.487 0
024258 17.25 10.0 58.425 0
024329 17.25 10.0 58.3 0
024359 17.25 10.0 58.175 0
024430 17.25 10.0 58.112 0
024500 17.25 10.0 58.05 0
024530 17.25 10.0 57.987 0
024602 17.25 10.0 57.925 0
024633 17.25 10.0 57.862 0
024703 17.25 10.0 57.862 0
024733 17.25 10.0 57.8 0
024804 17.25 10.0 57.737 0
024835 17.25 10.0 57.737 0
024905 17.25 10.0 57.675 0
024936 17.25 10.0 57.675 0
025007 17.25 10.0 57.612 0
025038 17.25 10.0 57.612 0
025108 17.187 10.0 57.55 0
025139 17.187 10.0 57.55 0
025210 17.187 10.0 57.487 0
025240 17.187 10.0 57.487 0
025310 17.187 10.0 57.425 0
025340 17.187 10.0 57.425 0
025411 17.187 10.0 57.362 0
025441 17.187 10.0 57.362 0
025511 17.187 10.0 57.3 0
025542 17.187 10.0 57.3 0
025613 17.187 10.0 57.237 0
025644 17.187 10.0 57.237 0
025714 17.187 10.0 57.175 0
025745 17.187 10.0 57.175 0
025815 17.187 10.0 57.175 0
025845 17.187 10.0 57.112 0
025915 17.187 10.0 57.112 0
025945 17.187 10.0 57.175 0
030016 17.187 10.0 57.175 0
030047 17.187 10.0 57.175 0
030117 17.187 10.0 57.175 0
030147 17.187 10.0 57.175 0
030217 17.187 10.0 57.112 0
030248 17.187 10.0 57.112 0
030319 17.187 10.0 57.05 0
030349 17.125 10.0 57.05 0
030420 17.125 10.0 57.05 0
030450 17.125 10.0 56.987 0
030521 17.125 10.0 56.987 0
030551 17.125 10.0 56.987 0
030621 17.125 10.0 56.925 0
030651 17.125 10.0 56.925 0
030721 17.125 10.0 56.862 0
030752 17.125 10.0 56.862 0
030822 17.125 10.0 56.862 0
030852 17.125 10.0 56.8 0
030923 17.125 10.0 56.8 0
030954 17.125 10.0 56.8 0
031024 17.125 10.0 56.987 0
031055 17.125 10.0 57.237 0
031125 17.062 10.0 57.612 0
031156 17.062 10.0 58.175 0
031226 17.062 10.0 58.987 0
031256 17.062 10.0 59.987 0
031327 17.062 10.0 61.112 0
031358 17.062 10.0 62.175 0
031429 17.062 10.0 63.175 0
031459 17.062 10.0 63.987 0
031530 17.062 10.0 64.55 0
031601 17.062 10.0 65.05 0
031632 17.062 10.0 65.425 0
031702 17.062 10.0 65.675 0
031733 17.062 10.0 65.925 0
031803 17.062 10.0 66.112 0
031833 17.062 10.0 66.237 0
031904 17.062 10.0 66.3 0
031934 17.062 10.0 66.425 0
032005 17.062 10.0 66.487 0
032035 17.062 10.0 66.55 0
032105 17.062 10.0 66.55 0
032135 17.062 10.0 66.612 0
032206 17.062 10.0 66.612 0
032236 17.062 10.0 66.675 0
032306 17.062 10.0 66.675 0
032336 17.062 10.0 66.737 0
032407 17.0 10.0 66.737 0
032437 17.0 10.0 66.737 0
032508 17.0 10.0 66.8 0
032539 17.0 10.0 66.8 0
032610 17.0 10.0 66.862 0
032640 17.0 10.0 66.862 0
032710 17.0 10.0 66.862 0
032741 17.0 10.0 66.925 0
032811 17.0 10.0 66.925 0
032841 17.0 10.0 66.925 0
032911 17.0 10.0 66.925 0
032942 17.0 10.0 66.987 0
033013 17.0 10.0 66.987 0
033043 17.0 10.0 66.987 0
033113 17.0 10.0 66.987 0
033144 17.0 10.0 67.05 0
033214 17.0 10.0 67.05 0
033245 17.0 10.0 67.05 0
033315 17.0 10.0 67.05 0
033345 17.0 10.0 67.05 0
033416 17.0 10.0 67.05 0
033447 17.0 10.0 67.05 0
033517 17.0 10.0 67.05 0
033548 17.0 10.0 67.112 0
033618 16.937 10.0 67.112 0
033648 16.937 10.0 67.112 0
033719 16.937 10.0 67.112 0
033749 16.937 10.0 67.112 0
033820 16.937 10.0 67.112 0
033851 16.937 10.0 67.112 0
033921 16.937 10.0 67.112 0
033951 16.937 10.0 67.112 0
034022 16.937 10.0 67.112 0
034053 16.937 10.0 67.112 0
034124 16.937 10.0 67.112 0
034154 16.937 10.0 67.112 0
034225 16.937 10.0 67.112 0
034255 16.937 10.0 67.112 0
034325 16.937 10.0 67.112 0
034356 16.937 10.0 67.112 0
034426 16.937 10.0 67.112 0
034456 16.937 10.0 67.05 0
034526 16.937 10.0 67.05 0
034556 16.937 10.0 67.05 0
034626 16.937 10.0 67.05 0
034657 16.937 10.0 67.05 0
034727 16.937 10.0 67.05 0
034758 16.937 10.0 66.987 0
034828 16.937 10.0 66.987 0
034858 16.875 10.0 66.987 0
034928 16.875 10.0 66.987 0
034958 16.875 10.0 66.987 0
035029 16.875 10.0 66.925 0
035100 16.875 10.0 66.925 0
035130 16.875 10.0 66.925 0
035200 16.875 10.0 66.925 0
035231 16.875 10.0 66.925 0
035302 16.875 10.0 66.862 0
035332 16.875 10.0 66.862 0
035402 16.875 10.0 66.862 0
035433 16.875 10.0 66.862 0
035503 16.875 10.0 66.862 0
035533 16.875 10.0 66.8 0
035604 16.875 10.0 66.8 0
035634 16.875 10.0 66.8 0
035704 16.875 10.0 66.8 0
035735 16.875 10.0 66.737 0
035805 16.875 10.0 66.737 0
035835 16.875 10.0 66.737 0
035905 16.875 10.0 66.675 0
035936 16.875 10.0 66.675 0
040006 16.875 10.0 66.675 0
040036 16.875 10.0 66.612 0
040106 16.875 10.0 66.612 0
040137 16.812 10.0 66.612 0
040207 16.812 10.0 66.55 0
040238 16.812 10.0 66.55 0
040309 16.812 10.0 66.55 0
040340 16.812 10.0 66.487 0
040410 16.812 10.0 66.487 0
040440 16.812 10.0 66.487 0
040511 16.812 10.0 66.425 0
040541 16.812 10.0 66.425 0
040612 16.812 10.0 66.425 0
040642 16.812 10.0 66.362 0
040712 16.812 10.0 66.362 0
040743 16.812 10.0 66.362 0
040813 16.812 10.0 66.362 0
040843 16.812 10.0 66.3 0
040913 16.812 10.0 66.3 0
040943 16.812 10.0 66.237 0
041014 16.812 10.0 66.237 0
041044 16.812 10.0 66.237 0
041117 16.812 10.0 66.175 0
041147 16.812 10.0 66.175 0
041217 16.812 10.0 66.175 0
041247 16.812 10.0 66.175 0
041317 16.812 10.0 66.112 0
041348 16.812 10.0 66.112 0
041418 16.812 10.0 66.112 0
041449 16.812 10.0 66.05 0
041519 16.812 10.0 66.05 0
041550 16.812 10.0 66.05 0
041620 16.75 10.0 66.175 0
041651 16.75 10.0 66.237 0
041722 16.75 10.0 66.3 0
041752 16.75 10.0 66.362 0
041823 16.75 10.0 66.362 0
041853 16.75 10.0 66.362 0
041923 16.75 10.0 66.362 0
041953 16.75 10.0 66.362 0
042023 16.75 10.0 66.362 0
042053 16.75 10.0 66.362 0
042124 16.75 10.0 66.3 0
042154 16.75 10.0 66.3 0
042224 16.75 10.0 66.3 0
042254 16.75 10.0 66.237 0
042325 16.75 10.0 66.237 0
042356 16.75 10.0 66.237 0
042426 16.75 10.0 66.237 0
042456 16.75 10.0 66.175 0
042527 16.75 10.0 66.175 0
042557 16.75 10.0 66.175 0
042628 16.75 10.0 66.175 0
042658 16.75 10.0 66.112 0
042729 16.75 10.0 66.112 0
042800 16.75 10.0 66.112 0
042830 16.75 10.0 66.112 0
042900 16.75 10.0 66.05 0
042931 16.75 10.0 66.05 0
043001 16.75 10.0 66.05 0
043032 16.75 10.0 66.05 0
043102 16.75 10.0 65.987 0
043133 16.687 10.0 65.987 0
043203 16.687 10.0 65.987 0
043234 16.687 10.0 65.987 0
043304 16.687 10.0 65.925 0
043335 16.687 10.0 65.925 0
043405 16.687 10.0 65.925 0
043435 16.687 10.0 65.925 0
043506 16.687 10.0 65.862 0
043536 16.687 10.0 65.862 0
043606 16.687 10.0 65.862 0
043637 16.687 10.0 65.862 0
043707 16.687 10.0 65.8 0
043738 16.687 10.0 65.8 0
043808 16.687 10.0 65.8 0
043839 16.687 10.0 65.737 0
043909 16.687 10.0 65.737 0
043940 16.687 10.0 65.737 0
044010 16.687 10.0 65.675 0
044041 16.687 10.0 65.675 0
044112 16.687 10.0 65.612 0
044142 16.687 10.0 65.612 0
044212 16.687 10.0 65.55 0
044243 16.687 10.0 65.55 0
044314 16.687 10.0 65.487 0
044344 16.687 10.0 65.487 0
044415 16.625 10.0 65.425 0
044446 16.625 10.0 65.425 0
044516 16.625 10.0 65.362 0
044546 16.625 10.0 65.362 0
044616 16.625 10.0 65.362 0
044646 16.625 10.0 65.3 0
044717 16.625 10.0 65.3 0
044747 16.625 10.0 65.237 0
044818 16.625 10.0 65.237 0
044848 16.625 10.0 65.237 0
044919 16.625 10.0 65.175 0
044949 16.625 10.0 65.175 0
045019 16.625 10.0 65.112 0
045050 16.625 10.0 65.112 0
045122 16.625 10.0 65.05 0
045153 16.625 10.0 65.05 0
045224 16.625 10.0 65.05 0
045254 16.625 10.0 64.987 0
045325 16.625 10.0 64.987 0
045355 16.625 10.0 64.925 0
045425 16.625 10.0 64.925 0
045455 16.625 10.0 64.862 0
045525 16.625 10.0 64.862 0
045556 16.625 10.0 64.8 0
045626 16.562 10.0 64.8 0
045656 16.562 10.0 64.737 0
045727 16.562 10.0 64.737 0
045757 16.562 10.0 64.737 0
045828 16.562 10.0 64.675 0
045858 16.562 10.0 64.675 0
045929 16.562 10.0 64.612 0
045959 16.562 10.0 64.612 0
050030 16.562 10.0 64.55 0
050101 16.562 10.0 64.487 0
050131 16.562 10.0 64.425 0
050201 16.562 10.0 64.425 0
050231 16.562 10.0 64.362 0
050301 16.562 10.0 64.3 0
050332 16.562 10.0 64.3 0
050403 16.562 10.0 64.237 0
050434 16.562 10.0 64.237 0
050504 16.562 10.0 64.175 0
050534 16.562 10.0 64.175 0
050605 16.562 10.0 64.112 0
050636 16.562 10.0 64.112 0
050706 16.562 10.0 64.05 0
050736 16.562 10.0 64.05 0
050807 16.562 10.0 63.987 0
050837 16.562 10.0 63.987 0
050907 16.562 10.0 63.925 0
050938 16.562 10.0 63.925 0
051008 16.562 10.0 63.925 0
051039 16.562 10.0 63.862 0
051109 16.562 10.0 63.862 0
051139 16.5 10.0 63.8 0
051210 16.5 10.0 63.8 0
051240 16.5 10.0 63.737 0
051311 16.5 10.0 63.675 0
051341 16.5 10.0 63.675 0
051412 16.5 10.0 63.612 0
051442 16.5 10.0 63.612 0
051513 16.5 10.0 63.55 0
051543 16.5 10.0 63.55 0
051613 16.5 10.0 63.487 0
051644 16.5 10.0 63.487 0
051714 16.5 10.0 63.487 0
051744 16.5 10.0 63.487 0
051814 16.5 10.0 63.55 0
051845 16.5 10.0 63.612 0
051915 16.5 10.0 63.675 0
051946 16.5 10.0 63.675 0
052016 16.5 10.0 63.675 0
052047 16.5 10.0 63.675 0
052117 16.5 10.0 63.675 0
052147 16.5 10.0 63.612 0
052218 16.5 10.0 63.612 0
052249 16.5 10.0 63.55 0
052320 16.5 10.0 63.55 0
052350 16.5 10.0 63.487 0
052420 16.5 10.0 63.487 0
052450 16.5 10.0 63.425 0
052521 16.5 10.0 63.425 0
052551 16.5 10.0 63.425 0
052621 16.5 10.0 63.362 0
052652 16.437 10.0 63.362 0
052723 16.437 10.0 63.3 0
052754 16.437 10.0 63.3 0
052824 16.437 10.0 63.237 0
052857 16.437 10.0 63.237 0
052928 16.437 10.0 63.175 0
052958 16.437 10.0 63.175 0
053028 16.437 10.0 63.112 0
053058 16.437 10.0 63.112 0
053128 16.437 10.0 63.05 0
053159 16.437 10.0 63.05 0
053229 16.437 10.0 63.05 0
053300 16.437 10.0 62.987 0
053330 16.437 10.0 62.987 0
053400 16.437 10.0 62.925 0
053430 16.437 10.0 62.925 0
053501 16.437 10.0 62.862 0
053531 16.437 10.0 62.862 0
053601 16.437 10.0 62.8 0
053632 16.437 10.0 62.8 0
053703 16.437 10.0 62.8 0
053733 16.437 10.0 62.737 0
053803 16.437 10.0 62.737 0
053834 16.437 10.0 62.675 0
053904 16.437 10.0 62.675 0
053935 16.437 10.0 62.612 0
054005 16.437 10.0 62.612 0
054035 16.437 10.0 62.55 0
054106 16.437 10.0 62.487 0
054136 16.437 10.0 62.425 0
054206 16.437 10.0 62.3 0
054237 16.437 10.0 62.237 0
054307 16.437 10.0 62.237 0
054337 16.437 10.0 62.175 0
054407 16.375 10.0 62.112 0
054438 16.375 10.0 62.05 0
054508 16.375 10.0 62.05 0
054539 16.375 10.0 61.987 0
054609 16.375 10.0 61.987 0
054639 16.375 10.0 61.925 0
054710 16.375 10.0 61.862 0
054741 16.375 10.0 61.862 0
054812 16.375 10.0 61.8 0
054842 16.375 10.0 61.8 0
054912 16.375 10.0 61.737 0
054942 16.375 10.0 61.737 0
055013 16.375 10.0 61.675 0
055044 16.375 10.0 61.612 0
055114 16.375 10.0 61.612 0
055144 16.375 10.0 61.55 0
055215 16.375 10.0 61.55 0
055245 16.375 10.0 61.487 0
055315 16.375 10.0 61.487 0
055346 16.375 10.0 61.425 0
055416 16.375 10.0 61.362 0
055447 16.375 10.0 61.362 0
055518 16.375 10.0 61.3 0
055548 16.375 10.0 61.3 0
055619 16.375 10.0 61.237 0
055649 16.375 10.0 61.237 0
055719 16.375 10.0 61.175 0
055750 16.375 10.0 61.175 0
055820 16.375 10.0 61.112 0
055851 16.375 10.0 61.112 0
055921 16.312 10.0 61.05 0
055952 16.312 10.0 60.987 0
060022 16.312 10.0 60.925 0
060052 16.312 10.0 60.862 0
060123 16.312 10.0 60.737 0
060153 16.312 10.0 60.612 0
060224 16.312 10.0 60.55 0
060255 16.312 10.0 60.425 0
060326 16.312 10.0 60.362 0
060356 16.312 10.0 60.362 0
060427 16.312 10.0 60.3 0
060457 16.312 10.0 60.237 0
060527 16.312 10.0 60.175 0
060558 16.312 10.0 60.175 0
060628 16.312 10.0 60.112 0
060659 16.312 10.0 60.05 0
060729 16.312 10.0 60.05 0
060800 16.312 10.0 59.987 0
060830 16.312 10.0 59.987 0
060900 16.312 10.0 59.925 0
060931 16.312 10.0 59.862 0
061001 16.312 10.0 59.862 0
061031 16.312 10.0 59.8 0
061102 16.312 10.0 59.8 0
061134 16.312 10.0 59.737 0
061204 16.312 10.0 59.675 0
061235 16.312 10.0 59.675 0
061305 16.312 10.0 59.612 0
061336 16.312 10.0 59.612 0
061407 16.312 10.0 59.55 0
061437 16.312 10.0 59.55 0
061507 16.312 10.0 59.487 0
061537 16.312 10.0 59.425 0
061607 16.312 10.0 59.425 0
061637 16.312 10.0 59.362 0
061708 16.312 10.0 59.362 0
061738 16.312 10.0 59.3 0
061809 16.312 10.0 59.237 0
061839 16.312 10.0 59.237 0
061910 16.312 10.0 59.175 0
061940 16.312 10.0 59.175 0
062011 16.312 10.0 59.112 0
062041 16.312 10.0 58.987 0
062111 16.312 10.0 58.925 0
062142 16.312 10.0 58.925 0
062212 16.312 10.0 58.862 0
062243 16.312 10.0 58.8 0
062313 16.312 10.0 58.8 0
062343 16.312 10.0 58.737 0
062413 16.312 10.0 58.675 0
062444 16.312 10.0 58.675 0
062514 16.312 10.0 58.612 0
062545 16.312 10.0 58.612 0
062615 16.312 10.0 58.55 0
062646 16.312 10.0 58.55 0
062716 16.312 10.0 58.487 0
062747 16.312 10.0 58.487 0
062818 16.312 10.0 58.425 0
062848 16.312 10.0 58.425 0
062918 16.312 10.0 58.362 0
062948 16.312 10.0 58.362 0
063019 16.312 10.0 58.3 0
063050 16.312 10.0 58.3 0
063121 16.312 10.0 58.237 0
063151 16.312 10.0 58.237 0
063222 16.312 10.0 58.175 0
063252 16.312 10.0 58.175 0
063322 16.312 10.0 58.112 0
063353 16.312 10.0 58.112 0
063423 16.312 10.0 58.05 0
063454 16.312 10.0 58.05 0
063524 16.312 10.0 57.987 0
063554 16.312 10.0 57.987 0
063625 16.312 10.0 57.925 0
063655 16.312 10.0 57.925 0
063725 16.312 10.0 57.862 0
063755 16.312 10.0 57.737 0
063826 16.312 10.0 57.612 0
063856 16.312 10.0 57.487 0
063927 16.25 10.0 57.425 0
063957 16.25 10.0 57.362 0
064027 16.25 10.0 57.237 0
064058 16.25 10.0 57.237 0
064129 16.25 10.0 57.175 0
064159 16.25 10.0 57.112 0
064229 16.25 10.0 57.05 0
064259 16.25 10.0 57.05 0
064329 16.25 10.0 56.987 0
064359 16.25 10.0 56.987 0
064430 16.25 10.0 56.925 0
064500 16.25 10.0 56.925 0
064530 16.25 10.0 56.987 0
064600 16.25 10.0 57.05 0
064631 16.25 10.0 57.3 0
064701 16.25 10.0 57.612 0
064731 16.25 10.0 58.05 0
064801 16.25 10.0 58.612 0
064832 16.25 10.0 59.487 0
064902 16.25 10.0 60.425 0
064932 16.187 10.0 61.487 0
065002 16.187 10.0 62.55 0
065033 16.187 10.0 63.425 0
065104 16.187 10.0 64.05 0
065134 16.187 10.0 64.55 0
065205 16.187 10.0 65.05 0
065235 16.187 10.0 65.425 0
065306 16.187 10.0 65.737 0
065336 16.187 10.0 65.925 0
065407 16.187 10.0 66.112 0
065437 16.187 10.0 66.237 0
065508 16.187 10.0 66.362 0
065538 16.187 10.0 66.487 0
065608 16.187 10.0 66.55 0
065638 16.187 10.0 66.612 0
065708 16.187 10.0 66.675 0
065739 16.187 10.0 66.675 0
065810 16.187 10.0 66.675 0
065840 16.187 10.0 66.737 0
065912 16.187 10.0 66.737 0
065942 16.187 10.0 66.8 0
070013 16.187 10.0 66.8 0
070043 16.187 10.0 66.8 0
070113 16.187 10.0 66.862 0
070143 16.125 10.0 66.862 0
070214 16.125 10.0 66.862 0
070244 16.125 10.0 66.925 0
070314 16.125 10.0 66.925 0
070345 16.125 10.0 66.925 0
070415 16.125 10.0 66.925 0
070446 16.125 10.0 66.987 0
070516 16.125 10.0 66.987 0
070547 16.125 10.0 66.987 0
070618 16.125 10.0 66.987 0
070648 16.125 10.0 66.987 0
070718 16.125 10.0 66.987 0
070748 16.125 10.0 66.987 0
070819 16.125 10.0 67.05 0
070849 16.125 10.0 67.05 0
070920 16.125 10.0 67.05 0
070951 16.125 10.0 67.05 0
071021 16.125 10.0 67.05 0
071052 16.125 10.0 67.05 0
071122 16.125 10.0 67.112 0
071152 16.125 10.0 67.112 0
071222 16.125 10.0 67.112 0
071252 16.125 10.0 67.112 0
071323 16.125 10.0 67.112 0
071354 16.125 10.0 67.112 0
071425 16.125 10.0 67.112 0
071455 16.125 10.0 67.112 0
071525 16.125 10.0 67.112 0
071555 16.125 10.0 67.112 0
071626 16.125 10.0 67.112 0
071656 16.125 10.0 67.112 0
071726 16.125 10.0 67.112 0
071756 16.125 10.0 67.112 0
071827 16.125 10.0 67.112 0
071857 16.125 10.0 67.112 0
071927 16.062 10.0 67.112 0
071958 16.062 10.0 67.112 0
072028 16.062 10.0 67.112 0
072058 16.062 10.0 67.112 0
072128 16.062 10.0 67.112 0
072159 16.062 10.0 67.112 0
072229 16.062 10.0 67.112 0
072300 16.062 10.0 67.05 0
072331 16.062 10.0 67.05 0
072401 16.062 10.0 67.05 0
072431 16.062 10.0 67.05 0
072502 16.062 10.0 66.987 0
072532 16.062 10.0 66.987 0
072603 16.062 10.0 66.987 0
072633 16.062 10.0 66.987 0
072703 16.062 10.0 66.987 0
072734 16.062 10.0 66.987 0
072804 16.062 10.0 66.925 0
072834 16.062 10.0 66.925 0
072905 16.062 10.0 66.925 0
072935 16.062 10.0 66.925 0
073006 16.062 10.0 66.925 0
073037 16.062 10.0 66.862 0
073107 16.062 10.0 66.862 0
073137 16.062 10.0 66.862 0
073207 16.062 10.0 66.862 0
073237 16.062 10.0 66.8 0
073308 16.062 10.0 66.8 0
073338 16.062 10.0 66.8 0
073409 16.062 10.0 66.8 0
073439 16.062 10.0 66.8 0
073509 16.062 10.0 66.737 0
073539 16.062 10.0 66.737 0
073610 16.062 10.0 66.737 0
073640 16.062 10.0 66.737 0
073710 16.0 10.0 66.675 0
073741 16.0 10.0 66.675 0
073811 16.0 10.0 66.675 0
073841 16.0 10.0 66.612 0
073911 16.0 10.0 66.612 0
073942 16.0 10.0 66.55 0
074012 16.0 10.0 66.55 0
074042 16.0 10.0 66.55 0
074113 16.0 10.0 66.55 0
074143 16.0 10.0 66.487 0
074213 16.0 10.0 66.487 0
074243 16.0 10.0 66.487 0
074313 16.0 10.0 66.425 0
074344 16.0 10.0 66.425 0
074414 16.0 10.0 66.425 0
074444 16.0 10.0 66.425 0
074514 16.0 10.0 66.362 0
074545 16.0 10.0 66.362 0
074616 16.0 10.0 66.362 0
074646 16.0 10.0 66.3 0
074716 16.0 10.0 66.3 0
074747 16.0 10.0 66.3 0
074818 16.0 10.0 66.237 0
074848 16.0 10.0 66.237 0
074921 16.0 10.0 66.237 0
074951 16.0 10.0 66.175 0
075021 16.0 10.0 66.175 0
075051 16.0 10.0 66.175 0
075121 16.0 10.0 66.112 0
075152 15.937 10.0 66.175 0
075222 15.937 10.0 66.237 0
075252 15.937 10.0 66.3 0
075322 15.937 10.0 66.362 0
075352 15.937 10.0 66.425 0
075423 15.937 10.0 66.425 0
075453 15.937 10.0 66.425 0
075524 15.937 10.0 66.425 0
075554 15.937 10.0 66.425 0
075625 15.937 10.0 66.425 0
075656 15.937 10.0 66.425 0
075726 15.937 10.0 66.425 0
075757 15.937 10.0 66.362 0
075827 15.937 10.0 66.362 0
075858 15.937 10.0 66.362 0
075928 15.937 10.0 66.362 0
075958 15.937 10.0 66.3 0
080029 15.937 10.0 66.3 0
080059 15.937 10.0 66.3 0
080129 15.937 10.0 66.3 0
080200 15.937 10.0 66.3 0
080230 15.937 10.0 66.237 0
080300 15.937 10.0 66.237 0
080330 15.937 10.0 66.237 0
080401 15.937 10.0 66.237 0
080431 15.937 10.0 66.237 0
080502 15.937 10.0 66.237 0
080532 15.937 10.0 66.175 0
080603 15.937 10.0 66.175 0
080633 15.937 10.0 66.175 0
080704 15.937 10.0 66.175 0
080734 15.937 10.0 66.175 0
080804 15.937 10.0 66.175 0
080834 15.937 10.0 66.175 0
080905 15.937 10.0 66.112 0
080936 15.937 10.0 66.112 0
081006 15.937 10.0 66.112 0
081037 15.937 10.0 66.05 0
081107 15.937 10.0 66.05 0
081137 15.937 10.0 66.05 0
081207 15.875 10.0 66.05 0
081238 15.875 10.0 65.987 0
081308 15.875 10.0 65.987 0
081338 15.875 10.0 65.987 0
081408 15.875 10.0 65.987 0
081438 15.937 10.0 65.925 0
081508 15.937 10.0 65.925 0
081538 15.937 10.0 65.925 0
081609 15.937 10.0 65.862 0
081639 15.937 10.0 65.862 0
081710 15.937 10.0 65.862 0
081740 15.937 10.0 65.8 0
081810 15.937 10.0 65.8 0
081841 15.937 10.0 65.737 0
081912 15.937 10.0 65.737 0
081942 15.875 10.0 65.675 0
082012 15.875 10.0 65.675 0
082043 15.875 10.0 65.612 0
082114 15.875 10.0 65.612 0
082145 15.875 10.0 65.55 0
082215 15.875 10.0 65.55 0
082246 15.875 10.0 65.487 0
082316 15.875 10.0 65.487 0
082346 15.875 10.0 65.487 0
082417 15.875 10.0 65.425 0
082447 15.875 10.0 65.425 0
082518 15.875 10.0 65.362 0
082548 15.875 10.0 65.362 0
082619 15.875 10.0 65.362 0
082649 15.875 10.0 65.3 0
082720 15.875 10.0 65.3 0
082750 15.875 10.0 65.237 0
082820 15.875 10.0 65.237 0
082851 15.875 10.0 65.175 0
082921 15.875 10.0 65.175 0
082952 15.875 10.0 65.175 0
083022 15.875 10.0 65.112 0
083052 15.875 10.0 65.112 0
083123 15.875 10.0 65.05 0
083154 15.875 10.0 65.05 0
083224 15.875 10.0 64.987 0
083255 15.875 10.0 64.987 0
083325 15.875 10.0 64.987 0
083356 15.875 10.0 64.925 0
083428 15.812 10.0 64.925 0
083458 15.812 10.0 64.862 0
083529 15.812 10.0 64.862 0
083600 15.812 10.0 64.8 0
083630 15.812 10.0 64.8 0
083700 15.812 10.0 64.737 0
083731 15.812 10.0 64.737 0
083801 15.812 10.0 64.737 0
083832 15.812 10.0 64.675 0
083903 15.812 10.0 64.612 0
083934 15.812 10.0 64.612 0
084004 15.812 10.0 64.55 0
084034 15.812 10.0 64.487 0
084105 15.812 10.0 64.425 0
084135 15.812 10.0 64.425 0
084206 15.812 10.0 64.362 0
084236 15.812 10.0 64.3 0
084306 15.812 10.0 64.3 0
084337 15.812 10.0 64.3 0
084407 15.812 10.0 64.237 0
084437 15.812 10.0 64.175 0
084508 15.812 10.0 64.175 0
084538 15.812 10.0 64.112 0
084609 15.812 10.0 64.112 0
084639 15.812 10.0 64.05 0
084710 15.812 10.0 64.05 0
084740 15.812 10.0 63.987 0
084810 15.812 10.0 63.987 0
084840 15.812 10.0 63.925 0
084911 15.812 10.0 63.925 0
084941 15.812 10.0 63.862 0
085011 15.812 10.0 63.862 0
085042 15.812 10.0 63.8 0
085112 15.812 10.0 63.8 0
085142 15.812 10.0 63.737 0
085213 15.75 10.0 63.737 0
085243 15.75 10.0 63.737 0
085313 15.75 10.0 63.675 0
085344 15.75 10.0 63.737 0
085415 15.75 10.0 63.737 0
085445 15.812 10.0 63.8 0
085516 15.812 10.0 63.8 0
085546 15.812 10.0 63.8 0
085617 15.812 10.0 63.8 0
085647 15.812 10.0 63.8 0
085717 15.75 10.0 63.8 0
085748 15.75 10.0 63.8 0
085819 15.75 10.0 63.8 0
085849 15.75 10.0 63.737 0
085920 15.75 10.0 63.737 0
085951 15.75 10.0 63.737 0
090022 15.75 10.0 63.675 0
090052 15.75 10.0 63.612 0
090123 15.75 10.0 63.612 0
090154 15.75 10.0 63.55 0
090225 15.75 10.0 63.55 0
090255 15.75 10.0 63.487 0
090325 15.75 10.0 63.425 0
090356 15.75 10.0 63.425 0
090426 15.75 10.0 63.362 0
090456 15.75 10.0 63.362 0
090526 15.75 10.0 63.3 0
090557 15.75 10.0 63.3 0
090627 15.75 10.0 63.237 0
090658 15.75 10.0 63.237 0
090728 15.75 10.0 63.175 0
090759 15.75 10.0 63.175 0
090829 15.75 10.0 63.112 0
090900 15.75 10.0 63.112 0
090930 15.75 10.0 63.05 0
091000 15.75 10.0 63.05 0
091031 15.75 10.0 63.05 0
091102 15.75 10.0 62.987 0
091133 15.75 10.0 62.987 0
091205 15.687 10.0 62.925 0
091235 15.687 10.0 62.925 0
091306 15.687 10.0 62.862 0
091336 15.687 10.0 62.862 0
091406 15.687 10.0 62.8 0
091437 15.75 10.0 62.8 0
091507 15.75 10.0 62.737 0
091537 15.75 10.0 62.737 0
091608 15.75 10.0 62.675 0
091639 15.75 10.0 62.675 0
091710 15.75 10.0 62.612 0
091740 15.75 10.0 62.612 0
091810 15.75 10.0 62.55 0
091841 15.75 10.0 62.55 0
091912 15.75 10.0 62.487 0
091942 15.75 10.0 62.425 0
092012 15.75 10.0 62.425 0
092043 15.75 10.0 62.3 0
092114 15.75 10.0 62.237 0
092144 15.75 10.0 62.175 0
092215 15.75 10.0 62.112 0
092245 15.75 10.0 62.05 0
092315 15.75 10.0 62.05 0
092346 15.75 10.0 61.987 0
092417 15.75 10.0 61.987 0
092447 15.75 10.0 61.925 0
092517 15.75 10.0 61.862 0
092547 15.75 10.0 61.862 0
092617 15.75 10.0 61.8 0
092648 15.75 10.0 61.8 0
092718 15.75 10.0 61.737 0
092748 15.75 10.0 61.737 0
092819 15.75 10.0 61.675 0
092849 15.75 10.0 61.612 0
092920 15.75 10.0 61.55 0
092951 15.75 10.0 61.55 0
093022 15.75 10.0 61.487 0
093052 15.75 10.0 61.487 0
093123 15.75 10.0 61.425 0
093153 15.75 10.0 61.425 0
093223 15.75 10.0 61.362 0
093254 15.75 10.0 61.3 0
093325 15.75 10.0 61.3 0
093355 15.75 10.0 61.237 0
093425 15.75 10.0 61.237 0
093455 15.687 10.0 61.175 0
093526 15.687 10.0 61.175 0
093556 15.687 10.0 61.112 0
093627 15.687 10.0 61.05 0
093658 15.687 10.0 61.05 0
093728 15.687 10.0 60.987 0
093758 15.687 10.0 60.987 0
093828 15.687 10.0 60.925 0
093859 15.687 10.0 60.925 0
093930 15.687 10.0 60.8 0
094001 15.687 10.0 60.737 0
094031 15.687 10.0 60.612 0
094102 15.687 10.0 60.487 0
094132 15.687 10.0 60.362 0
094202 15.687 10.0 60.3 0
094233 15.75 10.0 60.237 0
094303 15.75 10.0 60.175 0
094334 15.75 10.0 60.175 0
094405 15.75 10.0 60.112 0
094436 15.75 10.0 60.05 0
094506 15.687 10.0 60.05 0
094537 15.687 10.0 59.987 0
094607 15.687 10.0 59.925 0
094637 15.687 10.0 59.925 0
094710 15.687 10.0 59.862 0
094740 15.687 10.0 59.8 0
094810 15.687 10.0 59.8 0
094841 15.687 10.0 59.737 0
094911 15.687 10.0 59.737 0
094941 15.687 10.0 59.675 0
095011 15.687 10.0 59.675 0
095041 15.687 10.0 59.612 0
095112 15.687 10.0 59.55 0
095143 15.687 10.0 59.55 0
095213 15.687 10.0 59.487 0
095244 15.687 10.0 59.425 0
095314 15.687 10.0 59.425 0
095344 15.687 10.0 59.362 0
095415 15.687 10.0 59.362 0
095445 15.687 10.0 59.3 0
095516 15.687 10.0 59.3 0
095546 15.687 10.0 59.3 0
095617 15.687 10.0 59.3 0
095648 15.687 10.0 59.3 0
095719 15.687 10.0 59.3 0
095749 15.687 10.0 59.3 0
095819 15.687 10.0 59.237 0
095849 15.687 10.0 59.175 0
095920 15.687 10.0 59.112 0
095950 15.687 10.0 59.05 0
100021 15.687 10.0 58.925 0
100052 15.687 10.0 58.862 0
100122 15.687 10.0 58.8 0
100153 15.687 10.0 58.737 0
100223 15.687 10.0 58.737 0
100254 15.687 10.0 58.675 0
100325 15.687 10.0 58.675 0
100355 15.687 10.0 58.612 0
100425 15.687 10.0 58.55 0
100456 15.687 10.0 58.55 0
100526 15.687 10.0 58.487 0
100556 15.687 10.0 58.425 0
100626 15.687 10.0 58.425 0
100657 15.687 10.0 58.362 0
100727 15.687 10.0 58.362 0
100758 15.687 10.0 58.3 0
100828 15.687 10.0 58.3 0
100859 15.687 10.0 58.237 0
100929 15.687 10.0 58.175 0
100959 15.687 10.0 58.175 0
101030 15.687 10.0 58.175 0
101101 15.687 10.0 58.112 0
101132 15.687 10.0 58.05 0
101202 15.687 10.0 58.05 0
101232 15.687 10.0 57.987 0
101303 15.687 10.0 57.987 0
101333 15.687 10.0 57.925 0
101403 15.687 10.0 57.925 0
101434 15.687 10.0 57.862 0
101504 15.75 10.0 57.862 0
101534 15.75 10.0 57.8 0
101605 15.75 10.0 57.8 0
101636 15.75 10.0 57.737 0
101707 15.75 10.0 57.612 0
101737 15.75 10.0 57.487 0
101808 15.75 10.0 57.3 0
101838 15.75 10.0 57.237 0
101908 15.75 10.0 57.112 0
101938 15.75 20.0 57.05 0
102009 15.75 20.0 -0.2 0
102039 15.75 20.0 -0.2 0
102111 15.75 20.0 -0.2 0
102142 15.75 20.0 -0.2 0
102212 15.75 20.0 80 50
102243 15.75 20.0 56.862 0
102313 15.75 20.0 56.925 0
102343 15.75 20.0 57.112 0
102413 15.75 20.0 57.362 0
102446 15.75 20.0 57.8 0
102516 15.75 20.0 58.3 0
102547 15.75 20.0 58.987 0
102617 15.75 20.0 59.925 0
102647 15.75 20.0 60.987 50
102718 15.75 20.0 62.05 50
102749 15.75 20.0 62.987 50
102820 15.75 20.0 63.675 50
102850 15.75 20.0 64.175 50
102921 15.75 20.0 64.487 50
102952 15.812 20.0 64.737 50
103022 15.812 20.0 64.925 50
103053 15.812 20.0 65.05 50
103123 15.812 20.0 65.175 50
103153 15.812 20.0 65.237 50
103223 15.875 20.0 65.237 50
103254 15.875 20.0 65.3 50
103324 15.875 20.0 65.237 50
103355 15.875 20.0 65.237 50
103425 15.875 20.0 65.112 50
103456 17.062 20.0 64.987 50
103526 17.062 20.0 64.925 50
103557 17.062 20.0 64.737 50
103627 17.062 20.0 64.362 50
103658 17.062 20.0 63.55 50
103728 17.125 20.0 62.05 50
103759 17.125 20.0 59.55 0
103829 17.125 20.0 56.737 0
103900 17.125 20.0 54.862 0
103930 17.125 20.0 53.737 0
104000 17.5 20.0 53.05 0
104031 17.5 20.0 52.612 0
104101 17.5 20.0 52.425 0
104132 17.5 20.0 52.3 0
104203 17.5 20.0 52.237 0
104233 17.687 20.0 52.362 0
104304 17.687 20.0 52.425 0
104334 17.687 20.0 52.612 0
104405 17.687 20.0 52.925 0
104435 17.687 20.0 53.237 0
104505 17.812 20.0 53.737 0
104535 17.812 20.0 54.3 0
104606 17.812 20.0 54.862 0
104636 17.812 20.0 55.612 0
104706 17.812 20.0 56.487 0
104737 17.812 20.0 57.425 0
104807 17.812 20.0 58.425 0
104838 17.812 20.0 59.55 0
104908 17.812 20.0 60.737 50
104938 17.812 20.0 61.862 50
105009 17.875 20.0 62.925 50
105039 17.875 20.0 63.8 50
105109 17.875 20.0 64.487 50
105139 17.875 20.0 65.05 50
105210 17.875 20.0 65.487 50
105240 17.937 20.0 65.925 50
105311 17.937 20.0 66.3 50
105342 17.937 20.0 66.55 50
105413 17.937 20.0 66.8 50
105443 17.937 20.0 67.05 50
105513 18.125 20.0 67.3 50
105544 18.125 20.0 67.487 50
105614 18.125 20.0 67.612 50
105645 18.125 20.0 67.737 50
105715 18.125 20.0 67.8 50
105746 18.312 20.0 67.925 50
105816 18.312 20.0 67.925 50
105847 18.312 20.0 67.925 50
105917 18.312 20.0 67.8 50
105950 18.437 20.0 67.55 50
110021 18.437 20.0 66.987 50
110051 18.437 20.0 66.175 50
110121 18.437 20.0 64.987 50
110152 18.437 20.0 63.675 50
110222 18.687 20.0 62.362 50
110253 18.687 20.0 61.237 50
110323 18.687 20.0 60.3 50
110353 18.687 20.0 59.612 0
110423 18.687 20.0 59.175 0
110454 18.75 20.0 58.862 0
110525 18.75 20.0 58.737 0
110555 18.75 20.0 58.737 0
110625 18.75 20.0 58.8 0
110656 18.75 20.0 58.862 0
110726 18.625 20.0 59.05 0
110757 18.625 20.0 59.3 0
110827 18.625 20.0 59.612 0
110858 18.625 20.0 59.925 0
110928 18.625 20.0 60.175 50
110958 18.687 20.0 60.487 50
111028 18.687 20.0 60.862 50
111058 18.687 20.0 61.112 50
111129 18.687 20.0 61.362 50
111159 18.687 20.0 61.612 50
111230 18.75 20.0 61.862 50
111300 18.75 20.0 62.05 50
111330 18.75 20.0 62.175 50
111401 18.75 20.0 62.3 50
111431 18.75 20.0 62.425 50
111501 18.875 20.0 62.55 50
111532 18.875 20.0 62.675 50
111602 18.875 20.0 62.737 50
111632 18.875 20.0 62.925 50
111702 18.875 20.0 62.987 50
111733 18.937 20.0 63.112 50
111803 18.937 20.0 63.175 50
111833 18.937 20.0 63.175 50
111904 18.937 20.0 63.112 50
111934 18.937 20.0 63.05 50
112005 18.937 20.0 62.987 50
112035 18.937 20.0 62.862 50
112106 18.937 20.0 62.612 50
112136 18.937 20.0 62.237 50
112206 18.937 20.0 61.8 50
112237 19.0 20.0 61.237 50
112307 19.0 20.0 60.675 50
112337 19.0 20.0 60.112 50
112408 19.0 20.0 59.55 50
112438 19.0 20.0 59.05 50
112509 19.125 20.0 58.675 50
112539 19.125 20.0 58.362 50
112609 19.125 20.0 58.175 50
112640 19.125 20.0 58.05 50
112710 19.125 20.0 57.987 50
112740 19.312 20.0 57.925 50
112811 19.312 20.0 57.925 50
112841 19.312 20.0 57.925 50
112911 19.312 20.0 57.987 50
112942 19.312 20.0 58.05 50
113012 19.312 20.0 58.112 50
113042 19.312 20.0 58.175 50
113113 19.312 20.0 58.237 50
113143 19.312 20.0 58.3 50
113213 19.312 20.0 58.425 50
113244 19.375 20.0 58.487 50
113314 19.375 20.0 58.55 50
113344 19.375 20.0 58.612 50
113414 19.375 20.0 58.612 50
113444 19.375 20.0 58.675 50
113515 19.437 20.0 58.675 50
113545 19.437 20.0 58.737 50
113615 19.437 20.0 58.737 50
113646 19.437 20.0 58.737 50
113717 19.437 20.0 58.737 50
113747 19.437 20.0 58.675 50
113817 19.437 20.0 58.612 50
113847 19.437 20.0 58.55 50
113918 19.437 20.0 58.362 50
113948 19.437 20.0 58.237 50
114019 19.375 20.0 58.05 50
114049 19.375 20.0 57.925 50
114120 19.375 20.0 57.737 50
114150 19.375 20.0 57.55 50
114220 19.375 20.0 57.362 50
114251 19.437 20.0 57.175 50
114321 19.437 20.0 56.987 50
114351 19.437 20.0 56.8 50
114422 19.437 20.0 56.55 50
114452 19.437 20.0 56.362 50
114523 19.375 20.0 56.237 50
114553 19.375 20.0 56.175 50
114624 19.375 20.0 56.237 50
114654 19.375 20.0 56.425 50
114727 19.437 20.0 56.737 50
114758 19.437 20.0 57.3 50
114828 19.437 20.0 58.175 50
114859 19.437 20.0 59.112 50
114929 19.437 20.0 60.175 50
114959 19.562 20.0 61.237 50
115030 19.562 20.0 62.3 50
115100 19.562 20.0 63.175 50
115131 19.562 20.0 63.925 50
115201 19.562 20.0 64.425 50
115231 19.562 20.0 64.8 50
115302 19.562 20.0 65.175 50
115332 19.562 20.0 65.487 50
115402 19.562 20.0 65.737 50
115433 19.562 20.0 65.925 50
115503 19.625 20.0 66.112 50
115534 19.625 20.0 66.362 50
115604 19.625 20.0 66.487 50
115634 19.625 20.0 66.675 50
115705 19.625 20.0 66.737 50
115735 19.687 20.0 66.8 50
115806 19.687 20.0 66.8 50
115836 19.687 20.0 66.8 50
115906 19.687 20.0 66.737 50
115937 19.687 20.0 66.675 50
120007 19.75 20.0 66.55 50
120037 19.75 20.0 66.362 50
120107 19.75 20.0 66.05 50
120137 19.75 20.0 65.675 50
120208 19.75 20.0 65.112 50
120238 19.812 20.0 64.55 50
120309 19.812 20.0 63.925 50
120340 19.812 20.0 63.3 50
120410 19.812 20.0 62.675 50
120441 19.812 20.0 62.05 50
120511 19.875 20.0 61.425 50
120542 19.875 20.0 60.862 50
120612 19.875 20.0 60.362 50
120642 19.875 20.0 59.925 50
120713 19.875 20.0 59.55 50
120743 20.062 20.0 59.237 0
120813 20.062 20.0 58.987 0
120844 20.062 20.0 58.862 0
120915 20.062 20.0 58.737 0
120946 20.062 20.0 58.675 0
121016 20.25 20.0 58.612 0
121047 20.25 20.0 58.55 0
121117 20.25 20.0 58.55 0
121147 20.25 20.0 58.55 0
121218 20.25 20.0 58.612 0
121248 20.187 20.0 58.675 0
121319 20.187 20.0 58.8 0
121349 20.187 20.0 58.925 0
121420 20.187 20.0 59.112 0
121450 20.187 20.0 59.237 0
121521 20.25 20.0 59.425 0
121551 20.25 20.0 59.55 0
121621 20.25 20.0 59.737 0
121651 20.25 20.0 59.862 0
121722 20.25 20.0 60.05 0
121753 20.25 20.0 60.175 0
121823 20.25 20.0 60.362 0
121854 20.25 20.0 60.487 0
121925 20.25 20.0 60.675 0
121955 20.25 20.0 60.8 0
122026 20.25 20.0 60.862 0
122056 20.25 20.0 60.987 0
122126 20.25 20.0 61.112 0
122157 20.25 20.0 61.175 0
122227 20.25 20.0 61.3 0
122257 20.312 20.0 61.362 0
122328 20.312 20.0 61.487 0
122358 20.312 20.0 61.55 0
122429 20.312 20.0 61.675 0
122459 20.312 20.0 61.737 0
122529 20.25 20.0 61.862 0
122559 20.25 20.0 61.987 0
122630 20.25 20.0 62.05 0
122701 20.25 20.0 62.175 0
122733 20.187 20.0 62.3 0
122803 20.187 20.0 62.425 0
122834 20.187 20.0 62.55 0
122904 20.187 20.0 62.675 0
122934 20.187 20.0 62.8 0
123005 20.125 20.0 62.925 0
123035 20.125 20.0 63.05 0
123106 20.125 20.0 63.175 0
123137 20.125 20.0 63.3 0
123207 20.125 20.0 63.425 0
123238 20.062 20.0 63.55 0
123308 20.062 20.0 63.675 0
123339 20.062 20.0 63.8 0
123409 20.062 20.0 63.925 0
123439 20.062 20.0 64.05 0
123509 20.0 20.0 64.175 0
123540 20.0 20.0 64.3 0
123611 20.0 20.0 64.425 0
123642 20.0 20.0 64.55 0
123712 20.0 20.0 64.675 0
123743 20.0 20.0 64.8 0
123814 20.0 20.0 64.862 0
123845 20.0 20.0 64.987 0
123915 20.0 20.0 65.112 0
123946 20.0 20.0 65.175 0
124016 20.0 20.0 65.237 0
124046 20.0 20.0 65.3 0
124117 20.0 20.0 65.3 0
124147 20.0 20.0 65.362 0
124218 20.0 20.0 65.362 0
124249 20.0 20.0 65.425 0
124319 20.0 20.0 65.425 0
124350 20.0 20.0 65.487 0
124420 20.0 20.0 65.55 0
124451 20.0 20.0 65.55 0
124521 20.0 20.0 65.612 0
124551 20.0 20.0 65.612 0
124622 20.0 20.0 65.675 0
124652 20.0 20.0 65.675 0
124723 20.0 20.0 65.737 0
124753 20.0 20.0 65.737 0
124823 20.0 20.0 65.8 0
124854 20.0 20.0 65.8 0
124925 20.0 20.0 65.925 0
124955 20.0 20.0 65.987 0
125025 20.0 20.0 66.05 0
125056 20.0 20.0 66.112 0
125126 20.0 20.0 66.175 0
125156 20.0 20.0 66.3 0
125227 20.0 20.0 66.612 0
125257 19.937 20.0 66.925 50
125328 19.937 20.0 67.237 50
125359 19.937 20.0 67.487 50
125429 19.937 20.0 67.737 50
125500 19.937 20.0 67.862 50
125530 19.875 20.0 67.987 50
125600 19.875 20.0 68.05 50
125631 19.875 20.0 68.112 50
125701 19.875 20.0 68.112 50
125732 19.875 20.0 68.175 50
125802 20.0 20.0 68.175 50
125832 20.0 20.0 68.175 50
125902 20.0 20.0 68.175 50
125932 20.0 20.0 68.112 50
130003 20.0 20.0 68.05 50
130034 20.125 20.0 68.05 0
130104 20.125 20.0 67.987 0
130134 20.125 20.0 67.925 0
130205 20.125 20.0 67.925 0
130236 20.125 20.0 67.862 0
130307 20.187 20.0 67.862 0
130337 20.187 20.0 67.8 0
130408 20.187 20.0 67.8 0
130438 20.187 20.0 67.737 0
130510 20.375 20.0 67.675 0
130540 20.375 20.0 67.675 0
130610 20.375 20.0 67.675 0
130641 20.375 20.0 67.612 0
130712 20.375 20.0 67.55 0
130742 20.437 20.0 67.55 0
130813 20.437 20.0 67.55 0
130844 20.437 20.0 67.487 0
130914 20.437 20.0 67.487 0
130944 20.437 20.0 67.425 0
131015 20.5 20.0 67.425 0
131046 20.5 20.0 67.362 0
131116 20.5 20.0 67.362 0
131147 20.5 20.0 67.3 0
131217 20.5 20.0 67.3 0
131247 20.437 20.0 67.237 0
131318 20.437 20.0 67.237 0
131348 20.437 20.0 67.175 0
131418 20.437 20.5 67.175 0
131448 20.437 21.0 67.112 50
131519 20.437 21.0 66.987 50
131549 20.437 21.0 66.425 50
131619 20.437 21.0 65.05 50
131650 20.437 21.0 62.8 50
131720 20.437 21.0 60.237 50
131750 20.5 21.0 57.862 0
131820 20.5 21.0 56.237 0
131851 20.5 21.0 55.175 0
131921 20.5 21.0 54.487 0
131951 20.5 21.0 54.112 0
132022 20.562 21.0 53.862 0
132052 20.562 21.0 53.737 0
132123 20.562 21.0 53.675 0
132153 20.562 21.0 53.737 0
132223 20.562 21.0 53.925 0
132254 20.562 21.0 54.237 0
132324 20.562 21.0 54.8 0
132355 20.562 21.0 55.612 0
132425 20.562 21.0 56.612 0
132455 20.562 21.0 57.737 0
132526 20.625 21.0 59.175 0
132556 20.625 21.0 60.612 50
132627 20.625 21.0 62.05 50
132657 20.625 21.0 63.487 50
132727 20.625 21.0 64.55 50
132758 20.625 21.0 65.425 50
132828 20.625 21.0 65.987 50
132858 20.625 21.0 66.362 50
132929 20.625 21.0 66.675 50
133000 20.625 21.0 66.862 50
133030 20.687 21.0 66.987 50
133101 20.687 21.0 67.112 50
133131 20.687 21.0 67.237 50
133202 20.687 21.0 67.3 50
133233 20.687 21.0 67.362 50
133303 20.812 21.0 67.425 50
133334 20.812 21.0 67.425 50
133404 20.812 21.0 67.425 50
133435 20.812 21.0 67.362 50
133506 20.812 21.0 67.3 50
133537 20.875 21.0 67.112 50
133607 20.875 21.0 66.8 50
133638 20.875 21.0 66.175 50
133709 20.875 21.0 65.05 50
133740 20.875 21.0 63.55 50
133810 21.0 21.0 61.737 50
133840 21.0 21.0 59.737 0
133910 21.0 21.0 57.925 0
133941 21.0 21.0 56.675 0
134011 21.0 21.0 55.862 0
134041 21.125 21.0 55.237 0
134112 21.125 21.0 54.862 0
134143 21.125 21.0 54.737 0
134214 21.125 21.0 54.737 0
134246 21.187 21.0 55.05 0
134316 21.187 21.0 55.487 0
134347 21.187 21.0 56.237 0
134417 21.187 21.0 57.237 0
134448 21.187 21.0 58.362 0
134518 21.187 21.0 59.55 0
134548 21.187 21.0 60.8 0
134619 21.187 21.0 62.112 0
134649 21.187 21.0 63.362 0
134719 21.187 21.0 64.362 0
134750 21.187 21.0 65.175 0
134820 21.187 21.0 65.8 0
134850 21.187 21.0 66.362 0
134921 21.187 21.0 66.737 0
134951 21.187 21.0 67.112 0
135022 21.187 21.0 67.425 0
135053 21.187 21.0 67.675 0
135123 21.187 21.0 67.862 0
135153 21.187 21.0 68.05 0
135224 21.187 21.0 68.237 0
135254 20.937 21.0 68.362 50
135324 20.937 21.0 68.487 50
135355 20.937 21.0 68.675 50
135426 20.937 21.0 68.8 50
135457 20.937 21.0 68.925 50
135527 21.0 21.0 69.05 50
135558 21.0 21.0 69.112 50
135629 21.0 21.0 69.175 50
135700 21.0 21.0 69.175 50
135730 21.0 21.0 69.237 50
135800 21.062 21.0 69.237 0
135831 21.062 21.0 69.237 0
135901 21.062 21.0 69.237 0
135932 21.062 21.0 69.237 0
140002 21.062 21.0 69.237 0
140032 20.937 21.0 69.175 50
140102 20.937 21.0 69.237 50
140133 20.937 21.0 69.237 50
140204 20.937 21.0 69.175 50
140234 20.937 21.0 69.112 50
140305 21.0 21.0 69.05 50
140336 21.0 21.0 68.737 50
140406 21.0 21.0 68.175 50
140436 21.0 21.0 67.175 50
140507 21.0 21.0 65.55 50
140538 21.125 21.0 63.612 0
140608 21.125 21.0 62.05 0
140639 21.125 21.0 61.05 0
140710 21.125 21.0 60.425 0
140740 21.125 21.0 60.05 0
140811 21.062 21.0 59.8 0
140841 21.062 21.0 59.675 0
140911 21.062 21.0 59.55 0
140942 21.062 21.0 59.425 0
141013 21.062 21.0 59.362 0
141043 20.937 21.0 59.3 0
141113 20.937 21.0 59.237 0
141144 20.937 21.0 59.237 0
141214 20.937 21.0 59.175 0
141245 20.937 21.0 59.112 0
141316 21.0 21.0 59.05 0
141346 21.0 21.0 58.8 0
141417 21.0 21.0 58.112 0
141448 21.0 21.0 57.3 0
141521 21.062 21.0 56.487 0
141551 21.062 21.0 55.612 0
141621 21.062 21.0 55.05 0
141652 21.062 21.0 54.612 0
141723 21.062 21.0 54.362 0
141754 20.937 21.0 54.175 0
141824 20.937 21.0 54.237 0
141855 20.937 21.0 54.612 0
141926 20.937 21.0 55.3 0
141957 20.937 21.0 56.112 0
142027 20.875 21.0 56.862 0
142057 20.875 21.0 57.925 0
142128 20.875 21.0 58.987 0
142158 20.875 21.0 59.987 0
142229 20.875 21.0 61.05 50
142259 20.812 21.0 62.112 50
142330 20.812 21.0 62.925 50
142401 20.812 21.0 63.362 50
142432 20.812 21.0 63.8 50
142502 20.812 21.0 64.112 50
142532 20.625 21.0 64.3 50
142603 20.625 21.0 64.487 50
142633 20.625 21.0 64.612 50
142703 20.625 21.0 64.675 50
142734 20.625 21.0 64.737 50
142804 20.75 21.0 64.8 50
142834 20.75 21.0 64.8 50
142905 20.75 21.0 64.737 50
142935 20.75 21.0 64.737 50
143006 20.75 21.0 64.737 50
143036 20.937 21.0 64.612 50
143107 20.937 21.0 64.487 50
143137 20.937 21.0 64.425 50
143208 20.937 21.0 64.05 50
143239 20.937 21.0 63.55 50
143309 21.062 21.0 62.987 0
143340 21.062 21.0 62.425 0
143410 21.062 21.0 62.05 0
143441 21.062 21.0 61.8 0
143512 21.062 21.0 61.675 0
143542 21.125 21.0 61.612 0
143613 21.125 21.0 61.612 0
143644 21.125 21.0 61.55 0
143714 21.125 21.0 61.3 0
143744 21.125 21.0 60.862 0
143815 20.937 21.0 60.175 50
143845 20.937 21.0 59.112 0
143916 20.937 21.0 58.237 0
143946 20.937 21.0 57.675 0
144017 20.937 21.0 57.3 0
144047 20.937 21.0 57.05 0
144118 20.937 21.0 56.925 0
144149 20.937 21.0 56.8 0
144220 20.937 21.0 56.737 0
144250 20.937 21.0 56.675 0
144321 20.937 21.0 56.737 0
144352 20.937 21.0 56.987 0
144422 20.937 21.0 57.362 0
144453 20.937 21.0 57.925 0
144525 20.75 21.0 58.925 0
144556 20.75 21.0 59.925 0
144627 20.75 21.0 61.05 50
144658 20.75 21.0 62.3 50
144728 20.75 21.0 63.362 50
144759 20.687 21.0 64.112 50
144829 20.687 21.0 64.737 50
144900 20.687 21.0 65.112 50
144930 20.687 21.0 65.362 50
145001 20.687 21.0 65.55 50
145031 20.75 21.0 65.675 50
145101 20.75 21.0 65.8 50
145132 20.75 21.0 65.925 50
145203 20.75 21.0 65.987 50
145233 20.75 21.0 65.987 50
145304 20.812 21.0 66.05 50
145335 20.812 21.0 66.05 50
145406 20.812 21.0 66.05 50
145436 20.812 21.0 65.987 50
145507 20.812 21.0 65.862 50
145537 20.875 21.0 65.737 50
145607 20.875 21.0 65.55 50
145638 20.875 21.0 65.175 50
145708 20.875 21.0 64.487 50
145739 20.875 21.0 63.362 50
145809 20.937 21.0 61.925 50
145839 20.937 21.0 60.3 50
145910 20.937 21.0 58.612 0
145940 20.937 21.0 57.175 0
150011 20.937 21.0 56.425 0
150041 21.062 21.0 55.987 0
150111 21.062 21.0 55.612 0
150142 21.062 21.0 55.362 0
150213 21.062 21.0 55.175 0
150243 21.062 21.0 55.175 0
150313 21.125 21.0 55.3 0
150343 21.125 21.0 55.675 0
150414 21.125 21.0 56.237 0
150445 21.125 21.0 57.05 0
150515 21.125 21.0 58.05 0
150545 21.062 21.0 59.05 0
150616 21.062 21.0 60.237 0
150646 21.062 21.0 61.362 0
150717 21.062 21.0 62.55 0
150747 21.062 21.0 63.612 0
150818 21.0 21.0 64.487 0
150849 21.0 21.0 65.175 0
150919 21.0 21.0 65.737 0
150949 21.0 21.0 66.175 0
151020 21.0 21.0 66.487 0
151050 20.937 21.0 66.8 50
151121 20.937 21.0 67.05 50
151152 20.937 21.0 67.237 50
151222 20.937 21.0 67.425 50
151253 20.937 21.0 67.55 50
151323 20.875 21.0 67.675 50
151354 20.875 21.0 67.737 50
151425 20.875 21.0 67.8 50
151455 20.875 21.0 67.8 50
151526 20.875 21.0 67.862 50
151556 20.937 21.0 67.862 50
151627 20.937 21.0 67.862 50
151657 20.937 21.0 67.8 50
151727 20.937 21.0 67.675 50
151758 20.937 21.0 67.237 50
151828 21.0 21.0 65.987 50
151859 21.0 21.0 63.737 50
151929 21.0 21.0 60.987 50
151959 21.0 21.0 58.3 0
152031 21.125 21.0 55.987 0
152101 21.125 21.0 54.237 0
152132 21.125 21.0 52.925 0
152203 21.125 21.0 51.925 0
152233 21.125 21.0 51.3 0
152304 21.187 21.0 51.05 0
152335 21.187 21.0 51.175 0
152405 21.187 21.0 51.55 0
152436 21.187 21.0 52.237 0
152506 21.187 21.0 52.987 0
152536 21.187 21.0 53.925 0
152607 21.187 21.0 54.862 0
152637 21.187 21.0 55.8 0
152708 21.187 21.0 56.862 0
152738 21.187 21.0 57.925 0
152809 21.187 21.0 58.925 0
152839 21.187 21.0 59.987 0
152909 21.187 21.0 60.925 0
152940 21.187 21.0 61.862 0
153010 21.187 21.0 62.675 0
153041 21.125 21.0 63.3 0
153112 21.125 21.0 63.8 0
153143 21.125 21.0 64.237 0
153213 21.125 21.0 64.55 0
153244 21.125 21.0 64.737 0
153314 21.0 21.0 64.925 0
153344 21.0 21.0 65.112 0
153414 21.0 21.0 65.237 0
153445 21.0 21.0 65.3 0
153516 21.0 21.0 65.362 0
153546 20.875 21.0 65.425 50
153617 20.875 21.0 65.487 50
153648 20.875 21.0 65.487 50
153718 20.875 21.0 65.55 50
153749 20.875 21.0 65.612 50
153819 20.875 21.0 65.612 50
153849 20.875 21.0 65.612 50
153920 20.875 21.0 65.675 50
153950 20.875 21.0 65.675 50
154020 20.875 21.0 65.675 50
154051 20.875 21.0 65.675 50
154121 20.875 21.0 65.675 50
154152 20.875 21.0 65.675 50
154222 20.875 21.0 65.612 50
154253 20.875 21.0 65.612 50
154324 21.0 21.0 65.55 50
154354 21.0 21.0 65.487 50
154425 21.0 21.0 65.425 50
154455 21.0 21.0 65.3 50
154526 21.0 21.0 65.05 50
154556 21.125 21.0 64.612 0
154627 21.125 21.0 63.987 0
154658 21.125 21.0 63.175 0
154728 21.125 21.0 62.175 0
154759 21.125 21.0 61.05 0
154830 21.25 21.0 59.862 0
154900 21.25 21.0 58.925 0
154931 21.25 21.0 58.3 0
155001 21.25 21.0 57.862 0
155031 21.25 21.0 57.612 0
155101 21.25 21.0 57.425 0
155131 21.25 21.0 57.3 0
155201 21.25 21.0 57.175 0
155232 21.25 21.0 57.112 0
155302 21.25 21.0 57.112 0
155332 21.25 21.0 56.987 0
155403 21.25 21.0 56.737 0
155433 21.25 21.0 56.612 0
155504 21.25 21.0 56.737 0
155536 21.25 21.0 57.112 0
155606 21.25 21.0 57.862 0
155637 21.25 21.0 58.737 0
155708 21.25 21.0 59.8 0
155739 21.25 21.0 60.987 0
155809 21.187 21.0 62.112 0
155839 21.187 21.0 63.175 0
155911 21.187 21.0 64.05 0
155942 21.187 21.0 64.8 0
160012 21.187 21.0 65.362 0
160043 21.125 21.0 65.862 0
160114 21.125 21.0 66.362 0
160144 21.125 21.0 66.737 0
160214 21.125 21.0 67.05 0
160245 21.125 21.0 67.3 0
160315 21.0 21.0 67.55 0
160345 21.0 21.0 67.675 0
160416 21.0 21.0 67.8 0
160447 21.0 21.0 67.925 0
160518 21.0 21.0 67.987 0
160548 20.937 21.0 68.05 50
160619 20.937 21.0 68.112 50
160649 20.937 21.0 68.175 50
160720 20.937 21.0 68.175 50
160750 20.937 21.0 68.237 50
160821 20.875 21.0 68.237 50
160852 20.875 21.0 68.3 50
160922 20.875 21.0 68.3 50
160953 20.875 21.0 68.3 50
161023 20.875 21.0 68.362 50
161053 20.875 21.0 68.362 50
161124 20.875 21.0 68.3 50
161155 20.875 21.0 68.3 50
161226 20.875 21.0 68.3 50
161256 20.875 21.0 68.237 50
161327 20.937 21.0 68.175 50
161358 20.937 21.0 68.05 50
161429 20.937 21.0 67.925 50
161459 20.937 21.0 67.675 50
161529 20.937 21.0 67.112 50
161600 21.0 21.0 66.05 50
161631 21.0 21.0 64.487 50
161702 21.0 21.0 62.487 50
161732 21.0 21.0 60.237 50
161803 21.0 21.0 57.925 0
161833 21.062 21.0 56.175 0
161903 21.062 21.0 55.112 0
161934 21.062 21.0 54.487 0
162004 21.062 21.0 54.112 0
162034 21.062 21.0 53.862 0
162104 21.062 21.0 53.675 0
162134 21.062 21.0 53.612 0
162205 21.062 21.0 53.675 0
162235 21.062 21.0 53.8 0
162306 21.062 21.0 54.112 0
162336 21.062 21.0 54.675 0
162407 21.062 21.0 55.487 0
162437 21.062 21.0 56.362 0
162508 21.062 21.0 57.362 0
162541 20.937 21.0 58.3 0
162611 20.937 21.0 59.425 0
162641 20.937 21.0 60.425 50
162711 20.937 21.0 61.487 50
162742 20.937 21.0 62.425 50
162812 21.0 21.0 63.112 50
162842 21.0 21.0 63.55 50
162912 21.0 21.0 63.862 50
162943 21.0 21.0 64.05 50
163014 21.0 21.0 64.237 50
163045 20.875 21.0 64.362 50
163115 20.875 21.0 64.487 50
163145 20.875 21.0 64.55 50
163216 20.875 21.0 64.612 50
163247 20.875 21.0 64.612 50
163317 20.937 21.0 64.675 50
163348 20.937 21.0 64.612 50
163419 20.937 21.0 64.55 50
163449 20.937 21.0 64.55 50
163520 20.937 21.0 64.425 50
163550 21.0 21.0 64.3 50
163621 21.0 21.0 64.112 50
163651 21.0 21.0 63.8 50
163721 21.0 21.0 63.3 50
163752 21.0 21.0 62.737 50
163822 21.125 21.0 61.987 0
163853 21.125 21.0 61.3 0
163924 21.125 21.0 60.8 0
163955 21.125 21.0 60.487 0
164025 21.125 21.0 60.3 0
164055 21.125 21.0 59.987 0
164126 21.125 21.0 59.55 0
164156 21.125 21.0 59.05 0
164227 21.125 21.0 58.425 0
164257 21.125 21.0 57.8 0
164328 21.25 21.0 57.112 0
164358 21.25 21.0 56.612 0
164429 21.25 21.0 56.237 0
164500 21.25 21.0 56.05 0
164530 21.25 21.0 55.925 0
164600 21.187 21.0 55.8 0
164631 21.187 21.0 55.8 0
164701 21.187 21.0 55.862 0
164732 21.187 21.0 56.05 0
164802 21.187 21.0 56.425 0
164832 21.187 21.0 57.175 0
164903 21.187 21.0 58.112 0
164933 21.187 21.0 59.237 0
165004 21.187 21.0 60.425 0
165035 21.187 21.0 61.612 0
165105 21.187 21.0 62.737 0
165135 21.187 21.0 63.737 0
165206 21.187 21.0 64.487 0
165236 21.187 21.0 65.05 0
165306 21.187 21.0 65.487 0
165337 21.062 21.0 65.8 0
165408 21.062 21.0 66.05 0
165439 21.062 21.0 66.3 0
165509 21.062 21.0 66.487 0
165540 21.062 21.0 66.675 0
165611 21.0 21.0 66.8 0
165641 21.0 21.0 66.925 0
165712 21.0 21.0 66.987 0
165742 21.0 21.0 67.05 0
165813 21.0 21.0 67.112 0
165843 20.937 21.0 67.175 50
165914 20.937 21.0 67.237 50
165944 20.937 21.0 67.237 50
170015 20.937 21.0 67.3 50
170047 20.812 21.0 67.3 50
170118 20.812 21.0 67.3 50
170148 20.812 21.0 67.3 50
170219 20.812 21.0 67.3 50
170249 20.812 21.0 67.237 50
170319 20.812 21.0 67.175 50
170350 20.812 21.0 67.175 50
170421 20.812 21.0 67.05 50
170452 20.812 21.0 66.925 50
170522 20.812 21.0 66.612 50
170552 20.937 21.0 65.925 50
170623 20.937 21.0 64.675 50
170653 20.937 21.0 62.987 50
170724 20.937 21.0 60.987 50
170754 20.937 21.0 58.925 0
170824 21.0 21.0 57.3 0
170855 21.0 21.0 56.3 0
170925 21.0 21.0 55.675 0
170956 21.0 21.0 55.175 0
171027 21.0 21.0 54.925 0
171057 21.187 21.0 54.8 0
171128 21.187 21.0 54.737 0
171158 21.187 21.0 54.675 0
171229 21.187 21.0 54.675 0
171259 21.187 21.0 54.737 0
171330 21.187 21.0 54.862 0
171400 21.187 21.0 55.05 0
171431 21.187 21.0 55.487 0
171502 21.187 21.0 56.175 0
171532 21.187 21.0 57.112 0
171602 21.125 21.0 58.175 0
171633 21.125 21.0 59.237 0
171704 21.125 21.0 60.425 0
171734 21.125 21.0 61.487 0
171805 21.125 21.0 62.487 0
171835 21.125 21.0 63.3 0
171906 21.125 21.0 63.987 0
171936 21.125 21.0 64.425 0
172007 21.125 21.0 64.737 0
172038 21.125 21.0 64.987 0
172109 21.062 21.0 65.175 0
172139 21.062 21.0 65.3 0
172209 21.062 21.0 65.425 0
172239 21.062 21.0 65.55 0
172310 21.062 21.0 65.612 0
172340 21.0 21.0 65.675 0
172411 21.0 21.0 65.737 0
172441 21.0 21.0 65.8 0
172511 21.0 21.0 65.8 0
172541 21.0 21.0 65.862 0
172612 20.937 21.0 65.925 50
172643 20.937 21.0 65.925 50
172713 20.937 21.0 65.987 50
172744 20.937 21.0 65.987 50
172814 20.937 21.0 66.05 50
172844 20.875 21.0 66.05 50
172915 20.875 21.0 66.112 50
172945 20.875 21.0 66.112 50
173016 20.875 21.0 66.112 50
173046 20.875 21.0 66.175 50
173116 20.875 21.0 66.175 50
173147 20.875 21.0 66.175 50
173217 20.875 21.0 66.175 50
173247 20.875 21.0 66.112 50
173318 20.875 21.0 66.112 50
173348 21.062 21.0 66.112 0
173419 21.062 21.0 66.05 0
173450 21.062 21.0 65.987 0
173521 21.062 21.0 65.925 0
173553 21.125 21.0 65.862 0
173624 21.125 21.0 65.8 0
173654 21.125 21.0 65.737 0
173725 21.125 21.0 65.675 0
173755 21.125 21.0 65.612 0
173825 21.125 21.0 65.612 0
173855 21.125 21.0 65.55 0
173926 21.125 21.0 65.487 0
173957 21.125 21.0 65.425 0
174027 21.125 21.0 65.425 0
174057 21.187 21.0 65.362 0
174128 21.187 21.0 65.362 0
174159 21.187 21.0 65.3 0
174230 21.187 21.0 65.237 0
174300 21.187 21.0 65.175 0
174331 21.125 21.0 65.175 0
174401 21.125 21.0 65.112 0
174432 21.125 21.0 65.112 0
174502 21.125 21.0 65.05 0
174532 21.125 21.0 64.987 0
174603 21.125 21.0 64.925 0
174633 21.125 21.0 64.925 0
174704 21.125 21.0 64.862 0
174735 21.125 21.0 64.862 0
174805 21.125 21.0 64.8 0
174835 21.062 21.0 64.737 0
174906 21.062 21.0 64.675 0
174937 21.062 21.0 64.675 0
175007 21.062 21.0 64.612 0
175038 21.062 21.0 64.55 0
175109 21.0 21.0 64.487 0
175139 21.0 21.0 64.425 0
175209 21.0 21.0 64.3 0
175240 21.0 21.0 64.05 0
175310 21.0 21.0 63.675 0
175341 20.937 21.0 63.112 50
175411 20.937 21.0 62.237 50
175441 20.937 21.0 60.987 50
175512 20.937 21.0 59.487 0
175542 20.937 21.0 58.112 0
175612 20.875 21.0 57.237 0
175643 20.875 21.0 56.675 0
175714 20.875 21.0 56.3 0
175744 20.875 21.0 56.05 0
175814 20.875 21.0 55.862 0
175845 20.937 21.0 55.8 0
175915 20.937 21.0 55.737 0
175946 20.937 21.0 55.675 0
180016 20.937 21.0 55.675 0
180047 20.937 21.0 55.675 0
180118 20.812 21.0 55.8 0
180148 20.812 21.0 55.987 0
180218 20.812 21.0 56.362 0
180249 20.812 21.0 56.862 0
180319 20.812 21.0 57.612 0
180350 20.75 21.0 58.425 0
180420 20.75 21.0 59.425 0
180450 20.75 21.0 60.55 50
180521 20.75 21.0 61.612 50
180551 20.75 21.0 62.675 50
180622 20.75 21.0 63.675 50
180653 20.75 21.0 64.3 50
180723 20.75 21.0 64.737 50
180753 20.75 21.0 65.05 50
180824 20.75 21.0 65.3 50
180854 20.687 21.0 65.487 50
180925 20.687 21.0 65.612 50
180956 20.687 21.0 65.675 50
181027 20.687 21.0 65.737 50
181058 20.75 21.0 65.737 50
181129 20.75 21.0 65.8 50
181200 20.75 21.0 65.8 50
181230 20.75 21.0 65.737 50
181300 20.75 21.0 65.675 50
181330 21.0 21.0 65.612 50
181400 21.0 21.0 65.487 50
181431 21.0 21.0 65.3 50
181501 21.0 21.0 64.925 50
181532 21.0 21.0 64.05 50
181602 21.125 21.0 62.675 0
181633 21.125 21.0 61.05 0
181704 21.125 21.0 59.925 0
181734 21.125 21.0 59.3 0
181804 21.125 21.0 58.8 0
181835 21.187 21.0 58.55 0
181906 21.187 21.0 58.362 0
181936 21.187 21.0 58.175 0
182007 21.187 21.0 58.112 0
182038 21.187 21.0 57.987 0
182108 21.187 21.0 57.925 0
182139 21.187 21.0 57.8 0
182210 21.187 21.0 57.675 0
182240 21.187 21.0 57.487 0
182311 21.187 21.0 57.362 0
182341 21.375 21.0 57.55 0
182412 21.375 21.0 57.8 0
182442 21.375 21.0 58.3 0
182512 21.375 21.0 59.05 0
182542 21.375 21.0 59.8 0
182612 21.562 21.0 60.675 0
182643 21.562 21.0 61.675 0
182713 21.562 21.0 62.737 0
182744 21.562 21.0 63.675 0
182815 21.562 21.0 64.425 0
182845 21.625 21.0 64.925 0
182915 21.625 21.0 65.362 0
182946 21.625 21.0 65.675 0
183017 21.625 21.0 65.862 0
183047 21.625 21.0 65.987 0
183118 21.625 21.0 66.112 0
183148 21.625 21.0 66.237 0
183219 21.625 21.0 66.362 0
183250 21.625 21.0 66.425 0
183321 21.625 21.0 66.487 0
183351 21.562 21.0 66.55 0
183421 21.562 21.0 66.612 0
183451 21.562 21.0 66.612 0
183522 21.562 21.0 66.675 0
183552 21.562 21.0 66.737 0
183622 21.5 21.0 66.8 0
183653 21.5 21.0 66.8 0
183723 21.5 21.0 66.862 0
183753 21.5 21.0 66.925 0
183824 21.5 21.0 66.987 0
183854 21.375 21.0 67.05 0
183925 21.375 21.0 67.05 0
183956 21.375 21.0 67.112 0
184026 21.375 21.0 67.112 0
184057 21.375 21.0 67.175 0
184127 21.25 21.0 67.237 0
184157 21.25 21.0 67.237 0
184228 21.25 21.0 67.3 0
184258 21.25 21.0 67.362 0
184328 21.25 21.0 67.362 0
184359 21.125 21.0 67.425 0
184429 21.125 21.0 67.425 0
184459 21.125 21.0 67.487 0
184530 21.125 21.0 67.487 0
184600 21.125 21.0 67.55 0
184630 21.062 21.0 67.55 0
184701 21.062 21.0 67.612 0
184731 21.062 21.0 67.612 0
184802 21.062 21.0 67.612 0
184834 21.0 21.0 67.612 0
184905 21.0 21.0 67.612 0
184935 21.0 21.0 67.612 0
185006 21.0 21.0 67.612 0
185036 21.0 21.0 67.675 0
185106 20.937 21.0 67.675 50
185137 20.937 21.0 67.675 50
185208 20.937 21.0 67.675 50
185238 20.937 21.0 67.675 50
185309 20.937 21.0 67.675 50
185339 20.875 21.0 67.675 50
185410 20.875 21.0 67.675 50
185440 20.875 21.0 67.675 50
185510 20.875 21.0 67.675 50
185541 20.875 21.0 67.612 50
185611 21.0 21.0 67.612 50
185641 21.0 21.0 67.55 50
185711 21.0 21.0 67.487 50
185742 21.0 21.0 67.425 50
185813 21.0 21.0 67.362 50
185843 21.25 21.0 67.237 0
185913 21.25 21.0 67.112 0
185944 21.25 21.0 67.05 0
190014 21.25 21.0 66.925 0
190045 21.25 21.0 66.925 0
190115 21.437 21.0 66.8 0
190145 21.437 21.0 66.737 0
190215 21.437 21.0 66.675 0
190246 21.437 21.0 66.675 0
190317 21.437 21.0 66.612 0
190347 21.5 21.0 66.55 0
190417 21.5 21.0 66.487 0
190448 21.5 21.0 66.362 0
190518 21.5 21.0 66.175 0
190548 21.5 21.0 65.862 0
190619 21.562 21.0 65.362 0
190649 21.562 21.0 64.675 0
190720 21.562 21.0 63.8 0
190751 21.562 21.0 62.675 0
190821 21.562 21.0 61.425 0
190851 21.5 21.0 59.987 0
190921 21.5 21.0 58.362 0
190951 21.5 21.0 56.675 0
191021 21.5 21.0 54.987 0
191052 21.5 21.0 53.237 0
191122 21.375 21.0 51.675 0
191153 21.375 21.0 50.175 0
191223 21.375 21.0 48.737 0
191254 21.375 21.0 47.55 0
191324 21.375 21.0 46.675 0
191355 21.25 21.0 46.237 0
191426 21.25 21.0 46.237 0
191456 21.25 21.0 46.612 0
191526 21.25 21.0 47.237 0
191556 21.25 21.0 48.05 0
191627 21.187 21.0 48.925 0
191657 21.187 21.0 49.925 0
191727 21.187 21.0 50.987 0
191758 21.187 21.0 52.05 0
191828 21.187 21.0 53.05 0
191858 21.125 21.0 54.112 0
191929 21.125 21.0 55.175 0
191959 21.125 21.0 56.175 0
192030 21.125 21.0 57.112 0
192100 21.125 21.0 58.05 0
192130 20.812 21.0 58.987 0
192200 20.812 21.0 59.862 0
192231 20.812 21.0 60.737 50
192302 20.812 21.0 61.612 50
192332 20.812 21.0 62.3 50
192402 20.562 21.0 62.8 50
192433 20.562 21.0 63.175 50
192503 20.562 21.0 63.487 50
192534 20.562 21.0 63.675 50
192605 20.562 21.0 63.862 50
192635 20.375 21.0 63.925 50
192705 20.375 21.0 63.987 50
192735 20.375 21.0 63.987 50
192806 20.375 21.0 63.987 50
192836 20.375 21.0 63.862 50
192906 20.25 21.0 63.737 50
192936 20.25 21.0 63.55 50
193007 20.25 16.0 63.237 50
193038 20.25 16.0 62.737 0
193110 20.187 16.0 62.425 0
193140 20.187 16.0 62.175 0
193210 20.187 16.0 62.05 0
193241 20.187 16.0 61.925 0
193311 20.187 16.0 61.8 0
193341 20.187 16.0 61.737 0
193411 20.187 16.0 61.675 0
193441 20.187 16.0 61.612 0
193512 20.187 16.0 61.612 0
193542 20.187 16.0 61.55 0
193613 20.125 16.0 61.487 0
193643 20.125 16.0 61.425 0
193714 20.125 16.0 61.425 0
193744 20.125 16.0 61.362 0
193815 20.125 16.0 61.3 0
193846 20.062 16.0 61.237 0
193916 20.062 16.0 61.112 0
193947 20.062 16.0 60.862 0
194018 20.062 16.0 60.425 0
194049 20.062 16.0 59.862 0
194119 20.0 16.0 59.175 0
194149 20.0 16.0 58.425 0
194220 20.0 16.0 57.487 0
194251 20.0 16.0 56.8 0
194322 20.0 16.0 56.3 0
194352 19.937 16.0 55.987 0
194422 19.937 16.0 55.737 0
194453 19.937 16.0 55.612 0
194523 19.937 16.0 55.55 0
194554 19.937 16.0 55.487 0
194624 19.875 16.0 55.487 0
194654 19.875 16.0 55.487 0
194724 19.875 16.0 55.612 0
194755 19.875 16.0 55.737 0
194825 19.875 16.0 56.05 0
194856 19.812 16.0 56.675 0
194927 19.812 16.0 57.487 0
194957 19.812 16.0 58.425 0
195028 19.812 16.0 59.425 0
195058 19.812 16.0 60.612 0
195129 19.687 16.0 61.737 0
195159 19.687 16.0 62.8 0
195229 19.687 16.0 63.737 0
195300 19.687 16.0 64.487 0
195330 19.687 16.0 65.05 0
195401 19.625 16.0 65.55 0
195431 19.625 16.0 65.925 0
195501 19.625 16.0 66.237 0
195532 19.625 16.0 66.55 0
195603 19.625 16.0 66.8 0
195633 19.562 16.0 66.987 0
195704 19.562 16.0 67.05 0
195734 19.562 16.0 67.175 0
195805 19.562 16.0 67.237 0
195835 19.562 16.0 67.3 0
195905 19.5 16.0 67.3 0
195935 19.5 16.0 67.362 0
200006 19.5 16.0 67.362 0
200036 19.5 16.0 67.425 0
200107 19.5 16.0 67.425 0
200137 19.437 16.0 67.487 0
200208 19.437 16.0 67.487 0
200238 19.437 16.0 67.487 0
200309 19.437 16.0 67.55 0
200340 19.437 16.0 67.55 0
200411 19.437 16.0 67.612 0
200441 19.437 16.0 67.612 0
200512 19.437 16.0 67.612 0
200542 19.437 16.0 67.612 0
200615 19.312 16.0 67.675 0
200646 19.312 16.0 67.675 0
200716 19.312 16.0 67.675 0
200747 19.312 16.0 67.675 0
200817 19.312 16.0 67.675 0
200848 19.25 16.0 67.675 0
200918 19.25 16.0 67.675 0
200949 19.25 16.0 67.737 0
201020 19.25 16.0 67.737 0
201050 19.25 16.0 67.675 0
201120 19.25 16.0 67.737 0
201150 19.25 16.0 67.737 0
201221 19.25 16.0 67.737 0
201252 19.25 16.0 67.737 0
201322 19.25 16.0 67.737 0
201353 19.187 16.0 67.737 0
201424 19.187 16.0 67.737 0
201455 19.187 16.0 67.737 0
201525 19.187 16.0 67.737 0
201555 19.187 16.0 67.737 0
201626 19.125 16.0 67.737 0
201656 19.125 16.0 67.737 0
201727 19.125 16.0 67.737 0
201757 19.125 16.0 67.737 0
201828 19.125 16.0 67.737 0
201858 19.062 16.0 67.737 0
201929 19.062 16.0 67.737 0
201959 19.062 16.0 67.737 0
202029 19.062 16.0 67.737 0
202059 19.062 16.0 67.737 0
202129 19.0 16.0 67.737 0
202200 19.0 16.0 67.737 0
202230 19.0 16.0 67.737 0
202300 19.0 16.0 67.737 0
202331 19.0 16.0 67.675 0
202402 19.0 16.0 67.675 0
202433 19.0 16.0 67.675 0
202503 19.0 16.0 67.675 0
202533 19.0 16.0 67.675 0
202604 19.0 16.0 67.675 0
202634 18.937 16.0 67.675 0
202705 18.937 16.0 67.675 0
202735 18.937 16.0 67.675 0
202806 18.937 16.0 67.612 0
202836 18.937 16.0 67.612 0
202906 18.875 16.0 67.612 0
202936 18.875 16.0 67.612 0
203007 18.875 16.0 67.612 0
203038 18.875 16.0 67.612 0
203108 18.875 16.0 67.612 0
203138 18.875 16.0 67.55 0
203209 18.875 16.0 67.55 0
203239 18.875 16.0 67.55 0
203309 18.875 16.0 67.55 0
203340 18.875 16.0 67.55 0
203410 18.812 16.0 67.487 0
203440 18.812 16.0 67.487 0
203511 18.812 16.0 67.487 0
203541 18.812 16.0 67.425 0
203612 18.812 16.0 67.425 0
203642 18.812 16.0 67.425 0
203712 18.812 16.0 67.362 0
203742 18.812 16.0 67.362 0
203813 18.812 16.0 67.362 0
203844 18.812 16.0 67.362 0
203915 18.75 16.0 67.3 0
203945 18.75 16.0 67.3 0
204015 18.75 16.0 67.3 0
204046 18.75 16.0 67.3 0
204116 18.75 16.0 67.237 0
204147 18.687 16.0 67.237 0
204218 18.687 16.0 67.237 0
204248 18.687 16.0 67.237 0
204319 18.687 16.0 67.175 0
204352 18.625 16.0 67.175 0
204422 18.625 16.0 67.175 0
204453 18.625 16.0 67.175 0
204523 18.625 16.0 67.112 0
204554 18.625 16.0 67.05 0
204624 18.625 16.0 67.112 0
204654 18.625 16.0 67.05 0
204725 18.625 16.0 67.05 0
204756 18.625 16.0 67.05 0
204827 18.625 16.0 67.05 0
204857 18.562 16.0 66.987 0
204927 18.562 16.0 66.987 0
204958 18.562 16.0 66.987 0
205029 18.562 16.0 66.987 0
205100 18.562 16.0 66.925 0
205130 18.562 16.0 66.925 0
205201 18.562 16.0 66.862 0
205231 18.562 16.0 66.862 0
205301 18.562 16.0 66.8 0
205332 18.562 16.0 66.8 0
205402 18.562 16.0 66.8 0
205433 18.562 16.0 66.925 0
205504 18.562 16.0 66.925 0
205534 18.562 16.0 66.987 0
205605 18.562 16.0 67.05 0
205635 18.5 16.0 67.05 0
205706 18.5 16.0 67.112 0
205737 18.5 16.0 67.112 0
205807 18.5 16.0 67.112 0
205838 18.5 16.0 67.112 0
205909 18.5 16.0 67.112 0
205939 18.5 16.0 67.112 0
210009 18.5 16.0 67.112 0
210040 18.5 16.0 67.112 0
210111 18.5 16.0 67.112 0
210142 18.437 16.0 67.112 0
210212 18.437 16.0 67.05 0
210243 18.437 16.0 67.112 0
210314 18.437 16.0 67.05 0
210344 18.437 16.0 67.05 0
210415 18.437 16.0 67.05 0
210445 18.437 16.0 67.05 0
210515 18.437 16.0 67.05 0
210546 18.437 16.0 67.05 0
210617 18.437 16.0 66.987 0
210647 18.375 16.0 66.925 0
210717 18.375 16.0 66.862 0
210747 18.375 16.0 66.862 0
210817 18.375 16.0 66.862 0
210848 18.375 16.0 66.8 0
210918 18.375 16.0 66.8 0
210949 18.375 16.0 66.8 0
211019 18.375 16.0 66.737 0
211050 18.375 16.0 66.737 0
211120 18.375 16.0 66.675 0
211151 18.312 16.0 66.675 0
211222 18.312 16.0 66.612 0
211253 18.312 16.0 66.612 0
211323 18.312 16.0 66.55 0
211356 18.312 16.0 66.487 0
211426 18.312 16.0 66.487 0
211457 18.312 16.0 66.425 0
211527 18.312 16.0 66.425 0
211558 18.312 16.0 66.362 0
211628 18.25 16.0 66.362 0
211658 18.25 16.0 66.3 0
211729 18.25 16.0 66.3 0
211759 18.25 16.0 66.3 0
211830 18.25 16.0 66.3 0
211900 18.25 16.0 66.3 0
211931 18.25 16.0 66.237 0
212002 18.25 16.0 66.175 0
212032 18.25 16.0 66.175 0
212103 18.25 16.0 66.112 0
212133 18.25 16.0 66.112 0
212203 18.25 16.0 66.05 0
212234 18.25 16.0 66.05 0
212304 18.25 16.0 66.05 0
212334 18.25 16.0 65.987 0
212405 18.187 16.0 65.987 0
212435 18.187 16.0 65.925 0
212506 18.187 16.0 65.925 0
212536 18.187 16.0 65.925 0
212607 18.187 16.0 65.862 0
212637 18.187 16.0 65.862 0
212708 18.187 16.0 65.8 0
212738 18.187 16.0 65.8 0
212808 18.187 16.0 65.737 0
212839 18.187 16.0 65.737 0
212909 18.125 16.0 65.612 0
212940 18.125 16.0 65.612 0
213011 18.125 16.0 65.487 0
213042 18.125 16.0 65.487 0
213112 18.125 16.0 65.425 0
213142 18.125 16.0 65.362 0
213213 18.125 16.0 65.362 0
213244 18.125 16.0 65.237 0
213314 18.125 16.0 65.237 0
213344 18.125 16.0 65.175 0
213415 18.125 16.0 65.175 0
213445 18.125 16.0 65.112 0
213515 18.125 16.0 65.112 0
213546 18.125 16.0 65.05 0
213616 18.125 16.0 64.987 0
213647 18.125 16.0 64.987 0
213717 18.125 16.0 64.925 0
213747 18.125 16.0 64.925 0
213818 18.125 16.0 64.862 0
213849 18.125 16.0 64.737 0
213919 18.062 16.0 64.737 0
213950 18.062 16.0 64.737 0
214021 18.062 16.0 64.737 0
214051 18.062 16.0 64.737 0
214121 18.062 16.0 64.675 0
214151 18.0 16.0 64.612 0
214221 18.0 16.0 64.612 0
214252 18.0 16.0 64.55 0
214323 18.0 16.0 64.55 0
214353 18.0 16.0 64.487 0
214423 18.0 16.0 64.487 0
214454 18.0 16.0 64.425 0
214524 18.0 16.0 64.425 0
214554 18.0 16.0 64.362 0
214625 18.0 16.0 64.362 0
214655 18.0 16.0 64.3 0
214726 18.0 16.0 64.3 0
214756 18.0 16.0 64.237 0
214827 18.0 16.0 64.175 0
214857 18.0 16.0 64.112 0
214927 17.937 16.0 63.987 0
214958 17.937 16.0 63.862 0
215028 17.937 16.0 63.8 0
215059 17.937 16.0 63.675 0
215132 17.937 16.0 63.612 0
215202 17.937 16.0 63.612 0
215232 17.937 16.0 63.55 0
215303 17.937 16.0 63.487 0
215334 17.937 16.0 63.425 0
215404 17.875 16.0 63.425 0
215435 17.875 16.0 63.362 0
215505 17.875 16.0 63.362 0
215536 17.875 16.0 63.362 0
215606 17.875 16.0 63.362 0
215636 17.875 16.0 63.362 0
215707 17.875 16.0 63.362 0
215737 17.875 16.0 63.362 0
215808 17.875 16.0 63.425 0
215838 17.875 16.0 63.425 0
215909 17.875 16.0 63.425 0
215939 17.875 16.0 63.362 0
220010 17.875 16.0 63.362 0
220041 17.875 16.0 63.362 0
220111 17.875 16.0 63.362 0
220141 17.812 16.0 63.362 0
220212 17.812 16.0 63.3 0
220243 17.812 16.0 63.3 0
220313 17.812 16.0 63.3 0
220344 17.812 16.0 63.237 0
220414 17.812 16.0 63.237 0
220444 17.812 16.0 63.237 0
220515 17.812 16.0 63.175 0
220545 17.812 16.0 63.175 0
220615 17.812 16.0 63.112 0
220645 17.812 16.0 63.112 0
220716 17.812 16.0 63.05 0
220746 17.812 16.0 62.987 0
220817 17.812 16.0 62.925 0
220847 17.812 16.0 62.8 0
220917 17.812 16.0 62.737 0
220948 17.812 16.0 62.737 0
221018 17.812 16.0 62.675 0
221049 17.812 16.0 62.612 0
221120 17.812 16.0 62.55 0
221150 17.75 16.0 62.55 0
221220 17.75 16.0 62.487 0
221250 17.75 16.0 62.487 0
221320 17.75 16.0 62.425 0
221351 17.75 16.0 62.362 0
221421 17.75 16.0 62.362 0
221451 17.75 16.0 62.3 0
221522 17.75 16.0 62.3 0
221552 17.75 16.0 62.237 0
221622 17.75 16.0 62.175 0
221653 17.75 16.0 62.175 0
221723 17.75 16.0 62.112 0
221753 17.75 16.0 62.112 0
221824 17.75 16.0 62.05 0
221854 17.75 16.0 62.05 0
221925 17.75 16.0 61.987 0
221955 17.75 16.0 61.925 0
222026 17.75 16.0 61.925 0
222056 17.75 16.0 61.925 0
222126 17.75 16.0 61.862 0
222156 17.687 16.0 61.862 0
222227 17.687 16.0 61.8 0
222257 17.687 16.0 61.8 0
222328 17.687 16.0 61.737 0
222358 17.687 16.0 61.675 0
222429 17.687 16.0 61.612 0
222459 17.687 16.0 61.55 0
222529 17.687 16.0 61.425 0
222600 17.687 16.0 61.3 0
222630 17.687 16.0 61.237 0
222701 17.687 16.0 61.112 0
222731 17.687 16.0 61.05 0
222801 17.687 16.0 60.987 0
222831 17.687 16.0 60.987 0
222902 17.687 16.0 60.925 0
222932 17.687 16.0 60.862 0
223002 17.687 16.0 60.8 0
223032 17.687 16.0 60.8 0
223103 17.687 16.0 60.737 0
223134 17.687 16.0 60.675 0
223204 17.625 16.0 60.675 0
223234 17.625 16.0 60.612 0
223305 17.625 16.0 60.612 0
223335 17.625 16.0 60.55 0
223405 17.625 16.0 60.55 0
223435 17.625 16.0 60.487 0
223506 17.625 16.0 60.487 0
223536 17.625 16.0 60.425 0
223606 17.625 16.0 60.425 0
223637 17.625 16.0 60.362 0
223707 17.625 16.0 60.3 0
223738 17.625 16.0 60.3 0
223808 17.625 16.0 60.237 0
223838 17.625 16.0 60.237 0
223911 17.625 16.0 60.175 0
223941 17.625 16.0 60.175 0
224012 17.625 16.0 60.112 0
224043 17.625 16.0 60.112 0
224113 17.625 16.0 60.05 0
224143 17.562 16.0 59.987 0
224214 17.562 16.0 59.925 0
224244 17.562 16.0 59.8 0
224314 17.562 16.0 59.675 0
224344 17.562 16.0 59.55 0
224415 17.562 16.0 59.425 0
224446 17.562 16.0 59.362 0
224516 17.562 16.0 59.3 0
224546 17.562 16.0 59.3 0
224616 17.562 16.0 59.237 0
224646 17.562 16.0 59.175 0
224717 17.562 16.0 59.175 0
224748 17.562 16.0 59.112 0
224818 17.562 16.0 59.05 0
224848 17.562 16.0 59.05 0
224919 17.5 16.0 58.987 0
224949 17.5 16.0 58.987 0
225020 17.5 16.0 58.925 0
225051 17.5 16.0 58.925 0
225122 17.5 16.0 58.862 0
225152 17.5 16.0 58.862 0
225222 17.5 16.0 58.8 0
225253 17.5 16.0 58.8 0
225323 17.5 16.0 58.737 0
225353 17.5 16.0 58.675 0
225424 17.5 16.0 58.675 0
225454 17.5 16.0 58.675 0
225525 17.5 16.0 58.612 0
225556 17.5 16.0 58.612 0
225627 17.5 16.0 58.55 0
225657 17.5 16.0 58.55 0
225727 17.5 16.0 58.612 0
225757 17.5 16.0 58.612 0
225828 17.5 16.0 58.612 0
225858 17.5 16.0 58.675 0
225928 17.437 16.0 58.612 0
225959 17.437 16.0 58.612 0
230029 17.437 10.0 58.55 0
230059 17.437 10.0 58.487 0
230130 17.437 10.0 58.487 0
230200 17.437 10.0 58.425 0
230231 17.437 10.0 58.425 0
230301 17.437 10.0 58.362 0
230331 17.437 10.0 58.362 0
230402 17.437 10.0 58.3 0
230432 17.437 10.0 58.3 0
230503 17.437 10.0 58.237 0
230533 17.437 10.0 58.237 0
230604 17.437 10.0 58.175 0
230634 17.437 10.0 58.175 0
230704 17.437 10.0 58.175 0
230735 17.437 10.0 58.112 0
230805 17.437 10.0 58.112 0
230836 17.437 10.0 58.05 0
230906 17.437 10.0 58.05 0
230937 17.437 10.0 58.05 0
231007 17.437 10.0 57.987 0
231038 17.437 10.0 57.987 0
231108 17.437 10.0 57.925 0
231138 17.437 10.0 57.862 0
231209 17.375 10.0 57.862 0
231240 17.375 10.0 57.862 0
231311 17.375 10.0 57.862 0
231341 17.375 10.0 57.737 0
231412 17.375 10.0 57.737 0
231442 17.375 10.0 57.675 0
231512 17.375 10.0 57.675 0
231543 17.375 10.0 57.55 0
231613 17.375 10.0 57.487 0
231646 17.375 10.0 57.425 0
231717 17.375 10.0 57.362 0
231748 17.375 10.0 57.362 0
231818 17.375 10.0 57.3 0
231849 17.375 10.0 57.3 0
231919 17.375 10.0 57.237 0
231949 17.375 10.0 57.175 0
232020 17.375 10.0 57.175 0
232050 17.375 10.0 57.112 0
232121 17.375 10.0 57.112 0
232151 17.375 10.0 57.05 0
232222 17.375 10.0 57.05 0
232252 17.375 10.0 56.987 0
232323 17.375 10.0 56.987 0
232353 17.375 10.0 56.987 0
232424 17.375 10.0 56.925 0
232454 17.375 10.0 56.925 0
232525 17.375 10.0 56.862 0
232555 17.375 10.0 56.862 0
232626 17.375 10.0 56.8 0
232657 17.312 10.0 56.737 0
232727 17.312 10.0 56.737 0
232757 17.312 10.0 56.737 0
232827 17.312 10.0 56.862 0
232857 17.312 10.0 57.112 0
232928 17.312 10.0 57.425 0
232958 17.312 10.0 57.862 0
233029 17.312 10.0 58.425 0
233100 17.312 10.0 59.237 0
233130 17.312 10.0 59.987 0
233201 17.312 10.0 60.8 0
233231 17.312 10.0 61.737 0
233302 17.312 10.0 62.55 0
233332 17.312 10.0 63.237 0
233402 17.312 10.0 63.737 0
233433 17.312 10.0 64.112 0
233503 17.312 10.0 64.487 0
233533 17.312 10.0 64.737 0
233604 17.312 10.0 64.987 0
233634 17.312 10.0 65.175 0
233705 17.25 10.0 65.362 0
233735 17.25 10.0 65.55 0
233806 17.25 10.0 65.675 0
233836 17.25 10.0 65.8 0
233906 17.25 10.0 65.862 0
233937 17.25 10.0 65.987 0
234007 17.25 10.0 66.05 0
234037 17.25 10.0 66.112 0
234108 17.25 10.0 66.175 0
234138 17.25 10.0 66.175 0
234208 17.25 10.0 66.237 0
234238 17.25 10.0 66.3 0
234309 17.25 10.0 66.362 0
234339 17.25 10.0 66.362 0
234409 17.25 10.0 66.425 0
234440 17.187 10.0 66.487 0
234511 17.187 10.0 66.487 0
234541 17.187 10.0 66.55 0
234611 17.187 10.0 66.55 0
234642 17.187 10.0 66.55 0
234712 17.187 10.0 66.612 0
234743 17.187 10.0 66.612 0
234813 17.187 10.0 66.675 0
234843 17.187 10.0 66.675 0
234914 17.187 10.0 66.675 0
234944 17.187 10.0 66.675 0
235015 17.187 10.0 66.675 0
235046 17.187 10.0 66.675 0
235116 17.187 10.0 66.675 0
235147 17.187 10.0 66.675 0
235217 17.187 10.0 66.675 0
235247 17.187 10.0 66.737 0
235318 17.187 10.0 66.737 0
235349 17.187 10.0 66.737 0
235419 17.187 10.0 66.737 0
235449 17.187 10.0 66.737 0
235520 17.187 10.0 66.737 0
235551 17.187 10.0 66.737 0
235621 17.187 10.0 66.737 0
235653 17.187 10.0 66.737 0
235724 17.187 10.0 66.737 0
235754 17.187 10.0 66.737 0
235825 17.187 10.0 66.737 0
235856 17.187 10.0 66.737 0
