235918 25.312 10.0 20.237 0
235949 25.312 10.0 20.237 0
000019 25.312 10.0 20.237 0
000049 25.312 10.0 20.237 0
000119 25.312 10.0 20.237 0
000150 25.312 10.0 20.237 0
000220 25.312 10.0 20.237 0
000251 25.312 10.0 20.237 0
000321 25.312 10.0 20.237 0
000352 25.312 10.0 20.237 0
000422 25.312 10.0 20.237 0
000453 25.312 10.0 20.237 0
000524 25.312 10.0 20.237 0
000554 25.312 10.0 20.237 0
000625 25.312 10.0 20.237 0
000655 25.312 10.0 20.237 0
000725 25.312 10.0 20.237 0
000756 25.312 10.0 20.237 0
000826 25.312 10.0 20.237 0
000856 25.312 10.0 20.237 0
000927 25.312 10.0 20.237 0
000957 25.312 10.0 20.237 0
001027 25.312 10.0 20.237 0
001057 25.312 10.0 20.237 0
001128 25.312 10.0 20.237 0
001158 25.312 10.0 20.237 0
001228 25.312 10.0 20.237 0
001259 25.312 10.0 20.237 0
001330 25.312 10.0 20.237 0
001400 25.312 10.0 20.237 0
001431 25.312 10.0 20.237 0
001501 25.312 10.0 20.237 0
001531 25.312 10.0 20.237 0
001601 25.312 10.0 20.237 0
001632 25.375 10.0 20.237 0
001702 25.375 10.0 20.237 0
001732 25.375 10.0 20.237 0
001803 25.375 10.0 20.237 0
001834 25.375 10.0 20.237 0
001904 25.312 10.0 20.237 0
001934 25.312 10.0 20.237 0
002004 25.312 10.0 20.237 0
002034 25.312 10.0 20.237 0
002105 25.312 10.0 20.237 0
002135 25.375 10.0 20.237 0
002206 25.375 10.0 20.237 0
002237 25.375 10.0 20.237 0
002308 25.375 10.0 20.237 0
002338 25.375 10.0 20.237 0
002408 25.375 10.0 20.237 0
002438 25.375 10.0 20.237 0
002509 25.375 10.0 20.237 0
002540 25.375 10.0 20.237 0
002610 25.375 10.0 20.237 0
002641 25.375 10.0 20.237 0
002711 25.375 10.0 20.237 0
002741 25.375 10.0 20.237 0
002812 25.375 10.0 20.237 0
002842 25.375 10.0 20.237 0
002912 25.375 10.0 20.237 0
002942 25.375 10.0 20.237 0
003013 25.375 10.0 20.237 0
003043 25.375 10.0 20.237 0
003116 25.375 10.0 20.237 0
003146 25.375 10.0 20.237 0
003216 25.375 10.0 20.237 0
003246 25.375 10.0 20.237 0
003317 25.375 10.0 20.237 0
003347 25.375 10.0 20.237 0
003418 25.375 10.0 20.237 0
003448 25.375 10.0 20.237 0
003518 25.375 10.0 20.237 0
003549 25.375 10.0 20.237 0
003619 25.375 10.0 20.237 0
003649 25.375 10.0 20.237 0
003720 25.375 10.0 20.237 0
003750 25.375 10.0 20.237 0
003821 25.375 10.0 20.237 0
003852 25.375 10.0 20.237 0
003922 25.375 10.0 20.237 0
003953 25.375 10.0 20.237 0
004023 25.375 10.0 20.237 0
004054 25.375 10.0 20.237 0
004124 25.375 10.0 20.237 0
004154 25.375 10.0 20.237 0
004224 25.375 10.0 20.237 0
004254 25.375 10.0 20.237 0
004325 25.375 10.0 20.237 0
004355 25.437 10.0 20.237 0
004425 25.437 10.0 20.237 0
004455 25.437 10.0 20.237 0
004526 25.437 10.0 20.237 0
004557 25.437 10.0 20.237 0
004627 25.375 10.0 20.237 0
004657 25.375 10.0 20.237 0
004727 25.375 10.0 20.237 0
004758 25.375 10.0 20.237 0
004828 25.375 10.0 20.237 0
004858 25.375 10.0 20.237 0
004928 25.375 10.0 20.237 0
004958 25.375 10.0 20.237 0
005028 25.375 10.0 20.237 0
005059 25.375 10.0 20.237 0
005130 25.312 10.0 20.237 0
005200 25.312 10.0 20.237 0
005230 25.312 10.0 20.237 0
005301 25.312 10.0 20.237 0
005331 25.312 10.0 20.237 0
005401 25.312 10.0 20.237 0
005431 25.312 10.0 20.237 0
005501 25.312 10.0 20.237 0
005532 25.312 10.0 20.237 0
005602 25.312 10.0 20.237 0
005632 25.25 10.0 20.237 0
005703 25.25 10.0 20.237 0
005733 25.25 10.0 20.237 0
005803 25.25 10.0 20.237 0
005833 25.25 10.0 20.237 0
005903 25.25 10.0 20.237 0
005934 25.25 10.0 20.237 0
010005 25.25 10.0 20.237 0
010035 25.25 10.0 20.237 0
010105 25.25 10.0 20.237 0
010135 25.25 10.0 20.237 0
010206 25.25 10.0 20.237 0
010237 25.25 10.0 20.237 0
010308 25.25 10.0 20.237 0
010338 25.25 10.0 20.237 0
010408 25.25 10.0 20.237 0
010438 25.25 10.0 20.237 0
010508 25.25 10.0 20.237 0
010539 25.25 10.0 20.237 0
010609 25.25 10.0 20.237 0
010640 25.187 10.0 20.237 0
010711 25.187 10.0 20.237 0
010741 25.187 10.0 20.237 0
010812 25.187 10.0 20.237 0
010842 25.187 10.0 20.237 0
010912 25.187 10.0 20.237 0
010942 25.187 10.0 20.237 0
011012 25.187 10.0 20.237 0
011043 25.187 10.0 20.237 0
011114 25.187 10.0 20.237 0
011144 25.187 10.0 20.237 0
011214 25.187 10.0 20.237 0
011244 25.187 10.0 20.237 0
011315 25.187 10.0 20.237 0
011345 25.187 10.0 20.237 0
011416 24.812 10.0 20.237 0
011447 24.812 10.0 20.237 0
011517 24.812 10.0 20.237 0
011548 24.812 10.0 20.237 0
011618 24.812 10.0 20.237 0
011649 24.937 10.0 20.237 0
011719 24.937 10.0 20.237 0
011749 24.937 10.0 20.237 0
011820 24.937 10.0 20.237 0
011850 24.937 10.0 20.237 0
011920 24.937 10.0 20.237 0
011950 24.937 10.0 20.237 0
012020 24.937 10.0 20.237 0
012050 24.937 10.0 20.237 0
012123 24.937 10.0 20.237 0
012153 24.937 10.0 20.237 0
012223 24.937 10.0 20.237 0
012254 24.937 10.0 20.237 0
012325 24.937 10.0 20.237 0
012356 25.0 10.0 20.237 0
012426 25.0 10.0 20.237 0
012456 25.0 10.0 20.237 0
012527 25.0 10.0 20.237 0
012557 25.0 10.0 20.237 0
012628 25.0 10.0 20.237 0
012659 25.0 10.0 20.237 0
012729 25.0 10.0 20.237 0
012800 25.0 10.0 20.237 0
012830 25.0 10.0 20.237 0
012900 24.875 10.0 20.237 0
012931 24.875 10.0 20.237 0
013002 24.875 10.0 20.237 0
013032 24.875 10.0 20.237 0
013102 24.875 10.0 20.237 0
013132 24.875 10.0 20.237 0
013202 24.875 10.0 20.237 0
013233 24.875 10.0 20.237 0
013303 24.875 10.0 20.237 0
013334 24.875 10.0 20.237 0
013405 24.625 10.0 20.237 0
013436 24.625 10.0 20.237 0
013506 24.625 10.0 20.237 0
013536 24.625 10.0 20.237 0
013607 24.625 10.0 20.237 0
013637 24.812 10.0 20.237 0
013707 24.812 10.0 20.237 0
013738 24.812 10.0 20.237 0
013809 24.812 10.0 20.237 0
013839 24.812 10.0 20.237 0
013910 24.875 10.0 20.237 0
013940 24.875 10.0 20.237 0
014010 24.875 10.0 20.237 0
014041 24.875 10.0 20.237 0
014111 24.875 10.0 20.237 0
014141 24.875 10.0 20.237 0
014212 24.875 10.0 20.237 0
014242 24.875 10.0 20.237 0
014313 24.875 10.0 20.237 0
014343 24.875 10.0 20.237 0
014413 24.875 10.0 20.237 0
014444 24.875 10.0 20.237 0
014514 24.875 10.0 20.237 0
014544 24.875 10.0 20.237 0
014614 24.875 10.0 20.237 0
014645 24.875 10.0 20.237 0
014715 24.875 10.0 20.237 0
014745 24.875 10.0 20.237 0
014816 24.875 10.0 20.237 0
014846 24.875 10.0 20.237 0
014916 24.875 10.0 20.237 0
014946 24.875 10.0 20.237 0
015017 24.875 10.0 20.237 0
015047 24.875 10.0 20.237 0
015117 24.875 10.0 20.237 0
015148 24.875 10.0 20.237 0
015218 24.875 10.0 20.237 0
015248 24.875 10.0 20.237 0
015318 24.875 10.0 20.237 0
015348 24.875 10.0 20.237 0
015419 24.875 10.0 20.237 0
015449 24.875 10.0 20.237 0
015519 24.875 10.0 20.237 0
015549 24.875 10.0 20.237 0
015620 24.875 10.0 20.237 0
015650 24.75 10.0 20.237 0
015720 24.75 10.0 20.237 0
015751 24.75 10.0 20.237 0
015821 24.75 10.0 20.237 0
015851 24.75 10.0 20.237 0
015922 24.75 10.0 20.237 0
015952 24.75 10.0 20.237 0
020022 24.75 10.0 20.237 0
020052 24.75 10.0 20.237 0
020122 24.75 10.0 20.237 0
020153 24.75 10.0 20.237 0
020223 24.75 10.0 20.237 0
020253 24.75 10.0 20.237 0
020324 24.75 10.0 20.237 0
020355 24.75 10.0 20.237 0
020425 24.75 10.0 20.237 0
020455 24.75 10.0 20.237 0
020525 24.75 10.0 20.237 0
020556 24.75 10.0 20.237 0
020627 24.75 10.0 20.237 0
020657 24.812 10.0 20.237 0
020727 24.812 10.0 20.237 0
020757 24.812 10.0 20.237 0
020828 24.812 10.0 20.237 0
020900 24.812 10.0 20.237 0
020931 24.812 10.0 20.237 0
021002 24.812 10.0 20.237 0
021032 24.812 10.0 20.237 0
021103 24.812 10.0 20.237 0
021133 24.812 10.0 20.237 0
021204 24.812 10.0 20.237 0
021234 24.812 10.0 20.237 0
021305 24.812 10.0 20.237 0
021335 24.812 10.0 20.237 0
021406 24.812 10.0 20.237 0
021436 24.812 10.0 20.237 0
021506 24.812 10.0 20.237 0
021536 24.812 10.0 20.237 0
021607 24.812 10.0 20.237 0
021637 24.812 10.0 20.237 0
021708 24.812 10.0 20.237 0
021738 24.812 10.0 20.237 0
021809 24.812 10.0 20.237 0
021839 24.812 10.0 20.237 0
021910 24.812 10.0 20.237 0
021940 24.812 10.0 20.237 0
022011 24.812 10.0 20.237 0
022041 24.812 10.0 20.237 0
022111 24.812 10.0 20.237 0
022141 24.812 10.0 20.237 0
022212 24.812 10.0 20.237 0
022242 24.812 10.0 20.237 0
022312 24.812 10.0 20.237 0
022342 24.812 10.0 20.237 0
022412 24.812 10.0 20.237 0
022442 24.812 10.0 20.237 0
022513 24.812 10.0 20.237 0
022543 24.812 10.0 20.237 0
022614 24.812 10.0 20.237 0
022644 24.812 10.0 20.237 0
022714 24.812 10.0 20.237 0
022744 24.812 10.0 20.237 0
022814 24.812 10.0 20.237 0
022845 24.812 10.0 20.237 0
022915 24.875 10.0 20.237 0
022945 24.875 10.0 20.237 0
023016 24.875 10.0 20.237 0
023046 24.875 10.0 20.237 0
023116 24.875 10.0 20.237 0
023147 24.875 10.0 20.237 0
023217 24.875 10.0 20.237 0
023248 24.875 10.0 20.237 0
023318 24.875 10.0 20.237 0
023349 24.875 10.0 20.237 0
023419 24.875 10.0 20.237 0
023449 24.875 10.0 20.237 0
023520 24.875 10.0 20.237 0
023550 24.875 10.0 20.237 0
023620 24.875 10.0 20.237 0
023651 24.812 10.0 20.237 0
023721 24.812 10.0 20.237 0
023752 24.812 10.0 20.237 0
023822 24.812 10.0 20.237 0
023853 24.812 10.0 20.237 0
023923 24.812 10.0 20.237 0
023954 24.812 10.0 20.237 0
024024 24.812 10.0 20.237 0
024055 24.812 10.0 20.237 0
024125 24.812 10.0 20.237 0
024156 24.812 10.0 20.237 0
024227 24.812 10.0 20.237 0
024258 24.812 10.0 20.237 0
024328 24.812 10.0 20.237 0
024358 24.812 10.0 20.237 0
024429 24.875 10.0 20.237 0
024459 24.875 10.0 20.237 0
024529 24.875 10.0 20.237 0
024600 24.875 10.0 20.237 0
024630 24.875 10.0 20.237 0
024700 24.875 10.0 20.237 0
024731 24.875 10.0 20.237 0
024801 24.875 10.0 20.237 0
024831 24.875 10.0 20.237 0
024902 24.875 10.0 20.237 0
024933 24.875 10.0 20.237 0
025003 24.875 10.0 20.237 0
025033 24.875 10.0 20.237 0
025103 24.875 10.0 20.237 0
025136 24.812 10.0 20.237 0
025206 24.812 10.0 20.237 0
025236 24.812 10.0 20.237 0
025307 24.812 10.0 20.237 0
025337 24.812 10.0 20.237 0
025407 24.875 10.0 20.237 0
025438 24.875 10.0 20.237 0
025508 24.875 10.0 20.237 0
025539 24.875 10.0 20.237 0
025609 24.875 10.0 20.237 0
025639 24.875 10.0 20.237 0
025709 24.875 10.0 20.237 0
025740 24.875 10.0 20.237 0
025810 24.875 10.0 20.237 0
025840 24.875 10.0 20.237 0
025910 24.875 10.0 20.237 0
025941 24.875 10.0 20.237 0
030012 24.875 10.0 20.237 0
030043 24.875 10.0 20.237 0
030113 24.875 10.0 20.237 0
030144 24.875 10.0 20.237 0
030214 24.875 10.0 20.237 0
030244 24.875 10.0 20.237 0
030315 24.875 10.0 20.237 0
030345 24.875 10.0 20.237 0
030415 24.875 10.0 20.237 0
030446 24.875 10.0 20.237 0
030517 24.875 10.0 20.237 0
030547 24.875 10.0 20.237 0
030618 24.875 10.0 20.237 0
030648 24.875 10.0 20.237 0
030719 24.875 10.0 20.237 0
030749 24.875 10.0 20.237 0
030820 24.875 10.0 20.237 0
030850 24.875 10.0 20.237 0
030920 24.875 10.0 20.237 0
030951 24.875 10.0 20.237 0
031021 24.875 10.0 20.237 0
031052 24.875 10.0 20.237 0
031122 24.875 10.0 20.237 0
031153 24.875 10.0 20.237 0
031223 24.875 10.0 20.237 0
031254 24.875 10.0 20.237 0
031324 24.875 10.0 20.237 0
031354 24.875 10.0 20.237 0
031425 24.875 10.0 20.237 0
031455 24.875 10.0 20.237 0
031526 24.875 10.0 20.237 0
031557 24.875 10.0 20.237 0
031627 24.875 10.0 20.237 0
031657 24.875 10.0 20.237 0
031728 24.875 10.0 20.237 0
031758 24.875 10.0 20.237 0
031829 24.875 10.0 20.237 0
031859 24.875 10.0 20.237 0
031930 24.812 10.0 20.237 0
032000 24.812 10.0 20.237 0
032031 24.812 10.0 20.237 0
032102 24.812 10.0 20.237 0
032133 24.812 10.0 20.237 0
032203 24.812 10.0 20.237 0
032234 24.812 10.0 20.237 0
032305 24.812 10.0 20.237 0
032335 24.812 10.0 20.237 0
032406 24.812 10.0 20.237 0
032436 24.812 10.0 20.237 0
032506 24.812 10.0 20.237 0
032537 24.812 10.0 20.237 0
032607 24.812 10.0 20.237 0
032637 24.812 10.0 20.237 0
032707 24.875 10.0 20.237 0
032737 24.875 10.0 20.237 0
032807 24.875 10.0 20.237 0
032838 24.875 10.0 20.237 0
032908 24.875 10.0 20.237 0
032939 24.812 10.0 20.237 0
033009 24.812 10.0 20.237 0
033040 24.812 10.0 20.237 0
033110 24.812 10.0 20.237 0
033142 24.812 10.0 20.237 0
033213 24.812 10.0 20.237 0
033243 24.812 10.0 20.237 0
033313 24.812 10.0 20.237 0
033343 24.812 10.0 20.237 0
033413 24.812 10.0 20.237 0
033444 24.812 10.0 20.237 0
033514 24.812 10.0 20.237 0
033545 24.812 10.0 20.237 0
033615 24.812 10.0 20.237 0
033645 24.812 10.0 20.237 0
033715 24.812 10.0 20.237 0
033746 24.812 10.0 20.237 0
033816 24.812 10.0 20.237 0
033846 24.812 10.0 20.237 0
033916 24.812 10.0 20.237 0
033947 24.812 10.0 20.237 0
034017 24.812 10.0 20.237 0
034048 24.812 10.0 20.237 0
034118 24.812 10.0 20.237 0
034148 24.812 10.0 20.237 0
034219 24.812 10.0 20.237 0
034249 24.812 10.0 20.237 0
034319 24.812 10.0 20.237 0
034349 24.812 10.0 20.237 0
034420 24.812 10.0 20.237 0
034450 24.812 10.0 20.237 0
034520 24.812 10.0 20.237 0
034551 24.812 10.0 20.237 0
034621 24.812 10.0 20.237 0
034651 24.812 10.0 20.237 0
034722 24.812 10.0 20.237 0
034752 24.812 10.0 20.237 0
034823 24.812 10.0 20.237 0
034853 24.812 10.0 20.237 0
034923 24.812 10.0 20.237 0
034953 24.812 10.0 20.237 0
035023 24.812 10.0 20.237 0
035054 24.812 10.0 20.237 0
035124 24.812 10.0 20.237 0
035155 24.812 10.0 20.237 0
035225 24.812 10.0 20.237 0
035255 24.812 10.0 20.237 0
035325 24.812 10.0 20.237 0
035355 24.812 10.0 20.237 0
035426 24.812 10.0 20.237 0
035456 24.812 10.0 20.237 0
035526 24.812 10.0 20.237 0
035556 24.812 10.0 20.237 0
035626 24.812 10.0 20.237 0
035657 24.812 10.0 20.237 0
035727 24.812 10.0 20.237 0
035757 24.812 10.0 20.237 0
035827 24.812 10.0 20.237 0
035858 24.812 10.0 20.237 0
035928 24.812 10.0 20.237 0
035959 24.812 10.0 20.237 0
040029 24.812 10.0 20.237 0
040059 24.812 10.0 20.237 0
040129 24.812 10.0 20.237 0
040159 24.812 10.0 20.237 0
040230 24.812 10.0 20.237 0
040300 24.812 10.0 20.237 0
040330 24.812 10.0 20.237 0
040401 24.812 10.0 20.237 0
040431 24.812 10.0 20.237 0
040501 24.812 10.0 20.237 0
040532 24.812 10.0 20.237 0
040602 24.812 10.0 20.237 0
040632 24.812 10.0 20.237 0
040703 24.812 10.0 20.237 0
040734 24.812 10.0 20.237 0
040805 24.812 10.0 20.237 0
040835 24.812 10.0 20.237 0
040906 24.812 10.0 20.237 0
040936 24.75 10.0 20.237 0
041006 24.75 10.0 20.237 0
041037 24.75 10.0 20.237 0
041108 24.75 10.0 20.237 0
041138 24.75 10.0 20.237 0
041209 24.812 10.0 20.237 0
041240 24.812 10.0 20.237 0
041310 24.812 10.0 20.237 0
041341 24.812 10.0 20.237 0
041411 24.812 10.0 20.237 0
041442 24.75 10.0 20.237 0
041512 24.75 10.0 20.237 0
041542 24.75 10.0 20.237 0
041612 24.75 10.0 20.237 0
041642 24.75 10.0 20.237 0
041712 24.812 10.0 20.237 0
041743 24.812 10.0 20.237 0
041813 24.812 10.0 20.237 0
041844 24.812 10.0 20.237 0
041915 24.812 10.0 20.237 0
041945 24.75 10.0 20.3 0
042016 24.75 10.0 20.237 0
042046 24.75 10.0 20.237 0
042117 24.75 10.0 20.237 0
042149 24.812 10.0 20.237 0
042220 24.812 10.0 20.237 0
042251 24.812 10.0 20.237 0
042321 24.812 10.0 20.237 0
042352 24.812 10.0 20.237 0
042422 24.75 10.0 20.237 0
042453 24.75 10.0 20.237 0
042523 24.75 10.0 20.237 0
042553 24.75 10.0 20.237 0
042624 24.75 10.0 20.237 0
042654 24.75 10.0 20.237 0
042725 24.75 10.0 20.3 0
042755 24.75 10.0 20.237 0
042825 24.75 10.0 20.237 0
042856 24.75 10.0 20.237 0
042926 24.75 10.0 20.237 0
042956 24.75 10.0 20.237 0
043026 24.75 10.0 20.237 0
043057 24.75 10.0 20.237 0
043127 24.75 10.0 20.237 0
043158 24.75 10.0 20.237 0
043228 24.75 10.0 20.237 0
043259 24.75 10.0 20.237 0
043330 24.75 10.0 20.237 0
043400 24.75 10.0 20.237 0
043430 24.75 10.0 20.237 0
043501 24.75 10.0 20.237 0
043531 24.75 10.0 20.237 0
043602 24.75 10.0 20.3 0
043632 24.75 10.0 20.237 0
043703 24.75 10.0 20.237 0
043733 24.75 10.0 20.237 0
043803 24.75 10.0 20.237 0
043834 24.75 10.0 20.237 0
043904 24.75 10.0 20.237 0
043935 24.75 10.0 20.237 0
044006 24.75 10.0 20.237 0
044036 24.75 10.0 20.237 0
044107 24.75 10.0 20.237 0
044137 24.75 10.0 20.237 0
044208 24.75 10.0 20.237 0
044238 24.75 10.0 20.237 0
044308 24.75 10.0 20.237 0
044338 24.75 10.0 20.237 0
044408 24.75 10.0 20.237 0
044439 24.687 10.0 20.237 0
044509 24.687 10.0 20.237 0
044539 24.687 10.0 20.237 0
044610 24.687 10.0 20.237 0
044640 24.687 10.0 20.237 0
044710 24.75 10.0 20.237 0
044741 24.75 10.0 20.237 0
044811 24.75 10.0 20.237 0
044841 24.75 10.0 20.237 0
044911 24.75 10.0 20.237 0
044941 24.687 10.0 20.237 0
045012 24.687 10.0 20.237 0
045042 24.687 10.0 20.237 0
045112 24.687 10.0 20.237 0
045143 24.687 10.0 20.237 0
045214 24.687 10.0 20.237 0
045244 24.687 10.0 20.237 0
045314 24.687 10.0 20.237 0
045345 24.687 10.0 20.237 0
045415 24.687 10.0 20.237 0
045445 24.687 10.0 20.237 0
045515 24.687 10.0 20.237 0
045546 24.687 10.0 20.237 0
045616 24.687 10.0 20.237 0
045646 24.687 10.0 20.237 0
045716 24.687 10.0 20.237 0
045746 24.687 10.0 20.237 0
045817 24.687 10.0 20.237 0
045848 24.687 10.0 20.237 0
045919 24.687 10.0 20.237 0
045949 24.687 10.0 20.237 0
050020 24.687 10.0 20.237 0
050051 24.687 10.0 20.237 0
050122 24.687 10.0 20.237 0
050155 24.687 10.0 20.237 0
050225 24.687 10.0 20.237 0
050255 24.687 10.0 20.237 0
050326 24.687 10.0 20.237 0
050356 24.687 10.0 20.237 0
050426 24.687 10.0 20.237 0
050457 24.687 10.0 20.237 0
050528 24.687 10.0 20.237 0
050558 24.687 10.0 20.237 0
050629 24.687 10.0 20.237 0
050659 24.687 10.0 20.237 0
050729 24.687 10.0 20.237 0
050800 24.687 10.0 20.237 0
050830 24.687 10.0 20.237 0
050901 24.687 10.0 20.237 0
050931 24.687 10.0 20.237 0
051002 24.687 10.0 20.237 0
051032 24.687 10.0 20.237 0
051103 24.687 10.0 20.237 0
051133 24.687 10.0 20.237 0
051203 24.687 10.0 20.237 0
051233 24.687 10.0 20.237 0
051304 24.687 10.0 20.237 0
051334 24.687 10.0 20.237 0
051404 24.687 10.0 20.237 0
051434 24.687 10.0 20.237 0
051505 24.687 10.0 20.237 0
051535 24.687 10.0 20.237 0
051606 24.687 10.0 20.237 0
051637 24.687 10.0 20.237 0
051707 24.687 10.0 20.237 0
051737 24.687 10.0 20.237 0
051807 24.687 10.0 20.237 0
051838 24.687 10.0 20.237 0
051908 24.687 10.0 20.237 0
051939 24.687 10.0 20.237 0
052009 24.687 10.0 20.237 0
052039 24.687 10.0 20.237 0
052110 24.687 10.0 20.237 0
052141 24.687 10.0 20.237 0
052212 24.687 10.0 20.237 0
052243 24.687 10.0 20.237 0
052313 24.687 10.0 20.237 0
052343 24.687 10.0 20.237 0
052414 24.687 10.0 20.237 0
052444 24.687 10.0 20.237 0
052514 24.687 10.0 20.237 0
052544 24.687 10.0 20.237 0
052614 24.687 10.0 20.237 0
052644 24.687 10.0 20.237 0
052715 24.687 10.0 20.237 0
052745 24.687 10.0 20.237 0
052815 24.687 10.0 20.237 0
052845 24.687 10.0 20.237 0
052915 24.687 10.0 20.237 0
052946 24.687 10.0 20.237 0
053016 24.687 10.0 20.237 0
053047 24.687 10.0 20.237 0
053117 24.687 10.0 20.237 0
053148 24.687 10.0 20.237 0
053219 24.625 10.0 20.237 0
053249 24.625 10.0 20.237 0
053319 24.625 10.0 20.237 0
053349 24.625 10.0 20.237 0
053419 24.625 10.0 20.237 0
053450 24.5 10.0 20.237 0
053520 24.5 10.0 20.237 0
053550 24.5 10.0 20.237 0
053621 24.5 10.0 20.237 0
053652 24.5 10.0 20.237 0
053722 24.562 10.0 20.237 0
053753 24.562 10.0 20.237 0
053823 24.562 10.0 20.237 0
053854 24.562 10.0 20.237 0
053924 24.562 10.0 20.237 0
053955 24.562 10.0 20.237 0
054025 24.562 10.0 20.237 0
054056 24.562 10.0 20.237 0
054126 24.562 10.0 20.237 0
054159 24.562 10.0 20.237 0
054229 24.562 10.0 20.237 0
054300 24.562 10.0 20.237 0
054330 24.562 10.0 20.237 0
054400 24.562 10.0 20.237 0
054430 24.5 10.0 20.237 0
054501 24.5 10.0 20.237 0
054531 24.5 10.0 20.237 0
054602 24.5 10.0 20.237 0
054632 24.5 10.0 20.237 0
054703 24.5 10.0 20.237 0
054734 24.5 10.0 20.237 0
054804 24.5 10.0 20.237 0
054835 24.5 10.0 20.237 0
054905 24.5 10.0 20.237 0
054935 24.5 10.0 20.237 0
055005 24.5 10.0 20.237 0
055035 24.5 10.0 20.237 0
055106 24.5 10.0 20.237 0
055136 24.5 10.0 20.237 0
055207 24.5 10.0 20.237 0
055237 24.5 10.0 20.237 0
055308 24.5 10.0 20.237 0
055338 24.5 10.0 20.237 0
055408 24.5 10.0 20.237 0
055439 24.5 10.0 20.237 0
055510 24.5 10.0 20.237 0
055540 24.5 10.0 20.237 0
055610 24.5 10.0 20.237 0
055640 24.5 10.0 20.237 0
055711 24.437 10.0 20.237 0
055742 24.437 10.0 20.237 0
055812 24.437 10.0 20.237 0
055843 24.437 10.0 20.237 0
055913 24.437 10.0 20.237 0
055944 24.437 10.0 20.237 0
060015 24.437 10.0 20.237 0
060046 24.437 10.0 20.237 0
060116 24.437 10.0 20.237 0
060147 24.437 10.0 20.237 0
060217 24.437 10.0 20.237 0
060248 24.437 10.0 20.237 0
060318 24.437 10.0 20.237 0
060348 24.437 10.0 20.237 0
060419 24.437 10.0 20.237 0
060450 24.5 10.0 20.237 0
060520 24.5 10.0 20.237 0
060551 24.5 10.0 20.237 0
060621 24.5 10.0 20.237 0
060651 24.5 10.0 20.237 0
060721 24.437 10.0 20.237 0
060752 24.437 10.0 20.237 0
060823 24.437 10.0 20.237 0
060853 24.437 10.0 20.237 0
060924 24.437 10.0 20.237 0
060954 24.437 10.0 20.237 0
061024 24.437 10.0 20.237 0
061054 24.437 10.0 20.237 0
061124 24.437 10.0 20.237 0
061155 24.437 10.0 20.237 0
061225 24.437 10.0 20.237 0
061256 24.437 10.0 20.237 0
061326 24.437 10.0 20.237 0
061356 24.437 10.0 20.237 0
061427 24.437 10.0 20.237 0
061457 24.437 10.0 20.237 0
061527 24.437 10.0 20.237 0
061557 24.437 10.0 20.237 0
061628 24.437 10.0 20.237 0
061658 24.437 10.0 20.237 0
061728 24.437 10.0 20.237 0
061758 24.437 10.0 20.237 0
061829 24.437 10.0 20.237 0
061859 24.437 10.0 20.237 0
061929 24.437 10.0 20.237 0
062000 24.437 10.0 20.237 0
062030 24.437 10.0 20.237 0
062101 24.437 10.0 20.237 0
062131 24.437 10.0 20.237 0
062203 24.437 10.0 20.237 0
062234 24.437 10.0 20.237 0
062305 24.437 10.0 20.237 0
062335 24.437 10.0 20.237 0
062405 24.437 10.0 20.237 0
062435 24.5 10.0 20.237 0
062506 24.5 10.0 20.237 0
062536 24.5 10.0 20.237 0
062607 24.5 10.0 20.237 0
062637 24.5 10.0 20.237 0
062708 24.312 10.0 20.237 0
062739 24.312 10.0 20.237 0
062810 24.312 10.0 20.237 0
062840 24.312 10.0 20.237 0
062911 24.312 10.0 20.237 0
062942 24.437 10.0 20.237 0
063012 24.437 10.0 20.237 0
063042 24.437 10.0 20.237 0
063113 24.437 10.0 20.237 0
063143 24.437 10.0 20.237 0
063214 24.0 10.0 20.237 0
063244 24.0 10.0 20.237 0
063314 24.0 10.0 20.237 0
063344 24.0 10.0 20.237 0
063414 24.0 10.0 20.237 0
063444 24.187 10.0 20.237 0
063515 24.187 10.0 20.237 0
063546 24.187 10.0 20.237 0
063616 24.187 10.0 20.237 0
063647 24.187 10.0 20.237 0
063717 24.187 10.0 20.237 0
063748 24.187 10.0 20.237 0
063819 24.187 10.0 20.237 0
063849 24.187 10.0 20.237 0
063920 24.187 10.0 20.237 0
063951 24.312 10.0 20.237 0
064021 24.312 10.0 20.237 0
064052 24.312 10.0 20.237 0
064123 24.312 10.0 20.237 0
064153 24.312 10.0 20.237 0
064224 24.312 10.0 20.237 0
064254 24.312 10.0 20.237 0
064325 24.312 10.0 20.237 0
064355 24.312 10.0 20.237 0
064426 24.312 10.0 20.237 0
064456 24.312 10.0 20.237 0
064527 24.312 10.0 20.237 0
064558 24.312 10.0 20.237 0
064629 24.312 10.0 20.237 0
064659 24.312 10.0 20.237 0
064730 24.312 10.0 20.237 0
064800 24.312 10.0 20.237 0
064830 24.312 10.0 20.237 0
064900 24.312 10.0 20.237 0
064931 24.312 10.0 20.237 0
065001 24.312 10.0 20.237 0
065031 24.312 10.0 20.237 0
065102 24.312 10.0 20.237 0
065132 24.312 10.0 20.237 0
065203 24.312 10.0 20.237 0
065233 24.312 10.0 20.237 0
065303 24.312 10.0 20.237 0
065334 24.312 10.0 20.237 0
065404 24.312 10.0 20.237 0
065435 24.312 10.0 20.237 0
065505 24.25 10.0 20.237 0
065535 24.25 10.0 20.237 0
065606 24.25 10.0 20.237 0
065636 24.25 10.0 20.237 0
065709 24.25 10.0 20.237 0
065739 24.25 10.0 20.237 0
065809 24.25 10.0 20.237 0
065840 24.25 10.0 20.237 0
065910 24.25 10.0 20.237 0
065940 24.25 10.0 20.237 0
070010 24.25 10.0 20.237 0
070041 24.25 10.0 20.237 0
070111 24.25 10.0 20.237 0
070141 24.25 10.0 20.237 0
070211 24.062 10.0 20.237 0
070241 24.062 10.0 20.237 0
070312 24.062 10.0 20.237 0
070342 24.062 10.0 20.237 0
070413 24.062 10.0 20.237 0
070443 24.125 10.0 20.237 0
070514 24.125 10.0 20.237 0
070545 24.125 10.0 20.237 0
070615 24.125 10.0 20.237 0
070645 24.125 10.0 20.237 0
070715 24.125 10.0 20.237 0
070746 24.125 10.0 20.237 0
070816 24.125 10.0 20.237 0
070847 24.125 10.0 20.237 0
070917 24.125 10.0 20.237 0
070948 24.125 10.0 20.237 0
071018 24.125 10.0 20.237 0
071048 24.125 10.0 20.237 0
071118 24.125 10.0 20.237 0
071149 24.125 10.0 20.237 0
071220 24.187 10.0 20.237 0
071251 24.187 10.0 20.237 0
071321 24.187 10.0 20.237 0
071351 24.187 10.0 20.237 0
071421 24.187 10.0 20.237 0
071452 24.125 10.0 20.237 0
071522 24.125 10.0 20.237 0
071553 24.125 10.0 20.237 0
071623 24.125 10.0 20.237 0
071653 24.125 10.0 20.237 0
071724 24.125 10.0 20.237 0
071754 24.125 10.0 20.237 0
071824 24.125 10.0 20.237 0
071854 24.125 10.0 20.237 0
071925 24.125 10.0 20.237 0
071955 24.125 10.0 20.237 0
072025 24.125 10.0 20.237 0
072055 24.125 10.0 20.237 0
072125 24.125 10.0 20.237 0
072155 24.125 10.0 20.237 0
072226 24.125 10.0 20.237 0
072257 24.125 10.0 20.237 0
072327 24.125 10.0 20.237 0
072358 24.125 10.0 20.237 0
072429 24.125 10.0 20.237 0
072459 24.125 10.0 20.237 0
072530 24.125 10.0 20.237 0
072600 24.125 10.0 20.237 0
072631 24.125 10.0 20.237 0
072701 24.125 10.0 20.237 0
072732 24.187 10.0 20.237 0
072802 24.187 10.0 20.237 0
072832 24.187 10.0 20.237 0
072902 24.187 10.0 20.237 0
072933 24.187 10.0 20.237 0
073003 24.187 10.0 20.237 0
073034 24.187 10.0 20.237 0
073104 24.187 10.0 20.237 0
073134 24.187 10.0 20.237 0
073205 24.187 10.0 20.237 0
073235 24.125 10.0 20.237 0
073305 24.125 10.0 20.237 0
073335 24.125 10.0 20.237 0
073406 24.125 10.0 20.237 0
073436 24.125 10.0 20.237 0
073506 24.187 10.0 20.237 0
073536 24.187 10.0 20.237 0
073607 24.187 10.0 20.237 0
073638 24.187 10.0 20.237 0
073708 24.187 10.0 20.237 0
073739 24.187 10.0 20.237 0
073809 24.187 10.0 20.237 0
073839 24.187 10.0 20.237 0
073910 24.187 10.0 20.237 0
073940 24.187 10.0 20.237 0
074011 24.187 10.0 20.237 0
074041 24.187 10.0 20.237 0
074111 24.187 10.0 20.237 0
074141 24.187 10.0 20.237 0
074211 24.187 10.0 20.237 0
074242 24.187 10.0 20.237 0
074312 24.187 10.0 20.237 0
074342 24.187 10.0 20.237 0
074413 24.187 10.0 20.237 0
074443 24.187 10.0 20.237 0
074514 24.187 10.0 20.237 0
074544 24.187 10.0 20.237 0
074614 24.187 10.0 20.237 0
074644 24.187 10.0 20.237 0
074714 24.187 10.0 20.237 0
074745 24.187 10.0 20.237 0
074816 24.187 10.0 20.237 0
074846 24.187 10.0 20.237 0
074917 24.187 10.0 20.237 0
074949 24.25 10.0 20.237 0
075019 24.25 10.0 20.237 0
075049 24.25 10.0 20.237 0
075120 24.25 10.0 20.237 0
075151 24.25 10.0 20.237 0
075221 24.187 10.0 20.237 0
075251 24.187 10.0 20.237 0
075322 24.187 10.0 20.237 0
075352 24.187 10.0 20.237 0
075423 24.187 10.0 20.237 0
075453 24.187 10.0 20.237 0
075523 24.187 10.0 20.237 0
075553 24.187 10.0 20.237 0
075623 24.187 10.0 20.237 0
075654 24.187 10.0 20.237 0
075724 24.187 10.0 20.237 0
075755 24.187 10.0 20.237 0
075825 24.187 10.0 20.237 0
075855 24.187 10.0 20.237 0
075925 24.187 10.0 20.237 0
075956 24.187 10.0 20.237 0
080026 24.187 10.0 20.237 0
080057 24.187 10.0 20.237 0
080127 24.187 10.0 20.237 0
080158 24.187 10.0 20.237 0
080228 24.25 10.0 20.237 0
080259 24.25 10.0 20.237 0
080329 24.25 10.0 20.237 0
080400 24.25 10.0 20.237 0
080431 24.25 10.0 20.237 0
080501 24.25 10.0 20.237 0
080532 24.25 10.0 20.237 0
080603 24.25 10.0 20.237 0
080633 24.25 10.0 20.237 0
080704 24.25 10.0 20.237 0
080735 24.25 10.0 20.237 0
080805 24.25 10.0 20.237 0
080836 24.25 10.0 20.237 0
080906 24.25 10.0 20.237 0
080937 24.25 10.0 20.237 0
081007 24.25 10.0 20.237 0
081037 24.25 10.0 20.237 0
081108 24.25 10.0 20.237 0
081138 24.25 10.0 20.237 0
081209 24.25 10.0 20.237 0
081239 24.187 10.0 20.237 0
081309 24.187 10.0 20.237 0
081340 24.187 10.0 20.237 0
081411 24.187 10.0 20.237 0
081441 24.187 10.0 20.237 0
081512 24.187 10.0 20.237 0
081543 24.187 10.0 20.237 0
081613 24.187 10.0 20.237 0
081643 24.187 10.0 20.237 0
081714 24.187 10.0 20.237 0
081744 24.187 10.0 20.237 0
081814 24.187 10.0 20.237 0
081845 24.187 10.0 20.237 0
081915 24.187 10.0 20.237 0
081946 24.187 10.0 20.237 0
082016 24.25 10.0 20.237 0
082046 24.25 10.0 20.237 0
082116 24.25 10.0 20.237 0
082147 24.25 10.0 20.237 0
082217 24.25 10.0 20.237 0
082247 24.187 10.0 20.237 0
082317 24.187 10.0 20.237 0
082347 24.187 10.0 20.237 0
082418 24.187 10.0 20.237 0
082449 24.187 10.0 20.237 0
082519 24.187 10.0 20.237 0
082549 24.187 10.0 20.237 0
082620 24.187 10.0 20.237 0
082651 24.187 10.0 20.237 0
082723 24.187 10.0 20.237 0
082753 24.187 10.0 20.237 0
082823 24.187 10.0 20.237 0
082853 24.187 10.0 20.237 0
082924 24.187 10.0 20.237 0
082954 24.187 10.0 20.237 0
083025 24.187 10.0 20.237 0
083055 24.187 10.0 20.237 0
083125 24.187 10.0 20.237 0
083156 24.187 10.0 20.237 0
083226 24.187 10.0 20.237 0
083257 24.187 10.0 20.237 0
083328 24.187 10.0 20.237 0
083358 24.187 10.0 20.237 0
083429 24.187 10.0 20.237 0
083459 24.187 10.0 20.237 0
083530 24.187 10.0 20.237 0
083600 24.187 10.0 20.237 0
083631 24.187 10.0 20.237 0
083702 24.187 10.0 20.237 0
083732 24.187 10.0 20.237 0
083802 24.187 10.0 20.237 0
083833 24.187 10.0 20.237 0
083904 24.187 10.0 20.237 0
083934 24.187 10.0 20.237 0
084005 24.187 10.0 20.237 0
084035 24.187 10.0 20.237 0
084105 24.187 10.0 20.237 0
084136 24.187 10.0 20.237 0
084206 24.187 10.0 20.237 0
084237 24.187 10.0 20.237 0
084307 24.187 10.0 20.237 0
084337 24.187 10.0 20.237 0
084408 24.187 10.0 20.237 0
084438 24.187 10.0 20.237 0
084508 24.187 10.0 20.237 0
084538 24.187 10.0 20.237 0
084609 24.187 10.0 20.237 0
084639 24.187 10.0 20.237 0
084709 24.187 10.0 20.237 0
084739 24.187 10.0 20.237 0
084809 24.187 10.0 20.237 0
084840 24.187 10.0 20.237 0
084911 24.187 10.0 20.237 0
084941 24.187 10.0 20.237 0
085012 24.187 10.0 20.237 0
085043 24.187 10.0 20.237 0
085113 24.187 10.0 20.237 0
085144 24.187 10.0 20.237 0
085214 24.187 10.0 20.237 0
085245 24.187 10.0 20.237 0
085315 24.187 10.0 20.237 0
085346 24.187 10.0 20.237 0
085416 24.187 10.0 20.237 0
085447 24.187 10.0 20.237 0
085517 24.187 10.0 20.237 0
085547 24.187 10.0 20.237 0
085617 24.187 10.0 20.237 0
085647 24.187 10.0 20.237 0
085718 24.187 10.0 20.237 0
085748 24.187 10.0 20.237 0
085819 24.187 10.0 20.237 0
085850 24.187 10.0 20.237 0
085920 24.187 10.0 20.237 0
085950 24.187 10.0 20.237 0
090021 24.187 10.0 20.237 0
090051 24.187 10.0 20.237 0
090121 24.187 10.0 20.237 0
090151 24.187 10.0 20.237 0
090221 24.187 10.0 20.237 0
090252 24.187 10.0 20.237 0
090322 24.187 10.0 20.237 0
090353 24.187 10.0 20.237 0
090423 24.187 10.0 20.237 0
090454 24.187 10.0 20.237 0
090524 24.25 10.0 20.237 0
090554 24.25 10.0 20.237 0
090625 24.25 10.0 20.237 0
090656 24.25 10.0 20.237 0
090729 24.25 10.0 20.237 0
090759 24.25 10.0 20.237 0
090830 24.25 10.0 20.237 0
090900 24.25 10.0 20.237 0
090930 24.25 10.0 20.237 0
091000 24.187 10.0 20.237 0
091030 24.187 10.0 20.237 0
091101 24.187 10.0 20.237 0
091131 24.187 10.0 20.237 0
091201 24.187 10.0 20.237 0
091232 24.187 10.0 20.237 0
091302 24.187 10.0 20.237 0
091332 24.187 10.0 20.237 0
091402 24.187 10.0 20.237 0
091433 24.187 10.0 20.237 0
091503 24.187 10.0 20.237 0
091533 24.187 10.0 20.237 0
091604 24.187 10.0 20.237 0
091634 24.187 10.0 20.237 0
091705 24.187 10.0 20.237 0
091736 24.187 10.0 20.237 0
091806 24.187 10.0 20.237 0
091836 24.187 10.0 20.237 0
091906 24.187 10.0 20.237 0
091937 24.187 10.0 20.237 0
092007 24.187 10.0 20.237 0
092037 24.187 10.0 20.237 0
092108 24.187 10.0 20.237 0
092138 24.187 10.0 20.237 0
092209 24.187 10.0 20.237 0
092240 24.187 10.0 20.237 0
092311 24.187 10.0 20.237 0
092341 24.187 10.0 20.237 0
092411 24.187 10.0 20.237 0
092442 24.187 10.0 20.237 0
092512 24.187 10.0 20.237 0
092543 24.187 10.0 20.237 0
092613 24.187 10.0 20.237 0
092643 24.187 10.0 20.237 0
092713 24.187 10.0 20.237 0
092744 24.187 10.0 20.237 0
092814 24.187 10.0 20.237 0
092845 24.187 10.0 20.237 0
092915 24.187 10.0 20.237 0
092945 24.187 10.0 20.237 0
093016 24.187 10.0 20.237 0
093046 24.187 10.0 20.237 0
093117 24.187 10.0 20.237 0
093148 24.187 10.0 20.237 0
093219 24.187 10.0 20.237 0
093249 24.187 10.0 20.237 0
093320 24.187 10.0 20.237 0
093350 24.187 10.0 20.237 0
093421 24.187 10.0 20.237 0
093451 24.187 10.0 20.237 0
093522 24.187 10.0 20.237 0
093552 24.187 10.0 20.237 0
093623 24.187 10.0 20.237 0
093653 24.187 10.0 20.237 0
093724 24.187 10.0 20.237 0
093754 24.187 10.0 20.237 0
093824 24.187 10.0 20.237 0
093855 24.187 10.0 20.237 0
093925 24.187 10.0 20.237 0
093956 24.187 10.0 20.237 0
094026 24.187 10.0 20.237 0
094056 24.187 10.0 20.237 0
094127 24.187 10.0 20.237 0
094157 24.187 10.0 20.237 0
094228 24.187 10.0 20.237 0
094258 24.25 10.0 20.237 0
094329 24.25 10.0 20.237 0
094400 24.25 10.0 20.237 0
094430 24.25 10.0 20.237 0
094501 24.25 10.0 20.237 0
094531 24.25 10.0 20.237 0
094601 24.25 10.0 20.237 0
094631 24.25 10.0 20.237 0
094702 24.25 10.0 20.237 0
094732 24.25 10.0 20.237 0
094802 24.25 10.0 20.237 0
094832 24.25 10.0 20.237 0
094903 24.25 10.0 20.237 0
094933 24.25 10.0 20.237 0
095005 24.25 10.0 20.237 0
095036 24.25 10.0 20.237 0
095107 24.25 10.0 20.237 0
095138 24.25 10.0 20.237 0
095208 24.25 10.0 20.237 0
095239 24.312 10.0 20.237 0
095309 24.312 10.0 20.237 0
095339 24.312 10.0 20.237 0
095410 24.312 10.0 20.237 0
095440 24.312 10.0 20.237 0
095510 24.312 10.0 20.237 0
095541 24.312 10.0 20.237 0
095611 24.312 10.0 20.237 0
095642 24.312 10.0 20.237 0
095712 24.312 10.0 20.237 0
095742 24.375 10.0 20.237 0
095812 24.375 10.0 20.237 0
095842 24.375 10.0 20.237 0
095913 24.375 10.0 20.237 0
095943 24.375 10.0 20.237 0
100013 24.375 10.0 20.237 0
100044 24.375 10.0 20.237 0
100114 24.375 10.0 20.237 0
100144 24.375 10.0 20.237 0
100215 24.375 10.0 20.237 0
100245 24.375 10.0 20.237 0
100315 24.375 10.0 20.237 0
100346 24.375 10.0 20.237 0
100417 24.375 10.0 20.237 0
100447 24.375 10.0 20.237 0
100518 24.25 10.0 20.237 0
100548 24.25 10.0 20.237 0
100619 24.25 10.0 20.237 0
100649 24.25 10.0 20.237 0
100720 24.25 10.0 20.237 0
100750 24.312 10.0 20.237 0
100821 24.312 10.0 20.237 0
100852 24.312 10.0 20.237 0
100923 24.312 10.0 20.237 0
100953 24.312 10.0 20.237 0
101023 24.062 10.0 20.237 0
101054 24.062 10.0 20.237 0
101125 24.062 10.0 20.237 0
101155 24.062 10.0 20.237 0
101225 24.062 10.0 20.237 0
101256 24.062 10.0 20.237 0
101326 24.062 10.0 20.237 0
101357 24.062 10.0 20.237 0
101428 24.062 10.0 20.237 0
101459 24.062 10.0 20.237 0
101529 24.125 10.0 20.237 0
101600 24.125 10.0 20.237 0
101630 24.125 10.0 20.237 0
101701 24.125 10.0 20.237 0
101731 24.125 10.0 20.237 0
101802 24.187 10.0 20.237 0
101832 24.187 10.0 20.237 0
101902 24.187 10.0 20.237 0
101933 24.187 10.0 20.237 0
102003 24.187 10.0 20.237 0
102033 24.25 10.0 20.237 0
102103 24.25 10.0 20.237 0
102133 24.25 10.0 20.237 0
102204 24.25 10.0 20.237 0
102234 24.25 10.0 20.237 0
102305 24.187 10.0 20.237 0
102335 24.187 10.0 20.237 0
102406 24.187 10.0 20.237 0
102436 24.187 10.0 20.237 0
102506 24.187 10.0 20.237 0
102537 24.25 10.0 20.237 0
102607 24.25 10.0 20.237 0
102638 24.25 10.0 20.237 0
102709 24.25 10.0 20.237 0
102742 24.25 10.0 20.237 0
102812 24.25 10.0 20.237 0
102843 24.25 10.0 20.237 0
102913 24.25 10.0 20.237 0
102944 24.25 10.0 20.237 0
103014 24.25 10.0 20.237 0
103044 24.25 10.0 20.237 0
103115 24.25 10.0 20.237 0
103145 24.25 10.0 20.237 0
103215 24.25 10.0 20.237 0
103246 24.25 10.0 20.237 0
103316 24.25 10.0 20.237 0
103347 24.25 10.0 20.237 0
103417 24.25 10.0 20.237 0
103447 24.25 10.0 20.237 0
103517 24.312 10.0 20.237 0
103547 24.312 10.0 20.237 0
103618 24.312 10.0 20.237 0
103648 24.312 10.0 20.237 0
103718 24.312 10.0 20.237 0
103748 24.312 10.0 20.237 0
103819 24.312 10.0 20.237 0
103849 24.312 10.0 20.237 0
103919 24.312 10.0 20.237 0
103950 24.312 10.0 20.237 0
104020 24.312 10.0 20.237 0
104050 24.312 10.0 20.237 0
104120 24.312 10.0 20.237 0
104151 24.312 10.0 20.237 0
104221 24.312 10.0 20.237 0
104251 24.0 10.0 20.237 0
104321 24.0 10.0 20.237 0
104352 24.0 10.0 20.237 0
104422 24.0 10.0 20.237 0
104453 24.0 10.0 20.237 0
104523 23.75 10.0 20.237 0
104554 23.75 10.0 20.237 0
104624 23.75 10.0 20.237 0
104654 23.75 10.0 20.237 0
104724 23.75 10.0 20.237 0
104754 23.875 10.0 20.237 0
104824 23.875 10.0 20.237 0
104855 23.875 10.0 20.237 0
104925 23.875 10.0 20.237 0
104955 23.875 10.0 20.237 0
105026 24.0 10.0 20.237 0
105056 24.0 10.0 20.237 0
105127 24.0 10.0 20.237 0
105157 24.0 10.0 20.237 0
105228 24.0 10.0 20.237 0
105258 24.062 10.0 20.237 0
105328 24.062 10.0 20.237 0
105358 24.062 10.0 20.237 0
105428 24.062 10.0 20.237 0
105459 24.062 10.0 20.237 0
105530 24.125 10.0 20.237 0
105600 24.125 10.0 20.237 0
105630 24.125 10.0 20.237 0
105700 24.125 10.0 20.237 0
105730 24.125 10.0 20.237 0
105801 24.125 10.0 20.237 0
105831 24.125 10.0 20.237 0
105902 24.125 10.0 20.237 0
105933 24.125 10.0 20.237 0
110004 24.125 10.0 20.237 0
110034 24.187 10.0 20.237 0
110104 24.187 10.0 20.237 0
110134 24.187 10.0 20.237 0
110204 24.187 10.0 20.237 0
110235 24.187 10.0 20.237 0
110305 24.125 10.0 20.237 0
110335 24.125 10.0 20.237 0
110405 24.125 10.0 20.237 0
110436 24.125 10.0 20.237 0
110507 24.125 10.0 20.237 0
110537 24.187 10.0 20.237 0
110608 24.187 10.0 20.237 0
110638 24.187 10.0 20.237 0
110709 24.187 10.0 20.237 0
110739 24.187 10.0 20.237 0
110810 24.187 10.0 20.237 0
110840 24.187 10.0 20.237 0
110910 24.187 10.0 20.237 0
110940 24.187 10.0 20.237 0
111011 24.187 10.0 20.237 0
111041 24.187 10.0 20.237 0
111111 24.187 10.0 20.237 0
111141 24.187 10.0 20.237 0
111212 24.187 10.0 20.237 0
111242 24.187 10.0 20.237 0
111312 24.25 10.0 20.237 0
111343 24.25 10.0 20.237 0
111413 24.25 10.0 20.237 0
111443 24.25 10.0 20.237 0
111513 24.25 10.0 20.237 0
111543 24.312 10.0 20.237 0
111614 24.312 10.0 20.237 0
111644 24.312 10.0 20.237 0
111714 24.312 10.0 20.237 0
111745 24.312 10.0 20.237 0
111815 24.312 10.0 20.237 0
111845 24.312 10.0 20.237 0
111916 24.312 10.0 20.237 0
111946 24.312 10.0 20.237 0
112016 24.312 10.0 20.237 0
112046 24.375 10.0 20.237 0
112117 24.375 10.0 20.237 0
112147 24.375 10.0 20.237 0
112217 24.375 10.0 20.237 0
112250 24.375 10.0 20.237 0
112320 24.375 10.0 20.237 0
112350 24.375 10.0 20.237 0
112421 24.375 10.0 20.237 0
112451 24.375 10.0 20.237 0
112521 24.437 10.0 20.237 0
112552 24.437 10.0 20.237 0
112622 24.437 10.0 20.237 0
112653 24.437 10.0 20.237 0
112723 24.437 10.0 20.237 0
112754 24.437 10.0 20.237 0
112825 24.437 10.0 20.237 0
112855 24.437 10.0 20.237 0
112925 24.437 10.0 20.237 0
112955 24.437 10.0 20.237 0
113026 24.5 10.0 20.237 0
113056 24.5 10.0 20.237 0
113127 24.5 10.0 20.237 0
113157 24.5 10.0 20.237 0
113227 24.5 10.0 20.237 0
113258 24.437 10.0 20.237 0
113328 24.437 10.0 20.237 0
113358 24.437 10.0 20.237 0
113428 24.437 10.0 20.237 0
113458 24.437 10.0 20.237 0
113528 24.25 10.0 20.237 0
113558 24.25 10.0 20.237 0
113629 24.25 10.0 20.237 0
113659 24.25 10.0 20.237 0
113730 24.25 10.0 20.237 0
113800 24.312 10.0 20.237 0
113831 24.312 10.0 20.237 0
113901 24.312 10.0 20.237 0
113932 24.312 10.0 20.237 0
114002 24.312 10.0 20.237 0
114032 24.375 10.0 20.237 0
114102 24.375 10.0 20.237 0
114132 24.375 10.0 20.237 0
114203 24.375 10.0 20.237 0
114233 24.375 10.0 20.237 0
114304 24.375 10.0 20.237 0
114335 24.375 10.0 20.237 0
114405 24.375 10.0 20.237 0
114436 24.375 10.0 20.237 0
114506 24.375 10.0 20.237 0
114537 24.437 10.0 20.237 0
114607 24.437 10.0 20.237 0
114637 24.437 10.0 20.237 0
114708 24.437 10.0 20.237 0
114738 24.437 10.0 20.237 0
114808 24.437 10.0 20.237 0
114839 24.437 10.0 20.237 0
114910 24.437 10.0 20.237 0
114940 24.437 10.0 20.237 0
115010 24.437 10.0 20.237 0
115041 24.437 10.0 20.237 0
115111 24.437 10.0 20.237 0
115141 24.437 10.0 20.237 0
115212 24.437 10.0 20.237 0
115242 24.437 10.0 20.237 0
115313 24.437 10.0 20.237 0
115343 24.437 10.0 20.237 0
115414 24.437 10.0 20.237 0
115444 24.437 10.0 20.237 0
115515 24.437 10.0 20.237 0
115545 24.375 10.0 20.237 0
115615 24.375 10.0 20.237 0
115645 24.375 10.0 20.237 0
115716 24.375 10.0 20.237 0
115746 24.375 10.0 20.237 0
115816 24.312 10.0 20.237 0
115846 24.312 10.0 20.237 0
115917 24.312 10.0 20.237 0
115947 24.312 10.0 20.237 0
120017 24.312 10.0 20.237 0
120048 24.25 10.0 20.237 0
120119 24.25 10.0 20.237 0
120149 24.25 10.0 20.237 0
120219 24.25 10.0 20.237 0
120250 24.25 10.0 20.237 0
120320 24.312 10.0 20.237 0
120350 24.312 10.0 20.237 0
120421 24.312 10.0 20.237 0
120452 24.312 10.0 20.237 0
120522 24.312 10.0 20.237 0
120552 24.375 10.0 20.237 0
120622 24.375 10.0 20.237 0
120653 24.375 10.0 20.237 0
120723 24.375 10.0 20.237 0
120753 24.375 10.0 20.237 0
120824 24.437 10.0 20.237 0
120854 24.437 10.0 20.237 0
120924 24.437 10.0 20.237 0
120955 24.437 10.0 20.237 0
121027 24.375 10.0 20.237 0
121058 24.375 10.0 20.237 0
121128 24.375 10.0 20.237 0
121159 24.375 10.0 20.237 0
121229 24.375 10.0 20.237 0
121259 24.5 10.0 20.237 0
121330 24.5 10.0 20.237 0
121401 24.5 10.0 20.237 0
121431 24.5 10.0 20.237 0
121502 24.5 10.0 20.237 0
121533 24.5 10.0 20.237 0
121603 24.5 10.0 20.237 0
121634 24.5 10.0 20.237 0
121704 24.5 10.0 20.237 0
121735 24.5 10.0 20.237 0
121805 24.5 10.0 20.237 0
121835 24.5 10.0 20.237 0
121906 24.5 10.0 20.237 0
121937 24.5 10.0 20.237 0
122008 24.5 10.0 20.237 0
122038 24.562 10.0 20.237 0
122109 24.562 10.0 20.237 0
122139 24.562 10.0 20.237 0
122209 24.562 10.0 20.237 0
122240 24.562 10.0 20.237 0
122311 24.5 10.0 20.237 0
122341 24.5 10.0 20.237 0
122411 24.5 10.0 20.237 0
122441 24.5 10.0 20.237 0
122512 24.5 10.0 20.237 0
122542 24.562 10.0 20.237 0
122612 24.562 10.0 20.237 0
122643 24.562 10.0 20.237 0
122713 24.562 10.0 20.237 0
122743 24.562 10.0 20.237 0
122814 24.5 10.0 20.237 0
122844 24.5 10.0 20.237 0
122914 24.5 10.0 20.237 0
122944 24.5 10.0 20.237 0
123015 24.5 10.0 20.237 0
123046 24.562 10.0 20.237 0
123116 24.562 10.0 20.237 0
123146 24.562 10.0 20.237 0
123216 24.562 10.0 20.237 0
123247 24.562 10.0 20.237 0
123317 24.625 10.0 20.237 0
123347 24.625 10.0 20.237 0
123417 24.625 10.0 20.237 0
123448 24.625 10.0 20.237 0
123518 24.625 10.0 20.237 0
123548 24.625 10.0 20.237 0
123618 24.625 10.0 20.237 0
123649 24.625 10.0 20.237 0
123719 24.625 10.0 20.237 0
123750 24.625 10.0 20.237 0
123821 24.625 10.0 20.237 0
123851 24.625 10.0 20.237 0
123922 24.625 10.0 20.237 0
123952 24.625 10.0 20.237 0
124023 24.625 10.0 20.237 0
124054 24.625 10.0 20.237 0
124124 24.625 10.0 20.237 0
124155 24.625 10.0 20.237 0
124226 24.625 10.0 20.237 0
124256 24.625 10.0 20.237 0
124327 24.687 10.0 20.237 0
124357 24.687 10.0 20.237 0
124427 24.687 10.0 20.237 0
124458 24.687 10.0 20.237 0
124528 24.687 10.0 20.237 0
124558 24.562 10.0 20.237 0
124628 24.562 10.0 20.237 0
124658 24.562 10.0 20.237 0
124728 24.562 10.0 20.237 0
124759 24.562 10.0 20.237 0
124830 24.562 10.0 20.237 0
124900 24.562 10.0 20.237 0
124930 24.562 10.0 20.237 0
125000 24.562 10.0 20.237 0
125033 24.5 10.0 20.237 0
125104 24.5 10.0 20.237 0
125134 24.5 10.0 20.237 0
125204 24.5 10.0 20.237 0
125235 24.5 10.0 20.237 0
125305 24.562 10.0 20.237 0
125335 24.562 10.0 20.237 0
125406 24.562 10.0 20.237 0
125436 24.562 10.0 20.237 0
125506 24.562 10.0 20.237 0
125537 24.562 10.0 20.237 0
125607 24.562 10.0 20.237 0
125638 24.562 10.0 20.237 0
125708 24.562 10.0 20.237 0
125739 24.562 10.0 20.237 0
125809 24.625 10.0 20.237 0
125839 24.625 10.0 20.237 0
125909 24.625 10.0 20.237 0
125939 24.625 10.0 20.237 0
130010 24.625 10.0 20.237 0
130040 24.625 10.0 20.237 0
130111 24.625 10.0 20.237 0
130141 24.625 10.0 20.237 0
130211 24.625 10.0 20.237 0
130242 24.625 10.0 20.237 0
130312 24.687 10.0 20.237 0
130342 24.687 10.0 20.237 0
130413 24.687 10.0 20.237 0
130444 24.687 10.0 20.237 0
130514 24.687 10.0 20.237 0
130545 24.687 10.0 20.237 0
130615 24.687 10.0 20.237 0
130646 24.687 10.0 20.237 0
130717 24.687 10.0 20.237 0
130747 24.687 10.0 20.237 0
130818 24.75 10.0 20.237 0
130848 24.75 10.0 20.237 0
130918 24.75 10.0 20.237 0
130949 24.75 10.0 20.237 0
131020 24.75 10.0 20.237 0
131050 24.687 10.0 20.237 0
131121 24.687 10.0 20.237 0
131152 24.687 10.0 20.237 0
131222 24.687 10.0 20.237 0
131253 24.687 10.0 20.237 0
131323 24.625 10.0 20.237 0
131354 24.625 10.0 20.237 0
131425 24.625 10.0 20.237 0
131455 24.625 10.0 20.237 0
131526 24.625 10.0 20.237 0
131557 24.625 10.0 20.237 0
131627 24.625 10.0 20.237 0
131657 24.625 10.0 20.237 0
131728 24.625 10.0 20.237 0
131759 24.625 10.0 20.237 0
131829 24.687 10.0 20.237 0
131900 24.687 10.0 20.237 0
131931 24.687 10.0 20.237 0
132001 24.687 10.0 20.237 0
132032 24.687 10.0 20.237 0
132102 24.75 10.0 20.237 0
132133 24.75 10.0 20.237 0
132203 24.75 10.0 20.237 0
132233 24.75 10.0 20.237 0
132303 24.75 10.0 20.237 0
132334 24.75 10.0 20.237 0
132404 24.75 10.0 20.237 0
132434 24.75 10.0 20.237 0
132504 24.75 10.0 20.237 0
132534 24.75 10.0 20.237 0
132604 24.75 10.0 20.237 0
132635 24.75 10.0 20.237 0
132705 24.75 10.0 20.237 0
132736 24.75 10.0 20.237 0
132808 24.75 10.0 20.237 0
132838 24.75 10.0 20.237 0
132908 24.75 10.0 20.237 0
132939 24.75 10.0 20.237 0
133010 24.75 10.0 20.237 0
133040 24.75 10.0 20.237 0
133110 24.75 10.0 20.237 0
133141 24.75 10.0 20.237 0
133211 24.75 10.0 20.237 0
133242 24.75 10.0 20.237 0
133312 24.687 10.0 20.237 0
133343 24.687 10.0 20.237 0
133413 24.687 10.0 20.237 0
133443 24.687 10.0 20.237 0
133514 24.687 10.0 20.237 0
133544 24.687 10.0 20.237 0
133614 24.687 10.0 20.3 0
133645 24.687 10.0 20.3 0
133715 24.687 10.0 20.237 0
133746 24.687 10.0 20.237 0
133816 24.75 10.0 20.237 0
133846 24.75 10.0 20.237 0
133916 24.75 10.0 20.237 0
133947 24.75 10.0 20.237 0
134017 24.75 10.0 20.3 0
134048 24.812 10.0 20.237 0
134118 24.812 10.0 20.237 0
134149 24.812 10.0 20.237 0
134220 24.812 10.0 20.237 0
134250 24.812 10.0 20.237 0
134321 24.812 10.0 20.237 0
134351 24.812 10.0 20.237 0
134421 24.812 10.0 20.237 0
134451 24.812 10.0 20.237 0
134521 24.812 10.0 20.237 0
134552 24.875 10.0 20.237 0
134622 24.875 10.0 20.237 0
134653 24.875 10.0 20.237 0
134723 24.875 10.0 20.237 0
134753 24.875 10.0 20.237 0
134824 24.937 10.0 20.237 0
134854 24.937 10.0 20.237 0
134924 24.937 10.0 20.3 0
134955 24.937 10.0 20.237 0
135025 24.937 10.0 20.237 0
135055 25.0 10.0 20.3 0
135126 25.0 10.0 20.237 0
135156 25.0 10.0 20.237 0
135227 25.0 10.0 20.237 0
135257 25.0 10.0 20.237 0
135327 25.0 10.0 20.237 0
135357 25.0 10.0 20.237 0
135428 25.0 10.0 20.237 0
135459 25.0 10.0 20.3 0
135529 25.0 10.0 20.237 0
135600 25.0 10.0 20.3 0
135630 25.0 10.0 20.237 0
135700 25.0 10.0 20.3 0
135730 25.0 10.0 20.237 0
135801 25.0 10.0 20.237 0
135831 25.125 10.0 20.237 0
135901 25.125 10.0 20.237 0
135931 25.125 10.0 20.237 0
140002 25.125 10.0 20.237 0
140032 25.125 10.0 20.237 0
140102 25.125 10.0 20.237 0
140133 25.125 10.0 20.237 0
140203 25.125 10.0 20.237 0
140234 25.125 10.0 20.237 0
140305 25.125 10.0 20.237 0
140335 25.125 10.0 20.237 0
140406 25.125 10.0 20.237 0
140436 25.125 10.0 20.237 0
140506 25.125 10.0 20.3 0
140536 25.125 10.0 20.237 0
140607 25.125 10.0 20.237 0
140637 25.125 10.0 20.3 0
140708 25.125 10.0 20.237 0
140738 25.125 10.0 20.237 0
140809 25.125 10.0 20.3 0
140839 25.125 10.0 20.237 0
140910 25.125 10.0 20.237 0
140940 25.125 10.0 20.237 0
141011 25.125 10.0 20.237 0
141041 25.125 10.0 20.237 0
141112 25.062 10.0 20.237 0
141143 25.062 10.0 20.237 0
141213 25.062 10.0 20.237 0
141244 25.062 10.0 20.3 0
141315 25.125 10.0 20.237 0
141345 25.125 10.0 20.237 0
141415 25.125 10.0 20.237 0
141446 25.125 10.0 20.237 0
141516 25.125 10.0 20.237 0
141547 25.0 10.0 20.237 0
141618 25.0 10.0 20.237 0
141648 25.0 10.0 20.237 0
141719 25.0 10.0 20.237 0
141749 25.0 10.0 20.237 0
141819 24.937 10.0 20.237 0
141849 24.937 10.0 20.237 0
141920 24.937 10.0 20.237 0
141950 24.937 10.0 20.237 0
142020 24.937 10.0 20.237 0
142050 24.937 10.0 20.237 0
142120 24.937 10.0 20.237 0
142151 24.937 10.0 20.237 0
142221 24.937 10.0 20.237 0
142251 24.937 10.0 20.237 0
142321 24.937 10.0 20.237 0
142352 24.937 10.0 20.237 0
142422 24.937 10.0 20.237 0
142452 24.937 10.0 20.237 0
142523 24.937 10.0 20.237 0
142553 24.875 10.0 20.237 0
142623 24.875 10.0 20.237 0
142654 24.875 10.0 20.237 0
142725 24.875 10.0 20.237 0
142756 24.875 10.0 20.237 0
142826 24.937 10.0 20.237 0
142856 24.937 10.0 20.237 0
142927 24.937 10.0 20.237 0
142957 24.937 10.0 20.237 0
143028 24.937 10.0 20.3 0
143059 24.937 10.0 20.237 0
143129 24.937 10.0 20.237 0
143200 24.937 10.0 20.237 0
143231 24.937 10.0 20.237 0
143301 24.937 10.0 20.237 0
143331 25.062 10.0 20.237 0
143401 25.062 10.0 20.237 0
143432 25.062 10.0 20.237 0
143502 25.062 10.0 20.237 0
143533 25.062 10.0 20.237 0
143604 25.125 10.0 20.237 0
143634 25.125 10.0 20.3 0
143705 25.125 10.0 20.237 0
143735 25.125 10.0 20.237 0
143806 25.125 10.0 20.237 0
143836 25.187 10.0 20.3 0
143906 25.187 10.0 20.237 0
143937 25.187 10.0 20.237 0
144007 25.187 10.0 20.237 0
144037 25.187 10.0 20.237 0
144107 25.187 10.0 20.3 0
144137 25.187 10.0 20.237 0
144208 25.187 10.0 20.237 0
144238 25.187 10.0 20.237 0
144309 25.187 10.0 20.237 0
144340 25.187 10.0 20.237 0
144410 25.187 10.0 20.237 0
144441 25.187 10.0 20.237 0
144511 25.187 10.0 20.3 0
144542 25.187 10.0 20.237 0
144612 25.187 10.0 20.237 0
144642 25.187 10.0 20.237 0
144713 25.187 10.0 20.237 0
144743 25.187 10.0 20.237 0
144813 25.187 10.0 20.237 0
144844 25.187 10.0 20.237 0
144914 25.187 10.0 20.237 0
144944 25.187 10.0 20.3 0
145015 25.187 10.0 20.237 0
145045 25.187 10.0 20.3 0
145116 25.25 10.0 20.237 0
145146 25.25 10.0 20.237 0
145216 25.25 10.0 20.3 0
145246 25.25 10.0 20.237 0
145319 25.187 10.0 20.237 0
145350 25.187 10.0 20.237 0
145420 25.187 10.0 20.237 0
145451 25.187 10.0 20.237 0
145522 25.187 10.0 20.237 0
145552 25.312 10.0 20.237 0
145622 25.312 10.0 20.237 0
145653 25.312 10.0 20.237 0
145723 25.312 10.0 20.3 0
145753 25.312 10.0 20.237 0
145824 25.312 10.0 20.3 0
145855 25.312 10.0 20.237 0
145925 25.312 10.0 20.237 0
145955 25.312 10.0 20.237 0
150026 25.312 10.0 20.237 0
150057 25.312 10.0 20.3 0
150127 25.312 10.0 20.237 0
150157 25.312 10.0 20.3 0
150228 25.312 10.0 20.237 0
150258 25.312 10.0 20.237 0
150328 25.437 10.0 20.3 0
150358 25.437 10.0 20.237 0
150429 25.437 10.0 20.3 0
150459 25.437 10.0 20.237 0
150530 25.437 10.0 20.3 0
150601 25.5 10.0 20.237 0
150631 25.5 10.0 20.237 0
150702 25.5 10.0 20.237 0
150732 25.5 10.0 20.237 0
150803 25.5 10.0 20.237 0
150833 25.437 10.0 20.237 0
150903 25.437 10.0 20.237 0
150934 25.437 10.0 20.3 0
151004 25.437 10.0 20.3 0
151034 25.437 10.0 20.237 0
151105 25.5 10.0 20.237 0
151135 25.5 10.0 20.3 0
151205 25.5 10.0 20.3 0
151235 25.5 10.0 20.3 0
151306 25.5 10.0 20.237 0
151336 25.562 10.0 20.237 0
151407 25.562 10.0 20.3 0
151437 25.562 10.0 20.3 0
151507 25.562 10.0 20.3 0
151537 25.562 10.0 20.237 0
151608 25.562 10.0 20.237 0
151638 25.562 10.0 20.3 0
151709 25.562 10.0 20.237 0
151739 25.562 10.0 20.3 0
151809 25.562 10.0 20.237 0
151839 25.625 10.0 20.237 0
151910 25.625 10.0 20.3 0
151940 25.625 10.0 20.3 0
152010 25.625 10.0 20.3 0
152040 25.625 10.0 20.237 0
152110 25.562 10.0 20.3 0
152140 25.562 10.0 20.3 0
152211 25.562 10.0 20.237 0
152241 25.562 10.0 20.237 0
152312 25.562 10.0 20.3 0
152342 25.625 10.0 20.237 0
152412 25.625 10.0 20.237 0
152443 25.625 10.0 20.3 0
152513 25.625 10.0 20.3 0
152543 25.625 10.0 20.237 0
152614 25.687 10.0 20.237 0
152644 25.687 10.0 20.237 0
152714 25.687 10.0 20.237 0
152745 25.687 10.0 20.237 0
152816 25.687 10.0 20.237 0
152846 25.687 10.0 20.237 0
152916 25.687 10.0 20.3 0
152946 25.687 10.0 20.237 0
153017 25.687 10.0 20.3 0
153047 25.687 10.0 20.3 0
153117 25.625 10.0 20.3 0
153147 25.625 10.0 20.237 0
153218 25.625 10.0 20.237 0
153248 25.625 10.0 20.237 0
153319 25.625 10.0 20.3 0
153349 25.625 10.0 20.3 0
153419 25.625 10.0 20.3 0
153450 25.625 10.0 20.3 0
153520 25.625 10.0 20.237 0
153550 25.625 10.0 20.237 0
153621 25.562 10.0 20.3 0
153651 25.562 10.0 20.3 0
153721 25.562 10.0 20.237 0
153752 25.562 10.0 20.237 0
153824 25.687 10.0 20.3 0
153855 25.687 10.0 20.3 0
153925 25.687 10.0 20.237 0
153956 25.687 10.0 20.237 0
154026 25.687 10.0 20.237 0
154057 25.625 10.0 20.3 0
154127 25.625 10.0 20.237 0
154157 25.625 10.0 20.3 0
154228 25.625 10.0 20.3 0
154258 25.625 10.0 20.3 0
154329 25.687 10.0 20.237 0
154400 25.687 10.0 20.3 0
154430 25.687 10.0 20.3 0
154500 25.687 10.0 20.237 0
154531 25.687 10.0 20.3 0
154601 25.812 10.0 20.3 0
154632 25.812 10.0 20.237 0
154703 25.812 10.0 20.3 0
154733 25.812 10.0 20.237 0
154803 25.812 10.0 20.237 0
154834 25.812 10.0 20.237 0
154904 25.812 10.0 20.3 0
154935 25.812 10.0 20.237 0
155005 25.812 10.0 20.3 0
155035 25.812 10.0 20.3 0
155105 25.812 10.0 20.237 0
155136 25.812 10.0 20.3 0
155206 25.812 10.0 20.3 0
155237 25.812 10.0 20.3 0
155307 25.812 10.0 20.3 0
155338 25.812 10.0 20.237 0
155408 25.812 10.0 20.237 0
155439 25.812 10.0 20.237 0
155509 25.812 10.0 20.3 0
155539 25.812 10.0 20.3 0
155610 25.812 10.0 20.3 0
155640 25.812 10.0 20.3 0
155710 25.812 10.0 20.237 0
155740 25.812 10.0 20.3 0
155810 25.812 10.0 20.3 0
155841 25.812 10.0 20.3 0
155911 25.812 10.0 20.3 0
155941 25.812 10.0 20.237 0
160012 25.812 10.0 20.3 0
160042 25.812 10.0 20.237 0
160112 25.75 10.0 20.3 0
160143 25.75 10.0 20.3 0
160213 25.75 10.0 20.237 0
160244 25.75 10.0 20.3 0
160314 25.75 10.0 20.237 0
160345 25.812 10.0 20.237 0
160415 25.812 10.0 20.3 0
160445 25.812 10.0 20.3 0
160515 25.812 10.0 20.237 0
160545 25.812 10.0 20.3 0
160616 25.75 10.0 20.3 0
160646 25.75 10.0 20.237 0
160716 25.75 10.0 20.3 0
160747 25.75 10.0 20.3 0
160817 25.75 10.0 20.237 0
160848 25.75 10.0 20.237 0
160918 25.75 10.0 20.3 0
160949 25.75 10.0 20.3 0
161019 25.75 10.0 20.237 0
161049 25.75 10.0 20.237 0
161119 25.75 10.0 20.237 0
161150 25.75 10.0 20.3 0
161221 25.75 10.0 20.3 0
161251 25.75 10.0 20.237 0
161321 25.75 10.0 20.3 0
161351 25.75 10.0 20.3 0
161422 25.75 10.0 20.3 0
161452 25.75 10.0 20.3 0
161522 25.75 10.0 20.237 0
161552 25.75 10.0 20.237 0
161623 25.812 10.0 20.3 0
161653 25.812 10.0 20.3 0
161724 25.812 10.0 20.3 0
161754 25.812 10.0 20.3 0
161825 25.812 10.0 20.237 0
161855 25.875 10.0 20.3 0
161926 25.875 10.0 20.3 0
161956 25.875 10.0 20.3 0
162026 25.875 10.0 20.3 0
162057 25.875 10.0 20.3 0
162127 25.937 10.0 20.237 0
162158 25.937 10.0 20.3 0
162228 25.937 10.0 20.3 0
162259 25.937 10.0 20.237 0
162331 26.0 10.0 20.3 0
162402 26.0 10.0 20.3 0
162432 26.0 10.0 20.237 0
162503 26.0 10.0 20.3 0
162533 26.0 10.0 20.3 0
162604 26.0 10.0 20.3 0
162635 26.0 10.0 20.3 0
162705 26.0 10.0 20.3 0
162735 26.0 10.0 20.3 0
162806 26.0 10.0 20.3 0
162836 26.0 10.0 20.237 0
162907 26.0 10.0 20.3 0
162937 26.0 10.0 20.237 0
163008 26.0 10.0 20.3 0
163038 26.0 10.0 20.3 0
163108 26.187 10.0 20.3 0
163139 26.187 10.0 20.3 0
163210 26.187 10.0 20.3 0
163240 26.187 10.0 20.3 0
163311 26.187 10.0 20.3 0
163341 26.187 10.0 20.3 0
163412 26.187 10.0 20.237 0
163442 26.187 10.0 20.3 0
163512 26.187 10.0 20.3 0
163543 26.187 10.0 20.3 0
163613 26.125 10.0 20.3 0
163643 26.125 10.0 20.3 0
163714 26.125 10.0 20.3 0
163745 26.125 10.0 20.3 0
163815 26.125 10.0 20.237 0
163846 26.062 10.0 20.3 0
163916 26.062 10.0 20.3 0
163946 26.062 10.0 20.3 0
164017 26.062 10.0 20.3 0
164047 26.062 10.0 20.3 0
164117 26.062 10.0 20.3 0
164147 26.062 10.0 20.3 0
164218 26.062 10.0 20.3 0
164248 26.062 10.0 20.237 0
164318 26.062 10.0 20.3 0
164348 26.0 10.0 20.3 0
164418 26.0 10.0 20.3 0
164449 26.0 10.0 20.3 0
164519 26.0 10.0 20.3 0
164549 26.0 10.0 20.3 0
164620 26.062 10.0 20.3 0
164650 26.062 10.0 20.3 0
164720 26.062 10.0 20.3 0
164751 26.062 10.0 20.3 0
164821 26.062 10.0 20.3 0
164852 26.062 10.0 20.3 0
164922 26.062 10.0 20.3 0
164953 26.062 10.0 20.3 0
165024 26.062 10.0 20.237 0
165054 26.062 10.0 20.237 0
165124 26.062 10.0 20.3 0
165155 26.062 10.0 20.237 0
165226 26.062 10.0 20.3 0
165256 26.062 10.0 20.3 0
165326 26.062 10.0 20.3 0
165357 26.062 10.0 20.3 0
165427 26.062 10.0 20.3 0
165457 26.062 10.0 20.3 0
165528 26.062 10.0 20.3 0
165558 26.062 10.0 20.3 0
165628 26.125 10.0 20.3 0
165659 26.125 10.0 20.3 0
165730 26.125 10.0 20.3 0
165800 26.125 10.0 20.3 0
165831 26.125 10.0 20.3 0
165901 26.125 10.0 20.3 0
165931 26.125 10.0 20.3 0
170002 26.125 10.0 20.3 0
170032 26.125 10.0 20.237 0
170102 26.125 10.0 20.3 0
170133 26.062 10.0 20.3 0
170203 26.062 10.0 20.3 0
170233 26.062 10.0 20.3 0
170303 26.062 10.0 20.3 0
170333 26.062 10.0 20.237 0
170403 26.125 10.0 20.3 0
170434 26.125 10.0 20.3 0
170504 26.125 10.0 20.3 0
170534 26.125 10.0 20.3 0
170604 26.125 10.0 20.3 0
170635 26.125 10.0 20.3 0
170705 26.125 10.0 20.3 0
170735 26.125 10.0 20.237 0
170806 26.125 10.0 20.3 0
170839 26.125 10.0 20.237 0
170909 26.125 10.0 20.3 0
170939 26.125 10.0 20.3 0
171010 26.125 10.0 20.3 0
171040 26.125 10.0 20.3 0
171110 26.062 10.0 20.237 0
171140 26.062 10.0 20.3 0
171210 26.062 10.0 20.3 0
171241 26.062 10.0 20.3 0
171311 26.062 10.0 20.237 0
171342 26.125 10.0 20.3 0
171412 26.125 10.0 20.3 0
171442 26.125 10.0 20.3 0
171512 26.125 10.0 20.3 0
171543 26.125 10.0 20.3 0
171613 26.125 10.0 20.3 0
171643 26.125 10.0 20.3 0
171714 26.125 10.0 20.3 0
171744 26.125 10.0 20.3 0
171815 26.125 10.0 20.3 0
171845 26.125 10.0 20.3 0
171915 26.125 10.0 20.3 0
171945 26.125 10.0 20.3 0
172016 26.125 10.0 20.3 0
172046 26.125 10.0 20.3 0
172116 26.125 10.0 20.3 0
172146 26.125 10.0 20.3 0
172217 26.125 10.0 20.3 0
172247 26.125 10.0 20.3 0
172317 26.125 10.0 20.3 0
172347 26.125 10.0 20.3 0
172417 26.125 10.0 20.3 0
172448 26.125 10.0 20.3 0
172518 26.125 10.0 20.3 0
172549 26.125 10.0 20.3 0
172619 26.125 10.0 20.3 0
172650 26.125 10.0 20.237 0
172720 26.125 10.0 20.3 0
172750 26.125 10.0 20.237 0
172820 26.125 10.0 20.3 0
172850 26.062 10.0 20.3 0
172921 26.062 10.0 20.3 0
172951 26.062 10.0 20.3 0
173021 26.062 10.0 20.3 0
173051 26.062 10.0 20.3 0
173121 26.062 10.0 20.3 0
173152 26.062 10.0 20.3 0
173223 26.062 10.0 20.3 0
173254 26.062 10.0 20.3 0
173324 26.062 10.0 20.3 0
173355 26.062 10.0 20.237 0
173425 26.062 10.0 20.3 0
173455 26.062 10.0 20.3 0
173525 26.062 10.0 20.237 0
173555 26.062 10.0 20.3 0
173625 26.062 10.0 20.3 0
173656 26.062 10.0 20.237 0
173727 26.062 10.0 20.3 0
173757 26.062 10.0 20.237 0
173828 26.062 10.0 20.3 0
173858 26.0 10.0 20.3 0
173929 26.0 10.0 20.3 0
173959 26.0 10.0 20.3 0
174029 26.0 10.0 20.3 0
174100 26.0 10.0 20.237 0
174130 26.062 10.0 20.237 0
174201 26.062 10.0 20.3 0
174231 26.062 10.0 20.3 0
174301 26.062 10.0 20.3 0
174332 26.062 10.0 20.3 0
174402 26.062 10.0 20.3 0
174433 26.062 10.0 20.3 0
174503 26.062 10.0 20.237 0
174533 26.062 10.0 20.3 0
174604 26.062 10.0 20.3 0
174634 26.25 10.0 20.3 0
174705 26.25 10.0 20.3 0
174735 26.25 10.0 20.3 0
174806 26.25 10.0 20.3 0
174836 26.25 10.0 20.3 0
174906 26.312 10.0 20.3 0
174936 26.312 10.0 20.3 0
175007 26.312 10.0 20.3 0
175037 26.312 10.0 20.3 0
175107 26.312 10.0 20.3 0
175137 26.312 10.0 20.3 0
175208 26.312 10.0 20.3 0
175239 26.312 10.0 20.3 0
175309 26.312 10.0 20.3 0
175339 26.312 10.0 20.3 0
175410 26.312 10.0 20.3 0
175441 26.312 10.0 20.3 0
175511 26.312 10.0 20.3 0
175541 26.312 10.0 20.3 0
175614 26.375 10.0 20.3 0
175645 26.375 10.0 20.3 0
175715 26.375 10.0 20.3 0
175746 26.375 10.0 20.3 0
175816 26.375 10.0 20.3 0
175847 26.312 10.0 20.3 0
175917 26.312 10.0 20.3 0
175948 26.312 10.0 20.3 0
180018 26.312 10.0 20.3 0
180049 26.312 10.0 20.3 0
180119 26.312 10.0 20.3 0
180149 26.312 10.0 20.3 0
180219 26.312 10.0 20.3 0
180249 26.312 10.0 20.3 0
180320 26.312 10.0 20.3 0
180350 26.25 10.0 20.3 0
180420 26.25 10.0 20.3 0
180450 26.25 10.0 20.3 0
180520 26.25 10.0 20.3 0
180551 26.25 10.0 20.3 0
180621 26.25 10.0 20.3 0
180652 26.25 10.0 20.3 0
180722 26.25 10.0 20.3 0
180752 26.25 10.0 20.3 0
180823 26.25 10.0 20.3 0
180853 26.187 10.0 20.3 0
180924 26.187 10.0 20.3 0
180954 26.187 10.0 20.3 0
181024 26.187 10.0 20.3 0
181055 26.187 10.0 20.3 0
181125 26.25 10.0 20.3 0
181156 26.25 10.0 20.3 0
181227 26.25 10.0 20.3 0
181257 26.25 10.0 20.3 0
181327 26.25 10.0 20.3 0
181357 26.25 10.0 20.3 0
181428 26.25 10.0 20.3 0
181458 26.25 10.0 20.3 0
181529 26.25 10.0 20.3 0
181600 26.25 10.0 20.3 0
181630 26.312 10.0 20.3 0
181701 26.312 10.0 20.3 0
181731 26.312 10.0 20.3 0
181801 26.312 10.0 20.3 0
181832 26.312 10.0 20.3 0
181903 26.312 10.0 20.3 0
181933 26.312 10.0 20.3 0
182004 26.312 10.0 20.3 0
182034 26.312 10.0 20.3 0
182105 26.312 10.0 20.3 0
182135 26.375 10.0 20.3 0
182206 26.375 10.0 20.3 0
182236 26.375 10.0 20.3 0
182306 26.375 10.0 20.3 0
182337 26.375 10.0 20.3 0
182407 26.375 10.0 20.3 0
182437 26.375 10.0 20.3 0
182508 26.375 10.0 20.3 0
182539 26.375 10.0 20.3 0
182609 26.375 10.0 20.3 0
182639 26.437 10.0 20.3 0
182710 26.437 10.0 20.3 0
182740 26.437 10.0 20.3 0
182810 26.437 10.0 20.3 0
182840 26.437 10.0 20.3 0
182911 26.437 10.0 20.3 0
182941 26.437 10.0 20.3 0
183012 26.437 10.0 20.3 0
183043 26.437 10.0 20.3 0
183113 26.437 10.0 20.3 0
183144 26.375 10.0 20.3 0
183214 26.375 10.0 20.3 0
183245 26.375 10.0 20.3 0
183315 26.375 10.0 20.3 0
183345 26.375 10.0 20.3 0
183415 26.375 10.0 20.3 0
183445 26.375 10.0 20.3 0
183516 26.375 10.0 20.3 0
183546 26.375 10.0 20.3 0
183617 26.375 10.0 20.3 0
183648 26.312 10.0 20.3 0
183718 26.312 10.0 20.3 0
183749 26.312 10.0 20.3 0
183819 26.312 10.0 20.3 0
183851 26.25 10.0 20.3 0
183921 26.25 10.0 20.3 0
183951 26.25 10.0 20.3 0
184021 26.25 10.0 20.3 0
184052 26.25 10.0 20.3 0
184122 26.25 10.0 20.3 0
184152 26.25 10.0 20.3 0
184222 26.25 10.0 20.3 0
184252 26.25 10.0 20.3 0
184322 26.25 10.0 20.3 0
184353 26.25 10.0 20.3 0
184423 26.25 10.0 20.3 0
184454 26.25 10.0 20.3 0
184525 26.25 10.0 20.3 0
184556 26.25 10.0 20.3 0
184626 26.312 10.0 20.3 0
184656 26.312 10.0 20.3 0
184727 26.312 10.0 20.3 0
184758 26.312 10.0 20.3 0
184828 26.312 10.0 20.3 0
184859 26.312 10.0 20.3 0
184930 26.312 10.0 20.3 0
185000 26.312 10.0 20.3 0
185031 26.312 10.0 20.3 0
185101 26.312 10.0 20.3 0
185131 26.312 10.0 20.3 0
185202 26.312 10.0 20.3 0
185233 26.312 10.0 20.3 0
185303 26.312 10.0 20.3 0
185334 26.312 10.0 20.3 0
185404 26.25 10.0 20.3 0
185435 26.25 10.0 20.3 0
185505 26.25 10.0 20.3 0
185535 26.25 10.0 20.3 0
185606 26.25 10.0 20.3 0
185636 26.25 10.0 20.3 0
185706 26.25 10.0 20.3 0
185737 26.25 10.0 20.3 0
185807 26.25 10.0 20.3 0
185837 26.25 10.0 20.3 0
185908 26.25 10.0 20.3 0
185938 26.25 10.0 20.3 0
190008 26.25 10.0 20.3 0
190039 26.25 10.0 20.3 0
190110 26.25 10.0 20.3 0
190140 26.187 10.0 20.3 0
190211 26.187 10.0 20.3 0
190241 26.187 10.0 20.3 0
190311 26.187 10.0 20.3 0
190342 26.187 10.0 20.3 0
190412 26.187 10.0 20.3 0
190443 26.187 10.0 20.3 0
190513 26.187 10.0 20.3 0
190544 26.187 10.0 20.3 0
190615 26.187 10.0 20.3 0
190645 26.125 10.0 20.3 0
190716 26.125 10.0 20.3 0
190746 26.125 10.0 20.3 0
190817 26.125 10.0 20.3 0
190848 26.125 10.0 20.3 0
190918 26.125 10.0 20.3 0
190948 26.125 10.0 20.3 0
191019 26.125 10.0 20.3 0
191050 26.125 10.0 20.3 0
191121 26.125 10.0 20.3 0
191151 26.125 10.0 20.3 0
191222 26.125 10.0 20.3 0
191253 26.125 10.0 20.3 0
191323 26.125 10.0 20.3 0
191355 26.062 10.0 20.3 0
191425 26.062 10.0 20.3 0
191456 26.062 10.0 20.3 0
191527 26.062 10.0 20.3 0
191557 26.062 10.0 20.3 0
191627 26.062 10.0 20.3 0
191657 26.062 10.0 20.3 0
191727 26.062 10.0 20.3 0
191758 26.062 10.0 20.3 0
191828 26.062 10.0 20.3 0
191859 26.062 10.0 20.3 0
191929 26.062 10.0 20.3 0
192000 26.062 10.0 20.3 0
192031 26.062 10.0 20.3 0
192101 26.062 10.0 20.3 0
192131 26.062 10.0 20.3 0
192202 26.062 10.0 20.3 0
192233 26.062 10.0 20.3 0
192304 26.062 10.0 20.3 0
192334 26.062 10.0 20.3 0
192405 26.062 10.0 20.3 0
192436 26.062 10.0 20.3 0
192506 26.062 10.0 20.3 0
192536 26.062 10.0 20.3 0
192606 26.062 10.0 20.3 0
192637 26.0 10.0 20.3 0
192707 26.0 10.0 20.3 0
192738 26.0 10.0 20.3 0
192809 26.0 10.0 20.3 0
192839 26.0 10.0 20.3 0
192910 26.0 10.0 20.3 0
192940 26.0 10.0 20.3 0
193011 26.0 10.0 20.3 0
193042 26.0 10.0 20.3 0
193112 26.0 10.0 20.3 0
193143 26.0 10.0 20.3 0
193213 26.0 10.0 20.3 0
193243 26.0 10.0 20.3 0
193313 26.0 10.0 20.3 0
193344 26.0 10.0 20.3 0
193414 26.0 10.0 20.3 0
193444 26.0 10.0 20.3 0
193515 26.0 10.0 20.3 0
193545 26.0 10.0 20.3 0
193615 26.0 10.0 20.3 0
193645 26.0 10.0 20.3 0
193715 26.0 10.0 20.3 0
193745 26.0 10.0 20.3 0
193816 26.0 10.0 20.3 0
193846 26.0 10.0 20.3 0
193916 26.062 10.0 20.3 0
193946 26.062 10.0 20.3 0
194017 26.062 10.0 20.3 0
194047 26.062 10.0 20.3 0
194117 26.062 10.0 20.3 0
194148 26.062 10.0 20.3 0
194218 26.062 10.0 20.3 0
194248 26.062 10.0 20.3 0
194319 26.062 10.0 20.3 0
194349 26.062 10.0 20.3 0
194420 26.062 10.0 20.3 0
194450 26.062 10.0 20.3 0
194520 26.062 10.0 20.3 0
194551 26.062 10.0 20.3 0
194621 26.062 10.0 20.3 0
194652 26.062 10.0 20.3 0
194722 26.062 10.0 20.3 0
194753 26.062 10.0 20.3 0
194824 26.062 10.0 20.3 0
194854 26.062 10.0 20.3 0
194925 26.062 10.0 20.3 0
194955 26.062 10.0 20.3 0
195026 26.062 10.0 20.3 0
195056 26.062 10.0 20.3 0
195129 26.062 10.0 20.3 0
195159 26.062 10.0 20.3 0
195229 26.062 10.0 20.3 0
195259 26.062 10.0 20.3 0
195330 26.062 10.0 20.3 0
195401 26.062 10.0 20.3 0
195432 26.062 10.0 20.3 0
195502 26.062 10.0 20.3 0
195533 26.062 10.0 20.3 0
195603 26.062 10.0 20.3 0
195633 26.062 10.0 20.3 0
195704 26.062 10.0 20.3 0
195734 26.062 10.0 20.3 0
195804 26.062 10.0 20.3 0
195835 26.062 10.0 20.3 0
195906 26.062 10.0 20.3 0
195936 26.062 10.0 20.3 0
200007 26.062 10.0 20.3 0
200037 26.062 10.0 20.3 0
200108 26.062 10.0 20.3 0
200138 26.062 10.0 20.3 0
200208 26.062 10.0 20.3 0
200238 26.062 10.0 20.3 0
200308 26.062 10.0 20.3 0
200339 26.062 10.0 20.3 0
200410 26.062 10.0 20.3 0
200441 26.062 10.0 20.3 0
200511 26.062 10.0 20.3 0
200541 26.062 10.0 20.3 0
200612 26.062 10.0 20.3 0
200642 26.0 10.0 20.3 0
200713 26.0 10.0 20.3 0
200743 26.0 10.0 20.3 0
200813 26.0 10.0 20.3 0
200844 26.0 10.0 20.3 0
200914 26.062 10.0 20.3 0
200945 26.062 10.0 20.3 0
201016 26.062 10.0 20.3 0
201046 26.062 10.0 20.3 0
201117 26.062 10.0 20.3 0
201147 26.0 10.0 20.3 0
201217 26.0 10.0 20.3 0
201247 26.0 10.0 20.3 0
201318 26.0 10.0 20.3 0
201349 26.0 10.0 20.3 0
201419 26.062 10.0 20.3 0
201449 26.062 10.0 20.3 0
201520 26.062 10.0 20.3 0
201550 26.062 10.0 20.3 0
201620 26.062 10.0 20.3 0
201650 26.062 10.0 20.3 0
201721 26.062 10.0 20.3 0
201752 26.062 10.0 20.3 0
201822 26.062 10.0 20.3 0
201853 26.062 10.0 20.3 0
201924 26.0 10.0 20.3 0
201954 26.0 10.0 20.3 0
202024 26.0 10.0 20.3 0
202055 26.0 10.0 20.3 0
202125 26.0 10.0 20.3 0
202155 26.0 10.0 20.3 0
202226 26.0 10.0 20.3 0
202257 26.0 10.0 20.3 0
202328 26.0 10.0 20.3 0
202359 26.0 10.0 20.3 0
202429 26.0 10.0 20.3 0
202459 26.0 10.0 20.3 0
202530 26.0 10.0 20.3 0
202601 26.0 10.0 20.3 0
202633 26.0 10.0 20.3 0
202703 26.0 10.0 20.3 0
202734 26.0 10.0 20.3 0
202804 26.0 10.0 20.3 0
202834 26.0 10.0 20.3 0
202905 26.0 10.0 20.3 0
202935 26.0 10.0 20.3 0
203006 26.0 10.0 20.3 0
203036 26.0 10.0 20.3 0
203106 26.0 10.0 20.3 0
203136 26.062 10.0 20.3 0
203206 26.062 10.0 20.3 0
203237 26.062 10.0 20.3 0
203307 26.062 10.0 20.3 0
203338 26.062 10.0 20.3 0
203409 26.062 10.0 20.3 0
203439 26.062 10.0 20.3 0
203509 26.062 10.0 20.3 0
203539 26.062 10.0 20.3 0
203610 26.062 10.0 20.3 0
203640 26.0 10.0 20.3 0
203711 26.0 10.0 20.3 0
203741 26.0 10.0 20.3 0
203812 26.0 10.0 20.3 0
203842 26.0 10.0 20.3 0
203913 26.0 10.0 20.3 0
203944 26.0 10.0 20.3 0
204014 26.0 10.0 20.3 0
204045 26.0 10.0 20.3 0
204115 26.0 10.0 20.3 0
204146 26.0 10.0 20.3 0
204216 26.0 10.0 20.3 0
204246 26.0 10.0 20.3 0
204317 26.0 10.0 20.3 0
204348 26.0 10.0 20.3 0
204419 26.0 10.0 20.3 0
204449 26.0 10.0 20.3 0
204520 26.0 10.0 20.3 0
204551 26.0 10.0 20.3 0
204621 26.0 10.0 20.3 0
204652 26.0 10.0 20.3 0
204722 26.0 10.0 20.3 0
204753 26.0 10.0 20.3 0
204824 26.0 10.0 20.3 0
204854 26.0 10.0 20.3 0
204925 26.0 10.0 20.3 0
204956 26.0 10.0 20.3 0
205027 26.0 10.0 20.3 0
205057 26.0 10.0 20.3 0
205127 26.0 10.0 20.3 0
205158 26.0 10.0 20.3 0
205228 26.0 10.0 20.3 0
205258 26.0 10.0 20.3 0
205329 26.0 10.0 20.3 0
205359 26.0 10.0 20.3 0
205430 26.062 10.0 20.3 0
205500 26.062 10.0 20.3 0
205531 26.062 10.0 20.3 0
205601 26.062 10.0 20.3 0
205632 26.062 10.0 20.3 0
205702 26.062 10.0 20.3 0
205733 26.062 10.0 20.3 0
205803 26.062 10.0 20.3 0
205834 26.062 10.0 20.3 0
205904 26.062 10.0 20.3 0
205934 26.062 10.0 20.3 0
210005 26.062 10.0 20.3 0
210035 26.062 10.0 20.3 0
210105 26.062 10.0 20.3 0
210138 26.062 10.0 20.3 0
210208 26.062 10.0 20.3 0
210238 26.062 10.0 20.3 0
210308 26.062 10.0 20.3 0
210339 26.062 10.0 20.3 0
210409 26.0 10.0 20.3 0
210440 26.0 10.0 20.3 0
210510 26.0 10.0 20.3 0
210540 26.0 10.0 20.3 0
210610 26.0 10.0 20.3 0
210640 26.0 10.0 20.3 0
210711 26.0 10.0 20.3 0
210741 26.0 10.0 20.3 0
210811 26.0 10.0 20.3 0
210842 26.0 10.0 20.3 0
210913 26.0 10.0 20.3 0
210943 26.0 10.0 20.3 0
211013 26.0 10.0 20.3 0
211044 26.0 10.0 20.3 0
211114 26.0 10.0 20.3 0
211144 26.0 10.0 20.3 0
211214 26.0 10.0 20.3 0
211245 26.0 10.0 20.3 0
211316 26.0 10.0 20.3 0
211346 26.0 10.0 20.3 0
211417 26.0 10.0 20.3 0
211447 26.0 10.0 20.3 0
211517 26.0 10.0 20.3 0
211548 26.0 10.0 20.3 0
211618 26.0 10.0 20.3 0
211649 26.0 10.0 20.3 0
211719 26.0 10.0 20.3 0
211750 26.0 10.0 20.3 0
211820 26.0 10.0 20.3 0
211850 26.0 10.0 20.3 0
211921 26.062 10.0 20.3 0
211951 26.062 10.0 20.3 0
212021 26.062 10.0 20.3 0
212051 26.062 10.0 20.3 0
212121 26.062 10.0 20.3 0
212152 26.0 10.0 20.3 0
212223 26.0 10.0 20.3 0
212253 26.0 10.0 20.3 0
212323 26.0 10.0 20.3 0
212354 26.0 10.0 20.3 0
212424 26.062 10.0 20.3 0
212454 26.062 10.0 20.3 0
212525 26.062 10.0 20.3 0
212556 26.062 10.0 20.3 0
212627 26.062 10.0 20.3 0
212657 26.062 10.0 20.3 0
212728 26.062 10.0 20.3 0
212758 26.062 10.0 20.3 0
212829 26.062 10.0 20.3 0
212859 26.062 10.0 20.3 0
212930 26.062 10.0 20.3 0
213000 26.062 10.0 20.3 0
213031 26.062 10.0 20.3 0
213101 26.062 10.0 20.3 0
213131 26.062 10.0 20.3 0
213202 26.125 10.0 20.3 0
213232 26.125 10.0 20.3 0
213303 26.125 10.0 20.3 0
213334 26.125 10.0 20.3 0
213404 26.125 10.0 20.3 0
213434 26.125 10.0 20.3 0
213504 26.125 10.0 20.3 0
213535 26.125 10.0 20.3 0
213605 26.125 10.0 20.3 0
213635 26.125 10.0 20.3 0
213705 26.125 10.0 20.3 0
213735 26.125 10.0 20.3 0
213806 26.125 10.0 20.3 0
213837 26.125 10.0 20.3 0
213907 26.125 10.0 20.3 0
213937 26.125 10.0 20.3 0
214008 26.125 10.0 20.3 0
214038 26.125 10.0 20.3 0
214109 26.125 10.0 20.3 0
214140 26.125 10.0 20.3 0
214211 26.125 10.0 20.3 0
214241 26.125 10.0 20.3 0
214311 26.125 10.0 20.3 0
214342 26.125 10.0 20.3 0
214414 26.125 10.0 20.3 0
214444 26.125 10.0 20.3 0
214514 26.125 10.0 20.3 0
214544 26.125 10.0 20.3 0
214614 26.125 10.0 20.3 0
214645 26.125 10.0 20.3 0
214716 26.125 10.0 20.3 0
214747 26.125 10.0 20.3 0
214818 26.125 10.0 20.3 0
214848 26.125 10.0 20.3 0
214919 26.125 10.0 20.3 0
214949 26.125 10.0 20.3 0
215019 26.125 10.0 20.3 0
215050 26.125 10.0 20.3 0
215121 26.125 10.0 20.3 0
215151 26.125 10.0 20.3 0
215222 26.125 10.0 20.3 0
215253 26.125 10.0 20.3 0
215323 26.125 10.0 20.3 0
215353 26.125 10.0 20.3 0
215424 26.125 10.0 20.3 0
215454 26.125 10.0 20.3 0
215525 26.125 10.0 20.3 0
215555 26.125 10.0 20.3 0
215626 26.125 10.0 20.3 0
215656 26.125 10.0 20.3 0
215726 26.125 10.0 20.3 0
215756 26.125 10.0 20.3 0
215827 26.125 10.0 20.3 0
215857 26.125 10.0 20.3 0
215928 26.125 10.0 20.3 0
215958 26.125 10.0 20.3 0
220029 26.125 10.0 20.3 0
220059 26.125 10.0 20.3 0
220130 26.125 10.0 20.3 0
220200 26.125 10.0 20.3 0
220230 26.125 10.0 20.3 0
220301 26.125 10.0 20.3 0
220332 26.125 10.0 20.3 0
220402 26.125 10.0 20.3 0
220432 26.125 10.0 20.3 0
220503 26.125 10.0 20.3 0
220533 26.125 10.0 20.3 0
220603 26.125 10.0 20.3 0
220634 26.125 10.0 20.3 0
220704 26.125 10.0 20.3 0
220734 26.125 10.0 20.3 0
220805 26.125 10.0 20.3 0
220835 26.125 10.0 20.3 0
220906 26.125 10.0 20.3 0
220937 26.125 10.0 20.3 0
221007 26.125 10.0 20.3 0
221037 26.125 10.0 20.3 0
221108 26.125 10.0 20.3 0
221138 26.125 10.0 20.3 0
221208 26.125 10.0 20.3 0
221238 26.125 10.0 20.3 0
221308 26.125 10.0 20.3 0
221339 26.125 10.0 20.3 0
221409 26.125 10.0 20.3 0
221439 26.062 10.0 20.3 0
221509 26.062 10.0 20.3 0
221540 26.062 10.0 20.3 0
221611 26.062 10.0 20.3 0
221641 26.062 10.0 20.3 0
221711 26.062 10.0 20.3 0
221742 26.062 10.0 20.3 0
221812 26.062 10.0 20.3 0
221843 26.062 10.0 20.3 0
221914 26.062 10.0 20.3 0
221944 26.062 10.0 20.3 0
222015 26.062 10.0 20.3 0
222046 26.062 10.0 20.3 0
222116 26.062 10.0 20.3 0
222149 26.062 10.0 20.3 0
222220 26.062 10.0 20.3 0
222251 26.062 10.0 20.3 0
222322 26.062 10.0 20.3 0
222352 26.062 10.0 20.3 0
222422 26.062 10.0 20.3 0
222453 26.062 10.0 20.3 0
222523 26.062 10.0 20.3 0
222553 26.062 10.0 20.3 0
222624 26.062 10.0 20.3 0
222655 26.0 10.0 20.3 0
222725 26.0 10.0 20.3 0
222756 26.0 10.0 20.3 0
222826 26.0 10.0 20.3 0
222856 26.0 10.0 20.3 0
222927 26.0 10.0 20.3 0
222957 26.0 10.0 20.3 0
223027 26.0 10.0 20.3 0
223058 26.0 10.0 20.3 0
223128 26.0 10.0 20.3 0
223159 26.0 10.0 20.3 0
223229 26.0 10.0 20.3 0
223259 26.0 10.0 20.3 0
223329 26.0 10.0 20.3 0
223400 26.0 10.0 20.3 0
223430 26.0 10.0 20.3 0
223500 26.0 10.0 20.3 0
223530 26.0 10.0 20.3 0
223601 26.0 10.0 20.3 0
223631 26.0 10.0 20.3 0
223702 25.937 10.0 20.3 0
223732 25.937 10.0 20.3 0
223802 25.937 10.0 20.3 0
223832 25.937 10.0 20.3 0
223903 25.937 10.0 20.3 0
223933 25.937 10.0 20.3 0
224003 25.937 10.0 20.3 0
224034 25.937 10.0 20.3 0
224105 25.937 10.0 20.3 0
224136 25.937 10.0 20.3 0
224206 25.937 10.0 20.3 0
224237 25.937 10.0 20.3 0
224308 25.937 10.0 20.3 0
224339 25.937 10.0 20.3 0
224409 25.937 10.0 20.3 0
224439 25.937 10.0 20.3 0
224510 25.937 10.0 20.3 0
224540 25.937 10.0 20.3 0
224611 25.937 10.0 20.3 0
224641 25.937 10.0 20.3 0
224711 25.937 10.0 20.3 0
224741 25.937 10.0 20.3 0
224811 25.937 10.0 20.3 0
224841 25.937 10.0 20.3 0
224912 25.937 10.0 20.3 0
224942 25.937 10.0 20.3 0
225012 25.937 10.0 20.3 0
225043 25.937 10.0 20.3 0
225113 25.937 10.0 20.3 0
225143 25.937 10.0 20.3 0
225213 25.937 10.0 20.3 0
225244 25.937 10.0 20.3 0
225314 25.937 10.0 20.3 0
225344 25.937 10.0 20.3 0
225415 25.937 10.0 20.3 0
225445 25.937 10.0 20.3 0
225515 25.937 10.0 20.3 0
225545 25.937 10.0 20.3 0
225616 25.937 10.0 20.3 0
225646 25.937 10.0 20.3 0
225717 25.937 10.0 20.3 0
225747 25.937 10.0 20.3 0
225818 25.937 10.0 20.3 0
225848 25.937 10.0 20.3 0
225919 25.937 10.0 20.3 0
225949 25.937 10.0 20.3 0
230019 25.937 10.0 20.3 0
230049 25.937 10.0 20.3 0
230120 25.937 10.0 20.3 0
230150 25.937 10.0 20.3 0
230221 25.875 10.0 20.3 0
230251 25.875 10.0 20.3 0
230321 25.875 10.0 20.3 0
230351 25.875 10.0 20.3 0
230423 25.937 10.0 20.3 0
230454 25.937 10.0 20.3 0
230524 25.937 10.0 20.3 0
230555 25.937 10.0 20.3 0
230625 25.937 10.0 20.3 0
230655 25.875 10.0 20.3 0
230726 25.875 10.0 20.3 0
230756 25.875 10.0 20.3 0
230826 25.875 10.0 20.3 0
230857 25.875 10.0 20.3 0
230927 25.875 10.0 20.3 0
230958 25.875 10.0 20.3 0
231029 25.875 10.0 20.3 0
231059 25.875 10.0 20.3 0
231130 25.875 10.0 20.3 0
231200 25.875 10.0 20.3 0
231231 25.875 10.0 20.3 0
231301 25.875 10.0 20.3 0
231332 25.875 10.0 20.3 0
231402 25.875 10.0 20.3 0
231432 25.875 10.0 20.3 0
231502 25.875 10.0 20.3 0
231533 25.875 10.0 20.3 0
231603 25.875 10.0 20.3 0
231633 25.875 10.0 20.3 0
231704 25.875 10.0 20.3 0
231735 25.875 10.0 20.3 0
231805 25.875 10.0 20.3 0
231836 25.875 10.0 20.3 0
231906 25.875 10.0 20.3 0
231936 25.875 10.0 20.3 0
232006 25.875 10.0 20.3 0
232037 25.875 10.0 20.3 0
232108 25.875 10.0 20.3 0
232138 25.875 10.0 20.3 0
232209 25.875 10.0 20.3 0
232239 25.875 10.0 20.3 0
232309 25.875 10.0 20.3 0
232340 25.875 10.0 20.3 0
232410 25.875 10.0 20.3 0
232440 25.875 10.0 20.3 0
232510 25.875 10.0 20.3 0
232540 25.875 10.0 20.3 0
232610 25.875 10.0 20.3 0
232641 25.875 10.0 20.3 0
232712 25.812 10.0 20.3 0
232742 25.812 10.0 20.3 0
232813 25.812 10.0 20.3 0
232843 25.812 10.0 20.3 0
232914 25.812 10.0 20.3 0
232944 25.875 10.0 20.3 0
233014 25.875 10.0 20.3 0
233044 25.875 10.0 20.3 0
233114 25.875 10.0 20.3 0
233145 25.875 10.0 20.3 0
233215 25.875 10.0 20.3 0
233246 25.875 10.0 20.3 0
233317 25.875 10.0 20.3 0
233347 25.875 10.0 20.3 0
233417 25.875 10.0 20.3 0
233448 25.875 10.0 20.3 0
233518 25.875 10.0 20.3 0
233549 25.875 10.0 20.3 0
233619 25.875 10.0 20.3 0
233650 25.875 10.0 20.3 0
233720 25.812 10.0 20.3 0
233750 25.812 10.0 20.3 0
233821 25.812 10.0 20.3 0
233851 25.812 10.0 20.3 0
233922 25.812 10.0 20.3 0
233953 25.75 10.0 20.3 0
234023 25.75 10.0 20.3 0
234054 25.75 10.0 20.3 0
234124 25.75 10.0 20.3 0
234154 25.75 10.0 20.3 0
234224 25.812 10.0 20.3 0
234254 25.812 10.0 20.3 0
234325 25.812 10.0 20.3 0
234356 25.812 10.0 20.3 0
234428 25.75 10.0 20.3 0
234458 25.75 10.0 20.3 0
234528 25.75 10.0 20.3 0
234559 25.75 10.0 20.3 0
234629 25.75 10.0 20.3 0
234700 25.75 10.0 20.3 0
234730 25.75 10.0 20.3 0
234800 25.75 10.0 20.3 0
234831 25.75 10.0 20.3 0
234902 25.75 10.0 20.3 0
234932 25.75 10.0 20.3 0
235002 25.75 10.0 20.3 0
235033 25.75 10.0 20.3 0
235103 25.75 10.0 20.3 0
235134 25.75 10.0 20.3 0
235204 25.75 10.0 20.3 0
235235 25.75 10.0 20.3 0
235305 25.75 10.0 20.3 0
235336 25.75 10.0 20.3 0
235407 25.75 10.0 20.3 0
235438 25.687 10.0 20.3 0
235508 25.687 10.0 20.3 0
235538 25.687 10.0 20.3 0
235608 25.687 10.0 20.3 0
235639 25.687 10.0 20.3 0
235709 25.687 10.0 20.3 0
235740 25.687 10.0 20.3 0
235810 25.687 10.0 20.3 0
235841 25.687 10.0 20.3 0
