235930 19.187 10.0 63.3 0
000000 19.187 10.0 63.3 0
000030 19.187 10.0 63.3 0
000101 19.187 10.0 63.237 0
000131 19.187 10.0 63.237 0
000201 19.187 10.0 63.237 0
000232 19.187 10.0 63.175 0
000302 19.187 10.0 63.175 0
000332 19.187 10.0 63.112 0
000403 19.437 10.0 63.112 0
000433 19.437 10.0 63.112 0
000503 19.437 10.0 63.05 0
000533 19.437 10.0 63.05 0
000603 19.437 10.0 63.05 0
000633 19.437 10.0 62.987 0
000703 19.437 10.0 62.987 0
000734 19.437 10.0 62.987 0
000804 19.437 10.0 62.925 0
000834 19.437 10.0 62.925 0
000905 19.437 10.0 62.925 0
000935 19.437 10.0 62.862 0
001005 19.437 10.0 62.862 0
001036 19.437 10.0 62.8 0
001106 19.437 10.0 62.737 0
001136 19.437 10.0 62.737 0
001206 19.437 10.0 62.675 0
001236 19.437 10.0 62.675 0
001307 19.437 10.0 62.612 0
001337 19.437 10.0 62.55 0
001407 19.437 10.0 62.55 0
001437 19.437 10.0 62.55 0
001508 19.437 10.0 62.487 0
001539 19.437 10.0 62.487 0
001609 19.437 10.0 62.425 0
001639 19.437 10.0 62.425 0
001710 19.437 10.0 62.362 0
001740 19.437 10.0 62.362 0
001810 19.437 10.0 62.3 0
001840 19.437 10.0 62.3 0
001911 19.437 10.0 62.3 0
001941 19.437 10.0 62.237 0
002012 19.437 10.0 62.237 0
002043 19.437 10.0 62.175 0
002113 19.437 10.0 62.175 0
002144 19.437 10.0 62.112 0
002214 19.437 10.0 62.112 0
002244 19.437 10.0 62.112 0
002314 19.437 10.0 62.05 0
002345 19.437 10.0 61.987 0
002415 19.437 10.0 61.987 0
002445 19.437 10.0 61.987 0
002516 19.437 10.0 61.925 0
002547 19.437 10.0 61.925 0
002617 19.437 10.0 61.862 0
002648 19.437 10.0 61.862 0
002718 19.437 10.0 61.8 0
002749 19.437 10.0 61.8 0
002820 19.437 10.0 61.8 0
002852 19.437 10.0 61.737 0
002922 19.437 10.0 61.737 0
002952 19.437 10.0 61.675 0
003022 19.437 10.0 61.675 0
003053 19.437 10.0 61.612 0
003123 19.375 10.0 61.612 0
003153 19.375 10.0 61.55 0
003223 19.375 10.0 61.55 0
003253 19.375 10.0 61.487 0
003324 19.375 10.0 61.425 0
003354 19.25 10.0 61.362 0
003425 19.25 10.0 61.3 0
003455 19.25 10.0 61.237 0
003525 19.25 10.0 61.237 0
003555 19.25 10.0 61.175 0
003625 19.125 10.0 61.112 0
003655 19.125 10.0 61.112 0
003726 19.125 10.0 61.05 0
003756 19.125 10.0 60.987 0
003827 19.125 10.0 60.987 0
003857 19.0 10.0 60.925 0
003927 19.0 10.0 60.925 0
003957 19.0 10.0 60.862 0
004028 19.0 10.0 60.862 0
004058 19.0 10.0 60.8 0
004129 18.875 10.0 60.8 0
004200 18.875 10.0 60.737 0
004230 18.875 10.0 60.737 0
004301 18.875 10.0 60.737 0
004331 18.875 10.0 60.675 0
004401 18.75 10.0 60.612 0
004431 18.75 10.0 60.612 0
004502 18.75 10.0 60.55 0
004532 18.75 10.0 60.55 0
004602 18.75 10.0 60.55 0
004632 18.687 10.0 60.487 0
004702 18.687 10.0 60.487 0
004733 18.687 10.0 60.425 0
004803 18.687 10.0 60.425 0
004833 18.687 10.0 60.362 0
004904 18.625 10.0 60.362 0
004934 18.625 10.0 60.3 0
005005 18.625 10.0 60.3 0
005036 18.625 10.0 60.3 0
005107 18.625 10.0 60.3 0
005137 18.562 10.0 60.3 0
005207 18.562 10.0 60.3 0
005238 18.562 10.0 60.3 0
005308 18.562 10.0 60.3 0
005339 18.562 10.0 60.237 0
005409 18.562 10.0 60.237 0
005439 18.562 10.0 60.237 0
005510 18.562 10.0 60.175 0
005541 18.562 10.0 60.175 0
005611 18.562 10.0 60.175 0
005641 18.562 10.0 60.05 0
005712 18.562 10.0 60.05 0
005742 18.562 10.0 59.987 0
005813 18.562 10.0 59.925 0
005844 18.562 10.0 59.862 0
005914 18.562 10.0 59.862 0
005945 18.562 10.0 59.8 0
010015 18.562 10.0 59.8 0
010045 18.562 10.0 59.737 0
010116 18.562 10.0 59.737 0
010146 18.5 10.0 59.675 0
010217 18.5 10.0 59.612 0
010248 18.5 10.0 59.612 0
010318 18.5 10.0 59.55 0
010349 18.5 10.0 59.55 0
010419 18.5 10.0 59.487 0
010450 18.5 10.0 59.487 0
010520 18.5 10.0 59.487 0
010551 18.5 10.0 59.425 0
010621 18.5 10.0 59.362 0
010651 18.5 10.0 59.362 0
010721 18.5 10.0 59.3 0
010752 18.5 10.0 59.3 0
010822 18.5 10.0 59.3 0
010852 18.5 10.0 59.237 0
010923 18.437 10.0 59.237 0
010953 18.437 10.0 59.175 0
011024 18.437 10.0 59.175 0
011054 18.437 10.0 59.112 0
011124 18.437 10.0 59.112 0
011155 18.437 10.0 59.05 0
011226 18.437 10.0 59.05 0
011256 18.437 10.0 58.987 0
011327 18.437 10.0 58.987 0
011359 18.437 10.0 58.925 0
011430 18.437 10.0 58.862 0
011500 18.437 10.0 58.862 0
011531 18.437 10.0 58.862 0
011601 18.437 10.0 58.8 0
011631 18.375 10.0 58.8 0
011702 18.375 10.0 58.737 0
011733 18.375 10.0 58.675 0
011803 18.375 10.0 58.612 0
011834 18.375 10.0 58.55 0
011904 18.375 10.0 58.425 0
011935 18.375 10.0 58.362 0
012006 18.375 10.0 58.3 0
012036 18.375 10.0 58.237 0
012107 18.375 10.0 58.175 0
012137 18.375 10.0 58.112 0
012208 18.375 10.0 58.05 0
012239 18.375 10.0 58.05 0
012309 18.375 10.0 57.987 0
012339 18.375 10.0 57.987 0
012410 18.375 10.0 57.925 0
012440 18.375 10.0 57.925 0
012510 18.375 10.0 57.862 0
012541 18.375 10.0 57.862 0
012611 18.375 10.0 57.8 0
012642 18.312 10.0 57.737 0
012712 18.312 10.0 57.737 0
012742 18.312 10.0 57.675 0
012813 18.312 10.0 57.675 0
012843 18.312 10.0 57.612 0
012914 18.312 10.0 57.612 0
012944 18.312 10.0 57.55 0
013014 18.312 10.0 57.55 0
013045 18.312 10.0 57.487 0
013115 18.312 10.0 57.487 0
013145 18.312 10.0 57.425 0
013215 18.312 10.0 57.425 0
013246 18.312 10.0 57.362 0
013316 18.312 10.0 57.362 0
013347 18.312 10.0 57.3 0
013417 18.312 10.0 57.3 0
013448 18.312 10.0 57.237 0
013518 18.312 10.0 57.237 0
013548 18.312 10.0 57.175 0
013619 18.312 10.0 57.175 0
013649 18.25 10.0 57.112 0
013719 18.25 10.0 57.112 0
013749 18.25 10.0 57.05 0
013820 18.25 10.0 57.05 0
013850 18.25 10.0 57.05 0
013921 18.25 10.0 57.112 0
013951 18.25 10.0 57.175 0
014021 18.25 10.0 57.3 0
014051 18.25 10.0 57.487 0
014121 18.25 10.0 57.737 0
014151 18.25 10.0 58.112 0
014222 18.25 10.0 58.675 0
014252 18.25 10.0 59.3 0
014322 18.25 10.0 60.05 0
014352 18.25 10.0 60.862 0
014423 18.187 10.0 61.925 0
014454 18.187 10.0 62.862 0
014524 18.187 10.0 63.675 0
014555 18.187 10.0 64.3 0
014625 18.187 10.0 64.737 0
014655 18.187 10.0 65.112 0
014725 18.187 10.0 65.425 0
014755 18.187 10.0 65.675 0
014825 18.187 10.0 65.862 0
014855 18.187 10.0 65.987 0
014925 18.187 10.0 66.112 0
014956 18.187 10.0 66.237 0
015026 18.187 10.0 66.3 0
015056 18.187 10.0 66.425 0
015127 18.187 10.0 66.487 0
015157 18.187 10.0 66.55 0
015228 18.187 10.0 66.612 0
015258 18.187 10.0 66.675 0
015328 18.187 10.0 66.737 0
015359 18.187 10.0 66.737 0
015429 18.125 10.0 66.8 0
015459 18.125 10.0 66.862 0
015529 18.125 10.0 66.862 0
015559 18.125 10.0 66.925 0
015630 18.125 10.0 66.987 0
015700 18.187 10.0 66.987 0
015731 18.187 10.0 67.05 0
015802 18.187 10.0 67.05 0
015832 18.187 10.0 67.112 0
015902 18.187 10.0 67.112 0
015932 18.125 10.0 67.175 0
020002 18.125 10.0 67.175 0
020032 18.125 10.0 67.237 0
020103 18.125 10.0 67.237 0
020133 18.125 10.0 67.3 0
020203 18.125 10.0 67.3 0
020233 18.125 10.0 67.3 0
020304 18.125 10.0 67.3 0
020335 18.125 10.0 67.3 0
020407 18.125 10.0 67.362 0
020438 18.125 10.0 67.362 0
020508 18.125 10.0 67.362 0
020538 18.125 10.0 67.362 0
020609 18.125 10.0 67.362 0
020639 18.125 10.0 67.362 0
020709 18.125 10.0 67.362 0
020740 18.125 10.0 67.362 0
020810 18.125 10.0 67.362 0
020841 18.125 10.0 67.362 0
020911 18.125 10.0 67.362 0
020941 18.125 10.0 67.362 0
021012 18.125 10.0 67.362 0
021042 18.125 10.0 67.362 0
021112 18.125 10.0 67.362 0
021143 18.062 10.0 67.362 0
021213 18.062 10.0 67.362 0
021243 18.062 10.0 67.362 0
021313 18.062 10.0 67.362 0
021343 18.062 10.0 67.362 0
021414 18.062 10.0 67.3 0
021445 18.062 10.0 67.3 0
021516 18.062 10.0 67.3 0
021546 18.062 10.0 67.3 0
021617 18.062 10.0 67.3 0
021647 18.062 10.0 67.3 0
021718 18.062 10.0 67.3 0
021748 18.062 10.0 67.3 0
021818 18.062 10.0 67.237 0
021848 18.062 10.0 67.237 0
021919 18.062 10.0 67.237 0
021949 18.062 10.0 67.237 0
022020 18.062 10.0 67.237 0
022050 18.062 10.0 67.237 0
022120 18.062 10.0 67.175 0
022151 18.062 10.0 67.175 0
022221 18.062 10.0 67.175 0
022251 18.062 10.0 67.175 0
022322 18.062 10.0 67.175 0
022352 18.062 10.0 67.175 0
022423 18.0 10.0 67.112 0
022453 18.0 10.0 67.112 0
022523 18.0 10.0 67.112 0
022553 18.0 10.0 67.112 0
022623 18.0 10.0 67.05 0
022654 18.0 10.0 67.05 0
022725 18.0 10.0 67.05 0
022755 18.0 10.0 67.05 0
022825 18.0 10.0 67.05 0
022855 18.0 10.0 66.987 0
022925 18.0 10.0 66.987 0
022956 18.0 10.0 66.987 0
023027 18.0 10.0 66.987 0
023058 18.0 10.0 66.987 0
023128 18.0 10.0 66.925 0
023159 18.0 10.0 66.925 0
023229 18.0 10.0 66.925 0
023300 18.0 10.0 66.925 0
023330 18.0 10.0 66.862 0
023401 18.0 10.0 66.862 0
023431 18.0 10.0 66.862 0
023501 18.0 10.0 66.862 0
023531 18.0 10.0 66.8 0
023602 18.0 10.0 66.8 0
023632 18.0 10.0 66.8 0
023703 17.937 10.0 66.8 0
023733 17.937 10.0 66.8 0
023804 17.937 10.0 66.737 0
023835 17.937 10.0 66.737 0
023906 17.937 10.0 66.737 0
023936 17.937 10.0 66.675 0
024006 17.937 10.0 66.675 0
024037 17.937 10.0 66.675 0
024107 17.937 10.0 66.675 0
024137 17.937 10.0 66.675 0
024208 17.937 10.0 66.612 0
024238 17.937 10.0 66.612 0
024309 17.937 10.0 66.612 0
024340 17.937 10.0 66.55 0
024410 17.937 10.0 66.55 0
024440 17.937 10.0 66.55 0
024510 17.937 10.0 66.55 0
024540 17.937 10.0 66.487 0
024611 17.937 10.0 66.55 0
024644 17.937 10.0 66.612 0
024714 17.937 10.0 66.737 0
024744 17.937 10.0 66.8 0
024815 17.937 10.0 66.8 0
024845 17.937 10.0 66.862 0
024916 17.875 10.0 66.862 0
024946 17.875 10.0 66.862 0
025017 17.875 10.0 66.862 0
025047 17.875 10.0 66.862 0
025117 17.875 10.0 66.862 0
025148 17.875 10.0 66.862 0
025218 17.875 10.0 66.8 0
025249 17.875 10.0 66.8 0
025319 17.875 10.0 66.8 0
025349 17.875 10.0 66.8 0
025420 17.875 10.0 66.8 0
025450 17.875 10.0 66.737 0
025521 17.875 10.0 66.737 0
025551 17.875 10.0 66.737 0
025621 17.875 10.0 66.737 0
025651 17.875 10.0 66.737 0
025722 17.875 10.0 66.737 0
025752 17.875 10.0 66.675 0
025822 17.875 10.0 66.675 0
025852 17.875 10.0 66.675 0
025923 17.875 10.0 66.675 0
025953 17.875 10.0 66.675 0
030024 17.875 10.0 66.612 0
030054 17.875 10.0 66.612 0
030125 17.875 10.0 66.612 0
030156 17.875 10.0 66.612 0
030227 17.875 10.0 66.55 0
030257 17.875 10.0 66.55 0
030328 17.875 10.0 66.55 0
030358 17.875 10.0 66.55 0
030428 17.875 10.0 66.487 0
030458 17.875 10.0 66.487 0
030528 17.875 10.0 66.487 0
030559 17.875 10.0 66.487 0
030629 17.875 10.0 66.487 0
030659 17.812 10.0 66.425 0
030729 17.812 10.0 66.425 0
030800 17.812 10.0 66.425 0
030830 17.812 10.0 66.425 0
030901 17.812 10.0 66.362 0
030931 17.812 10.0 66.362 0
031002 17.812 10.0 66.3 0
031032 17.812 10.0 66.3 0
031103 17.812 10.0 66.3 0
031133 17.812 10.0 66.3 0
031203 17.812 10.0 66.237 0
031234 17.812 10.0 66.237 0
031304 17.812 10.0 66.237 0
031335 17.812 10.0 66.175 0
031405 17.812 10.0 66.175 0
031435 17.812 10.0 66.175 0
031505 17.812 10.0 66.175 0
031535 17.812 10.0 66.112 0
031605 17.812 10.0 66.112 0
031635 17.812 10.0 66.05 0
031705 17.812 10.0 66.05 0
031736 17.812 10.0 66.05 0
031806 17.812 10.0 65.987 0
031836 17.812 10.0 65.987 0
031907 17.812 10.0 65.987 0
031937 17.812 10.0 65.925 0
032008 17.812 10.0 65.925 0
032038 17.812 10.0 65.925 0
032109 17.812 10.0 65.862 0
032139 17.812 10.0 65.862 0
032209 17.812 10.0 65.862 0
032239 17.812 10.0 65.8 0
032309 17.812 10.0 65.8 0
032339 17.812 10.0 65.8 0
032410 17.812 10.0 65.737 0
032440 17.812 10.0 65.737 0
032510 17.812 10.0 65.737 0
032541 17.812 10.0 65.675 0
032611 17.812 10.0 65.675 0
032642 17.812 10.0 65.675 0
032712 17.812 10.0 65.612 0
032742 17.812 10.0 65.612 0
032813 17.812 10.0 65.55 0
032843 17.812 10.0 65.55 0
032914 17.812 10.0 65.55 0
032944 17.75 10.0 65.55 0
033015 17.75 10.0 65.487 0
033045 17.75 10.0 65.487 0
033115 17.75 10.0 65.487 0
033146 17.75 10.0 65.425 0
033216 17.75 10.0 65.425 0
033246 17.75 10.0 65.362 0
033317 17.75 10.0 65.362 0
033347 17.75 10.0 65.362 0
033418 17.75 10.0 65.3 0
033448 17.75 10.0 65.3 0
033518 17.75 10.0 65.3 0
033549 17.75 10.0 65.237 0
033620 17.75 10.0 65.237 0
033653 17.75 10.0 65.175 0
033724 17.75 10.0 65.175 0
033754 17.75 10.0 65.175 0
033825 17.75 10.0 65.112 0
033855 17.75 10.0 65.112 0
033926 17.75 10.0 65.05 0
033957 17.75 10.0 65.05 0
034027 17.75 10.0 64.987 0
034058 17.75 10.0 64.987 0
034128 17.75 10.0 64.925 0
034158 17.75 10.0 64.925 0
034228 17.75 10.0 64.862 0
034258 17.75 10.0 64.862 0
034329 17.75 10.0 64.8 0
034359 17.75 10.0 64.8 0
034429 17.75 10.0 64.8 0
034459 17.75 10.0 64.737 0
034530 17.75 10.0 64.737 0
034600 17.75 10.0 64.675 0
034630 17.75 10.0 64.675 0
034700 17.687 10.0 64.675 0
034731 17.687 10.0 64.612 0
034801 17.687 10.0 64.675 0
034832 17.687 10.0 64.675 0
034902 17.687 10.0 64.737 0
034932 17.687 10.0 64.8 0
035002 17.687 10.0 64.8 0
035033 17.687 10.0 64.8 0
035103 17.687 10.0 64.862 0
035134 17.687 10.0 64.8 0
035204 17.687 10.0 64.862 0
035235 17.687 10.0 64.862 0
035306 17.687 10.0 64.8 0
035336 17.687 10.0 64.8 0
035406 17.687 10.0 64.8 0
035436 17.687 10.0 64.8 0
035507 17.687 10.0 64.8 0
035537 17.687 10.0 64.737 0
035607 17.687 10.0 64.737 0
035637 17.687 10.0 64.737 0
035707 17.687 10.0 64.675 0
035737 17.687 10.0 64.675 0
035808 17.687 10.0 64.675 0
035839 17.687 10.0 64.612 0
035909 17.687 10.0 64.612 0
035939 17.687 10.0 64.612 0
040009 17.687 10.0 64.612 0
040039 17.687 10.0 64.55 0
040109 17.687 10.0 64.55 0
040140 17.687 10.0 64.55 0
040210 17.687 10.0 64.487 0
040240 17.687 10.0 64.487 0
040310 17.687 10.0 64.425 0
040340 17.687 10.0 64.425 0
040410 17.687 10.0 64.362 0
040440 17.687 10.0 64.362 0
040511 17.687 10.0 64.3 0
040541 17.687 10.0 64.3 0
040611 17.687 10.0 64.237 0
040642 17.687 10.0 64.237 0
040712 17.687 10.0 64.175 0
040742 17.687 10.0 64.175 0
040812 17.687 10.0 64.112 0
040843 17.687 10.0 64.112 0
040913 17.687 10.0 64.112 0
040943 17.625 10.0 64.05 0
041014 17.625 10.0 64.05 0
041045 17.625 10.0 63.987 0
041115 17.625 10.0 63.987 0
041146 17.625 10.0 63.987 0
041216 17.625 10.0 63.925 0
041246 17.625 10.0 63.925 0
041317 17.625 10.0 63.862 0
041348 17.625 10.0 63.862 0
041418 17.625 10.0 63.862 0
041448 17.625 10.0 63.8 0
041518 17.625 10.0 63.8 0
041549 17.625 10.0 63.737 0
041619 17.625 10.0 63.737 0
041650 17.625 10.0 63.737 0
041720 17.625 10.0 63.675 0
041751 17.625 10.0 63.675 0
041821 17.625 10.0 63.612 0
041852 17.625 10.0 63.612 0
041922 17.625 10.0 63.55 0
041952 17.625 10.0 63.55 0
042022 17.625 10.0 63.55 0
042052 17.625 10.0 63.487 0
042122 17.625 10.0 63.487 0
042153 17.625 10.0 63.487 0
042223 17.625 10.0 63.425 0
042253 17.625 10.0 63.425 0
042324 17.625 10.0 63.362 0
042354 17.625 10.0 63.362 0
042424 17.625 10.0 63.3 0
042454 17.625 10.0 63.3 0
042525 17.625 10.0 63.3 0
042556 17.625 10.0 63.237 0
042627 17.625 10.0 63.237 0
042659 17.625 10.0 63.175 0
042729 17.625 10.0 63.112 0
042759 17.625 10.0 63.05 0
042829 17.625 10.0 63.05 0
042859 17.625 10.0 62.987 0
042930 17.625 10.0 62.925 0
043001 17.625 10.0 62.925 0
043031 17.625 10.0 62.862 0
043101 17.625 10.0 62.862 0
043132 17.625 10.0 62.8 0
043202 17.562 10.0 62.8 0
043233 17.562 10.0 62.737 0
043303 17.562 10.0 62.737 0
043334 17.562 10.0 62.675 0
043404 17.562 10.0 62.675 0
043434 17.562 10.0 62.675 0
043504 17.562 10.0 62.612 0
043534 17.562 10.0 62.612 0
043605 17.562 10.0 62.55 0
043635 17.562 10.0 62.55 0
043705 17.562 10.0 62.487 0
043736 17.562 10.0 62.487 0
043806 17.562 10.0 62.425 0
043837 17.562 10.0 62.425 0
043907 17.562 10.0 62.362 0
043937 17.562 10.0 62.362 0
044008 17.562 10.0 62.3 0
044038 17.562 10.0 62.3 0
044109 17.562 10.0 62.3 0
044139 17.562 10.0 62.237 0
044210 17.562 10.0 62.237 0
044241 17.562 10.0 62.175 0
044311 17.562 10.0 62.175 0
044341 17.562 10.0 62.112 0
044411 17.562 10.0 62.112 0
044442 17.562 10.0 62.05 0
044512 17.562 10.0 62.05 0
044542 17.562 10.0 61.987 0
044612 17.562 10.0 61.987 0
044642 17.562 10.0 61.925 0
044712 17.562 10.0 61.925 0
044743 17.562 10.0 61.925 0
044813 17.562 10.0 61.862 0
044844 17.562 10.0 61.8 0
044914 17.562 10.0 61.8 0
044945 17.562 10.0 61.8 0
045015 17.562 10.0 61.8 0
045046 17.562 10.0 61.8 0
045116 17.562 10.0 61.8 0
045147 17.562 10.0 61.737 0
045217 17.562 10.0 61.737 0
045247 17.562 10.0 61.675 0
045317 17.562 10.0 61.675 0
045348 17.562 10.0 61.675 0
045419 17.562 10.0 61.612 0
045449 17.562 10.0 61.612 0
045519 17.562 10.0 61.55 0
045550 17.562 10.0 61.55 0
045620 17.562 10.0 61.487 0
045650 17.562 10.0 61.487 0
045720 17.562 10.0 61.487 0
045751 17.562 10.0 61.425 0
045821 17.562 10.0 61.425 0
045852 17.562 10.0 61.425 0
045922 17.562 10.0 61.362 0
045952 17.562 10.0 61.3 0
050023 17.562 10.0 61.3 0
050053 17.562 10.0 61.3 0
050123 17.562 10.0 61.237 0
050154 17.562 10.0 61.237 0
050224 17.5 10.0 61.175 0
050254 17.5 10.0 61.175 0
050325 17.5 10.0 61.175 0
050355 17.5 10.0 61.112 0
050425 17.5 10.0 61.112 0
050455 17.5 10.0 61.05 0
050525 17.5 10.0 61.05 0
050555 17.5 10.0 60.987 0
050625 17.5 10.0 60.987 0
050656 17.5 10.0 60.925 0
050726 17.5 10.0 60.925 0
050757 17.5 10.0 60.862 0
050828 17.5 10.0 60.862 0
050858 17.5 10.0 60.862 0
050929 17.5 10.0 60.8 0
050959 17.5 10.0 60.8 0
051029 17.5 10.0 60.737 0
051059 17.5 10.0 60.737 0
051129 17.5 10.0 60.675 0
051200 17.5 10.0 60.675 0
051230 17.5 10.0 60.612 0
051301 17.5 10.0 60.612 0
051331 17.5 10.0 60.55 0
051401 17.5 10.0 60.487 0
051432 17.5 10.0 60.362 0
051503 17.5 10.0 60.3 0
051534 17.5 10.0 60.237 0
051604 17.5 10.0 60.237 0
051635 17.5 10.0 60.175 0
051705 17.5 10.0 60.112 0
051736 17.5 10.0 60.112 0
051806 17.5 10.0 60.05 0
051837 17.5 10.0 60.05 0
051907 17.5 10.0 59.987 0
051940 17.5 10.0 59.925 0
052010 17.5 10.0 59.925 0
052041 17.5 10.0 59.925 0
052111 17.5 10.0 59.862 0
052142 17.5 10.0 59.8 0
052212 17.437 10.0 59.8 0
052242 17.437 10.0 59.737 0
052312 17.437 10.0 59.737 0
052342 17.437 10.0 59.675 0
052412 17.437 10.0 59.675 0
052443 17.437 10.0 59.612 0
052513 17.437 10.0 59.612 0
052543 17.437 10.0 59.55 0
052614 17.437 10.0 59.55 0
052644 17.437 10.0 59.487 0
052715 17.437 10.0 59.487 0
052745 17.437 10.0 59.425 0
052815 17.437 10.0 59.425 0
052846 17.437 10.0 59.362 0
052916 17.437 10.0 59.362 0
052946 17.437 10.0 59.3 0
053017 17.437 10.0 59.3 0
053048 17.437 10.0 59.237 0
053118 17.437 10.0 59.237 0
053148 17.437 10.0 59.175 0
053218 17.437 10.0 59.175 0
053248 17.437 10.0 59.112 0
053318 17.437 10.0 59.112 0
053349 17.437 10.0 59.05 0
053419 17.437 10.0 59.05 0
053449 17.437 10.0 58.987 0
053519 17.437 10.0 58.987 0
053550 17.437 10.0 58.925 0
053620 17.437 10.0 58.8 0
053650 17.437 10.0 58.737 0
053720 17.437 10.0 58.612 0
053751 17.437 10.0 58.55 0
053821 17.437 10.0 58.487 0
053851 17.437 10.0 58.425 0
053922 17.437 10.0 58.425 0
053952 17.437 10.0 58.362 0
054022 17.437 10.0 58.3 0
054052 17.437 10.0 58.3 0
054123 17.437 10.0 58.237 0
054154 17.437 10.0 58.175 0
054224 17.437 10.0 58.175 0
054255 17.437 10.0 58.112 0
054326 17.437 10.0 58.112 0
054356 17.437 10.0 58.05 0
054426 17.437 10.0 58.05 0
054456 17.437 10.0 57.987 0
054527 17.437 10.0 57.987 0
054557 17.437 10.0 57.925 0
054628 17.437 10.0 57.925 0
054658 17.437 10.0 57.862 0
054729 17.375 10.0 57.862 0
054759 17.375 10.0 57.8 0
054829 17.375 10.0 57.8 0
054900 17.375 10.0 57.737 0
054930 17.375 10.0 57.737 0
055000 17.375 10.0 57.675 0
055031 17.375 10.0 57.675 0
055101 17.375 10.0 57.612 0
055131 17.375 10.0 57.612 0
055201 17.375 10.0 57.612 0
055231 17.375 10.0 57.612 0
055301 17.375 10.0 57.612 0
055332 17.375 10.0 57.612 0
055402 17.375 10.0 57.55 0
055432 17.375 10.0 57.55 0
055502 17.375 10.0 57.55 0
055533 17.375 10.0 57.55 0
055603 17.375 10.0 57.487 0
055633 17.375 10.0 57.487 0
055703 17.375 10.0 57.487 0
055734 17.375 10.0 57.425 0
055804 17.375 10.0 57.362 0
055834 17.375 10.0 57.3 0
055905 17.375 10.0 57.237 0
055936 17.375 10.0 57.175 0
060006 17.375 10.0 57.112 0
060037 17.375 10.0 57.05 0
060107 17.375 10.0 57.05 0
060137 17.375 10.0 57.05 0
060207 17.375 10.0 57.112 0
060238 17.375 10.0 57.237 0
060308 17.375 10.0 57.487 0
060339 17.375 10.0 57.862 0
060409 17.375 10.0 58.425 0
060439 17.375 10.0 59.05 0
060509 17.312 10.0 59.862 0
060540 17.312 10.0 60.862 0
060611 17.312 10.0 61.862 0
060641 17.312 10.0 62.8 0
060712 17.312 10.0 63.612 0
060742 17.375 10.0 64.3 0
060813 17.375 10.0 64.8 0
060843 17.375 10.0 65.175 0
060913 17.375 10.0 65.487 0
060945 17.375 10.0 65.8 0
061016 17.375 10.0 66.05 0
061046 17.375 10.0 66.175 0
061116 17.375 10.0 66.362 0
061147 17.375 10.0 66.487 0
061217 17.375 10.0 66.55 0
061247 17.375 10.0 66.675 0
061317 17.375 10.0 66.737 0
061348 17.375 10.0 66.8 0
061418 17.375 10.0 66.862 0
061449 17.312 10.0 66.925 0
061519 17.312 10.0 66.987 0
061549 17.312 10.0 67.05 0
061620 17.312 10.0 67.112 0
061651 17.312 10.0 67.112 0
061721 17.312 10.0 67.175 0
061752 17.312 10.0 67.237 0
061822 17.312 10.0 67.3 0
061853 17.312 10.0 67.362 0
061923 17.312 10.0 67.362 0
061953 17.312 10.0 67.425 0
062024 17.312 10.0 67.425 0
062054 17.312 10.0 67.487 0
062125 17.312 10.0 67.487 0
062155 17.312 10.0 67.55 0
062225 17.312 10.0 67.55 0
062256 17.312 10.0 67.55 0
062326 17.312 10.0 67.55 0
062357 17.312 10.0 67.55 0
062427 17.312 10.0 67.55 0
062457 17.312 10.0 67.55 0
062528 17.312 10.0 67.612 0
062558 17.312 10.0 67.612 0
062629 17.312 10.0 67.612 0
062659 17.312 10.0 67.612 0
062729 17.312 10.0 67.612 0
062800 17.312 10.0 67.612 0
062830 17.312 10.0 67.612 0
062900 17.312 10.0 67.612 0
062930 17.312 10.0 67.675 0
063000 17.312 10.0 67.612 0
063031 17.312 10.0 67.612 0
063101 17.312 10.0 67.675 0
063131 17.312 10.0 67.612 0
063201 17.312 10.0 67.675 0
063231 17.312 10.0 67.675 0
063301 17.312 10.0 67.675 0
063331 17.312 10.0 67.675 0
063402 17.312 10.0 67.675 0
063432 17.312 10.0 67.675 0
063503 17.25 10.0 67.675 0
063533 17.25 10.0 67.675 0
063604 17.25 10.0 67.612 0
063634 17.25 10.0 67.612 0
063704 17.25 10.0 67.612 0
063735 17.312 10.0 67.612 0
063805 17.312 10.0 67.612 0
063836 17.312 10.0 67.612 0
063906 17.312 10.0 67.612 0
063936 17.312 10.0 67.612 0
064006 17.25 10.0 67.612 0
064036 17.25 10.0 67.612 0
064107 17.25 10.0 67.612 0
064137 17.25 10.0 67.612 0
064207 17.25 10.0 67.612 0
064238 17.25 10.0 67.612 0
064309 17.25 10.0 67.612 0
064340 17.25 10.0 67.612 0
064410 17.25 10.0 67.55 0
064440 17.25 10.0 67.55 0
064511 17.25 10.0 67.55 0
064541 17.25 10.0 67.55 0
064611 17.25 10.0 67.55 0
064641 17.25 10.0 67.55 0
064712 17.25 10.0 67.55 0
064742 17.25 10.0 67.55 0
064813 17.25 10.0 67.55 0
064843 17.25 10.0 67.55 0
064913 17.25 10.0 67.55 0
064944 17.25 10.0 67.55 0
065014 17.25 10.0 67.55 0
065045 17.25 10.0 67.487 0
065115 17.25 10.0 67.487 0
065146 17.25 10.0 67.487 0
065216 17.25 10.0 67.487 0
065246 17.25 10.0 67.487 0
065316 17.25 10.0 67.487 0
065347 17.25 10.0 67.425 0
065417 17.25 10.0 67.425 0
065448 17.25 10.0 67.425 0
065518 17.25 10.0 67.425 0
065548 17.25 10.0 67.425 0
065619 17.25 10.0 67.425 0
065649 17.25 10.0 67.362 0
065719 17.25 10.0 67.362 0
065750 17.25 10.0 67.362 0
065820 17.25 10.0 67.362 0
065850 17.25 10.0 67.362 0
065921 17.25 10.0 67.3 0
065953 17.25 10.0 67.3 0
070023 17.25 10.0 67.3 0
070054 17.25 10.0 67.3 0
070124 17.25 10.0 67.3 0
070154 17.25 10.0 67.237 0
070225 17.25 10.0 67.237 0
070255 17.25 10.0 67.237 0
070325 17.25 10.0 67.237 0
070355 17.25 10.0 67.237 0
070425 17.25 10.0 67.175 0
070455 17.25 10.0 67.175 0
070525 17.25 10.0 67.175 0
070556 17.25 10.0 67.175 0
070626 17.25 10.0 67.112 0
070656 17.25 10.0 67.112 0
070727 17.187 10.0 67.112 0
070757 17.187 10.0 67.112 0
070827 17.187 10.0 67.237 0
070858 17.187 10.0 67.3 0
070928 17.187 10.0 67.425 0
070959 17.187 10.0 67.487 0
071029 17.187 10.0 67.487 0
071059 17.187 10.0 67.55 0
071129 17.187 10.0 67.55 0
071159 17.187 10.0 67.55 0
071229 17.187 10.0 67.55 0
071300 17.187 10.0 67.55 0
071330 17.187 10.0 67.55 0
071400 17.187 10.0 67.55 0
071431 17.187 10.0 67.55 0
071501 17.187 10.0 67.55 0
071531 17.187 10.0 67.55 0
071602 17.187 10.0 67.55 0
071632 17.187 10.0 67.55 0
071702 17.187 10.0 67.487 0
071732 17.187 10.0 67.487 0
071802 17.187 10.0 67.487 0
071833 17.187 10.0 67.487 0
071903 17.187 10.0 67.487 0
071933 17.187 10.0 67.425 0
072003 17.187 10.0 67.425 0
072034 17.187 10.0 67.425 0
072104 17.187 10.0 67.425 0
072134 17.187 10.0 67.425 0
072205 17.187 10.0 67.425 0
072235 17.187 10.0 67.362 0
072305 17.187 10.0 67.362 0
072336 17.187 10.0 67.362 0
072407 17.187 10.0 67.362 0
072437 17.187 10.0 67.362 0
072507 17.187 10.0 67.3 0
072537 17.187 10.0 67.3 0
072607 17.187 10.0 67.3 0
072637 17.187 10.0 67.3 0
072708 17.187 10.0 67.3 0
072738 17.187 10.0 67.237 0
072809 17.187 10.0 67.237 0
072839 17.187 10.0 67.237 0
072909 17.187 10.0 67.237 0
072940 17.187 10.0 67.175 0
073010 17.187 10.0 67.175 0
073040 17.187 10.0 67.175 0
073111 17.187 10.0 67.175 0
073141 17.187 10.0 67.175 0
073211 17.187 10.0 67.112 0
073242 17.25 10.0 67.112 0
073312 17.25 10.0 67.112 0
073342 17.25 10.0 67.05 0
073412 17.25 10.0 67.05 0
073442 17.25 10.0 67.05 0
073513 17.187 10.0 67.05 0
073543 17.187 10.0 66.987 0
073614 17.187 10.0 66.987 0
073644 17.187 10.0 66.987 0
073714 17.187 10.0 66.925 0
073745 17.25 10.0 66.925 0
073816 17.25 10.0 66.925 0
073847 17.25 10.0 66.925 0
073917 17.25 10.0 66.862 0
073947 17.25 10.0 66.862 0
074018 17.25 10.0 66.862 0
074048 17.25 10.0 66.862 0
074118 17.25 10.0 66.8 0
074148 17.25 10.0 66.8 0
074218 17.25 10.0 66.737 0
074248 17.312 10.0 66.737 0
074319 17.312 10.0 66.737 0
074350 17.312 10.0 66.737 0
074420 17.312 10.0 66.675 0
074450 17.312 10.0 66.675 0
074520 17.25 10.0 66.675 0
074550 17.25 10.0 66.675 0
074620 17.25 10.0 66.612 0
074650 17.25 10.0 66.612 0
074721 17.25 10.0 66.55 0
074751 17.312 10.0 66.55 0
074822 17.312 10.0 66.55 0
074852 17.312 10.0 66.55 0
074922 17.312 10.0 66.487 0
074952 17.312 10.0 66.487 0
075022 17.312 10.0 66.487 0
075053 17.312 10.0 66.425 0
075123 17.312 10.0 66.425 0
075154 17.312 10.0 66.425 0
075224 17.312 10.0 66.362 0
075254 17.312 10.0 66.362 0
075324 17.312 10.0 66.362 0
075355 17.312 10.0 66.3 0
075425 17.312 10.0 66.3 0
075455 17.312 10.0 66.3 0
075525 17.312 10.0 66.237 0
075556 17.312 10.0 66.237 0
075626 17.312 10.0 66.237 0
075656 17.312 10.0 66.175 0
075726 17.312 10.0 66.175 0
075757 17.312 10.0 66.112 0
075827 17.312 10.0 66.112 0
075858 17.312 10.0 66.05 0
075928 17.312 10.0 66.05 0
080000 17.312 10.0 65.987 0
080030 17.312 10.0 65.987 0
080100 17.312 10.0 65.987 0
080131 17.312 10.0 65.925 0
080202 17.312 10.0 65.925 0
080232 17.25 10.0 65.862 0
080302 17.25 10.0 65.862 0
080332 17.25 10.0 65.8 0
080403 17.25 10.0 65.8 0
080433 17.25 10.0 65.8 0
080503 17.25 10.0 65.737 0
080534 17.25 10.0 65.737 0
080604 17.25 10.0 65.737 0
080634 17.25 10.0 65.675 0
080705 17.25 10.0 65.675 0
080735 17.187 10.0 65.612 0
080805 17.187 10.0 65.612 0
080836 17.187 10.0 65.612 0
080907 17.187 10.0 65.55 0
080938 17.187 10.0 65.55 0
081008 17.187 10.0 65.612 0
081038 17.187 10.0 65.612 0
081108 17.187 10.0 65.675 0
081139 17.187 10.0 65.675 0
081209 17.187 10.0 65.675 0
081239 17.187 10.0 65.675 0
081309 17.187 10.0 65.675 0
081339 17.187 10.0 65.675 0
081410 17.187 10.0 65.675 0
081440 17.187 10.0 65.675 0
081511 17.187 10.0 65.675 0
081541 17.187 10.0 65.675 0
081611 17.187 10.0 65.612 0
081641 17.187 10.0 65.612 0
081711 17.187 10.0 65.612 0
081742 17.125 10.0 65.55 0
081812 17.125 10.0 65.55 0
081842 17.125 10.0 65.55 0
081912 17.125 10.0 65.55 0
081943 17.125 10.0 65.487 0
082013 17.125 10.0 65.487 0
082043 17.125 10.0 65.487 0
082114 17.125 10.0 65.425 0
082144 17.125 10.0 65.425 0
082214 17.125 10.0 65.425 0
082245 17.125 10.0 65.362 0
082315 17.125 10.0 65.3 0
082345 17.125 10.0 65.3 0
082415 17.125 10.0 65.3 0
082445 17.125 10.0 65.237 0
082515 17.125 10.0 65.237 0
082545 17.125 10.0 65.175 0
082616 17.125 10.0 65.175 0
082646 17.125 10.0 65.175 0
082716 17.125 10.0 65.112 0
082746 17.125 10.0 65.112 0
082817 17.125 10.0 65.05 0
082848 17.125 10.0 65.05 0
082918 17.125 10.0 65.05 0
082948 17.125 10.0 64.987 0
083019 17.125 10.0 64.987 0
083049 17.125 10.0 64.987 0
083120 17.125 10.0 64.925 0
083150 17.125 10.0 64.925 0
083220 17.125 10.0 64.862 0
083250 17.062 10.0 64.862 0
083320 17.062 10.0 64.862 0
083350 17.062 10.0 64.8 0
083421 17.062 10.0 64.8 0
083451 17.062 10.0 64.737 0
083521 17.062 10.0 64.737 0
083551 17.062 10.0 64.737 0
083621 17.062 10.0 64.675 0
083652 17.062 10.0 64.675 0
083723 17.062 10.0 64.675 0
083753 17.062 10.0 64.612 0
083824 17.062 10.0 64.612 0
083854 17.062 10.0 64.55 0
083924 17.062 10.0 64.55 0
083954 17.062 10.0 64.55 0
084025 17.062 10.0 64.487 0
084056 17.062 10.0 64.487 0
084126 17.062 10.0 64.487 0
084156 17.062 10.0 64.425 0
084226 17.062 10.0 64.425 0
084257 17.062 10.0 64.362 0
084327 17.062 10.0 64.362 0
084357 17.062 10.0 64.3 0
084428 17.062 10.0 64.3 0
084458 17.062 10.0 64.3 0
084528 17.062 10.0 64.237 0
084559 17.062 10.0 64.175 0
084629 17.062 10.0 64.175 0
084700 17.062 10.0 64.112 0
084731 17.062 10.0 64.05 0
084801 17.062 10.0 64.05 0
084831 17.062 10.0 63.987 0
084902 17.062 10.0 63.987 0
084932 17.062 10.0 63.925 0
085002 17.062 10.0 63.925 0
085032 17.062 10.0 63.862 0
085103 17.062 10.0 63.862 0
085133 17.062 10.0 63.8 0
085203 17.062 10.0 63.8 0
085233 17.062 10.0 63.737 0
085304 17.062 10.0 63.737 0
085335 17.062 10.0 63.737 0
085405 17.062 10.0 63.675 0
085436 17.062 10.0 63.675 0
085507 17.25 10.0 63.612 0
085537 17.25 10.0 63.612 0
085608 17.25 10.0 63.55 0
085639 17.25 10.0 63.55 0
085710 17.25 10.0 63.487 0
085740 17.375 10.0 63.487 0
085811 17.375 10.0 63.425 0
085841 17.375 10.0 63.425 0
085912 17.375 10.0 63.425 0
085942 17.375 10.0 63.362 0
090013 17.437 10.0 63.362 0
090044 17.437 10.0 63.3 0
090114 17.437 10.0 63.3 0
090145 17.437 10.0 63.237 0
090215 17.437 10.0 63.237 0
090246 17.5 10.0 63.175 0
090317 17.5 10.0 63.175 0
090347 17.5 10.0 63.112 0
090418 17.5 10.0 63.112 0
090448 17.5 10.0 63.05 0
090518 17.625 10.0 63.05 0
090548 17.625 10.0 62.987 0
090618 17.625 10.0 62.987 0
090649 17.625 10.0 62.925 0
090719 17.625 10.0 62.925 0
090749 17.687 10.0 62.862 0
090820 17.687 10.0 62.8 0
090850 17.687 10.0 62.8 0
090920 17.687 10.0 62.737 0
090950 17.687 10.0 62.675 0
091020 17.75 10.0 62.55 0
091051 17.75 10.0 62.55 0
091121 17.75 10.0 62.487 0
091151 17.75 10.0 62.487 0
091221 17.75 10.0 62.487 0
091251 17.875 10.0 62.487 0
091322 17.875 10.0 62.487 0
091352 17.875 10.0 62.425 0
091422 17.875 10.0 62.425 0
091453 17.875 10.0 62.425 0
091523 18.0 10.0 62.425 0
091553 18.0 10.0 62.362 0
091623 18.0 10.0 62.362 0
091653 18.0 10.0 62.362 0
091724 18.0 10.0 62.3 0
091754 18.125 10.0 62.3 0
091824 18.125 10.0 62.3 0
091854 18.125 10.0 62.237 0
091924 18.125 10.0 62.237 0
091954 18.125 10.0 62.237 0
092025 18.125 10.0 62.175 0
092055 18.125 10.0 62.175 0
092126 18.125 10.0 62.112 0
092156 18.125 10.0 62.112 0
092227 18.125 10.0 62.112 0
092257 18.187 10.0 62.05 0
092327 18.187 10.0 62.05 0
092358 18.187 10.0 61.987 0
092429 18.187 10.0 61.987 0
092459 18.187 10.0 61.925 0
092529 18.25 10.0 61.925 0
092559 18.25 10.0 61.925 0
092629 18.25 10.0 61.862 0
092700 18.25 10.0 61.862 0
092731 18.25 10.0 61.8 0
092801 18.312 10.0 61.8 0
092831 18.312 10.0 61.737 0
092902 18.312 10.0 61.737 0
092933 18.312 10.0 61.737 0
093003 18.312 10.0 61.675 0
093033 18.375 10.0 61.675 0
093104 18.375 10.0 61.612 0
093134 18.375 10.0 61.55 0
093205 18.375 10.0 61.487 0
093235 18.375 10.0 61.425 0
093305 18.437 10.0 61.362 0
093335 18.437 10.0 61.3 0
093405 18.437 10.0 61.237 0
093435 18.437 10.0 61.237 0
093506 18.437 10.0 61.175 0
093536 18.5 10.0 61.112 0
093606 18.5 10.0 61.112 0
093636 18.5 10.0 61.05 0
093706 18.5 10.0 61.05 0
093737 18.5 10.0 60.987 0
093807 18.5 10.0 60.987 0
093838 18.5 10.0 60.925 0
093908 18.5 10.0 60.925 0
093939 18.5 10.0 60.862 0
094009 18.5 10.0 60.862 0
094039 18.5 10.0 60.8 0
094110 18.5 10.0 60.8 0
094141 18.5 10.0 60.737 0
094211 18.5 10.0 60.737 0
094243 18.562 10.0 60.675 0
094314 18.562 10.0 60.612 0
094344 18.562 10.0 60.612 0
094414 18.562 10.0 60.55 0
094445 18.562 10.0 60.55 0
094515 18.562 10.0 60.487 0
094546 18.562 10.0 60.487 0
094616 18.562 10.0 60.425 0
094647 18.562 10.0 60.425 0
094717 18.562 10.0 60.362 0
094747 18.625 10.0 60.362 0
094818 18.625 10.0 60.3 0
094848 18.625 10.0 60.3 0
094918 18.625 10.0 60.237 0
094948 18.625 10.0 60.237 0
095018 18.687 10.0 60.175 0
095048 18.687 10.0 60.175 0
095119 18.687 10.0 60.112 0
095150 18.687 10.0 60.112 0
095221 18.687 10.0 60.05 0
095251 18.687 10.0 59.987 0
095321 18.687 10.0 59.925 0
095352 18.687 10.0 59.862 0
095422 18.687 10.0 59.737 0
095453 18.687 10.0 59.675 0
095523 18.687 10.0 59.55 0
095553 18.687 10.0 59.487 0
095624 18.687 10.0 59.425 0
095654 18.687 10.0 59.425 0
095724 18.687 10.0 59.362 0
095754 18.75 10.0 59.3 0
095825 18.75 10.0 59.3 0
095856 18.75 10.0 59.237 0
095926 18.75 10.0 59.175 0
095956 18.75 10.0 59.175 0
100026 18.687 10.0 59.112 0
100057 18.687 10.0 59.112 0
100127 18.687 10.0 59.05 0
100157 18.687 10.0 59.05 0
100228 18.687 10.0 58.987 0
100258 18.75 10.0 58.987 0
100328 18.75 10.0 58.925 0
100359 18.75 10.0 58.862 0
100429 18.75 10.0 58.862 0
100500 18.75 10.0 58.8 0
100530 18.75 10.0 58.8 0
100600 18.75 10.0 58.737 0
100630 18.75 10.0 58.737 0
100701 18.75 10.0 58.675 0
100731 18.75 10.0 58.675 0
100801 18.812 10.0 58.612 0
100831 18.812 10.0 58.55 0
100902 18.812 10.0 58.55 0
100932 18.812 10.0 58.487 0
101002 18.812 10.0 58.487 0
101032 18.812 10.0 58.425 0
101103 18.812 10.0 58.425 0
101133 18.812 10.0 58.362 0
101204 18.812 10.0 58.3 0
101234 18.812 10.0 58.3 0
101304 18.812 10.0 58.237 0
101335 18.812 10.0 58.237 0
101406 18.812 10.0 58.237 0
101436 18.812 10.0 58.237 0
101506 18.812 10.0 58.175 0
101536 18.875 10.0 58.112 0
101606 18.875 10.0 58.05 0
101637 18.875 10.0 57.987 0
101707 18.875 10.0 57.925 0
101737 18.875 10.0 57.862 0
101807 18.875 10.0 57.8 0
101837 18.875 10.0 57.737 0
101907 18.875 10.0 57.737 0
101938 18.875 10.0 57.675 0
102008 18.875 10.0 57.675 0
102038 18.875 10.0 57.612 0
102108 18.875 10.0 57.55 0
102138 18.875 10.0 57.55 0
102209 18.875 10.0 57.487 0
102240 18.875 10.0 57.487 0
102310 18.875 10.0 57.425 0
102340 18.875 10.0 57.425 0
102411 18.875 10.0 57.362 0
102441 18.875 10.0 57.362 0
102511 18.875 10.0 57.3 0
102542 18.875 10.0 57.3 0
102612 18.875 10.0 57.237 0
102642 18.875 10.0 57.237 0
102712 18.875 10.0 57.175 0
102743 18.875 10.0 57.175 0
102813 18.937 10.0 57.112 0
102843 18.937 10.0 57.112 0
102913 18.937 10.0 57.112 0
102944 18.937 10.0 57.175 0
103014 18.937 10.0 57.3 0
103045 19.0 10.0 57.55 0
103115 19.0 10.0 57.925 0
103146 19.0 10.0 58.425 0
103216 19.0 10.0 59.112 0
103246 19.0 10.0 59.925 0
103316 19.062 10.0 60.8 0
103347 19.062 10.0 61.862 0
103418 19.062 10.0 62.862 0
103448 19.062 10.0 63.675 0
103518 19.062 10.0 64.3 0
103548 19.062 10.0 64.8 0
103619 19.062 10.0 65.175 0
103649 19.062 10.0 65.487 0
103719 19.062 10.0 65.675 0
103752 19.062 10.0 65.862 0
103823 19.062 10.0 65.987 0
103853 19.062 10.0 66.05 0
103923 19.062 10.0 66.112 0
103953 19.062 10.0 66.175 0
104023 19.062 10.0 66.237 0
104053 19.062 10.0 66.237 0
104124 19.062 10.0 66.3 0
104154 19.062 10.0 66.3 0
104224 19.062 10.0 66.362 0
104255 19.0 10.0 66.362 0
104325 19.0 10.0 66.362 0
104355 19.0 10.0 66.425 0
104426 19.0 10.0 66.425 0
104456 19.0 10.0 66.425 0
104526 19.0 10.0 66.487 0
104557 19.0 10.0 66.487 0
104627 19.0 10.0 66.487 0
104657 19.0 10.0 66.55 0
104727 19.0 10.0 66.55 0
104758 19.0 10.0 66.55 0
104828 19.0 10.0 66.612 0
104858 19.0 10.0 66.612 0
104929 19.0 10.0 66.612 0
105000 19.0 10.0 66.612 0
105030 19.125 10.0 66.675 0
105101 19.125 10.0 66.675 0
105131 19.125 10.0 66.675 0
105201 19.125 10.0 66.675 0
105232 19.125 10.0 66.737 0
105302 19.187 10.0 66.737 0
105333 19.187 10.0 66.737 0
105403 19.187 10.0 66.737 0
105433 19.187 10.0 66.737 0
105504 19.187 10.0 66.737 0
105534 19.25 10.0 66.8 0
105604 19.25 10.0 66.8 0
105635 19.25 10.0 66.8 0
105705 19.25 10.0 66.8 0
105735 19.25 10.0 66.8 0
105805 19.25 10.0 66.8 0
105835 19.25 10.0 66.862 0
105905 19.25 10.0 66.862 0
105935 19.25 10.0 66.862 0
110006 19.25 10.0 66.862 0
110036 19.187 10.0 66.862 0
110106 19.187 10.0 66.862 0
110136 19.187 10.0 66.862 0
110206 19.187 10.0 66.862 0
110237 19.187 10.0 66.862 0
110307 19.125 10.0 66.862 0
110337 19.125 10.0 66.862 0
110408 19.125 10.0 66.862 0
110438 19.125 10.0 66.862 0
110508 19.125 10.0 66.862 0
110538 19.187 10.0 66.862 0
110608 19.187 10.0 66.862 0
110638 19.187 10.0 66.862 0
110709 19.187 10.0 66.862 0
110739 19.187 10.0 66.862 0
110809 19.187 10.0 66.862 0
110839 19.187 10.0 66.862 0
110909 19.187 10.0 66.8 0
110939 19.187 10.0 66.8 0
111009 19.187 10.0 66.862 0
111040 19.25 10.0 66.8 0
111110 19.25 10.0 66.8 0
111141 19.25 10.0 66.8 0
111212 19.25 10.0 66.8 0
111242 19.25 10.0 66.8 0
111312 19.25 10.0 66.737 0
111343 19.25 10.0 66.737 0
111413 19.25 10.0 66.737 0
111443 19.25 10.0 66.737 0
111514 19.25 10.0 66.737 0
111544 19.25 10.0 66.675 0
111614 19.25 10.0 66.675 0
111645 19.25 10.0 66.675 0
111715 19.25 10.0 66.675 0
111745 19.25 10.0 66.675 0
111816 19.25 10.0 66.675 0
111846 19.25 10.0 66.675 0
111917 19.25 10.0 66.612 0
111947 19.25 10.0 66.612 0
112017 19.25 10.0 66.612 0
112047 19.187 10.0 66.612 0
112117 19.187 10.0 66.55 0
112147 19.187 10.0 66.55 0
112218 19.187 10.0 66.55 0
112248 19.187 10.0 66.55 0
112318 19.187 10.0 66.55 0
112349 19.187 10.0 66.487 0
112419 19.187 10.0 66.487 0
112450 19.187 10.0 66.487 0
112520 19.187 10.0 66.487 0
112551 19.187 10.0 66.425 0
112621 19.187 10.0 66.425 0
112651 19.187 10.0 66.425 0
112721 19.187 10.0 66.425 0
112752 19.187 10.0 66.362 0
112823 19.125 10.0 66.362 0
112853 19.125 10.0 66.362 0
112923 19.125 10.0 66.3 0
112953 19.125 10.0 66.3 0
113024 19.125 10.0 66.3 0
113054 19.187 10.0 66.3 0
113125 19.187 10.0 66.237 0
113156 19.187 10.0 66.237 0
113226 19.187 10.0 66.237 0
113256 19.187 10.0 66.237 0
113326 19.187 10.0 66.175 0
113356 19.187 10.0 66.175 0
113427 19.187 10.0 66.175 0
113458 19.187 10.0 66.175 0
113528 19.187 10.0 66.112 0
113558 19.187 10.0 66.175 0
113629 19.187 10.0 66.237 0
113700 19.187 10.0 66.3 0
113730 19.187 10.0 66.362 0
113802 19.187 10.0 66.425 0
113832 19.187 10.0 66.487 0
113902 19.187 10.0 66.487 0
113932 19.187 10.0 66.487 0
114002 19.187 10.0 66.487 0
114032 19.25 10.0 66.487 0
114103 19.25 10.0 66.55 0
114133 19.25 10.0 66.487 0
114204 19.25 10.0 66.487 0
114234 19.25 10.0 66.487 0
114304 19.25 10.0 66.487 0
114334 19.25 10.0 66.487 0
114405 19.25 10.0 66.487 0
114435 19.25 10.0 66.487 0
114505 19.25 10.0 66.425 0
114535 19.312 10.0 66.425 0
114606 19.312 10.0 66.425 0
114636 19.312 10.0 66.425 0
114706 19.312 10.0 66.425 0
114736 19.312 10.0 66.362 0
114806 19.312 10.0 66.362 0
114837 19.312 10.0 66.362 0
114907 19.312 10.0 66.362 0
114938 19.312 10.0 66.3 0
115008 19.312 10.0 66.3 0
115038 19.312 10.0 66.3 0
115109 19.312 10.0 66.3 0
115140 19.312 10.0 66.3 0
115211 19.312 10.0 66.237 0
115241 19.312 10.0 66.237 0
115311 19.312 10.0 66.237 0
115342 19.312 10.0 66.237 0
115413 19.312 10.0 66.175 0
115443 19.312 10.0 66.175 0
115514 19.312 10.0 66.175 0
115544 19.312 10.0 66.175 0
115615 19.312 10.0 66.175 0
115645 19.312 10.0 66.112 0
115716 19.312 10.0 66.112 0
115746 19.312 10.0 66.112 0
115817 19.312 10.0 66.05 0
115847 19.312 10.0 66.05 0
115917 19.312 10.0 66.05 0
115947 19.312 10.0 66.05 0
120018 19.312 10.0 65.987 0
120048 19.375 10.0 65.987 0
120119 19.375 10.0 65.987 0
120149 19.375 10.0 65.925 0
120219 19.375 10.0 65.925 0
120249 19.375 10.0 65.925 0
120320 19.375 10.0 65.925 0
120350 19.375 10.0 65.862 0
120420 19.375 10.0 65.862 0
120450 19.375 10.0 65.862 0
120520 19.375 10.0 65.862 0
120551 19.375 10.0 65.8 0
120621 19.375 10.0 65.8 0
120652 19.375 10.0 65.8 0
120722 19.375 10.0 65.737 0
120752 19.375 10.0 65.737 0
120822 19.437 10.0 65.737 0
120853 19.437 10.0 65.675 0
120923 19.437 10.0 65.675 0
120953 19.437 10.0 65.675 0
121024 19.437 10.0 65.612 0
121054 19.5 10.0 65.612 0
121125 19.5 10.0 65.612 0
121155 19.5 10.0 65.55 0
121225 19.5 10.0 65.55 0
121256 19.5 10.0 65.55 0
121326 19.5 10.0 65.487 0
121357 19.5 10.0 65.487 0
121427 19.5 10.0 65.425 0
121458 19.5 10.0 65.425 0
121528 19.5 10.0 65.362 0
121558 19.437 10.0 65.3 0
121628 19.437 10.0 65.362 0
121659 19.437 10.0 65.3 0
121729 19.437 10.0 65.3 0
121800 19.437 10.0 65.237 0
121830 19.437 10.0 65.237 0
121901 19.437 10.0 65.237 0
121931 19.437 10.0 65.237 0
122001 19.437 10.0 65.175 0
122031 19.437 10.0 65.175 0
122102 19.375 10.0 65.112 0
122133 19.375 10.0 65.112 0
122203 19.375 10.0 65.112 0
122233 19.375 10.0 65.05 0
122303 19.375 10.0 65.05 0
122334 19.437 10.0 65.05 0
122404 19.437 10.0 64.987 0
122435 19.437 10.0 64.987 0
122506 19.437 10.0 64.925 0
122538 19.437 10.0 64.925 0
122608 19.437 10.0 64.925 0
122639 19.437 10.0 64.862 0
122709 19.437 10.0 64.862 0
122739 19.437 10.0 64.862 0
122809 19.5 10.0 64.8 0
122840 19.5 10.0 64.8 0
122910 19.5 10.0 64.737 0
122940 19.5 10.0 64.737 0
123011 19.5 10.0 64.737 0
123041 19.5 10.0 64.675 0
123111 19.5 10.0 64.675 0
123141 19.5 10.0 64.612 0
123211 19.5 10.0 64.612 0
123242 19.5 10.0 64.612 0
123312 19.5 10.0 64.55 0
123342 19.5 10.0 64.55 0
123413 19.5 10.0 64.55 0
123443 19.5 10.0 64.487 0
123513 19.5 10.0 64.487 0
123544 19.437 10.0 64.425 0
123614 19.437 10.0 64.425 0
123644 19.437 10.0 64.425 0
123714 19.437 10.0 64.362 0
123744 19.437 10.0 64.362 0
123815 19.437 10.0 64.362 0
123845 19.437 10.0 64.362 0
123916 19.437 10.0 64.425 0
123946 19.437 10.0 64.425 0
124017 19.437 10.0 64.362 0
124047 19.437 10.0 64.362 0
124118 19.437 10.0 64.362 0
124148 19.437 10.0 64.362 0
124218 19.437 10.0 64.362 0
124248 19.437 10.0 64.362 0
124318 19.437 10.0 64.3 0
124348 19.437 10.0 64.3 0
124419 19.437 10.0 64.3 0
124449 19.437 10.0 64.237 0
124519 19.437 10.0 64.237 0
124549 19.437 10.0 64.237 0
124619 19.437 10.0 64.175 0
124650 19.437 10.0 64.175 0
124721 19.437 10.0 64.175 0
124751 19.437 10.0 64.175 0
124822 19.5 10.0 64.112 0
124853 19.5 10.0 64.112 0
124923 19.5 10.0 64.05 0
124953 19.5 10.0 64.05 0
125024 19.5 10.0 64.05 0
125054 19.5 10.0 63.987 0
125124 19.5 10.0 63.987 0
125155 19.5 10.0 63.987 0
125225 19.5 10.0 63.925 0
125255 19.5 10.0 63.925 0
125325 19.562 10.0 63.925 0
125356 19.562 10.0 63.862 0
125427 19.562 10.0 63.862 0
125457 19.562 10.0 63.8 0
125527 19.562 10.0 63.8 0
125557 19.5 10.0 63.8 0
125627 19.5 10.0 63.737 0
125658 19.5 10.0 63.737 0
125728 19.5 10.0 63.737 0
125758 19.5 10.0 63.675 0
125829 19.5 10.0 63.675 0
125859 19.5 10.0 63.675 0
125930 19.5 10.0 63.612 0
130000 19.5 10.0 63.55 0
130031 19.5 10.0 63.55 0
130101 19.5 10.0 63.487 0
130132 19.5 10.0 63.487 0
130202 19.5 10.0 63.425 0
130232 19.5 10.0 63.425 0
130302 19.5 10.0 63.362 0
130333 19.437 10.0 63.362 0
130403 19.437 10.0 63.3 0
130434 19.437 10.0 63.3 0
130505 19.437 10.0 63.237 0
130536 19.437 10.0 63.237 0
130606 19.437 10.0 63.175 0
130636 19.437 10.0 63.175 0
130707 19.437 10.0 63.175 0
130738 19.437 10.0 63.112 0
130808 19.437 10.0 63.112 0
130838 19.5 10.0 63.05 0
130909 19.5 10.0 63.05 0
130939 19.5 10.0 62.987 0
131009 19.5 10.0 62.987 0
131040 19.5 10.0 62.987 0
131111 19.5 10.0 62.925 0
131141 19.5 10.0 62.925 0
131211 19.5 10.0 62.862 0
131241 19.5 10.0 62.862 0
131311 19.5 10.0 62.8 0
131341 19.562 10.0 62.8 0
131411 19.562 10.0 62.737 0
131442 19.562 10.0 62.737 0
131512 19.562 10.0 62.737 0
131542 19.562 10.0 62.675 0
131613 19.5 10.0 62.675 0
131643 19.5 10.0 62.612 0
131713 19.5 10.0 62.612 0
131744 19.5 10.0 62.55 0
131816 19.437 10.0 62.55 0
131846 19.437 10.0 62.487 0
131917 19.437 10.0 62.487 0
131947 19.437 10.0 62.487 0
132018 19.437 10.0 62.425 0
132048 19.437 10.0 62.425 0
132118 19.437 10.0 62.362 0
132148 19.437 10.0 62.362 0
132219 19.437 10.0 62.3 0
132249 19.437 10.0 62.3 0
132319 19.437 10.0 62.237 0
132350 19.437 10.0 62.175 0
132420 19.437 10.0 62.112 0
132450 19.437 10.0 62.05 0
132521 19.437 10.0 61.987 0
132551 19.5 10.0 61.987 0
132621 19.5 10.0 61.925 0
132652 19.5 10.0 61.925 0
132722 19.5 10.0 61.862 0
132752 19.5 10.0 61.8 0
132823 19.5 10.0 61.8 0
132853 19.5 10.0 61.737 0
132923 19.5 10.0 61.737 0
132954 19.5 10.0 61.675 0
133025 19.5 10.0 61.675 0
133055 19.5 10.0 61.612 0
133126 19.5 10.0 61.612 0
133156 19.5 10.0 61.55 0
133227 19.5 10.0 61.55 0
133257 19.5 10.0 61.487 0
133328 19.5 10.0 61.487 0
133359 19.5 10.0 61.425 0
133429 19.5 10.0 61.425 0
133459 19.5 10.0 61.362 0
133529 19.5 10.0 61.362 0
133600 19.5 10.0 61.3 0
133630 19.5 10.0 61.3 0
133700 19.5 10.0 61.237 0
133731 19.5 10.0 61.237 0
133801 19.5 10.0 61.175 0
133831 19.5 10.0 61.175 0
133902 19.5 10.0 61.175 0
133932 19.5 10.0 61.112 0
134002 19.5 10.0 61.112 0
134033 19.5 10.0 61.112 0
134103 19.5 10.0 61.112 0
134133 19.5 10.0 61.112 0
134203 19.5 10.0 61.05 0
134234 19.5 10.0 61.05 0
134304 19.5 10.0 61.05 0
134334 19.437 10.0 61.05 0
134405 19.437 10.0 60.987 0
134435 19.437 10.0 60.987 0
134505 19.437 10.0 60.925 0
134536 19.437 10.0 60.925 0
134606 19.5 10.0 60.862 0
134637 19.5 10.0 60.862 0
134707 19.5 10.0 60.8 0
134737 19.5 10.0 60.737 0
134807 19.5 10.0 60.675 0
134837 19.562 10.0 60.612 0
134907 19.562 10.0 60.55 0
134937 19.562 10.0 60.55 0
135008 19.562 10.0 60.487 0
135038 19.562 10.0 60.425 0
135108 19.562 10.0 60.425 0
135138 19.562 10.0 60.362 0
135208 19.562 10.0 60.362 0
135239 19.562 10.0 60.3 0
135309 19.562 10.0 60.3 0
135340 19.562 10.0 60.237 0
135410 19.562 10.0 60.237 0
135441 19.562 10.0 60.175 0
135511 19.562 10.0 60.175 0
135542 19.562 10.0 60.112 0
135612 19.625 10.0 60.05 0
135643 19.625 10.0 60.05 0
135714 19.625 10.0 59.987 0
135745 19.625 10.0 59.987 0
135815 19.625 10.0 59.925 0
135845 19.625 10.0 59.925 0
135916 19.625 10.0 59.862 0
135946 19.625 10.0 59.862 0
140017 19.625 10.0 59.8 0
140047 19.625 10.0 59.8 0
140118 19.625 10.0 59.737 0
140148 19.625 10.0 59.737 0
140218 19.625 10.0 59.675 0
140249 19.625 10.0 59.675 0
140319 19.625 10.0 59.612 0
140349 19.625 10.0 59.55 0
140420 19.625 10.0 59.55 0
140450 19.625 10.0 59.55 0
140521 19.625 10.0 59.487 0
140553 19.687 10.0 59.487 0
140624 19.687 10.0 59.425 0
140654 19.687 10.0 59.425 0
140724 19.687 10.0 59.362 0
140754 19.687 10.0 59.3 0
140825 19.75 10.0 59.3 0
140855 19.75 10.0 59.237 0
140925 19.75 10.0 59.112 0
140956 19.75 10.0 58.987 0
141026 19.75 10.0 58.925 0
141056 19.875 10.0 58.8 0
141126 19.875 10.0 58.8 0
141156 19.875 10.0 58.737 0
141227 19.875 10.0 58.675 0
141257 19.875 10.0 58.612 0
141328 19.875 10.0 58.612 0
141359 19.875 10.0 58.55 0
141430 19.875 10.0 58.487 0
141500 19.875 10.0 58.487 0
141530 19.875 10.0 58.425 0
141600 19.875 10.0 58.425 0
141630 19.875 10.0 58.362 0
141701 19.875 10.0 58.362 0
141731 19.875 10.0 58.3 0
141801 19.875 10.0 58.237 0
141831 19.875 10.0 58.237 0
141901 19.875 10.0 58.175 0
141931 19.875 10.0 58.175 0
142002 19.875 10.0 58.175 0
142033 19.875 10.0 58.112 0
142103 19.875 10.0 58.05 0
142133 19.875 10.0 58.05 0
142203 19.875 10.0 57.987 0
142234 19.875 10.0 57.987 0
142304 19.875 10.0 57.925 0
142334 19.937 10.0 57.925 0
142404 19.937 10.0 57.862 0
142435 19.937 10.0 57.8 0
142505 19.937 10.0 57.8 0
142535 19.937 10.0 57.737 0
142606 20.0 10.0 57.737 0
142636 20.0 10.0 57.675 0
142707 20.0 10.0 57.675 0
142737 20.0 10.0 57.612 0
142808 20.0 10.0 57.612 0
142838 20.062 10.0 57.55 0
142908 20.062 10.0 57.55 0
142939 20.062 10.0 57.487 0
143010 20.062 10.0 57.425 0
143040 20.062 10.0 57.362 0
143110 20.0 10.0 57.237 0
143140 20.0 10.0 57.112 0
143211 20.0 10.0 56.987 0
143242 20.0 10.0 56.862 0
143312 20.0 10.0 56.8 0
143342 20.062 10.0 56.737 0
143412 20.062 10.0 56.737 0
143442 20.062 10.0 56.675 0
143513 20.062 10.0 56.675 0
143543 20.062 10.0 56.737 0
143614 20.062 10.0 56.862 0
143645 20.062 10.0 57.05 0
143715 20.062 10.0 57.362 0
143745 20.062 10.0 57.737 0
143815 20.062 10.0 58.3 0
143846 20.0 10.0 58.862 0
143916 20.0 10.0 59.55 0
143946 20.0 10.0 60.55 0
144016 20.0 10.0 61.612 0
144046 20.0 10.0 62.612 0
144116 19.937 10.0 63.487 0
144146 19.937 10.0 64.112 0
144217 19.937 10.0 64.612 0
144247 19.937 10.0 65.05 0
144317 19.937 10.0 65.362 0
144348 19.875 10.0 65.675 0
144418 19.875 10.0 65.862 0
144449 19.875 10.0 66.05 0
144520 19.875 10.0 66.175 0
144550 19.875 10.0 66.3 0
144620 19.937 10.0 66.362 0
144650 19.937 10.0 66.487 0
144721 19.937 10.0 66.55 0
144751 19.937 10.0 66.612 0
144822 19.937 10.0 66.675 0
144852 19.937 10.0 66.737 0
144922 19.937 10.0 66.8 0
144953 19.937 10.0 66.862 0
145023 19.937 10.0 66.862 0
145053 19.937 10.0 66.925 0
145123 20.0 10.0 66.987 0
145153 20.0 10.0 66.987 0
145224 20.0 10.0 67.05 0
145254 20.0 10.0 67.112 0
145325 20.0 10.0 67.112 0
145355 19.937 10.0 67.175 0
145425 19.937 10.0 67.175 0
145456 19.937 10.0 67.175 0
145526 19.937 10.0 67.175 0
145558 19.937 10.0 67.175 0
145628 19.937 10.0 67.175 0
145659 19.937 10.0 67.237 0
145729 19.937 10.0 67.237 0
145800 19.937 10.0 67.237 0
145830 19.937 10.0 67.237 0
145900 19.937 10.0 67.237 0
145931 19.937 10.0 67.237 0
150001 19.937 10.0 67.237 0
150032 19.937 10.0 67.237 0
150102 19.875 10.0 67.237 0
150132 19.875 10.0 67.237 0
150202 19.875 10.0 67.237 0
150233 19.875 10.0 67.237 0
150303 19.875 10.0 67.237 0
150333 19.812 10.0 67.237 0
150403 19.812 10.0 67.237 0
150433 19.812 10.0 67.237 0
150504 19.812 10.0 67.237 0
150534 19.812 10.0 67.237 0
150605 19.75 10.0 67.237 0
150635 19.75 10.0 67.237 0
150705 19.75 10.0 67.237 0
150736 19.75 10.0 67.237 0
150806 19.75 10.0 67.237 0
150836 19.75 10.0 67.237 0
150907 19.75 10.0 67.237 0
150937 19.75 10.0 67.237 0
151007 19.75 10.0 67.237 0
151038 19.75 10.0 67.237 0
151108 19.812 10.0 67.175 0
151139 19.812 10.0 67.175 0
151210 19.812 10.0 67.175 0
151241 19.812 10.0 67.175 0
151312 19.812 10.0 67.175 0
151342 19.937 10.0 67.175 0
151412 19.937 10.0 67.175 0
151442 19.937 10.0 67.175 0
151512 19.937 10.0 67.175 0
151543 19.937 10.0 67.112 0
151613 19.937 10.0 67.112 0
151644 19.937 10.0 67.112 0
151714 19.937 10.0 67.112 0
151744 19.937 10.0 67.112 0
151815 19.937 10.0 67.112 0
151845 19.937 10.0 67.05 0
151915 19.937 10.0 67.05 0
151945 19.937 10.0 67.05 0
152015 19.937 10.0 67.05 0
152046 19.937 10.0 67.05 0
152117 20.0 10.0 66.987 0
152147 20.0 10.0 66.987 0
152217 20.0 10.0 66.987 0
152247 20.0 10.0 66.987 0
152317 20.0 10.0 66.987 0
152347 20.0 10.0 66.987 0
152418 20.0 10.0 66.925 0
152448 20.0 10.0 66.925 0
152519 20.0 10.0 66.925 0
152549 20.0 10.0 66.925 0
152619 20.0 10.0 66.925 0
152650 20.0 10.0 66.862 0
152720 20.0 10.0 66.862 0
152751 20.0 10.0 66.862 0
152821 20.0 10.0 66.862 0
152851 20.062 10.0 66.862 0
152921 20.062 10.0 66.8 0
152952 20.062 10.0 66.8 0
153022 20.062 10.0 66.8 0
153053 20.062 10.0 66.8 0
153124 20.187 10.0 66.737 0
153155 20.187 10.0 66.737 0
153225 20.187 10.0 66.737 0
153255 20.187 10.0 66.737 0
153325 20.187 10.0 66.737 0
153356 20.187 10.0 66.675 0
153426 20.187 10.0 66.675 0
153457 20.187 10.0 66.675 0
153528 20.187 10.0 66.675 0
153558 20.187 10.0 66.612 0
153629 20.125 10.0 66.612 0
153659 20.125 10.0 66.612 0
153729 20.125 10.0 66.612 0
153800 20.125 10.0 66.55 0
153830 20.125 10.0 66.55 0
153900 20.0 10.0 66.55 0
153931 20.0 10.0 66.55 0
154001 20.0 10.0 66.487 0
154031 20.0 10.0 66.487 0
154101 20.0 10.0 66.487 0
154131 19.875 10.0 66.425 0
154202 19.875 10.0 66.425 0
154232 19.875 10.0 66.425 0
154302 19.875 10.0 66.55 0
154332 19.875 10.0 66.55 0
154403 19.812 10.0 66.612 0
154433 19.812 10.0 66.612 0
154504 19.812 10.0 66.675 0
154534 19.812 10.0 66.675 0
154604 19.812 10.0 66.675 0
154634 19.812 10.0 66.612 0
154704 19.812 10.0 66.612 0
154734 19.812 10.0 66.612 0
154805 19.812 10.0 66.612 0
154837 19.75 10.0 66.612 0
154907 19.75 10.0 66.55 0
154937 19.75 10.0 66.55 0
155007 19.75 10.0 66.55 0
155038 19.75 10.0 66.487 0
155108 19.75 10.0 66.487 0
155138 19.75 10.0 66.487 0
155208 19.75 10.0 66.487 0
155239 19.75 10.0 66.487 0
155309 19.75 10.0 66.425 0
155340 19.75 10.0 66.425 0
155410 19.75 10.0 66.425 0
155440 19.75 10.0 66.425 0
155510 19.75 10.0 66.362 0
155541 19.75 10.0 66.362 0
155611 19.75 10.0 66.362 0
155642 19.75 10.0 66.3 0
155713 19.75 10.0 66.3 0
155743 19.75 10.0 66.3 0
155814 19.75 10.0 66.237 0
155844 19.75 10.0 66.237 0
155915 19.75 10.0 66.237 0
155946 19.75 10.0 66.237 0
160016 19.75 10.0 66.175 0
160047 19.75 10.0 66.175 0
160117 19.875 10.0 66.175 0
160147 19.875 10.0 66.175 0
160218 19.875 10.0 66.112 0
160249 19.875 10.0 66.112 0
160319 19.875 10.0 66.112 0
160349 20.0 10.0 66.112 0
160420 20.0 10.0 66.05 0
160451 20.0 10.0 66.05 0
160521 20.0 10.0 66.05 0
160551 20.0 10.0 66.05 0
160621 20.062 10.0 65.987 0
160651 20.062 10.0 65.987 0
160721 20.062 10.0 65.987 0
160752 20.062 10.0 65.925 0
160822 20.062 10.0 65.925 0
160853 20.125 10.0 65.925 0
160923 20.125 10.0 65.862 0
160953 20.125 10.0 65.862 0
161024 20.125 10.0 65.862 0
161054 20.125 10.0 65.8 0
161124 20.125 10.0 65.8 0
161155 20.125 10.0 65.8 0
161225 20.125 10.0 65.737 0
161256 20.125 10.0 65.737 0
161326 20.125 10.0 65.737 0
161356 20.187 10.0 65.675 0
161427 20.187 10.0 65.675 0
161457 20.187 10.0 65.675 0
161527 20.187 10.0 65.675 0
161557 20.187 10.0 65.612 0
161627 20.187 10.0 65.612 0
161657 20.187 10.0 65.612 0
161727 20.187 10.0 65.55 0
161758 20.187 10.0 65.55 0
161829 20.187 10.0 65.55 0
161859 20.187 10.0 65.487 0
161929 20.187 10.0 65.487 0
162000 20.187 10.0 65.487 0
162030 20.187 10.0 65.425 0
162100 20.187 10.0 65.425 0
162130 20.25 10.0 65.425 0
162200 20.25 10.0 65.362 0
162231 20.25 10.0 65.362 0
162301 20.25 10.0 65.362 0
162332 20.25 10.0 65.3 0
162402 20.312 10.0 65.3 0
162432 20.312 10.0 65.3 0
162502 20.312 10.0 65.237 0
162532 20.312 10.0 65.237 0
162603 20.312 10.0 65.237 0
162633 20.5 10.0 65.175 0
162703 20.5 10.0 65.175 0
162734 20.5 10.0 65.175 0
162804 20.5 10.0 65.112 0
162834 20.5 10.0 65.112 0
162904 20.625 10.0 65.05 0
162934 20.625 10.0 65.05 0
163004 20.625 10.0 65.05 0
163035 20.625 10.0 64.987 0
163105 20.625 10.0 64.987 0
163135 20.75 10.0 64.925 0
163206 20.75 10.0 64.862 0
163236 20.75 10.0 64.862 0
163306 20.75 10.0 64.8 0
163336 20.75 10.0 64.8 0
163407 20.812 10.0 64.737 0
163437 20.812 10.0 64.737 0
163508 20.812 10.0 64.737 0
163538 20.812 10.0 64.675 0
163608 20.812 10.0 64.675 0
163638 20.937 10.0 64.612 0
163708 20.937 10.0 64.612 0
163738 20.937 10.0 64.612 0
163809 20.937 10.0 64.55 0
163839 20.937 10.0 64.55 0
163909 20.937 10.0 64.487 0
163940 20.937 10.0 64.487 0
164010 20.937 10.0 64.425 0
164041 20.937 10.0 64.425 0
164111 20.937 10.0 64.425 0
164141 21.062 10.0 64.362 0
164211 21.062 10.0 64.362 0
164241 21.062 10.0 64.3 0
164311 21.062 10.0 64.3 0
164342 21.062 10.0 64.3 0
164412 21.062 10.0 64.3 0
164442 21.062 10.0 64.3 0
164513 21.062 10.0 64.362 0
164544 21.062 10.0 64.362 0
164616 21.0 10.0 64.362 0
164647 21.0 10.0 64.362 0
164717 21.0 10.0 64.362 0
164747 21.0 10.0 64.362 0
164817 21.0 10.0 64.362 0
164847 21.062 10.0 64.3 0
164918 21.062 10.0 64.3 0
164948 21.062 10.0 64.3 0
165018 21.062 10.0 64.3 0
165048 21.062 10.0 64.237 0
165119 21.062 10.0 64.175 0
165149 21.062 10.0 64.237 0
165219 21.062 10.0 64.237 0
165250 21.062 10.0 63.862 0
165321 21.062 10.0 64.112 0
165351 21.0 10.0 63.987 0
165422 21.0 10.0 63.925 0
165452 21.0 10.0 63.8 0
165523 21.0 10.0 63.987 0
165553 21.0 10.0 63.987 0
165624 21.0 10.0 63.987 0
165654 21.0 10.0 63.987 0
165724 21.0 10.0 63.925 0
165755 21.0 10.0 63.925 0
165826 21.0 10.0 63.925 0
165856 20.875 10.0 63.862 0
165926 20.875 10.0 63.862 0
165957 20.875 10.0 63.8 0
170027 20.875 10.0 63.55 0
170057 20.875 10.0 63.362 0
170127 20.875 10.0 63.612 0
170157 20.875 10.0 63.487 0
170228 20.875 10.0 63.3 0
170258 20.875 10.0 63.362 0
170329 20.875 10.0 63.3 0
170359 20.875 10.0 63.175 0
170429 20.875 10.0 63.425 0
170459 20.875 10.0 63.487 0
170529 20.875 10.0 63.55 0
170559 20.875 10.0 63.487 0
170629 20.875 10.0 63.487 0
170700 20.875 10.0 63.487 0
170730 20.875 10.0 63.487 0
170801 20.875 10.0 63.425 0
170831 20.875 10.0 63.425 0
170901 20.875 10.0 63.362 0
170932 20.875 10.0 63.362 0
171003 20.875 10.0 63.362 0
171033 20.875 10.0 63.3 0
171103 20.875 10.0 63.3 0
171133 20.812 10.0 63.3 0
171204 20.812 10.0 63.237 0
171234 20.812 10.0 63.237 0
171304 20.812 10.0 63.175 0
171334 20.812 10.0 63.175 0
171405 20.75 10.0 63.175 0
171435 20.75 10.0 63.112 0
171505 20.75 10.0 63.112 0
171535 20.75 10.0 63.05 0
171605 20.75 10.0 63.05 0
171636 20.625 10.0 62.987 0
171707 20.625 10.0 62.987 0
171737 20.625 10.0 62.925 0
171807 20.625 10.0 62.862 0
171838 20.625 10.0 62.8 0
171908 20.5 10.0 62.8 0
171938 20.5 10.0 62.737 0
172009 20.5 10.0 62.737 0
172040 20.5 10.0 62.675 0
172110 20.5 10.0 62.675 0
172141 20.437 10.0 62.612 0
172211 20.437 10.0 62.612 0
172241 20.437 10.0 62.55 0
172311 20.437 10.0 62.55 0
172341 20.437 10.0 62.487 0
172411 20.437 10.0 62.487 0
172442 20.437 10.0 62.425 0
172512 20.437 10.0 62.425 0
172542 20.437 10.0 62.362 0
172612 20.437 10.0 62.362 0
172642 20.375 10.0 62.3 0
172712 20.375 10.0 62.3 0
172743 20.375 10.0 62.237 0
172814 20.375 10.0 62.237 0
172844 20.375 10.0 62.175 0
172914 20.375 10.0 62.175 0
172945 20.375 10.0 62.175 0
173016 20.375 10.0 62.112 0
173046 20.375 10.0 62.05 0
173116 20.375 10.0 62.05 0
173147 20.312 10.0 62.05 0
173217 20.312 10.0 61.987 0
173248 20.312 10.0 61.987 0
173318 20.312 10.0 61.925 0
173348 20.312 10.0 61.925 0
173418 20.187 10.0 61.862 0
173449 20.187 10.0 61.862 0
173519 20.187 10.0 61.8 0
173549 20.187 10.0 61.8 0
173620 20.187 10.0 61.737 0
173650 20.25 10.0 61.737 0
173720 20.25 10.0 61.675 0
173750 20.25 10.0 61.675 0
173821 20.25 10.0 61.612 0
173852 20.25 10.0 61.612 0
173923 20.125 10.0 61.487 0
173953 20.125 10.0 61.425 0
174023 20.125 10.0 61.362 0
174053 20.125 10.0 61.3 0
174126 20.062 10.0 61.237 0
174156 20.062 10.0 61.175 0
174226 20.062 10.0 61.175 0
174256 20.062 10.0 61.112 0
174326 20.062 10.0 61.05 0
174356 20.062 10.0 61.05 0
174426 20.062 10.0 60.987 0
174457 20.062 10.0 60.987 0
174527 20.062 10.0 60.925 0
174557 20.062 10.0 60.925 0
174627 20.062 10.0 60.925 0
174658 20.062 10.0 60.925 0
174729 20.062 10.0 60.862 0
174759 20.062 10.0 60.862 0
174830 20.062 10.0 60.862 0
174900 20.125 10.0 60.862 0
174930 20.125 10.0 60.8 0
175001 20.125 10.0 60.8 0
175032 20.125 10.0 60.737 0
175102 20.125 10.0 60.737 0
175132 20.25 10.0 60.737 0
175202 20.25 10.0 60.675 0
175233 20.25 10.0 60.675 0
175303 20.25 10.0 60.675 0
175333 20.25 10.0 60.612 0
175404 20.375 10.0 60.612 0
175434 20.375 10.0 60.55 0
175505 20.375 10.0 60.55 0
175535 20.375 10.0 60.487 0
175606 20.375 10.0 60.487 0
175637 20.437 10.0 60.487 0
175707 20.437 10.0 60.425 0
175737 20.437 10.0 60.425 0
175808 20.437 10.0 60.362 0
175838 20.437 10.0 60.362 0
175908 20.437 10.0 60.3 0
175938 20.437 10.0 60.3 0
180008 20.437 10.0 60.237 0
180038 20.437 10.0 60.237 0
180109 20.437 10.0 60.175 0
180139 20.375 10.0 60.112 0
180209 20.375 10.0 60.05 0
180239 20.375 10.0 59.987 0
180309 20.375 10.0 59.925 0
180340 20.375 10.0 59.862 0
180410 20.437 10.0 59.8 0
180440 20.437 10.0 59.737 0
180510 20.437 10.0 59.737 0
180541 20.437 10.0 59.675 0
180611 20.437 10.0 59.612 0
180641 20.437 10.0 59.612 0
180712 20.437 10.0 59.55 0
180742 20.437 10.0 59.55 0
180813 20.437 10.0 59.487 0
180844 20.437 10.0 59.487 0
180914 20.5 10.0 59.425 0
180945 20.5 10.0 59.425 0
181015 20.5 10.0 59.362 0
181045 20.5 10.0 59.3 0
181116 20.5 10.0 59.3 0
181147 20.5 10.0 59.237 0
181218 20.5 10.0 59.237 0
181248 20.5 10.0 59.237 0
181319 20.5 10.0 59.175 0
181349 20.5 10.0 59.112 0
181419 20.5 10.0 59.112 0
181449 20.5 10.0 59.112 0
181520 20.5 10.0 59.05 0
181550 20.5 10.0 59.05 0
181620 20.5 10.0 58.987 0
181650 20.5 10.0 58.925 0
181721 20.5 10.0 58.925 0
181751 20.5 10.0 58.862 0
181822 20.5 10.0 58.862 0
181852 20.5 10.0 58.8 0
181922 20.437 10.0 58.8 0
181952 20.437 10.0 58.737 0
182023 20.437 10.0 58.737 0
182053 20.437 10.0 58.675 0
182123 20.437 10.0 58.675 0
182153 20.437 10.0 58.612 0
182224 20.437 10.0 58.55 0
182255 20.437 10.0 58.487 0
182325 20.437 10.0 58.362 0
182356 20.437 10.0 58.237 0
182426 20.5 10.0 58.175 0
182456 20.5 10.0 58.05 0
182526 20.5 10.0 57.987 0
182557 20.5 10.0 57.987 0
182627 20.5 10.0 57.925 0
182658 20.5 10.0 57.862 0
182729 20.5 10.0 57.8 0
182759 20.5 10.0 57.8 0
182829 20.5 10.0 57.737 0
182900 20.5 10.0 57.737 0
182930 20.437 10.0 57.675 0
183001 20.437 10.0 57.675 0
183031 20.437 10.0 57.612 0
183101 20.437 10.0 57.612 0
183131 20.437 10.0 57.55 0
183201 20.312 10.0 57.487 0
183231 20.312 10.0 57.487 0
183302 20.312 10.0 57.425 0
183333 20.312 10.0 57.425 0
183405 20.25 10.0 57.362 0
183435 20.25 10.0 57.362 0
183506 20.25 10.0 57.3 0
183536 20.25 10.0 57.3 0
183607 20.25 10.0 57.237 0
183637 20.125 10.0 57.175 0
183707 20.125 10.0 57.175 0
183738 20.125 10.0 57.112 0
183808 20.125 10.0 57.112 0
183838 20.125 10.0 57.05 0
183908 20.0 10.0 57.05 0
183939 20.0 10.0 57.05 0
184009 20.0 10.0 57.05 0
184040 20.0 10.0 57.175 0
184110 20.0 10.0 57.362 0
184141 20.0 10.0 57.612 0
184211 20.0 10.0 58.05 0
184242 20.0 10.0 58.425 0
184312 20.0 10.0 59.05 0
184343 20.0 10.0 59.862 0
184413 19.937 10.0 60.675 0
184443 19.937 10.0 61.487 0
184513 19.937 10.0 62.3 0
184543 19.937 10.0 62.925 0
184614 19.937 10.0 63.425 0
184644 19.937 10.0 63.8 0
184714 19.937 10.0 64.112 0
184744 19.937 10.0 64.3 0
184814 19.937 10.0 64.487 0
184844 19.937 10.0 64.675 0
184915 19.937 10.0 64.8 0
184945 19.937 10.0 64.862 0
185015 19.937 10.0 64.987 0
185045 19.937 10.0 65.05 0
185116 19.937 10.0 65.112 0
185146 19.875 10.0 65.175 0
185216 19.875 10.0 65.237 0
185246 19.875 10.0 65.3 0
185316 19.875 10.0 65.362 0
185346 19.875 10.0 65.425 0
185417 19.875 10.0 65.425 0
185447 19.875 10.0 65.487 0
185517 19.875 10.0 65.55 0
185547 19.875 10.0 65.55 0
185618 19.875 10.0 65.612 0
185648 19.812 10.0 65.612 0
185718 19.812 10.0 65.675 0
185748 19.812 10.0 65.737 0
185819 19.812 10.0 65.487 0
185849 19.812 10.0 65.362 0
185919 19.75 10.0 65.487 0
185950 19.75 10.0 65.737 0
190020 19.75 10.0 65.8 0
190050 19.75 10.0 65.862 0
190121 19.75 10.0 65.925 0
190151 19.75 10.0 65.925 0
190222 19.75 10.0 65.987 0
190252 19.75 10.0 65.987 0
190322 19.75 10.0 65.987 0
190352 19.75 10.0 66.05 0
190422 19.75 10.0 66.05 0
190452 19.75 10.0 66.05 0
190522 19.75 10.0 66.112 0
190553 19.75 10.0 66.112 0
190623 19.75 10.0 66.112 0
190654 19.75 10.0 66.175 0
190724 19.75 10.0 66.175 0
190755 19.75 10.0 66.175 0
190825 19.75 10.0 66.175 0
190855 19.75 10.0 66.175 0
190926 19.812 10.0 66.175 0
190956 19.812 10.0 66.175 0
191026 19.812 10.0 66.175 0
191056 19.812 10.0 66.175 0
191126 19.812 10.0 66.175 0
191157 19.937 10.0 66.175 0
191227 19.937 10.0 66.175 0
191257 19.937 10.0 66.175 0
191327 19.937 10.0 66.175 0
191358 19.937 10.0 66.175 0
191428 20.125 10.0 66.175 0
191458 20.125 10.0 66.175 0
191529 20.125 10.0 66.175 0
191600 20.125 10.0 66.175 0
191630 20.125 10.0 66.175 0
191700 20.187 10.0 66.175 0
191730 20.187 10.0 66.175 0
191801 20.187 10.0 66.112 0
191831 20.187 10.0 66.112 0
191902 20.187 10.0 66.112 0
191932 20.187 10.0 66.112 0
192002 20.187 10.0 66.112 0
192033 20.187 10.0 66.112 0
192103 20.187 10.0 66.112 0
192134 20.187 10.0 66.112 0
192204 20.25 10.0 65.737 0
192235 20.25 10.0 65.862 0
192306 20.25 10.0 65.987 0
192336 20.25 10.0 65.8 0
192407 20.25 10.0 65.612 0
192437 20.25 10.0 65.612 0
192507 20.25 10.0 65.55 0
192537 20.25 10.0 65.55 0
192607 20.25 10.0 65.55 0
192638 20.25 10.0 65.487 0
192708 20.187 10.0 65.487 0
192738 20.187 10.0 65.487 0
192808 20.187 10.0 65.487 0
192838 20.187 10.0 65.487 0
192908 20.187 10.0 65.487 0
192938 20.312 10.0 65.425 0
193008 20.312 10.0 65.425 0
193039 20.312 10.0 65.425 0
193109 20.312 10.0 65.425 0
193139 20.312 10.0 65.362 0
193210 20.375 10.0 65.362 0
193240 20.375 10.0 65.362 0
193311 20.375 10.0 65.362 0
193342 20.375 10.0 65.3 0
193414 20.5 10.0 65.3 0
193444 20.5 10.0 65.3 0
193515 20.5 10.0 65.3 0
193545 20.5 10.0 65.3 0
193615 20.5 10.0 65.237 0
193646 20.5 10.0 65.237 0
193716 20.5 10.0 65.237 0
193747 20.5 10.0 65.237 0
193817 20.5 10.0 65.175 0
193847 20.5 10.0 65.175 0
193918 20.562 10.0 65.175 0
193948 20.562 10.0 65.175 0
194019 20.562 10.0 65.112 0
194050 20.562 10.0 65.112 0
194121 20.562 10.0 65.112 0
194151 20.5 10.0 65.112 0
194221 20.5 10.0 65.05 0
194251 20.5 10.0 65.05 0
194321 20.5 10.0 65.05 0
194351 20.5 10.0 65.05 0
194421 20.437 10.0 64.987 0
194452 20.437 10.0 64.987 0
194522 20.437 10.0 64.987 0
194553 20.437 10.0 64.925 0
194623 20.437 10.0 64.925 0
194654 20.5 10.0 64.987 0
194724 20.5 10.0 65.112 0
194755 20.5 10.0 65.175 0
194826 20.5 10.0 65.237 0
194856 20.5 10.0 65.3 0
194926 20.562 10.0 65.3 0
194957 20.562 10.0 65.362 0
195028 20.562 10.0 65.362 0
195059 20.562 10.0 65.362 0
195129 20.562 10.0 65.362 0
195159 20.625 10.0 65.362 0
195230 20.625 10.0 65.3 0
195300 20.625 10.0 65.3 0
195330 20.625 10.0 65.3 0
195400 20.625 10.0 65.3 0
195430 20.687 10.0 65.3 0
195501 20.687 10.0 65.237 0
195532 20.687 10.0 65.237 0
195602 20.687 10.0 65.237 0
195633 20.687 10.0 65.237 0
195703 20.625 10.0 65.237 0
195733 20.625 10.0 65.237 0
195804 20.625 10.0 65.237 0
195835 20.625 10.0 65.175 0
195905 20.625 10.0 65.175 0
195936 20.5 10.0 65.175 0
200007 20.5 10.0 65.175 0
200038 20.5 10.0 65.175 0
200108 20.5 10.0 65.175 0
200138 20.5 10.0 65.112 0
200209 20.437 10.0 65.112 0
200239 20.437 10.0 65.112 0
200310 20.437 10.0 65.05 0
200340 20.437 10.0 65.05 0
200411 20.437 10.0 65.05 0
200442 20.437 10.0 64.987 0
200512 20.437 10.0 64.987 0
200543 20.437 10.0 64.987 0
200613 20.437 10.0 64.925 0
200643 20.437 10.0 64.925 0
200714 20.5 10.0 64.925 0
200744 20.5 10.0 64.925 0
200814 20.5 10.0 64.862 0
200844 20.5 10.0 65.112 0
200914 20.5 10.0 65.175 0
200945 20.5 10.0 65.175 0
201015 20.5 10.0 65.175 0
201045 20.5 10.0 64.925 0
201116 20.5 10.0 64.8 0
201147 20.5 10.0 64.737 0
201217 20.625 10.0 64.737 0
201248 20.625 10.0 64.737 0
201318 20.625 10.0 64.675 0
201348 20.625 21.0 64.675 0
201420 20.625 21.0 64.675 50
201451 20.625 21.0 64.612 50
201521 20.625 21.0 64.612 50
201551 20.625 21.0 64.55 50
201621 20.625 21.0 64.487 50
201651 20.562 21.0 64.425 50
201721 20.562 21.0 64.3 50
201752 20.562 21.0 64.237 50
201822 20.562 21.0 64.112 50
201852 20.562 21.0 63.987 50
201922 20.625 21.0 63.862 50
201952 20.625 21.0 63.675 50
202022 20.625 21.0 63.425 50
202053 20.625 21.0 63.112 50
202123 20.625 21.5 62.612 50
202153 21.062 22.0 61.987 50
202223 21.062 22.0 61.175 50
202254 21.062 22.0 60.175 50
202324 21.062 22.0 59.05 0
202354 21.062 22.0 58.175 0
202424 21.25 22.0 57.612 0
202454 21.25 22.0 57.237 0
202524 21.25 22.0 56.987 0
202555 21.25 22.0 56.8 0
202625 21.25 22.0 56.675 0
202655 21.375 22.0 56.612 0
202726 21.375 22.0 56.55 0
202756 21.375 22.0 56.55 0
202826 21.375 22.0 56.487 0
202856 21.375 22.0 56.55 0
202926 21.5 22.0 56.55 0
202956 21.5 22.0 56.612 0
203027 21.5 22.0 56.675 0
203057 21.5 22.0 56.8 0
203128 21.5 22.0 56.862 0
203158 21.562 22.0 56.987 0
203228 21.562 22.0 57.175 0
203258 21.562 22.0 57.3 0
203329 21.562 22.0 57.487 0
203359 21.562 22.0 57.675 0
203430 21.625 22.0 57.987 0
203500 21.625 22.0 58.487 0
203531 21.625 22.0 59.175 0
203601 21.625 22.0 59.925 0
203632 21.625 22.0 60.737 50
203702 21.562 22.0 61.737 50
203733 21.562 22.0 62.675 50
203803 21.562 22.0 63.425 50
203833 21.562 22.0 64.05 50
203903 21.562 22.0 64.55 50
203934 21.625 22.0 64.925 50
204004 21.625 22.0 65.237 50
204035 21.625 22.0 65.487 50
204105 21.625 22.0 65.675 50
204135 21.625 22.0 65.862 50
204205 21.687 22.0 66.175 50
204235 21.687 22.0 66.112 50
204305 21.687 22.0 66.175 50
204335 21.687 22.0 66.175 50
204406 21.687 22.0 66.05 50
204436 21.812 22.0 65.675 50
204506 21.812 22.0 64.612 50
204536 21.812 22.0 62.675 50
204606 21.812 22.0 60.112 50
204636 21.812 22.0 57.612 0
204707 21.875 22.0 55.612 0
204737 21.875 22.0 54.112 0
204808 21.875 22.0 53.05 0
204838 21.875 22.0 52.612 0
204909 21.875 22.0 52.737 0
204939 21.937 22.0 53.237 0
205010 21.937 22.0 54.05 0
205040 21.937 22.0 54.925 0
205111 21.937 22.0 55.925 0
205141 21.937 22.0 56.862 0
205212 22.0 22.0 57.925 0
205242 22.0 22.0 58.862 0
205313 22.0 22.0 59.862 0
205344 22.0 22.0 60.862 0
205414 22.0 22.0 61.8 0
205444 22.062 22.0 62.675 0
205514 22.062 22.0 63.362 0
205544 22.062 22.0 63.925 0
205614 22.062 22.0 64.362 0
205644 22.062 22.0 64.737 0
205715 22.062 22.0 64.987 0
205745 22.062 22.0 65.3 0
205815 22.062 22.0 65.55 0
205846 22.062 22.0 65.8 0
205916 22.062 22.0 66.05 0
205946 22.125 22.0 66.3 0
210016 22.125 22.0 66.55 0
210046 22.125 22.0 66.8 0
210117 22.125 22.0 67.05 0
210148 22.125 22.0 67.3 0
210218 22.062 22.5 67.55 0
210248 22.062 22.5 67.862 50
210319 22.062 22.5 67.987 50
210349 22.062 22.5 68.237 50
210420 22.062 22.5 68.362 50
210450 21.937 22.5 68.487 50
210520 21.937 22.5 68.612 50
210550 21.937 22.5 68.925 50
210621 21.937 23.0 68.8 50
210652 21.937 23.0 68.862 50
210722 21.812 23.0 68.862 50
210752 21.812 23.0 68.925 50
210823 21.812 23.0 68.987 50
210853 21.812 23.0 69.05 50
210926 21.875 23.0 69.237 50
210957 21.875 23.0 69.112 50
211027 21.875 23.0 69.362 50
211058 21.875 23.0 69.112 50
211128 21.875 23.0 69.3 50
211159 22.0 23.0 69.3 50
211229 22.0 23.0 69.112 50
211300 22.0 23.0 68.175 50
211330 22.0 23.0 66.425 50
211400 22.0 23.0 64.05 50
211431 22.062 23.0 61.675 50
211501 22.062 23.0 59.425 0
211531 22.062 23.0 57.612 0
211601 22.062 23.0 56.237 0
211632 22.062 23.0 55.362 0
211702 22.0 23.0 54.925 0
211732 22.0 23.0 54.675 0
211802 22.0 23.0 54.675 0
211833 22.0 23.0 54.862 0
211903 22.0 23.0 55.237 0
211933 21.812 23.0 55.737 0
212003 21.812 23.0 56.425 0
212034 21.812 23.0 57.05 0
212104 21.812 23.0 57.987 0
212134 21.812 23.0 59.112 0
212204 21.625 23.0 60.237 50
212234 21.625 23.0 61.675 50
212304 21.625 23.0 62.737 50
212335 21.625 23.0 63.8 50
212406 21.625 23.0 64.487 50
212436 21.437 23.0 65.237 50
212506 21.437 23.0 65.675 50
212536 21.437 23.0 66.05 50
212607 21.437 23.0 66.237 50
212637 21.437 23.0 66.362 50
212707 21.625 23.0 66.487 50
212737 21.625 23.0 66.612 50
212808 21.625 23.0 66.675 50
212838 21.625 23.0 66.737 50
212908 21.625 23.0 66.8 50
212938 21.687 23.0 66.8 50
213009 21.687 23.0 66.862 50
213039 21.687 23.0 66.862 50
213109 21.687 23.0 66.8 50
213140 21.687 23.0 66.8 50
213210 21.562 23.0 66.737 50
213241 21.562 23.0 66.612 50
213311 21.562 23.0 66.55 50
213341 21.562 23.0 66.237 50
213411 21.562 23.0 65.8 50
213441 21.5 23.0 65.112 50
213511 21.5 23.0 64.237 50
213542 21.5 23.0 63.112 50
213612 21.5 23.0 61.925 50
213642 21.5 23.0 60.675 50
213713 21.5 23.0 59.425 0
213743 21.5 23.0 58.362 0
213813 21.5 23.0 57.675 0
213844 21.5 23.0 57.112 0
213914 21.5 23.0 56.8 0
213944 21.5 23.0 56.55 0
214015 21.5 23.0 56.425 0
214045 21.5 23.0 56.425 0
214115 21.5 23.0 56.612 0
214145 21.5 23.0 56.987 0
214216 21.437 23.0 57.55 0
214246 21.437 23.0 58.3 0
214316 21.437 23.0 59.3 0
214347 21.437 23.0 60.237 50
214417 21.437 23.0 61.05 50
214447 21.375 23.0 61.987 50
214517 21.375 23.0 62.925 50
214548 21.375 23.0 63.675 50
214618 21.375 23.0 64.237 50
214648 21.375 23.0 64.612 50
214718 21.25 23.0 64.862 50
214748 21.25 23.0 65.05 50
214818 21.25 23.0 65.175 50
214849 21.25 23.0 65.3 50
214919 21.25 23.0 65.362 50
214949 21.187 23.0 65.487 50
215019 21.187 23.0 65.55 50
215049 21.187 23.0 65.55 50
215119 21.187 23.0 65.612 50
215150 21.187 23.0 65.612 50
215220 21.187 23.0 65.612 50
215251 21.187 23.0 65.55 50
215321 21.187 23.0 65.487 50
215352 21.187 23.0 65.425 50
215422 21.187 23.0 65.3 50
215453 21.187 23.0 65.112 50
215523 21.187 23.0 64.675 50
215554 21.187 23.0 64.05 50
215624 21.187 23.0 63.05 50
215655 21.187 23.0 61.55 50
215725 21.25 23.0 59.987 0
215755 21.25 23.0 58.612 0
215826 21.25 23.0 57.612 0
215856 21.25 23.0 56.987 0
215927 21.25 23.0 56.55 0
215957 21.375 23.0 56.3 0
220027 21.375 23.0 56.112 0
220057 21.375 23.0 56.05 0
220127 21.375 23.0 56.05 0
220157 21.375 23.0 56.112 0
220228 21.375 23.0 56.3 50
220258 21.375 23.0 56.737 50
220328 21.375 23.0 57.362 50
220358 21.375 23.0 58.362 50
220428 21.375 22.5 59.3 50
220459 21.312 22.5 60.237 50
220529 21.312 22.5 61.175 50
220559 21.312 22.5 62.05 50
220629 21.312 22.5 62.8 50
220659 21.312 22.5 63.3 50
220729 21.312 22.5 63.675 50
220800 21.312 22.5 63.925 50
220830 21.312 22.5 64.112 50
220900 21.312 22.5 64.237 50
220933 21.312 22.5 64.362 50
221003 21.312 22.5 64.425 50
221033 21.312 22.5 64.55 50
221103 21.312 22.5 64.55 50
221134 21.312 22.5 64.612 50
221204 21.312 22.5 64.612 50
221234 21.312 22.5 64.612 50
221305 21.312 22.5 64.55 50
221335 21.312 16.0 64.487 50
221405 21.312 16.0 64.425 0
221436 21.25 16.0 64.425 0
221506 21.25 16.0 64.425 0
221537 21.25 16.0 64.55 0
221607 21.25 16.0 64.55 0
221637 21.25 16.0 64.487 0
221708 21.25 16.0 64.487 0
221738 21.25 16.0 64.55 0
221809 21.25 16.0 64.237 0
221839 21.25 16.0 64.237 0
221909 21.25 16.0 64.362 0
221939 21.187 16.0 64.362 0
222010 21.187 16.0 64.3 0
222041 21.187 16.0 64.237 0
222111 21.187 16.0 63.987 0
222141 21.187 16.0 63.987 0
222211 21.125 16.0 63.862 0
222241 21.125 16.0 63.862 0
222311 21.125 16.0 63.612 0
222342 21.125 16.0 63.675 0
222412 21.125 16.0 63.55 0
222442 21.125 16.0 63.487 0
222512 21.125 16.0 63.487 0
222542 21.125 16.0 63.425 0
222612 21.125 16.0 63.362 0
222642 21.125 16.0 63.362 0
222712 21.187 16.0 63.3 0
222743 21.187 16.0 63.3 0
222813 21.187 16.0 63.237 0
222843 21.187 16.0 63.175 0
222914 21.187 16.0 63.175 0
222944 21.25 16.0 63.112 0
223014 21.25 16.0 63.112 0
223044 21.25 16.0 63.05 0
223114 21.25 16.0 63.05 0
223145 21.25 16.0 62.987 0
223215 21.375 16.0 62.987 0
223245 21.375 16.0 62.925 0
223315 21.375 16.0 62.925 0
223346 21.375 16.0 62.862 0
223416 21.375 16.0 62.8 0
223447 21.437 16.0 62.8 0
223518 21.437 16.0 62.8 0
223548 21.437 16.0 62.737 0
223618 21.437 16.0 62.737 0
223649 21.437 16.0 62.675 0
223719 21.5 16.0 62.675 0
223749 21.5 16.0 62.612 0
223820 21.5 16.0 62.55 0
223850 21.5 16.0 62.55 0
223920 21.5 16.0 62.55 0
223950 21.375 16.0 62.487 0
224020 21.375 16.0 62.425 0
224050 21.375 16.0 62.3 0
224121 21.375 16.0 62.175 0
224151 21.375 16.0 61.987 0
224221 21.312 16.0 61.8 0
224251 21.312 16.0 61.675 0
224321 21.312 16.0 61.612 0
224351 21.312 16.0 61.55 0
224422 21.312 16.0 61.55 0
224452 21.125 16.0 61.487 0
224522 21.125 16.0 61.487 0
224553 21.125 16.0 61.425 0
224623 21.125 16.0 61.425 0
224653 21.125 16.0 61.425 0
224724 21.062 16.0 61.425 0
224754 21.062 16.0 61.362 0
224825 21.062 16.0 61.362 0
224855 21.062 16.0 61.362 0
224926 21.062 16.0 61.362 0
224956 21.062 16.0 61.362 0
225026 21.062 16.0 61.425 0
225057 21.062 16.0 61.362 0
225128 21.062 16.0 61.362 0
225158 21.062 16.0 61.362 0
225228 21.062 16.0 61.425 0
225259 21.062 16.0 61.425 0
225329 21.062 16.0 61.425 0
225359 21.062 16.0 61.487 0
225429 21.062 16.0 61.487 0
225459 21.0 16.0 61.487 0
225530 21.0 16.0 61.55 0
225600 21.0 16.0 61.55 0
225631 21.0 16.0 61.55 0
225701 21.0 16.0 61.612 0
225732 21.0 16.0 61.612 0
225802 21.0 16.0 61.675 0
225832 21.0 16.0 61.675 0
225903 21.0 16.0 61.737 0
225933 21.0 16.0 61.737 0
230004 20.937 10.0 61.8 0
230034 20.937 10.0 61.862 0
230105 20.937 10.0 61.862 0
230135 20.937 10.0 61.925 0
230205 20.937 10.0 61.925 0
230236 20.812 10.0 61.987 0
230306 20.812 10.0 61.987 0
230337 20.812 10.0 61.987 0
230407 20.812 10.0 62.05 0
230438 20.812 10.0 62.05 0
230508 20.75 10.0 62.05 0
230538 20.75 10.0 62.05 0
230608 20.75 10.0 62.05 0
230639 20.75 10.0 62.05 0
230709 20.75 10.0 62.05 0
230740 20.687 10.0 62.175 0
230810 20.687 10.0 62.362 0
230840 20.687 10.0 62.55 0
230911 20.687 10.0 62.675 0
230943 20.687 10.0 62.8 0
231014 20.687 10.0 62.862 0
231044 20.687 10.0 62.925 0
231115 20.687 10.0 62.987 0
231146 20.687 10.0 62.987 0
231216 20.625 10.0 63.05 0
231247 20.625 10.0 63.05 0
231317 20.625 10.0 63.112 0
231347 20.625 10.0 63.112 0
231417 20.625 10.0 63.175 0
231447 20.625 10.0 63.175 0
231518 20.625 10.0 63.237 0
231549 20.625 10.0 63.237 0
231619 20.625 10.0 63.237 0
231650 20.625 10.0 63.3 0
231720 20.562 10.0 63.3 0
231750 20.562 10.0 63.3 0
231820 20.562 10.0 63.362 0
231850 20.562 10.0 63.362 0
231921 20.562 10.0 63.362 0
231951 20.5 10.0 63.425 0
232021 20.5 10.0 63.425 0
232052 20.5 10.0 63.487 0
232122 20.5 10.0 63.487 0
232152 20.5 10.0 63.487 0
232222 20.5 10.0 63.55 0
232253 20.5 10.0 63.55 0
232323 20.5 10.0 63.612 0
232353 20.5 10.0 63.612 0
232424 20.5 10.0 63.675 0
232454 20.437 10.0 63.737 0
232525 20.437 10.0 63.675 0
232555 20.437 10.0 63.675 0
232625 20.437 10.0 63.675 0
232656 20.437 10.0 63.675 0
232726 20.437 10.0 63.737 0
232756 20.437 10.0 63.737 0
232826 20.437 10.0 63.737 0
232857 20.437 10.0 63.737 0
232928 20.437 10.0 63.737 0
232958 20.437 10.0 63.675 0
233028 20.437 10.0 63.737 0
233058 20.437 10.0 63.737 0
233128 20.437 10.0 63.737 0
233159 20.437 10.0 63.737 0
233229 20.312 10.0 63.737 0
233259 20.312 10.0 63.737 0
233329 20.312 10.0 63.8 0
233359 20.312 10.0 63.737 0
233429 20.312 10.0 63.8 0
233500 20.312 10.0 63.8 0
233530 20.312 10.0 63.8 0
233600 20.312 10.0 63.8 0
233631 20.312 10.0 63.8 0
233701 20.312 10.0 63.8 0
233731 20.25 10.0 63.8 0
233801 20.25 10.0 63.8 0
233832 20.25 10.0 63.8 0
233903 20.25 10.0 63.8 0
233933 20.25 10.0 63.8 0
234003 20.25 10.0 63.8 0
234034 20.25 10.0 63.8 0
234104 20.25 10.0 63.987 0
234134 20.25 10.0 63.862 0
234204 20.25 10.0 63.862 0
234235 20.25 10.0 63.987 0
234305 20.25 10.0 64.05 0
234336 20.25 10.0 64.05 0
234406 20.25 10.0 64.112 0
234436 20.25 10.0 63.987 0
234506 20.187 10.0 63.925 0
234537 20.187 10.0 63.737 0
234607 20.187 10.0 63.675 0
234637 20.187 10.0 63.675 0
234708 20.187 10.0 63.612 0
234738 20.125 10.0 63.8 0
234808 20.125 10.0 63.925 0
234839 20.125 10.0 63.987 0
234909 20.125 10.0 63.987 0
234940 20.125 10.0 63.987 0
235010 20.125 10.0 63.987 0
235041 20.125 10.0 63.987 0
235111 20.125 10.0 63.675 0
235141 20.125 10.0 63.612 0
235212 20.125 10.0 63.55 0
235242 20.062 10.0 63.55 0
235313 20.062 10.0 63.55 0
235343 20.062 10.0 63.55 0
235413 20.062 10.0 63.55 0
235443 20.062 10.0 63.737 0
235513 20.062 10.0 63.862 0
235543 20.062 10.0 63.862 0
235614 20.062 10.0 63.862 0
235645 20.062 10.0 63.8 0
235716 20.062 10.0 63.8 0
235746 20.062 10.0 63.8 0
235816 20.062 10.0 63.675 0
235846 20.062 10.0 63.8 0
