235918 20.687 10.0 68.8 0
235948 20.687 10.0 68.8 0
000019 20.687 10.0 68.8 0
000049 20.687 10.0 68.737 0
000119 20.687 10.0 68.737 0
000150 20.687 10.0 68.737 0
000220 20.687 10.0 68.737 0
000251 20.687 10.0 68.737 0
000321 20.687 10.0 68.737 0
000351 20.687 10.0 68.737 0
000422 20.687 10.0 68.675 0
000452 20.687 10.0 68.675 0
000522 20.687 10.0 68.675 0
000553 20.687 10.0 68.675 0
000623 20.687 10.0 68.612 0
000653 20.687 10.0 68.612 0
000723 20.687 10.0 68.612 0
000753 20.687 10.0 68.612 0
000823 20.687 10.0 68.612 0
000854 20.562 10.0 68.612 0
000924 20.562 10.0 68.612 0
000955 20.562 10.0 68.737 0
001025 20.562 10.0 68.862 0
001055 20.562 10.0 68.925 0
001125 20.5 10.0 68.987 0
001156 20.5 10.0 69.05 0
001227 20.5 10.0 69.112 0
001257 20.5 10.0 69.112 0
001327 20.5 10.0 69.112 0
001358 20.375 10.0 69.112 0
001428 20.375 10.0 69.175 0
001459 20.375 10.0 69.112 0
001529 20.375 10.0 69.175 0
001559 20.375 10.0 69.175 0
001629 20.25 10.0 69.112 0
001659 20.25 10.0 69.112 0
001729 20.25 10.0 69.112 0
001800 20.25 10.0 69.112 0
001830 20.25 10.0 69.112 0
001900 20.25 10.0 69.112 0
001931 20.25 10.0 69.112 0
002001 20.25 10.0 69.112 0
002032 20.25 10.0 69.112 0
002102 20.25 10.0 69.112 0
002132 20.125 10.0 69.112 0
002203 20.125 10.0 69.112 0
002233 20.125 10.0 69.05 0
002304 20.125 10.0 69.05 0
002334 20.125 10.0 69.05 0
002405 20.062 10.0 69.05 0
002435 20.062 10.0 69.05 0
002506 20.062 10.0 69.05 0
002536 20.062 10.0 69.05 0
002607 20.062 10.0 69.05 0
002637 20.0 10.0 69.05 0
002708 20.0 10.0 68.987 0
002739 20.0 10.0 68.987 0
002809 20.0 10.0 68.987 0
002840 20.0 10.0 68.987 0
002910 19.937 10.0 68.987 0
002940 19.937 10.0 68.987 0
003010 19.937 10.0 68.925 0
003040 19.937 10.0 68.925 0
003110 19.937 10.0 68.925 0
003141 19.937 10.0 68.925 0
003211 19.937 10.0 68.862 0
003241 19.937 10.0 68.862 0
003311 19.937 10.0 68.862 0
003341 19.937 10.0 68.862 0
003411 19.875 10.0 68.862 0
003442 19.875 10.0 68.8 0
003513 19.875 10.0 68.8 0
003543 19.875 10.0 68.8 0
003613 19.875 10.0 68.8 0
003644 19.875 10.0 68.8 0
003714 19.875 10.0 68.737 0
003745 19.875 10.0 68.737 0
003815 19.875 10.0 68.737 0
003848 19.812 10.0 68.737 0
003918 19.812 10.0 68.675 0
003948 19.812 10.0 68.675 0
004018 19.812 10.0 68.675 0
004048 19.812 10.0 68.675 0
004119 19.75 10.0 68.675 0
004149 19.75 10.0 68.612 0
004220 19.75 10.0 68.612 0
004250 19.75 10.0 68.612 0
004321 19.75 10.0 68.612 0
004352 19.75 10.0 68.55 0
004422 19.75 10.0 68.55 0
004452 19.75 10.0 68.55 0
004522 19.75 10.0 68.55 0
004553 19.75 10.0 68.487 0
004623 19.687 10.0 68.487 0
004653 19.687 10.0 68.487 0
004723 19.687 10.0 68.487 0
004754 19.687 10.0 68.425 0
004824 19.687 10.0 68.425 0
004854 19.625 10.0 68.425 0
004925 19.625 10.0 68.425 0
004955 19.625 10.0 68.362 0
005026 19.625 10.0 68.362 0
005056 19.625 10.0 68.362 0
005126 19.625 10.0 68.3 0
005157 19.625 10.0 68.3 0
005227 19.625 10.0 68.3 0
005258 19.625 10.0 68.237 0
005328 19.625 10.0 68.237 0
005358 19.562 10.0 68.237 0
005429 19.562 10.0 68.175 0
005459 19.562 10.0 68.175 0
005530 19.562 10.0 68.175 0
005600 19.562 10.0 68.112 0
005631 19.562 10.0 68.112 0
005701 19.562 10.0 68.112 0
005731 19.562 10.0 68.05 0
005802 19.562 10.0 68.05 0
005832 19.562 10.0 68.05 0
005902 19.5 10.0 67.987 0
005933 19.5 10.0 67.987 0
010003 19.5 10.0 67.987 0
010033 19.5 10.0 67.925 0
010103 19.5 10.0 67.925 0
010133 19.437 10.0 67.925 0
010204 19.437 10.0 67.925 0
010235 19.437 10.0 67.862 0
010306 19.437 10.0 67.862 0
010336 19.437 10.0 67.8 0
010406 19.437 10.0 67.8 0
010437 19.437 10.0 67.8 0
010507 19.437 10.0 67.737 0
010537 19.437 10.0 67.737 0
010607 19.437 10.0 67.737 0
010638 19.437 10.0 67.737 0
010708 19.437 10.0 67.675 0
010739 19.437 10.0 67.675 0
010809 19.437 10.0 67.675 0
010840 19.437 10.0 67.612 0
010910 19.375 10.0 67.612 0
010941 19.375 10.0 67.612 0
011012 19.375 10.0 67.55 0
011042 19.375 10.0 67.612 0
011113 19.375 10.0 67.675 0
011143 19.312 10.0 67.737 0
011213 19.312 10.0 67.862 0
011244 19.312 10.0 67.925 0
011314 19.312 10.0 67.987 0
011345 19.312 10.0 67.987 0
011415 19.312 10.0 68.05 0
011445 19.312 10.0 68.05 0
011515 19.312 10.0 68.05 0
011546 19.312 10.0 68.05 0
011617 19.312 10.0 68.05 0
011647 19.25 10.0 67.987 0
011718 19.25 10.0 67.987 0
011749 19.25 10.0 67.987 0
011819 19.25 10.0 67.987 0
011850 19.25 10.0 67.987 0
011920 19.25 10.0 67.987 0
011951 19.25 10.0 67.925 0
012021 19.25 10.0 67.925 0
012052 19.25 10.0 67.925 0
012122 19.25 10.0 67.862 0
012153 19.25 10.0 67.862 0
012223 19.25 10.0 67.862 0
012254 19.25 10.0 67.8 0
012325 19.25 10.0 67.8 0
012357 19.187 10.0 67.8 0
012427 19.187 10.0 67.8 0
012457 19.187 10.0 67.737 0
012528 19.187 10.0 67.737 0
012558 19.187 10.0 67.737 0
012629 19.187 10.0 67.737 0
012659 19.187 10.0 67.675 0
012730 19.187 10.0 67.675 0
012800 19.187 10.0 67.675 0
012830 19.187 10.0 67.675 0
012900 19.187 10.0 67.675 0
012931 19.187 10.0 67.612 0
013002 19.187 10.0 67.612 0
013032 19.187 10.0 67.612 0
013103 19.187 10.0 67.612 0
013133 19.187 10.0 67.55 0
013203 19.187 10.0 67.55 0
013234 19.187 10.0 67.55 0
013305 19.187 10.0 67.55 0
013336 19.187 10.0 67.55 0
013406 19.125 10.0 67.487 0
013436 19.125 10.0 67.487 0
013507 19.125 10.0 67.487 0
013537 19.125 10.0 67.487 0
013608 19.125 10.0 67.425 0
013638 19.125 10.0 67.425 0
013708 19.125 10.0 67.425 0
013738 19.125 10.0 67.425 0
013809 19.125 10.0 67.362 0
013839 19.125 10.0 67.362 0
013909 19.125 10.0 67.362 0
013940 19.125 10.0 67.362 0
014010 19.125 10.0 67.3 0
014041 19.125 10.0 67.3 0
014111 19.125 10.0 67.3 0
014141 19.125 10.0 67.3 0
014212 19.125 10.0 67.237 0
014242 19.125 10.0 67.237 0
014312 19.125 10.0 67.237 0
014343 19.125 10.0 67.175 0
014413 19.125 10.0 67.175 0
014444 19.125 10.0 67.112 0
014514 19.125 10.0 67.112 0
014544 19.125 10.0 67.05 0
014615 19.125 10.0 67.05 0
014645 19.125 10.0 67.05 0
014716 19.125 10.0 66.987 0
014746 19.125 10.0 66.987 0
014816 19.125 10.0 66.987 0
014847 19.125 10.0 66.925 0
014917 19.062 10.0 66.925 0
014948 19.062 10.0 66.925 0
015018 19.062 10.0 66.862 0
015048 19.062 10.0 66.862 0
015119 19.062 10.0 66.862 0
015149 19.062 10.0 66.8 0
015219 19.062 10.0 66.8 0
015249 19.062 10.0 66.8 0
015319 19.062 10.0 66.737 0
015350 19.062 10.0 66.737 0
015420 19.062 10.0 66.737 0
015450 19.062 10.0 66.675 0
015520 19.062 10.0 66.675 0
015551 19.062 10.0 66.675 0
015621 19.062 10.0 66.612 0
015652 19.062 10.0 66.612 0
015722 19.062 10.0 66.612 0
015753 19.062 10.0 66.55 0
015823 19.062 10.0 66.55 0
015854 19.062 10.0 66.487 0
015924 19.0 10.0 66.487 0
015955 19.0 10.0 66.487 0
020025 19.0 10.0 66.487 0
020056 19.0 10.0 66.425 0
020126 19.0 10.0 66.425 0
020156 19.0 10.0 66.425 0
020227 19.0 10.0 66.362 0
020257 19.0 10.0 66.362 0
020328 19.0 10.0 66.3 0
020359 19.0 10.0 66.3 0
020429 19.0 10.0 66.3 0
020500 19.0 10.0 66.237 0
020530 19.0 10.0 66.237 0
020600 19.0 10.0 66.237 0
020630 19.0 10.0 66.175 0
020701 19.0 10.0 66.175 0
020731 19.0 10.0 66.112 0
020801 19.0 10.0 66.112 0
020831 19.0 10.0 66.05 0
020904 19.0 10.0 66.05 0
020934 19.0 10.0 65.987 0
021005 19.0 10.0 65.987 0
021035 19.0 10.0 65.925 0
021106 19.0 10.0 65.925 0
021136 19.0 10.0 65.862 0
021206 19.0 10.0 65.862 0
021237 19.0 10.0 65.862 0
021307 19.0 10.0 65.925 0
021338 19.0 10.0 65.987 0
021408 19.0 10.0 66.05 0
021439 19.0 10.0 66.05 0
021510 19.0 10.0 66.112 0
021540 19.0 10.0 66.112 0
021610 19.0 10.0 66.112 0
021640 19.0 10.0 66.112 0
021711 19.0 10.0 66.112 0
021741 19.0 10.0 66.112 0
021811 19.0 10.0 66.112 0
021842 19.0 10.0 66.112 0
021912 18.937 10.0 66.05 0
021942 18.937 10.0 66.05 0
022012 18.937 10.0 66.05 0
022043 18.937 10.0 66.05 0
022113 18.937 10.0 66.05 0
022143 19.0 10.0 66.05 0
022213 19.0 10.0 65.987 0
022243 19.0 10.0 65.987 0
022314 19.0 10.0 65.987 0
022344 19.0 10.0 65.987 0
022414 18.937 10.0 65.987 0
022444 18.937 10.0 65.925 0
022515 18.937 10.0 65.925 0
022545 18.937 10.0 65.925 0
022616 18.937 10.0 65.925 0
022646 18.937 10.0 65.925 0
022716 18.937 10.0 65.862 0
022746 18.937 10.0 65.862 0
022817 18.937 10.0 65.862 0
022847 18.937 10.0 65.8 0
022918 18.937 10.0 65.8 0
022948 18.937 10.0 65.8 0
023018 18.937 10.0 65.8 0
023048 18.937 10.0 65.737 0
023118 18.937 10.0 65.737 0
023149 18.875 10.0 65.737 0
023219 18.875 10.0 65.675 0
023249 18.875 10.0 65.612 0
023319 18.875 10.0 65.612 0
023350 18.875 10.0 65.55 0
023420 18.875 10.0 65.55 0
023450 18.875 10.0 65.55 0
023521 18.875 10.0 65.487 0
023551 18.875 10.0 65.487 0
023622 18.875 10.0 65.425 0
023652 18.875 10.0 65.425 0
023723 18.875 10.0 65.425 0
023753 18.875 10.0 65.362 0
023824 18.875 10.0 65.362 0
023854 18.875 10.0 65.3 0
023924 18.875 10.0 65.3 0
023955 18.875 10.0 65.3 0
024025 18.875 10.0 65.237 0
024056 18.875 10.0 65.237 0
024126 18.875 10.0 65.175 0
024156 18.875 10.0 65.175 0
024227 18.875 10.0 65.175 0
024258 18.875 10.0 65.112 0
024328 18.875 10.0 65.112 0
024358 18.875 10.0 65.05 0
024428 18.812 10.0 65.05 0
024458 18.812 10.0 65.05 0
024529 18.812 10.0 64.987 0
024559 18.812 10.0 64.987 0
024629 18.812 10.0 64.925 0
024659 18.812 10.0 64.925 0
024729 18.812 10.0 64.925 0
024759 18.812 10.0 64.862 0
024830 18.812 10.0 64.862 0
024900 18.812 10.0 64.862 0
024930 18.812 10.0 64.8 0
025000 18.812 10.0 64.8 0
025030 18.812 10.0 64.737 0
025100 18.812 10.0 64.737 0
025131 18.812 10.0 64.675 0
025201 18.812 10.0 64.675 0
025231 18.812 10.0 64.675 0
025301 18.812 10.0 64.612 0
025331 18.812 10.0 64.612 0
025402 18.812 10.0 64.612 0
025432 18.812 10.0 64.55 0
025502 18.812 10.0 64.55 0
025532 18.812 10.0 64.487 0
025602 18.812 10.0 64.487 0
025633 18.812 10.0 64.425 0
025703 18.812 10.0 64.362 0
025733 18.812 10.0 64.3 0
025804 18.812 10.0 64.3 0
025834 18.812 10.0 64.237 0
025904 18.812 10.0 64.237 0
025935 18.75 10.0 64.175 0
030005 18.75 10.0 64.175 0
030036 18.75 10.0 64.112 0
030106 18.75 10.0 64.112 0
030137 18.75 10.0 64.05 0
030207 18.75 10.0 64.05 0
030237 18.75 10.0 63.987 0
030308 18.75 10.0 63.987 0
030338 18.75 10.0 63.987 0
030411 18.75 10.0 63.925 0
030441 18.75 10.0 63.925 0
030511 18.75 10.0 63.862 0
030541 18.75 10.0 63.862 0
030612 18.75 10.0 63.8 0
030642 18.75 10.0 63.8 0
030712 18.75 10.0 63.737 0
030743 18.75 10.0 63.737 0
030813 18.75 10.0 63.675 0
030843 18.75 10.0 63.675 0
030913 18.75 10.0 63.675 0
030944 18.75 10.0 63.612 0
031015 18.75 10.0 63.612 0
031045 18.75 10.0 63.55 0
031115 18.75 10.0 63.55 0
031145 18.75 10.0 63.487 0
031216 18.75 10.0 63.487 0
031246 18.75 10.0 63.487 0
031317 18.75 10.0 63.425 0
031347 18.75 10.0 63.425 0
031417 18.687 10.0 63.425 0
031447 18.687 10.0 63.487 0
031518 18.687 10.0 63.55 0
031548 18.687 10.0 63.55 0
031618 18.687 10.0 63.55 0
031649 18.687 10.0 63.55 0
031719 18.687 10.0 63.55 0
031749 18.687 10.0 63.55 0
031820 18.687 10.0 63.55 0
031850 18.687 10.0 63.55 0
031920 18.687 10.0 63.55 0
031951 18.687 10.0 63.55 0
032021 18.687 10.0 63.487 0
032051 18.687 10.0 63.487 0
032122 18.687 10.0 63.425 0
032152 18.687 10.0 63.425 0
032222 18.687 10.0 63.362 0
032252 18.687 10.0 63.362 0
032323 18.687 10.0 63.3 0
032353 18.687 10.0 63.3 0
032423 18.687 10.0 63.3 0
032453 18.687 10.0 63.237 0
032524 18.687 10.0 63.237 0
032554 18.687 10.0 63.237 0
032624 18.687 10.0 63.175 0
032654 18.687 10.0 63.175 0
032725 18.687 10.0 63.112 0
032755 18.687 10.0 63.112 0
032825 18.687 10.0 63.112 0
032855 18.687 10.0 63.05 0
032925 18.687 10.0 63.05 0
032955 18.687 10.0 62.987 0
033026 18.687 10.0 62.987 0
033056 18.687 10.0 62.987 0
033126 18.687 10.0 62.925 0
033156 18.687 10.0 62.925 0
033226 18.687 10.0 62.925 0
033256 18.687 10.0 62.862 0
033327 18.687 10.0 62.862 0
033358 18.687 10.0 62.8 0
033428 18.625 10.0 62.8 0
033458 18.625 10.0 62.8 0
033528 18.625 10.0 62.737 0
033559 18.625 10.0 62.737 0
033629 18.625 10.0 62.737 0
033700 18.625 10.0 62.675 0
033730 18.625 10.0 62.675 0
033800 18.625 10.0 62.675 0
033830 18.625 10.0 62.612 0
033900 18.625 10.0 62.612 0
033930 18.625 10.0 62.55 0
034001 18.625 10.0 62.55 0
034031 18.625 10.0 62.55 0
034101 18.625 10.0 62.487 0
034132 18.625 10.0 62.487 0
034202 18.625 10.0 62.425 0
034233 18.625 10.0 62.425 0
034303 18.625 10.0 62.362 0
034334 18.625 10.0 62.362 0
034404 18.625 10.0 62.3 0
034434 18.625 10.0 62.237 0
034504 18.625 10.0 62.237 0
034534 18.625 10.0 62.175 0
034605 18.625 10.0 62.175 0
034636 18.625 10.0 62.112 0
034706 18.562 10.0 62.112 0
034737 18.562 10.0 62.05 0
034808 18.562 10.0 62.05 0
034838 18.562 10.0 61.987 0
034909 18.562 10.0 61.987 0
034939 18.562 10.0 61.925 0
035009 18.562 10.0 61.925 0
035040 18.562 10.0 61.862 0
035111 18.562 10.0 61.862 0
035141 18.562 10.0 61.862 0
035211 18.562 10.0 61.8 0
035242 18.562 10.0 61.8 0
035312 18.562 10.0 61.737 0
035342 18.562 10.0 61.737 0
035412 18.562 10.0 61.675 0
035443 18.562 10.0 61.675 0
035513 18.562 10.0 61.675 0
035544 18.562 10.0 61.612 0
035615 18.562 10.0 61.612 0
035646 18.562 10.0 61.55 0
035716 18.562 10.0 61.55 0
035746 18.562 10.0 61.487 0
035817 18.562 10.0 61.487 0
035848 18.562 10.0 61.487 0
035920 18.562 10.0 61.425 0
035950 18.562 10.0 61.425 0
040021 18.562 10.0 61.362 0
040051 18.562 10.0 61.362 0
040121 18.562 10.0 61.3 0
040152 18.562 10.0 61.3 0
040222 18.562 10.0 61.237 0
040252 18.562 10.0 61.237 0
040323 18.562 10.0 61.175 0
040353 18.562 10.0 61.175 0
040424 18.562 10.0 61.175 0
040454 18.562 10.0 61.112 0
040524 18.562 10.0 61.112 0
040554 18.562 10.0 61.05 0
040624 18.562 10.0 60.987 0
040654 18.5 10.0 60.925 0
040725 18.5 10.0 60.862 0
040755 18.5 10.0 60.8 0
040825 18.5 10.0 60.8 0
040856 18.5 10.0 60.737 0
040927 18.562 10.0 60.675 0
040957 18.562 10.0 60.675 0
041027 18.562 10.0 60.612 0
041058 18.562 10.0 60.612 0
041128 18.562 10.0 60.55 0
041158 18.5 10.0 60.55 0
041229 18.5 10.0 60.487 0
041259 18.5 10.0 60.487 0
041329 18.5 10.0 60.425 0
041400 18.5 10.0 60.425 0
041430 18.5 10.0 60.362 0
041500 18.5 10.0 60.362 0
041530 18.5 10.0 60.362 0
041601 18.5 10.0 60.362 0
041632 18.5 10.0 60.362 0
041702 18.5 10.0 60.425 0
041732 18.5 10.0 60.425 0
041802 18.5 10.0 60.425 0
041833 18.5 10.0 60.425 0
041904 18.5 10.0 60.425 0
041934 18.5 10.0 60.425 0
042005 18.5 10.0 60.425 0
042035 18.5 10.0 60.425 0
042105 18.5 10.0 60.425 0
042135 18.5 10.0 60.362 0
042206 18.5 10.0 60.362 0
042236 18.5 10.0 60.362 0
042307 18.5 10.0 60.3 0
042337 18.5 10.0 60.3 0
042407 18.5 10.0 60.3 0
042437 18.5 10.0 60.3 0
042507 18.5 10.0 60.237 0
042538 18.5 10.0 60.237 0
042608 18.5 10.0 60.237 0
042638 18.5 10.0 60.175 0
042709 18.437 10.0 60.175 0
042739 18.437 10.0 60.175 0
042810 18.437 10.0 60.112 0
042840 18.437 10.0 60.112 0
042910 18.437 10.0 60.05 0
042940 18.437 10.0 59.987 0
043011 18.437 10.0 59.987 0
043041 18.437 10.0 59.925 0
043112 18.437 10.0 59.862 0
043142 18.437 10.0 59.862 0
043212 18.437 10.0 59.8 0
043242 18.437 10.0 59.737 0
043313 18.437 10.0 59.737 0
043343 18.437 10.0 59.675 0
043414 18.437 10.0 59.675 0
043444 18.437 10.0 59.675 0
043514 18.437 10.0 59.612 0
043545 18.437 10.0 59.612 0
043615 18.437 10.0 59.55 0
043646 18.437 10.0 59.55 0
043716 18.437 10.0 59.487 0
043746 18.437 10.0 59.487 0
043816 18.437 10.0 59.487 0
043847 18.437 10.0 59.425 0
043917 18.437 10.0 59.425 0
043947 18.437 10.0 59.362 0
044018 18.437 10.0 59.362 0
044048 18.437 10.0 59.3 0
044118 18.437 10.0 59.3 0
044149 18.437 10.0 59.237 0
044219 18.437 10.0 59.237 0
044250 18.437 10.0 59.237 0
044320 18.437 10.0 59.175 0
044351 18.437 10.0 59.175 0
044421 18.437 10.0 59.112 0
044451 18.375 10.0 59.112 0
044521 18.375 10.0 59.05 0
044552 18.375 10.0 59.05 0
044622 18.375 10.0 59.05 0
044653 18.375 10.0 58.987 0
044723 18.437 10.0 58.987 0
044753 18.437 10.0 58.925 0
044824 18.437 10.0 58.925 0
044854 18.437 10.0 58.862 0
044927 18.375 10.0 58.862 0
044957 18.375 10.0 58.862 0
045028 18.375 10.0 58.8 0
045058 18.375 10.0 58.737 0
045128 18.375 10.0 58.675 0
045159 18.375 10.0 58.612 0
045229 18.375 10.0 58.55 0
045259 18.375 10.0 58.487 0
045329 18.375 10.0 58.425 0
045359 18.375 10.0 58.362 0
045430 18.375 10.0 58.362 0
045500 18.375 10.0 58.3 0
045530 18.375 10.0 58.3 0
045601 18.375 10.0 58.237 0
045632 18.375 10.0 58.175 0
045702 18.375 10.0 58.175 0
045733 18.375 10.0 58.112 0
045803 18.375 10.0 58.112 0
045834 18.375 10.0 58.05 0
045904 18.375 10.0 58.05 0
045935 18.375 10.0 57.987 0
050005 18.375 10.0 57.987 0
050036 18.375 10.0 57.925 0
050106 18.375 10.0 57.925 0
050136 18.375 10.0 57.925 0
050206 18.312 10.0 57.862 0
050237 18.312 10.0 57.862 0
050307 18.312 10.0 57.8 0
050338 18.312 10.0 57.8 0
050408 18.312 10.0 57.737 0
050438 18.312 10.0 57.737 0
050508 18.312 10.0 57.675 0
050539 18.312 10.0 57.675 0
050609 18.312 10.0 57.612 0
050639 18.312 10.0 57.612 0
050709 18.312 10.0 57.55 0
050740 18.312 10.0 57.55 0
050810 18.312 10.0 57.55 0
050841 18.312 10.0 57.487 0
050911 18.312 10.0 57.487 0
050942 18.312 10.0 57.425 0
051012 18.312 10.0 57.425 0
051042 18.312 10.0 57.362 0
051113 18.312 10.0 57.362 0
051143 18.312 10.0 57.3 0
051213 18.312 10.0 57.3 0
051243 18.312 10.0 57.237 0
051314 18.312 10.0 57.175 0
051344 18.312 10.0 57.05 0
051414 18.312 10.0 56.987 0
051445 18.312 10.0 56.925 0
051515 18.312 10.0 56.862 0
051545 18.312 10.0 56.8 0
051616 18.312 10.0 56.737 0
051646 18.312 10.0 56.8 0
051716 18.312 10.0 56.8 0
051746 18.312 10.0 56.925 0
051816 18.312 10.0 57.112 0
051847 18.312 10.0 57.425 0
051917 18.312 10.0 57.862 0
051947 18.312 10.0 58.3 0
052017 18.312 10.0 58.925 0
052048 18.312 10.0 59.612 0
052118 18.312 10.0 60.425 0
052148 18.312 10.0 61.425 0
052218 18.312 10.0 62.425 0
052248 18.312 10.0 63.3 0
052319 18.312 10.0 63.987 0
052349 18.312 10.0 64.55 0
052419 18.312 10.0 64.987 0
052449 18.312 10.0 65.362 0
052519 18.312 10.0 65.612 0
052550 18.312 10.0 65.8 0
052620 18.312 10.0 65.987 0
052650 18.312 10.0 66.112 0
052721 18.312 10.0 66.237 0
052752 18.312 10.0 66.362 0
052822 18.312 10.0 66.425 0
052852 18.312 10.0 66.487 0
052922 18.312 10.0 66.612 0
052952 18.312 10.0 66.675 0
053022 18.312 10.0 66.737 0
053053 18.312 10.0 66.8 0
053123 18.312 10.0 66.862 0
053154 18.312 10.0 66.925 0
053224 18.25 10.0 66.987 0
053254 18.25 10.0 66.987 0
053325 18.25 10.0 67.05 0
053356 18.25 10.0 67.112 0
053426 18.25 10.0 67.175 0
053456 18.25 10.0 67.175 0
053526 18.25 10.0 67.237 0
053557 18.25 10.0 67.237 0
053627 18.25 10.0 67.3 0
053657 18.25 10.0 67.3 0
053727 18.25 10.0 67.3 0
053757 18.25 10.0 67.3 0
053828 18.25 10.0 67.3 0
053858 18.25 10.0 67.3 0
053928 18.25 10.0 67.3 0
053958 18.25 10.0 67.3 0
054028 18.25 10.0 67.3 0
054059 18.25 10.0 67.3 0
054129 18.25 10.0 67.362 0
054159 18.25 10.0 67.362 0
054230 18.25 10.0 67.362 0
054300 18.25 10.0 67.362 0
054330 18.25 10.0 67.362 0
054401 18.25 10.0 67.362 0
054431 18.25 10.0 67.362 0
054502 18.25 10.0 67.362 0
054532 18.25 10.0 67.362 0
054602 18.25 10.0 67.362 0
054632 18.25 10.0 67.362 0
054702 18.25 10.0 67.362 0
054733 18.25 10.0 67.362 0
054803 18.25 10.0 67.362 0
054834 18.25 10.0 67.362 0
054904 18.25 10.0 67.362 0
054936 18.25 10.0 67.362 0
055006 18.25 10.0 67.362 0
055037 18.25 10.0 67.362 0
055107 18.25 10.0 67.362 0
055137 18.25 10.0 67.362 0
055208 18.25 10.0 67.362 0
055238 18.25 10.0 67.3 0
055308 18.25 10.0 67.3 0
055339 18.25 10.0 67.3 0
055409 18.25 10.0 67.3 0
055440 18.187 10.0 67.3 0
055510 18.187 10.0 67.3 0
055540 18.187 10.0 67.3 0
055611 18.187 10.0 67.3 0
055642 18.187 10.0 67.237 0
055712 18.187 10.0 67.237 0
055742 18.187 10.0 67.237 0
055812 18.187 10.0 67.237 0
055843 18.187 10.0 67.237 0
055913 18.187 10.0 67.237 0
055944 18.187 10.0 67.237 0
060014 18.187 10.0 67.175 0
060045 18.187 10.0 67.175 0
060116 18.187 10.0 67.175 0
060147 18.187 10.0 67.175 0
060217 18.187 10.0 67.175 0
060248 18.187 10.0 67.112 0
060318 18.187 10.0 67.112 0
060349 18.187 10.0 67.112 0
060420 18.187 10.0 67.112 0
060451 18.187 10.0 67.112 0
060521 18.187 10.0 67.112 0
060551 18.187 10.0 67.112 0
060622 18.187 10.0 67.05 0
060652 18.187 10.0 67.05 0
060723 18.187 10.0 67.05 0
060753 18.187 10.0 67.05 0
060823 18.187 10.0 66.987 0
060854 18.187 10.0 66.987 0
060924 18.187 10.0 66.987 0
060954 18.187 10.0 66.987 0
061025 18.187 10.0 66.987 0
061055 18.187 10.0 66.925 0
061125 18.187 10.0 66.925 0
061156 18.187 10.0 66.925 0
061226 18.187 10.0 66.925 0
061256 18.187 10.0 66.925 0
061326 18.187 10.0 66.862 0
061356 18.187 10.0 66.862 0
061427 18.187 10.0 66.862 0
061457 18.187 10.0 66.862 0
061527 18.187 10.0 66.862 0
061558 18.187 10.0 66.8 0
061628 18.187 10.0 66.8 0
061658 18.187 10.0 66.8 0
061729 18.125 10.0 66.8 0
061759 18.125 10.0 66.737 0
061829 18.125 10.0 66.737 0
061859 18.125 10.0 66.737 0
061929 18.125 10.0 66.675 0
062000 18.125 10.0 66.675 0
062030 18.125 10.0 66.675 0
062100 18.125 10.0 66.675 0
062130 18.125 10.0 66.612 0
062200 18.125 10.0 66.612 0
062230 18.125 10.0 66.612 0
062301 18.125 10.0 66.612 0
062331 18.125 10.0 66.55 0
062401 18.125 10.0 66.612 0
062432 18.125 10.0 66.675 0
062502 18.125 10.0 66.8 0
062532 18.125 10.0 66.925 0
062603 18.125 10.0 66.987 0
062633 18.125 10.0 66.987 0
062703 18.125 10.0 67.05 0
062733 18.125 10.0 67.112 0
062803 18.125 10.0 67.112 0
062834 18.125 10.0 67.112 0
062905 18.125 10.0 67.112 0
062936 18.125 10.0 67.112 0
063006 18.125 10.0 67.112 0
063036 18.125 10.0 67.112 0
063107 18.125 10.0 67.112 0
063137 18.125 10.0 67.112 0
063207 18.125 10.0 67.112 0
063238 18.125 10.0 67.112 0
063308 18.125 10.0 67.112 0
063339 18.125 10.0 67.112 0
063409 18.125 10.0 67.05 0
063441 18.125 10.0 67.112 0
063511 18.125 10.0 67.05 0
063542 18.125 10.0 67.05 0
063612 18.125 10.0 67.05 0
063643 18.125 10.0 67.05 0
063713 18.125 10.0 66.987 0
063743 18.125 10.0 66.987 0
063814 18.125 10.0 66.987 0
063844 18.125 10.0 66.987 0
063915 18.125 10.0 66.987 0
063945 18.125 10.0 66.987 0
064016 18.125 10.0 66.987 0
064046 18.125 10.0 66.925 0
064116 18.125 10.0 66.925 0
064146 18.125 10.0 66.925 0
064216 18.125 10.0 66.925 0
064247 18.125 10.0 66.862 0
064317 18.125 10.0 66.862 0
064347 18.125 10.0 66.862 0
064418 18.125 10.0 66.862 0
064448 18.062 10.0 66.8 0
064519 18.062 10.0 66.8 0
064549 18.062 10.0 66.8 0
064620 18.062 10.0 66.8 0
064650 18.062 10.0 66.737 0
064720 18.125 10.0 66.737 0
064750 18.125 10.0 66.737 0
064821 18.125 10.0 66.737 0
064851 18.125 10.0 66.675 0
064922 18.125 10.0 66.675 0
064952 18.062 10.0 66.675 0
065023 18.062 10.0 66.612 0
065053 18.062 10.0 66.612 0
065123 18.062 10.0 66.612 0
065154 18.062 10.0 66.55 0
065224 18.062 10.0 66.55 0
065255 18.062 10.0 66.55 0
065325 18.062 10.0 66.55 0
065355 18.062 10.0 66.487 0
065425 18.062 10.0 66.487 0
065455 18.062 10.0 66.487 0
065525 18.062 10.0 66.425 0
065556 18.062 10.0 66.425 0
065626 18.062 10.0 66.425 0
065656 18.062 10.0 66.362 0
065727 18.062 10.0 66.362 0
065757 18.062 10.0 66.362 0
065828 18.062 10.0 66.3 0
065858 18.062 10.0 66.3 0
065928 18.062 10.0 66.3 0
065959 18.062 10.0 66.237 0
070029 18.062 10.0 66.237 0
070100 18.062 10.0 66.237 0
070130 18.062 10.0 66.175 0
070200 18.062 10.0 66.175 0
070230 18.062 10.0 66.175 0
070301 18.062 10.0 66.175 0
070332 18.062 10.0 66.112 0
070403 18.062 10.0 66.112 0
070433 18.062 10.0 66.05 0
070504 18.062 10.0 66.05 0
070534 18.062 10.0 66.05 0
070605 18.062 10.0 66.05 0
070636 18.062 10.0 65.987 0
070707 18.062 10.0 65.987 0
070737 18.062 10.0 65.987 0
070808 18.062 10.0 65.925 0
070838 18.062 10.0 65.925 0
070908 18.062 10.0 65.862 0
070938 18.062 10.0 65.862 0
071009 18.062 10.0 65.862 0
071039 18.062 10.0 65.8 0
071110 18.062 10.0 65.8 0
071140 18.062 10.0 65.8 0
071211 18.062 10.0 65.737 0
071241 18.062 10.0 65.737 0
071312 18.062 10.0 65.675 0
071343 18.062 10.0 65.675 0
071413 18.062 10.0 65.612 0
071443 18.062 10.0 65.55 0
071513 18.062 10.0 65.55 0
071544 18.062 10.0 65.55 0
071614 18.062 10.0 65.487 0
071644 18.062 10.0 65.487 0
071714 18.062 10.0 65.425 0
071744 18.062 10.0 65.425 0
071814 18.062 10.0 65.425 0
071845 18.062 10.0 65.362 0
071916 18.062 10.0 65.362 0
071948 18.0 10.0 65.3 0
072018 18.0 10.0 65.3 0
072048 18.0 10.0 65.237 0
072119 18.0 10.0 65.237 0
072149 18.0 10.0 65.237 0
072220 18.0 10.0 65.175 0
072250 18.0 10.0 65.175 0
072320 18.0 10.0 65.112 0
072350 18.0 10.0 65.112 0
072420 18.0 10.0 65.112 0
072451 18.0 10.0 65.05 0
072521 18.0 10.0 65.05 0
072551 18.0 10.0 65.05 0
072622 18.0 10.0 65.112 0
072652 18.0 10.0 65.175 0
072722 18.062 10.0 65.175 0
072752 18.062 10.0 65.237 0
072822 18.062 10.0 65.237 0
072852 18.062 10.0 65.237 0
072923 18.062 10.0 65.237 0
072953 18.062 10.0 65.175 0
073024 18.062 10.0 65.175 0
073054 18.062 10.0 65.175 0
073125 18.062 10.0 65.175 0
073155 18.062 10.0 65.175 0
073225 18.125 10.0 65.175 0
073256 18.125 10.0 65.112 0
073326 18.125 10.0 65.112 0
073357 18.125 10.0 65.112 0
073427 18.125 10.0 65.05 0
073458 18.125 10.0 65.05 0
073528 18.125 10.0 65.05 0
073559 18.125 10.0 64.987 0
073629 18.125 10.0 64.987 0
073659 18.125 10.0 64.925 0
073729 18.125 10.0 64.925 0
073800 18.125 10.0 64.862 0
073831 18.125 10.0 64.862 0
073901 18.125 10.0 64.8 0
073932 18.125 10.0 64.8 0
074002 18.187 10.0 64.8 0
074032 18.187 10.0 64.737 0
074103 18.187 10.0 64.737 0
074133 18.187 10.0 64.675 0
074204 18.187 10.0 64.675 0
074235 18.187 10.0 64.675 0
074305 18.187 10.0 64.612 0
074336 18.187 10.0 64.612 0
074406 18.187 10.0 64.55 0
074436 18.187 10.0 64.55 0
074506 18.125 10.0 64.55 0
074536 18.125 10.0 64.487 0
074607 18.125 10.0 64.487 0
074638 18.125 10.0 64.487 0
074708 18.125 10.0 64.425 0
074739 18.187 10.0 64.425 0
074809 18.187 10.0 64.362 0
074840 18.187 10.0 64.362 0
074911 18.187 10.0 64.362 0
074941 18.187 10.0 64.3 0
075012 18.125 10.0 64.3 0
075042 18.125 10.0 64.237 0
075112 18.125 10.0 64.237 0
075143 18.125 10.0 64.175 0
075213 18.125 10.0 64.175 0
075244 18.125 10.0 64.175 0
075314 18.125 10.0 64.112 0
075344 18.125 10.0 64.112 0
075414 18.125 10.0 64.05 0
075445 18.125 10.0 64.05 0
075515 18.125 10.0 64.05 0
075546 18.125 10.0 63.987 0
075616 18.125 10.0 63.987 0
075646 18.125 10.0 63.925 0
075716 18.125 10.0 63.925 0
075746 18.125 10.0 63.925 0
075817 18.125 10.0 63.862 0
075847 18.125 10.0 63.862 0
075917 18.125 10.0 63.8 0
075947 18.125 10.0 63.8 0
080018 18.125 10.0 63.737 0
080049 18.125 10.0 63.675 0
080119 18.125 10.0 63.612 0
080150 18.125 10.0 63.612 0
080220 18.125 10.0 63.55 0
080251 18.062 10.0 63.487 0
080321 18.062 10.0 63.487 0
080352 18.062 10.0 63.425 0
080422 18.062 10.0 63.425 0
080454 18.062 10.0 63.362 0
080525 18.062 10.0 63.362 0
080555 18.062 10.0 63.3 0
080625 18.062 10.0 63.3 0
080656 18.062 10.0 63.3 0
080726 18.062 10.0 63.237 0
080757 18.062 10.0 63.175 0
080828 18.062 10.0 63.175 0
080858 18.062 10.0 63.175 0
080928 18.062 10.0 63.112 0
080959 18.062 10.0 63.112 0
081029 18.062 10.0 63.05 0
081100 18.062 10.0 63.05 0
081130 18.062 10.0 62.987 0
081201 18.062 10.0 62.987 0
081231 18.0 10.0 62.925 0
081302 18.0 10.0 62.925 0
081332 18.0 10.0 62.862 0
081402 18.0 10.0 62.862 0
081432 18.0 10.0 62.8 0
081503 18.0 10.0 62.8 0
081533 18.0 10.0 62.737 0
081603 18.0 10.0 62.737 0
081634 18.0 10.0 62.675 0
081704 18.0 10.0 62.675 0
081734 18.0 10.0 62.612 0
081805 18.0 10.0 62.612 0
081835 18.0 10.0 62.55 0
081905 18.0 10.0 62.55 0
081936 18.0 10.0 62.487 0
082006 18.0 10.0 62.487 0
082036 18.0 10.0 62.425 0
082107 18.0 10.0 62.425 0
082137 18.0 10.0 62.362 0
082207 18.0 10.0 62.362 0
082237 18.0 10.0 62.3 0
082308 18.0 10.0 62.237 0
082338 18.0 10.0 62.112 0
082408 18.0 10.0 62.05 0
082438 18.0 10.0 61.987 0
082508 17.937 10.0 61.925 0
082539 17.937 10.0 61.925 0
082609 17.937 10.0 61.862 0
082639 17.937 10.0 61.8 0
082709 17.937 10.0 61.8 0
082739 18.0 10.0 61.8 0
082810 18.0 10.0 61.8 0
082840 18.0 10.0 61.8 0
082910 18.0 10.0 61.8 0
082941 18.0 10.0 61.737 0
083011 18.0 10.0 61.737 0
083041 18.0 10.0 61.737 0
083111 18.0 10.0 61.737 0
083141 18.0 10.0 61.675 0
083212 18.0 10.0 61.675 0
083242 17.937 10.0 61.675 0
083313 17.937 10.0 61.612 0
083343 17.937 10.0 61.612 0
083413 17.937 10.0 61.55 0
083443 17.937 10.0 61.55 0
083513 17.937 10.0 61.55 0
083544 17.937 10.0 61.487 0
083614 17.937 10.0 61.487 0
083644 17.937 10.0 61.487 0
083714 17.937 10.0 61.425 0
083745 17.937 10.0 61.425 0
083816 17.937 10.0 61.362 0
083846 17.937 10.0 61.362 0
083917 17.937 10.0 61.3 0
083947 17.937 10.0 61.3 0
084017 17.937 10.0 61.237 0
084047 17.937 10.0 61.237 0
084117 17.937 10.0 61.237 0
084148 17.937 10.0 61.175 0
084218 17.937 10.0 61.175 0
084249 17.937 10.0 61.112 0
084319 17.937 10.0 61.112 0
084350 17.937 10.0 61.05 0
084420 17.937 10.0 61.05 0
084450 17.937 10.0 60.987 0
084520 17.937 10.0 60.925 0
084550 17.937 10.0 60.862 0
084620 17.937 10.0 60.8 0
084650 17.937 10.0 60.675 0
084720 17.937 10.0 60.675 0
084751 17.937 10.0 60.612 0
084821 17.937 10.0 60.55 0
084852 17.937 10.0 60.487 0
084922 17.937 10.0 60.487 0
084953 17.937 10.0 60.425 0
085023 17.937 10.0 60.425 0
085053 17.937 10.0 60.362 0
085123 17.937 10.0 60.362 0
085153 17.937 10.0 60.3 0
085224 17.937 10.0 60.3 0
085254 17.937 10.0 60.237 0
085325 17.937 10.0 60.175 0
085355 17.937 10.0 60.175 0
085425 17.937 10.0 60.112 0
085456 17.937 10.0 60.112 0
085527 17.937 10.0 60.05 0
085557 17.937 10.0 60.05 0
085627 17.937 10.0 59.987 0
085658 17.937 10.0 59.987 0
085728 17.937 10.0 59.925 0
085759 17.937 10.0 59.925 0
085829 17.937 10.0 59.862 0
085859 17.937 10.0 59.8 0
085929 17.937 10.0 59.8 0
090001 17.937 10.0 59.737 0
090032 17.937 10.0 59.737 0
090102 17.937 10.0 59.675 0
090132 17.937 10.0 59.675 0
090202 17.937 10.0 59.612 0
090233 17.937 10.0 59.612 0
090303 17.937 10.0 59.55 0
090334 17.937 10.0 59.55 0
090404 17.937 10.0 59.487 0
090434 17.937 10.0 59.487 0
090504 17.937 10.0 59.425 0
090534 17.937 10.0 59.362 0
090604 17.937 10.0 59.3 0
090635 17.937 10.0 59.237 0
090706 17.937 10.0 59.112 0
090737 17.937 10.0 58.925 0
090807 17.937 10.0 58.862 0
090837 17.937 10.0 58.737 0
090907 17.937 10.0 58.675 0
090937 17.937 10.0 58.612 0
091007 17.937 10.0 58.55 0
091038 17.937 10.0 58.55 0
091108 17.937 10.0 58.487 0
091138 17.937 10.0 58.425 0
091208 17.937 10.0 58.425 0
091239 17.937 10.0 58.362 0
091309 17.937 10.0 58.3 0
091339 17.937 10.0 58.3 0
091409 17.937 10.0 58.237 0
091439 17.937 10.0 58.237 0
091510 17.937 10.0 58.175 0
091541 17.937 10.0 58.112 0
091612 17.937 10.0 58.112 0
091642 17.937 10.0 58.05 0
091712 17.937 10.0 58.05 0
091743 17.937 10.0 57.987 0
091813 17.937 10.0 57.987 0
091843 17.937 10.0 57.925 0
091913 17.937 10.0 57.862 0
091943 17.937 10.0 57.862 0
092014 18.0 10.0 57.8 0
092044 18.0 10.0 57.8 0
092114 18.0 10.0 57.737 0
092145 18.0 10.0 57.737 0
092215 18.0 10.0 57.675 0
092245 18.0 10.0 57.675 0
092316 18.0 10.0 57.612 0
092346 18.0 10.0 57.55 0
092417 18.0 10.0 57.55 0
092447 18.0 10.0 57.487 0
092517 18.0 10.0 57.487 0
092547 18.0 10.0 57.425 0
092617 18.0 10.0 57.425 0
092648 18.0 10.0 57.362 0
092718 18.0 10.0 57.237 0
092748 18.0 10.0 57.175 0
092818 18.0 10.0 56.987 0
092849 18.0 10.0 56.862 0
092919 18.0 10.0 56.8 0
092949 18.0 10.0 56.8 0
093020 18.062 10.0 56.925 0
093050 18.062 10.0 57.237 0
093121 18.062 10.0 57.55 0
093151 18.062 10.0 57.987 0
093221 18.062 10.0 58.612 0
093251 18.062 10.0 59.3 0
093321 18.062 10.0 60.112 0
093351 18.062 10.0 61.112 0
093421 18.062 10.0 62.112 0
093452 18.062 10.0 63.05 0
093522 18.062 10.0 63.8 0
093553 18.062 10.0 64.487 0
093623 18.062 10.0 64.987 0
093654 18.062 10.0 65.425 0
093725 18.062 10.0 65.737 0
093755 18.125 10.0 65.987 0
093825 18.125 10.0 66.175 0
093856 18.125 10.0 66.362 0
093927 18.125 10.0 66.487 0
093957 18.125 10.0 66.55 0
094027 18.125 10.0 66.675 0
094057 18.125 10.0 66.737 0
094128 18.125 10.0 66.862 0
094158 18.125 10.0 66.925 0
094229 18.125 10.0 66.987 0
094259 18.125 10.0 67.05 0
094329 18.125 10.0 67.112 0
094400 18.125 10.0 67.112 0
094430 18.125 10.0 67.175 0
094500 18.125 10.0 67.237 0
094531 18.125 10.0 67.3 0
094601 18.125 10.0 67.3 0
094631 18.125 10.0 67.362 0
094701 18.125 10.0 67.425 0
094731 18.125 10.0 67.425 0
094801 18.187 10.0 67.487 0
094832 18.187 10.0 67.55 0
094902 18.187 10.0 67.55 0
094932 18.187 10.0 67.612 0
095003 18.187 10.0 67.612 0
095033 18.187 10.0 67.675 0
095103 18.187 10.0 67.675 0
095134 18.187 10.0 67.675 0
095204 18.187 10.0 67.675 0
095234 18.187 10.0 67.675 0
095305 18.125 10.0 67.675 0
095335 18.125 10.0 67.675 0
095406 18.125 10.0 67.675 0
095436 18.125 10.0 67.675 0
095506 18.125 10.0 67.675 0
095536 18.187 10.0 67.675 0
095606 18.187 10.0 67.675 0
095636 18.187 10.0 67.737 0
095706 18.187 10.0 67.737 0
095737 18.187 10.0 67.675 0
095807 18.125 10.0 67.737 0
095838 18.125 10.0 67.737 0
095908 18.125 10.0 67.737 0
095939 18.125 10.0 67.737 0
100011 18.125 10.0 67.737 0
100041 18.125 10.0 67.737 0
100111 18.125 10.0 67.675 0
100142 18.125 10.0 67.675 0
100213 18.125 10.0 67.675 0
100243 18.187 10.0 67.675 0
100314 18.187 10.0 67.675 0
100344 18.187 10.0 67.675 0
100414 18.187 10.0 67.675 0
100444 18.187 10.0 67.675 0
100515 18.187 10.0 67.675 0
100545 18.187 10.0 67.675 0
100615 18.187 10.0 67.675 0
100645 18.187 10.0 67.675 0
100715 18.187 10.0 67.675 0
100745 18.187 10.0 67.675 0
100816 18.187 10.0 67.675 0
100846 18.187 10.0 67.612 0
100916 18.187 10.0 67.612 0
100947 18.187 10.0 67.612 0
101017 18.125 10.0 67.612 0
101047 18.125 10.0 67.612 0
101117 18.125 10.0 67.612 0
101147 18.125 10.0 67.612 0
101217 18.125 10.0 67.55 0
101248 18.125 10.0 67.55 0
101319 18.125 10.0 67.55 0
101349 18.125 10.0 67.55 0
101420 18.125 10.0 67.55 0
101450 18.125 10.0 67.55 0
101520 18.125 10.0 67.487 0
101551 18.125 10.0 67.487 0
101621 18.125 10.0 67.487 0
101651 18.125 10.0 67.487 0
101721 18.125 10.0 67.425 0
101751 18.125 10.0 67.425 0
101822 18.125 10.0 67.425 0
101852 18.125 10.0 67.425 0
101923 18.125 10.0 67.425 0
101953 18.125 10.0 67.425 0
102024 18.125 10.0 67.362 0
102054 18.125 10.0 67.362 0
102124 18.125 10.0 67.362 0
102155 18.125 10.0 67.362 0
102225 18.125 10.0 67.362 0
102256 18.125 10.0 67.3 0
102326 18.125 10.0 67.3 0
102357 18.125 10.0 67.3 0
102427 18.125 10.0 67.3 0
102458 18.125 10.0 67.237 0
102528 18.125 10.0 67.237 0
102558 18.125 10.0 67.237 0
102629 18.125 10.0 67.237 0
102659 18.125 10.0 67.175 0
102729 18.125 10.0 67.175 0
102800 18.125 10.0 67.175 0
102830 18.125 10.0 67.175 0
102901 18.125 10.0 67.175 0
102931 18.125 10.0 67.112 0
103001 18.125 10.0 67.112 0
103031 18.125 10.0 67.112 0
103101 18.125 10.0 67.05 0
103131 18.125 10.0 67.05 0
103202 18.125 10.0 67.05 0
103232 18.125 10.0 67.05 0
103302 18.187 10.0 67.05 0
103333 18.187 10.0 66.987 0
103403 18.187 10.0 66.987 0
103433 18.187 10.0 66.987 0
103503 18.187 10.0 66.925 0
103533 18.187 10.0 66.925 0
103603 18.187 10.0 66.925 0
103634 18.187 10.0 67.05 0
103705 18.187 10.0 67.175 0
103735 18.187 10.0 67.237 0
103806 18.187 10.0 67.3 0
103836 18.187 10.0 67.3 0
103907 18.187 10.0 67.362 0
103937 18.187 10.0 67.362 0
104008 18.187 10.0 67.362 0
104038 18.25 10.0 67.362 0
104108 18.25 10.0 67.362 0
104138 18.25 10.0 67.362 0
104209 18.25 10.0 67.362 0
104240 18.25 10.0 67.362 0
104310 18.25 10.0 67.3 0
104341 18.25 10.0 67.3 0
104411 18.25 10.0 67.3 0
104442 18.25 10.0 67.3 0
104512 18.25 10.0 67.3 0
104543 18.25 10.0 67.3 0
104613 18.25 10.0 67.3 0
104643 18.25 10.0 67.237 0
104714 18.25 10.0 67.237 0
104744 18.25 10.0 67.237 0
104815 18.25 10.0 67.237 0
104845 18.25 10.0 67.237 0
104915 18.25 10.0 67.237 0
104945 18.25 10.0 67.175 0
105016 18.25 10.0 67.175 0
105046 18.25 10.0 67.175 0
105117 18.25 10.0 67.175 0
105147 18.25 10.0 67.175 0
105218 18.25 10.0 67.175 0
105250 18.25 10.0 67.175 0
105320 18.25 10.0 67.112 0
105350 18.25 10.0 67.112 0
105421 18.25 10.0 67.112 0
105451 18.25 10.0 67.112 0
105521 18.25 10.0 67.05 0
105552 18.25 10.0 67.05 0
105623 18.25 10.0 67.05 0
105654 18.25 10.0 67.05 0
105724 18.25 10.0 66.987 0
105754 18.312 10.0 66.987 0
105824 18.312 10.0 66.987 0
105854 18.312 10.0 66.987 0
105924 18.312 10.0 66.925 0
105955 18.312 10.0 66.925 0
110025 18.25 10.0 66.925 0
110055 18.25 10.0 66.925 0
110126 18.25 10.0 66.862 0
110156 18.25 10.0 66.862 0
110227 18.25 10.0 66.862 0
110257 18.312 10.0 66.8 0
110328 18.312 10.0 66.8 0
110359 18.312 10.0 66.8 0
110429 18.312 10.0 66.737 0
110459 18.312 10.0 66.737 0
110530 18.312 10.0 66.737 0
110601 18.312 10.0 66.675 0
110631 18.312 10.0 66.675 0
110701 18.312 10.0 66.675 0
110732 18.312 10.0 66.612 0
110802 18.312 10.0 66.612 0
110833 18.312 10.0 66.612 0
110903 18.312 10.0 66.55 0
110934 18.312 10.0 66.55 0
111004 18.312 10.0 66.55 0
111034 18.312 10.0 66.487 0
111104 18.312 10.0 66.487 0
111134 18.312 10.0 66.487 0
111205 18.312 10.0 66.425 0
111235 18.312 10.0 66.425 0
111306 18.312 10.0 66.425 0
111336 18.312 10.0 66.362 0
111406 18.312 10.0 66.362 0
111437 18.312 10.0 66.362 0
111507 18.312 10.0 66.3 0
111537 18.25 10.0 66.3 0
111607 18.25 10.0 66.237 0
111637 18.25 10.0 66.237 0
111707 18.25 10.0 66.237 0
111738 18.25 10.0 66.237 0
111809 18.312 10.0 66.175 0
111839 18.312 10.0 66.175 0
111910 18.312 10.0 66.112 0
111940 18.312 10.0 66.112 0
112010 18.312 10.0 66.112 0
112041 18.312 10.0 66.05 0
112111 18.312 10.0 66.05 0
112142 18.312 10.0 66.05 0
112212 18.312 10.0 65.987 0
112242 18.312 10.0 65.987 0
112312 18.312 10.0 65.987 0
112343 18.312 10.0 65.925 0
112413 18.312 10.0 65.925 0
112443 18.312 10.0 65.862 0
112514 18.312 10.0 65.862 0
112544 18.312 10.0 65.862 0
112615 18.312 10.0 65.8 0
112645 18.312 10.0 65.8 0
112716 18.312 10.0 65.737 0
112746 18.312 10.0 65.737 0
112816 18.312 10.0 65.675 0
112847 18.312 10.0 65.675 0
112918 18.312 10.0 65.612 0
112948 18.312 10.0 65.612 0
113018 18.312 10.0 65.55 0
113048 18.312 10.0 65.55 0
113119 18.312 10.0 65.487 0
113149 18.312 10.0 65.487 0
113219 18.312 10.0 65.487 0
113250 18.312 10.0 65.425 0
113320 18.312 10.0 65.425 0
113350 18.312 10.0 65.362 0
113421 18.312 10.0 65.362 0
113451 18.312 10.0 65.362 0
113521 18.312 10.0 65.3 0
113551 18.312 10.0 65.3 0
113621 18.312 10.0 65.237 0
113652 18.312 10.0 65.237 0
113722 18.312 10.0 65.237 0
113752 18.312 10.0 65.237 0
113822 18.312 10.0 65.237 0
113853 18.312 10.0 65.3 0
113923 18.312 10.0 65.3 0
113954 18.312 10.0 65.362 0
114024 18.312 10.0 65.362 0
114054 18.312 10.0 65.362 0
114124 18.312 10.0 65.362 0
114155 18.312 10.0 65.362 0
114225 18.312 10.0 65.362 0
114255 18.312 10.0 65.3 0
114326 18.312 10.0 65.3 0
114357 18.312 10.0 65.3 0
114427 18.312 10.0 65.3 0
114457 18.312 10.0 65.237 0
114529 18.312 10.0 65.237 0
114559 18.312 10.0 65.237 0
114629 18.312 10.0 65.175 0
114659 18.312 10.0 65.112 0
114730 18.312 10.0 65.175 0
114800 18.312 10.0 65.112 0
114830 18.312 10.0 65.112 0
114901 18.312 10.0 65.112 0
114931 18.312 10.0 65.112 0
115001 18.312 10.0 65.05 0
115031 18.312 10.0 65.05 0
115101 18.312 10.0 64.987 0
115131 18.312 10.0 64.987 0
115201 18.312 10.0 64.925 0
115232 18.312 10.0 64.925 0
115302 18.312 10.0 64.862 0
115332 18.312 10.0 64.862 0
115402 18.312 10.0 64.8 0
115432 18.312 10.0 64.8 0
115503 18.312 10.0 64.737 0
115533 18.312 10.0 64.737 0
115603 18.312 10.0 64.675 0
115633 18.312 10.0 64.675 0
115704 18.312 10.0 64.675 0
115734 18.312 10.0 64.612 0
115805 18.312 10.0 64.612 0
115835 18.312 10.0 64.55 0
115905 18.312 10.0 64.55 0
115936 18.312 10.0 64.55 0
120006 18.312 10.0 64.487 0
120036 18.375 10.0 64.487 0
120107 18.375 10.0 64.425 0
120138 18.375 10.0 64.425 0
120209 18.375 10.0 64.425 0
120239 18.375 10.0 64.362 0
120309 18.375 10.0 64.362 0
120340 18.375 10.0 64.3 0
120410 18.375 10.0 64.3 0
120440 18.375 10.0 64.237 0
120510 18.375 10.0 64.237 0
120540 18.375 10.0 64.175 0
120611 18.375 10.0 64.175 0
120641 18.375 10.0 64.175 0
120712 18.375 10.0 64.112 0
120742 18.375 10.0 64.112 0
120813 18.437 10.0 64.05 0
120843 18.437 10.0 64.05 0
120913 18.437 10.0 64.05 0
120944 18.437 10.0 63.987 0
121014 18.437 10.0 63.987 0
121045 18.437 10.0 63.925 0
121115 18.437 10.0 63.925 0
121146 18.437 10.0 63.862 0
121216 18.437 10.0 63.862 0
121247 18.437 10.0 63.862 0
121317 18.5 10.0 63.8 0
121347 18.5 10.0 63.8 0
121418 18.5 10.0 63.737 0
121448 18.5 10.0 63.737 0
121519 18.5 10.0 63.675 0
121549 18.562 10.0 63.675 0
121619 18.562 10.0 63.612 0
121649 18.562 10.0 63.55 0
121719 18.562 10.0 63.487 0
121749 18.562 10.0 63.425 0
121819 18.562 10.0 63.425 0
121850 18.562 10.0 63.362 0
121920 18.562 10.0 63.362 0
121951 18.562 10.0 63.3 0
122021 18.562 10.0 63.3 0
122052 18.562 10.0 63.237 0
122122 18.562 10.0 63.237 0
122152 18.562 10.0 63.175 0
122223 18.562 10.0 63.175 0
122253 18.562 10.0 63.112 0
122323 18.625 10.0 63.112 0
122353 18.625 10.0 63.05 0
122423 18.625 10.0 63.05 0
122454 18.625 10.0 62.987 0
122525 18.625 10.0 62.987 0
122555 18.687 10.0 62.925 0
122625 18.687 10.0 62.925 0
122656 18.687 10.0 62.862 0
122726 18.687 10.0 62.862 0
122756 18.687 10.0 62.862 0
122827 18.687 10.0 62.8 0
122857 18.687 10.0 62.8 0
122927 18.687 10.0 62.737 0
122958 18.687 10.0 62.737 0
123029 18.687 10.0 62.675 0
123059 18.687 10.0 62.675 0
123130 18.687 10.0 62.612 0
123201 18.687 10.0 62.612 0
123231 18.687 10.0 62.55 0
123302 18.687 10.0 62.55 0
123332 18.687 10.0 62.487 0
123402 18.687 10.0 62.487 0
123432 18.687 10.0 62.425 0
123502 18.687 10.0 62.425 0
123532 18.687 10.0 62.362 0
123602 18.687 10.0 62.362 0
123633 18.687 10.0 62.3 0
123703 18.687 10.0 62.3 0
123733 18.687 10.0 62.237 0
123803 18.687 10.0 62.237 0
123833 18.687 10.0 62.175 0
123903 18.687 10.0 62.175 0
123934 18.687 10.0 62.112 0
124005 18.687 10.0 62.112 0
124037 18.687 10.0 62.05 0
124108 18.687 10.0 62.05 0
124138 18.687 10.0 61.987 0
124208 18.687 10.0 61.987 0
124239 18.687 10.0 61.987 0
124309 18.75 10.0 61.925 0
124339 18.75 10.0 61.925 0
124409 18.75 10.0 61.862 0
124439 18.75 10.0 61.862 0
124510 18.75 10.0 61.8 0
124541 18.75 10.0 61.8 0
124611 18.75 10.0 61.8 0
124642 18.75 10.0 61.737 0
124712 18.75 10.0 61.737 0
124742 18.75 10.0 61.675 0
124813 18.75 10.0 61.675 0
124843 18.75 10.0 61.612 0
124914 18.75 10.0 61.612 0
124944 18.75 10.0 61.612 0
125014 18.75 10.0 61.55 0
125045 18.75 10.0 61.55 0
125115 18.75 10.0 61.487 0
125146 18.75 10.0 61.487 0
125217 18.75 10.0 61.425 0
125247 18.75 10.0 61.425 0
125317 18.75 10.0 61.362 0
125348 18.75 10.0 61.362 0
125418 18.75 10.0 61.3 0
125449 18.75 10.0 61.3 0
125519 18.75 10.0 61.237 0
125549 18.75 10.0 61.237 0
125620 18.75 10.0 61.237 0
125650 18.75 10.0 61.175 0
125721 18.75 10.0 61.175 0
125751 18.75 10.0 61.112 0
125822 18.75 10.0 61.05 0
125852 18.75 10.0 61.05 0
125923 18.75 10.0 61.05 0
125953 18.75 10.0 60.987 0
130024 18.75 10.0 60.987 0
130054 18.75 10.0 60.925 0
130124 18.75 10.0 60.925 0
130154 18.75 10.0 60.862 0
130224 18.75 10.0 60.8 0
130255 18.75 10.0 60.737 0
130325 18.75 10.0 60.675 0
130355 18.75 10.0 60.612 0
130425 18.75 10.0 60.487 0
130456 18.75 10.0 60.425 0
130526 18.75 10.0 60.425 0
130557 18.75 10.0 60.362 0
130627 18.75 10.0 60.3 0
130657 18.75 10.0 60.237 0
130728 18.75 10.0 60.237 0
130758 18.75 10.0 60.175 0
130829 18.812 10.0 60.175 0
130859 18.812 10.0 60.112 0
130929 18.812 10.0 60.112 0
131000 18.812 10.0 60.05 0
131031 18.812 10.0 59.987 0
131101 18.812 10.0 59.987 0
131131 18.812 10.0 59.925 0
131201 18.812 10.0 59.925 0
131232 18.812 10.0 59.862 0
131302 18.812 10.0 59.862 0
131332 18.875 10.0 59.8 0
131402 18.875 10.0 59.8 0
131433 18.875 10.0 59.737 0
131503 18.875 10.0 59.675 0
131533 18.875 10.0 59.675 0
131604 18.875 10.0 59.612 0
131634 18.875 10.0 59.612 0
131704 18.875 10.0 59.55 0
131734 18.875 10.0 59.55 0
131804 18.875 10.0 59.487 0
131834 18.875 10.0 59.487 0
131905 18.875 10.0 59.425 0
131935 18.875 10.0 59.425 0
132005 18.875 10.0 59.362 0
132035 18.875 10.0 59.362 0
132106 18.875 10.0 59.3 0
132136 18.875 10.0 59.3 0
132206 18.875 10.0 59.237 0
132236 18.875 10.0 59.237 0
132306 18.875 10.0 59.175 0
132337 18.875 10.0 59.112 0
132407 18.875 10.0 59.112 0
132437 18.875 10.0 59.05 0
132508 18.875 10.0 59.05 0
132538 18.875 10.0 58.925 0
132609 18.875 10.0 58.862 0
132639 18.875 10.0 58.675 0
132710 18.875 10.0 58.612 0
132741 18.875 10.0 58.487 0
132811 18.875 10.0 58.487 0
132841 18.937 10.0 58.362 0
132911 18.937 10.0 58.362 0
132941 18.937 10.0 58.3 0
133012 18.937 10.0 58.237 0
133045 18.937 10.0 58.237 0
133116 18.937 10.0 58.175 0
133146 18.937 10.0 58.175 0
133217 18.937 10.0 58.112 0
133248 18.937 10.0 58.05 0
133318 18.875 10.0 58.05 0
133349 18.875 10.0 57.987 0
133419 18.875 10.0 57.987 0
133449 18.875 10.0 57.925 0
133519 18.875 10.0 57.862 0
133550 18.875 10.0 57.862 0
133620 18.875 10.0 57.8 0
133650 18.875 10.0 57.8 0
133720 18.875 10.0 57.737 0
133750 18.875 10.0 57.737 0
133821 18.875 10.0 57.675 0
133851 18.875 10.0 57.675 0
133921 18.875 10.0 57.612 0
133951 18.875 10.0 57.55 0
134021 18.875 10.0 57.55 0
134051 18.875 10.0 57.55 0
134122 18.875 10.0 57.487 0
134152 18.875 10.0 57.487 0
134222 18.875 10.0 57.487 0
134253 18.875 10.0 57.487 0
134323 18.937 10.0 57.487 0
134353 18.937 10.0 57.487 0
134423 18.937 10.0 57.425 0
134453 18.937 10.0 57.425 0
134524 18.937 10.0 57.425 0
134554 19.0 10.0 57.362 0
134624 19.0 10.0 57.362 0
134655 19.0 10.0 57.3 0
134725 19.0 10.0 57.3 0
134756 19.0 10.0 57.237 0
134826 19.0 10.0 57.175 0
134856 19.0 10.0 57.05 0
134926 19.0 10.0 56.987 0
134956 19.0 10.0 56.925 0
135027 19.0 10.0 56.862 0
135057 19.0 10.0 56.925 0
135128 19.0 10.0 56.987 0
135158 19.0 10.0 57.175 0
135228 19.0 10.0 57.55 0
135259 19.0 10.0 57.987 0
135329 19.125 10.0 58.612 0
135359 19.125 10.0 59.362 0
135429 19.125 10.0 60.237 0
135500 19.125 10.0 61.3 0
135530 19.125 10.0 62.362 0
135600 19.062 10.0 63.237 0
135631 19.062 10.0 64.05 0
135702 19.062 10.0 64.675 0
135732 19.062 10.0 65.175 0
135803 19.062 10.0 65.612 0
135833 19.062 10.0 65.862 0
135904 19.062 10.0 66.112 0
135934 19.062 10.0 66.3 0
140004 19.062 10.0 66.425 0
140035 19.062 10.0 66.55 0
140105 19.0 10.0 66.675 0
140135 19.0 10.0 66.737 0
140205 19.0 10.0 66.862 0
140236 19.0 10.0 66.925 0
140306 19.0 10.0 66.987 0
140336 18.937 10.0 67.05 0
140407 18.937 10.0 67.112 0
140438 18.937 10.0 67.175 0
140508 18.937 10.0 67.237 0
140539 18.937 10.0 67.3 0
140609 18.875 10.0 67.362 0
140639 18.875 10.0 67.425 0
140709 18.875 10.0 67.425 0
140739 18.875 10.0 67.487 0
140810 18.875 10.0 67.55 0
140840 18.875 10.0 67.612 0
140911 18.875 10.0 67.675 0
140941 18.875 10.0 67.675 0
141011 18.875 10.0 67.737 0
141041 18.875 10.0 67.8 0
141111 18.937 10.0 67.8 0
141142 18.937 10.0 67.862 0
141213 18.937 10.0 67.862 0
141244 18.937 10.0 67.862 0
141315 18.937 10.0 67.862 0
141345 18.875 10.0 67.925 0
141415 18.875 10.0 67.925 0
141445 18.875 10.0 67.925 0
141515 18.875 10.0 67.925 0
141546 18.875 10.0 67.925 0
141616 18.875 10.0 67.925 0
141646 18.875 10.0 67.925 0
141717 18.875 10.0 67.925 0
141747 18.875 10.0 67.925 0
141818 18.875 10.0 67.925 0
141849 18.812 10.0 67.987 0
141919 18.812 10.0 67.987 0
141950 18.812 10.0 67.987 0
142021 18.812 10.0 67.925 0
142053 18.812 10.0 67.925 0
142123 18.812 10.0 67.987 0
142153 18.812 10.0 67.987 0
142223 18.812 10.0 67.987 0
142253 18.812 10.0 67.987 0
142324 18.812 10.0 67.987 0
142355 18.812 10.0 67.987 0
142426 18.812 10.0 67.987 0
142457 18.812 10.0 67.987 0
142527 18.812 10.0 67.987 0
142557 18.812 10.0 67.987 0
142628 18.812 10.0 67.987 0
142658 18.812 10.0 67.925 0
142729 18.812 10.0 67.925 0
142759 18.812 10.0 67.925 0
142830 18.812 10.0 67.987 0
142900 18.812 10.0 67.925 0
142930 18.812 10.0 67.925 0
143001 18.812 10.0 67.925 0
143031 18.812 10.0 67.925 0
143101 18.812 10.0 67.925 0
143132 18.812 10.0 67.925 0
143203 18.812 10.0 67.925 0
143233 18.812 10.0 67.925 0
143303 18.812 10.0 67.925 0
143333 18.812 10.0 67.925 0
143403 18.812 10.0 67.925 0
143434 18.812 10.0 67.925 0
143504 18.812 10.0 67.925 0
143534 18.812 10.0 67.925 0
143605 18.812 10.0 67.862 0
143635 18.812 10.0 67.862 0
143705 18.812 10.0 67.862 0
143736 18.812 10.0 67.862 0
143806 18.812 10.0 67.862 0
143837 18.812 10.0 67.862 0
143907 18.812 10.0 67.862 0
143938 18.812 10.0 67.862 0
144009 18.812 10.0 67.862 0
144039 18.812 10.0 67.862 0
144110 18.812 10.0 67.862 0
144140 18.812 10.0 67.8 0
144210 18.812 10.0 67.8 0
144240 18.812 10.0 67.8 0
144311 18.812 10.0 67.8 0
144341 18.812 10.0 67.8 0
144412 18.812 10.0 67.8 0
144442 18.812 10.0 67.737 0
144513 18.812 10.0 67.737 0
144543 18.812 10.0 67.737 0
144614 18.875 10.0 67.737 0
144644 18.875 10.0 67.737 0
144714 18.875 10.0 67.737 0
144745 18.875 10.0 67.675 0
144815 18.875 10.0 67.675 0
144845 18.875 10.0 67.675 0
144915 18.875 10.0 67.675 0
144946 18.875 10.0 67.675 0
145016 18.875 10.0 67.675 0
145047 18.875 10.0 67.612 0
145117 18.812 10.0 67.612 0
145147 18.812 10.0 67.612 0
145218 18.812 10.0 67.612 0
145248 18.812 10.0 67.612 0
145318 18.812 10.0 67.55 0
145348 18.75 10.0 67.55 0
145418 18.75 10.0 67.55 0
145448 18.75 10.0 67.55 0
145519 18.75 10.0 67.487 0
145549 18.75 10.0 67.487 0
145619 18.75 10.0 67.487 0
145650 18.75 10.0 67.487 0
145720 18.75 10.0 67.487 0
145750 18.75 10.0 67.612 0
145820 18.75 10.0 67.675 0
145851 18.687 10.0 67.8 0
145921 18.687 10.0 67.862 0
145952 18.687 10.0 67.925 0
150023 18.687 10.0 67.925 0
150053 18.687 10.0 67.987 0
150123 18.687 10.0 67.987 0
150153 18.687 10.0 67.987 0
150224 18.687 10.0 67.987 0
150254 18.687 10.0 67.987 0
150324 18.687 10.0 67.987 0
150354 18.687 10.0 67.987 0
150424 18.687 10.0 67.925 0
150455 18.687 10.0 67.925 0
150526 18.687 10.0 67.925 0
150556 18.687 10.0 67.925 0
150626 18.625 10.0 67.925 0
150657 18.625 10.0 67.925 0
150727 18.625 10.0 67.862 0
150758 18.625 10.0 67.862 0
150828 18.625 10.0 67.862 0
150859 18.625 10.0 67.862 0
150930 18.625 10.0 67.862 0
151000 18.625 10.0 67.862 0
151030 18.625 10.0 67.8 0
151102 18.625 10.0 67.8 0
151132 18.625 10.0 67.8 0
151202 18.625 10.0 67.8 0
151232 18.625 10.0 67.8 0
151303 18.625 10.0 67.737 0
151333 18.687 10.0 67.737 0
151403 18.687 10.0 67.737 0
151434 18.687 10.0 67.737 0
151505 18.687 10.0 67.737 0
151535 18.687 10.0 67.675 0
151605 18.625 10.0 67.675 0
151636 18.625 10.0 67.675 0
151706 18.625 10.0 67.675 0
151736 18.625 10.0 67.612 0
151806 18.625 10.0 67.612 0
151836 18.625 10.0 67.612 0
151907 18.625 10.0 67.612 0
151937 18.625 10.0 67.55 0
152007 18.625 10.0 67.55 0
152037 18.625 10.0 67.55 0
152107 18.625 10.0 67.55 0
152138 18.625 10.0 67.487 0
152208 18.625 10.0 67.487 0
152238 18.625 10.0 67.487 0
152308 18.625 10.0 67.487 0
152338 18.625 10.0 67.425 0
152408 18.625 10.0 67.425 0
152439 18.625 10.0 67.425 0
152509 18.625 10.0 67.362 0
152539 18.625 10.0 67.362 0
152610 18.625 10.0 67.3 0
152640 18.625 10.0 67.3 0
152710 18.625 10.0 67.3 0
152740 18.625 10.0 67.3 0
152810 18.625 10.0 67.237 0
152841 18.562 10.0 67.237 0
152911 18.562 10.0 67.237 0
152941 18.562 10.0 67.175 0
153012 18.562 10.0 67.175 0
153042 18.562 10.0 67.175 0
153113 18.562 10.0 67.112 0
153143 18.562 10.0 67.112 0
153213 18.562 10.0 67.112 0
153244 18.562 10.0 67.05 0
153314 18.562 10.0 67.05 0
153344 18.562 10.0 67.05 0
153415 18.562 10.0 66.987 0
153445 18.562 10.0 66.987 0
153516 18.562 10.0 66.987 0
153547 18.562 10.0 66.987 0
153617 18.5 10.0 66.925 0
153648 18.5 10.0 66.925 0
153718 18.5 10.0 66.925 0
153749 18.5 10.0 66.862 0
153819 18.5 10.0 66.862 0
153850 18.5 10.0 66.862 0
153920 18.5 10.0 66.8 0
153950 18.5 10.0 66.8 0
154021 18.5 10.0 66.8 0
154052 18.5 10.0 66.737 0
154123 18.5 10.0 66.737 0
154153 18.5 10.0 66.675 0
154224 18.5 10.0 66.675 0
154254 18.5 10.0 66.675 0
154324 18.5 10.0 66.675 0
154355 18.5 10.0 66.612 0
154425 18.5 10.0 66.612 0
154455 18.5 10.0 66.55 0
154525 18.5 10.0 66.55 0
154556 18.5 10.0 66.55 0
154626 18.5 10.0 66.487 0
154657 18.5 10.0 66.487 0
154727 18.5 10.0 66.487 0
154758 18.5 10.0 66.425 0
154828 18.5 10.0 66.425 0
154858 18.5 10.0 66.362 0
154929 18.5 10.0 66.362 0
154959 18.5 10.0 66.3 0
155029 18.5 10.0 66.237 0
155100 18.5 10.0 66.237 0
155130 18.5 10.0 66.175 0
155200 18.5 10.0 66.175 0
155230 18.5 10.0 66.112 0
155300 18.5 10.0 66.112 0
155330 18.5 10.0 66.05 0
155401 18.5 10.0 66.05 0
155431 18.5 10.0 65.987 0
155502 18.5 10.0 65.987 0
155532 18.5 10.0 65.987 0
155602 18.5 10.0 65.925 0
155633 18.5 10.0 65.925 0
155703 18.5 10.0 65.862 0
155733 18.5 10.0 65.862 0
155803 18.5 10.0 65.862 0
155833 18.5 10.0 65.8 0
155903 18.437 10.0 65.8 0
155934 18.437 10.0 65.862 0
160004 18.437 10.0 65.862 0
160034 18.437 10.0 65.925 0
160105 18.437 10.0 65.925 0
160135 18.437 10.0 65.925 0
160205 18.437 10.0 65.925 0
160236 18.437 10.0 65.925 0
160306 18.437 10.0 65.862 0
160336 18.437 10.0 65.862 0
160406 18.437 10.0 65.862 0
160436 18.437 10.0 65.862 0
160507 18.437 10.0 65.862 0
160537 18.437 10.0 65.8 0
160609 18.437 10.0 65.8 0
160639 18.437 10.0 65.8 0
160709 18.437 10.0 65.737 0
160740 18.437 10.0 65.737 0
160810 18.437 10.0 65.737 0
160840 18.375 10.0 65.675 0
160911 18.375 10.0 65.675 0
160941 18.375 10.0 65.675 0
161011 18.375 10.0 65.675 0
161041 18.375 10.0 65.612 0
161111 18.375 10.0 65.612 0
161142 18.375 10.0 65.55 0
161212 18.375 10.0 65.487 0
161243 18.375 10.0 65.487 0
161313 18.375 10.0 65.425 0
161343 18.375 10.0 65.425 0
161414 18.375 10.0 65.362 0
161444 18.375 10.0 65.3 0
161514 18.375 10.0 65.3 0
161545 18.375 10.0 65.237 0
161615 18.375 10.0 65.237 0
161645 18.375 10.0 65.237 0
161715 18.375 10.0 65.175 0
161745 18.375 10.0 65.175 0
161816 18.375 10.0 65.112 0
161846 18.375 10.0 65.112 0
161917 18.375 10.0 65.05 0
161947 18.375 10.0 65.05 0
162017 18.375 10.0 64.987 0
162048 18.375 10.0 64.987 0
162118 18.375 10.0 64.925 0
162149 18.375 10.0 64.925 0
162219 18.375 10.0 64.925 0
162250 18.375 10.0 64.862 0
162320 18.375 10.0 64.862 0
162351 18.437 10.0 64.8 0
162422 18.437 10.0 64.8 0
162452 18.437 10.0 64.737 0
162522 18.437 10.0 64.737 0
162552 18.437 10.0 64.675 0
162623 18.437 10.0 64.675 0
162653 18.437 10.0 64.675 0
162724 18.437 10.0 64.612 0
162754 18.437 10.0 64.55 0
162824 18.437 10.0 64.55 0
162854 18.5 10.0 64.55 0
162924 18.5 10.0 64.487 0
162954 18.5 10.0 64.487 0
163024 18.5 10.0 64.425 0
163054 18.5 10.0 64.425 0
163125 18.5 10.0 64.362 0
163155 18.5 10.0 64.362 0
163225 18.5 10.0 64.3 0
163256 18.5 10.0 64.3 0
163326 18.5 10.0 64.237 0
163356 18.437 10.0 64.237 0
163426 18.437 10.0 64.175 0
163456 18.437 10.0 64.112 0
163527 18.437 10.0 64.05 0
163557 18.437 10.0 63.925 0
163628 18.437 10.0 63.925 0
163658 18.437 10.0 63.8 0
163729 18.437 10.0 63.8 0
163759 18.437 10.0 63.737 0
163829 18.437 10.0 63.737 0
163900 18.437 10.0 63.675 0
163930 18.437 10.0 63.612 0
164000 18.437 10.0 63.612 0
164031 18.437 10.0 63.55 0
164101 18.437 10.0 63.55 0
164132 18.437 10.0 63.487 0
164202 18.437 10.0 63.487 0
164232 18.437 10.0 63.425 0
164303 18.437 10.0 63.362 0
164333 18.437 10.0 63.362 0
164403 18.437 10.0 63.3 0
164434 18.437 10.0 63.3 0
164504 18.437 10.0 63.237 0
164535 18.437 10.0 63.237 0
164605 18.437 10.0 63.175 0
164635 18.437 10.0 63.175 0
164706 18.437 10.0 63.112 0
164736 18.437 10.0 63.05 0
164806 18.437 10.0 63.05 0
164836 18.437 10.0 62.987 0
164906 18.437 10.0 62.987 0
164937 18.437 10.0 62.925 0
165007 18.437 10.0 62.925 0
165038 18.437 10.0 62.862 0
165108 18.437 10.0 62.8 0
165138 18.5 10.0 62.8 0
165208 18.5 10.0 62.737 0
165239 18.5 10.0 62.737 0
165310 18.5 10.0 62.675 0
165340 18.5 10.0 62.675 0
165410 18.5 10.0 62.612 0
165440 18.5 10.0 62.55 0
165511 18.5 10.0 62.55 0
165541 18.5 10.0 62.487 0
165611 18.5 10.0 62.425 0
165642 18.5 10.0 62.362 0
165712 18.5 10.0 62.237 0
165742 18.5 10.0 62.112 0
165813 18.5 10.0 61.987 0
165843 18.5 10.0 61.862 0
165913 18.5 10.0 61.8 0
165944 18.5 10.0 61.737 0
170014 18.5 10.0 61.675 0
170045 18.5 10.0 61.612 0
170117 18.5 10.0 61.612 0
170148 18.5 10.0 61.55 0
170218 18.5 10.0 61.55 0
170249 18.5 10.0 61.55 0
170319 18.5 10.0 61.487 0
170350 18.437 10.0 61.425 0
170420 18.437 10.0 61.425 0
170450 18.437 10.0 61.425 0
170521 18.437 10.0 61.362 0
170551 18.437 10.0 61.362 0
170621 18.437 10.0 61.3 0
170652 18.437 10.0 61.3 0
170722 18.437 10.0 61.237 0
170753 18.437 10.0 61.175 0
170823 18.437 10.0 61.175 0
170854 18.437 10.0 61.112 0
170925 18.437 10.0 61.112 0
170955 18.437 10.0 61.05 0
171026 18.437 10.0 61.05 0
171057 18.437 10.0 60.987 0
171127 18.437 10.0 60.987 0
171157 18.437 10.0 60.925 0
171228 18.437 10.0 60.925 0
171259 18.437 10.0 60.862 0
171329 18.437 10.0 60.862 0
171359 18.437 10.0 60.8 0
171429 18.437 10.0 60.8 0
171459 18.437 10.0 60.737 0
171530 18.437 10.0 60.737 0
171600 18.437 10.0 60.675 0
171631 18.375 10.0 60.675 0
171701 18.375 10.0 60.612 0
171731 18.375 10.0 60.55 0
171801 18.375 10.0 60.55 0
171832 18.375 10.0 60.425 0
171902 18.375 10.0 60.362 0
171933 18.375 10.0 60.175 0
172003 18.375 10.0 60.05 0
172033 18.375 10.0 59.925 0
172103 18.375 10.0 59.8 0
172133 18.375 10.0 59.737 0
172203 18.375 10.0 59.675 0
172234 18.375 10.0 59.612 0
172304 18.375 10.0 59.55 0
172334 18.375 10.0 59.487 0
172405 18.375 10.0 59.487 0
172435 18.375 10.0 59.425 0
172505 18.375 10.0 59.362 0
172535 18.375 10.0 59.362 0
172606 18.375 10.0 59.3 0
172636 18.312 10.0 59.237 0
172707 18.312 10.0 59.237 0
172737 18.312 10.0 59.175 0
172807 18.312 10.0 59.112 0
172837 18.312 10.0 59.112 0
172907 18.312 10.0 59.05 0
172937 18.312 10.0 58.987 0
173008 18.312 10.0 58.987 0
173039 18.312 10.0 58.925 0
173109 18.312 10.0 58.925 0
173139 18.312 10.0 58.862 0
173210 18.312 10.0 58.8 0
173240 18.312 10.0 58.8 0
173311 18.312 10.0 58.737 0
173341 18.312 10.0 58.675 0
173411 18.375 10.0 58.675 0
173441 18.375 10.0 58.612 0
173512 18.375 10.0 58.612 0
173542 18.375 10.0 58.55 0
173613 18.375 10.0 58.487 0
173643 18.562 10.0 58.487 0
173713 18.562 10.0 58.425 0
173743 18.562 10.0 58.425 0
173814 18.562 10.0 58.362 0
173844 18.562 10.0 58.3 0
173914 18.562 10.0 58.3 0
173945 18.562 10.0 58.175 0
174015 18.562 10.0 57.987 0
174046 18.562 10.0 57.8 0
174116 18.562 10.0 57.612 0
174147 18.625 10.0 57.487 0
174217 18.625 10.0 57.487 0
174248 18.625 10.0 57.55 0
174318 18.625 10.0 57.675 0
174348 18.625 10.0 57.925 0
174418 18.625 10.0 58.3 0
174449 18.625 10.0 58.737 0
174519 18.625 22.0 59.175 0
174550 18.625 22.0 59.737 0
174620 18.625 22.0 60.362 50
174651 18.687 22.0 60.987 50
174721 18.687 22.0 61.737 50
174751 18.687 22.0 62.425 50
174821 18.687 22.0 63.05 50
174852 18.687 22.0 63.487 50
174923 18.687 22.0 63.8 50
174953 18.687 22.0 64.05 50
175024 18.687 22.0 64.3 50
175054 18.687 22.0 64.425 50
175124 18.687 22.0 64.55 50
175155 18.812 22.0 64.675 50
175225 18.812 22.0 64.8 50
175256 18.812 22.0 64.925 50
175326 18.812 22.0 64.987 50
175358 18.875 22.0 65.05 50
175428 18.875 22.0 65.05 50
175458 18.875 22.0 65.05 50
175529 18.875 22.0 64.987 50
175559 18.875 22.0 64.925 50
175629 19.125 22.0 64.737 50
175659 19.125 22.0 64.362 50
175730 19.125 22.0 63.675 50
175800 19.125 22.0 62.237 50
175830 19.125 22.0 59.987 50
175900 19.437 22.0 56.987 0
175930 19.437 22.0 55.05 0
180001 19.437 22.0 53.862 0
180031 19.437 22.0 53.112 0
180102 19.437 22.0 52.487 0
180132 19.812 22.0 52.05 0
180203 19.812 22.0 51.987 0
180233 19.812 22.0 52.237 0
180303 19.812 22.0 52.862 0
180334 19.812 22.0 53.8 0
180404 19.875 22.0 54.862 0
180434 19.875 22.0 55.925 0
180505 19.875 22.0 56.987 0
180535 19.875 22.0 58.112 0
180606 19.875 22.0 59.3 0
180636 20.0 22.0 60.425 50
180706 20.0 22.0 61.55 50
180737 20.0 22.0 62.675 50
180808 20.0 22.0 63.675 50
180838 20.0 22.0 64.425 50
180908 20.187 22.0 64.987 50
180938 20.187 22.0 65.487 50
181008 20.187 22.0 65.8 50
181039 20.187 22.0 66.05 50
181109 20.187 22.0 66.237 50
181139 20.125 22.0 66.425 50
181210 20.125 22.0 66.55 50
181240 20.125 22.0 66.675 50
181311 20.125 22.0 66.8 50
181341 20.125 22.0 66.862 50
181411 20.375 22.0 66.925 50
181441 20.375 22.0 66.987 50
181511 20.375 22.0 66.987 50
181542 20.375 22.0 66.987 50
181612 20.375 22.0 66.925 50
181642 20.375 22.0 66.8 50
181713 20.375 22.0 66.675 50
181743 20.375 22.0 66.362 50
181813 20.375 22.0 65.8 50
181843 20.375 22.0 64.925 50
181914 20.562 22.0 63.8 50
181944 20.562 22.0 62.55 50
182015 20.562 22.0 61.237 50
182046 20.562 22.0 59.987 50
182116 20.562 22.0 58.987 0
182146 20.687 22.0 58.112 0
182216 20.687 22.0 57.612 0
182246 20.687 22.0 57.3 0
182317 20.687 22.0 57.112 0
182347 20.687 22.0 57.05 0
182418 21.062 22.0 57.112 0
182448 21.062 22.0 57.425 0
182518 21.062 22.0 57.8 0
182548 21.062 22.0 58.237 0
182618 21.062 22.0 58.862 0
182648 20.875 22.0 59.737 0
182719 20.875 22.0 60.612 50
182749 20.875 22.0 61.55 50
182820 20.875 22.0 62.675 50
182850 20.875 22.0 63.55 50
182921 20.937 22.0 64.237 50
182952 20.937 22.0 64.737 50
183022 20.937 22.0 65.05 50
183053 20.937 22.0 65.3 50
183123 20.937 22.0 65.487 50
183153 21.062 22.0 65.675 50
183224 21.062 22.0 65.8 50
183255 21.062 22.0 65.925 50
183325 21.062 22.0 66.05 50
183355 21.062 22.0 66.112 50
183425 21.0 22.0 66.175 50
183455 21.0 22.0 66.175 50
183526 21.0 22.0 66.175 50
183556 21.0 22.0 66.175 50
183626 21.0 22.0 66.112 50
183657 21.0 22.0 66.05 50
183727 21.0 22.0 65.925 50
183758 21.0 22.0 65.675 50
183828 21.0 22.0 65.3 50
183858 21.0 22.0 64.675 50
183928 21.25 22.0 63.925 50
183959 21.25 22.0 63.112 50
184029 21.25 22.0 62.112 50
184059 21.25 22.0 61.237 50
184130 21.25 22.0 60.362 50
184200 21.312 22.0 59.55 0
184231 21.312 22.0 58.987 0
184301 21.312 22.0 58.612 0
184332 21.312 22.0 58.362 0
184402 21.312 22.0 58.175 0
184432 21.25 22.0 58.112 0
184502 21.25 22.0 57.987 0
184533 21.25 22.0 57.925 50
184603 21.25 22.0 57.8 50
184633 21.25 22.0 57.675 50
184703 21.25 22.0 57.612 50
184734 21.25 22.0 57.612 50
184804 21.25 22.0 57.55 50
184834 21.25 22.0 57.612 50
184907 21.312 22.0 57.675 50
184938 21.312 22.0 57.675 50
185009 21.312 22.0 57.675 50
185039 21.312 22.0 57.737 50
185109 21.312 22.0 57.737 50
185140 21.187 22.0 57.8 50
185210 21.187 22.0 57.8 50
185240 21.187 22.0 57.8 50
185310 21.187 22.0 57.8 50
185340 21.187 22.0 57.8 50
185410 21.187 22.0 57.8 50
185441 21.187 22.0 57.737 50
185511 21.187 22.0 57.675 50
185541 21.187 22.0 57.612 50
185611 21.187 22.0 57.487 50
185641 21.312 22.0 57.362 50
185711 21.312 22.0 57.112 50
185742 21.312 22.0 56.8 50
185812 21.312 22.0 56.487 50
185843 21.312 22.0 56.112 50
185913 21.187 22.0 55.737 50
185943 21.187 22.0 55.362 50
190013 21.187 22.0 55.05 50
190044 21.187 22.0 54.8 50
190115 21.187 22.0 54.675 50
190145 21.25 22.0 54.862 50
190215 21.25 22.0 55.425 50
190245 21.25 22.0 56.175 50
190315 21.25 22.0 56.987 50
190346 21.25 22.0 57.862 50
190416 21.437 22.0 58.737 50
190447 21.437 22.0 59.675 50
190517 21.437 22.0 60.612 50
190547 21.437 22.0 61.487 50
190617 21.437 22.0 62.362 50
190647 21.25 22.0 63.112 50
190718 21.25 22.0 63.737 50
190748 21.25 22.0 64.237 50
190819 21.25 22.0 64.55 50
190849 21.25 22.0 64.862 50
190920 21.312 22.0 65.05 50
190950 21.312 22.0 65.237 50
191020 21.312 22.0 65.362 50
191051 21.312 22.0 65.487 50
191122 21.312 22.0 65.612 50
191152 21.437 22.0 65.737 50
191222 21.437 22.0 65.737 50
191252 21.437 22.0 65.8 50
191323 21.437 22.0 65.8 50
191354 21.437 22.0 65.8 50
191424 21.375 22.0 65.8 50
191454 21.375 22.0 65.737 50
191524 21.375 22.0 65.612 50
191554 21.375 22.0 65.425 50
191624 21.375 22.0 65.05 50
191654 21.375 22.0 64.425 50
191725 21.375 22.0 63.8 50
191755 21.375 22.0 63.175 50
191825 21.375 22.0 62.487 50
191855 21.375 22.0 61.862 50
191925 21.5 22.0 61.237 50
191956 21.5 22.0 60.612 50
192026 21.5 22.0 60.112 50
192057 21.5 22.0 59.612 50
192127 21.5 22.0 59.175 50
192157 21.625 22.0 58.8 50
192227 21.625 22.0 58.425 50
192257 21.625 22.0 58.112 50
192327 21.625 22.0 57.862 50
192358 21.625 22.0 57.612 50
192428 21.562 22.0 57.425 50
192458 21.562 22.0 57.237 50
192528 21.562 22.0 57.05 50
192558 21.562 22.0 56.925 50
192628 21.562 22.0 56.862 50
192659 21.687 22.0 56.8 50
192729 21.687 22.0 56.8 50
192759 21.687 22.0 56.987 50
192829 21.687 22.0 57.3 50
192859 21.687 22.0 57.8 50
192930 21.687 22.0 58.487 50
193000 21.687 22.0 59.237 50
193030 21.687 22.0 60.112 50
193101 21.687 22.0 60.925 50
193131 21.687 22.0 61.737 50
193201 21.562 22.0 62.55 50
193232 21.562 22.0 63.175 50
193302 21.562 22.0 63.612 50
193332 21.562 22.0 63.987 50
193402 21.562 22.0 64.237 50
193432 21.625 22.0 64.425 50
193503 21.625 22.0 64.612 50
193533 21.625 22.0 64.737 50
193603 21.625 22.0 64.862 50
193633 21.625 22.0 64.987 50
193703 21.75 22.0 65.05 50
193733 21.75 22.0 65.112 50
193804 21.75 22.0 65.175 50
193834 21.75 22.0 65.175 50
193905 21.75 22.0 65.237 50
193935 21.625 22.0 65.237 50
194005 21.625 22.0 65.237 50
194035 21.625 22.0 65.237 50
194105 21.625 22.0 65.112 50
194136 21.625 22.0 65.05 50
194206 21.687 22.0 64.862 50
194236 21.687 22.0 64.612 50
194307 21.687 22.0 64.3 50
194337 21.687 22.0 63.925 50
194407 21.687 22.0 63.425 50
194437 21.812 22.0 62.987 50
194508 21.812 22.0 62.487 50
194538 21.812 22.0 62.05 50
194609 21.812 22.0 61.612 50
194639 21.812 22.0 61.237 50
194709 21.625 22.0 60.862 50
194740 21.625 22.0 60.612 50
194810 21.625 22.0 60.362 50
194841 21.625 22.0 60.175 50
194913 21.687 22.0 60.05 50
194943 21.687 22.0 59.925 50
195014 21.687 22.0 59.8 50
195044 21.687 22.0 59.675 50
195115 21.687 22.0 59.612 50
195145 21.875 22.0 59.487 50
195215 21.875 22.0 59.362 50
195246 21.875 22.0 59.3 50
195316 21.875 22.0 59.175 50
195346 21.875 22.0 58.987 50
195416 21.75 22.0 58.8 50
195446 21.75 22.0 58.612 50
195517 21.75 22.0 58.362 50
195547 21.75 22.0 58.175 50
195617 21.75 22.0 57.925 50
195648 21.687 22.0 57.612 50
195718 21.687 22.0 57.425 50
195748 21.687 22.0 57.175 50
195818 21.687 22.0 56.987 50
195848 21.687 22.0 56.862 50
195918 21.687 22.0 56.737 50
195948 21.687 22.0 56.612 50
200019 21.687 22.0 56.55 50
200049 21.687 22.0 56.55 50
200119 21.687 22.0 56.612 50
200149 21.812 22.0 56.737 50
200220 21.812 22.0 56.987 50
200250 21.812 22.0 57.55 50
200321 21.812 22.0 58.175 50
200351 21.812 22.0 58.862 50
200421 21.625 22.0 59.675 50
200452 21.625 22.0 60.55 50
200522 21.625 22.0 61.362 50
200552 21.625 22.0 62.175 50
200623 21.625 22.0 62.925 50
200653 21.687 22.0 63.425 50
200723 21.687 22.0 63.8 50
200753 21.687 22.0 64.05 50
200823 21.687 22.0 64.3 50
200854 21.687 22.0 64.487 50
200924 21.75 22.0 64.612 50
200955 21.75 22.0 64.737 50
201025 21.75 22.0 64.8 50
201055 21.75 22.0 64.862 50
201126 21.75 22.0 64.925 50
201156 21.687 22.0 64.925 50
201226 21.687 22.0 64.925 50
201256 21.687 22.0 64.925 50
201326 21.687 22.0 64.862 50
201356 21.687 22.0 64.675 50
201426 21.812 22.0 64.55 50
201457 21.812 22.0 64.3 50
201527 21.812 22.0 63.925 50
201557 21.812 22.0 63.487 50
201627 21.812 22.0 62.925 50
201657 22.0 22.0 62.3 50
201727 22.0 22.0 61.612 50
201757 22.0 22.0 60.925 50
201828 22.0 22.0 60.237 50
201858 22.0 22.0 59.612 50
201928 21.875 22.0 59.05 50
201958 21.875 22.0 58.487 50
202028 21.875 22.0 58.05 50
202058 21.875 22.0 57.612 50
202129 21.875 22.0 57.237 50
202159 21.812 22.0 56.862 50
202230 21.812 22.0 56.612 50
202300 21.812 22.0 56.362 50
202330 21.812 22.0 56.237 50
202401 21.812 22.0 56.175 50
202431 21.75 22.0 56.237 50
202501 21.75 22.0 56.612 50
202531 21.75 22.0 57.112 50
202601 21.75 22.0 57.737 50
202631 21.75 22.0 58.487 50
202701 21.625 22.0 59.425 50
202732 21.625 22.0 60.3 50
202802 21.625 22.0 61.112 50
202833 21.625 22.0 61.987 50
202903 21.625 22.0 62.675 50
202933 21.687 22.0 63.237 50
203003 21.687 22.0 63.675 50
203033 21.687 22.0 63.987 50
203104 21.687 22.0 64.237 50
203134 21.687 22.0 64.425 50
203204 21.875 22.0 64.55 50
203234 21.875 22.0 64.675 50
203305 21.875 22.0 64.8 50
203335 21.875 22.0 64.862 50
203405 21.875 22.0 64.925 50
203436 21.937 22.0 64.925 50
203506 21.937 22.0 64.987 50
203536 21.937 22.0 64.987 50
203606 21.937 22.0 64.987 50
203636 21.937 22.0 64.925 50
203706 21.875 22.0 64.862 50
203737 21.875 22.0 64.737 50
203807 21.875 22.0 64.612 50
203837 21.875 22.0 64.425 50
203907 21.875 22.0 64.112 50
203938 22.0 22.0 63.675 50
204008 22.0 22.0 63.112 50
204038 22.0 22.0 62.487 50
204108 22.0 22.0 61.8 50
204138 22.0 22.0 61.112 50
204209 22.125 22.0 60.487 0
204239 22.125 22.0 59.925 0
204309 22.125 22.0 59.487 0
204340 22.125 22.0 59.112 0
204410 22.125 22.0 58.8 0
204441 22.062 22.0 58.612 0
204511 22.062 22.0 58.487 0
204541 22.062 22.0 58.425 0
204612 22.062 22.0 58.362 0
204642 22.062 22.0 58.3 0
204713 22.125 22.0 58.3 0
204743 22.125 22.0 58.237 0
204813 22.125 22.0 58.237 0
204844 22.125 22.0 58.237 0
204914 22.125 22.0 58.237 0
204945 22.25 22.0 58.175 0
205015 22.25 22.0 58.175 0
205045 22.25 22.0 58.237 0
205115 22.25 22.0 58.3 0
205145 22.25 22.0 58.425 0
205216 22.125 22.0 58.425 0
205246 22.125 22.0 58.487 0
205316 22.125 22.0 58.55 0
205347 22.125 22.0 58.612 0
205417 22.125 22.0 58.737 0
205448 22.125 22.0 58.8 0
205518 22.125 22.0 58.925 0
205548 22.125 22.0 58.987 0
205619 22.125 22.0 59.112 0
205649 22.125 22.0 59.175 0
205719 22.125 22.0 59.237 0
205749 22.125 22.0 59.362 0
205820 22.125 22.0 59.425 0
205850 22.125 22.0 59.55 0
205923 22.0 22.0 59.612 0
205953 22.0 22.0 59.737 0
210024 22.0 22.0 59.8 0
210055 22.0 22.0 59.925 0
210125 22.0 22.0 59.987 0
210155 21.875 22.0 60.112 50
210226 21.875 22.0 60.175 50
210257 21.875 22.0 60.237 50
210328 21.875 22.0 60.3 50
210358 21.875 22.0 60.362 50
210428 21.812 22.0 60.425 50
210458 21.812 22.0 60.487 50
210529 21.812 22.0 60.487 50
210600 21.812 22.0 60.55 50
210630 21.812 22.0 60.55 50
210700 21.812 22.0 60.612 50
210731 21.812 22.0 60.612 50
210801 21.812 22.0 60.612 50
210831 21.812 22.0 60.612 50
210901 21.812 22.0 60.612 50
210931 21.812 22.0 60.612 50
211001 21.812 22.0 60.55 50
211031 21.812 22.0 60.55 50
211102 21.812 22.0 60.487 50
211133 21.812 22.0 60.362 50
211203 21.937 22.0 60.175 50
211233 21.937 22.0 59.737 0
211304 21.937 22.0 59.3 0
211334 21.937 22.0 58.987 0
211405 21.937 22.0 58.8 0
211435 22.0 22.0 58.675 0
211505 22.0 22.0 58.55 0
211536 22.0 22.0 58.425 0
211607 22.0 22.0 58.362 0
211637 22.0 22.0 58.3 0
211707 22.125 22.0 58.237 0
211737 22.125 22.0 58.175 0
211807 22.125 22.0 58.112 0
211837 22.125 22.0 58.05 0
211907 22.125 22.0 57.987 0
211938 22.125 22.0 57.987 0
212008 22.125 22.0 57.925 0
212038 22.125 22.0 57.862 0
212109 22.125 22.0 57.8 0
212140 22.125 22.0 57.737 0
212210 22.125 22.0 57.737 0
212240 22.125 22.0 57.675 0
212310 22.125 22.0 57.675 0
212341 22.125 22.0 57.612 0
212411 22.125 22.0 57.55 0
212441 22.0 22.0 57.737 0
212512 22.0 22.0 58.112 0
212542 22.0 22.0 58.737 0
212612 22.0 22.0 59.612 0
212643 22.0 22.0 60.55 0
212713 21.937 22.0 61.55 50
212744 21.937 22.0 62.55 50
212814 21.937 22.0 63.675 50
212844 21.937 22.0 64.612 50
212915 21.937 22.0 65.237 50
212945 21.875 22.0 65.737 50
213016 21.875 22.0 66.112 50
213046 21.875 22.0 66.362 50
213116 21.875 22.0 66.487 50
213147 21.875 22.0 66.675 50
213217 21.812 22.0 66.8 50
213247 21.812 22.0 66.862 50
213318 21.812 22.0 66.925 50
213349 21.812 22.0 66.987 50
213419 21.812 22.0 66.987 50
213449 21.937 22.0 67.05 50
213519 21.937 22.0 66.987 50
213549 21.937 22.0 66.925 50
213620 21.937 22.0 66.862 50
213650 21.937 22.0 66.675 50
213720 22.125 22.0 66.362 0
213751 22.125 22.0 66.05 0
213821 22.125 22.0 65.862 0
213851 22.125 22.0 65.675 0
213922 22.125 22.0 65.55 0
213952 22.062 22.0 65.487 0
214023 22.062 21.0 65.362 0
214053 22.062 21.0 65.3 0
214124 22.062 21.0 65.237 0
214154 22.062 21.0 65.175 0
214224 22.062 21.0 65.112 0
214255 22.062 21.0 65.05 0
214325 22.062 21.0 64.987 0
214356 22.062 21.0 64.987 0
214426 22.062 21.0 64.925 0
214456 22.125 21.0 64.862 0
214527 22.125 21.0 64.8 0
214557 22.125 21.0 64.737 0
214627 22.125 21.0 64.675 0
214658 22.125 21.0 64.612 0
214728 22.125 21.0 64.55 0
214759 22.125 21.0 64.487 0
214829 22.125 21.0 64.425 0
214900 22.125 21.0 64.362 0
214932 22.0 21.0 64.3 0
215002 22.0 21.0 64.3 0
215032 22.0 21.0 64.237 0
215103 22.0 21.0 64.175 0
215133 22.0 21.0 64.112 0
215203 22.0 21.0 64.05 0
215234 22.0 21.0 63.987 0
215305 22.0 21.0 63.925 0
215335 22.0 21.0 63.862 0
215406 22.0 21.0 63.8 0
215436 21.937 21.0 63.8 0
215507 21.937 21.0 63.737 0
215537 21.937 21.0 63.675 0
215607 21.937 21.0 63.612 0
215638 21.937 21.0 63.55 0
215708 21.875 21.0 63.362 0
215738 21.875 21.0 62.925 0
215809 21.875 21.0 62.237 0
215839 21.875 21.0 61.612 0
215910 21.875 21.0 61.237 0
215940 21.812 21.0 60.925 0
220010 21.812 21.0 60.737 0
220041 21.812 21.0 60.612 0
220111 21.812 21.0 60.55 0
220141 21.812 21.0 60.487 0
220212 21.812 21.0 60.425 0
220242 21.812 21.0 60.362 0
220313 21.812 21.0 60.3 0
220343 21.812 21.0 60.237 0
220413 21.812 21.0 60.237 0
220443 21.812 21.0 60.175 0
220513 21.812 21.0 60.175 0
220543 21.812 21.0 60.112 0
220614 21.812 21.0 60.05 0
220644 21.812 21.0 60.05 0
220714 21.75 21.0 59.987 0
220744 21.75 21.0 59.987 0
220815 21.75 21.0 59.925 0
220845 21.75 21.0 59.862 0
220916 21.75 21.0 59.862 0
220946 21.75 21.0 59.862 0
221016 21.75 21.0 59.8 0
221047 21.75 21.0 59.737 0
221117 21.75 21.0 59.675 0
221148 21.75 21.0 59.675 0
221218 21.625 21.0 59.675 0
221248 21.625 21.0 59.612 0
221318 21.625 21.0 59.612 0
221349 21.625 21.0 59.675 0
221419 21.625 21.0 59.675 0
221449 21.625 21.0 59.737 0
221519 21.625 21.0 59.8 0
221549 21.625 21.0 59.862 0
221619 21.625 21.0 59.925 0
221650 21.625 21.0 60.05 0
221721 21.562 21.0 60.112 0
221751 21.562 21.0 60.112 0
221822 21.562 21.0 60.175 0
221852 21.562 21.0 60.237 0
221922 21.562 21.0 60.237 0
221952 21.562 21.0 60.3 0
222022 21.562 21.0 60.362 0
222053 21.562 21.0 60.425 0
222124 21.562 21.0 60.487 0
222154 21.562 21.0 60.55 0
222225 21.5 21.0 60.612 0
222255 21.5 21.0 60.675 0
222325 21.5 21.0 60.737 0
222355 21.5 21.0 60.737 0
222426 21.5 21.0 60.8 0
222456 21.375 21.0 60.862 0
222526 21.375 21.0 60.862 0
222556 21.375 21.0 60.862 0
222626 21.375 21.0 60.925 0
222657 21.375 21.0 60.925 0
222727 21.312 21.0 60.987 0
222757 21.312 21.0 60.987 0
222828 21.312 21.0 61.05 0
222858 21.312 21.0 61.112 0
222929 21.312 21.0 61.237 0
222959 21.25 21.0 61.487 0
223030 21.25 21.0 61.737 0
223100 21.25 21.0 61.987 0
223131 21.25 21.0 62.175 0
223201 21.25 21.0 62.362 0
223231 21.187 21.0 62.55 0
223302 21.187 21.0 62.675 0
223332 21.187 21.0 62.737 0
223402 21.187 21.0 62.862 0
223433 21.187 21.0 62.925 0
223503 21.125 21.0 62.987 0
223533 21.125 21.0 63.05 0
223603 21.125 21.0 63.112 0
223633 21.125 21.0 63.175 0
223703 21.125 21.0 63.237 0
223734 21.062 21.0 63.3 0
223804 21.062 21.0 63.362 0
223835 21.062 21.0 63.425 0
223905 21.062 21.0 63.487 0
223935 21.062 21.0 63.55 0
224005 21.062 21.0 63.612 0
224035 21.062 21.0 63.737 0
224105 21.062 21.0 63.8 0
224136 21.062 21.0 63.862 0
224206 21.062 21.0 63.925 0
224236 21.062 21.0 63.987 0
224306 21.062 21.0 64.05 0
224337 21.062 21.0 64.112 0
224407 21.062 21.0 64.237 0
224440 20.937 21.0 64.237 50
224510 20.937 21.0 64.3 50
224540 20.937 21.0 64.362 50
224612 20.937 21.0 64.425 50
224643 20.937 21.0 64.425 50
224713 20.937 21.0 64.487 50
224743 20.937 21.0 64.487 50
224814 20.937 21.0 64.487 50
224844 20.937 21.0 64.487 50
224914 20.937 21.0 64.487 50
224944 21.0 21.0 64.487 50
225014 21.0 21.0 64.487 50
225045 21.0 21.0 64.487 50
225115 21.0 21.0 64.487 50
225145 21.0 21.0 64.425 50
225216 21.25 21.0 64.425 0
225246 21.25 21.0 64.362 0
225316 21.25 21.0 64.362 0
225347 21.25 21.0 64.3 0
225417 21.25 21.0 64.237 0
225448 21.437 21.0 64.237 0
225518 21.437 21.0 64.175 0
225548 21.437 21.0 64.175 0
225619 21.437 21.0 64.175 0
225649 21.437 21.0 64.112 0
225720 21.625 21.0 64.112 0
225750 21.625 21.0 64.05 0
225821 21.625 21.0 64.05 0
225851 21.625 21.0 63.987 0
225921 21.625 21.0 63.987 0
225951 21.75 21.0 63.925 0
230022 21.75 10.0 63.925 0
230053 21.75 10.0 63.925 0
230123 21.75 10.0 63.862 0
230153 21.75 10.0 63.862 0
230223 21.937 10.0 63.8 0
230254 21.937 10.0 63.8 0
230325 21.937 10.0 63.737 0
230355 21.937 10.0 63.737 0
230426 21.937 10.0 63.675 0
230456 22.0 10.0 63.675 0
230527 22.0 10.0 63.612 0
230557 22.0 10.0 63.55 0
230627 22.0 10.0 63.55 0
230657 22.0 10.0 63.487 0
230727 22.0 10.0 63.487 0
230758 22.0 10.0 63.425 0
230829 22.0 10.0 63.3 0
230859 22.0 10.0 63.175 0
230929 22.0 10.0 62.987 0
230959 21.937 10.0 62.862 0
231030 21.937 10.0 62.737 0
231100 21.937 10.0 62.675 0
231131 21.937 10.0 62.612 0
231201 21.937 10.0 62.55 0
231231 21.875 10.0 62.487 0
231301 21.875 10.0 62.425 0
231331 21.875 10.0 62.362 0
231402 21.875 10.0 62.3 0
231432 21.875 10.0 62.237 0
231502 21.812 10.0 62.175 0
231533 21.812 10.0 62.112 0
231603 21.812 10.0 62.05 0
231634 21.812 10.0 62.05 0
231704 21.812 10.0 61.987 0
231734 21.75 10.0 61.925 0
231804 21.75 10.0 61.862 0
231835 21.75 10.0 61.8 0
231905 21.75 10.0 61.737 0
231935 21.75 10.0 61.675 0
232006 21.625 10.0 61.675 0
232036 21.625 10.0 61.612 0
232106 21.625 10.0 61.55 0
232137 21.625 10.0 61.487 0
232208 21.625 10.0 61.425 0
232238 21.562 10.0 61.362 0
232309 21.562 10.0 61.3 0
232339 21.562 10.0 61.3 0
232409 21.562 10.0 61.237 0
232440 21.562 10.0 61.175 0
232510 21.5 10.0 61.112 0
232541 21.5 10.0 61.05 0
232611 21.5 10.0 60.987 0
232641 21.5 10.0 60.987 0
232712 21.5 10.0 60.925 0
232742 21.375 10.0 60.862 0
232812 21.375 10.0 60.8 0
232842 21.375 10.0 60.737 0
232912 21.375 10.0 60.737 0
232943 21.375 10.0 60.675 0
233013 21.312 10.0 60.612 0
233043 21.312 10.0 60.55 0
233113 21.312 10.0 60.487 0
233143 21.312 10.0 60.3 0
233216 21.25 10.0 60.05 0
233246 21.25 10.0 59.55 0
233317 21.25 10.0 59.112 0
233347 21.25 10.0 58.8 0
233418 21.25 10.0 58.612 0
233448 21.187 10.0 58.425 0
233518 21.187 10.0 58.362 0
233549 21.187 10.0 58.237 0
233619 21.187 10.0 58.175 0
233649 21.187 10.0 58.112 0
233719 21.125 10.0 58.05 0
233750 21.125 10.0 57.987 0
233820 21.125 10.0 57.925 0
233850 21.125 10.0 57.925 0
233920 21.125 10.0 57.925 0
233950 21.062 10.0 57.925 0
234020 21.062 10.0 58.112 0
234050 21.062 10.0 58.487 0
234121 21.062 10.0 59.175 0
234151 21.062 10.0 60.05 0
234222 21.0 10.0 60.987 0
234252 21.0 10.0 62.112 0
234323 21.0 10.0 63.175 0
234354 21.0 10.0 64.05 0
234424 21.0 10.0 64.737 0
234455 20.875 10.0 65.3 0
234525 20.875 10.0 65.737 0
234555 20.875 10.0 66.112 0
234625 20.875 10.0 66.425 0
234656 20.875 10.0 66.675 0
234726 20.75 10.0 66.925 0
234756 20.75 10.0 67.112 0
234827 20.75 10.0 67.3 0
234857 20.75 10.0 67.425 0
234928 20.75 10.0 67.612 0
234958 20.687 10.0 67.737 0
235028 20.687 10.0 67.862 0
235059 20.687 10.0 67.925 0
235129 20.687 10.0 68.05 0
235200 20.687 10.0 68.175 0
235230 20.562 10.0 68.237 0
235300 20.562 10.0 68.362 0
235331 20.562 10.0 68.487 0
235401 20.562 10.0 68.55 0
235431 20.562 10.0 68.612 0
235502 20.5 10.0 68.737 0
235532 20.5 10.0 68.8 0
235602 20.5 10.0 68.862 0
235632 20.5 10.0 68.925 0
235703 20.5 10.0 68.987 0
235734 20.437 10.0 69.05 0
235804 20.437 10.0 69.112 0
235835 20.437 10.0 69.112 0
