235918 16.062 10.0 61.675 0
235948 16.062 10.0 61.675 0
000019 16.062 10.0 61.612 0
000049 16.062 10.0 61.612 0
000120 16.062 10.0 61.55 0
000150 16.062 10.0 61.55 0
000221 16.062 10.0 61.487 0
000251 16.062 10.0 61.487 0
000322 16.062 10.0 61.425 0
000352 16.062 10.0 61.425 0
000422 16.062 10.0 61.425 0
000453 16.062 10.0 61.362 0
000524 16.062 10.0 61.362 0
000554 16.062 10.0 61.3 0
000624 16.062 10.0 61.3 0
000654 16.062 10.0 61.237 0
000725 16.062 10.0 61.237 0
000755 16.062 10.0 61.237 0
000825 16.062 10.0 61.175 0
000856 16.062 10.0 61.175 0
000926 16.062 10.0 61.112 0
000956 16.062 10.0 61.05 0
001026 16.062 10.0 60.925 0
001057 16.062 10.0 60.925 0
001128 16.062 10.0 60.862 0
001158 16.062 10.0 60.8 0
001228 16.062 10.0 60.8 0
001258 16.0 10.0 60.737 0
001328 16.0 10.0 60.675 0
001359 16.0 10.0 60.675 0
001429 16.0 10.0 60.612 0
001459 16.0 10.0 60.612 0
001529 16.0 10.0 60.55 0
001559 16.0 10.0 60.55 0
001630 16.0 10.0 60.487 0
001700 16.0 10.0 60.487 0
001731 16.0 10.0 60.425 0
001801 16.0 10.0 60.425 0
001831 16.0 10.0 60.362 0
001901 16.0 10.0 60.362 0
001932 16.0 10.0 60.362 0
002004 15.937 10.0 60.3 0
002035 15.937 10.0 60.3 0
002105 15.937 10.0 60.237 0
002135 15.937 10.0 60.237 0
002205 15.937 10.0 60.175 0
002236 16.0 10.0 60.175 0
002306 16.0 10.0 60.112 0
002336 16.0 10.0 60.112 0
002407 16.0 10.0 60.05 0
002438 16.0 10.0 60.05 0
002509 16.0 10.0 60.05 0
002540 16.0 10.0 59.987 0
002610 16.0 10.0 59.925 0
002640 16.0 10.0 59.925 0
002710 16.0 10.0 59.925 0
002740 15.937 10.0 59.862 0
002811 15.937 10.0 59.862 0
002842 15.937 10.0 59.8 0
002912 15.937 10.0 59.737 0
002943 15.937 10.0 59.675 0
003013 15.937 10.0 59.612 0
003044 15.937 10.0 59.55 0
003115 15.937 10.0 59.487 0
003145 15.937 10.0 59.425 0
003216 15.937 10.0 59.362 0
003246 15.937 10.0 59.362 0
003316 15.937 10.0 59.3 0
003346 15.937 10.0 59.237 0
003417 15.937 10.0 59.237 0
003447 15.937 10.0 59.175 0
003518 15.937 10.0 59.175 0
003548 15.937 10.0 59.112 0
003619 15.937 10.0 59.112 0
003649 15.937 10.0 59.05 0
003719 15.937 10.0 59.05 0
003749 15.937 10.0 58.987 0
003820 15.937 10.0 58.987 0
003850 15.937 10.0 58.987 0
003920 15.937 10.0 58.925 0
003950 15.937 10.0 58.925 0
004021 15.875 10.0 58.862 0
004052 15.875 10.0 58.862 0
004122 15.875 10.0 58.8 0
004152 15.875 10.0 58.8 0
004222 15.875 10.0 58.737 0
004253 15.875 10.0 58.737 0
004323 15.875 10.0 58.675 0
004354 15.875 10.0 58.675 0
004424 15.875 10.0 58.675 0
004455 15.875 10.0 58.675 0
004526 15.875 10.0 58.675 0
004556 15.875 10.0 58.675 0
004627 15.875 10.0 58.675 0
004658 15.875 10.0 58.737 0
004729 15.875 10.0 58.737 0
004759 15.875 10.0 58.737 0
004829 15.875 10.0 58.675 0
004859 15.875 10.0 58.675 0
004930 15.875 10.0 58.612 0
005000 15.875 10.0 58.55 0
005030 15.875 10.0 58.55 0
005100 15.875 10.0 58.487 0
005131 15.875 10.0 58.487 0
005201 15.875 10.0 58.425 0
005232 15.875 10.0 58.425 0
005302 15.875 10.0 58.362 0
005333 15.875 10.0 58.362 0
005403 15.875 10.0 58.3 0
005433 15.875 10.0 58.3 0
005504 15.875 10.0 58.237 0
005534 15.875 10.0 58.237 0
005604 15.875 10.0 58.237 0
005634 15.875 10.0 58.175 0
005705 15.875 10.0 58.175 0
005735 15.875 10.0 58.112 0
005805 15.812 10.0 58.112 0
005836 15.812 10.0 58.05 0
005906 15.812 10.0 58.05 0
005936 15.812 10.0 57.987 0
010006 15.812 10.0 57.987 0
010037 15.812 10.0 57.987 0
010107 15.812 10.0 57.925 0
010138 15.812 10.0 57.925 0
010208 15.812 10.0 57.862 0
010239 15.812 10.0 57.862 0
010309 15.812 10.0 57.8 0
010339 15.812 10.0 57.8 0
010410 15.812 10.0 57.737 0
010441 15.812 10.0 57.737 0
010512 15.812 10.0 57.737 0
010542 15.812 10.0 57.675 0
010613 15.812 10.0 57.675 0
010644 15.812 10.0 57.612 0
010714 15.812 10.0 57.55 0
010745 15.812 10.0 57.487 0
010815 15.812 10.0 57.362 0
010845 15.812 10.0 57.3 0
010915 15.812 10.0 57.3 0
010946 15.812 10.0 57.237 0
011016 15.812 10.0 57.175 0
011046 15.812 10.0 57.175 0
011117 15.812 10.0 57.112 0
011148 15.812 10.0 57.05 0
011218 15.812 10.0 57.05 0
011248 15.812 10.0 57.05 0
011318 15.812 10.0 56.987 0
011349 15.812 10.0 56.987 0
011420 15.812 10.0 56.925 0
011450 15.812 10.0 56.925 0
011520 15.812 10.0 56.862 0
011551 15.812 10.0 -0.2 0
011622 15.812 10.0 -0.2 0
011652 15.812 10.0 -0.2 0
011723 15.812 10.0 -0.2 0
011753 15.75 10.0 -0.2 0
011823 15.75 10.0 56.862 0
011854 15.75 10.0 56.925 0
011924 15.75 10.0 57.175 0
011954 15.75 10.0 57.55 0
012024 15.75 10.0 58.05 0
012054 15.75 10.0 58.737 0
012124 15.75 10.0 59.612 0
012155 15.75 10.0 60.675 0
012226 15.75 10.0 61.737 0
012256 15.75 10.0 62.737 0
012327 15.75 10.0 63.55 0
012357 15.75 10.0 64.3 0
012427 15.75 10.0 64.8 0
012457 15.75 10.0 65.3 0
012528 15.75 10.0 65.612 0
012558 15.75 10.0 65.862 0
012629 15.75 10.0 66.05 0
012659 15.75 10.0 66.175 0
012729 15.75 10.0 66.237 0
012800 15.75 10.0 66.3 0
012830 15.75 10.0 66.362 0
012900 15.75 10.0 66.425 0
012931 15.75 10.0 66.425 0
013001 15.75 10.0 66.425 0
013031 16.0 10.0 66.487 0
013102 16.0 10.0 66.487 0
013133 16.0 10.0 66.55 0
013204 16.0 10.0 66.55 0
013234 16.0 10.0 66.55 0
013304 16.125 10.0 66.55 0
013334 16.125 10.0 66.612 0
013405 16.125 10.0 66.612 0
013435 16.125 10.0 66.612 0
013505 16.125 10.0 66.612 0
013535 16.375 10.0 66.675 0
013606 16.375 10.0 66.675 0
013636 16.375 10.0 66.675 0
013707 16.375 10.0 66.675 0
013738 16.375 10.0 66.737 0
013808 16.5 10.0 66.737 0
013838 16.5 10.0 66.737 0
013909 16.5 10.0 66.737 0
013940 16.5 10.0 66.737 0
014010 16.5 10.0 66.737 0
014040 16.75 10.0 66.737 0
014110 16.75 10.0 66.8 0
014141 16.75 10.0 66.8 0
014211 16.75 10.0 66.8 0
014241 16.75 10.0 66.8 0
014312 17.187 10.0 66.8 0
014342 17.187 10.0 66.8 0
014413 17.187 10.0 66.8 0
014443 17.187 10.0 66.8 0
014513 17.187 10.0 66.8 0
014543 17.562 10.0 66.8 0
014614 17.562 10.0 66.8 0
014644 17.562 10.0 66.8 0
014714 17.562 10.0 66.8 0
014745 17.562 10.0 66.862 0
014815 17.937 10.0 66.862 0
014846 17.937 10.0 66.862 0
014917 17.937 10.0 66.8 0
014947 17.937 10.0 66.862 0
015020 18.062 10.0 66.862 0
015050 18.062 10.0 66.862 0
015120 18.062 10.0 66.862 0
015151 18.062 10.0 66.862 0
015221 18.062 10.0 66.8 0
015252 18.312 10.0 66.8 0
015323 18.312 10.0 66.8 0
015353 18.312 10.0 66.8 0
015423 18.312 10.0 66.8 0
015454 18.312 10.0 66.8 0
015524 18.375 10.0 66.737 0
015555 18.375 10.0 66.737 0
015626 18.375 10.0 66.737 0
015656 18.375 10.0 66.737 0
015727 18.375 10.0 66.737 0
015757 18.5 10.0 66.675 0
015828 18.5 10.0 66.675 0
015859 18.5 10.0 66.675 0
015929 18.5 10.0 66.675 0
015959 18.5 10.0 66.675 0
020029 18.625 10.0 66.675 0
020100 18.625 10.0 66.675 0
020131 18.625 10.0 66.612 0
020201 18.625 10.0 66.612 0
020232 18.625 10.0 66.612 0
020302 18.687 10.0 66.612 0
020332 18.687 10.0 66.612 0
020403 18.687 10.0 66.55 0
020434 18.687 10.0 66.55 0
020504 18.687 10.0 66.55 0
020534 18.812 10.0 66.55 0
020605 18.812 10.0 66.487 0
020635 18.812 10.0 66.487 0
020706 18.812 10.0 66.487 0
020736 18.812 10.0 66.487 0
020806 18.812 10.0 66.425 0
020836 18.812 10.0 66.425 0
020906 18.812 10.0 66.425 0
020937 18.812 10.0 66.425 0
021007 18.812 10.0 66.362 0
021037 18.937 10.0 66.362 0
021108 18.937 10.0 66.362 0
021138 18.937 10.0 66.3 0
021208 18.937 10.0 66.3 0
021238 18.937 10.0 66.3 0
021309 18.937 10.0 66.237 0
021340 18.937 10.0 66.237 0
021410 18.937 10.0 66.237 0
021441 18.937 10.0 66.175 0
021511 18.937 10.0 66.175 0
021541 19.0 10.0 66.175 0
021611 19.0 10.0 66.175 0
021642 19.0 10.0 66.112 0
021712 19.0 10.0 66.112 0
021742 19.0 10.0 66.112 0
021813 19.125 10.0 66.05 0
021843 19.125 10.0 66.05 0
021914 19.125 10.0 66.05 0
021944 19.125 10.0 66.05 0
022014 19.125 10.0 65.987 0
022045 19.187 10.0 65.987 0
022115 19.187 10.0 65.987 0
022145 19.187 10.0 65.925 0
022216 19.187 10.0 65.925 0
022246 19.187 10.0 65.925 0
022317 19.25 10.0 65.862 0
022347 19.25 10.0 65.862 0
022417 19.25 10.0 65.8 0
022448 19.25 10.0 65.8 0
022518 19.25 10.0 65.925 0
022548 19.25 10.0 65.925 0
022619 19.25 10.0 65.987 0
022650 19.25 10.0 66.05 0
022720 19.25 10.0 66.112 0
022750 19.25 10.0 66.112 0
022821 19.375 10.0 66.112 0
022851 19.375 10.0 66.175 0
022921 19.375 10.0 66.175 0
022951 19.375 10.0 66.175 0
023022 19.375 10.0 66.175 0
023052 19.375 10.0 66.175 0
023123 19.375 10.0 66.175 0
023153 19.375 10.0 66.175 0
023223 19.375 10.0 66.175 0
023253 19.375 10.0 66.175 0
023323 19.375 10.0 66.175 0
023353 19.375 10.0 66.175 0
023424 19.375 10.0 66.175 0
023454 19.375 10.0 66.112 0
023526 19.437 10.0 66.112 0
023557 19.437 10.0 66.05 0
023627 19.437 10.0 66.05 0
023658 19.437 10.0 66.05 0
023728 19.437 10.0 66.05 0
023758 19.5 10.0 65.987 0
023828 19.5 10.0 65.987 0
023858 19.5 10.0 65.987 0
023929 19.5 10.0 65.987 0
023959 19.5 10.0 65.925 0
024029 19.5 10.0 65.925 0
024100 19.5 10.0 65.925 0
024130 19.5 10.0 65.925 0
024201 19.5 10.0 65.925 0
024231 19.5 10.0 65.862 0
024301 19.562 10.0 65.862 0
024331 19.562 10.0 65.862 0
024402 19.562 10.0 65.862 0
024432 19.562 10.0 65.8 0
024502 19.562 10.0 65.8 0
024532 19.625 10.0 65.8 0
024602 19.625 10.0 65.737 0
024633 19.625 10.0 65.737 0
024703 19.625 10.0 65.737 0
024733 19.625 10.0 65.737 0
024803 19.687 10.0 65.675 0
024833 19.687 10.0 65.675 0
024904 19.687 10.0 65.675 0
024934 19.687 10.0 65.612 0
025004 19.687 10.0 65.612 0
025035 19.75 10.0 65.612 0
025105 19.75 10.0 65.55 0
025136 19.75 10.0 65.487 0
025207 19.75 10.0 65.487 0
025238 19.75 10.0 65.55 0
025308 19.625 10.0 65.487 0
025338 19.625 10.0 65.487 0
025409 19.625 10.0 65.425 0
025439 19.625 10.0 65.362 0
025510 19.625 10.0 65.362 0
025540 19.687 10.0 65.3 0
025611 19.687 10.0 65.3 0
025641 19.687 10.0 65.3 0
025712 19.687 10.0 65.237 0
025743 19.687 10.0 65.237 0
025813 19.75 10.0 65.237 0
025844 19.75 10.0 65.237 0
025914 19.75 10.0 65.175 0
025944 19.75 10.0 65.175 0
030014 19.75 10.0 65.175 0
030045 19.812 10.0 65.112 0
030115 19.812 10.0 65.112 0
030145 19.812 10.0 65.112 0
030215 19.812 10.0 65.05 0
030245 19.812 10.0 65.05 0
030315 19.812 10.0 64.987 0
030345 19.812 10.0 64.987 0
030416 19.812 10.0 64.987 0
030446 19.812 10.0 64.925 0
030516 19.812 10.0 64.925 0
030547 19.75 10.0 64.862 0
030617 19.75 10.0 64.862 0
030647 19.75 10.0 64.8 0
030718 19.75 10.0 64.8 0
030748 19.75 10.0 64.8 0
030818 19.812 10.0 64.737 0
030849 19.812 10.0 64.737 0
030919 19.812 10.0 64.675 0
030949 19.812 10.0 64.675 0
031020 19.812 10.0 64.675 0
031050 19.875 10.0 64.612 0
031121 19.875 10.0 64.612 0
031151 19.875 10.0 64.55 0
031221 19.875 10.0 64.55 0
031252 19.875 10.0 64.55 0
031322 19.875 10.0 64.487 0
031353 19.875 10.0 64.487 0
031423 19.875 10.0 64.425 0
031453 19.875 10.0 64.425 0
031524 19.875 10.0 64.425 0
031555 19.875 10.0 64.362 0
031625 19.875 10.0 64.362 0
031656 19.875 10.0 64.3 0
031726 19.875 10.0 64.3 0
031757 19.875 10.0 64.237 0
031827 19.937 10.0 64.237 0
031857 19.937 10.0 64.175 0
031927 19.937 10.0 64.112 0
031957 19.937 10.0 64.112 0
032027 19.937 10.0 64.05 0
032057 20.062 10.0 64.05 0
032128 20.062 10.0 63.987 0
032158 20.062 10.0 63.987 0
032229 20.062 10.0 63.925 0
032259 20.062 10.0 63.925 0
032329 20.0 10.0 63.862 0
032359 20.0 10.0 63.862 0
032430 20.0 10.0 63.8 0
032500 20.0 10.0 63.8 0
032530 20.0 10.0 63.737 0
032600 20.062 10.0 63.737 0
032630 20.062 10.0 63.8 0
032701 20.062 10.0 63.8 0
032731 20.062 10.0 63.862 0
032801 20.062 10.0 63.925 0
032832 20.0 10.0 63.925 0
032902 20.0 10.0 63.925 0
032933 20.0 10.0 63.987 0
033003 20.0 10.0 63.987 0
033036 20.0 10.0 63.987 0
033106 20.0 10.0 63.987 0
033136 20.0 10.0 63.987 0
033206 20.0 10.0 63.987 0
033236 20.0 10.0 63.987 0
033307 20.0 10.0 63.925 0
033337 20.0 10.0 63.925 0
033407 20.0 10.0 63.925 0
033438 20.0 10.0 63.925 0
033508 20.0 10.0 63.862 0
033538 20.062 10.0 63.862 0
033608 20.062 10.0 63.862 0
033638 20.062 10.0 63.862 0
033709 20.062 10.0 63.8 0
033740 20.062 10.0 63.8 0
033810 20.062 10.0 63.8 0
033840 20.062 10.0 63.737 0
033910 20.062 10.0 63.737 0
033940 20.062 10.0 63.675 0
034011 20.062 10.0 63.675 0
034041 20.062 10.0 63.612 0
034111 20.062 10.0 63.612 0
034141 20.062 10.0 63.55 0
034211 20.062 10.0 63.487 0
034242 20.062 10.0 63.487 0
034312 20.125 10.0 63.425 0
034342 20.125 10.0 63.425 0
034413 20.125 10.0 63.362 0
034443 20.125 10.0 63.362 0
034513 20.125 10.0 63.3 0
034544 20.187 10.0 63.3 0
034614 20.187 10.0 63.237 0
034645 20.187 10.0 63.237 0
034715 20.187 10.0 63.237 0
034745 20.187 10.0 63.175 0
034816 20.125 10.0 63.175 0
034846 20.125 10.0 63.112 0
034917 20.125 10.0 63.112 0
034948 20.125 10.0 63.05 0
035018 20.125 10.0 63.05 0
035048 20.125 10.0 62.987 0
035119 20.125 10.0 62.987 0
035149 20.125 10.0 62.987 0
035219 20.125 10.0 62.925 0
035250 20.125 10.0 62.925 0
035320 20.187 10.0 62.862 0
035351 20.187 10.0 62.862 0
035421 20.187 10.0 62.8 0
035451 20.187 10.0 62.8 0
035522 20.187 10.0 62.8 0
035552 19.687 10.0 62.737 0
035623 19.687 10.0 62.737 0
035653 19.687 10.0 62.675 0
035724 19.687 10.0 62.675 0
035754 19.687 10.0 62.675 0
035824 18.812 10.0 62.612 0
035854 18.812 10.0 62.612 0
035925 18.812 10.0 62.55 0
035956 18.812 10.0 62.55 0
040026 18.812 10.0 62.487 0
040056 18.25 10.0 62.487 0
040127 18.25 10.0 62.425 0
040157 18.25 10.0 62.425 0
040227 18.25 10.0 62.362 0
040258 18.25 10.0 62.3 0
040329 17.875 10.0 62.237 0
040359 17.875 10.0 62.175 0
040429 17.875 10.0 62.175 0
040459 17.875 10.0 62.112 0
040529 17.875 10.0 62.05 0
040559 17.562 10.0 62.05 0
040630 17.562 10.0 61.987 0
040701 17.562 10.0 61.987 0
040732 17.562 10.0 61.925 0
040802 17.562 10.0 61.925 0
040832 17.375 10.0 61.862 0
040902 17.375 10.0 61.862 0
040932 17.375 10.0 61.8 0
041003 17.375 10.0 61.737 0
041034 17.375 10.0 61.737 0
041104 17.25 10.0 61.675 0
041134 17.25 10.0 61.675 0
041204 17.25 10.0 61.675 0
041235 17.25 10.0 61.612 0
041305 17.25 10.0 61.612 0
041335 17.125 10.0 61.55 0
041406 17.125 10.0 61.55 0
041437 17.125 10.0 61.487 0
041507 17.125 10.0 61.487 0
041538 17.125 10.0 61.425 0
041608 17.0 10.0 61.425 0
041639 17.0 10.0 61.362 0
041710 17.0 10.0 61.362 0
041740 17.0 10.0 61.3 0
041810 17.0 10.0 61.3 0
041841 16.937 10.0 61.237 0
041911 16.937 10.0 61.237 0
041942 16.937 10.0 61.175 0
042012 16.937 10.0 61.175 0
042044 16.875 10.0 61.112 0
042114 16.875 10.0 61.112 0
042145 16.875 10.0 61.05 0
042215 16.875 10.0 61.05 0
042245 16.875 10.0 60.987 0
042316 16.812 10.0 60.925 0
042346 16.812 10.0 60.862 0
042416 16.812 10.0 60.8 0
042447 16.812 10.0 60.737 0
042517 16.812 10.0 60.675 0
042548 16.812 10.0 60.612 0
042618 16.812 10.0 60.55 0
042649 16.812 10.0 60.487 0
042719 16.812 10.0 60.487 0
042749 16.812 10.0 60.487 0
042820 16.687 10.0 60.487 0
042850 16.687 10.0 60.487 0
042920 16.687 10.0 60.487 0
042950 16.687 10.0 60.487 0
043020 16.687 10.0 60.487 0
043051 16.625 10.0 60.487 0
043121 16.625 10.0 60.425 0
043152 16.625 10.0 60.425 0
043222 16.625 10.0 60.425 0
043253 16.625 10.0 60.425 0
043323 16.625 10.0 60.425 0
043353 16.625 10.0 60.425 0
043423 16.625 10.0 60.362 0
043453 16.625 10.0 60.362 0
043523 16.625 10.0 60.362 0
043554 16.562 10.0 60.3 0
043624 16.562 10.0 60.3 0
043654 16.562 10.0 60.3 0
043724 16.562 10.0 60.237 0
043755 16.562 10.0 60.237 0
043825 16.5 10.0 60.237 0
043855 16.5 10.0 60.175 0
043925 16.5 10.0 60.175 0
043955 16.5 10.0 60.175 0
044025 16.5 10.0 60.112 0
044056 16.5 10.0 60.112 0
044126 16.5 10.0 60.112 0
044156 16.5 10.0 60.05 0
044226 16.5 10.0 60.05 0
044257 16.5 10.0 60.05 0
044328 16.437 10.0 59.987 0
044358 16.437 10.0 59.987 0
044428 16.437 10.0 59.925 0
044458 16.437 10.0 59.862 0
044528 16.437 10.0 59.8 0
044558 16.375 10.0 59.737 0
044629 16.375 10.0 59.675 0
044659 16.375 10.0 59.675 0
044729 16.375 10.0 59.612 0
044759 16.375 10.0 59.55 0
044829 16.375 10.0 59.55 0
044859 16.375 10.0 59.487 0
044930 16.375 10.0 59.487 0
045000 16.375 10.0 59.425 0
045030 16.375 10.0 59.425 0
045100 16.375 10.0 59.362 0
045130 16.375 10.0 59.3 0
045201 16.375 10.0 59.3 0
045231 16.375 10.0 59.237 0
045302 16.375 10.0 59.237 0
045332 16.312 10.0 59.175 0
045402 16.312 10.0 59.175 0
045433 16.312 10.0 59.112 0
045503 16.312 10.0 59.112 0
045534 16.312 10.0 59.05 0
045604 16.25 10.0 59.05 0
045635 16.25 10.0 59.05 0
045705 16.25 10.0 58.987 0
045735 16.25 10.0 58.987 0
045805 16.25 10.0 58.925 0
045835 16.25 10.0 58.925 0
045906 16.25 10.0 58.862 0
045936 16.25 10.0 58.862 0
050007 16.25 10.0 58.8 0
050038 16.25 10.0 58.8 0
050108 16.25 10.0 58.737 0
050138 16.25 10.0 58.737 0
050209 16.25 10.0 58.675 0
050239 16.25 10.0 58.675 0
050309 16.25 10.0 58.612 0
050339 16.187 10.0 58.612 0
050410 16.187 10.0 58.55 0
050440 16.187 10.0 58.487 0
050510 16.187 10.0 58.425 0
050541 16.187 10.0 58.362 0
050611 16.187 10.0 58.237 0
050642 16.187 10.0 58.112 0
050712 16.187 10.0 58.112 0
050742 16.187 10.0 58.05 0
050812 16.187 10.0 58.05 0
050842 16.187 10.0 57.987 0
050912 16.187 10.0 57.925 0
050942 16.187 10.0 57.925 0
051012 16.187 10.0 57.862 0
051042 16.187 10.0 57.8 0
051113 16.187 10.0 57.8 0
051144 16.187 10.0 57.8 0
051214 16.187 10.0 57.737 0
051245 16.187 10.0 57.737 0
051316 16.187 10.0 57.675 0
051346 16.125 10.0 57.675 0
051416 16.125 10.0 57.612 0
051447 16.125 10.0 57.612 0
051517 16.125 10.0 57.55 0
051547 16.125 10.0 57.55 0
051617 16.125 10.0 57.487 0
051648 16.125 10.0 57.487 0
051718 16.125 10.0 57.425 0
051748 16.125 10.0 57.425 0
051819 16.125 10.0 57.362 0
051849 16.062 10.0 57.362 0
051919 16.062 10.0 57.3 0
051949 16.062 10.0 57.3 0
052019 16.062 10.0 57.237 0
052050 16.062 10.0 57.237 0
052120 16.062 10.0 57.175 0
052151 16.062 10.0 57.175 0
052221 16.062 10.0 57.112 0
052251 16.062 10.0 57.112 0
052324 16.062 10.0 57.05 0
052354 16.062 10.0 57.05 0
052424 16.062 10.0 56.987 0
052455 16.062 10.0 56.925 0
052525 16.062 10.0 56.8 0
052555 16.0 10.0 56.737 0
052625 16.0 10.0 56.612 0
052656 16.0 10.0 56.55 0
052726 16.0 10.0 56.55 0
052757 16.0 10.0 56.487 0
052827 16.0 10.0 56.487 0
052857 16.0 10.0 56.487 0
052928 16.0 10.0 56.55 0
052958 16.0 10.0 56.675 0
053028 16.0 10.0 56.925 0
053058 16.0 10.0 57.3 0
053129 16.0 10.0 57.8 0
053159 16.0 10.0 58.425 0
053229 16.0 10.0 59.3 0
053300 16.0 10.0 60.362 0
053330 16.0 10.0 61.55 0
053400 16.0 10.0 62.8 0
053431 16.0 10.0 63.737 0
053501 16.0 10.0 64.425 0
053531 16.0 10.0 64.987 0
053601 15.937 10.0 65.362 0
053632 15.937 10.0 65.737 0
053703 15.937 10.0 66.05 0
053733 15.937 10.0 66.237 0
053804 15.937 10.0 66.425 0
053834 15.937 10.0 66.612 0
053904 15.937 10.0 66.737 0
053934 15.937 10.0 66.862 0
054004 15.937 10.0 66.987 0
054034 15.937 10.0 67.05 0
054105 15.937 10.0 67.112 0
054135 15.937 10.0 67.175 0
054205 15.937 10.0 67.237 0
054236 15.937 10.0 67.3 0
054306 15.937 10.0 67.362 0
054336 15.937 10.0 67.362 0
054407 15.937 10.0 67.425 0
054437 15.937 10.0 67.487 0
054508 15.937 10.0 67.487 0
054538 15.937 10.0 67.55 0
054608 15.937 10.0 67.55 0
054639 15.937 10.0 67.55 0
054709 15.937 10.0 67.55 0
054740 15.937 10.0 67.55 0
054810 15.937 10.0 67.612 0
054841 15.875 10.0 67.612 0
054911 15.875 10.0 67.612 0
054942 15.875 10.0 67.612 0
055012 15.875 10.0 67.612 0
055042 15.875 10.0 67.612 0
055113 15.875 10.0 67.612 0
055143 15.875 10.0 67.612 0
055214 15.875 10.0 67.612 0
055244 15.875 10.0 67.675 0
055315 15.875 10.0 67.675 0
055345 15.812 10.0 67.675 0
055416 15.812 10.0 67.612 0
055446 15.812 10.0 67.612 0
055516 15.812 10.0 67.612 0
055546 15.812 10.0 67.612 0
055617 15.812 10.0 67.612 0
055647 15.812 10.0 67.612 0
055718 15.812 10.0 67.612 0
055748 15.812 10.0 67.612 0
055818 15.812 10.0 67.612 0
055849 15.812 10.0 67.612 0
055919 15.812 10.0 67.612 0
055949 15.812 10.0 67.612 0
060019 15.812 10.0 67.612 0
060050 15.812 10.0 67.55 0
060121 15.812 10.0 67.55 0
060151 15.812 10.0 67.55 0
060222 15.812 10.0 67.55 0
060252 15.812 10.0 67.55 0
060323 15.812 10.0 67.487 0
060353 15.812 10.0 67.487 0
060423 15.812 10.0 67.487 0
060453 15.812 10.0 67.487 0
060523 15.812 10.0 67.487 0
060553 15.812 10.0 67.425 0
060623 15.75 10.0 67.425 0
060653 15.75 10.0 67.425 0
060724 15.75 10.0 67.425 0
060754 15.75 10.0 67.425 0
060824 15.75 10.0 67.425 0
060855 15.75 10.0 67.362 0
060926 15.75 10.0 67.362 0
060956 15.75 10.0 67.362 0
061026 15.75 10.0 67.3 0
061056 15.75 10.0 67.3 0
061126 15.75 10.0 67.3 0
061156 15.75 10.0 67.3 0
061227 15.75 10.0 67.3 0
061257 15.75 10.0 67.237 0
061328 15.75 10.0 67.237 0
061358 15.75 10.0 67.237 0
061428 15.75 10.0 67.237 0
061458 15.75 10.0 67.237 0
061528 15.75 10.0 67.175 0
061558 15.75 10.0 67.175 0
061628 15.75 10.0 67.175 0
061658 15.75 10.0 67.175 0
061729 15.75 10.0 67.175 0
061800 15.75 10.0 67.112 0
061833 15.687 10.0 67.112 0
061903 15.687 10.0 67.112 0
061933 15.687 10.0 67.05 0
062004 15.687 10.0 67.05 0
062034 15.687 10.0 67.05 0
062104 15.687 10.0 67.05 0
062135 15.687 10.0 66.987 0
062206 15.687 10.0 66.987 0
062236 15.687 10.0 66.987 0
062306 15.687 10.0 66.987 0
062336 15.687 10.0 66.987 0
062407 15.687 10.0 66.925 0
062437 15.687 10.0 66.925 0
062508 15.687 10.0 66.925 0
062538 15.687 10.0 66.862 0
062608 15.687 10.0 66.862 0
062639 15.687 10.0 66.862 0
062709 15.687 10.0 66.862 0
062739 15.687 10.0 66.8 0
062810 15.687 10.0 66.8 0
062840 15.687 10.0 66.8 0
062911 15.687 10.0 66.737 0
062941 15.687 10.0 66.737 0
063011 15.687 10.0 66.737 0
063041 15.687 10.0 66.675 0
063111 15.687 10.0 66.675 0
063141 15.687 10.0 66.612 0
063211 15.687 10.0 66.612 0
063242 15.687 10.0 66.612 0
063312 15.687 10.0 66.55 0
063342 15.687 10.0 66.55 0
063413 15.687 10.0 66.55 0
063444 15.687 10.0 66.487 0
063514 15.687 10.0 66.487 0
063545 15.687 10.0 66.487 0
063615 15.687 10.0 66.55 0
063645 15.687 10.0 66.612 0
063715 15.687 10.0 66.675 0
063746 15.687 10.0 66.675 0
063816 15.687 10.0 66.737 0
063846 15.687 10.0 66.737 0
063917 15.687 10.0 66.737 0
063948 15.687 10.0 66.737 0
064018 15.687 10.0 66.737 0
064049 15.687 10.0 66.737 0
064119 15.625 10.0 66.737 0
064149 15.625 10.0 66.737 0
064219 15.625 10.0 66.737 0
064249 15.625 10.0 66.737 0
064320 15.625 10.0 66.737 0
064350 15.625 10.0 66.737 0
064421 15.625 10.0 66.737 0
064451 15.625 10.0 66.737 0
064521 15.625 10.0 66.675 0
064552 15.625 10.0 66.675 0
064622 15.625 10.0 66.675 0
064652 15.625 10.0 66.675 0
064723 15.625 10.0 66.675 0
064753 15.625 10.0 66.612 0
064824 15.625 10.0 66.612 0
064854 15.625 10.0 66.612 0
064924 15.625 10.0 66.612 0
064955 15.625 10.0 66.612 0
065025 15.625 10.0 66.55 0
065056 15.625 10.0 66.55 0
065126 15.625 10.0 66.55 0
065156 15.625 10.0 66.487 0
065227 15.625 10.0 66.487 0
065257 15.625 10.0 66.487 0
065328 15.625 10.0 66.487 0
065359 15.625 10.0 66.425 0
065429 15.625 10.0 66.425 0
065459 15.625 10.0 66.362 0
065529 15.625 10.0 66.362 0
065559 15.625 10.0 66.362 0
065629 15.562 10.0 66.3 0
065700 15.562 10.0 66.3 0
065730 15.562 10.0 66.3 0
065801 15.562 10.0 66.3 0
065831 15.562 10.0 66.237 0
065901 15.562 10.0 66.237 0
065931 15.562 10.0 66.237 0
070002 15.562 10.0 66.175 0
070032 15.562 10.0 66.175 0
070103 15.562 10.0 66.175 0
070133 15.562 10.0 66.112 0
070203 15.562 10.0 66.112 0
070234 15.562 10.0 66.112 0
070304 15.562 10.0 66.05 0
070334 15.562 10.0 66.05 0
070404 15.562 10.0 66.05 0
070435 15.562 10.0 65.987 0
070505 15.562 10.0 65.987 0
070536 15.562 10.0 65.987 0
070606 15.562 10.0 65.925 0
070637 15.5 10.0 65.925 0
070707 15.5 10.0 65.925 0
070737 15.5 10.0 65.862 0
070808 15.5 10.0 65.862 0
070840 15.5 10.0 65.8 0
070910 15.5 10.0 65.8 0
070940 15.5 10.0 65.8 0
071011 15.5 10.0 65.737 0
071041 15.5 10.0 65.737 0
071111 15.5 10.0 65.737 0
071142 15.5 10.0 65.675 0
071212 15.5 10.0 65.675 0
071243 15.5 10.0 65.675 0
071313 15.5 10.0 65.612 0
071343 15.5 10.0 65.612 0
071413 15.5 10.0 65.612 0
071444 15.5 10.0 65.55 0
071515 15.5 10.0 65.55 0
071546 15.5 10.0 65.487 0
071616 15.5 10.0 65.487 0
071646 15.5 10.0 65.425 0
071716 15.5 10.0 65.425 0
071746 15.5 10.0 65.362 0
071816 15.5 10.0 65.362 0
071847 15.437 10.0 65.3 0
071917 15.437 10.0 65.3 0
071947 15.437 10.0 65.237 0
072017 15.437 10.0 65.237 0
072047 15.437 10.0 65.175 0
072117 15.437 10.0 65.175 0
072148 15.437 10.0 65.112 0
072218 15.437 10.0 65.112 0
072249 15.437 10.0 65.112 0
072319 15.437 10.0 65.05 0
072349 15.437 10.0 65.05 0
072419 15.437 10.0 64.987 0
072450 15.437 10.0 64.987 0
072521 15.437 10.0 64.925 0
072551 15.437 10.0 64.925 0
072621 15.437 10.0 64.925 0
072651 15.437 10.0 64.862 0
072722 15.437 10.0 64.862 0
072752 15.437 10.0 64.8 0
072823 15.437 10.0 64.8 0
072853 15.437 10.0 64.737 0
072923 15.437 10.0 64.737 0
072953 15.437 10.0 64.737 0
073023 15.437 10.0 64.675 0
073053 15.437 10.0 64.675 0
073124 15.437 10.0 64.612 0
073154 15.437 10.0 64.612 0
073224 15.437 10.0 64.55 0
073254 15.437 10.0 64.55 0
073324 15.437 10.0 64.55 0
073355 15.375 10.0 64.487 0
073425 15.375 10.0 64.487 0
073455 15.375 10.0 64.425 0
073526 15.375 10.0 64.425 0
073556 15.375 10.0 64.362 0
073627 15.375 10.0 64.362 0
073657 15.375 10.0 64.3 0
073728 15.375 10.0 64.3 0
073758 15.375 10.0 64.362 0
073828 15.375 10.0 64.362 0
073858 15.375 10.0 64.362 0
073929 15.375 10.0 64.425 0
073959 15.375 10.0 64.425 0
074029 15.375 10.0 64.425 0
074100 15.375 10.0 64.425 0
074130 15.375 10.0 64.425 0
074200 15.375 10.0 64.362 0
074230 15.375 10.0 64.362 0
074301 15.375 10.0 64.3 0
074331 15.375 10.0 64.3 0
074401 15.375 10.0 64.3 0
074432 15.375 10.0 64.237 0
074502 15.375 10.0 64.237 0
074532 15.375 10.0 64.237 0
074602 15.375 10.0 64.237 0
074632 15.375 10.0 64.175 0
074702 15.375 10.0 64.175 0
074733 15.375 10.0 64.112 0
074803 15.375 10.0 64.112 0
074834 15.375 10.0 64.112 0
074904 15.375 10.0 64.05 0
074934 15.375 10.0 64.05 0
075004 15.375 10.0 64.05 0
075034 15.375 10.0 63.987 0
075105 15.375 10.0 63.987 0
075135 15.312 10.0 63.925 0
075205 15.312 10.0 63.925 0
075235 15.312 10.0 63.925 0
075305 15.312 10.0 63.862 0
075335 15.312 10.0 63.862 0
075406 15.312 10.0 63.8 0
075436 15.312 10.0 63.8 0
075506 15.312 10.0 63.8 0
075536 15.312 10.0 63.737 0
075606 15.312 10.0 63.737 0
075636 15.312 10.0 63.737 0
075707 15.312 10.0 63.675 0
075737 15.312 10.0 63.675 0
075807 15.312 10.0 63.612 0
075837 15.312 10.0 63.612 0
075907 15.312 10.0 63.55 0
075937 15.312 10.0 63.55 0
080008 15.312 10.0 63.55 0
080038 15.312 10.0 63.487 0
080109 15.312 10.0 63.487 0
080139 15.312 10.0 63.425 0
080210 15.312 10.0 63.362 0
080240 15.312 10.0 63.3 0
080310 15.312 10.0 63.3 0
080340 15.312 10.0 63.237 0
080410 15.312 10.0 63.237 0
080440 15.312 10.0 63.175 0
080510 15.312 10.0 63.112 0
080541 15.312 10.0 63.112 0
080611 15.312 10.0 63.05 0
080641 15.312 10.0 63.05 0
080711 15.312 10.0 63.05 0
080741 15.312 10.0 62.925 0
080811 15.312 10.0 62.925 0
080842 15.312 10.0 62.862 0
080912 15.312 10.0 62.862 0
080943 15.312 10.0 62.862 0
081013 15.312 10.0 62.862 0
081043 15.312 10.0 62.8 0
081114 15.312 10.0 62.8 0
081144 15.25 10.0 62.737 0
081214 15.25 10.0 62.737 0
081245 15.25 10.0 62.675 0
081316 15.25 10.0 62.675 0
081348 15.25 10.0 62.675 0
081419 15.25 10.0 62.612 0
081449 15.25 10.0 62.612 0
081519 15.25 10.0 62.55 0
081549 15.25 10.0 62.55 0
081620 15.25 10.0 62.425 0
081650 15.25 10.0 62.425 0
081720 15.25 10.0 62.425 0
081750 15.25 10.0 62.425 0
081821 15.25 10.0 62.362 0
081851 15.25 10.0 62.362 0
081921 15.25 10.0 62.362 0
081952 15.25 10.0 62.3 0
082022 15.25 10.0 62.3 0
082052 15.25 10.0 62.237 0
082123 15.25 10.0 62.237 0
082153 15.25 10.0 62.175 0
082223 15.25 10.0 62.175 0
082253 15.25 10.0 62.112 0
082323 15.25 10.0 62.05 0
082354 15.25 10.0 61.987 0
082424 15.25 10.0 61.925 0
082454 15.25 10.0 61.8 0
082525 15.25 10.0 61.737 0
082555 15.25 10.0 61.737 0
082626 15.25 10.0 61.737 0
082656 15.25 10.0 61.675 0
082726 15.25 10.0 61.612 0
082757 15.25 10.0 61.612 0
082827 15.25 10.0 61.55 0
082858 15.187 10.0 61.55 0
082928 15.187 10.0 61.487 0
082958 15.187 10.0 61.487 0
083029 15.187 10.0 61.425 0
083059 15.187 10.0 61.425 0
083130 15.187 10.0 61.362 0
083200 15.187 10.0 61.362 0
083230 15.187 10.0 61.3 0
083300 15.187 10.0 61.3 0
083330 15.187 10.0 61.237 0
083400 15.187 10.0 61.175 0
083431 15.187 10.0 61.175 0
083501 15.187 10.0 61.112 0
083531 15.187 10.0 61.112 0
083601 15.187 10.0 61.05 0
083631 15.187 10.0 61.05 0
083701 15.187 10.0 60.987 0
083731 15.187 10.0 60.987 0
083802 15.187 10.0 60.925 0
083832 15.187 10.0 60.862 0
083903 15.187 10.0 60.862 0
083933 15.187 10.0 60.925 0
084004 15.187 10.0 60.925 0
084034 15.187 10.0 60.925 0
084104 15.187 10.0 60.862 0
084135 15.187 10.0 60.925 0
084205 15.187 10.0 60.925 0
084235 15.187 10.0 60.925 0
084306 15.187 10.0 60.862 0
084336 15.187 10.0 60.862 0
084406 15.125 10.0 60.862 0
084436 15.125 10.0 60.8 0
084506 15.125 10.0 60.8 0
084537 15.125 10.0 60.737 0
084607 15.125 10.0 60.737 0
084637 15.125 10.0 60.675 0
084708 15.125 10.0 60.612 0
084739 15.125 10.0 60.55 0
084809 15.125 10.0 60.55 0
084839 15.125 10.0 60.487 0
084909 15.187 10.0 60.487 0
084939 15.187 10.0 60.425 0
085009 15.187 10.0 60.362 0
085040 15.187 10.0 60.362 0
085111 15.187 10.0 60.3 0
085141 15.125 10.0 60.3 0
085211 15.125 10.0 60.237 0
085241 15.125 10.0 60.237 0
085312 15.125 10.0 60.175 0
085342 15.125 10.0 60.175 0
085412 15.187 10.0 60.112 0
085443 15.187 10.0 60.112 0
085513 15.187 10.0 60.05 0
085544 15.187 10.0 60.05 0
085614 15.187 10.0 59.987 0
085644 15.125 10.0 59.987 0
085714 15.125 10.0 59.925 0
085745 15.125 10.0 59.925 0
085816 15.125 10.0 59.862 0
085846 15.125 10.0 59.862 0
085916 15.125 10.0 59.8 0
085946 15.125 10.0 59.8 0
090017 15.125 10.0 59.737 0
090048 15.125 10.0 59.737 0
090118 15.125 10.0 59.675 0
090148 15.125 10.0 59.675 0
090219 15.125 10.0 59.612 0
090249 15.125 10.0 59.612 0
090319 15.125 10.0 59.55 0
090349 15.125 10.0 59.55 0
090420 15.125 10.0 59.487 0
090450 15.125 10.0 59.425 0
090520 15.125 10.0 59.425 0
090550 15.125 10.0 59.362 0
090620 15.125 10.0 59.3 0
090650 15.125 10.0 59.237 0
090721 15.125 10.0 59.112 0
090751 15.125 10.0 59.05 0
090821 15.125 10.0 58.987 0
090852 15.125 10.0 58.925 0
090922 15.062 10.0 58.862 0
090953 15.062 10.0 58.862 0
091024 15.062 10.0 58.8 0
091054 15.062 10.0 58.737 0
091126 15.062 10.0 58.675 0
091157 15.062 10.0 58.675 0
091227 15.062 10.0 58.612 0
091257 15.062 10.0 58.612 0
091327 15.062 10.0 58.55 0
091357 15.062 10.0 58.55 0
091428 15.062 10.0 58.487 0
091458 15.062 10.0 58.487 0
091529 15.062 10.0 58.425 0
091559 15.062 10.0 58.425 0
091629 15.062 10.0 58.362 0
091700 15.062 10.0 58.3 0
091731 15.062 10.0 58.3 0
091802 15.062 10.0 58.237 0
091832 15.062 10.0 58.237 0
091902 15.062 10.0 58.175 0
091933 15.062 10.0 58.175 0
092003 15.062 10.0 58.112 0
092034 15.062 10.0 58.112 0
092104 15.062 10.0 58.05 0
092134 15.062 10.0 58.05 0
092205 15.062 10.0 57.987 0
092235 15.062 10.0 57.987 0
092305 15.062 10.0 57.925 0
092336 15.062 10.0 57.925 0
092406 15.062 10.0 57.862 0
092436 15.062 10.0 57.862 0
092507 15.062 10.0 57.8 0
092537 15.062 10.0 57.737 0
092608 15.062 10.0 57.675 0
092638 15.062 10.0 57.612 0
092708 15.062 10.0 57.55 0
092739 15.062 10.0 57.425 0
092809 15.062 10.0 57.3 0
092839 15.062 10.0 57.237 0
092909 15.0 10.0 57.112 0
092940 15.0 10.0 57.05 0
093010 15.0 10.0 57.05 0
093040 15.0 10.0 56.987 0
093110 15.0 10.0 56.987 0
093140 15.062 10.0 56.862 0
093211 15.062 10.0 56.925 0
093241 15.062 10.0 -0.2 0
093311 15.062 10.0 56.925 0
093342 15.062 10.0 56.8 0
093413 15.0 10.0 56.8 0
093443 15.0 10.0 56.8 0
093513 15.0 10.0 56.737 0
093543 15.0 10.0 56.8 0
093613 15.0 10.0 56.862 0
093643 15.0 10.0 57.05 0
093714 15.0 10.0 57.3 0
093744 15.0 10.0 57.675 0
093814 15.0 10.0 58.237 0
093844 15.0 10.0 58.987 0
093914 15.0 10.0 59.925 0
093945 15.0 10.0 60.987 0
094015 15.0 10.0 62.112 0
094045 15.0 10.0 63.05 0
094116 15.0 10.0 63.8 0
094146 15.0 10.0 64.425 0
094217 15.0 10.0 64.987 0
094247 15.0 10.0 65.362 0
094318 15.0 10.0 65.675 0
094348 15.0 10.0 65.862 0
094419 15.0 10.0 66.112 0
094449 15.0 10.0 66.237 0
094520 15.0 10.0 66.362 0
094550 15.0 10.0 66.487 0
094620 15.0 10.0 66.55 0
094650 15.0 10.0 66.612 0
094721 15.0 10.0 66.675 0
094751 15.0 10.0 66.737 0
094822 15.0 10.0 66.8 0
094852 15.0 10.0 66.862 0
094922 15.0 10.0 66.862 0
094953 15.0 10.0 66.925 0
095023 15.0 10.0 66.925 0
095053 15.0 10.0 66.925 0
095124 15.0 10.0 66.862 0
095154 15.0 10.0 66.8 0
095224 15.0 10.0 66.925 0
095255 15.0 10.0 66.987 0
095325 15.0 10.0 66.987 0
095356 15.0 10.0 66.987 0
095426 15.0 10.0 66.987 0
095456 15.0 10.0 66.987 0
095527 15.0 10.0 67.05 0
095557 15.0 10.0 66.987 0
095627 15.0 10.0 66.987 0
095657 14.937 10.0 66.987 0
095727 14.937 10.0 66.987 0
095758 14.937 10.0 67.05 0
095828 14.937 10.0 67.05 0
095858 14.937 10.0 66.987 0
095928 14.937 10.0 66.987 0
095959 14.937 10.0 66.987 0
100030 14.937 10.0 66.925 0
100101 14.937 10.0 67.05 0
100134 14.937 10.0 67.05 0
100204 14.937 10.0 66.987 0
100235 14.937 10.0 67.05 0
100305 14.937 10.0 66.987 0
100335 14.937 10.0 67.05 0
100405 14.937 10.0 67.05 0
100435 14.937 10.0 66.987 0
100505 14.937 10.0 66.987 0
100536 14.937 10.0 66.987 0
100606 14.937 10.0 66.987 0
100636 14.937 10.0 66.925 0
100707 14.937 10.0 66.987 0
100737 14.937 10.0 66.987 0
100808 14.937 10.0 66.987 0
100839 14.937 10.0 66.987 0
100909 14.937 10.0 66.925 0
100940 14.937 10.0 66.987 0
101010 14.937 10.0 66.987 0
101041 14.937 10.0 66.987 0
101112 14.937 10.0 66.987 0
101142 14.937 10.0 66.987 0
101212 14.937 10.0 66.987 0
101242 14.937 10.0 66.925 0
101312 14.937 10.0 66.925 0
101342 14.937 10.0 66.925 0
101412 14.937 10.0 66.925 0
101443 14.937 10.0 66.925 0
101513 14.937 10.0 66.925 0
101543 14.937 10.0 66.862 0
101613 14.937 10.0 66.862 0
101643 14.875 10.0 66.862 0
101714 14.875 10.0 66.862 0
101744 14.875 10.0 66.862 0
101815 14.875 10.0 66.8 0
101846 14.875 10.0 66.8 0
101916 14.937 10.0 66.8 0
101946 14.937 10.0 66.8 0
102016 14.937 10.0 66.8 0
102046 14.937 10.0 66.8 0
102116 14.937 10.0 66.8 0
102147 14.875 10.0 66.737 0
102218 14.875 10.0 66.737 0
102248 14.875 10.0 66.737 0
102319 14.875 10.0 66.737 0
102349 14.875 10.0 66.737 0
102419 14.875 10.0 66.675 0
102449 14.875 10.0 66.675 0
102520 14.875 10.0 66.675 0
102550 14.875 10.0 66.675 0
102620 14.875 10.0 66.675 0
102650 14.875 10.0 66.612 0
102720 14.875 10.0 66.612 0
102751 14.875 10.0 66.612 0
102821 14.875 10.0 66.55 0
102852 14.875 10.0 66.55 0
102922 14.875 10.0 66.55 0
102952 14.875 10.0 66.55 0
103022 14.875 10.0 66.55 0
103052 14.875 10.0 66.487 0
103123 14.875 10.0 66.487 0
103153 14.875 10.0 66.487 0
103223 14.875 10.0 66.487 0
103254 14.875 10.0 66.425 0
103324 14.875 10.0 66.425 0
103354 14.875 10.0 66.362 0
103424 14.875 10.0 66.362 0
103455 14.875 10.0 66.362 0
103526 14.875 10.0 66.362 0
103556 14.875 10.0 66.3 0
103626 14.875 10.0 66.3 0
103657 14.875 10.0 66.3 0
103727 14.875 10.0 66.237 0
103757 14.875 10.0 66.237 0
103827 14.875 10.0 66.237 0
103858 14.875 10.0 66.175 0
103928 14.875 10.0 66.175 0
103958 14.875 10.0 66.175 0
104028 14.875 10.0 66.112 0
104058 14.875 10.0 66.112 0
104128 14.875 10.0 66.112 0
104159 14.875 10.0 66.112 0
104229 14.875 10.0 66.112 0
104259 14.875 10.0 66.112 0
104330 14.875 10.0 66.175 0
104400 14.875 10.0 66.237 0
104430 14.875 10.0 66.3 0
104500 14.875 10.0 66.3 0
104531 14.875 10.0 66.3 0
104602 14.875 10.0 66.3 0
104632 14.875 10.0 66.3 0
104702 14.875 10.0 66.3 0
104732 14.875 10.0 66.3 0
104803 14.875 10.0 66.3 0
104833 14.875 10.0 66.3 0
104903 14.875 10.0 66.3 0
104934 14.875 10.0 66.3 0
105004 14.875 10.0 66.3 0
105035 14.875 10.0 66.3 0
105105 14.875 10.0 66.237 0
105135 14.875 10.0 66.3 0
105206 14.875 10.0 66.237 0
105236 14.875 10.0 66.237 0
105307 14.875 10.0 66.237 0
105337 14.875 10.0 66.237 0
105407 14.875 10.0 66.237 0
105437 14.875 10.0 66.175 0
105507 14.875 10.0 66.175 0
105538 14.875 10.0 66.175 0
105608 14.875 10.0 66.175 0
105638 14.875 10.0 66.175 0
105708 14.875 10.0 66.112 0
105738 14.875 10.0 66.112 0
105809 14.875 10.0 66.112 0
105839 14.875 10.0 66.05 0
105909 14.875 10.0 66.05 0
105940 14.875 10.0 66.05 0
110010 14.875 10.0 65.987 0
110040 14.875 10.0 65.987 0
110111 14.875 10.0 65.987 0
110141 14.875 10.0 65.987 0
110211 14.875 10.0 65.925 0
110241 14.875 10.0 65.925 0
110311 14.875 10.0 65.925 0
110342 14.875 10.0 65.925 0
110412 14.875 10.0 65.862 0
110442 14.875 10.0 65.862 0
110513 14.875 10.0 65.8 0
110543 14.875 10.0 65.737 0
110613 14.875 10.0 65.8 0
110645 14.875 10.0 65.737 0
110716 14.875 10.0 65.737 0
110746 14.875 10.0 65.737 0
110817 14.875 10.0 65.737 0
110847 14.875 10.0 65.675 0
110918 14.812 10.0 65.675 0
110948 14.812 10.0 65.675 0
111018 14.812 10.0 65.675 0
111048 14.812 10.0 65.612 0
111118 14.812 10.0 65.612 0
111149 14.875 10.0 65.612 0
111220 14.875 10.0 65.55 0
111250 14.875 10.0 65.55 0
111320 14.875 10.0 65.55 0
111351 14.875 10.0 65.55 0
111422 14.812 10.0 65.487 0
111452 14.812 10.0 65.487 0
111523 14.812 10.0 65.425 0
111553 14.812 10.0 65.425 0
111624 14.812 10.0 65.425 0
111654 14.812 10.0 65.362 0
111724 14.812 10.0 65.362 0
111754 14.812 10.0 65.362 0
111824 14.812 10.0 65.3 0
111855 14.812 10.0 65.3 0
111925 14.812 10.0 65.3 0
111955 14.812 10.0 65.237 0
112026 14.812 10.0 65.175 0
112056 14.812 10.0 65.175 0
112126 14.812 10.0 65.175 0
112156 14.812 10.0 65.112 0
112226 14.812 10.0 65.05 0
112257 14.812 10.0 65.05 0
112328 14.812 10.0 65.05 0
112358 14.812 10.0 64.987 0
112429 14.812 10.0 64.987 0
112459 14.812 10.0 64.925 0
112529 14.812 10.0 64.925 0
112559 14.812 10.0 64.925 0
112629 14.812 10.0 64.862 0
112700 14.812 10.0 64.862 0
112730 14.812 10.0 64.862 0
112801 14.812 10.0 64.8 0
112831 14.812 10.0 64.8 0
112901 14.812 10.0 64.737 0
112931 14.812 10.0 64.737 0
113001 14.812 10.0 64.737 0
113031 14.812 10.0 64.675 0
113102 14.812 10.0 64.675 0
113132 14.812 10.0 64.612 0
113203 14.812 10.0 64.612 0
113233 14.812 10.0 64.55 0
113304 14.812 10.0 64.55 0
113334 14.812 10.0 64.55 0
113405 14.812 10.0 64.487 0
113435 14.875 10.0 64.487 0
113505 14.875 10.0 64.425 0
113535 14.875 10.0 64.425 0
113605 14.875 10.0 64.362 0
113635 14.875 10.0 64.362 0
113705 14.812 10.0 64.362 0
113736 14.812 10.0 64.3 0
113806 14.812 10.0 64.3 0
113836 14.812 10.0 64.237 0
113906 14.812 10.0 64.237 0
113936 14.875 10.0 64.237 0
114006 14.875 10.0 64.175 0
114037 14.875 10.0 64.175 0
114107 14.875 10.0 64.112 0
114138 14.875 10.0 64.112 0
114208 14.875 10.0 64.05 0
114238 14.875 10.0 63.987 0
114309 14.875 10.0 63.987 0
114339 14.875 10.0 63.987 0
114409 14.875 10.0 63.987 0
114440 14.875 10.0 63.987 0
114510 14.875 10.0 63.987 0
114540 14.875 10.0 64.05 0
114610 14.875 10.0 64.05 0
114640 14.875 10.0 64.05 0
114710 14.875 10.0 64.05 0
114741 14.875 10.0 64.05 0
114811 14.875 10.0 64.05 0
114842 14.875 10.0 63.987 0
114912 14.875 10.0 63.987 0
114942 14.875 10.0 63.987 0
115012 14.875 10.0 63.925 0
115043 14.875 10.0 63.925 0
115113 14.875 10.0 63.925 0
115144 14.875 10.0 63.925 0
115214 14.875 10.0 63.925 0
115244 14.875 10.0 63.862 0
115314 14.875 10.0 63.862 0
115344 14.875 10.0 63.862 0
115415 14.875 10.0 63.8 0
115445 14.875 10.0 63.8 0
115515 14.875 10.0 63.8 0
115546 14.875 10.0 63.737 0
115616 14.875 10.0 63.737 0
115646 14.875 10.0 63.737 0
115717 14.875 10.0 63.675 0
115747 14.875 10.0 63.675 0
115818 14.875 10.0 63.612 0
115848 14.875 10.0 63.612 0
115921 14.875 10.0 63.612 0
115952 14.875 10.0 63.55 0
120022 14.875 10.0 63.55 0
120052 14.875 10.0 63.55 0
120123 14.875 10.0 63.487 0
120153 14.937 10.0 63.487 0
120223 14.937 10.0 63.425 0
120254 14.937 10.0 63.425 0
120324 14.937 10.0 63.425 0
120355 14.937 10.0 63.362 0
120426 14.937 10.0 63.3 0
120456 14.937 10.0 63.3 0
120527 14.937 10.0 63.237 0
120557 14.937 10.0 63.237 0
120627 14.937 10.0 63.175 0
120657 14.937 10.0 63.112 0
120728 14.937 10.0 63.112 0
120759 14.937 10.0 63.05 0
120829 14.937 10.0 63.05 0
120859 14.937 10.0 62.987 0
120929 14.937 10.0 62.987 0
121000 14.937 10.0 62.987 0
121031 14.937 10.0 62.925 0
121102 14.937 10.0 62.925 0
121132 14.937 10.0 62.862 0
121203 14.937 10.0 62.862 0
121233 14.937 10.0 62.8 0
121303 14.937 10.0 62.8 0
121333 14.937 10.0 62.737 0
121403 14.937 10.0 62.737 0
121433 14.937 10.0 62.675 0
121504 14.937 10.0 62.675 0
121534 14.937 10.0 62.612 0
121604 14.937 10.0 62.612 0
121634 14.937 10.0 62.55 0
121704 14.937 10.0 62.55 0
121735 14.937 10.0 62.55 0
121805 14.937 10.0 62.487 0
121835 14.937 10.0 62.487 0
121905 14.937 10.0 62.425 0
121935 14.937 10.0 62.425 0
122006 14.937 10.0 62.425 0
122036 14.937 10.0 62.362 0
122106 14.937 10.0 62.362 0
122136 14.937 10.0 62.3 0
122207 15.0 10.0 62.3 0
122237 15.0 10.0 62.237 0
122308 15.0 10.0 62.237 0
122338 15.0 10.0 62.175 0
122408 15.0 10.0 62.175 0
122438 15.0 10.0 62.112 0
122508 15.0 10.0 62.112 0
122539 15.0 10.0 62.05 0
122609 15.0 10.0 62.05 0
122639 15.0 10.0 61.987 0
122709 15.0 10.0 61.925 0
122739 15.0 10.0 61.862 0
122809 15.0 10.0 61.862 0
122840 15.0 10.0 61.8 0
122910 15.0 10.0 61.737 0
122940 15.0 10.0 61.675 0
123010 15.0 10.0 61.675 0
123040 15.0 10.0 61.612 0
123110 15.0 10.0 61.55 0
123141 15.0 10.0 61.55 0
123211 15.062 10.0 61.487 0
123241 15.062 10.0 61.487 0
123312 15.062 10.0 61.425 0
123343 15.062 10.0 61.362 0
123413 15.062 10.0 61.362 0
123443 15.0 10.0 61.3 0
123513 15.0 10.0 61.3 0
123544 15.0 10.0 61.3 0
123614 15.0 10.0 61.237 0
123644 15.0 10.0 61.237 0
123715 15.062 10.0 61.175 0
123745 15.062 10.0 61.175 0
123815 15.062 10.0 61.112 0
123846 15.062 10.0 61.112 0
123916 15.062 10.0 61.05 0
123946 15.062 10.0 60.987 0
124017 15.062 10.0 60.987 0
124047 15.062 10.0 60.987 0
124117 15.062 10.0 60.925 0
124148 15.062 10.0 60.925 0
124218 15.125 10.0 60.862 0
124248 15.125 10.0 60.862 0
124318 15.125 10.0 60.8 0
124348 15.125 10.0 60.8 0
124418 15.125 10.0 60.737 0
124448 15.125 10.0 60.737 0
124519 15.125 10.0 60.737 0
124549 15.125 10.0 60.737 0
124619 15.125 10.0 60.737 0
124649 15.125 10.0 60.737 0
124720 15.125 10.0 60.737 0
124750 15.125 10.0 60.737 0
124821 15.125 10.0 60.675 0
124851 15.125 10.0 60.675 0
124921 15.125 10.0 60.612 0
124952 15.125 10.0 60.612 0
125022 15.125 10.0 60.55 0
125053 15.125 10.0 60.487 0
125124 15.125 10.0 60.487 0
125154 15.125 10.0 60.425 0
125224 15.125 10.0 60.425 0
125255 15.125 10.0 60.362 0
125325 15.125 10.0 60.362 0
125355 15.125 10.0 60.3 0
125425 15.125 10.0 60.237 0
125456 15.187 10.0 60.237 0
125526 15.187 10.0 60.175 0
125556 15.187 10.0 60.175 0
125626 15.187 10.0 60.175 0
125658 15.187 10.0 60.112 0
125728 15.187 10.0 60.05 0
125759 15.187 10.0 60.05 0
125829 15.187 10.0 60.05 0
125859 15.187 10.0 59.987 0
125930 15.187 10.0 59.925 0
130000 15.187 10.0 59.925 0
130031 15.187 10.0 59.862 0
130101 15.187 10.0 59.862 0
130131 15.187 10.0 59.862 0
130201 15.187 10.0 59.8 0
130231 15.187 10.0 59.8 0
130302 15.187 10.0 59.737 0
130332 15.187 10.0 59.675 0
130402 15.187 10.0 59.675 0
130432 15.25 10.0 59.675 0
130503 15.25 10.0 59.612 0
130533 15.25 10.0 59.55 0
130603 15.25 10.0 59.55 0
130633 15.25 10.0 59.55 0
130704 15.5 10.0 59.487 0
130734 15.5 10.0 59.487 0
130805 15.5 10.0 59.425 0
130835 15.5 10.0 59.425 0
130906 15.5 10.0 59.362 0
130936 15.687 10.0 59.362 0
131006 15.687 10.0 59.3 0
131037 15.687 10.0 59.175 0
131107 15.687 10.0 59.112 0
131138 15.687 10.0 58.987 0
131209 15.812 10.0 58.925 0
131239 15.812 10.0 58.862 0
131310 15.812 10.0 58.8 0
131341 15.812 10.0 58.8 0
131411 15.812 10.0 58.737 0
131442 15.937 10.0 58.675 0
131512 15.937 10.0 58.675 0
131542 15.937 10.0 58.612 0
131613 15.937 10.0 58.55 0
131643 15.937 10.0 58.55 0
131714 16.062 10.0 58.487 0
131744 16.062 10.0 58.487 0
131814 16.062 10.0 58.425 0
131845 16.062 10.0 58.425 0
131916 16.062 10.0 58.362 0
131946 16.125 10.0 58.3 0
132016 16.125 10.0 58.3 0
132046 16.125 10.0 58.3 0
132117 16.125 10.0 58.237 0
132147 16.125 10.0 58.175 0
132218 16.25 10.0 58.175 0
132249 16.25 10.0 58.175 0
132320 16.25 10.0 58.112 0
132350 16.25 10.0 58.05 0
132421 16.25 10.0 58.05 0
132451 16.312 10.0 57.987 0
132521 16.312 10.0 57.925 0
132552 16.312 10.0 57.925 0
132622 16.312 10.0 57.925 0
132653 16.312 10.0 57.925 0
132723 16.437 10.0 57.862 0
132753 16.437 10.0 57.862 0
132823 16.437 10.0 57.8 0
132854 16.437 10.0 57.8 0
132924 16.437 10.0 57.737 0
132954 16.437 10.0 57.737 0
133024 16.437 10.0 57.675 0
133054 16.437 10.0 57.612 0
133124 16.437 10.0 57.55 0
133155 16.437 10.0 57.487 0
133225 16.5 10.0 57.362 0
133256 16.5 10.0 57.3 0
133326 16.5 10.0 57.175 0
133356 16.5 10.0 57.112 0
133426 16.5 10.0 57.05 0
133457 16.562 10.0 56.987 0
133527 16.562 10.0 56.925 0
133557 16.562 10.0 56.925 0
133628 16.562 10.0 56.862 0
133659 16.562 10.0 56.8 0
133729 16.562 10.0 56.8 0
133759 16.562 10.0 56.737 0
133829 16.562 10.0 56.8 0
133859 16.562 10.0 56.8 0
133929 16.562 10.0 56.862 0
133959 16.625 10.0 56.987 0
134029 16.625 10.0 57.175 0
134100 16.625 10.0 57.487 0
134131 16.625 10.0 57.925 0
134201 16.625 10.0 58.612 0
134231 16.625 10.0 59.487 0
134301 16.625 10.0 60.425 0
134332 16.625 10.0 61.487 0
134402 16.625 10.0 62.487 0
134432 16.625 10.0 63.425 0
134503 16.687 10.0 64.05 0
134533 16.687 10.0 64.675 0
134603 16.687 10.0 65.05 0
134634 16.687 10.0 65.362 0
134704 16.687 10.0 65.612 0
134734 16.75 10.0 65.8 0
134804 16.75 10.0 65.987 0
134834 16.75 10.0 66.112 0
134905 16.75 10.0 66.175 0
134935 16.75 10.0 66.3 0
135005 16.75 10.0 66.362 0
135036 16.75 10.0 66.425 0
135107 16.75 10.0 66.487 0
135137 16.75 10.0 66.487 0
135207 16.75 10.0 66.55 0
135237 16.812 10.0 66.612 0
135307 16.812 10.0 66.675 0
135338 16.812 10.0 66.675 0
135408 16.812 10.0 66.675 0
135441 16.875 10.0 66.737 0
135511 16.875 10.0 66.737 0
135542 16.875 10.0 66.737 0
135612 16.875 10.0 66.737 0
135642 16.875 10.0 66.737 0
135712 16.875 10.0 66.737 0
135742 16.875 10.0 66.737 0
135813 16.875 10.0 66.737 0
135843 16.875 10.0 66.8 0
135913 16.875 10.0 66.737 0
135943 16.937 10.0 66.8 0
140013 16.937 10.0 66.8 0
140044 16.937 10.0 66.8 0
140115 16.937 10.0 66.8 0
140145 16.937 10.0 66.8 0
140215 16.937 10.0 66.8 0
140245 16.937 10.0 66.8 0
140316 16.937 10.0 66.8 0
140346 16.937 10.0 66.8 0
140416 16.937 10.0 66.8 0
140447 16.937 10.0 66.8 0
140517 16.937 10.0 66.8 0
140547 16.937 10.0 66.8 0
140618 16.937 10.0 66.8 0
140648 16.937 10.0 66.8 0
140719 16.937 10.0 66.8 0
140749 16.937 10.0 66.737 0
140819 16.937 10.0 66.737 0
140849 16.937 10.0 66.737 0
140920 16.937 10.0 66.737 0
140951 16.937 10.0 66.737 0
141022 16.937 10.0 66.737 0
141052 16.937 10.0 66.737 0
141123 16.937 10.0 66.737 0
141153 16.937 10.0 66.737 0
141224 16.937 10.0 66.675 0
141254 16.937 10.0 66.675 0
141324 16.937 10.0 66.675 0
141354 16.937 10.0 66.675 0
141424 16.937 10.0 66.675 0
141454 16.937 10.0 66.675 0
141525 16.937 10.0 66.675 0
141556 16.937 10.0 66.675 0
141626 16.937 10.0 66.612 0
141656 16.937 10.0 66.612 0
141726 16.937 10.0 66.612 0
141757 16.937 10.0 66.612 0
141827 16.937 10.0 66.612 0
141858 16.937 10.0 66.612 0
141928 16.937 10.0 66.612 0
141958 16.937 10.0 66.55 0
142029 16.937 10.0 66.55 0
142059 16.937 10.0 66.55 0
142129 16.937 10.0 66.55 0
142200 16.937 10.0 66.55 0
142230 16.875 10.0 66.487 0
142301 16.875 10.0 66.487 0
142331 16.875 10.0 66.487 0
142401 16.875 10.0 66.487 0
142432 16.875 10.0 66.487 0
142502 16.812 10.0 66.425 0
142532 16.812 10.0 66.425 0
142603 16.812 10.0 66.425 0
142634 16.812 10.0 66.425 0
142704 16.812 10.0 66.425 0
142734 16.812 10.0 66.362 0
142805 16.812 10.0 66.362 0
142835 16.812 10.0 66.362 0
142905 16.812 10.0 66.362 0
142936 16.812 10.0 66.362 0
143006 16.75 10.0 66.3 0
143036 16.75 10.0 66.3 0
143106 16.75 10.0 66.3 0
143136 16.75 10.0 66.3 0
143206 16.75 10.0 66.237 0
143237 16.75 10.0 66.237 0
143307 16.75 10.0 66.237 0
143338 16.75 10.0 66.237 0
143408 16.75 10.0 66.175 0
143438 16.75 10.0 66.175 0
143509 16.687 10.0 66.175 0
143540 16.687 10.0 66.112 0
143610 16.687 10.0 66.112 0
143640 16.687 10.0 66.112 0
143710 16.687 10.0 66.05 0
143741 16.625 10.0 66.05 0
143812 16.625 10.0 66.05 0
143842 16.625 10.0 65.987 0
143912 16.625 10.0 65.987 0
143943 16.625 10.0 65.987 0
144013 16.562 10.0 65.925 0
144043 16.562 10.0 65.925 0
144114 16.562 10.0 65.925 0
144144 16.562 10.0 65.862 0
144215 16.562 10.0 65.862 0
144245 16.5 10.0 65.862 0
144316 16.5 10.0 65.8 0
144346 16.5 10.0 65.8 0
144416 16.5 10.0 65.8 0
144449 16.437 10.0 65.737 0
144519 16.437 10.0 65.737 0
144549 16.437 10.0 65.737 0
144620 16.437 10.0 65.8 0
144650 16.437 10.0 65.925 0
144720 16.375 10.0 65.987 0
144751 16.375 10.0 65.987 0
144821 16.375 10.0 66.05 0
144851 16.375 10.0 66.05 0
144921 16.375 10.0 66.112 0
144952 16.312 10.0 66.112 0
145022 16.312 10.0 66.112 0
145053 16.312 10.0 66.112 0
145123 16.312 10.0 66.112 0
145153 16.312 10.0 66.05 0
145224 16.25 10.0 66.05 0
145254 16.25 10.0 66.05 0
145325 16.25 10.0 66.05 0
145355 16.25 10.0 66.05 0
145425 16.25 10.0 66.05 0
145455 16.187 10.0 65.987 0
145525 16.187 10.0 65.987 0
145555 16.187 10.0 65.987 0
145626 16.187 10.0 65.987 0
145656 16.187 10.0 65.987 0
145726 16.125 10.0 65.987 0
145756 16.125 10.0 65.925 0
145826 16.125 10.0 65.925 0
145856 16.125 10.0 65.925 0
145927 16.125 10.0 65.862 0
145957 16.062 10.0 65.8 0
150028 16.062 10.0 65.8 0
150058 16.062 10.0 65.8 0
150128 16.062 10.0 65.8 0
150159 16.062 10.0 65.8 0
150229 16.0 10.0 65.8 0
150259 16.0 10.0 65.737 0
150329 16.0 10.0 65.737 0
150359 16.0 10.0 65.737 0
150430 16.0 10.0 65.675 0
150500 16.0 10.0 65.675 0
150530 16.0 10.0 65.675 0
150600 16.0 10.0 65.612 0
150630 16.0 10.0 65.612 0
150701 16.0 10.0 65.612 0
150731 16.0 10.0 65.55 0
150801 16.0 10.0 65.55 0
150831 16.0 10.0 65.487 0
150901 16.0 10.0 65.487 0
150932 16.0 10.0 65.487 0
151002 16.0 10.0 65.425 0
151032 16.0 10.0 65.425 0
151103 16.0 10.0 65.425 0
151133 16.0 10.0 65.425 0
151204 16.0 10.0 65.425 0
151234 16.0 10.0 65.362 0
151305 16.0 10.0 65.362 0
151335 16.0 10.0 65.3 0
151405 16.0 10.0 65.3 0
151435 16.0 10.0 65.237 0
151506 15.937 10.0 65.237 0
151536 15.937 10.0 65.237 0
151606 15.937 10.0 65.237 0
151636 15.937 10.0 65.175 0
151706 15.937 10.0 65.175 0
151736 16.0 10.0 65.175 0
151807 16.0 10.0 65.112 0
151837 16.0 10.0 65.112 0
151908 16.0 10.0 65.05 0
151938 16.0 10.0 65.05 0
152008 16.0 10.0 65.05 0
152039 16.0 10.0 64.987 0
152109 16.0 10.0 64.987 0
152139 16.0 10.0 64.987 0
152210 16.0 10.0 64.925 0
152240 16.0 10.0 64.925 0
152310 16.0 10.0 64.925 0
152341 16.0 10.0 64.925 0
152411 16.0 10.0 64.862 0
152441 16.0 10.0 64.862 0
152511 16.062 10.0 64.8 0
152541 16.062 10.0 64.8 0
152611 16.062 10.0 64.737 0
152642 16.062 10.0 64.737 0
152713 16.062 10.0 64.675 0
152743 16.0 10.0 64.675 0
152813 16.0 10.0 64.675 0
152843 16.0 10.0 64.612 0
152914 16.0 10.0 64.612 0
152944 16.0 10.0 64.55 0
153014 16.0 10.0 64.55 0
153044 16.0 10.0 64.55 0
153114 16.0 10.0 64.487 0
153145 16.0 10.0 64.487 0
153215 16.0 10.0 64.425 0
153245 16.0 10.0 64.425 0
153316 16.0 10.0 64.362 0
153346 16.0 10.0 64.362 0
153416 16.0 10.0 64.362 0
153446 16.0 10.0 64.3 0
153516 16.0 10.0 64.3 0
153546 16.0 10.0 64.237 0
153617 16.0 10.0 64.237 0
153647 16.0 10.0 64.237 0
153717 16.0 10.0 64.175 0
153748 15.937 10.0 64.175 0
153819 15.937 10.0 64.112 0
153850 15.937 10.0 64.112 0
153920 15.937 10.0 64.112 0
153951 15.937 10.0 64.05 0
154021 15.937 10.0 64.05 0
154052 15.937 10.0 63.987 0
154122 15.937 10.0 63.987 0
154153 15.937 10.0 63.925 0
154225 15.937 10.0 63.925 0
154256 15.937 10.0 63.925 0
154326 15.937 10.0 63.862 0
154356 15.937 10.0 63.862 0
154426 15.937 10.0 63.8 0
154456 15.937 10.0 63.8 0
154526 15.937 10.0 63.737 0
154557 15.937 10.0 63.737 0
154628 15.937 10.0 63.675 0
154658 15.937 10.0 63.612 0
154729 15.937 10.0 63.612 0
154759 15.937 10.0 63.612 0
154829 15.937 10.0 63.675 0
154900 15.937 10.0 63.675 0
154930 15.937 10.0 63.675 0
155000 16.062 10.0 63.675 0
155030 16.062 10.0 63.675 0
155100 16.062 10.0 63.675 0
155131 16.062 10.0 63.675 0
155201 16.062 10.0 63.675 0
155232 16.25 10.0 63.675 0
155302 16.25 10.0 63.675 0
155332 16.25 10.0 63.675 0
155403 16.25 10.0 63.675 0
155433 16.25 10.0 63.675 0
155503 16.437 10.0 63.612 0
155533 16.437 10.0 63.612 0
155604 16.437 10.0 63.612 0
155634 16.437 10.0 63.55 0
155705 16.437 10.0 63.55 0
155735 16.562 10.0 63.55 0
155806 16.562 10.0 63.487 0
155836 16.562 10.0 63.487 0
155906 16.562 10.0 63.487 0
155937 16.562 10.0 63.362 0
160007 16.562 10.0 63.362 0
160037 16.562 10.0 63.362 0
160107 16.562 10.0 63.3 0
160137 16.562 10.0 63.3 0
160208 16.562 10.0 63.3 0
160238 16.687 10.0 63.3 0
160309 16.687 10.0 63.237 0
160339 16.687 10.0 63.237 0
160409 16.687 10.0 63.237 0
160439 16.687 10.0 63.175 0
160509 16.687 10.0 63.175 0
160540 16.687 10.0 63.175 0
160610 16.687 10.0 63.112 0
160641 16.687 10.0 63.112 0
160711 16.687 10.0 63.05 0
160741 16.75 10.0 63.05 0
160811 16.75 10.0 63.05 0
160841 16.75 10.0 62.987 0
160912 16.75 10.0 62.925 0
160942 16.75 10.0 62.862 0
161012 16.75 10.0 62.8 0
161043 16.75 10.0 62.8 0
161113 16.75 10.0 62.737 0
161143 16.75 10.0 62.737 0
161213 16.75 10.0 62.675 0
161244 16.812 10.0 62.675 0
161314 16.812 10.0 62.612 0
161345 16.812 10.0 62.612 0
161415 16.812 10.0 62.55 0
161445 16.812 10.0 62.55 0
161515 16.812 10.0 62.487 0
161546 16.812 10.0 62.487 0
161616 16.812 10.0 62.425 0
161646 16.812 10.0 62.425 0
161717 16.812 10.0 62.362 0
161747 16.812 10.0 62.362 0
161818 16.812 10.0 62.3 0
161849 16.812 10.0 62.3 0
161919 16.812 10.0 62.237 0
161949 16.812 10.0 62.175 0
162020 16.875 10.0 62.175 0
162051 16.875 10.0 62.112 0
162121 16.875 10.0 62.112 0
162152 16.875 10.0 62.112 0
162222 16.875 10.0 62.05 0
162252 16.875 10.0 62.05 0
162322 16.875 10.0 62.05 0
162353 16.875 10.0 61.987 0
162423 16.875 10.0 61.987 0
162453 16.875 10.0 61.925 0
162523 16.875 10.0 61.925 0
162554 16.875 10.0 61.862 0
162625 16.875 10.0 61.862 0
162655 16.875 10.0 61.862 0
162725 16.875 10.0 61.8 0
162756 16.937 10.0 61.8 0
162826 16.937 10.0 61.737 0
162857 16.937 10.0 61.737 0
162927 16.937 10.0 61.737 0
162958 16.937 10.0 61.675 0
163028 16.937 10.0 61.675 0
163059 16.937 10.0 61.612 0
163130 16.937 10.0 61.55 0
163200 16.937 10.0 61.487 0
163230 16.937 10.0 61.425 0
163300 16.937 10.0 61.362 0
163330 16.937 10.0 61.3 0
163401 16.937 10.0 61.237 0
163431 16.937 10.0 61.237 0
163501 16.937 10.0 61.175 0
163532 17.0 10.0 61.112 0
163602 17.0 10.0 61.112 0
163632 17.0 10.0 61.05 0
163702 17.0 10.0 61.05 0
163734 17.0 10.0 60.987 0
163804 17.0 10.0 60.987 0
163834 17.0 10.0 60.925 0
163905 17.0 10.0 60.925 0
163935 17.0 10.0 60.862 0
164006 17.062 10.0 60.862 0
164036 17.062 10.0 60.8 0
164106 17.062 10.0 60.8 0
164136 17.062 10.0 60.737 0
164206 17.062 10.0 60.737 0
164237 17.062 10.0 60.675 0
164308 17.062 10.0 60.675 0
164338 17.062 10.0 60.612 0
164408 17.062 10.0 60.612 0
164439 17.062 10.0 60.55 0
164509 17.062 10.0 60.55 0
164539 17.062 10.0 60.487 0
164609 17.062 10.0 60.487 0
164640 17.062 10.0 60.425 0
164711 17.062 10.0 60.425 0
164741 17.125 10.0 60.362 0
164811 17.125 10.0 60.362 0
164842 17.125 10.0 60.3 0
164912 17.125 10.0 60.3 0
164942 17.125 10.0 60.3 0
165012 17.125 10.0 60.362 0
165043 17.125 10.0 60.362 0
165114 17.125 10.0 60.362 0
165144 17.125 10.0 60.362 0
165214 17.125 10.0 60.362 0
165244 17.125 10.0 60.3 0
165315 17.125 10.0 60.3 0
165345 17.125 10.0 60.237 0
165415 17.125 10.0 60.175 0
165445 17.125 10.0 60.175 0
165515 17.125 10.0 60.112 0
165545 17.125 10.0 60.112 0
165616 17.125 10.0 60.05 0
165646 17.125 10.0 60.05 0
165716 17.125 10.0 59.987 0
165746 17.125 10.0 59.987 0
165816 17.125 10.0 59.925 0
165846 17.125 10.0 59.925 0
165917 17.125 10.0 59.862 0
165947 17.125 10.0 59.862 0
170017 17.062 10.0 59.8 0
170047 17.062 10.0 59.8 0
170117 17.062 10.0 59.737 0
170148 17.062 10.0 59.675 0
170218 17.062 10.0 59.675 0
170248 17.125 10.0 59.675 0
170318 17.125 10.0 59.612 0
170349 17.125 10.0 59.55 0
170419 17.125 10.0 59.55 0
170449 17.125 10.0 59.55 0
170519 17.062 10.0 59.487 0
170549 17.062 10.0 59.487 0
170619 17.062 10.0 59.425 0
170650 17.062 10.0 59.425 0
170720 17.062 10.0 59.362 0
170750 17.062 10.0 59.362 0
170820 17.062 10.0 59.3 0
170851 17.062 10.0 59.3 0
170921 17.062 10.0 59.237 0
170951 17.062 10.0 59.237 0
171021 17.062 10.0 59.175 0
171051 17.062 10.0 59.175 0
171121 17.062 10.0 59.112 0
171151 17.062 10.0 59.05 0
171222 17.062 10.0 59.05 0
171252 17.125 10.0 58.987 0
171322 17.125 10.0 58.987 0
171353 17.125 10.0 58.925 0
171423 17.125 10.0 58.862 0
171454 17.125 10.0 58.737 0
171524 17.125 10.0 58.675 0
171554 17.125 10.0 58.675 0
171624 17.125 10.0 58.612 0
171654 17.125 10.0 58.55 0
171724 17.125 10.0 58.487 0
171755 17.125 10.0 58.487 0
171825 17.125 10.0 58.425 0
171855 17.125 10.0 58.425 0
171925 17.125 10.0 58.362 0
171955 17.125 10.0 58.3 0
172025 17.125 10.0 58.3 0
172055 17.125 10.0 58.237 0
172126 17.125 10.0 58.237 0
172157 17.125 10.0 58.175 0
172227 17.125 10.0 58.175 0
172257 17.062 10.0 58.112 0
172328 17.062 10.0 58.112 0
172358 17.062 10.0 58.05 0
172429 17.062 10.0 58.05 0
172459 17.062 10.0 57.987 0
172529 17.062 10.0 57.987 0
172559 17.062 10.0 57.925 0
172629 17.062 10.0 57.925 0
172659 17.062 10.0 57.862 0
172730 17.062 10.0 57.862 0
172800 17.125 10.0 57.8 0
172830 17.125 10.0 57.737 0
172901 17.125 10.0 57.737 0
172931 17.125 10.0 57.737 0
173001 17.125 10.0 57.675 0
173032 17.25 10.0 57.675 0
173102 17.25 10.0 57.612 0
173132 17.25 10.0 57.612 0
173202 17.25 10.0 57.55 0
173232 17.25 10.0 57.55 0
173302 17.312 10.0 57.487 0
173333 17.312 10.0 57.425 0
173403 17.312 10.0 57.425 0
173433 17.312 10.0 57.362 0
173504 17.312 10.0 57.237 0
173534 17.312 10.0 57.175 0
173604 17.312 10.0 57.05 0
173634 17.312 10.0 56.987 0
173704 17.312 10.0 56.925 0
173735 17.312 10.0 56.862 0
173805 17.375 10.0 56.8 0
173835 17.375 10.0 56.8 0
173905 17.375 10.0 56.737 0
173935 17.375 10.0 56.737 0
174005 17.375 10.0 56.737 0
174036 17.375 10.0 56.737 0
174106 17.375 10.0 56.8 0
174137 17.375 10.0 56.925 0
174207 17.375 10.0 57.112 0
174237 17.375 10.0 57.425 0
174308 17.375 10.0 57.925 0
174338 17.375 10.0 58.55 0
174408 17.375 10.0 59.425 0
174439 17.375 10.0 60.487 0
174509 17.375 10.0 61.612 0
174539 17.375 10.0 62.675 0
174610 17.375 10.0 63.55 0
174640 17.375 10.0 64.237 0
174711 17.375 10.0 64.8 0
174741 17.375 10.0 65.237 0
174811 17.25 10.0 65.55 0
174842 17.25 10.0 65.8 0
174912 17.25 10.0 65.987 0
174942 17.25 10.0 66.112 0
175014 17.125 10.0 66.237 0
175044 17.125 10.0 66.362 0
175115 17.125 10.0 66.425 0
175145 17.125 10.0 66.487 0
175216 17.125 10.0 66.55 0
175246 16.875 10.0 66.612 0
175317 16.875 10.0 66.737 0
175347 16.875 10.0 66.737 0
175417 16.875 10.0 66.862 0
175447 16.875 10.0 66.925 0
175517 16.75 10.0 66.925 0
175548 16.75 10.0 66.987 0
175618 16.75 10.0 67.05 0
175649 16.75 10.0 67.05 0
175719 16.75 10.0 67.05 0
175749 16.562 10.0 67.05 0
175819 16.562 10.0 67.05 0
175849 16.562 10.0 67.05 0
175920 16.562 10.0 67.05 0
175950 16.562 10.0 67.05 0
180020 16.437 10.0 67.05 0
180051 16.437 10.0 67.112 0
180121 16.437 10.0 67.112 0
180151 16.437 10.0 67.112 0
180221 16.437 10.0 67.112 0
180251 16.25 10.0 67.112 0
180321 16.25 10.0 67.175 0
180352 16.25 10.0 67.175 0
180422 16.25 10.0 67.175 0
180452 16.25 10.0 67.175 0
180522 16.187 10.0 67.175 0
180552 16.187 10.0 67.175 0
180622 16.187 10.0 67.175 0
180652 16.187 10.0 67.175 0
180723 16.187 10.0 67.175 0
180753 16.062 10.0 67.175 0
180823 16.062 10.0 67.175 0
180854 16.062 10.0 67.175 0
180924 16.062 10.0 67.175 0
180954 16.062 10.0 67.175 0
181024 16.0 10.0 67.175 0
181055 16.0 10.0 67.175 0
181125 16.0 10.0 67.175 0
181155 16.0 10.0 67.175 0
181226 16.0 10.0 67.175 0
181256 16.0 10.0 67.112 0
181326 16.0 10.0 67.112 0
181357 16.0 10.0 67.112 0
181428 16.0 10.0 67.112 0
181458 16.0 10.0 67.112 0
181528 15.875 10.0 67.112 0
181559 15.875 10.0 67.112 0
181629 15.875 10.0 67.05 0
181659 15.875 10.0 67.05 0
181729 15.875 10.0 67.05 0
181759 15.875 10.0 67.05 0
181830 15.875 10.0 67.05 0
181900 15.875 10.0 67.05 0
181931 15.875 10.0 67.05 0
182001 15.875 10.0 66.987 0
182031 15.875 10.0 66.987 0
182101 15.875 10.0 66.987 0
182131 15.875 10.0 66.987 0
182202 15.875 10.0 66.987 0
182232 15.875 10.0 66.987 0
182302 15.812 10.0 66.925 0
182332 15.812 10.0 66.925 0
182402 15.812 10.0 66.925 0
182432 15.812 10.0 66.925 0
182502 15.812 10.0 66.862 0
182533 15.812 10.0 66.925 0
182603 15.812 10.0 66.862 0
182634 15.812 10.0 66.862 0
182704 15.812 10.0 66.862 0
182735 15.812 10.0 66.862 0
182806 15.75 10.0 66.8 0
182837 15.75 10.0 66.8 0
182907 15.75 10.0 66.8 0
182938 15.75 10.0 66.8 0
183009 15.75 10.0 66.737 0
183039 15.75 10.0 66.737 0
183110 15.75 10.0 66.737 0
183140 15.75 10.0 66.737 0
183211 15.75 10.0 66.737 0
183242 15.75 10.0 66.675 0
183313 15.687 10.0 66.675 0
183343 15.687 10.0 66.675 0
183414 15.687 10.0 66.675 0
183444 15.687 10.0 66.612 0
183514 15.687 10.0 66.612 0
183544 15.687 10.0 66.612 0
183615 15.687 10.0 66.612 0
183645 15.687 10.0 66.55 0
183715 15.687 10.0 66.55 0
183745 15.687 10.0 66.55 0
183816 15.687 10.0 66.55 0
183846 15.687 10.0 66.487 0
183916 15.687 10.0 66.487 0
183946 15.687 10.0 66.487 0
184018 15.687 10.0 66.487 0
184048 15.687 10.0 66.425 0
184118 15.687 10.0 66.425 0
184149 15.687 10.0 66.362 0
184219 15.687 10.0 66.362 0
184249 15.687 10.0 66.362 0
184319 15.625 10.0 66.3 0
184350 15.625 10.0 66.3 0
184420 15.625 10.0 66.237 0
184451 15.625 10.0 66.237 0
184523 15.625 10.0 66.237 0
184553 15.625 10.0 66.175 0
184624 15.625 10.0 66.175 0
184654 15.625 10.0 66.175 0
184725 15.625 10.0 66.175 0
184755 15.625 10.0 66.237 0
184825 15.625 10.0 66.3 0
184855 15.625 10.0 66.362 0
184926 15.625 10.0 66.425 0
184956 15.625 10.0 66.425 0
185026 15.562 10.0 66.487 0
185057 15.562 10.0 66.487 0
185127 15.562 10.0 66.487 0
185157 15.562 10.0 66.487 0
185227 15.562 10.0 66.487 0
185257 15.562 10.0 66.487 0
185328 15.562 10.0 66.487 0
185358 15.562 10.0 66.487 0
185428 15.562 10.0 66.487 0
185458 15.562 10.0 66.487 0
185528 15.562 10.0 66.425 0
185558 15.562 10.0 66.425 0
185628 15.562 10.0 66.425 0
185659 15.562 10.0 66.425 0
185730 15.562 10.0 66.425 0
185800 15.5 10.0 66.425 0
185830 15.5 10.0 66.362 0
185900 15.5 10.0 66.362 0
185931 15.5 10.0 66.362 0
190001 15.5 10.0 66.362 0
190031 15.5 10.0 66.362 0
190101 15.5 10.0 66.362 0
190131 15.5 10.0 66.3 0
190202 15.5 10.0 66.3 0
190233 15.5 10.0 66.3 0
190303 15.5 10.0 66.3 0
190333 15.5 10.0 66.237 0
190403 15.5 10.0 66.237 0
190433 15.5 10.0 66.237 0
190504 15.5 10.0 66.237 0
190534 15.5 10.0 66.175 0
190604 15.5 10.0 66.175 0
190635 15.5 10.0 66.175 0
190705 15.5 10.0 66.112 0
190735 15.5 10.0 66.112 0
190805 15.437 10.0 66.112 0
190835 15.437 10.0 66.05 0
190906 15.437 10.0 65.987 0
190936 15.437 10.0 65.987 0
191006 15.437 10.0 65.987 0
191037 15.437 10.0 65.987 0
191108 15.437 10.0 65.987 0
191138 15.437 10.0 65.987 0
191209 15.437 10.0 65.925 0
191239 15.437 10.0 65.925 0
191310 15.437 10.0 65.925 0
191341 15.437 10.0 65.925 0
191411 15.437 10.0 65.862 0
191442 15.437 10.0 65.862 0
191512 15.437 10.0 65.862 0
191543 15.437 10.0 65.8 0
191613 15.437 10.0 65.8 0
191643 15.437 10.0 65.8 0
191714 15.437 10.0 65.737 0
191744 15.437 10.0 65.737 0
191815 15.375 10.0 65.737 0
191845 15.375 10.0 65.675 0
191915 15.375 10.0 65.675 0
191945 15.375 10.0 65.675 0
192015 15.375 10.0 65.612 0
192046 15.375 10.0 65.612 0
192116 15.375 10.0 65.612 0
192147 15.375 10.0 65.55 0
192217 15.375 10.0 65.55 0
192247 15.375 10.0 65.55 0
192318 15.375 10.0 65.487 0
192348 15.375 10.0 65.487 0
192419 15.375 10.0 65.487 0
192449 15.375 10.0 65.425 0
192519 15.375 10.0 65.425 0
192549 15.375 10.0 65.425 0
192619 15.375 10.0 65.362 0
192649 15.375 10.0 65.362 0
192719 15.375 10.0 65.3 0
192750 15.375 10.0 65.3 0
192820 15.375 10.0 65.237 0
192851 15.375 10.0 65.237 0
192922 15.375 10.0 65.175 0
192952 15.375 10.0 65.175 0
193022 15.375 10.0 65.112 0
193052 15.312 10.0 65.112 0
193122 15.312 10.0 65.112 0
193152 15.312 10.0 65.05 0
193222 15.312 10.0 65.05 0
193253 15.312 10.0 64.987 0
193323 15.312 10.0 64.987 0
193353 15.312 10.0 64.987 0
193423 15.312 10.0 64.925 0
193454 15.312 10.0 64.925 0
193524 15.312 10.0 64.862 0
193554 15.375 10.0 64.862 0
193624 15.375 10.0 64.862 0
193654 15.375 10.0 64.8 0
193724 15.375 10.0 64.8 0
193754 15.375 10.0 64.737 0
193825 15.312 10.0 64.737 0
193855 15.312 10.0 64.675 0
193925 15.312 10.0 64.675 0
193955 15.312 10.0 64.675 0
194026 15.312 10.0 64.612 0
194056 15.312 10.0 64.612 0
194127 15.312 10.0 64.55 0
194158 15.312 10.0 64.55 0
194228 15.312 10.0 64.487 0
194258 15.312 10.0 64.487 0
194329 15.312 10.0 64.487 0
194359 15.312 10.0 64.487 0
194429 15.312 10.0 64.425 0
194459 15.312 10.0 64.362 0
194529 15.312 10.0 64.362 0
194559 15.25 10.0 64.362 0
194630 15.25 10.0 64.3 0
194700 15.25 10.0 64.3 0
194731 15.25 10.0 64.237 0
194803 15.25 10.0 64.237 0
194833 15.25 10.0 64.175 0
194904 15.25 10.0 64.175 0
194934 15.25 10.0 64.237 0
195004 15.25 10.0 64.3 0
195034 15.437 10.0 64.3 0
195104 15.437 20.0 64.362 0
195135 15.437 20.0 64.362 50
195205 15.437 20.0 64.362 50
195235 15.437 20.0 64.3 50
195306 15.75 20.0 64.237 50
195336 15.75 20.0 64.175 50
195406 15.75 20.0 63.987 50
195436 15.75 20.0 63.862 50
195507 15.75 20.0 63.675 50
195537 16.062 20.0 63.425 50
195608 16.062 20.0 63.175 50
195638 16.062 20.0 62.8 50
195708 16.062 20.0 62.362 50
195738 16.062 20.0 61.8 50
195808 16.5 20.0 61.112 50
195839 16.5 20.0 60.3 50
195910 16.5 20.0 59.425 0
195940 16.5 20.0 58.8 0
200010 16.5 20.0 58.362 0
200041 16.937 20.0 58.05 0
200111 16.937 20.0 57.862 0
200141 16.937 20.0 57.737 0
200212 16.937 20.0 57.612 0
200243 16.937 20.0 57.55 0
200313 17.25 20.0 57.487 0
200344 17.25 20.0 57.425 0
200414 17.25 20.0 57.362 0
200444 17.25 20.0 57.362 0
200514 17.25 20.0 57.3 0
200544 17.437 20.0 57.237 0
200615 17.437 20.0 57.237 0
200645 17.437 20.0 57.237 0
200716 17.437 20.0 57.237 0
200746 17.437 20.0 57.237 0
200816 17.562 20.0 57.3 0
200846 17.562 20.0 57.425 0
200916 17.562 20.0 57.55 0
200947 17.562 20.0 57.675 0
201017 17.562 20.0 57.862 0
201048 17.687 20.0 58.05 0
201118 17.687 20.0 58.3 0
201149 17.687 20.0 58.612 0
201219 17.687 20.0 58.862 0
201249 17.687 20.0 59.05 0
201319 17.687 20.0 59.237 0
201350 17.687 20.0 59.487 0
201420 17.687 20.0 59.925 0
201450 17.687 20.0 60.55 50
201521 17.687 20.0 61.362 50
201551 17.75 20.0 62.112 50
201622 17.75 20.0 62.675 50
201652 17.75 20.0 63.112 50
201722 17.75 20.0 63.425 50
201752 17.75 20.0 63.612 50
201823 17.812 20.0 63.737 50
201854 17.812 20.0 63.862 50
201924 17.812 20.0 63.987 50
201955 17.812 20.0 64.05 50
202025 17.812 20.0 64.112 50
202055 17.937 20.0 64.112 50
202126 17.937 20.0 64.175 50
202156 17.937 20.0 64.112 50
202226 17.937 20.0 64.112 50
202256 17.937 20.0 64.05 50
202326 18.25 20.0 63.987 50
202356 18.25 20.0 63.862 50
202427 18.25 20.0 63.737 50
202457 18.25 20.0 63.362 50
202527 18.25 20.0 62.675 50
202557 18.5 20.0 61.487 50
202627 18.5 20.0 59.8 0
202657 18.5 20.0 57.987 0
202728 18.5 20.0 56.8 0
202759 18.5 20.0 55.987 0
202829 18.812 20.0 55.55 0
202859 18.812 20.0 55.175 0
202930 18.812 20.0 54.987 0
203000 18.812 20.0 54.862 0
203031 18.812 20.0 54.737 0
203102 18.875 20.0 54.55 0
203132 18.875 20.0 54.237 0
203202 18.875 20.0 54.175 0
203233 18.875 20.0 54.362 0
203304 18.875 20.0 54.675 0
203334 18.937 20.0 55.237 0
203404 18.937 20.0 56.05 0
203434 18.937 20.0 56.925 0
203504 18.937 20.0 57.987 0
203535 18.937 20.0 59.175 0
203605 19.0 20.0 60.362 50
203636 19.0 20.0 61.55 50
203706 19.0 20.0 62.612 50
203736 19.0 20.0 63.55 50
203806 19.0 20.0 64.237 50
203837 18.937 20.0 64.675 50
203907 18.937 20.0 64.987 50
203937 18.937 20.0 65.175 50
204007 18.937 20.0 65.362 50
204039 18.937 20.0 65.487 50
204110 18.937 20.0 65.55 50
204140 18.937 20.0 65.612 50
204211 18.937 20.0 65.675 50
204242 18.937 20.0 65.737 50
204312 18.875 20.0 65.737 50
204342 18.875 20.0 65.737 50
204412 18.875 20.0 65.737 50
204443 18.875 20.0 65.737 50
204514 18.875 20.0 65.675 50
204544 19.0 20.0 65.612 50
204615 19.0 20.0 65.55 50
204645 19.0 20.0 65.425 50
204715 19.0 20.0 65.175 50
204745 19.0 20.0 64.612 50
204815 19.125 20.0 63.737 50
204845 19.125 20.0 62.425 50
204915 19.125 20.0 60.862 50
204946 19.125 20.0 58.987 0
205016 19.125 20.0 57.487 0
205046 19.312 20.0 56.487 0
205117 19.312 20.0 55.862 50
205147 19.312 20.0 55.112 50
205217 19.312 20.0 54.175 50
205248 19.312 20.0 53.175 0
205318 19.312 20.0 52.612 0
205348 19.312 20.0 52.487 0
205418 19.312 20.0 52.675 0
205448 19.312 20.0 53.175 0
205519 19.312 20.0 53.925 0
205549 19.375 20.0 54.8 50
205620 19.375 20.0 55.675 50
205650 19.375 20.0 56.675 50
205720 19.375 20.0 57.737 50
205750 19.375 20.0 58.675 50
205820 19.25 20.0 59.675 50
205850 19.25 20.0 60.675 50
205921 19.25 20.0 61.55 50
205951 19.25 20.0 62.425 50
210021 19.25 20.0 63.05 50
210052 19.312 20.0 63.487 50
210122 19.312 20.0 63.8 50
210152 19.312 20.0 63.987 50
210222 19.312 20.0 64.175 50
210252 19.312 20.0 64.3 50
210322 19.312 20.0 64.362 50
210352 19.312 20.0 64.425 50
210423 19.312 20.0 64.487 50
210453 19.312 20.0 64.487 50
210524 19.312 20.0 64.55 50
210554 19.375 20.0 64.55 50
210625 19.375 20.0 64.487 50
210655 19.375 20.0 64.487 50
210725 19.375 20.0 64.425 50
210755 19.375 20.0 64.3 50
210825 19.375 20.0 64.237 50
210855 19.375 20.0 64.05 50
210926 19.375 20.0 63.737 50
210956 19.375 20.0 63.237 50
211026 19.375 20.0 62.487 50
211057 19.5 20.0 61.487 50
211127 19.5 20.0 60.3 50
211157 19.5 20.0 58.925 50
211227 19.5 20.0 57.425 50
211257 19.5 20.0 56.175 50
211327 19.562 20.0 55.175 50
211357 19.562 20.0 54.425 50
211428 19.562 20.0 53.862 0
211458 19.562 20.0 53.487 0
211528 19.562 20.0 53.362 0
211559 19.625 20.0 53.362 0
211629 19.625 20.0 53.737 0
211659 19.625 20.0 54.362 50
211729 19.625 20.0 55.237 50
211800 19.625 20.0 56.112 50
211830 19.5 20.0 56.987 50
211900 19.5 20.0 57.925 50
211930 19.5 20.0 58.862 50
212000 19.5 20.0 59.8 50
212030 19.5 20.0 60.737 50
212101 19.5 20.0 61.612 50
212131 19.5 20.0 62.487 50
212201 19.5 20.0 63.175 50
212231 19.5 20.0 63.675 50
212301 19.5 20.0 63.987 50
212332 19.437 20.0 64.237 50
212402 19.437 20.0 64.425 50
212432 19.437 20.0 64.55 50
212502 19.437 20.0 64.675 50
212533 19.437 20.0 64.737 50
212603 19.562 20.0 64.8 50
212633 19.562 20.0 64.862 50
212703 19.562 20.0 64.862 50
212733 19.562 20.0 64.862 50
212804 19.562 20.0 64.862 50
212834 19.625 20.0 64.8 50
212904 19.625 20.0 64.8 50
212935 19.625 20.0 64.737 50
213005 19.625 20.0 64.612 50
213035 19.625 20.0 64.487 50
213105 19.625 20.0 64.237 50
213135 19.625 20.0 63.862 50
213206 19.625 20.0 63.237 50
213236 19.625 20.0 62.425 50
213307 19.625 20.0 61.362 50
213337 19.687 20.0 60.175 50
213408 19.687 20.0 58.987 50
213438 19.687 20.0 57.862 50
213508 19.687 20.0 56.675 50
213538 19.687 20.0 55.612 50
213608 19.75 20.0 54.8 50
213639 19.75 20.0 54.175 50
213709 19.75 20.0 53.737 0
213739 19.75 20.0 53.487 0
213809 19.75 20.0 53.487 0
213839 19.812 20.0 53.612 0
213910 19.812 20.0 54.05 50
213940 19.812 20.0 54.675 50
214010 19.812 20.0 55.612 50
214040 19.812 20.0 56.675 50
214110 19.812 20.0 57.675 50
214141 19.812 20.0 58.737 50
214212 19.812 20.0 59.737 50
214243 19.812 20.0 60.737 50
214313 19.812 20.0 61.612 50
214343 19.75 20.0 62.425 50
214413 19.75 20.0 63.05 50
214444 19.75 20.0 63.487 50
214514 19.75 20.0 63.862 50
214544 19.75 20.0 64.05 50
214615 19.75 20.0 64.237 50
214645 19.75 20.0 64.362 50
214716 19.75 20.0 64.487 50
214746 19.75 20.0 64.612 50
214816 19.75 20.0 64.675 50
214846 19.75 20.0 64.675 50
214916 19.75 20.0 64.737 50
214946 19.75 20.0 64.737 50
215017 19.75 20.0 64.737 50
215049 19.812 20.0 64.675 50
215120 19.812 20.0 64.612 50
215150 19.812 20.0 64.55 50
215221 19.812 20.0 64.425 50
215251 19.812 20.0 64.237 50
215322 19.812 20.0 63.925 50
215352 19.812 20.0 63.425 50
215423 19.812 16.0 62.675 50
215453 19.812 16.0 61.862 0
215523 19.812 16.0 61.3 0
215553 20.125 16.0 60.925 0
215624 20.125 16.0 60.487 0
215654 20.125 16.0 59.925 0
215724 20.125 16.0 59.362 0
215754 20.125 16.0 58.862 0
215825 20.437 16.0 58.612 0
215855 20.437 16.0 58.425 0
215925 20.437 16.0 58.237 0
215956 20.437 16.0 58.175 0
220026 20.437 16.0 58.05 0
220056 20.625 16.0 57.987 0
220127 20.625 16.0 57.987 0
220157 20.625 16.0 57.925 0
220227 20.625 16.0 57.862 0
220257 20.625 16.0 57.862 0
220327 20.625 16.0 57.8 0
220357 20.625 16.0 57.8 0
220428 20.625 16.0 57.737 0
220458 20.625 16.0 57.675 0
220529 20.625 16.0 57.675 0
220559 20.625 16.0 57.612 0
220629 20.625 16.0 57.55 0
220659 20.625 16.0 57.55 0
220729 20.625 16.0 57.487 0
220759 20.625 16.0 57.487 0
220830 20.562 16.0 57.425 0
220900 20.562 16.0 57.362 0
220930 20.562 16.0 57.362 0
221000 20.562 16.0 57.3 0
221030 20.562 16.0 57.3 0
221101 20.5 16.0 57.237 0
221131 20.5 16.0 57.175 0
221201 20.5 16.0 57.112 0
221231 20.5 16.0 57.112 0
221302 20.5 16.0 57.05 0
221332 20.5 16.0 57.112 0
221402 20.5 16.0 57.362 0
221432 20.5 16.0 57.925 0
221502 20.5 16.0 58.675 0
221533 20.5 16.0 59.675 0
221603 20.5 16.0 60.612 0
221634 20.5 16.0 61.737 0
221704 20.5 16.0 62.8 0
221734 20.5 16.0 63.675 0
221804 20.5 16.0 64.425 0
221834 20.687 16.0 64.987 0
221905 20.687 16.0 65.425 0
221935 20.687 16.0 65.8 0
222005 20.687 16.0 66.112 0
222035 20.687 16.0 66.3 0
222105 20.812 16.0 66.487 0
222136 20.812 16.0 66.612 0
222207 20.812 16.0 66.737 0
222237 20.812 16.0 66.8 0
222307 20.812 16.0 66.8 0
222338 20.812 16.0 66.862 0
222408 20.812 16.0 66.925 0
222439 20.812 16.0 66.925 0
222509 20.812 16.0 66.987 0
222539 20.812 16.0 66.987 0
222609 20.875 16.0 67.05 0
222639 20.875 16.0 67.05 0
222709 20.875 16.0 67.05 0
222739 20.875 16.0 67.112 0
222810 20.875 16.0 67.112 0
222840 20.875 16.0 67.112 0
222910 20.875 16.0 67.175 0
222940 20.875 16.0 67.175 0
223010 20.875 16.0 67.175 0
223040 20.875 16.0 67.175 0
223111 20.875 16.0 67.175 0
223141 20.875 16.0 67.175 0
223211 20.875 16.0 67.237 0
223242 20.875 16.0 67.237 0
223312 20.875 16.0 67.237 0
223343 20.812 16.0 67.237 0
223413 20.812 16.0 67.3 0
223443 20.812 16.0 67.3 0
223513 20.812 16.0 67.3 0
223543 20.812 16.0 67.3 0
223614 20.812 16.0 67.3 0
223644 20.812 16.0 67.3 0
223714 20.812 16.0 67.3 0
223745 20.812 16.0 67.3 0
223815 20.812 16.0 67.3 0
223846 20.812 16.0 67.3 0
223916 20.812 16.0 67.3 0
223947 20.812 16.0 67.3 0
224017 20.812 16.0 67.3 0
224048 20.812 16.0 67.3 0
224118 20.75 16.0 67.3 0
224148 20.75 16.0 67.3 0
224218 20.75 16.0 67.362 0
224249 20.75 16.0 67.362 0
224320 20.75 16.0 67.3 0
224350 20.812 16.0 67.3 0
224421 20.812 16.0 67.3 0
224451 20.812 16.0 67.3 0
224521 20.812 16.0 67.3 0
224552 20.812 16.0 67.3 0
224622 20.812 16.0 67.3 0
224652 20.812 16.0 67.3 0
224722 20.812 16.0 67.3 0
224753 20.812 16.0 67.3 0
224823 20.812 16.0 67.3 0
224853 20.75 16.0 67.3 0
224923 20.75 16.0 67.3 0
224954 20.75 16.0 67.3 0
225025 20.75 16.0 67.3 0
225057 20.75 16.0 67.3 0
225127 20.75 16.0 67.3 0
225157 20.75 16.0 67.237 0
225228 20.75 16.0 67.237 0
225258 20.75 16.0 67.237 0
225329 20.812 16.0 67.237 0
225359 20.812 16.0 67.237 0
225429 20.812 16.0 67.237 0
225500 20.812 16.0 67.175 0
225530 20.812 16.0 67.175 0
225600 20.75 16.0 67.175 0
225630 20.75 16.0 67.175 0
225701 20.75 16.0 67.175 0
225731 20.75 16.0 67.175 0
225802 20.75 16.0 67.112 0
225832 20.812 16.0 67.112 0
225902 20.812 16.0 67.112 0
225933 20.812 16.0 67.112 0
230003 20.812 10.0 67.112 0
230033 20.812 10.0 67.05 0
230104 20.75 10.0 67.05 0
230135 20.75 10.0 67.05 0
230205 20.75 10.0 67.05 0
230235 20.75 10.0 66.987 0
230305 20.75 10.0 66.987 0
230335 20.75 10.0 66.987 0
230405 20.75 10.0 66.925 0
230436 20.75 10.0 66.925 0
230506 20.75 10.0 66.925 0
230536 20.75 10.0 66.925 0
230606 20.75 10.0 66.925 0
230636 20.75 10.0 66.925 0
230707 20.75 10.0 66.862 0
230737 20.75 10.0 66.862 0
230807 20.75 10.0 66.862 0
230837 20.75 10.0 66.8 0
230908 20.75 10.0 66.8 0
230938 20.75 10.0 66.8 0
231008 20.75 10.0 66.8 0
231038 20.75 10.0 66.737 0
231108 20.75 10.0 66.737 0
231138 20.75 10.0 66.737 0
231209 20.75 10.0 66.675 0
231239 20.75 10.0 66.675 0
231309 20.75 10.0 66.675 0
231339 20.75 10.0 66.612 0
231410 20.75 10.0 66.612 0
231440 20.75 10.0 66.612 0
231510 20.75 10.0 66.55 0
231541 20.75 10.0 66.55 0
231611 20.75 10.0 66.55 0
231642 20.75 10.0 66.55 0
231713 20.75 10.0 66.487 0
231743 20.75 10.0 66.487 0
231813 20.75 10.0 66.487 0
231844 20.812 10.0 66.487 0
231914 20.812 10.0 66.487 0
231945 20.812 10.0 66.55 0
232015 20.812 10.0 66.612 0
232046 20.812 10.0 66.675 0
232116 20.812 10.0 66.675 0
232146 20.812 10.0 66.737 0
232216 20.812 10.0 66.737 0
232246 20.812 10.0 66.737 0
232316 20.812 10.0 66.737 0
232346 20.812 10.0 66.737 0
232417 20.812 10.0 66.737 0
232447 20.812 10.0 66.737 0
232517 20.812 10.0 66.737 0
232548 20.812 10.0 66.737 0
232619 20.812 10.0 66.737 0
232649 20.812 10.0 66.737 0
232719 20.812 10.0 66.737 0
232749 20.812 10.0 66.737 0
232819 20.812 10.0 66.737 0
232849 20.812 10.0 66.675 0
232920 20.812 10.0 66.675 0
232950 20.812 10.0 66.675 0
233020 20.812 10.0 66.675 0
233051 20.812 10.0 66.675 0
233121 20.812 10.0 66.675 0
233152 20.812 10.0 66.675 0
233222 20.812 10.0 66.612 0
233252 20.812 10.0 66.612 0
233322 20.812 10.0 66.612 0
233352 20.812 10.0 66.612 0
233423 20.812 10.0 66.55 0
233453 20.812 10.0 66.55 0
233523 20.812 10.0 66.55 0
233554 20.812 10.0 66.55 0
233624 20.812 10.0 66.487 0
233654 20.812 10.0 66.487 0
233724 20.812 10.0 66.487 0
233754 20.812 10.0 66.425 0
233824 20.812 10.0 66.425 0
233855 20.812 10.0 66.425 0
233926 20.812 10.0 66.425 0
233956 20.812 10.0 66.362 0
234026 20.812 10.0 66.362 0
234056 20.812 10.0 66.362 0
234127 20.875 10.0 66.362 0
234157 20.875 10.0 66.362 0
234227 20.875 10.0 66.3 0
234257 20.875 10.0 66.3 0
234328 20.875 10.0 66.3 0
234358 20.812 10.0 66.3 0
234428 20.812 10.0 66.237 0
234458 20.812 10.0 66.237 0
234528 20.812 10.0 66.237 0
234559 20.812 10.0 66.175 0
234629 20.812 10.0 66.175 0
234700 20.812 10.0 66.175 0
234730 20.812 10.0 66.175 0
234800 20.812 10.0 66.112 0
234830 20.812 10.0 66.112 0
234900 20.812 10.0 66.112 0
234931 20.812 10.0 66.05 0
235001 20.812 10.0 66.05 0
235031 20.812 10.0 66.05 0
235101 20.812 10.0 66.05 0
235132 20.875 10.0 65.987 0
235202 20.875 10.0 65.987 0
235232 20.875 10.0 65.987 0
235303 20.875 10.0 65.925 0
235336 20.875 10.0 65.925 0
235406 20.875 10.0 65.925 0
235436 20.875 10.0 65.862 0
235506 20.875 10.0 65.862 0
235536 20.875 10.0 65.8 0
235606 20.875 10.0 65.8 0
235637 20.875 10.0 65.737 0
235707 20.875 10.0 65.737 0
235737 20.875 10.0 65.675 0
235808 20.875 10.0 65.675 0
235838 20.937 10.0 65.675 0
