235912 16.875 10.0 66.925 0
235943 16.875 10.0 66.925 0
000013 16.875 10.0 66.925 0
000043 16.875 10.0 66.925 0
000114 16.875 10.0 66.862 0
000145 16.875 10.0 66.862 0
000216 16.875 10.0 66.862 0
000246 16.812 10.0 66.8 0
000317 16.812 10.0 66.8 0
000347 16.812 10.0 66.8 0
000417 16.812 10.0 66.737 0
000450 16.812 10.0 66.737 0
000521 16.812 10.0 66.737 0
000551 16.812 10.0 66.737 0
000621 16.812 10.0 66.737 0
000652 16.812 10.0 66.675 0
000722 16.875 10.0 66.675 0
000753 16.875 10.0 66.675 0
000824 16.875 10.0 66.612 0
000854 16.875 10.0 66.612 0
000924 16.875 10.0 66.612 0
000955 16.812 10.0 66.55 0
001026 16.812 10.0 66.55 0
001056 16.812 10.0 66.487 0
001127 16.812 10.0 66.487 0
001158 16.812 10.0 66.487 0
001228 16.812 10.0 66.55 0
001259 16.812 10.0 66.55 0
001330 16.812 10.0 66.55 0
001401 16.812 10.0 66.612 0
001431 16.812 10.0 66.612 0
001502 16.812 10.0 66.612 0
001533 16.812 10.0 66.55 0
001603 16.812 10.0 66.55 0
001634 16.812 10.0 66.55 0
001704 16.812 10.0 66.55 0
001735 16.75 10.0 66.487 0
001805 16.75 10.0 66.487 0
001836 16.75 10.0 66.487 0
001906 16.75 10.0 66.425 0
001937 16.75 10.0 66.425 0
002007 16.75 10.0 66.425 0
002038 16.75 10.0 66.425 0
002109 16.75 10.0 66.362 0
002140 16.75 10.0 66.362 0
002210 16.75 10.0 66.362 0
002240 16.75 10.0 66.362 0
002311 16.75 10.0 66.3 0
002341 16.75 10.0 66.3 0
002412 16.75 10.0 66.3 0
002442 16.75 10.0 66.237 0
002513 16.687 10.0 66.237 0
002544 16.687 10.0 66.237 0
002614 16.687 10.0 66.237 0
002645 16.687 10.0 66.237 0
002716 16.687 10.0 66.175 0
002747 16.625 10.0 66.175 0
002817 16.625 10.0 66.175 0
002848 16.625 10.0 66.112 0
002918 16.625 10.0 66.112 0
002949 16.625 10.0 66.112 0
003019 16.625 10.0 66.112 0
003050 16.625 10.0 66.112 0
003120 16.625 10.0 66.05 0
003151 16.625 10.0 66.05 0
003222 16.625 10.0 65.987 0
003252 16.625 10.0 65.987 0
003323 16.625 10.0 65.987 0
003354 16.625 10.0 65.925 0
003424 16.625 10.0 65.862 0
003455 16.562 10.0 65.862 0
003526 16.562 10.0 65.862 0
003557 16.562 10.0 65.8 0
003628 16.562 10.0 65.737 0
003658 16.562 10.0 65.737 0
003729 16.562 10.0 65.675 0
003800 16.562 10.0 65.675 0
003830 16.562 10.0 65.675 0
003901 16.562 10.0 65.612 0
003932 16.562 10.0 65.612 0
004002 16.5 10.0 65.55 0
004033 16.5 10.0 65.55 0
004103 16.5 10.0 65.55 0
004134 16.5 10.0 65.487 0
004205 16.5 10.0 65.487 0
004235 16.5 10.0 65.425 0
004306 16.5 10.0 65.425 0
004337 16.5 10.0 65.425 0
004407 16.5 10.0 65.362 0
004438 16.5 10.0 65.362 0
004508 16.5 10.0 65.3 0
004539 16.5 10.0 65.3 0
004609 16.5 10.0 65.3 0
004640 16.5 10.0 65.237 0
004710 16.5 10.0 65.237 0
004741 16.5 10.0 65.175 0
004812 16.5 10.0 65.175 0
004842 16.5 10.0 65.175 0
004912 16.5 10.0 65.112 0
004943 16.5 10.0 65.112 0
005013 16.5 10.0 65.112 0
005043 16.5 10.0 65.05 0
005114 16.5 10.0 65.05 0
005145 16.5 10.0 64.987 0
005215 16.5 10.0 64.987 0
005246 16.437 10.0 64.925 0
005316 16.437 10.0 64.862 0
005347 16.437 10.0 64.8 0
005418 16.437 10.0 64.8 0
005449 16.437 10.0 64.737 0
005519 16.437 10.0 64.675 0
005549 16.437 10.0 64.675 0
005620 16.437 10.0 64.612 0
005651 16.437 10.0 64.612 0
005721 16.437 10.0 64.55 0
005752 16.437 10.0 64.487 0
005822 16.437 10.0 64.487 0
005853 16.437 10.0 64.487 0
005924 16.437 10.0 64.425 0
005957 16.375 10.0 64.425 0
010027 16.375 10.0 64.362 0
010057 16.375 10.0 64.362 0
010128 16.375 10.0 64.3 0
010158 16.375 10.0 64.3 0
010229 16.375 10.0 64.237 0
010300 16.375 10.0 64.237 0
010330 16.375 10.0 64.175 0
010400 16.375 10.0 64.175 0
010431 16.375 10.0 64.112 0
010501 16.375 10.0 64.112 0
010531 16.375 10.0 64.05 0
010602 16.375 10.0 64.05 0
010633 16.375 10.0 63.987 0
010703 16.375 10.0 63.987 0
010734 16.375 10.0 63.925 0
010804 16.375 10.0 63.925 0
010835 16.375 10.0 63.862 0
010905 16.375 10.0 63.862 0
010936 16.375 10.0 63.8 0
011006 16.375 10.0 63.8 0
011037 16.375 10.0 63.737 0
011107 16.375 10.0 63.675 0
011138 16.375 10.0 63.612 0
011209 16.375 10.0 63.487 0
011239 16.375 10.0 63.425 0
011309 16.375 10.0 63.362 0
011340 16.375 10.0 63.362 0
011410 16.375 10.0 63.362 0
011441 16.375 10.0 63.3 0
011511 16.375 10.0 63.3 0
011542 16.375 10.0 63.3 0
011612 16.375 10.0 63.3 0
011642 16.375 10.0 63.3 0
011713 16.375 10.0 63.237 0
011743 16.312 10.0 63.237 0
011814 16.312 10.0 63.237 0
011845 16.312 10.0 63.175 0
011915 16.312 10.0 63.175 0
011946 16.312 10.0 63.112 0
012016 16.312 10.0 63.112 0
012046 16.312 10.0 63.112 0
012117 16.312 10.0 63.05 0
012147 16.312 10.0 63.05 0
012218 16.312 10.0 63.05 0
012249 16.312 10.0 62.987 0
012320 16.312 10.0 62.987 0
012350 16.312 10.0 62.987 0
012420 16.312 10.0 62.925 0
012451 16.312 10.0 62.925 0
012521 16.312 10.0 62.862 0
012551 16.312 10.0 62.862 0
012622 16.312 10.0 62.8 0
012653 16.312 10.0 62.8 0
012723 16.312 10.0 62.737 0
012754 16.312 10.0 62.737 0
012824 16.312 10.0 62.675 0
012855 16.312 10.0 62.675 0
012926 16.312 10.0 62.612 0
012956 16.312 10.0 62.55 0
013027 16.312 10.0 62.487 0
013058 16.312 10.0 62.425 0
013128 16.312 10.0 62.362 0
013159 16.312 10.0 62.3 0
013232 16.25 10.0 62.237 0
013303 16.25 10.0 62.237 0
013333 16.25 10.0 62.175 0
013404 16.25 10.0 62.112 0
013435 16.25 10.0 62.112 0
013505 16.25 10.0 62.05 0
013536 16.25 10.0 62.05 0
013606 16.25 10.0 61.987 0
013637 16.25 10.0 61.925 0
013707 16.25 10.0 61.925 0
013738 16.25 10.0 61.862 0
013808 16.25 10.0 61.862 0
013838 16.25 10.0 61.8 0
013909 16.25 10.0 61.8 0
013939 16.25 10.0 61.675 0
014010 16.25 10.0 61.612 0
014041 16.25 10.0 61.612 0
014111 16.25 10.0 61.612 0
014142 16.25 10.0 61.55 0
014213 16.25 10.0 61.55 0
014244 16.25 10.0 61.487 0
014314 16.25 10.0 61.487 0
014345 16.25 10.0 61.425 0
014416 16.25 10.0 61.425 0
014446 16.25 10.0 61.362 0
014517 16.25 10.0 61.3 0
014547 16.25 10.0 61.3 0
014618 16.25 10.0 61.237 0
014649 16.25 10.0 61.175 0
014719 16.25 10.0 61.112 0
014750 16.25 10.0 60.987 0
014820 16.25 10.0 60.862 0
014851 16.25 10.0 60.737 0
014922 16.25 10.0 60.612 0
014952 16.25 10.0 60.55 0
015023 16.25 10.0 60.487 0
015054 16.25 10.0 60.425 0
015124 16.25 10.0 60.362 0
015155 16.25 10.0 60.362 0
015226 16.25 10.0 60.3 0
015256 16.25 10.0 60.237 0
015327 16.25 10.0 60.237 0
015358 16.25 10.0 60.175 0
015428 16.25 10.0 60.112 0
015459 16.25 10.0 60.112 0
015530 16.187 10.0 60.05 0
015600 16.187 10.0 60.05 0
015631 16.187 10.0 59.987 0
015702 16.187 10.0 59.925 0
015732 16.187 10.0 59.925 0
015803 16.187 10.0 59.862 0
015833 16.187 10.0 59.8 0
015904 16.187 10.0 59.8 0
015934 16.187 10.0 59.737 0
020006 16.187 10.0 59.737 0
020036 16.187 10.0 59.675 0
020107 16.187 10.0 59.675 0
020138 16.187 10.0 59.612 0
020208 16.187 10.0 59.55 0
020238 16.187 10.0 59.55 0
020309 16.187 10.0 59.487 0
020339 16.187 10.0 59.487 0
020409 16.187 10.0 59.362 0
020440 16.187 10.0 59.237 0
020511 16.187 10.0 59.05 0
020541 16.187 10.0 58.862 0
020611 16.187 10.0 58.737 0
020642 16.187 10.0 58.675 0
020713 16.187 10.0 58.612 0
020743 16.187 10.0 58.55 0
020814 16.187 10.0 58.487 0
020844 16.187 10.0 58.425 0
020915 16.187 10.0 58.362 0
020946 16.187 10.0 58.362 0
021016 16.187 10.0 58.3 0
021047 16.187 10.0 58.237 0
021118 16.187 10.0 58.237 0
021148 16.187 10.0 58.175 0
021219 16.187 10.0 58.175 0
021250 16.187 10.0 58.112 0
021321 16.187 10.0 58.05 0
021351 16.187 10.0 58.05 0
021421 16.187 10.0 57.987 0
021452 16.187 10.0 57.987 0
021523 16.187 10.0 57.987 0
021554 16.187 10.0 57.987 0
021624 16.187 10.0 57.987 0
021654 16.187 10.0 57.925 0
021725 16.187 10.0 57.925 0
021756 16.187 10.0 57.925 0
021826 16.187 10.0 57.925 0
021857 16.187 10.0 57.925 0
021928 16.187 10.0 57.862 0
021958 16.187 10.0 57.862 0
022029 16.125 10.0 57.8 0
022059 16.125 10.0 57.737 0
022130 16.125 10.0 57.675 0
022201 16.125 10.0 57.55 0
022231 16.125 10.0 57.487 0
022302 16.187 10.0 57.425 0
022332 16.187 10.0 57.425 0
022403 16.187 10.0 57.362 0
022434 16.187 10.0 57.3 0
022505 16.187 10.0 57.237 0
022535 16.187 10.0 57.237 0
022605 16.187 10.0 57.175 0
022636 16.187 10.0 57.112 0
022706 16.187 10.0 57.05 0
022739 16.125 10.0 57.112 0
022810 16.125 10.0 57.05 0
022840 16.125 10.0 57.05 0
022911 16.125 10.0 56.987 0
022942 16.125 10.0 56.987 0
023012 16.125 10.0 56.925 0
023043 16.125 10.0 56.925 0
023113 16.125 10.0 56.925 0
023144 16.125 10.0 56.925 0
023215 16.125 10.0 56.987 0
023245 16.125 10.0 57.112 0
023315 16.125 10.0 57.425 0
023346 16.125 10.0 57.862 0
023417 16.125 10.0 58.612 0
023447 16.125 10.0 59.487 0
023518 16.125 10.0 60.55 0
023548 16.125 10.0 61.55 0
023618 16.125 10.0 62.55 0
023649 16.125 10.0 63.237 0
023720 16.125 10.0 63.8 0
023750 16.062 10.0 64.237 0
023821 16.062 10.0 64.55 0
023852 16.062 10.0 64.737 0
023922 16.062 10.0 64.925 0
023953 16.062 10.0 65.05 0
024023 16.125 10.0 65.175 0
024054 16.125 10.0 65.237 0
024125 16.125 10.0 65.362 0
024155 16.125 10.0 65.425 0
024226 16.125 10.0 65.487 0
024256 16.062 10.0 65.55 0
024327 16.062 10.0 65.675 0
024358 16.062 10.0 65.737 0
024428 16.062 10.0 65.8 0
024459 16.062 10.0 65.862 0
024529 16.062 10.0 65.925 0
024600 16.062 10.0 65.987 0
024630 16.062 10.0 66.05 0
024701 16.062 10.0 66.112 0
024732 16.062 10.0 66.112 0
024802 16.062 10.0 66.175 0
024833 16.062 10.0 66.237 0
024904 16.062 10.0 66.3 0
024934 16.062 10.0 66.237 0
025004 16.062 10.0 66.3 0
025035 16.062 10.0 66.362 0
025105 16.062 10.0 66.425 0
025136 16.062 10.0 66.425 0
025207 16.062 10.0 66.487 0
025238 16.062 10.0 66.55 0
025308 16.062 10.0 66.55 0
025339 16.062 10.0 66.55 0
025410 16.062 10.0 66.612 0
025440 16.062 10.0 66.675 0
025512 16.062 10.0 66.675 0
025543 16.062 10.0 66.675 0
025613 16.062 10.0 66.675 0
025643 16.062 10.0 66.675 0
025714 16.062 10.0 66.675 0
025745 16.062 10.0 66.675 0
025816 16.062 10.0 66.675 0
025846 16.062 10.0 66.675 0
025917 16.062 10.0 66.675 0
025948 16.062 10.0 66.675 0
030018 16.062 10.0 66.675 0
030049 16.062 10.0 66.737 0
030120 16.062 10.0 66.737 0
030150 16.062 10.0 66.737 0
030220 16.062 10.0 66.737 0
030250 16.062 10.0 66.675 0
030321 16.062 10.0 66.737 0
030352 16.062 10.0 66.675 0
030422 16.062 10.0 66.675 0
030453 16.062 10.0 66.675 0
030524 16.062 10.0 66.675 0
030555 16.062 10.0 66.675 0
030625 16.062 10.0 66.737 0
030656 16.062 10.0 66.675 0
030727 16.062 10.0 66.675 0
030757 16.0 10.0 66.675 0
030827 16.0 10.0 66.675 0
030858 16.0 10.0 66.612 0
030928 16.0 10.0 66.612 0
030958 16.0 10.0 66.612 0
031028 16.062 10.0 66.612 0
031059 16.062 10.0 66.612 0
031130 16.062 10.0 66.612 0
031201 16.062 10.0 66.55 0
031231 16.062 10.0 66.55 0
031301 16.0 10.0 66.55 0
031332 16.0 10.0 66.55 0
031402 16.0 10.0 66.55 0
031433 16.0 10.0 66.55 0
031504 16.0 10.0 66.487 0
031534 16.0 10.0 66.487 0
031604 16.0 10.0 66.487 0
031635 16.0 10.0 66.487 0
031705 16.0 10.0 66.425 0
031736 16.0 10.0 66.425 0
031806 16.0 10.0 66.425 0
031837 16.0 10.0 66.425 0
031907 16.0 10.0 66.362 0
031938 16.0 10.0 66.362 0
032009 16.0 10.0 66.362 0
032039 16.0 10.0 66.362 0
032109 16.0 10.0 66.3 0
032140 16.0 10.0 66.3 0
032210 16.0 10.0 66.3 0
032241 16.0 10.0 66.3 0
032312 15.937 10.0 66.237 0
032342 15.937 10.0 66.237 0
032413 15.937 10.0 66.237 0
032443 15.937 10.0 66.237 0
032516 16.0 10.0 66.175 0
032547 16.0 10.0 66.175 0
032617 16.0 10.0 66.112 0
032648 16.0 10.0 66.112 0
032718 16.0 10.0 66.112 0
032749 16.0 10.0 66.112 0
032820 16.0 10.0 66.112 0
032851 16.0 10.0 66.05 0
032921 16.0 10.0 66.05 0
032951 16.0 10.0 65.987 0
033022 16.0 10.0 65.987 0
033052 16.0 10.0 65.925 0
033123 16.0 10.0 65.925 0
033154 16.0 10.0 65.925 0
033225 16.0 10.0 65.925 0
033255 15.937 10.0 65.862 0
033326 15.937 10.0 65.862 0
033357 15.937 10.0 65.8 0
033427 15.937 10.0 65.862 0
033458 15.937 10.0 65.8 0
033529 15.937 10.0 65.8 0
033559 15.937 10.0 65.737 0
033630 15.937 10.0 65.737 0
033701 15.937 10.0 65.737 0
033731 15.937 10.0 65.675 0
033801 15.937 10.0 65.675 0
033832 15.937 10.0 65.675 0
033903 15.937 10.0 65.737 0
033934 15.937 10.0 65.8 0
034004 15.937 10.0 65.8 0
034035 15.937 10.0 65.8 0
034105 15.937 10.0 65.8 0
034136 15.937 10.0 65.8 0
034207 15.937 10.0 65.8 0
034237 15.937 10.0 65.8 0
034308 15.937 10.0 65.8 0
034338 15.937 10.0 65.8 0
034408 15.937 10.0 65.8 0
034439 15.937 10.0 65.8 0
034510 15.937 10.0 65.737 0
034541 15.937 10.0 65.737 0
034611 15.937 10.0 65.737 0
034642 15.937 10.0 65.737 0
034713 15.937 10.0 65.737 0
034743 15.937 10.0 65.737 0
034814 15.875 10.0 65.675 0
034844 15.875 10.0 65.675 0
034914 15.875 10.0 65.675 0
034945 15.875 10.0 65.675 0
035015 15.875 10.0 65.612 0
035046 15.875 10.0 65.612 0
035117 15.875 10.0 65.612 0
035148 15.875 10.0 65.612 0
035218 15.875 10.0 65.55 0
035251 15.937 10.0 65.55 0
035321 15.937 10.0 65.55 0
035351 15.937 10.0 65.487 0
035421 15.937 10.0 65.487 0
035452 15.937 10.0 65.425 0
035522 15.875 10.0 65.425 0
035553 15.875 10.0 65.425 0
035624 15.875 10.0 65.425 0
035654 15.875 10.0 65.362 0
035725 15.875 10.0 65.362 0
035755 15.875 10.0 65.362 0
035826 15.875 10.0 65.362 0
035857 15.875 10.0 65.3 0
035927 15.875 10.0 65.3 0
035958 15.875 10.0 65.3 0
040029 15.875 10.0 65.237 0
040059 15.875 10.0 65.237 0
040130 15.875 10.0 65.237 0
040201 15.875 10.0 65.175 0
040231 15.875 10.0 65.175 0
040302 15.875 10.0 65.112 0
040332 15.875 10.0 65.112 0
040402 15.875 10.0 65.112 0
040433 15.875 10.0 65.05 0
040504 15.875 10.0 65.05 0
040534 15.875 10.0 65.05 0
040605 15.875 10.0 64.987 0
040635 15.875 10.0 64.987 0
040705 15.875 10.0 64.987 0
040736 15.875 10.0 64.925 0
040807 15.875 10.0 64.925 0
040837 15.875 10.0 64.925 0
040908 15.875 10.0 64.862 0
040938 15.875 10.0 64.862 0
041009 15.875 10.0 64.8 0
041040 15.875 10.0 64.8 0
041110 15.875 10.0 64.737 0
041141 15.875 10.0 64.737 0
041212 15.875 10.0 64.675 0
041242 15.875 10.0 64.612 0
041312 15.875 10.0 64.612 0
041343 15.875 10.0 64.55 0
041414 15.875 10.0 64.55 0
041444 15.875 10.0 64.55 0
041514 15.875 10.0 64.487 0
041545 15.875 10.0 64.487 0
041615 15.875 10.0 64.487 0
041646 15.875 10.0 64.425 0
041716 15.875 10.0 64.425 0
041747 15.875 10.0 64.362 0
041818 15.812 10.0 64.362 0
041848 15.812 10.0 64.362 0
041919 15.812 10.0 64.3 0
041950 15.812 10.0 64.237 0
042021 15.812 10.0 64.237 0
042051 15.812 10.0 64.237 0
042122 15.812 10.0 64.175 0
042152 15.812 10.0 64.175 0
042223 15.812 10.0 64.112 0
042255 15.812 10.0 64.112 0
042326 15.812 10.0 64.05 0
042356 15.812 10.0 64.05 0
042427 15.812 10.0 63.987 0
042458 15.812 10.0 63.987 0
042528 15.812 10.0 63.987 0
042559 15.812 10.0 63.925 0
042630 15.812 10.0 63.862 0
042700 15.812 10.0 63.862 0
042731 15.812 10.0 63.8 0
042801 15.812 10.0 63.8 0
042831 15.812 10.0 63.737 0
042902 15.812 10.0 63.737 0
042932 15.812 10.0 63.675 0
043003 15.812 10.0 63.612 0
043034 15.812 10.0 63.55 0
043104 15.812 10.0 63.487 0
043135 15.812 10.0 63.425 0
043206 15.812 10.0 63.425 0
043236 15.812 10.0 63.362 0
043307 15.812 10.0 63.3 0
043337 15.812 10.0 63.3 0
043408 15.812 10.0 63.237 0
043438 15.812 10.0 63.237 0
043509 15.812 10.0 63.175 0
043540 15.812 10.0 63.112 0
043611 15.812 10.0 63.112 0
043641 15.812 10.0 63.05 0
043711 15.812 10.0 63.05 0
043742 15.812 10.0 62.987 0
043812 15.812 10.0 62.987 0
043843 15.812 10.0 62.987 0
043914 15.812 10.0 62.925 0
043944 15.812 10.0 62.925 0
044014 15.812 10.0 62.925 0
044045 15.812 10.0 62.925 0
044116 15.812 10.0 62.925 0
044146 15.812 10.0 62.925 0
044217 15.812 10.0 62.925 0
044247 15.812 10.0 62.925 0
044317 15.812 10.0 62.925 0
044348 15.812 10.0 62.862 0
044419 15.812 10.0 62.862 0
044449 15.812 10.0 62.862 0
044520 15.812 10.0 62.862 0
044550 15.75 10.0 62.8 0
044621 15.75 10.0 62.8 0
044651 15.75 10.0 62.8 0
044722 15.75 10.0 62.737 0
044753 15.75 10.0 62.737 0
044823 15.75 10.0 62.675 0
044853 15.75 10.0 62.675 0
044924 15.75 10.0 62.612 0
044955 15.75 10.0 62.55 0
045028 15.75 10.0 62.487 0
045058 15.75 10.0 62.425 0
045128 15.75 10.0 62.425 0
045159 15.75 10.0 62.362 0
045230 15.75 10.0 62.362 0
045300 15.75 10.0 62.3 0
045331 15.75 10.0 62.3 0
045402 15.75 10.0 62.237 0
045433 15.75 10.0 62.237 0
045503 15.75 10.0 62.175 0
045533 15.75 10.0 62.175 0
045604 15.75 10.0 62.112 0
045634 15.75 10.0 62.05 0
045705 15.75 10.0 62.05 0
045736 15.75 10.0 62.05 0
045806 15.75 10.0 61.987 0
045837 15.75 10.0 61.987 0
045908 15.75 10.0 61.925 0
045938 15.75 10.0 61.925 0
050009 15.75 10.0 61.862 0
050039 15.75 10.0 61.862 0
050110 15.75 10.0 61.8 0
050140 15.75 10.0 61.8 0
050211 15.75 10.0 61.737 0
050241 15.75 10.0 61.737 0
050312 15.75 10.0 61.675 0
050343 15.75 10.0 61.675 0
050413 15.75 10.0 61.612 0
050444 15.75 10.0 61.612 0
050515 15.75 10.0 61.55 0
050545 15.687 10.0 61.55 0
050616 15.687 10.0 61.487 0
050647 15.687 10.0 61.425 0
050717 15.687 10.0 61.3 0
050748 15.687 10.0 61.175 0
050819 15.687 10.0 61.112 0
050849 15.687 10.0 61.05 0
050920 15.687 10.0 60.987 0
050951 15.687 10.0 60.987 0
051021 15.687 10.0 60.925 0
051052 15.687 10.0 60.862 0
051123 15.687 10.0 60.8 0
051153 15.687 10.0 60.8 0
051224 15.687 10.0 60.8 0
051254 15.687 10.0 60.737 0
051325 15.687 10.0 60.675 0
051355 15.687 10.0 60.612 0
051426 15.687 10.0 60.55 0
051457 15.687 10.0 60.55 0
051529 15.687 10.0 60.362 0
051600 15.687 10.0 60.175 0
051631 15.687 10.0 60.237 0
051701 15.687 10.0 60.3 0
051732 15.687 10.0 60.362 0
051803 15.687 10.0 60.362 0
051833 15.687 10.0 60.3 0
051903 15.687 10.0 60.237 0
051934 15.687 10.0 60.237 0
052005 15.687 10.0 60.175 0
052035 15.687 10.0 60.175 0
052106 15.687 10.0 60.175 0
052137 15.687 10.0 60.112 0
052207 15.687 10.0 60.05 0
052238 15.687 10.0 59.987 0
052309 15.687 10.0 59.987 0
052339 15.687 10.0 59.925 0
052410 15.687 10.0 59.8 0
052441 15.687 10.0 59.675 0
052511 15.687 10.0 59.55 0
052542 15.687 10.0 59.362 0
052612 15.687 10.0 59.3 0
052643 15.687 10.0 59.237 0
052713 15.687 10.0 59.175 0
052744 15.687 10.0 59.112 0
052815 15.687 10.0 59.05 0
052845 15.687 10.0 58.987 0
052916 15.687 10.0 58.987 0
052947 15.687 10.0 58.925 0
053017 15.687 10.0 58.862 0
053048 15.625 10.0 58.8 0
053119 15.625 10.0 58.8 0
053149 15.625 10.0 58.737 0
053220 15.625 10.0 58.675 0
053250 15.625 10.0 58.612 0
053321 15.687 10.0 58.612 0
053352 15.687 10.0 58.55 0
053422 15.687 10.0 58.55 0
053453 15.687 10.0 58.55 0
053524 15.687 10.0 58.487 0
053554 15.625 10.0 58.425 0
053625 15.625 10.0 58.425 0
053655 15.625 10.0 58.362 0
053726 15.625 10.0 58.3 0
053757 15.625 10.0 58.3 0
053827 15.625 10.0 58.237 0
053858 15.625 10.0 58.237 0
053929 15.625 10.0 58.175 0
053959 15.625 10.0 58.175 0
054030 15.625 10.0 58.05 0
054100 15.625 10.0 57.987 0
054131 15.625 10.0 57.862 0
054202 15.625 10.0 57.8 0
054232 15.625 10.0 57.675 0
054304 15.625 10.0 57.612 0
054335 15.625 10.0 57.612 0
054405 15.625 10.0 57.487 0
054435 15.625 10.0 57.487 0
054505 15.625 10.0 57.425 0
054536 15.625 10.0 57.425 0
054606 15.625 10.0 57.362 0
054637 15.625 10.0 57.3 0
054707 15.625 10.0 57.3 0
054737 15.625 10.0 57.3 0
054808 15.625 10.0 57.237 0
054839 15.625 10.0 57.237 0
054909 15.625 10.0 57.175 0
054940 15.625 10.0 57.175 0
055010 15.625 10.0 57.175 0
055041 15.625 10.0 57.112 0
055112 15.625 10.0 57.05 0
055142 15.625 10.0 57.05 0
055213 15.625 10.0 57.05 0
055244 15.625 10.0 56.987 0
055315 15.625 10.0 56.987 0
055345 15.625 10.0 56.925 0
055416 15.625 10.0 56.925 0
055446 15.625 10.0 56.925 0
055517 15.625 10.0 56.862 0
055548 15.625 10.0 56.862 0
055618 15.625 10.0 56.862 0
055649 15.625 10.0 56.8 0
055719 15.625 10.0 56.862 0
055750 15.625 10.0 56.925 0
055821 15.625 10.0 57.05 0
055851 15.625 10.0 57.175 0
055922 15.625 10.0 57.55 0
055953 15.625 10.0 58.05 0
060023 15.625 10.0 58.8 0
060054 15.562 10.0 59.737 0
060124 15.562 10.0 60.862 0
060155 15.562 10.0 61.925 0
060225 15.562 10.0 62.987 0
060256 15.562 10.0 63.862 0
060327 15.562 10.0 64.55 0
060357 15.562 10.0 65.05 0
060427 15.562 10.0 65.487 0
060458 15.562 10.0 65.8 0
060529 15.562 10.0 66.05 0
060559 15.562 10.0 66.237 0
060630 15.562 10.0 66.425 0
060701 15.562 10.0 66.55 0
060732 15.562 10.0 66.675 0
060802 15.562 10.0 66.8 0
060833 15.562 10.0 66.862 0
060903 15.562 10.0 66.987 0
060934 15.562 10.0 67.05 0
061004 15.562 10.0 67.175 0
061037 15.562 10.0 67.237 0
061107 15.562 10.0 67.3 0
061138 15.562 10.0 67.362 0
061208 15.562 10.0 67.425 0
061239 15.562 10.0 67.487 0
061310 15.562 10.0 67.55 0
061340 15.562 10.0 67.612 0
061411 15.562 10.0 67.675 0
061441 15.562 10.0 67.675 0
061511 15.562 10.0 67.737 0
061542 15.562 10.0 67.737 0
061613 15.562 10.0 67.8 0
061643 15.562 10.0 67.8 0
061714 15.562 10.0 67.8 0
061744 15.562 10.0 67.8 0
061814 15.562 10.0 67.8 0
061845 15.562 10.0 67.8 0
061916 15.562 10.0 67.8 0
061947 15.562 10.0 67.862 0
062017 15.562 10.0 67.862 0
062047 15.562 10.0 67.862 0
062118 15.562 10.0 67.925 0
062148 15.562 10.0 67.925 0
062219 15.562 10.0 67.925 0
062250 15.562 10.0 67.987 0
062320 15.562 10.0 67.987 0
062351 15.562 10.0 67.987 0
062422 15.562 10.0 67.987 0
062452 15.562 10.0 68.05 0
062523 15.562 10.0 68.05 0
062553 15.562 10.0 68.05 0
062624 15.562 10.0 68.05 0
062655 15.562 10.0 68.05 0
062725 15.562 10.0 68.05 0
062756 15.562 10.0 68.05 0
062826 15.5 10.0 68.05 0
062857 15.5 10.0 68.05 0
062927 15.5 10.0 68.05 0
062958 15.5 10.0 68.05 0
063028 15.5 10.0 68.05 0
063059 15.5 10.0 68.05 0
063130 15.5 10.0 68.05 0
063200 15.5 10.0 68.05 0
063231 15.5 10.0 68.05 0
063301 15.5 10.0 68.05 0
063332 15.5 10.0 68.05 0
063403 15.5 10.0 68.05 0
063433 15.5 10.0 68.05 0
063503 15.5 10.0 68.05 0
063534 15.5 10.0 68.05 0
063604 15.5 10.0 68.05 0
063634 15.5 10.0 68.05 0
063705 15.5 10.0 67.987 0
063736 15.5 10.0 67.987 0
063806 15.5 10.0 67.987 0
063837 15.5 10.0 67.987 0
063908 15.5 10.0 67.925 0
063938 15.5 10.0 67.925 0
064008 15.5 10.0 67.925 0
064040 15.5 10.0 67.925 0
064111 15.5 10.0 67.862 0
064141 15.5 10.0 67.925 0
064212 15.5 10.0 67.925 0
064243 15.5 10.0 67.925 0
064313 16.187 10.0 67.925 0
064344 16.187 10.0 67.925 0
064414 16.187 10.0 67.862 0
064444 16.187 10.0 67.862 0
064515 16.187 10.0 67.862 0
064546 16.875 10.0 67.737 0
064616 16.875 10.0 67.8 0
064647 16.875 10.0 67.8 0
064718 16.875 10.0 67.737 0
064749 16.875 10.0 67.737 0
064819 17.25 10.0 67.737 0
064850 17.25 10.0 67.737 0
064920 17.25 10.0 67.737 0
064951 17.25 10.0 67.737 0
065021 17.25 10.0 67.737 0
065051 17.0 10.0 67.612 0
065122 17.0 10.0 67.612 0
065153 17.0 10.0 67.612 0
065223 17.0 10.0 67.55 0
065254 17.0 10.0 67.55 0
065325 16.812 10.0 67.55 0
065355 16.812 10.0 67.487 0
065425 16.812 10.0 67.487 0
065456 16.812 10.0 67.487 0
065526 16.812 10.0 67.487 0
065557 16.562 10.0 67.487 0
065628 16.562 10.0 67.487 0
065658 16.562 10.0 67.425 0
065729 16.562 10.0 67.425 0
065759 16.562 10.0 67.425 0
065830 16.312 10.0 67.425 0
065901 16.312 10.0 67.362 0
065931 16.312 10.0 67.362 0
070002 16.312 10.0 67.3 0
070033 16.312 10.0 67.3 0
070104 16.187 10.0 67.3 0
070134 16.187 10.0 67.3 0
070204 16.187 10.0 67.237 0
070235 16.187 10.0 67.237 0
070306 16.187 10.0 67.237 0
070336 16.062 10.0 67.175 0
070407 16.062 10.0 67.175 0
070438 16.062 10.0 67.237 0
070508 16.062 10.0 67.237 0
070541 15.937 10.0 67.237 0
070612 15.937 10.0 67.237 0
070642 15.937 10.0 67.3 0
070712 15.937 10.0 67.3 0
070743 15.937 10.0 67.237 0
070813 15.875 10.0 67.237 0
070843 15.875 10.0 67.237 0
070914 15.875 10.0 67.175 0
070944 15.875 10.0 67.175 0
071014 15.875 10.0 67.175 0
071045 15.812 10.0 67.175 0
071115 15.812 10.0 67.175 0
071146 15.812 10.0 67.175 0
071216 15.812 10.0 67.112 0
071246 15.812 10.0 67.112 0
071316 15.812 10.0 67.112 0
071347 15.812 10.0 67.05 0
071418 15.812 10.0 67.05 0
071448 15.812 10.0 67.05 0
071518 15.812 10.0 66.987 0
071549 15.75 10.0 66.987 0
071620 15.75 10.0 66.987 0
071650 15.75 10.0 66.987 0
071721 15.75 10.0 66.987 0
071752 15.75 10.0 66.925 0
071822 15.687 10.0 66.925 0
071853 15.687 10.0 66.925 0
071923 15.687 10.0 66.862 0
071953 15.687 10.0 66.862 0
072024 15.687 10.0 66.862 0
072055 15.687 10.0 66.8 0
072126 15.687 10.0 66.8 0
072156 15.687 10.0 66.8 0
072226 15.687 10.0 66.8 0
072257 15.687 10.0 66.737 0
072328 15.687 10.0 66.737 0
072358 15.687 10.0 66.737 0
072429 15.687 10.0 66.675 0
072459 15.687 10.0 66.675 0
072530 15.687 10.0 66.675 0
072601 15.625 10.0 66.612 0
072631 15.625 10.0 66.612 0
072702 15.625 10.0 66.612 0
072733 15.625 10.0 66.55 0
072803 15.625 10.0 66.55 0
072834 15.625 10.0 66.55 0
072904 15.625 10.0 66.487 0
072935 15.625 10.0 66.487 0
073005 15.625 10.0 66.487 0
073036 15.625 10.0 66.425 0
073106 15.625 10.0 66.425 0
073137 15.625 10.0 66.425 0
073207 15.625 10.0 66.362 0
073238 15.625 10.0 66.362 0
073309 15.625 10.0 66.3 0
073339 15.625 10.0 66.3 0
073410 15.625 10.0 66.237 0
073441 15.625 10.0 66.237 0
073512 15.625 10.0 66.237 0
073542 15.625 10.0 66.175 0
073613 15.625 10.0 66.112 0
073644 15.625 10.0 66.112 0
073714 15.625 10.0 66.05 0
073744 15.625 10.0 66.05 0
073817 15.625 10.0 65.987 0
073848 15.625 10.0 65.987 0
073918 15.625 10.0 65.987 0
073948 15.625 10.0 65.925 0
074018 15.625 10.0 65.925 0
074049 15.562 10.0 65.862 0
074120 15.562 10.0 65.862 0
074150 15.562 10.0 65.862 0
074221 15.562 10.0 65.8 0
074251 15.562 10.0 65.8 0
074321 15.562 10.0 65.737 0
074352 15.562 10.0 65.737 0
074423 15.562 10.0 65.675 0
074453 15.562 10.0 65.675 0
074523 15.562 10.0 65.612 0
074554 15.562 10.0 65.612 0
074624 15.562 10.0 65.612 0
074655 15.562 10.0 65.55 0
074726 15.562 10.0 65.55 0
074756 15.562 10.0 65.487 0
074826 15.562 10.0 65.487 0
074857 15.562 10.0 65.425 0
074927 15.562 10.0 65.425 0
074958 15.562 10.0 65.362 0
075028 15.562 10.0 65.362 0
075059 15.562 10.0 65.3 0
075130 15.562 10.0 65.237 0
075200 15.562 10.0 65.175 0
075230 15.562 10.0 65.175 0
075301 15.562 10.0 65.112 0
075331 15.562 10.0 65.05 0
075401 15.562 10.0 65.05 0
075432 15.562 10.0 64.987 0
075503 15.562 10.0 64.925 0
075533 15.562 10.0 64.925 0
075603 15.562 10.0 64.925 0
075634 15.562 10.0 64.862 0
075704 15.562 10.0 64.8 0
075735 15.562 10.0 64.8 0
075806 15.562 10.0 64.737 0
075836 15.562 10.0 64.675 0
075907 15.562 10.0 64.675 0
075937 15.562 10.0 64.675 0
080008 15.562 10.0 64.612 0
080038 15.562 10.0 64.612 0
080109 15.562 10.0 64.55 0
080140 15.562 10.0 64.55 0
080211 15.562 10.0 64.487 0
080242 15.562 10.0 64.487 0
080313 15.562 10.0 64.425 0
080343 15.562 10.0 64.425 0
080414 15.562 10.0 64.362 0
080444 15.562 10.0 64.362 0
080515 15.562 10.0 64.3 0
080548 15.562 10.0 64.3 0
080618 15.562 10.0 64.3 0
080649 15.562 10.0 64.362 0
080720 15.562 10.0 64.362 0
080750 15.562 10.0 64.362 0
080821 15.562 10.0 64.362 0
080852 15.562 10.0 64.362 0
080923 15.562 10.0 64.362 0
080953 15.562 10.0 64.3 0
081024 15.562 10.0 64.3 0
081054 15.562 10.0 64.237 0
081125 15.562 10.0 64.237 0
081156 15.562 10.0 64.175 0
081226 15.562 10.0 64.175 0
081257 15.562 10.0 64.112 0
081327 15.562 10.0 64.05 0
081357 15.562 10.0 64.05 0
081428 15.562 10.0 64.05 0
081458 15.562 10.0 63.987 0
081528 15.562 10.0 63.987 0
081559 15.562 10.0 63.987 0
081630 15.562 10.0 63.925 0
081700 15.562 10.0 63.925 0
081731 15.562 10.0 63.862 0
081801 15.562 10.0 63.862 0
081832 15.562 10.0 63.737 0
081902 15.562 10.0 63.675 0
081932 15.562 10.0 63.612 0
082003 15.562 10.0 63.675 0
082034 15.562 10.0 63.675 0
082104 15.562 10.0 63.612 0
082135 15.562 10.0 63.612 0
082206 15.562 10.0 63.55 0
082236 15.562 10.0 63.55 0
082306 15.562 10.0 63.487 0
082337 15.5 10.0 63.487 0
082408 15.5 10.0 63.425 0
082438 15.5 10.0 63.425 0
082509 15.5 10.0 63.362 0
082539 15.5 10.0 63.362 0
082610 15.5 10.0 63.3 0
082641 15.5 10.0 63.3 0
082711 15.5 10.0 63.3 0
082742 15.5 20.0 63.3 0
082813 15.5 20.0 63.237 50
082844 15.5 20.0 63.175 50
082914 15.5 20.0 62.987 50
082945 15.5 20.0 62.737 50
083015 15.5 20.0 62.362 50
083046 15.5 20.0 61.987 50
083116 15.5 20.0 61.487 50
083147 15.5 20.0 60.925 50
083217 15.5 20.0 60.362 50
083248 15.5 20.0 59.8 0
083319 15.5 20.0 59.3 0
083349 15.5 20.0 58.925 0
083420 15.5 20.0 58.675 0
083451 15.5 20.0 58.55 0
083521 15.5 20.0 58.425 0
083554 15.562 20.0 58.3 0
083624 15.562 20.0 58.237 0
083654 15.562 20.0 58.175 0
083725 15.562 20.0 58.112 0
083756 15.562 20.0 58.112 0
083826 15.625 20.0 58.05 0
083857 15.625 20.0 57.987 0
083927 15.625 20.0 57.925 0
083958 15.625 20.0 57.925 0
084029 15.625 20.0 57.862 0
084059 15.75 20.0 57.862 0
084129 15.75 20.0 57.8 0
084159 15.75 20.0 57.737 0
084230 15.75 20.0 57.737 0
084300 15.75 20.0 57.675 0
084330 15.75 20.0 57.612 0
084400 15.75 20.0 57.612 0
084431 15.75 20.0 57.55 0
084502 15.75 20.0 57.487 0
084533 15.75 20.0 57.487 0
084603 15.75 20.0 57.425 0
084633 15.75 20.0 57.362 0
084704 15.75 20.0 57.3 0
084734 15.75 20.0 57.175 0
084805 15.75 20.0 56.925 0
084836 15.75 20.0 56.675 0
084906 15.75 20.0 56.362 0
084937 15.75 20.0 56.175 0
085007 15.75 20.0 55.987 0
085038 15.75 20.0 55.862 0
085108 15.75 20.0 55.8 0
085139 15.75 20.0 55.737 0
085209 15.75 20.0 55.8 0
085240 15.75 20.0 55.862 0
085311 15.75 20.0 55.987 0
085341 15.75 20.0 56.175 0
085412 15.75 20.0 56.425 0
085443 15.75 20.0 56.675 0
085514 15.75 20.0 56.987 0
085544 15.75 20.0 57.362 0
085615 15.687 20.0 57.737 0
085645 15.687 20.0 58.175 0
085715 15.687 20.0 58.612 0
085746 15.687 20.0 59.05 0
085817 15.687 20.0 59.487 0
085847 15.687 20.0 59.987 0
085918 15.687 20.0 60.737 50
085949 15.687 20.0 61.612 50
090020 15.687 20.0 62.487 50
090050 15.687 20.0 63.05 50
090121 15.687 20.0 63.487 50
090152 15.687 20.0 63.8 50
090222 15.687 20.0 63.987 50
090253 15.687 20.0 64.175 50
090325 15.687 20.0 64.3 50
090356 15.687 20.0 64.425 50
090427 15.687 20.0 64.425 50
090457 15.687 20.0 64.487 50
090528 15.687 20.0 64.487 50
090558 15.75 20.0 64.487 50
090629 15.75 20.0 64.487 50
090700 15.75 20.0 64.425 50
090730 15.75 20.0 64.3 50
090801 15.75 20.0 64.112 50
090832 15.937 20.0 63.675 50
090903 15.937 20.0 62.737 50
090933 15.937 20.0 60.987 50
091004 15.937 20.0 58.612 0
091035 15.937 20.0 56.55 0
091105 16.125 20.0 55.237 0
091135 16.125 20.0 54.487 0
091206 16.125 20.0 53.925 0
091236 16.125 20.0 53.612 0
091307 16.125 20.0 53.425 0
091337 16.312 20.0 53.3 0
091407 16.312 20.0 53.237 0
091439 16.312 20.0 53.175 0
091509 16.312 20.0 53.112 0
091540 16.312 20.0 52.987 0
091611 16.437 20.0 53.237 0
091641 16.437 20.0 53.487 0
091712 16.437 20.0 53.925 0
091743 16.437 20.0 54.425 0
091813 16.437 20.0 55.175 0
091844 16.437 20.0 56.237 0
091914 16.437 20.0 57.3 0
091945 16.437 20.0 58.487 0
092016 16.437 20.0 59.737 0
092046 16.437 20.0 60.8 50
092117 16.437 20.0 61.987 50
092147 16.437 20.0 63.175 50
092217 16.437 20.0 63.987 50
092248 16.437 20.0 64.55 50
092319 16.437 20.0 64.862 50
092349 16.437 20.0 65.112 50
092420 16.437 20.0 65.3 50
092450 16.437 20.0 65.487 50
092521 16.437 20.0 65.612 50
092551 16.437 20.0 65.675 50
092622 16.437 20.0 65.737 50
092652 16.437 20.0 65.737 50
092723 16.437 20.0 65.737 50
092753 16.437 20.0 65.737 50
092823 16.437 20.0 65.737 50
092853 16.562 20.0 65.675 50
092924 16.562 20.0 65.612 50
092955 16.562 20.0 65.425 50
093025 16.562 20.0 65.112 50
093056 16.562 20.0 64.487 50
093126 16.625 20.0 63.55 50
093156 16.625 20.0 62.237 50
093227 16.625 20.0 60.737 50
093258 16.625 20.0 59.175 50
093330 16.75 20.0 57.425 50
093400 16.75 20.0 55.8 50
093430 16.75 20.0 54.237 50
093501 16.75 20.0 52.987 0
093532 16.75 20.0 52.237 0
093602 16.875 20.0 51.862 0
093632 16.875 20.0 51.737 0
093702 16.875 20.0 51.862 0
093733 16.875 20.0 52.3 0
093803 16.875 20.0 52.987 0
093833 16.937 20.0 53.862 0
093904 16.937 20.0 54.8 50
093934 16.937 20.0 55.862 50
094005 16.937 20.0 57.05 50
094035 16.937 20.0 58.175 50
094105 17.0 20.0 59.112 50
094136 17.0 20.0 60.112 50
094207 17.0 20.0 61.05 50
094237 17.0 20.0 61.8 50
094307 17.0 20.0 62.425 50
094338 17.0 20.0 62.925 50
094408 17.0 20.0 63.3 50
094438 17.0 20.0 63.55 50
094509 17.0 20.0 63.8 50
094540 17.0 20.0 63.987 50
094610 17.062 20.0 64.112 50
094640 17.062 20.0 64.175 50
094711 17.062 20.0 64.237 50
094741 17.062 20.0 64.3 50
094811 17.062 20.0 64.3 50
094841 17.125 20.0 64.237 50
094911 17.125 20.0 64.175 50
094942 17.125 20.0 64.112 50
095013 17.125 16.0 63.987 50
095044 17.125 20.0 63.862 0
095114 17.187 20.0 63.675 50
095145 17.187 20.0 63.425 50
095216 17.187 20.0 63.112 50
095246 17.187 20.0 62.612 50
095316 17.187 20.0 61.925 50
095347 17.187 20.0 61.175 50
095417 17.187 20.0 60.3 50
095448 17.187 20.0 59.425 0
095518 17.187 20.0 58.737 0
095549 17.187 20.0 58.237 0
095620 17.25 20.0 57.925 0
095650 17.25 20.0 57.737 0
095721 17.25 20.0 57.612 0
095752 17.25 20.0 57.487 0
095822 17.25 20.0 57.425 0
095852 17.312 20.0 57.362 0
095923 17.312 20.0 57.362 0
095953 17.312 20.0 57.3 0
100024 17.312 20.0 57.3 0
100055 17.312 20.0 57.175 0
100125 17.312 20.0 57.05 0
100155 17.312 20.0 56.987 0
100226 17.312 20.0 57.175 0
100256 17.312 20.0 57.8 0
100327 17.312 20.0 58.612 0
100358 17.25 20.0 59.612 0
100428 17.25 20.0 60.737 50
100459 17.25 20.0 61.862 50
100530 17.25 20.0 62.987 50
100601 17.25 20.0 63.8 50
100631 17.187 20.0 64.362 50
100701 17.187 20.0 64.8 50
100732 17.187 20.0 65.05 50
100803 17.187 20.0 65.237 50
100836 17.187 20.0 65.362 50
100906 17.187 20.0 65.487 50
100937 17.187 20.0 65.55 50
101007 17.187 20.0 65.675 50
101038 17.187 20.0 65.675 50
101109 17.187 20.0 65.737 50
101139 17.187 20.0 65.737 50
101210 17.187 20.0 65.737 50
101240 17.187 20.0 65.737 50
101311 17.187 20.0 65.675 50
101341 17.25 20.0 65.675 50
101412 17.25 20.0 65.612 50
101443 17.25 20.0 65.487 50
101513 17.25 20.0 65.3 50
101543 17.25 20.0 64.925 50
101614 17.312 20.0 64.3 50
101644 17.312 20.0 63.175 50
101715 17.312 20.0 61.362 50
101745 17.312 20.0 59.112 0
101816 17.312 20.0 57.175 0
101846 17.375 20.0 55.925 0
101917 17.375 20.0 55.175 0
101948 17.375 20.0 54.737 0
102018 17.375 20.0 54.425 0
102049 17.375 20.0 54.237 0
102119 17.437 20.0 54.112 0
102150 17.437 20.0 53.987 0
102221 17.437 20.0 54.112 0
102251 17.437 20.0 54.425 0
102322 17.437 20.0 54.925 0
102352 17.437 20.0 55.612 0
102423 17.437 20.0 56.487 0
102454 17.437 20.0 57.487 0
102525 17.437 20.0 58.675 0
102555 17.437 20.0 59.925 0
102625 17.5 20.0 61.05 50
102656 17.5 20.0 62.175 50
102727 17.5 20.0 63.3 50
102758 17.5 20.0 64.175 50
102828 17.5 20.0 64.8 50
102859 17.437 20.0 65.237 50
102930 17.437 20.0 65.487 50
103000 17.437 20.0 65.675 50
103031 17.437 20.0 65.862 50
103102 17.437 20.0 65.987 50
103132 17.437 20.0 66.05 50
103203 17.437 20.0 66.112 50
103233 17.437 20.0 66.175 50
103304 17.437 20.0 66.237 50
103335 17.437 20.0 66.237 50
103405 17.437 20.0 66.175 50
103436 17.437 20.0 66.05 50
103507 17.437 20.0 66.175 50
103537 17.437 20.0 66.112 50
103609 17.437 20.0 66.05 50
103640 17.437 20.0 65.737 50
103710 17.437 20.0 65.112 50
103741 17.437 20.0 64.175 50
103811 17.437 20.0 62.862 50
103842 17.562 20.0 61.3 50
103912 17.562 20.0 59.737 0
103943 17.562 20.0 58.237 0
104014 17.562 20.0 57.237 0
104044 17.562 20.0 56.612 0
104115 17.687 20.0 56.175 0
104146 17.687 20.0 55.925 0
104216 17.687 20.0 55.8 0
104247 17.687 20.0 55.675 0
104318 17.687 20.0 55.675 0
104348 17.687 20.0 55.675 0
104419 17.687 20.0 55.737 0
104449 17.687 20.0 55.987 0
104519 17.687 20.0 56.362 0
104550 17.687 20.0 57.05 0
104620 17.75 20.0 57.8 0
104651 17.75 20.0 58.737 0
104722 17.75 20.0 59.8 0
104752 17.75 20.0 60.925 50
104823 17.75 20.0 62.112 50
104853 17.75 20.0 63.362 50
104923 17.75 20.0 64.362 50
104954 17.75 20.0 65.05 50
105025 17.75 20.0 65.487 50
105055 17.75 20.0 65.8 50
105126 17.687 20.0 65.987 50
105157 17.687 20.0 66.175 50
105228 17.687 20.0 66.3 50
105258 17.687 20.0 66.425 50
105328 17.687 20.0 66.487 50
105358 17.687 20.0 66.55 50
105428 17.687 20.0 66.55 50
105458 17.687 20.0 66.612 50
105529 17.687 20.0 66.612 50
105600 17.687 20.0 66.612 50
105630 17.687 20.0 66.55 50
105701 17.687 20.0 66.487 50
105731 17.687 20.0 66.362 50
105802 17.687 20.0 66.175 50
105832 17.687 20.0 65.8 50
105902 17.812 20.0 65.112 50
105932 17.812 20.0 64.112 50
110002 17.812 20.0 62.8 50
110033 17.812 20.0 61.3 50
110104 17.812 20.0 59.675 50
110134 17.812 20.0 58.05 50
110205 17.812 20.0 56.425 50
110235 17.812 20.0 54.987 50
110306 17.812 20.0 53.925 0
110336 17.812 20.0 53.175 0
110406 17.937 20.0 52.8 0
110436 17.937 20.0 52.675 0
110506 17.937 20.0 52.737 0
110537 17.937 20.0 53.05 0
110608 17.937 20.0 53.612 0
110638 18.0 20.0 54.3 50
110708 18.0 20.0 55.175 50
110739 18.0 20.0 56.112 50
110809 18.0 20.0 57.175 50
110839 18.0 20.0 58.237 50
110910 18.0 20.0 59.237 50
110940 18.0 20.0 60.237 50
111011 18.0 20.0 61.237 50
111042 18.0 20.0 62.175 50
111112 18.0 20.0 62.925 50
111142 17.937 20.0 63.487 50
111212 17.937 20.0 63.862 50
111243 17.937 20.0 64.112 50
111314 17.937 20.0 64.3 50
111346 17.875 20.0 64.487 50
111417 17.875 20.0 64.675 50
111447 17.875 20.0 64.737 50
111518 17.875 20.0 64.8 50
111548 17.875 20.0 64.862 50
111619 17.937 20.0 64.925 50
111649 17.937 20.0 64.925 50
111721 17.937 20.0 64.925 50
111751 17.937 20.0 64.862 50
111822 17.937 20.0 64.8 50
111852 18.0 20.0 64.675 50
111923 18.0 20.0 64.425 50
111953 18.0 20.0 64.112 50
112023 18.0 20.0 63.612 50
112054 18.0 20.0 62.925 50
112124 18.062 20.0 61.987 50
112154 18.062 20.0 60.8 50
112225 18.062 20.0 59.55 50
112255 18.062 20.0 58.362 50
112326 18.062 20.0 57.237 50
112356 18.062 20.0 56.237 50
112427 18.062 20.0 55.362 50
112457 18.062 20.0 54.612 50
112528 18.062 20.0 54.05 50
112559 18.062 20.0 53.675 0
112629 18.062 20.0 53.487 0
112700 18.062 20.0 53.612 0
112730 18.062 20.0 53.987 0
112801 18.062 20.0 54.612 50
112832 18.062 20.0 55.487 50
112902 18.125 20.0 56.425 50
112933 18.125 20.0 57.3 50
113003 18.125 20.0 58.3 50
113034 18.125 20.0 59.237 50
113104 18.125 20.0 60.237 50
113135 18.125 20.0 61.112 50
113205 18.125 20.0 62.05 50
113236 18.125 20.0 62.8 50
113306 18.125 20.0 63.237 50
113336 18.125 20.0 63.612 50
113407 18.125 20.0 63.862 50
113438 18.125 20.0 64.112 50
113508 18.125 20.0 64.237 50
113538 18.125 20.0 64.362 50
113609 18.125 20.0 64.487 50
113639 18.125 20.0 64.612 50
113710 18.125 20.0 64.675 50
113740 18.125 20.0 64.737 50
113811 18.125 20.0 64.737 50
113841 18.125 20.0 64.737 50
113911 18.125 20.0 64.675 50
113942 18.125 20.0 64.612 50
114012 18.125 20.0 64.487 50
114042 18.125 20.0 64.3 50
114113 18.125 20.0 63.987 50
114143 18.125 20.0 63.55 50
114214 18.125 20.0 62.862 50
114244 18.125 20.0 61.987 50
114315 18.125 20.0 60.987 50
114345 18.125 20.0 59.925 50
114415 18.25 20.0 58.862 50
114446 18.25 20.0 57.8 50
114516 18.25 20.0 56.862 50
114546 18.25 20.0 56.05 50
114616 18.25 20.0 55.362 50
114647 18.312 20.0 54.737 50
114717 18.312 20.0 54.3 50
114747 18.312 20.0 53.987 0
114817 18.312 20.0 53.862 0
114848 18.312 20.0 53.987 0
114918 18.375 20.0 54.3 50
114948 18.375 20.0 54.987 50
115019 18.375 20.0 55.8 50
115049 18.375 20.0 56.612 50
115122 18.312 20.0 57.55 50
115152 18.312 20.0 58.55 50
115223 18.312 20.0 59.487 50
115253 18.312 20.0 60.362 50
115324 18.312 20.0 61.3 50
115354 18.375 20.0 62.237 50
115425 18.375 20.0 62.925 50
115455 18.375 20.0 63.425 50
115526 18.375 20.0 63.737 50
115557 18.375 20.0 64.05 50
115627 18.375 20.0 64.237 50
115657 18.375 20.0 64.362 50
115728 18.375 20.0 64.487 50
115758 18.375 20.0 64.612 50
115828 18.375 20.0 64.675 50
115858 18.375 20.0 64.737 50
115929 18.375 20.0 64.737 50
120000 18.375 20.0 64.737 50
120030 18.375 20.0 64.675 50
120100 18.375 20.0 64.675 50
120131 18.437 20.0 64.55 50
120201 18.437 20.0 64.425 50
120231 18.437 20.0 64.237 50
120301 18.437 20.0 63.862 50
120332 18.437 20.0 63.362 50
120402 18.5 20.0 62.55 50
120432 18.5 20.0 61.612 50
120503 18.5 20.0 60.55 50
120534 18.5 20.0 59.425 50
120605 18.5 20.0 58.3 50
120635 18.625 20.0 57.3 50
120706 18.625 20.0 56.425 50
120736 18.625 20.0 55.737 50
120807 18.625 20.0 55.112 50
120838 18.625 20.0 54.612 50
120908 18.625 20.0 54.3 50
120938 18.625 20.0 54.112 50
121009 18.625 20.0 54.112 50
121040 18.625 20.0 54.425 50
121111 18.625 20.0 54.862 50
121142 18.687 20.0 55.612 50
121212 18.687 20.0 56.487 50
121243 18.687 20.0 57.425 50
121314 18.687 20.0 58.237 50
121345 18.687 20.0 59.175 50
121415 18.625 20.0 60.175 50
121445 18.625 20.0 61.05 50
121515 18.625 20.0 61.987 50
121545 18.625 20.0 62.737 50
121616 18.625 20.0 63.362 50
121646 18.562 20.0 63.737 50
121717 18.562 20.0 63.987 50
121748 18.562 20.0 64.175 50
121818 18.562 20.0 64.237 50
121848 18.562 20.0 64.487 50
121918 18.625 20.0 64.612 50
121949 18.625 20.0 64.737 50
122019 18.625 20.0 64.737 50
122049 18.625 20.0 64.737 50
122119 18.625 20.0 64.675 50
122150 18.625 20.0 64.737 50
122220 18.625 20.0 64.675 50
122250 18.625 20.0 64.612 50
122321 18.625 20.0 64.55 50
122352 18.625 20.0 64.362 50
122422 18.687 20.0 64.112 50
122453 18.687 20.0 63.737 50
122523 18.687 20.0 63.112 50
122553 18.687 20.0 62.362 50
122626 18.75 20.0 61.425 50
122656 18.75 20.0 60.362 50
122727 18.75 20.0 59.3 50
122757 18.75 20.0 58.3 50
122828 18.75 20.0 57.425 50
122858 18.812 20.0 56.612 50
122929 18.812 20.0 55.925 50
123000 18.812 20.0 55.362 50
123031 18.812 20.0 54.925 50
123101 18.812 20.0 54.612 50
123131 18.875 20.0 54.362 50
123202 18.875 20.0 54.3 50
123232 18.875 20.0 54.425 50
123302 18.875 20.0 54.862 50
123332 18.875 20.0 55.487 50
123403 18.875 20.0 56.3 50
123433 18.875 20.0 57.175 50
123503 18.875 20.0 58.05 50
123534 18.875 20.0 58.987 50
123605 18.875 20.0 59.925 50
123635 18.937 20.0 60.737 50
123705 18.937 20.0 61.612 50
123736 18.937 20.0 62.487 50
123807 18.937 20.0 63.112 50
123838 18.937 20.0 63.55 50
123908 18.937 20.0 63.8 50
123939 18.937 20.0 64.05 50
124009 18.937 20.0 64.237 50
124039 18.937 20.0 64.425 50
124110 18.937 20.0 64.55 50
124140 19.0 20.0 64.612 50
124211 19.0 20.0 64.675 50
124242 19.0 20.0 64.675 50
124312 19.0 20.0 64.737 50
124343 19.0 20.0 64.675 50
124413 19.0 20.0 64.675 50
124444 19.0 20.0 64.612 50
124514 19.0 20.0 64.487 50
124544 19.0 20.0 64.362 50
124615 19.0 20.0 64.05 50
124645 19.062 20.0 63.675 50
124716 19.062 20.0 63.05 50
124746 19.062 20.0 62.175 50
124816 19.062 20.0 61.237 50
124846 19.062 20.0 60.237 50
124916 19.187 20.0 59.237 50
124946 19.187 20.0 58.3 50
125017 19.187 20.0 57.425 50
125048 19.187 20.0 56.675 50
125119 19.187 20.0 56.05 50
125149 19.25 20.0 55.55 50
125219 19.25 20.0 55.112 50
125249 19.25 20.0 54.8 50
125319 19.25 20.0 54.612 50
125349 19.25 20.0 54.487 50
125420 19.312 20.0 54.612 50
125450 19.312 20.0 55.05 50
125521 19.312 20.0 55.612 50
125551 19.312 20.0 56.425 50
125621 19.312 20.0 57.3 50
125652 19.25 20.0 58.237 50
125722 19.25 20.0 59.112 50
125753 19.25 20.0 60.112 50
125823 19.25 20.0 60.987 50
125853 19.25 20.0 61.862 50
125923 19.25 20.0 62.612 50
125953 19.25 20.0 63.175 50
130024 19.25 20.0 63.55 50
130055 19.25 20.0 63.8 50
130125 19.25 20.0 63.987 50
130155 19.187 20.0 64.175 50
130225 19.187 20.0 64.362 50
130256 19.187 20.0 64.487 50
130326 19.187 20.0 64.55 50
130357 19.187 20.0 64.612 50
130427 19.187 20.0 64.675 50
130458 19.187 20.0 64.675 50
130529 19.187 20.0 64.675 50
130559 19.187 20.0 64.612 50
130632 19.125 20.0 64.55 50
130702 19.125 20.0 64.487 50
130732 19.125 20.0 64.3 50
130803 19.125 20.0 64.05 50
130833 19.125 20.0 63.675 50
130904 19.125 20.0 63.05 50
130935 19.125 20.0 62.3 50
131005 19.125 20.0 61.487 50
131036 19.125 20.0 60.55 50
131106 19.125 20.0 59.675 50
131137 19.062 20.0 58.862 50
131207 19.062 20.0 58.112 50
131237 19.062 20.0 57.425 50
131308 19.062 20.0 56.8 50
131338 19.062 20.0 56.237 50
131409 19.125 20.0 55.737 50
131439 19.125 20.0 55.362 50
131510 19.125 20.0 55.05 50
131540 19.125 20.0 54.862 50
131610 19.125 20.0 54.675 50
131640 19.125 20.0 54.8 50
131711 19.125 20.0 55.112 50
131741 19.125 20.0 55.675 50
131812 19.125 20.0 56.362 50
131842 19.125 20.0 57.237 50
131912 19.125 20.0 58.175 50
131943 19.125 20.0 59.112 50
132013 19.125 20.0 59.987 50
132043 19.125 20.0 60.862 50
132114 19.125 20.0 61.737 50
132145 19.062 20.0 62.3 50
132216 19.062 20.0 62.8 50
132246 19.062 20.0 63.175 50
132317 19.062 20.0 63.487 50
132348 19.062 20.0 63.675 50
132419 19.062 20.0 63.862 50
132449 19.062 20.0 63.987 50
132520 19.062 20.0 64.112 50
132550 19.062 20.0 64.175 50
132620 19.062 20.0 64.237 50
132651 19.062 20.0 64.237 50
132721 19.062 20.0 64.3 50
132752 19.062 20.0 64.237 50
132822 19.062 20.0 64.237 50
132853 19.062 20.0 64.175 50
132923 19.062 20.0 64.05 50
132954 19.062 20.0 63.925 50
133025 19.062 20.0 63.737 50
133056 19.062 20.0 63.487 50
133126 19.062 20.0 63.112 50
133157 19.125 20.0 62.675 50
133227 19.125 20.0 62.112 50
133257 19.125 20.0 61.362 50
133328 19.125 20.0 60.612 50
133358 19.125 20.0 59.8 50
133429 19.125 20.0 58.987 50
133459 19.125 20.0 58.175 50
133530 19.125 20.0 57.425 50
133600 19.125 20.0 56.737 50
133630 19.125 20.0 56.175 50
133701 19.187 20.0 55.612 50
133731 19.187 20.0 55.237 50
133801 19.187 20.0 54.925 50
133832 19.187 20.0 54.675 50
133902 19.187 20.0 54.612 50
133932 19.187 20.0 54.612 50
134003 19.187 20.0 54.987 50
134034 19.187 20.0 55.487 50
134104 19.187 20.0 56.175 50
134135 19.187 20.0 56.862 50
134205 19.187 20.0 57.675 50
134236 19.187 20.0 58.55 50
134306 19.187 20.0 59.425 50
134336 19.187 20.0 60.3 50
134409 19.187 20.0 61.237 50
134439 19.187 20.0 62.05 50
134509 19.187 20.0 62.737 50
134540 19.187 20.0 63.3 50
134610 19.187 20.0 63.675 50
134640 19.5 20.0 63.925 50
134711 19.5 20.0 64.175 50
134741 19.5 20.0 64.362 50
134812 19.5 20.0 64.55 50
134843 19.5 20.0 64.675 50
134913 19.625 20.0 64.737 50
134943 19.625 20.0 64.8 50
135014 19.625 20.0 64.862 50
135044 19.625 20.0 64.925 50
135115 19.625 20.0 64.925 50
135145 19.562 20.0 64.925 50
135215 19.562 20.0 64.925 50
135246 19.562 20.0 64.862 50
135316 19.562 20.0 64.8 50
135346 19.562 20.0 64.675 50
135416 19.75 20.0 64.55 50
135447 19.75 20.0 64.237 50
135517 19.75 20.0 63.675 50
135547 19.75 20.0 62.675 50
135617 19.75 20.0 61.55 50
135647 19.812 20.0 60.487 50
135717 19.812 20.0 59.425 50
135748 19.812 20.0 58.425 50
135818 19.812 20.0 57.55 50
135849 19.812 20.0 56.737 50
135920 19.875 20.0 56.05 50
135951 19.875 20.0 55.487 50
140021 19.875 20.0 55.05 50
140051 19.875 20.0 54.675 50
140122 19.875 20.0 54.425 50
140152 19.937 20.0 54.3 50
140222 19.937 20.0 54.425 50
140252 19.937 20.0 54.8 50
140322 19.937 20.0 55.362 50
140353 19.937 20.0 56.112 50
140424 20.0 20.0 56.925 50
140454 20.0 20.0 57.862 50
140524 20.0 20.0 58.8 50
140555 20.0 20.0 59.737 50
140625 20.0 20.0 60.612 50
140655 20.0 20.0 61.487 50
140725 20.0 20.0 62.425 50
140756 20.0 20.0 63.05 50
140827 20.0 20.0 63.55 50
140857 20.0 20.0 63.925 50
140928 20.062 20.0 64.175 0
140958 20.062 20.0 64.425 0
141028 20.062 20.0 64.612 0
141059 20.062 20.0 64.8 0
141129 20.062 20.0 64.925 0
141159 20.125 20.0 64.987 0
141230 20.125 20.0 65.112 0
141301 20.125 20.0 65.175 0
141331 20.125 20.0 65.237 0
141401 20.125 20.0 65.237 0
141432 20.125 20.0 65.3 0
141503 20.125 20.0 65.3 0
141533 20.125 20.0 65.362 0
141604 20.125 20.0 65.425 0
141635 20.125 20.0 65.425 0
141705 20.062 20.0 65.425 0
141736 20.062 20.0 65.425 0
141807 20.062 20.0 65.425 0
141837 20.062 20.0 65.425 0
141907 20.062 20.0 65.487 0
141938 19.937 20.0 65.487 50
142009 19.937 20.0 65.487 50
142040 19.937 20.0 65.487 50
142110 19.937 20.0 65.487 50
142140 19.937 20.0 65.487 50
142211 19.937 20.0 65.425 50
142242 19.937 20.0 65.425 50
142312 19.937 20.0 65.362 50
142343 19.937 20.0 65.3 50
142414 19.937 20.0 65.237 50
142445 19.937 20.0 65.175 50
142515 19.937 20.0 65.05 50
142546 19.937 20.0 64.862 50
142616 19.937 20.0 64.675 50
142647 19.875 20.0 64.362 50
142718 19.875 20.0 63.987 50
142748 19.875 20.0 63.55 50
142819 19.875 20.0 63.05 50
142850 19.875 20.0 62.425 50
142920 20.0 20.0 61.675 50
142951 20.0 20.0 60.612 50
143021 20.0 20.0 59.425 0
143052 20.0 20.0 58.3 0
143123 20.0 20.0 57.675 0
143153 20.0 20.0 57.175 0
143223 20.0 20.0 56.862 0
143254 20.0 20.0 56.675 0
143325 20.0 20.0 56.55 0
143355 20.0 20.0 56.487 0
143426 20.062 20.0 56.425 0
143456 20.062 20.0 56.237 0
143527 20.062 20.0 55.737 0
143557 20.062 20.0 55.112 0
143628 20.062 20.0 54.612 0
143658 20.0 20.0 54.487 0
143729 20.0 20.0 54.737 0
143800 20.0 20.0 55.362 0
143830 20.0 20.0 56.175 0
143901 20.0 20.0 57.112 0
143932 19.937 20.0 58.112 0
144003 19.937 20.0 59.237 0
144033 19.937 20.0 60.487 50
144104 19.937 20.0 61.737 50
144134 19.937 20.0 62.862 50
144205 19.875 20.0 63.8 50
144236 19.875 20.0 64.55 50
144306 19.875 20.0 65.05 50
144336 19.875 20.0 65.425 50
144407 19.875 20.0 65.675 50
144437 19.875 20.0 65.862 50
144508 19.875 20.0 65.987 50
144538 19.875 20.0 66.112 50
144609 19.875 20.0 66.237 50
144640 19.875 20.0 66.3 50
144710 19.875 20.0 66.425 50
144741 19.875 20.0 66.425 50
144811 19.875 20.0 66.487 50
144841 19.875 20.0 66.487 50
144911 19.875 20.0 66.487 50
144942 20.0 20.0 66.425 50
145013 20.0 20.0 66.362 50
145043 20.0 20.0 66.3 50
145114 20.0 20.0 66.112 50
145147 20.062 20.0 65.737 0
145218 20.062 20.0 64.925 0
145248 20.062 20.0 64.05 0
145319 20.062 20.0 63.487 0
145350 20.062 20.0 63.112 0
145420 20.125 20.0 62.862 0
145450 20.125 20.0 62.675 0
145521 20.125 20.0 62.55 0
145552 20.125 20.0 62.487 0
145622 20.125 20.0 62.425 0
145652 20.187 20.0 62.3 0
145723 20.187 20.0 62.237 0
145753 20.187 20.0 62.175 0
145824 20.187 20.0 62.112 0
145854 20.187 20.0 62.05 0
145924 20.125 20.0 62.05 0
145954 20.125 20.0 61.987 0
150025 20.125 20.0 61.925 0
150056 20.125 20.0 61.862 0
150126 20.125 20.0 61.8 0
150157 20.062 20.0 61.737 0
150227 20.062 20.0 61.675 0
150258 20.062 20.0 61.612 0
150329 20.062 20.0 61.55 0
150359 20.062 20.0 61.487 0
150430 20.0 20.0 61.425 0
150500 20.0 20.0 61.425 0
150531 20.0 20.0 61.362 0
150602 20.0 20.0 61.3 0
150632 20.0 20.0 61.237 0
150703 19.937 20.0 61.175 50
150733 19.937 20.0 60.862 50
150804 19.937 20.0 60.112 50
150835 19.937 20.0 59.237 0
150905 19.937 20.0 58.55 0
150936 19.812 20.0 58.112 0
151006 19.812 20.0 57.862 0
151037 19.812 20.0 57.675 0
151107 19.812 20.0 57.55 0
151138 19.812 20.0 57.425 0
151208 19.75 20.0 57.362 0
151239 19.75 20.0 57.175 0
151309 19.75 20.0 56.737 0
151340 19.75 20.0 56.3 0
151410 19.75 20.0 55.925 0
151441 19.625 20.0 55.675 0
151512 19.625 20.0 55.612 0
151542 19.625 20.0 55.8 0
151613 19.625 20.0 56.175 0
151643 19.625 20.0 56.925 0
151713 19.562 20.0 57.737 0
151744 19.562 20.0 58.8 0
151815 19.562 20.0 59.862 0
151845 19.562 20.0 60.987 50
151916 19.562 20.0 62.112 50
151946 19.5 20.0 63.112 50
152016 19.5 20.0 63.8 50
152047 19.5 20.0 64.362 50
152118 19.5 20.0 64.737 50
152151 19.5 20.0 65.05 50
152221 19.5 20.0 65.237 50
152251 19.5 20.0 65.425 50
152322 19.5 20.0 65.55 50
152352 19.5 20.0 65.675 50
152423 19.562 20.0 65.737 50
152454 19.562 20.0 65.8 50
152524 19.562 20.0 65.862 50
152554 19.562 20.0 65.862 50
152625 19.562 20.0 65.862 50
152655 19.75 20.0 65.862 50
152725 19.75 20.0 65.8 50
152756 19.75 20.0 65.737 50
152826 19.75 20.0 65.675 50
152856 19.75 20.0 65.55 50
152926 19.812 20.0 65.112 50
152957 19.812 20.0 63.925 50
153028 19.812 20.0 61.737 50
153058 19.812 20.0 59.237 0
153129 19.812 20.0 56.987 0
153200 19.937 20.0 55.612 0
153230 19.937 20.0 54.737 0
153301 19.937 20.0 54.237 0
153332 19.937 20.0 53.925 0
153402 19.937 20.0 53.737 0
153433 20.0 20.0 53.675 0
153504 20.0 20.0 53.675 0
153534 20.0 20.0 53.737 0
153605 20.0 20.0 53.925 0
153635 20.0 20.0 54.362 0
153706 20.062 20.0 54.862 0
153737 20.062 20.0 55.487 0
153808 20.062 20.0 56.425 0
153838 20.062 20.0 57.487 0
153909 20.062 20.0 58.737 0
153939 20.0 20.0 59.862 0
154009 20.0 20.0 61.112 0
154040 20.0 20.0 62.362 0
154111 20.0 20.0 63.55 0
154141 20.0 20.0 64.55 0
154212 20.0 20.0 65.3 0
154242 20.0 20.0 65.862 0
154313 20.0 20.0 66.362 0
154343 20.0 20.0 66.8 0
154414 20.0 20.0 67.112 0
154445 19.937 20.0 67.362 50
154516 19.937 20.0 67.612 50
154546 19.937 20.0 67.8 50
154616 19.937 20.0 67.987 50
154646 19.937 20.0 68.05 50
154717 19.875 20.0 68.175 50
154748 19.875 20.0 68.237 50
154818 19.875 20.0 68.237 50
154848 19.875 20.0 68.3 50
154919 19.875 20.0 68.3 50
154950 19.812 20.0 68.362 50
155021 19.812 20.0 68.425 50
155051 19.812 20.0 68.425 50
155122 19.812 20.0 68.425 50
155154 19.875 20.0 68.362 50
155225 19.875 20.0 68.362 50
155256 19.875 20.0 68.3 50
155326 19.875 20.0 68.237 50
155357 19.875 20.0 68.175 50
155428 19.937 20.0 67.987 50
155459 19.937 20.0 67.487 50
155529 19.937 20.0 66.487 50
155600 19.937 20.0 64.987 50
155631 19.937 20.0 62.987 50
155701 20.125 20.0 60.675 0
155732 20.125 20.0 58.425 0
155802 20.125 20.0 57.05 0
155832 20.125 20.0 56.112 0
155903 20.125 20.0 55.612 0
155933 20.187 20.0 55.3 0
160003 20.187 20.0 55.05 0
160034 20.187 20.0 54.987 0
160104 20.187 20.0 54.925 0
160134 20.187 20.0 54.862 0
160205 20.187 20.0 54.925 0
160236 20.187 20.0 55.112 0
160306 20.187 20.0 55.487 0
160337 20.187 20.0 55.925 0
160408 20.187 20.0 56.612 0
160439 20.187 20.0 57.487 0
160509 20.187 20.0 58.612 0
160540 20.187 20.0 59.8 0
160610 20.187 20.0 60.925 0
160641 20.187 20.0 62.112 0
160711 20.187 20.0 63.175 0
160742 20.187 20.0 64.112 0
160813 20.187 20.0 64.862 0
160843 20.187 20.0 65.487 0
160914 20.187 20.0 65.987 0
160945 20.062 20.0 66.425 0
161015 20.062 20.0 66.8 0
161046 20.062 20.0 67.112 0
161117 20.062 20.0 67.362 0
161147 20.062 20.0 67.55 0
161218 20.0 20.0 67.737 0
161248 20.0 20.0 67.862 0
161319 20.0 20.0 67.987 0
161350 20.0 20.0 68.05 0
161421 20.0 20.0 68.112 0
161451 20.0 20.0 68.175 0
161522 20.0 20.0 68.237 0
161553 20.0 20.0 68.237 0
161623 20.0 20.0 68.3 0
161654 20.0 20.0 68.362 0
161725 20.0 20.0 68.425 0
161755 20.0 20.0 68.425 0
161825 20.0 20.0 68.487 0
161856 20.0 20.0 68.487 0
161929 19.937 20.0 68.55 50
161959 19.937 20.0 68.55 50
162030 19.937 20.0 68.55 50
162101 19.937 20.0 68.612 50
162131 19.937 20.0 68.612 50
162201 19.812 20.0 68.612 50
162232 19.812 20.0 68.612 50
162302 19.812 20.0 68.675 50
162332 19.812 20.0 68.675 50
162403 19.812 20.0 68.675 50
162434 19.812 20.0 68.675 50
162504 19.812 20.0 68.675 50
162535 19.812 20.0 68.612 50
162606 19.812 20.0 68.612 50
162636 19.812 20.0 68.612 50
162707 19.875 20.0 68.55 50
162737 19.875 20.0 68.487 50
162807 19.875 20.0 68.425 50
162838 19.875 20.0 68.362 50
162909 19.875 20.0 68.237 50
162939 19.937 20.0 67.925 50
163009 19.937 20.0 67.3 50
163040 19.937 20.0 66.237 50
163110 19.937 20.0 64.675 50
163141 19.937 20.0 62.612 50
163212 20.125 20.0 60.175 0
163242 20.125 20.0 57.675 0
163313 20.125 20.0 55.425 0
163344 20.125 20.0 53.55 0
163414 20.125 20.0 52.3 0
163445 20.187 20.0 51.487 0
163516 20.187 20.0 50.925 0
163546 20.187 20.0 50.675 0
163617 20.187 20.0 50.487 0
163648 20.187 20.0 50.55 0
163718 20.25 20.0 50.737 0
163749 20.25 20.0 51.175 0
163820 20.25 20.0 51.675 0
163851 20.25 20.0 52.487 0
163921 20.25 20.0 53.425 0
163951 20.25 20.0 54.487 0
164022 20.25 20.0 55.675 0
164052 20.25 20.0 56.737 0
164122 20.25 20.0 57.925 0
164153 20.25 20.0 59.237 0
164224 20.25 20.0 60.487 0
164254 20.25 20.0 61.675 0
164324 20.25 20.0 62.925 0
164355 20.25 20.0 63.925 0
164426 20.25 20.0 64.675 0
164457 20.25 20.0 65.3 0
164527 20.25 20.0 65.8 0
164558 20.25 20.0 66.175 0
164628 20.25 20.0 66.487 0
164659 20.25 20.0 66.8 0
164729 20.125 20.0 67.05 0
164800 20.125 20.0 67.237 0
164831 20.125 20.0 67.425 0
164901 20.125 20.0 67.55 0
164934 20.062 20.0 67.675 0
165004 20.062 20.0 67.8 0
165035 20.062 20.0 67.862 0
165105 20.062 20.0 67.987 0
165135 20.062 20.0 68.05 0
165205 20.062 20.0 68.112 0
165235 20.062 20.0 68.175 0
165306 20.062 20.0 68.237 0
165336 20.062 20.0 68.3 0
165407 20.062 20.0 68.362 0
165438 20.0 20.0 68.362 0
165508 20.0 20.0 68.425 0
165539 20.0 20.0 68.362 0
165609 20.0 20.0 68.425 0
165639 20.0 20.0 68.487 0
165710 19.937 20.0 68.487 50
165740 19.937 20.0 68.487 50
165811 19.937 20.0 68.487 50
165842 19.937 20.0 68.55 50
165912 19.937 20.0 68.55 50
165943 19.875 20.0 68.55 50
170013 19.875 20.0 68.55 50
170044 19.875 20.0 68.55 50
170114 19.875 20.0 68.55 50
170145 19.875 20.0 68.487 50
170216 19.937 20.0 68.487 50
170246 19.937 20.0 68.487 50
170317 19.937 20.0 68.425 50
170347 19.937 20.0 68.362 50
170418 19.937 20.0 68.3 50
170448 20.0 20.0 68.237 50
170518 20.0 20.0 68.175 50
170548 20.0 20.0 68.112 50
170619 20.0 20.0 67.925 50
170649 20.0 20.0 67.612 50
170719 20.125 20.0 67.05 0
170750 20.125 20.0 66.425 0
170820 20.125 20.0 65.987 0
170851 20.125 20.0 65.737 0
170921 20.125 20.0 65.487 0
170952 20.187 20.0 65.362 0
171023 20.187 20.0 65.237 0
171053 20.187 20.0 65.112 0
171124 20.187 20.0 64.925 0
171155 20.187 20.0 64.3 0
171225 20.25 20.0 63.3 0
171256 20.25 20.0 62.112 0
171326 20.25 20.0 61.175 0
171356 20.25 20.0 60.612 0
171426 20.25 20.0 60.175 0
171457 20.187 20.0 59.925 0
171527 20.187 20.0 59.737 0
171558 20.187 20.0 59.612 0
171629 20.187 20.0 59.487 0
171659 20.187 20.0 59.425 0
171730 20.187 20.0 59.3 0
171801 20.187 20.0 59.237 0
171831 20.187 20.0 59.175 0
171902 20.187 20.0 59.112 0
171933 20.187 20.0 58.987 0
172003 20.125 20.0 58.925 0
172034 20.125 20.0 58.862 0
172105 20.125 20.0 58.8 0
172136 20.125 20.0 58.737 0
172208 20.062 20.0 58.675 0
172238 20.062 20.0 58.612 0
172308 20.062 20.0 58.55 0
172339 20.062 20.0 58.487 0
172410 20.062 20.0 58.425 0
172440 19.937 20.0 58.362 0
172510 19.937 20.0 58.3 0
172541 19.937 20.0 58.237 0
172612 19.937 20.0 58.237 0
172642 19.937 20.0 58.175 0
172713 19.812 20.0 58.175 0
172743 19.812 20.0 58.175 0
172814 19.812 20.0 58.237 0
172845 19.812 20.0 58.3 0
172915 19.812 20.0 58.425 0
172946 19.75 20.0 58.862 0
173016 19.75 20.0 59.612 0
173047 19.75 20.0 60.55 50
173118 19.75 20.0 61.425 50
173148 19.75 20.0 62.3 50
173219 19.687 20.0 62.987 50
173250 19.687 20.0 63.425 50
173320 19.687 20.0 63.737 50
173351 19.687 20.0 63.987 50
173422 19.687 20.0 64.175 50
173452 19.687 20.0 64.362 50
173523 19.687 20.0 64.487 50
173554 19.687 20.0 64.55 50
173624 19.687 20.0 64.612 50
173655 19.687 20.0 64.675 50
173725 19.75 20.0 64.675 50
173756 19.75 20.0 64.612 50
173827 19.75 20.0 64.612 50
173857 19.75 20.0 64.55 50
173927 19.75 20.0 64.425 50
173957 19.937 20.0 64.237 50
174028 19.937 20.0 63.925 50
174058 19.937 20.0 63.425 50
174129 19.937 20.0 62.55 50
174200 19.937 20.0 61.487 50
174230 20.062 20.0 60.237 0
174301 20.062 20.0 59.237 0
174331 20.062 20.0 58.612 0
174402 20.062 20.0 58.175 0
174432 20.062 20.0 57.925 0
174502 20.187 20.0 57.737 0
174533 20.187 20.0 57.612 0
174603 20.187 20.0 57.487 0
174634 20.187 20.0 57.425 0
174704 20.187 20.0 57.425 0
174735 20.25 20.0 57.3 0
174806 20.25 20.0 57.112 0
174836 20.25 20.0 56.925 0
174906 20.25 20.0 56.8 0
174936 20.25 20.0 56.862 0
175006 20.312 20.0 57.3 0
175037 20.312 20.0 57.925 0
175107 20.312 20.0 58.737 0
175137 20.312 20.0 59.675 0
175208 20.312 20.0 60.675 0
175238 20.375 20.0 61.737 0
175309 20.375 20.0 62.8 0
175340 20.375 20.0 63.737 0
175410 20.375 20.0 64.487 0
175443 20.375 20.0 65.175 0
175514 20.375 20.0 65.8 0
175545 20.375 20.0 66.362 0
175615 20.375 20.0 66.862 0
175646 20.375 20.0 67.237 0
175716 20.375 20.0 67.612 0
175746 20.375 20.0 67.862 0
175816 20.375 20.0 68.112 0
175846 20.375 20.0 68.3 0
175917 20.375 20.0 68.487 0
175947 20.375 20.0 68.675 0
180018 20.375 20.0 68.8 0
180049 20.375 20.0 68.987 0
180119 20.375 20.0 69.112 0
180150 20.375 20.0 69.175 0
180220 20.375 20.0 69.3 0
180251 20.375 20.0 69.362 0
180321 20.375 20.0 69.487 0
180352 20.375 20.0 69.55 0
180423 20.375 20.0 69.612 0
180454 20.5 20.0 69.675 0
180524 20.5 20.0 69.675 0
180554 20.5 20.0 69.737 0
180625 20.5 20.0 69.8 0
180655 20.5 20.0 69.862 0
180725 20.5 20.0 69.925 0
180755 20.5 20.0 69.987 0
180826 20.5 20.0 70.05 50
180856 20.5 20.0 70.05 50
180927 20.5 20.0 70.112 50
180957 20.375 20.0 70.175 50
181027 20.375 20.0 70.237 50
181058 20.375 20.0 70.3 50
181128 20.375 20.0 70.362 50
181159 20.375 20.0 70.425 50
181229 20.375 20.0 70.425 50
181259 20.375 20.0 70.487 50
181329 20.375 20.0 70.487 50
181359 20.375 20.0 70.487 50
181429 20.375 20.0 70.487 50
181459 20.625 20.0 70.487 50
181530 20.625 20.0 70.425 50
181600 20.625 20.0 70.362 50
181630 20.625 20.0 70.237 50
181701 20.625 20.0 70.05 50
181731 20.937 20.0 69.737 0
181802 20.937 20.0 69.3 0
181832 20.937 20.0 68.862 0
181902 20.937 20.0 68.237 0
181933 20.937 20.0 67.612 0
182003 20.937 20.0 67.112 0
182033 20.937 20.0 66.8 0
182104 20.937 20.0 66.612 0
182134 20.937 20.0 66.425 0
182204 20.937 20.0 66.3 0
182234 20.937 20.0 66.237 0
182304 20.937 20.0 66.112 0
182335 20.937 20.0 66.05 0
182406 20.937 20.0 65.987 0
182436 20.937 20.0 65.925 0
182506 20.875 20.0 65.862 0
182537 20.875 20.0 65.8 0
182608 20.875 20.0 65.737 0
182638 20.875 20.0 65.737 0
182709 20.875 20.0 65.675 0
182740 20.812 20.0 65.612 0
182810 20.812 20.0 65.55 0
182841 20.812 20.0 65.487 0
182912 20.812 20.0 65.425 0
182942 20.812 20.0 65.362 0
183013 20.75 20.0 65.3 0
183044 20.75 20.0 65.237 0
183115 20.75 20.0 65.175 0
183145 20.75 20.0 65.112 0
183216 20.75 20.0 65.05 0
183246 20.75 20.0 64.987 0
183316 20.75 20.0 64.987 0
183347 20.75 20.0 64.925 0
183417 20.75 20.0 64.862 0
183449 20.75 20.0 64.8 0
183520 20.75 20.0 64.612 0
183550 20.75 20.0 64.237 0
183620 20.75 20.0 63.737 0
183651 20.75 20.0 62.987 0
183721 20.75 20.0 62.112 0
183752 20.75 20.0 61.175 0
183823 20.75 20.0 60.55 0
183853 20.75 20.0 60.175 0
183924 20.75 20.0 59.925 0
183955 20.687 20.0 59.737 0
184025 20.687 20.0 59.612 0
184056 20.687 20.0 59.55 0
184127 20.687 20.0 59.425 0
184158 20.687 20.0 59.425 0
184228 20.687 20.0 59.362 0
184258 20.687 20.0 59.3 0
184329 20.687 20.0 59.237 0
184400 20.687 20.0 59.237 0
184431 20.687 20.0 59.175 0
184501 20.625 20.0 59.112 0
184532 20.625 20.0 59.05 0
184603 20.625 20.0 59.05 0
184633 20.625 20.0 58.987 0
184703 20.625 20.0 58.925 0
184734 20.687 20.0 58.925 0
184804 20.687 20.0 58.862 0
184835 20.687 20.0 58.862 0
184906 20.687 20.0 58.8 0
184937 20.687 20.0 58.737 0
185007 20.687 20.0 58.737 0
185037 20.687 20.0 58.675 0
185107 20.687 20.0 58.612 0
185137 20.687 20.0 58.487 0
185208 20.687 20.0 58.175 0
185238 20.687 20.0 57.925 0
185308 20.687 20.0 57.737 0
185338 20.687 20.0 57.55 0
185408 20.687 20.0 57.425 0
185439 20.687 20.0 57.362 0
185510 20.687 20.0 57.487 0
185540 20.687 20.0 57.55 0
185610 20.687 20.0 57.675 0
185641 20.687 20.0 57.8 0
185711 20.687 20.0 57.925 0
185742 20.687 20.0 57.987 0
185812 20.687 20.0 58.112 0
185843 20.687 20.0 58.175 0
185913 20.687 20.0 58.237 0
185943 20.687 20.0 58.3 0
190014 20.625 20.0 58.362 0
190045 20.625 20.0 58.425 0
190115 20.625 20.0 58.487 0
190145 20.625 20.0 58.487 0
190216 20.625 20.0 58.55 0
190246 20.625 20.0 58.612 0
190317 20.625 20.0 58.612 0
190347 20.625 20.0 58.737 0
190418 20.625 20.0 58.8 0
190449 20.625 20.0 58.862 0
190519 20.625 20.0 58.925 0
190550 20.625 20.0 59.05 0
190621 20.625 20.0 59.112 0
190651 20.625 20.0 59.237 0
190724 20.625 20.0 59.362 0
190755 20.625 20.0 59.487 0
190825 20.625 20.0 59.55 0
190855 20.625 20.0 59.55 0
190926 20.625 20.0 59.612 0
190956 20.625 20.0 59.675 0
191027 20.625 20.0 59.737 0
191057 20.625 20.0 59.737 0
191128 20.625 20.0 59.737 0
191159 20.625 20.0 59.8 0
191229 20.562 20.0 59.862 0
191259 20.562 20.0 59.862 0
191329 20.562 20.0 59.862 0
191400 20.562 20.0 59.925 0
191431 20.562 20.0 59.925 0
191501 20.562 20.0 59.987 0
191532 20.562 20.0 59.987 0
191602 20.562 20.0 59.987 0
191633 20.562 20.0 60.05 0
191704 20.562 20.0 60.05 0
191735 20.5 20.0 60.112 0
191805 20.5 20.0 60.112 0
191835 20.5 20.0 60.112 0
191905 20.5 20.0 60.112 0
191936 20.5 20.0 60.175 0
192007 20.5 20.0 60.175 0
192037 20.5 20.0 60.237 0
192108 20.5 20.0 60.237 0
192138 20.5 20.0 60.237 0
192209 20.5 20.0 60.237 0
192239 20.5 20.0 60.3 0
192310 20.5 20.0 60.3 0
192341 20.5 20.0 60.3 0
192411 20.5 20.0 60.362 0
192442 20.5 20.0 60.362 0
192513 20.5 20.0 60.425 0
192543 20.5 20.0 60.425 0
192614 20.5 20.0 60.425 0
192644 20.5 20.0 60.425 0
192715 20.5 20.0 60.487 0
192745 20.562 20.0 60.425 0
192816 20.562 20.0 60.487 0
192846 20.562 20.0 60.487 0
192917 20.562 20.0 60.487 0
192948 20.562 21.0 60.55 0
193018 20.687 21.0 60.55 50
193049 20.687 21.0 60.55 50
193119 20.687 21.0 60.55 50
193150 20.687 21.0 60.55 50
193220 20.687 21.0 60.612 50
193251 20.75 21.0 60.612 50
193321 20.75 21.0 60.612 50
193352 20.75 21.0 60.612 50
193422 20.75 21.0 60.612 50
193453 20.75 21.0 60.612 50
193523 20.75 21.0 60.55 50
193553 20.75 21.0 60.55 50
193624 20.75 21.0 60.487 50
193655 20.75 21.0 60.425 50
193728 20.875 21.0 60.362 50
193758 20.875 21.0 60.175 50
193828 20.875 21.0 59.862 0
193859 20.875 21.0 59.425 0
193929 20.875 21.0 59.112 0
194000 21.0 21.0 58.925 0
194030 21.0 21.0 58.737 0
194101 21.0 21.0 58.612 0
194131 21.0 21.0 58.55 0
194202 21.0 21.0 58.487 0
194232 21.062 21.0 58.425 0
194303 21.062 21.0 58.362 0
194333 21.062 21.0 58.3 0
194403 21.062 21.0 58.237 0
194434 21.062 21.0 58.175 0
194504 21.0 21.0 58.175 0
194534 21.0 21.0 58.112 0
194604 21.0 21.0 58.05 0
194635 21.0 21.0 57.987 0
194706 21.0 21.0 57.987 0
194736 21.0 21.0 57.925 0
194806 21.0 21.0 57.862 0
194836 21.0 21.0 57.8 0
194907 21.0 21.0 57.8 0
194938 21.0 21.0 57.737 0
195008 21.0 21.0 57.675 0
195038 21.0 21.0 57.612 0
195109 21.0 21.0 57.612 0
195140 21.0 21.0 57.55 0
195210 21.0 21.0 57.487 0
195241 21.0 21.0 57.3 0
195311 21.0 21.0 57.05 0
195341 21.0 21.0 56.612 0
195412 21.0 21.0 55.987 0
195442 21.0 21.0 55.3 0
195513 21.0 21.0 54.487 0
195543 21.0 21.0 53.862 0
195614 21.0 21.0 53.425 0
195644 21.0 21.0 53.175 0
195714 21.0 21.0 52.987 0
195745 21.0 21.0 52.925 0
195815 21.0 21.0 52.862 0
195846 21.0 21.0 52.925 0
195916 21.0 21.0 52.987 0
195947 21.0 21.0 53.3 0
200017 21.0 21.0 54.112 0
200048 21.0 21.0 55.05 0
200118 21.0 21.0 56.112 0
200148 21.0 21.0 57.362 0
200219 21.0 21.0 58.55 0
200249 20.937 21.0 59.8 0
200319 20.937 21.0 61.175 50
200350 20.937 21.0 62.612 50
200421 20.937 21.0 63.987 50
200451 20.937 21.0 64.987 50
200522 20.875 21.0 65.8 50
200552 20.875 21.0 66.425 50
200622 20.875 21.0 66.925 50
200653 20.875 21.0 67.237 50
200724 20.875 21.0 67.487 50
200754 20.875 21.0 67.675 50
200825 20.875 21.0 67.862 50
200855 20.875 21.0 68.05 50
200926 20.875 21.0 68.175 50
200956 20.875 21.0 68.3 50
201027 21.0 21.0 68.362 50
201057 21.0 21.0 68.425 50
201127 21.0 21.0 68.425 50
201158 21.0 21.0 68.487 50
201229 21.0 21.0 68.425 50
201259 21.062 21.0 68.362 0
201329 21.062 21.0 68.3 0
201400 21.062 21.0 68.3 0
201430 21.062 21.0 68.237 0
201500 21.062 21.0 68.175 0
201531 21.125 21.0 68.175 0
201601 21.125 21.0 68.112 0
201632 21.125 21.0 68.112 0
201703 21.125 21.0 68.05 0
201735 21.125 21.0 68.05 0
201806 21.125 21.0 68.05 0
201836 21.125 21.0 67.987 0
201906 21.125 21.0 67.987 0
201936 21.125 21.0 67.925 0
202007 21.0 21.0 67.925 0
202037 21.0 21.0 67.925 0
202108 21.0 21.0 67.862 0
202138 21.0 21.0 67.862 0
202209 21.0 21.0 67.862 0
202239 20.937 21.0 67.8 50
202310 20.937 21.0 67.8 50
202340 20.937 21.0 67.737 50
202410 20.937 21.0 67.55 50
202441 20.937 21.0 67.112 50
202512 21.0 21.0 66.237 50
202542 21.0 21.0 64.612 50
202612 21.0 21.0 62.3 50
202643 21.0 21.0 59.862 0
202713 21.0 21.0 57.987 0
202743 21.0 21.0 56.737 0
202813 21.0 21.0 55.925 0
202843 21.0 21.0 55.425 0
202914 21.0 21.0 55.112 0
202944 21.0 21.0 54.862 0
203015 21.062 21.0 54.8 0
203046 21.062 21.0 54.737 0
203116 21.062 21.0 54.8 0
203147 21.062 21.0 54.862 0
203217 21.062 21.0 55.112 0
203248 21.0 21.0 55.487 0
203319 21.0 21.0 56.05 0
203349 21.0 21.0 56.862 0
203420 21.0 21.0 57.862 0
203450 21.0 21.0 59.05 0
203521 20.937 21.0 60.3 50
203552 20.937 21.0 61.425 50
203622 20.937 21.0 62.612 50
203653 20.937 21.0 63.675 50
203723 20.937 21.0 64.487 50
203754 21.0 21.0 65.175 50
203825 21.0 21.0 65.675 50
203855 21.0 21.0 66.05 50
203926 21.0 21.0 66.3 50
203957 21.0 21.0 66.487 50
204027 21.0 21.0 66.612 50
204058 21.0 21.0 66.737 50
204129 21.0 21.0 66.8 50
204159 21.0 21.0 66.925 50
204230 21.0 21.0 66.987 50
204301 21.062 21.0 67.05 0
204331 21.062 21.0 67.112 0
204402 21.062 21.0 67.112 0
204432 21.062 21.0 67.175 0
204503 21.062 21.0 67.175 0
204533 21.062 21.0 67.175 0
204603 21.062 21.0 67.175 0
204634 21.062 21.0 67.175 0
204704 21.062 21.0 67.175 0
204735 21.062 21.0 67.175 0
204806 21.062 21.0 67.112 0
204836 21.062 21.0 67.112 0
204907 21.062 21.0 67.112 0
204938 21.062 21.0 67.112 0
205009 21.125 21.0 67.112 0
205039 21.125 21.0 67.112 0
205110 21.125 21.0 67.175 0
205141 21.125 21.0 67.175 0
205211 21.125 21.0 67.175 0
205242 21.0 21.0 67.175 0
205313 21.0 21.0 67.175 0
205343 21.0 21.0 67.175 0
205414 21.0 21.0 67.175 0
205444 21.0 21.0 67.175 0
205515 20.875 21.0 67.175 50
205545 20.875 21.0 67.175 50
205615 20.875 21.0 67.175 50
205646 20.875 21.0 67.112 50
205717 20.875 21.0 67.05 50
205748 20.75 21.0 66.8 50
205818 20.75 21.0 66.425 50
205849 20.75 21.0 65.737 50
205919 20.75 21.0 64.862 50
205950 20.75 21.0 63.675 50
210020 20.75 21.0 62.425 50
210050 20.75 21.0 61.237 50
210120 20.75 21.0 60.237 50
210151 20.75 21.0 59.425 0
210221 20.75 21.0 58.925 0
210251 20.812 21.0 58.487 0
210322 20.812 21.0 58.237 0
210353 20.812 21.0 57.987 0
210424 20.812 21.0 57.8 0
210454 20.812 21.0 57.737 0
210524 20.75 21.0 57.612 0
210554 20.75 21.0 57.612 0
210624 20.75 21.0 57.55 0
210655 20.75 21.0 57.487 0
210726 20.75 21.0 57.487 0
210757 20.812 21.0 57.425 0
210827 20.812 21.0 57.425 0
210857 20.812 21.0 57.425 0
210927 20.812 21.0 57.425 0
210958 20.812 21.0 57.425 0
211028 20.812 21.0 57.362 0
211058 20.812 21.0 57.362 0
211129 20.812 21.0 57.362 0
211159 20.812 21.0 57.362 0
211230 20.812 21.0 57.3 0
211301 20.687 21.0 57.3 0
211331 20.687 21.0 57.3 0
211402 20.687 21.0 57.3 0
211432 20.687 21.0 57.3 0
211503 20.687 21.0 57.3 0
211533 20.687 21.0 57.3 0
211604 20.687 21.0 57.237 0
211634 20.687 21.0 57.237 0
211705 20.687 21.0 57.175 0
211735 20.687 21.0 57.05 0
211805 20.625 21.0 56.862 0
211836 20.625 21.0 56.55 0
211907 20.625 21.0 56.237 0
211937 20.625 21.0 55.8 0
212007 20.625 21.0 55.55 0
212038 20.562 21.0 55.3 0
212109 20.562 21.0 55.237 0
212139 20.562 21.0 55.175 0
212210 20.562 21.0 55.237 0
212240 20.562 21.0 55.425 0
212311 20.5 21.0 55.925 0
212342 20.5 21.0 56.737 0
212413 20.5 21.0 57.737 0
212443 20.5 21.0 58.737 0
212515 20.562 21.0 60.05 0
212545 20.562 21.0 61.3 50
212615 20.562 21.0 62.362 50
212646 20.562 21.0 63.425 50
212717 20.562 21.0 64.237 50
212747 20.562 21.0 64.925 50
212818 20.562 21.0 65.425 50
212848 20.562 21.0 65.737 50
212919 20.562 21.0 65.987 50
212950 20.562 21.0 66.237 50
213021 20.625 21.0 66.362 50
213051 20.625 21.0 66.487 50
213122 20.625 21.0 66.612 50
213152 20.625 21.0 66.737 50
213223 20.625 21.0 66.8 50
213254 20.75 21.0 66.862 50
213324 20.75 21.0 66.925 50
213354 20.75 21.0 66.925 50
213425 20.75 21.0 66.987 50
213455 20.75 21.0 66.925 50
213526 20.937 21.0 66.862 50
213556 20.937 21.0 66.737 50
213627 20.937 21.0 66.362 50
213657 20.937 21.0 65.737 50
213727 20.937 21.0 64.612 50
213757 20.875 21.0 63.112 50
213828 20.875 21.0 61.175 50
213858 20.875 21.0 59.112 0
213929 20.875 21.0 57.425 0
213959 20.875 21.0 56.237 0
214029 20.937 21.0 55.612 0
214100 20.937 21.0 55.175 0
214131 20.937 21.0 54.862 0
214201 20.937 21.0 54.55 0
214232 20.937 21.0 54.612 0
214303 21.0 21.0 54.862 0
214333 21.0 21.0 55.3 0
214404 21.0 21.0 56.05 0
214434 21.0 21.0 56.987 0
214505 21.0 21.0 57.987 0
214535 20.937 21.0 59.175 0
214605 20.937 21.0 60.55 50
214636 20.937 21.0 61.8 50
214707 20.937 21.0 63.05 50
214737 20.937 21.0 64.175 50
214808 20.937 21.0 64.987 50
214838 20.937 21.0 65.55 50
214909 20.937 21.0 65.987 50
214940 20.937 21.0 66.362 50
215011 20.937 21.0 66.55 50
215041 20.937 21.0 66.737 50
215111 20.937 21.0 66.987 50
215141 20.937 21.0 67.112 50
215211 20.937 21.0 67.237 50
215241 20.937 21.0 67.3 50
215311 20.937 21.0 67.362 50
215342 20.937 21.0 67.3 50
215412 20.937 21.0 67.3 50
215443 20.937 21.0 67.3 50
215513 20.937 21.0 67.3 50
215543 21.0 21.0 67.237 50
215614 21.0 21.0 67.237 50
215644 21.0 21.0 66.987 50
215715 21.0 21.0 66.55 50
215746 21.0 21.0 65.8 50
215817 21.062 21.0 64.8 0
215847 21.062 21.0 64.175 0
215917 21.062 21.0 63.737 0
215948 21.062 21.0 63.425 0
220020 21.125 21.0 63.237 0
220050 21.125 21.0 63.112 0
220120 21.125 21.0 62.987 0
220151 21.125 21.0 62.925 0
220221 21.125 16.0 62.862 0
220252 21.187 16.0 62.8 0
220323 21.187 16.0 62.8 0
220353 21.187 16.0 62.737 0
220423 21.187 16.0 62.737 0
220454 21.187 16.0 62.675 0
220525 21.062 16.0 62.612 0
220556 21.062 16.0 62.55 0
220626 21.062 16.0 62.55 0
220656 21.062 16.0 62.487 0
220727 21.062 16.0 62.425 0
220757 21.125 16.0 62.3 0
220827 21.125 16.0 62.05 0
220858 21.125 16.0 61.55 0
220928 21.125 16.0 61.05 0
220958 21.125 16.0 60.55 0
221029 21.125 16.0 60.237 0
221059 21.125 16.0 59.987 0
221129 21.125 16.0 59.862 0
221200 21.125 16.0 59.8 0
221230 21.125 16.0 59.737 0
221301 21.062 16.0 59.675 0
221332 21.062 16.0 59.675 0
221402 21.062 16.0 59.675 0
221432 21.062 16.0 59.675 0
221503 21.062 16.0 59.737 0
221533 21.062 16.0 59.737 0
221604 21.062 16.0 59.8 0
221634 21.062 16.0 59.862 0
221704 21.062 16.0 59.925 0
221735 21.062 16.0 60.05 0
221805 21.0 16.0 60.112 0
221836 21.0 16.0 60.237 0
221907 21.0 16.0 60.237 0
221938 21.0 16.0 60.3 0
222008 21.0 16.0 60.425 0
222038 20.937 16.0 60.487 0
222109 20.937 16.0 60.55 0
222140 20.937 16.0 60.675 0
222210 20.937 16.0 60.737 0
222240 20.937 16.0 60.862 0
222311 20.875 16.0 60.987 0
222342 20.875 16.0 61.05 0
222412 20.875 16.0 61.175 0
222442 20.875 16.0 61.237 0
222513 20.875 16.0 61.362 0
222543 20.875 16.0 61.487 0
222614 20.875 16.0 61.487 0
222644 20.875 16.0 61.612 0
222715 20.875 16.0 61.675 0
222746 20.875 16.0 61.737 0
222816 20.937 16.0 61.737 0
222847 20.937 16.0 61.8 0
222918 20.937 16.0 61.862 0
222948 20.937 16.0 61.925 0
223019 20.937 16.0 61.925 0
223050 20.875 16.0 61.987 0
223120 20.875 16.0 61.987 0
223151 20.875 16.0 61.987 0
223221 20.875 16.0 62.05 0
223253 20.812 16.0 62.112 0
223323 20.812 16.0 62.112 0
223354 20.812 16.0 62.175 0
223425 20.812 16.0 62.175 0
223455 20.812 16.0 62.237 0
223526 20.75 16.0 62.237 0
223556 20.75 16.0 62.3 0
223627 20.75 16.0 62.362 0
223657 20.75 16.0 62.425 0
223728 20.75 16.0 62.487 0
223758 20.812 16.0 62.55 0
223828 20.812 16.0 62.612 0
223859 20.812 16.0 62.675 0
223929 20.812 16.0 62.737 0
223959 20.812 16.0 62.8 0
224029 20.875 16.0 62.862 0
224100 20.875 16.0 62.925 0
224131 20.875 16.0 62.987 0
224201 20.875 16.0 63.05 0
224232 20.875 16.0 63.112 0
224303 20.875 16.0 63.175 0
224333 20.875 16.0 63.175 0
224404 20.875 16.0 63.237 0
224434 20.875 16.0 63.237 0
224504 20.875 16.0 63.3 0
224535 20.875 16.0 63.3 0
224605 20.875 16.0 63.362 0
224636 20.875 16.0 63.362 0
224707 20.875 16.0 63.362 0
224738 20.875 16.0 63.425 0
224808 20.875 16.0 63.362 0
224838 20.875 16.0 63.425 0
224909 20.875 16.0 63.675 0
224939 20.875 16.0 63.862 0
225010 20.875 16.0 63.987 0
225040 20.875 16.0 64.112 0
225111 20.875 16.0 64.237 0
225141 20.875 16.0 64.362 0
225212 20.875 16.0 64.487 0
225242 20.875 16.0 64.55 0
225313 20.875 16.0 64.675 0
225344 20.875 16.0 64.8 0
225414 20.875 16.0 64.862 0
225444 20.875 16.0 64.987 0
225515 20.875 16.0 65.05 0
225545 20.875 16.0 65.112 0
225615 20.875 16.0 65.175 0
225646 20.875 16.0 65.237 0
225717 20.875 16.0 65.3 0
225747 20.875 16.0 65.425 0
225818 20.875 16.0 65.487 0
225848 20.875 16.0 65.55 0
225918 20.875 16.0 65.612 0
225948 20.875 16.0 65.612 0
230018 20.875 10.0 65.675 0
230049 20.875 10.0 65.737 0
230119 20.875 10.0 65.737 0
230150 20.875 10.0 65.8 0
230220 20.875 10.0 65.862 0
230251 20.875 10.0 65.862 0
230321 20.937 10.0 65.925 0
230351 20.937 10.0 65.925 0
230421 20.937 10.0 65.987 0
230452 20.937 10.0 65.987 0
230522 20.937 10.0 65.987 0
230553 20.875 10.0 66.05 0
230624 20.875 10.0 66.05 0
230654 20.875 10.0 66.05 0
230725 20.875 10.0 66.112 0
230758 20.875 10.0 66.112 0
230828 20.875 10.0 66.05 0
230858 20.875 10.0 66.112 0
230929 20.875 10.0 66.175 0
230959 20.875 10.0 66.175 0
231030 20.812 10.0 66.237 0
231100 20.812 10.0 66.237 0
231131 20.812 10.0 66.3 0
231201 20.812 10.0 66.3 0
231232 20.812 10.0 66.362 0
231302 20.875 10.0 66.362 0
231332 20.875 10.0 66.425 0
231403 20.875 10.0 66.487 0
231434 20.875 10.0 66.487 0
231504 20.875 10.0 66.55 0
231534 20.875 10.0 66.612 0
231604 20.875 10.0 66.675 0
231635 20.875 10.0 66.612 0
231705 20.875 10.0 66.612 0
231735 20.875 10.0 66.675 0
231806 20.875 10.0 66.737 0
231837 20.875 10.0 66.737 0
231907 20.875 10.0 66.862 0
231938 20.875 10.0 66.8 0
232009 20.875 10.0 66.8 0
232039 20.875 10.0 66.8 0
232110 20.875 10.0 66.8 0
232140 20.875 10.0 66.8 0
232211 20.875 10.0 66.862 0
232242 20.875 10.0 66.925 0
232313 20.875 10.0 66.862 0
232343 20.875 10.0 66.925 0
232414 20.875 10.0 66.925 0
232445 20.875 10.0 66.925 0
232515 20.875 10.0 66.925 0
232545 20.875 10.0 66.925 0
232615 20.875 10.0 66.862 0
232646 20.875 10.0 66.862 0
232716 20.875 10.0 66.8 0
232746 20.875 10.0 66.8 0
232817 20.812 10.0 66.8 0
232847 20.812 10.0 66.925 0
232918 20.812 10.0 66.987 0
232948 20.812 10.0 66.987 0
233018 20.812 10.0 67.05 0
233049 20.812 10.0 67.05 0
233119 20.812 10.0 67.05 0
233149 20.812 10.0 66.987 0
233219 20.812 10.0 67.05 0
233250 20.812 10.0 67.05 0
233321 20.812 10.0 67.05 0
233351 20.812 10.0 67.05 0
233422 20.812 10.0 67.05 0
233452 20.812 10.0 66.987 0
233523 20.812 10.0 67.05 0
233553 20.875 10.0 66.987 0
233623 20.875 10.0 67.05 0
233654 20.875 10.0 66.987 0
233724 20.875 10.0 66.987 0
233755 20.875 10.0 66.987 0
233826 20.875 10.0 67.112 0
233857 20.875 10.0 67.112 0
233927 20.875 10.0 66.987 0
233957 20.875 10.0 66.987 0
234028 20.875 10.0 67.05 0
234058 20.875 10.0 67.05 0
234129 20.875 10.0 67.05 0
234159 20.875 10.0 67.05 0
234229 20.875 10.0 66.987 0
234302 20.875 10.0 67.05 0
234332 20.875 10.0 67.05 0
234403 20.875 10.0 66.987 0
234434 20.875 10.0 67.05 0
234504 20.875 10.0 67.112 0
234535 20.812 10.0 67.175 0
234606 20.812 10.0 67.175 0
234636 20.812 10.0 67.175 0
234707 20.812 10.0 67.175 0
234737 20.812 10.0 67.175 0
234808 20.812 10.0 67.175 0
234838 20.812 10.0 67.175 0
234908 20.812 10.0 67.175 0
234939 20.812 10.0 67.175 0
235010 20.812 10.0 67.175 0
235040 20.812 10.0 67.3 0
235111 20.812 10.0 67.612 0
235141 20.812 10.0 67.737 0
235211 20.812 10.0 67.925 0
235242 20.812 10.0 68.05 0
235312 20.5 10.0 68.175 0
235343 20.5 10.0 68.3 0
235414 20.5 10.0 68.425 0
235445 20.5 10.0 68.55 0
235515 20.5 10.0 68.612 0
235546 20.062 10.0 68.675 0
235617 20.062 10.0 68.737 0
235647 20.062 10.0 68.737 0
235718 20.062 10.0 68.737 0
235748 20.062 10.0 68.737 0
235819 19.812 10.0 68.8 0
235850 19.812 10.0 68.8 0
