235910 19.375 10.0 17.362 0
235941 19.375 10.0 17.362 0
000011 19.375 10.0 17.362 0
000041 19.375 10.0 17.362 0
000111 19.375 10.0 17.362 0
000141 19.375 10.0 17.362 0
000212 19.375 10.0 17.362 0
000242 19.375 10.0 17.362 0
000312 19.375 10.0 17.362 0
000343 19.375 10.0 17.362 0
000413 19.375 10.0 17.362 0
000443 19.375 10.0 17.362 0
000514 19.375 10.0 17.362 0
000544 19.375 10.0 17.362 0
000614 19.375 10.0 17.362 0
000645 19.375 10.0 17.362 0
000716 19.375 10.0 17.362 0
000746 19.375 10.0 17.362 0
000816 19.375 10.0 17.362 0
000846 19.375 10.0 17.362 0
000916 19.375 10.0 17.362 0
000946 19.375 10.0 17.362 0
001017 19.375 10.0 17.362 0
001048 19.375 10.0 17.362 0
001118 19.375 10.0 17.362 0
001148 19.375 10.0 17.362 0
001219 19.375 10.0 17.362 0
001250 19.375 10.0 17.362 0
001320 19.375 10.0 17.362 0
001351 19.375 10.0 17.362 0
001422 19.375 10.0 17.362 0
001452 19.375 10.0 17.362 0
001522 19.375 10.0 17.362 0
001552 19.375 10.0 17.362 0
001623 19.375 10.0 17.362 0
001653 19.375 10.0 17.362 0
001724 19.375 10.0 17.362 0
001755 19.375 10.0 17.362 0
001825 19.375 10.0 17.362 0
001856 19.375 10.0 17.362 0
001926 19.375 10.0 17.362 0
001957 19.375 10.0 17.362 0
002027 19.375 10.0 17.362 0
002058 19.312 10.0 17.362 0
002128 19.312 10.0 17.362 0
002158 19.312 10.0 17.362 0
002229 19.312 10.0 17.362 0
002259 19.312 10.0 17.362 0
002330 19.312 10.0 17.362 0
002401 19.312 10.0 17.362 0
002431 19.312 10.0 17.362 0
002502 19.312 10.0 17.362 0
002532 19.312 10.0 17.362 0
002603 19.312 10.0 17.362 0
002633 19.312 10.0 17.362 0
002704 19.312 10.0 17.362 0
002734 19.312 10.0 17.362 0
002805 19.312 10.0 17.362 0
002835 19.312 10.0 17.362 0
002906 19.312 10.0 17.362 0
002937 19.312 10.0 17.362 0
003007 19.312 10.0 17.362 0
003038 19.312 10.0 17.362 0
003109 19.312 10.0 17.362 0
003139 19.312 10.0 17.362 0
003210 19.312 10.0 17.362 0
003240 19.312 10.0 17.362 0
003313 19.312 10.0 17.362 0
003344 19.312 10.0 17.362 0
003414 19.312 10.0 17.362 0
003445 19.312 10.0 17.362 0
003516 19.312 10.0 17.362 0
003546 19.25 10.0 17.362 0
003617 19.25 10.0 17.362 0
003647 19.25 10.0 17.362 0
003718 19.25 10.0 17.362 0
003748 19.25 10.0 17.362 0
003818 19.312 10.0 17.362 0
003849 19.312 10.0 17.362 0
003919 19.312 10.0 17.362 0
003950 19.312 10.0 17.362 0
004021 19.312 10.0 17.362 0
004052 19.25 10.0 17.362 0
004122 19.25 10.0 17.362 0
004153 19.25 10.0 17.362 0
004224 19.25 10.0 17.362 0
004254 19.25 10.0 17.362 0
004325 19.25 10.0 17.362 0
004356 19.25 10.0 17.362 0
004427 19.25 10.0 17.362 0
004457 19.25 10.0 17.362 0
004528 19.25 10.0 17.362 0
004558 19.25 10.0 17.362 0
004629 19.25 10.0 17.362 0
004700 19.25 10.0 17.362 0
004730 19.25 10.0 17.362 0
004800 19.25 10.0 17.362 0
004831 19.25 10.0 17.362 0
004901 19.25 10.0 17.362 0
004931 19.25 10.0 17.362 0
005001 19.25 10.0 17.362 0
005032 19.25 10.0 17.362 0
005102 19.25 10.0 17.362 0
005133 19.25 10.0 17.362 0
005203 19.25 10.0 17.362 0
005234 19.25 10.0 17.362 0
005304 19.25 10.0 17.362 0
005334 19.25 10.0 17.362 0
005405 19.25 10.0 17.362 0
005435 19.25 10.0 17.362 0
005506 19.25 10.0 17.362 0
005536 19.25 10.0 17.362 0
005606 19.25 10.0 17.362 0
005637 19.25 10.0 17.362 0
005708 19.25 10.0 17.362 0
005738 19.25 10.0 17.362 0
005808 19.25 10.0 17.362 0
005838 19.25 10.0 17.362 0
005909 19.25 10.0 17.362 0
005939 19.25 10.0 17.362 0
010009 19.25 10.0 17.362 0
010039 19.25 10.0 17.362 0
010109 19.25 10.0 17.362 0
010140 19.25 10.0 17.362 0
010210 19.25 10.0 17.362 0
010240 19.25 10.0 17.362 0
010310 19.25 10.0 17.362 0
010341 19.25 10.0 17.362 0
010411 19.25 10.0 17.362 0
010441 19.25 10.0 17.362 0
010512 19.25 10.0 17.362 0
010542 19.25 10.0 17.362 0
010613 19.25 10.0 17.362 0
010643 19.25 10.0 17.362 0
010714 19.25 10.0 17.362 0
010745 19.25 10.0 17.362 0
010815 19.25 10.0 17.362 0
010846 19.25 10.0 17.362 0
010916 19.25 10.0 17.362 0
010947 19.25 10.0 17.362 0
011018 19.25 10.0 17.362 0
011050 19.187 10.0 17.362 0
011120 19.187 10.0 17.362 0
011151 19.187 10.0 17.362 0
011222 19.187 10.0 17.362 0
011253 19.187 10.0 17.362 0
011323 19.187 10.0 17.362 0
011353 19.187 10.0 17.362 0
011424 19.187 10.0 17.362 0
011455 19.187 10.0 17.362 0
011525 19.187 10.0 17.362 0
011556 19.187 10.0 17.362 0
011627 19.187 10.0 17.362 0
011657 19.187 10.0 17.362 0
011728 19.187 10.0 17.362 0
011759 19.187 10.0 17.362 0
011829 19.187 10.0 17.362 0
011859 19.187 10.0 17.362 0
011930 19.187 10.0 17.362 0
012001 19.187 10.0 17.362 0
012032 19.187 10.0 17.362 0
012102 19.187 10.0 17.362 0
012133 19.187 10.0 17.362 0
012203 19.187 10.0 17.362 0
012234 19.187 10.0 17.362 0
012304 19.187 10.0 17.362 0
012334 19.187 10.0 17.362 0
012405 19.187 10.0 17.362 0
012436 19.187 10.0 17.362 0
012506 19.187 10.0 17.362 0
012537 19.187 10.0 17.362 0
012607 19.187 10.0 17.362 0
012638 19.187 10.0 17.362 0
012709 19.187 10.0 17.362 0
012739 19.187 10.0 17.362 0
012810 19.187 10.0 17.362 0
012841 19.187 10.0 17.362 0
012911 19.187 10.0 17.362 0
012942 19.187 10.0 17.362 0
013013 19.187 10.0 17.362 0
013043 19.187 10.0 17.362 0
013114 19.187 10.0 17.362 0
013145 19.187 10.0 17.362 0
013216 19.187 10.0 17.362 0
013246 19.187 10.0 17.362 0
013316 19.187 10.0 17.362 0
013347 19.187 10.0 17.362 0
013417 19.187 10.0 17.362 0
013448 19.187 10.0 17.362 0
013518 19.187 10.0 17.362 0
013549 19.187 10.0 17.362 0
013619 19.125 10.0 17.362 0
013649 19.125 10.0 17.362 0
013719 19.125 10.0 17.362 0
013750 19.125 10.0 17.362 0
013820 19.125 10.0 17.362 0
013850 19.187 10.0 17.362 0
013921 19.187 10.0 17.362 0
013952 19.187 10.0 17.362 0
014022 19.187 10.0 17.362 0
014054 19.187 10.0 17.362 0
014125 19.187 10.0 17.362 0
014155 19.187 10.0 17.362 0
014225 19.187 10.0 17.362 0
014256 19.187 10.0 17.362 0
014326 19.125 10.0 17.362 0
014357 19.125 10.0 17.362 0
014428 19.125 10.0 17.362 0
014458 19.125 10.0 17.362 0
014528 19.125 10.0 17.362 0
014558 19.125 10.0 17.362 0
014629 19.125 10.0 17.362 0
014659 19.125 10.0 17.362 0
014730 19.125 10.0 17.362 0
014800 19.125 10.0 17.362 0
014830 19.125 10.0 17.362 0
014901 19.125 10.0 17.362 0
014931 19.125 10.0 17.362 0
015001 19.125 10.0 17.362 0
015031 19.125 10.0 17.362 0
015101 19.187 10.0 17.362 0
015132 19.187 10.0 17.362 0
015203 19.187 10.0 17.362 0
015233 19.187 10.0 17.362 0
015304 19.187 10.0 17.362 0
015334 19.125 10.0 17.362 0
015405 19.125 10.0 17.362 0
015435 19.125 10.0 17.362 0
015505 19.125 10.0 17.362 0
015536 19.125 10.0 17.362 0
015606 19.125 10.0 17.362 0
015636 19.125 10.0 17.362 0
015707 19.125 10.0 17.362 0
015737 19.125 10.0 17.362 0
015807 19.125 10.0 17.362 0
015837 19.125 10.0 17.362 0
015908 19.125 10.0 17.362 0
015939 19.125 10.0 17.362 0
020009 19.125 10.0 17.362 0
020040 19.125 10.0 17.362 0
020111 19.125 10.0 17.362 0
020141 19.125 10.0 17.362 0
020211 19.125 10.0 17.362 0
020242 19.125 10.0 17.362 0
020312 19.125 10.0 17.362 0
020343 19.125 10.0 17.362 0
020413 19.125 10.0 17.362 0
020443 19.125 10.0 17.362 0
020513 19.125 10.0 17.362 0
020544 19.125 10.0 17.362 0
020614 19.125 10.0 17.362 0
020644 19.125 10.0 17.362 0
020714 19.125 10.0 17.362 0
020745 19.125 10.0 17.362 0
020816 19.125 10.0 17.362 0
020846 19.062 10.0 17.362 0
020917 19.062 10.0 17.362 0
020947 19.062 10.0 17.362 0
021018 19.062 10.0 17.362 0
021048 19.062 10.0 17.362 0
021119 19.125 10.0 17.362 0
021149 19.125 10.0 17.362 0
021220 19.125 10.0 17.362 0
021250 19.125 10.0 17.362 0
021320 19.125 10.0 17.362 0
021351 19.125 10.0 17.362 0
021421 19.125 10.0 17.362 0
021452 19.125 10.0 17.362 0
021523 19.125 10.0 17.362 0
021553 19.125 10.0 17.362 0
021624 19.125 10.0 17.362 0
021655 19.125 10.0 17.362 0
021725 19.125 10.0 17.362 0
021756 19.125 10.0 17.362 0
021828 19.062 10.0 17.362 0
021859 19.062 10.0 17.362 0
021930 19.062 10.0 17.362 0
022001 19.062 10.0 17.362 0
022031 19.062 10.0 17.362 0
022102 19.062 10.0 17.362 0
022132 19.062 10.0 17.362 0
022202 19.062 10.0 17.362 0
022233 19.062 10.0 17.362 0
022303 19.062 10.0 17.362 0
022333 19.062 10.0 17.362 0
022404 19.062 10.0 17.362 0
022434 19.062 10.0 17.362 0
022505 19.062 10.0 17.362 0
022536 19.062 10.0 17.362 0
022606 19.062 10.0 17.362 0
022637 19.062 10.0 17.362 0
022707 19.062 10.0 17.362 0
022737 19.062 10.0 17.362 0
022808 19.062 10.0 17.362 0
022838 19.062 10.0 17.362 0
022908 19.062 10.0 17.362 0
022939 19.062 10.0 17.362 0
023009 19.062 10.0 17.362 0
023040 19.062 10.0 17.362 0
023110 19.062 10.0 17.362 0
023141 19.062 10.0 17.362 0
023211 19.062 10.0 17.362 0
023242 19.062 10.0 17.362 0
023312 19.062 10.0 17.362 0
023343 19.062 10.0 17.362 0
023413 19.062 10.0 17.362 0
023443 19.062 10.0 17.362 0
023513 19.062 10.0 17.362 0
023543 19.062 10.0 17.362 0
023614 19.062 10.0 17.362 0
023644 19.062 10.0 17.362 0
023714 19.062 10.0 17.362 0
023744 19.062 10.0 17.362 0
023815 19.062 10.0 17.362 0
023846 19.062 10.0 17.362 0
023916 19.062 10.0 17.362 0
023947 19.062 10.0 17.362 0
024018 19.062 10.0 17.362 0
024048 19.062 10.0 17.362 0
024118 19.062 10.0 17.362 0
024148 19.062 10.0 17.362 0
024219 19.062 10.0 17.362 0
024250 19.062 10.0 17.362 0
024320 19.062 10.0 17.362 0
024350 19.062 10.0 17.362 0
024421 19.062 10.0 17.362 0
024451 19.062 10.0 17.362 0
024522 19.062 10.0 17.362 0
024553 19.062 10.0 17.362 0
024623 19.062 10.0 17.362 0
024654 19.062 10.0 17.362 0
024725 19.062 10.0 17.362 0
024755 19.062 10.0 17.362 0
024826 19.062 10.0 17.362 0
024857 19.062 10.0 17.362 0
024927 19.062 10.0 17.362 0
024958 19.062 10.0 17.362 0
025029 19.062 10.0 17.362 0
025101 19.0 10.0 17.362 0
025132 19.0 10.0 17.362 0
025202 19.0 10.0 17.362 0
025232 19.0 10.0 17.362 0
025302 19.0 10.0 17.362 0
025332 19.0 10.0 17.362 0
025403 19.0 10.0 17.362 0
025433 19.0 10.0 17.362 0
025504 19.0 10.0 17.362 0
025534 19.0 10.0 17.362 0
025605 19.0 10.0 17.362 0
025636 19.0 10.0 17.362 0
025706 19.0 10.0 17.362 0
025736 19.0 10.0 17.362 0
025806 19.0 10.0 17.362 0
025837 19.0 10.0 17.362 0
025908 19.0 10.0 17.362 0
025938 19.0 10.0 17.362 0
030008 19.0 10.0 17.362 0
030038 19.0 10.0 17.362 0
030108 19.0 10.0 17.362 0
030139 19.0 10.0 17.362 0
030209 19.0 10.0 17.362 0
030239 19.0 10.0 17.362 0
030309 19.0 10.0 17.362 0
030339 19.0 10.0 17.362 0
030410 19.0 10.0 17.362 0
030440 19.0 10.0 17.362 0
030510 19.0 10.0 17.362 0
030541 19.0 10.0 17.362 0
030611 19.0 10.0 17.362 0
030642 19.0 10.0 17.362 0
030712 19.0 10.0 17.362 0
030743 19.0 10.0 17.362 0
030814 19.0 10.0 17.362 0
030845 19.0 10.0 17.362 0
030915 19.0 10.0 17.362 0
030946 19.0 10.0 17.362 0
031017 19.0 10.0 17.362 0
031047 19.0 10.0 17.362 0
031118 19.0 10.0 17.362 0
031149 19.0 10.0 17.362 0
031219 19.0 10.0 17.362 0
031250 19.0 10.0 17.362 0
031320 19.0 10.0 17.362 0
031350 19.0 10.0 17.362 0
031421 19.0 10.0 17.362 0
031452 19.0 10.0 17.362 0
031522 19.0 10.0 17.362 0
031553 19.0 10.0 17.362 0
031623 19.0 10.0 17.362 0
031654 19.0 10.0 17.362 0
031724 19.0 10.0 17.362 0
031755 19.0 10.0 17.362 0
031826 19.0 10.0 17.362 0
031857 19.0 10.0 17.362 0
031927 19.0 10.0 17.362 0
031958 19.0 10.0 17.362 0
032028 19.0 10.0 17.362 0
032058 19.0 10.0 17.362 0
032128 19.0 10.0 17.362 0
032158 19.0 10.0 17.362 0
032229 19.0 10.0 17.362 0
032300 19.0 10.0 17.362 0
032330 19.0 10.0 17.362 0
032401 19.0 10.0 17.362 0
032431 19.0 10.0 17.362 0
032502 19.0 10.0 17.362 0
032532 19.0 10.0 17.362 0
032605 19.0 10.0 17.362 0
032635 19.0 10.0 17.362 0
032706 19.0 10.0 17.362 0
032736 19.0 10.0 17.362 0
032806 19.0 10.0 17.362 0
032837 19.0 10.0 17.362 0
032908 19.0 10.0 17.362 0
032938 19.0 10.0 17.362 0
033008 19.0 10.0 17.362 0
033038 19.0 10.0 17.362 0
033109 19.0 10.0 17.362 0
033139 19.0 10.0 17.362 0
033210 19.0 10.0 17.362 0
033240 19.0 10.0 17.362 0
033311 19.0 10.0 17.362 0
033341 19.0 10.0 17.362 0
033412 19.0 10.0 17.362 0
033442 19.0 10.0 17.362 0
033513 19.0 10.0 17.362 0
033544 19.0 10.0 17.362 0
033614 19.0 10.0 17.362 0
033644 19.0 10.0 17.362 0
033715 19.0 10.0 17.362 0
033745 19.0 10.0 17.362 0
033816 19.0 10.0 17.362 0
033846 19.0 10.0 17.362 0
033916 19.0 10.0 17.362 0
033947 19.0 10.0 17.362 0
034017 19.0 10.0 17.362 0
034048 19.0 10.0 17.362 0
034118 19.0 10.0 17.362 0
034148 19.0 10.0 17.362 0
034219 19.0 10.0 17.362 0
034249 19.0 10.0 17.362 0
034320 19.0 10.0 17.362 0
034351 19.0 10.0 17.362 0
034421 19.0 10.0 17.362 0
034451 19.0 10.0 17.362 0
034522 19.0 10.0 17.362 0
034552 19.0 10.0 17.362 0
034623 19.0 10.0 17.362 0
034654 19.0 10.0 17.362 0
034724 19.0 10.0 17.362 0
034755 19.0 10.0 17.362 0
034825 19.0 10.0 17.362 0
034856 19.0 10.0 17.362 0
034926 19.0 10.0 17.362 0
034957 19.0 10.0 17.362 0
035027 19.0 10.0 17.362 0
035058 19.0 10.0 17.362 0
035128 18.937 10.0 17.362 0
035158 18.937 10.0 17.362 0
035228 18.937 10.0 17.362 0
035258 18.937 10.0 17.362 0
035328 18.937 10.0 17.362 0
035359 18.937 10.0 17.362 0
035429 18.937 10.0 17.362 0
035459 18.937 10.0 17.362 0
035530 18.937 10.0 17.362 0
035600 18.937 10.0 17.362 0
035630 18.937 10.0 17.362 0
035700 18.937 10.0 17.362 0
035731 18.937 10.0 17.362 0
035801 18.937 10.0 17.362 0
035831 18.937 10.0 17.362 0
035901 18.937 10.0 17.362 0
035932 18.937 10.0 17.362 0
040002 18.937 10.0 17.362 0
040032 18.937 10.0 17.362 0
040102 18.937 10.0 17.362 0
040133 18.937 10.0 17.362 0
040204 18.937 10.0 17.362 0
040234 18.937 10.0 17.362 0
040305 18.937 10.0 17.362 0
040335 18.937 10.0 17.362 0
040406 18.937 10.0 17.362 0
040437 18.937 10.0 17.362 0
040507 18.937 10.0 17.362 0
040538 18.937 10.0 17.362 0
040608 18.937 10.0 17.362 0
040639 18.937 10.0 17.362 0
040709 18.937 10.0 17.362 0
040740 18.937 10.0 17.362 0
040811 18.937 10.0 17.362 0
040842 18.937 10.0 17.3 0
040913 18.937 10.0 17.362 0
040944 18.937 10.0 17.362 0
041014 18.937 10.0 17.362 0
041045 18.937 10.0 17.362 0
041115 18.937 10.0 17.362 0
041146 18.937 10.0 17.362 0
041217 18.937 10.0 17.362 0
041247 18.937 10.0 17.362 0
041318 18.937 10.0 17.362 0
041348 18.937 10.0 17.362 0
041419 18.937 10.0 17.362 0
041449 18.937 10.0 17.362 0
041520 18.937 10.0 17.362 0
041550 18.937 10.0 17.362 0
041621 18.937 10.0 17.362 0
041651 18.937 10.0 17.362 0
041722 18.937 10.0 17.362 0
041752 18.937 10.0 17.362 0
041822 18.937 10.0 17.3 0
041852 18.875 10.0 17.3 0
041923 18.875 10.0 17.362 0
041953 18.875 10.0 17.362 0
042023 18.875 10.0 17.362 0
042053 18.875 10.0 17.362 0
042124 18.937 10.0 17.362 0
042154 18.937 10.0 17.362 0
042225 18.937 10.0 17.362 0
042255 18.937 10.0 17.3 0
042325 18.937 10.0 17.3 0
042356 18.937 10.0 17.362 0
042426 18.937 10.0 17.362 0
042456 18.937 10.0 17.3 0
042527 18.937 10.0 17.362 0
042557 18.937 10.0 17.362 0
042628 18.875 10.0 17.3 0
042658 18.875 10.0 17.362 0
042729 18.875 10.0 17.3 0
042759 18.875 10.0 17.362 0
042829 18.875 10.0 17.3 0
042900 18.875 10.0 17.362 0
042930 18.875 10.0 17.3 0
043001 18.875 10.0 17.362 0
043032 18.875 10.0 17.362 0
043102 18.875 10.0 17.362 0
043132 18.875 10.0 17.3 0
043203 18.875 10.0 17.362 0
043233 18.875 10.0 17.3 0
043303 18.875 10.0 17.3 0
043334 18.875 10.0 17.362 0
043404 18.875 10.0 17.362 0
043434 18.875 10.0 17.3 0
043505 18.875 10.0 17.362 0
043535 18.875 10.0 17.3 0
043606 18.875 10.0 17.3 0
043636 18.875 10.0 17.3 0
043706 18.875 10.0 17.3 0
043736 18.875 10.0 17.3 0
043806 18.875 10.0 17.3 0
043837 18.875 10.0 17.3 0
043908 18.875 10.0 17.3 0
043939 18.875 10.0 17.3 0
044009 18.875 10.0 17.3 0
044040 18.875 10.0 17.3 0
044110 18.875 10.0 17.3 0
044140 18.875 10.0 17.3 0
044211 18.875 10.0 17.362 0
044242 18.875 10.0 17.3 0
044313 18.875 10.0 17.362 0
044343 18.875 10.0 17.3 0
044413 18.875 10.0 17.3 0
044443 18.875 10.0 17.3 0
044514 18.875 10.0 17.3 0
044544 18.875 10.0 17.3 0
044617 18.875 10.0 17.3 0
044648 18.875 10.0 17.3 0
044718 18.875 10.0 17.3 0
044748 18.875 10.0 17.362 0
044819 18.875 10.0 17.3 0
044849 18.875 10.0 17.3 0
044919 18.875 10.0 17.362 0
044950 18.875 10.0 17.362 0
045021 18.875 10.0 17.3 0
045051 18.875 10.0 17.3 0
045122 18.812 10.0 17.362 0
045152 18.812 10.0 17.3 0
045222 18.812 10.0 17.362 0
045253 18.812 10.0 17.3 0
045323 18.812 10.0 17.3 0
045353 18.875 10.0 17.3 0
045424 18.875 10.0 17.3 0
045454 18.875 10.0 17.3 0
045525 18.875 10.0 17.3 0
045556 18.875 10.0 17.3 0
045626 18.812 10.0 17.362 0
045657 18.812 10.0 17.3 0
045728 18.812 10.0 17.3 0
045758 18.812 10.0 17.3 0
045828 18.812 10.0 17.3 0
045858 18.812 10.0 17.3 0
045929 18.812 10.0 17.3 0
050000 18.812 10.0 17.3 0
050031 18.812 10.0 17.3 0
050101 18.812 10.0 17.3 0
050132 18.875 10.0 17.3 0
050203 18.875 10.0 17.3 0
050234 18.875 10.0 17.3 0
050304 18.875 10.0 17.3 0
050334 18.875 10.0 17.3 0
050404 18.812 10.0 17.3 0
050435 18.812 10.0 17.3 0
050505 18.812 10.0 17.3 0
050535 18.812 10.0 17.3 0
050606 18.812 10.0 17.3 0
050636 18.812 10.0 17.3 0
050706 18.812 10.0 17.3 0
050737 18.812 10.0 17.3 0
050807 18.812 10.0 17.3 0
050837 18.812 10.0 17.3 0
050908 18.812 10.0 17.3 0
050939 18.812 10.0 17.3 0
051009 18.812 10.0 17.3 0
051039 18.812 10.0 17.3 0
051110 18.812 10.0 17.3 0
051141 18.812 10.0 17.3 0
051211 18.812 10.0 17.3 0
051241 18.812 10.0 17.3 0
051312 18.812 10.0 17.3 0
051343 18.812 10.0 17.3 0
051414 18.812 10.0 17.3 0
051444 18.812 10.0 17.3 0
051515 18.812 10.0 17.3 0
051546 18.812 10.0 17.362 0
051616 18.812 10.0 17.3 0
051647 18.812 10.0 17.3 0
051717 18.812 10.0 17.3 0
051748 18.812 10.0 17.3 0
051818 18.812 10.0 17.3 0
051851 18.812 10.0 17.3 0
051922 18.812 10.0 17.3 0
051953 18.812 10.0 17.3 0
052023 18.812 10.0 17.3 0
052054 18.812 10.0 17.3 0
052125 18.812 10.0 17.3 0
052155 18.812 10.0 17.3 0
052226 18.812 10.0 17.3 0
052256 18.812 10.0 17.3 0
052327 18.812 10.0 17.3 0
052357 18.812 10.0 17.3 0
052428 18.812 10.0 17.3 0
052458 18.812 10.0 17.3 0
052529 18.812 10.0 17.3 0
052559 18.812 10.0 17.3 0
052629 18.812 10.0 17.3 0
052700 18.812 10.0 17.3 0
052731 18.812 10.0 17.3 0
052801 18.812 10.0 17.3 0
052831 18.812 10.0 17.3 0
052901 18.812 10.0 17.3 0
052932 18.812 10.0 17.3 0
053002 18.812 10.0 17.3 0
053033 18.812 10.0 17.3 0
053103 18.812 10.0 17.3 0
053134 18.812 10.0 17.3 0
053204 18.812 10.0 17.3 0
053235 18.812 10.0 17.3 0
053305 18.812 10.0 17.3 0
053336 18.812 10.0 17.3 0
053407 18.812 10.0 17.3 0
053437 18.812 10.0 17.3 0
053508 18.812 10.0 17.3 0
053539 18.812 10.0 17.3 0
053609 18.812 10.0 17.3 0
053639 18.812 10.0 17.3 0
053709 18.812 10.0 17.3 0
053740 18.812 10.0 17.3 0
053810 18.812 10.0 17.3 0
053841 18.812 10.0 17.3 0
053911 18.812 10.0 17.3 0
053941 18.812 10.0 17.3 0
054012 18.812 10.0 17.3 0
054042 18.812 10.0 17.3 0
054113 18.812 10.0 17.3 0
054144 18.75 10.0 17.3 0
054214 18.75 10.0 17.3 0
054245 18.75 10.0 17.3 0
054316 18.75 10.0 17.3 0
054346 18.75 10.0 17.3 0
054417 18.812 10.0 17.3 0
054447 18.812 10.0 17.3 0
054518 18.812 10.0 17.3 0
054548 18.812 10.0 17.3 0
054619 18.812 10.0 17.3 0
054649 18.75 10.0 17.3 0
054720 18.75 10.0 17.3 0
054750 18.75 10.0 17.3 0
054820 18.75 10.0 17.3 0
054851 18.75 10.0 17.3 0
054922 18.75 10.0 17.3 0
054952 18.75 10.0 17.3 0
055023 18.75 10.0 17.3 0
055053 18.75 10.0 17.3 0
055125 18.75 10.0 17.3 0
055156 18.75 10.0 17.3 0
055226 18.75 10.0 17.3 0
055257 18.75 10.0 17.3 0
055327 18.75 10.0 17.3 0
055358 18.75 10.0 17.3 0
055428 18.75 10.0 17.3 0
055459 18.75 10.0 17.3 0
055529 18.75 10.0 17.3 0
055559 18.75 10.0 17.3 0
055630 18.75 10.0 17.3 0
055701 18.75 10.0 17.3 0
055731 18.75 10.0 17.3 0
055802 18.75 10.0 17.3 0
055832 18.75 10.0 17.3 0
055903 18.75 10.0 17.3 0
055933 18.75 10.0 17.3 0
060004 18.75 10.0 17.3 0
060035 18.75 10.0 17.3 0
060105 18.75 10.0 17.3 0
060136 18.75 10.0 17.3 0
060206 18.75 10.0 17.3 0
060237 18.75 10.0 17.3 0
060307 18.75 10.0 17.3 0
060338 18.75 10.0 17.3 0
060409 18.75 10.0 17.3 0
060439 18.75 10.0 17.3 0
060509 18.75 10.0 17.3 0
060539 18.75 10.0 17.3 0
060610 18.75 10.0 17.3 0
060640 18.75 10.0 17.3 0
060710 18.75 10.0 17.3 0
060741 18.75 10.0 17.3 0
060811 18.75 10.0 17.3 0
060841 18.75 10.0 17.3 0
060912 18.75 10.0 17.3 0
060943 18.75 10.0 17.3 0
061013 18.75 10.0 17.3 0
061043 18.75 10.0 17.3 0
061114 18.75 10.0 17.3 0
061144 18.75 10.0 17.3 0
061214 18.75 10.0 17.3 0
061245 18.75 10.0 17.3 0
061315 18.75 10.0 17.3 0
061346 18.75 10.0 17.3 0
061417 18.687 10.0 17.3 0
061447 18.687 10.0 17.3 0
061518 18.687 10.0 17.3 0
061549 18.687 10.0 17.3 0
061619 18.687 10.0 17.3 0
061649 18.687 10.0 17.3 0
061720 18.687 10.0 17.3 0
061751 18.687 10.0 17.3 0
061821 18.687 10.0 17.3 0
061852 18.687 10.0 17.3 0
061922 18.687 10.0 17.3 0
061953 18.687 10.0 17.3 0
062023 18.687 10.0 17.3 0
062054 18.687 10.0 17.3 0
062125 18.687 10.0 17.3 0
062155 18.687 10.0 17.3 0
062226 18.687 10.0 17.3 0
062257 18.687 10.0 17.3 0
062327 18.687 10.0 17.3 0
062400 18.687 10.0 17.3 0
062431 18.687 10.0 17.3 0
062501 18.687 10.0 17.3 0
062532 18.687 10.0 17.3 0
062603 18.687 10.0 17.3 0
062634 18.687 10.0 17.3 0
062704 18.687 10.0 17.3 0
062735 18.687 10.0 17.3 0
062806 18.687 10.0 17.3 0
062836 18.687 10.0 17.3 0
062907 18.687 10.0 17.3 0
062938 18.687 10.0 17.3 0
063008 18.687 10.0 17.3 0
063039 18.687 10.0 17.3 0
063110 18.687 10.0 17.3 0
063140 18.687 10.0 17.3 0
063211 18.687 10.0 17.3 0
063241 18.687 10.0 17.3 0
063312 18.687 10.0 17.3 0
063342 18.687 10.0 17.3 0
063412 18.687 10.0 17.3 0
063443 18.687 10.0 17.3 0
063513 18.687 10.0 17.3 0
063544 18.687 10.0 17.3 0
063614 18.687 10.0 17.3 0
063645 18.687 10.0 17.3 0
063715 18.687 10.0 17.3 0
063745 18.687 10.0 17.3 0
063815 18.687 10.0 17.3 0
063846 18.687 10.0 17.3 0
063917 18.687 10.0 17.3 0
063948 18.687 10.0 17.3 0
064018 18.687 10.0 17.3 0
064048 18.687 10.0 17.3 0
064119 18.687 10.0 17.3 0
064149 18.687 10.0 17.3 0
064219 18.687 10.0 17.3 0
064250 18.687 10.0 17.3 0
064320 18.687 10.0 17.3 0
064351 18.687 10.0 17.3 0
064421 18.687 10.0 17.3 0
064452 18.687 10.0 17.3 0
064523 18.687 10.0 17.3 0
064553 18.687 10.0 17.3 0
064624 18.687 10.0 17.3 0
064655 18.687 10.0 17.3 0
064726 18.687 10.0 17.3 0
064756 18.687 10.0 17.3 0
064827 18.687 10.0 17.3 0
064857 18.687 10.0 17.3 0
064928 18.687 10.0 17.3 0
064959 18.687 10.0 17.3 0
065029 18.687 10.0 17.3 0
065100 18.687 10.0 17.3 0
065130 18.687 10.0 17.3 0
065200 18.687 10.0 17.3 0
065231 18.687 10.0 17.3 0
065301 18.687 10.0 17.3 0
065331 18.687 10.0 17.3 0
065401 18.687 10.0 17.3 0
065432 18.687 10.0 17.3 0
065502 18.687 10.0 17.3 0
065532 18.687 10.0 17.3 0
065602 18.687 10.0 17.3 0
065635 18.687 10.0 17.3 0
065706 18.687 10.0 17.3 0
065736 18.687 10.0 17.3 0
065807 18.687 10.0 17.3 0
065837 18.687 10.0 17.3 0
065908 18.687 10.0 17.3 0
065938 18.687 10.0 17.3 0
070009 18.687 10.0 17.3 0
070039 18.687 10.0 17.3 0
070109 18.687 10.0 17.3 0
070140 18.687 10.0 17.3 0
070210 18.687 10.0 17.3 0
070240 18.687 10.0 17.3 0
070310 18.687 10.0 17.3 0
070340 18.687 10.0 17.3 0
070411 18.687 10.0 17.3 0
070441 18.687 10.0 17.3 0
070512 18.687 10.0 17.3 0
070543 18.687 10.0 17.3 0
070614 18.687 10.0 17.3 0
070644 18.75 10.0 17.3 0
070715 18.75 10.0 17.3 0
070746 18.75 10.0 17.3 0
070816 18.75 10.0 17.3 0
070847 18.75 10.0 17.3 0
070917 18.687 10.0 17.3 0
070947 18.687 10.0 17.3 0
071018 18.687 10.0 17.3 0
071048 18.687 10.0 17.3 0
071118 18.687 10.0 17.3 0
071149 18.75 10.0 17.3 0
071219 18.75 10.0 17.3 0
071250 18.75 10.0 17.3 0
071320 18.75 10.0 17.3 0
071350 18.75 10.0 17.3 0
071420 18.75 10.0 17.3 0
071451 18.75 10.0 17.3 0
071521 18.75 10.0 17.3 0
071552 18.75 10.0 17.3 0
071623 18.75 10.0 17.3 0
071653 18.687 10.0 17.3 0
071724 18.687 10.0 17.3 0
071754 18.687 10.0 17.3 0
071825 18.687 10.0 17.3 0
071856 18.687 10.0 17.3 0
071926 18.687 10.0 17.3 0
071957 18.687 10.0 17.3 0
072028 18.687 10.0 17.3 0
072058 18.687 10.0 17.3 0
072128 18.687 10.0 17.3 0
072158 18.687 10.0 17.3 0
072228 18.687 10.0 17.3 0
072259 18.687 10.0 17.3 0
072330 18.687 10.0 17.3 0
072400 18.687 10.0 17.3 0
072431 18.687 10.0 17.3 0
072501 18.687 10.0 17.3 0
072531 18.687 10.0 17.3 0
072602 18.687 10.0 17.3 0
072632 18.687 10.0 17.3 0
072703 18.687 10.0 17.3 0
072734 18.687 10.0 17.3 0
072804 18.687 10.0 17.3 0
072834 18.687 10.0 17.3 0
072904 18.687 10.0 17.3 0
072934 18.687 10.0 17.3 0
073005 18.687 10.0 17.3 0
073035 18.687 10.0 17.3 0
073106 18.687 10.0 17.3 0
073136 18.687 10.0 17.3 0
073206 18.687 10.0 17.3 0
073237 18.687 10.0 17.3 0
073307 18.687 10.0 17.3 0
073338 18.687 10.0 17.3 0
073410 18.687 10.0 17.3 0
073441 18.687 10.0 17.3 0
073512 18.687 10.0 17.3 0
073542 18.687 10.0 17.3 0
073612 18.687 10.0 17.3 0
073643 18.75 10.0 17.3 0
073713 18.75 10.0 17.3 0
073744 18.75 10.0 17.3 0
073814 18.75 10.0 17.3 0
073845 18.75 10.0 17.3 0
073916 18.812 10.0 17.3 0
073946 18.812 10.0 17.3 0
074017 18.812 10.0 17.3 0
074048 18.812 10.0 17.3 0
074119 18.812 10.0 17.3 0
074149 18.812 10.0 17.3 0
074220 18.812 10.0 17.3 0
074251 18.812 10.0 17.3 0
074322 18.812 10.0 17.3 0
074352 18.812 10.0 17.3 0
074422 18.812 10.0 17.3 0
074453 18.812 10.0 17.3 0
074524 18.812 10.0 17.3 0
074554 18.812 10.0 17.3 0
074625 18.812 10.0 17.3 0
074656 18.812 10.0 17.3 0
074727 18.812 10.0 17.3 0
074757 18.812 10.0 17.3 0
074827 18.812 10.0 17.3 0
074858 18.812 10.0 17.3 0
074929 18.75 10.0 17.3 0
074959 18.75 10.0 17.3 0
075030 18.75 10.0 17.3 0
075100 18.75 10.0 17.3 0
075131 18.75 10.0 17.3 0
075202 18.75 10.0 17.3 0
075232 18.75 10.0 17.3 0
075303 18.75 10.0 17.3 0
075333 18.75 10.0 17.3 0
075403 18.75 10.0 17.3 0
075433 18.75 10.0 17.3 0
075504 18.75 10.0 17.3 0
075534 18.75 10.0 17.3 0
075605 18.75 10.0 17.3 0
075635 18.75 10.0 17.3 0
075706 18.75 10.0 17.3 0
075736 18.75 10.0 17.3 0
075807 18.75 10.0 17.3 0
075837 18.75 10.0 17.3 0
075907 18.75 10.0 17.3 0
075937 18.75 10.0 17.3 0
080007 18.75 10.0 17.3 0
080037 18.75 10.0 17.3 0
080108 18.75 10.0 17.3 0
080138 18.75 10.0 17.3 0
080208 18.687 10.0 17.3 0
080239 18.687 10.0 17.3 0
080309 18.687 10.0 17.3 0
080339 18.687 10.0 17.3 0
080410 18.687 10.0 17.3 0
080440 18.687 10.0 17.3 0
080510 18.687 10.0 17.3 0
080541 18.687 10.0 17.3 0
080612 18.687 10.0 17.3 0
080644 18.687 10.0 17.3 0
080714 18.687 10.0 17.3 0
080745 18.687 10.0 17.3 0
080815 18.687 10.0 17.3 0
080845 18.687 10.0 17.3 0
080916 18.687 10.0 17.3 0
080946 18.687 10.0 17.3 0
081016 18.687 10.0 17.3 0
081046 18.687 10.0 17.3 0
081116 18.687 10.0 17.3 0
081146 18.687 10.0 17.3 0
081217 18.687 10.0 17.3 0
081247 18.687 10.0 17.3 0
081318 18.687 10.0 17.3 0
081348 18.687 10.0 17.3 0
081419 18.687 10.0 17.3 0
081449 18.687 10.0 17.3 0
081519 18.687 10.0 17.3 0
081549 18.687 10.0 17.3 0
081619 18.687 10.0 17.3 0
081650 18.687 10.0 17.3 0
081720 18.687 10.0 17.3 0
081750 18.687 10.0 17.3 0
081820 18.687 10.0 17.3 0
081851 18.687 10.0 17.3 0
081922 18.687 10.0 17.3 0
081952 18.687 10.0 17.3 0
082023 18.687 10.0 17.3 0
082053 18.687 10.0 17.3 0
082123 18.687 10.0 17.3 0
082154 18.687 10.0 17.3 0
082224 18.687 10.0 17.3 0
082255 18.687 10.0 17.3 0
082325 18.687 10.0 17.3 0
082356 18.687 10.0 17.3 0
082426 18.687 10.0 17.3 0
082457 18.687 10.0 17.3 0
082528 18.687 10.0 17.3 0
082558 18.687 10.0 17.3 0
082629 18.687 10.0 17.3 0
082659 18.625 10.0 17.3 0
082730 18.625 10.0 17.3 0
082800 18.625 10.0 17.3 0
082831 18.625 10.0 17.237 0
082901 18.625 10.0 17.3 0
082932 18.625 10.0 17.3 0
083003 18.625 10.0 17.3 0
083033 18.625 10.0 17.3 0
083103 18.625 10.0 17.3 0
083134 18.625 10.0 17.3 0
083205 18.5 10.0 17.3 0
083235 18.5 10.0 17.3 0
083306 18.5 10.0 17.3 0
083337 18.5 10.0 17.3 0
083407 18.5 10.0 17.3 0
083438 18.5 10.0 17.3 0
083508 18.5 10.0 17.3 0
083538 18.5 10.0 17.3 0
083609 18.5 10.0 17.3 0
083639 18.5 10.0 17.3 0
083709 18.5 10.0 17.3 0
083740 18.5 10.0 17.3 0
083811 18.5 10.0 17.3 0
083841 18.5 10.0 17.3 0
083912 18.5 10.0 17.3 0
083942 18.562 10.0 17.3 0
084013 18.562 10.0 17.3 0
084043 18.562 10.0 17.3 0
084114 18.562 10.0 17.3 0
084144 18.562 10.0 17.3 0
084214 18.562 10.0 17.3 0
084245 18.562 10.0 17.3 0
084316 18.562 10.0 17.3 0
084347 18.562 10.0 17.3 0
084419 18.625 10.0 17.3 0
084449 18.625 10.0 17.3 0
084519 18.625 10.0 17.3 0
084549 18.625 10.0 17.3 0
084620 18.625 10.0 17.3 0
084651 18.687 10.0 17.3 0
084721 18.687 10.0 17.3 0
084751 18.687 10.0 17.3 0
084822 18.687 10.0 17.3 0
084853 18.687 10.0 17.237 0
084923 18.75 10.0 17.3 0
084953 18.75 10.0 17.3 0
085023 18.75 10.0 17.3 0
085054 18.75 10.0 17.3 0
085124 18.75 10.0 17.3 0
085154 18.812 10.0 17.3 0
085225 18.812 10.0 17.3 0
085255 18.812 10.0 17.3 0
085326 18.812 10.0 17.3 0
085356 18.812 10.0 17.3 0
085427 18.812 10.0 17.3 0
085458 18.812 10.0 17.3 0
085528 18.812 10.0 17.3 0
085559 18.812 10.0 17.3 0
085629 18.812 10.0 17.3 0
085700 18.875 10.0 17.3 0
085730 18.875 10.0 17.3 0
085801 18.875 10.0 17.3 0
085832 18.875 10.0 17.3 0
085903 18.875 10.0 17.3 0
085933 18.937 10.0 17.3 0
090003 18.937 10.0 17.3 0
090034 18.937 10.0 17.3 0
090104 18.937 10.0 17.3 0
090135 18.937 10.0 17.3 0
090205 18.937 10.0 17.3 0
090236 18.937 10.0 17.3 0
090306 18.937 10.0 17.3 0
090336 18.937 10.0 17.3 0
090406 18.937 10.0 17.3 0
090436 18.937 10.0 17.3 0
090507 18.937 10.0 17.3 0
090537 18.937 10.0 17.3 0
090607 18.937 10.0 17.3 0
090638 18.937 10.0 17.237 0
090709 18.937 10.0 17.3 0
090739 18.937 10.0 17.3 0
090810 18.937 10.0 17.237 0
090841 18.937 10.0 17.3 0
090911 18.937 10.0 17.3 0
090942 18.937 10.0 17.3 0
091012 18.937 10.0 17.237 0
091043 18.937 10.0 17.3 0
091114 18.937 10.0 17.3 0
091144 18.937 10.0 17.3 0
091214 18.937 10.0 17.3 0
091244 18.937 10.0 17.3 0
091314 18.937 10.0 17.3 0
091345 18.937 10.0 17.237 0
091415 18.937 10.0 17.3 0
091445 18.937 10.0 17.3 0
091516 18.937 10.0 17.3 0
091547 18.937 10.0 17.3 0
091617 18.937 10.0 17.3 0
091648 18.937 10.0 17.237 0
091718 18.937 10.0 17.3 0
091749 18.937 10.0 17.3 0
091820 18.937 10.0 17.237 0
091850 18.937 10.0 17.3 0
091923 18.937 10.0 17.237 0
091953 18.937 10.0 17.3 0
092023 18.937 10.0 17.237 0
092054 18.937 10.0 17.3 0
092125 18.937 10.0 17.3 0
092155 18.937 10.0 17.237 0
092225 18.937 10.0 17.3 0
092255 18.937 10.0 17.3 0
092325 18.937 10.0 17.3 0
092355 18.937 10.0 17.3 0
092426 19.062 10.0 17.3 0
092456 19.062 10.0 17.237 0
092526 19.062 10.0 17.237 0
092557 19.062 10.0 17.3 0
092627 19.062 10.0 17.3 0
092657 19.062 10.0 17.3 0
092728 19.062 10.0 17.237 0
092759 19.062 10.0 17.237 0
092829 19.062 10.0 17.3 0
092859 19.062 10.0 17.237 0
092929 19.062 10.0 17.3 0
093000 19.062 10.0 17.237 0
093030 19.062 10.0 17.237 0
093100 19.062 10.0 17.3 0
093131 19.062 10.0 17.3 0
093201 19.062 10.0 17.3 0
093232 19.062 10.0 17.237 0
093302 19.062 10.0 17.237 0
093332 19.062 10.0 17.3 0
093402 19.062 10.0 17.237 0
093433 19.062 10.0 17.3 0
093503 19.062 10.0 17.237 0
093533 19.062 10.0 17.3 0
093604 19.062 10.0 17.237 0
093635 19.062 10.0 17.237 0
093705 19.062 10.0 17.237 0
093735 19.062 10.0 17.237 0
093806 19.062 10.0 17.237 0
093836 19.062 10.0 17.237 0
093907 19.062 10.0 17.237 0
093938 19.062 10.0 17.3 0
094009 19.062 10.0 17.3 0
094039 19.062 10.0 17.237 0
094109 19.062 10.0 17.3 0
094140 19.062 10.0 17.237 0
094211 19.062 10.0 17.237 0
094241 19.062 10.0 17.237 0
094312 19.062 10.0 17.3 0
094342 19.062 10.0 17.237 0
094413 19.062 10.0 17.3 0
094443 19.125 10.0 17.237 0
094513 19.125 10.0 17.3 0
094544 19.125 10.0 17.237 0
094615 19.125 10.0 17.237 0
094645 19.125 10.0 17.237 0
094716 19.125 10.0 17.237 0
094746 19.125 10.0 17.237 0
094817 19.125 10.0 17.237 0
094847 19.125 10.0 17.3 0
094918 19.125 10.0 17.3 0
094949 19.062 10.0 17.237 0
095019 19.062 10.0 17.237 0
095050 19.062 10.0 17.237 0
095121 19.062 10.0 17.237 0
095152 19.062 10.0 17.237 0
095222 19.062 10.0 17.237 0
095252 19.062 10.0 17.3 0
095323 19.062 10.0 17.237 0
095353 19.062 10.0 17.237 0
095424 19.062 10.0 17.237 0
095455 19.062 10.0 17.3 0
095525 19.062 10.0 17.237 0
095556 19.062 10.0 17.237 0
095626 19.062 10.0 17.3 0
095658 19.0 10.0 17.237 0
095728 19.0 10.0 17.3 0
095759 19.0 10.0 17.237 0
095829 19.0 10.0 17.237 0
095859 19.0 10.0 17.237 0
095930 19.062 10.0 17.237 0
100000 19.062 10.0 17.237 0
100031 19.062 10.0 17.237 0
100101 19.062 10.0 17.237 0
100131 19.062 10.0 17.237 0
100202 19.125 10.0 17.237 0
100232 19.125 10.0 17.3 0
100302 19.125 10.0 17.237 0
100333 19.125 10.0 17.237 0
100404 19.125 10.0 17.237 0
100434 19.125 10.0 17.237 0
100505 19.125 10.0 17.237 0
100535 19.125 10.0 17.237 0
100605 19.125 10.0 17.237 0
100636 19.125 10.0 17.237 0
100707 19.125 10.0 17.237 0
100737 19.125 10.0 17.237 0
100808 19.125 10.0 17.237 0
100839 19.125 10.0 17.237 0
100909 19.125 10.0 17.237 0
100939 19.125 10.0 17.237 0
101010 19.125 10.0 17.237 0
101040 19.125 10.0 17.237 0
101110 19.125 10.0 17.237 0
101141 19.125 10.0 17.237 0
101211 19.062 10.0 17.237 0
101242 19.062 10.0 17.237 0
101312 19.062 10.0 17.237 0
101342 19.062 10.0 17.237 0
101412 19.062 10.0 17.237 0
101442 19.062 10.0 17.237 0
101513 19.062 10.0 17.237 0
101543 19.062 10.0 17.237 0
101614 19.062 10.0 17.237 0
101645 19.062 10.0 17.237 0
101715 19.125 10.0 17.237 0
101746 19.125 10.0 17.237 0
101816 19.125 10.0 17.237 0
101846 19.125 10.0 17.237 0
101917 19.125 10.0 17.237 0
101947 19.125 10.0 17.237 0
102017 19.125 10.0 17.237 0
102048 19.125 10.0 17.237 0
102118 19.125 10.0 17.237 0
102148 19.125 10.0 17.237 0
102219 19.125 10.0 17.237 0
102249 19.125 10.0 17.237 0
102319 19.125 10.0 17.237 0
102349 19.125 10.0 17.237 0
102420 19.125 10.0 17.237 0
102450 19.187 10.0 17.237 0
102521 19.187 10.0 17.237 0
102551 19.187 10.0 17.237 0
102621 19.187 10.0 17.237 0
102651 19.187 10.0 17.237 0
102722 19.25 10.0 17.237 0
102753 19.25 10.0 17.237 0
102823 19.25 10.0 17.237 0
102854 19.25 10.0 17.237 0
102925 19.25 10.0 17.237 0
102955 19.187 10.0 17.237 0
103025 19.187 10.0 17.237 0
103055 19.187 10.0 17.237 0
103126 19.187 10.0 17.237 0
103156 19.187 10.0 17.237 0
103226 19.187 10.0 17.237 0
103257 19.187 10.0 17.237 0
103328 19.187 10.0 17.237 0
103358 19.187 10.0 17.237 0
103429 19.187 10.0 17.237 0
103459 19.25 10.0 17.237 0
103529 19.25 10.0 17.237 0
103600 19.25 10.0 17.237 0
103630 19.25 10.0 17.237 0
103702 19.25 10.0 17.237 0
103732 19.25 10.0 17.237 0
103803 19.25 10.0 17.237 0
103834 19.25 10.0 17.237 0
103904 19.25 10.0 17.237 0
103935 19.312 10.0 17.237 0
104006 19.312 10.0 17.237 0
104036 19.312 10.0 17.237 0
104107 19.312 10.0 17.237 0
104137 19.312 10.0 17.237 0
104207 19.25 10.0 17.237 0
104238 19.25 10.0 17.237 0
104308 19.25 10.0 17.237 0
104339 19.25 10.0 17.237 0
104410 19.25 10.0 17.237 0
104440 19.25 10.0 17.237 0
104511 19.25 10.0 17.237 0
104541 19.25 10.0 17.237 0
104611 19.25 10.0 17.237 0
104642 19.25 10.0 17.237 0
104713 19.25 10.0 17.237 0
104743 19.25 10.0 17.237 0
104814 19.25 10.0 17.237 0
104844 19.25 10.0 17.237 0
104915 19.25 10.0 17.237 0
104946 19.25 10.0 17.237 0
105016 19.25 10.0 17.237 0
105047 19.25 10.0 17.237 0
105117 19.25 10.0 17.237 0
105147 19.25 10.0 17.237 0
105217 19.25 10.0 17.237 0
105248 19.25 10.0 17.237 0
105319 19.25 10.0 17.237 0
105349 19.25 10.0 17.237 0
105420 19.25 10.0 17.237 0
105450 19.312 10.0 17.237 0
105521 19.312 10.0 17.237 0
105551 19.312 10.0 17.237 0
105622 19.312 10.0 17.237 0
105653 19.312 10.0 17.237 0
105724 19.312 10.0 17.237 0
105754 19.312 10.0 17.237 0
105824 19.312 10.0 17.237 0
105855 19.312 10.0 17.237 0
105925 19.312 10.0 17.237 0
105956 19.312 10.0 17.237 0
110026 19.312 10.0 17.237 0
110056 19.312 10.0 17.237 0
110127 19.312 10.0 17.237 0
110157 19.312 10.0 17.237 0
110228 19.312 10.0 17.237 0
110258 19.312 10.0 17.237 0
110329 19.312 10.0 17.237 0
110359 19.312 10.0 17.237 0
110429 19.312 10.0 17.237 0
110459 19.25 10.0 17.237 0
110530 19.25 10.0 17.237 0
110600 19.25 10.0 17.237 0
110631 19.25 10.0 17.237 0
110701 19.25 10.0 17.237 0
110731 19.312 10.0 17.237 0
110802 19.312 10.0 17.237 0
110832 19.312 10.0 17.237 0
110903 19.312 10.0 17.237 0
110936 19.312 10.0 17.237 0
111006 19.312 10.0 17.237 0
111037 19.312 10.0 17.237 0
111108 19.312 10.0 17.237 0
111138 19.312 10.0 17.237 0
111209 19.312 10.0 17.237 0
111239 19.312 10.0 17.237 0
111309 19.312 10.0 17.237 0
111340 19.312 10.0 17.237 0
111411 19.312 10.0 17.237 0
111441 19.312 10.0 17.237 0
111511 19.312 10.0 17.237 0
111541 19.312 10.0 17.237 0
111612 19.312 10.0 17.237 0
111642 19.312 10.0 17.237 0
111712 19.312 10.0 17.237 0
111743 19.312 10.0 17.237 0
111813 19.312 10.0 17.237 0
111844 19.312 10.0 17.237 0
111915 19.312 10.0 17.237 0
111945 19.312 10.0 17.237 0
112016 19.312 10.0 17.237 0
112047 19.312 10.0 17.237 0
112117 19.312 10.0 17.237 0
112147 19.312 10.0 17.237 0
112218 19.312 10.0 17.237 0
112249 19.312 10.0 17.237 0
112319 19.312 10.0 17.237 0
112350 19.312 10.0 17.237 0
112420 19.312 10.0 17.237 0
112451 19.312 10.0 17.237 0
112522 19.312 10.0 17.237 0
112553 19.312 10.0 17.237 0
112623 19.312 10.0 17.237 0
112654 19.312 10.0 17.237 0
112724 19.312 10.0 17.237 0
112754 19.312 10.0 17.237 0
112825 19.312 10.0 17.237 0
112855 19.312 10.0 17.237 0
112925 19.312 10.0 17.237 0
112956 19.312 10.0 17.237 0
113026 19.312 10.0 17.237 0
113057 19.312 10.0 17.237 0
113127 19.312 10.0 17.237 0
113158 19.312 10.0 17.237 0
113228 19.312 10.0 17.237 0
113258 19.312 10.0 17.237 0
113329 19.312 10.0 17.237 0
113359 19.312 10.0 17.237 0
113430 19.312 10.0 17.237 0
113500 19.312 10.0 17.237 0
113530 19.312 10.0 17.237 0
113601 19.312 10.0 17.237 0
113631 19.312 10.0 17.237 0
113702 19.312 10.0 17.237 0
113733 19.312 10.0 17.237 0
113803 19.312 10.0 17.237 0
113834 19.312 10.0 17.237 0
113905 19.312 10.0 17.237 0
113935 19.312 10.0 17.237 0
114006 19.375 10.0 17.237 0
114037 19.375 10.0 17.237 0
114107 19.375 10.0 17.237 0
114138 19.375 10.0 17.237 0
114211 19.437 10.0 17.237 0
114241 19.437 10.0 17.237 0
114312 19.437 10.0 17.237 0
114342 19.437 10.0 17.237 0
114413 19.437 10.0 17.237 0
114444 19.437 10.0 17.237 0
114514 19.437 10.0 17.237 0
114544 19.437 10.0 17.237 0
114614 19.437 10.0 17.237 0
114645 19.437 10.0 17.237 0
114715 19.437 10.0 17.237 0
114746 19.437 10.0 17.237 0
114816 19.437 10.0 17.237 0
114847 19.437 10.0 17.237 0
114918 19.437 10.0 17.237 0
114948 19.437 10.0 17.237 0
115019 19.437 10.0 17.237 0
115049 19.437 10.0 17.237 0
115120 19.437 10.0 17.237 0
115150 19.437 10.0 17.237 0
115221 19.437 10.0 17.237 0
115252 19.437 10.0 17.237 0
115322 19.437 10.0 17.237 0
115353 19.437 10.0 17.237 0
115423 19.437 10.0 17.237 0
115454 19.437 10.0 17.237 0
115524 19.437 10.0 17.237 0
115554 19.437 10.0 17.237 0
115625 19.437 10.0 17.237 0
115655 19.437 10.0 17.237 0
115726 19.437 10.0 17.237 0
115757 19.437 10.0 17.237 0
115827 19.437 10.0 17.237 0
115858 19.437 10.0 17.237 0
115929 19.437 10.0 17.237 0
115959 19.437 10.0 17.237 0
120030 19.437 10.0 17.237 0
120101 19.437 10.0 17.237 0
120131 19.437 10.0 17.237 0
120202 19.437 10.0 17.237 0
120232 19.5 10.0 17.237 0
120303 19.5 10.0 17.237 0
120333 19.5 10.0 17.237 0
120404 19.5 10.0 17.237 0
120435 19.5 10.0 17.237 0
120505 19.5 10.0 17.237 0
120535 19.5 10.0 17.237 0
120605 19.5 10.0 17.237 0
120635 19.5 10.0 17.237 0
120706 19.5 10.0 17.237 0
120737 19.437 10.0 17.237 0
120808 19.437 10.0 17.237 0
120838 19.437 10.0 17.237 0
120909 19.437 10.0 17.237 0
120940 19.437 10.0 17.237 0
121011 19.437 10.0 17.237 0
121041 19.437 10.0 17.237 0
121112 19.437 10.0 17.237 0
121142 19.437 10.0 17.237 0
121214 19.375 10.0 17.237 0
121245 19.375 10.0 17.237 0
121315 19.375 10.0 17.237 0
121346 19.375 10.0 17.237 0
121416 19.375 10.0 17.237 0
121446 19.375 10.0 17.237 0
121517 19.375 10.0 17.237 0
121547 19.375 10.0 17.237 0
121618 19.375 10.0 17.237 0
121649 19.375 10.0 17.237 0
121719 19.437 10.0 17.237 0
121750 19.437 10.0 17.237 0
121821 19.437 10.0 17.237 0
121851 19.437 10.0 17.237 0
121921 19.437 10.0 17.237 0
121952 19.437 10.0 17.237 0
122022 19.437 10.0 17.237 0
122053 19.437 10.0 17.237 0
122124 19.437 10.0 17.237 0
122154 19.437 10.0 17.237 0
122225 19.437 10.0 17.237 0
122256 19.437 10.0 17.237 0
122326 19.437 10.0 17.237 0
122357 19.437 10.0 17.237 0
122427 19.437 10.0 17.237 0
122457 19.437 10.0 17.237 0
122528 19.437 10.0 17.237 0
122558 19.437 10.0 17.237 0
122629 19.437 10.0 17.237 0
122659 19.437 10.0 17.237 0
122729 19.5 10.0 17.237 0
122800 19.5 10.0 17.237 0
122831 19.5 10.0 17.237 0
122902 19.5 10.0 17.237 0
122932 19.5 10.0 17.237 0
123003 19.5 10.0 17.237 0
123034 19.5 10.0 17.237 0
123104 19.5 10.0 17.237 0
123135 19.5 10.0 17.237 0
123205 19.5 10.0 17.237 0
123236 19.5 10.0 17.237 0
123306 19.5 10.0 17.237 0
123337 19.5 10.0 17.237 0
123408 19.5 10.0 17.237 0
123439 19.5 10.0 17.237 0
123509 19.5 10.0 17.237 0
123539 19.5 10.0 17.237 0
123610 19.5 10.0 17.237 0
123641 19.5 10.0 17.237 0
123711 19.5 10.0 17.237 0
123742 19.562 10.0 17.237 0
123812 19.562 10.0 17.237 0
123843 19.562 10.0 17.237 0
123914 19.562 10.0 17.237 0
123944 19.562 10.0 17.237 0
124015 19.562 10.0 17.237 0
124045 19.562 10.0 17.237 0
124116 19.562 10.0 17.237 0
124147 19.562 10.0 17.237 0
124219 19.562 10.0 17.237 0
124250 19.562 10.0 17.237 0
124320 19.562 10.0 17.237 0
124350 19.562 10.0 17.237 0
124421 19.562 10.0 17.237 0
124452 19.5 10.0 17.237 0
124522 19.5 10.0 17.237 0
124553 19.5 10.0 17.237 0
124624 19.5 10.0 17.237 0
124654 19.5 10.0 17.237 0
124725 19.5 10.0 17.237 0
124755 19.5 10.0 17.237 0
124826 19.5 10.0 17.237 0
124857 19.5 10.0 17.237 0
124927 19.5 10.0 17.237 0
124958 19.5 10.0 17.237 0
125028 19.5 10.0 17.237 0
125059 19.5 10.0 17.237 0
125129 19.5 10.0 17.237 0
125200 19.5 10.0 17.237 0
125231 19.437 10.0 17.237 0
125301 19.437 10.0 17.237 0
125332 19.437 10.0 17.237 0
125402 19.437 10.0 17.237 0
125432 19.437 10.0 17.237 0
125502 19.437 10.0 17.237 0
125533 19.437 10.0 17.237 0
125604 19.437 10.0 17.237 0
125634 19.437 10.0 17.237 0
125704 19.437 10.0 17.237 0
125735 19.437 10.0 17.237 0
125805 19.437 10.0 17.237 0
125836 19.437 10.0 17.237 0
125906 19.437 10.0 17.237 0
125936 19.437 10.0 17.237 0
130006 19.375 10.0 17.237 0
130037 19.375 10.0 17.237 0
130107 19.375 10.0 17.237 0
130138 19.375 10.0 17.237 0
130208 19.375 10.0 17.237 0
130238 19.375 10.0 17.237 0
130308 19.375 10.0 17.237 0
130339 19.375 10.0 17.237 0
130410 19.375 10.0 17.237 0
130440 19.375 10.0 17.237 0
130511 19.312 10.0 17.237 0
130542 19.312 10.0 17.237 0
130612 19.312 10.0 17.237 0
130643 19.312 10.0 17.237 0
130714 19.312 10.0 17.237 0
130744 19.312 10.0 17.237 0
130815 19.312 10.0 17.237 0
130845 19.312 10.0 17.237 0
130915 19.312 10.0 17.237 0
130946 19.312 10.0 17.237 0
131016 19.375 10.0 17.237 0
131046 19.375 10.0 17.237 0
131117 19.375 10.0 17.237 0
131147 19.375 10.0 17.237 0
131217 19.375 10.0 17.237 0
131248 19.375 10.0 17.237 0
131318 19.375 10.0 17.237 0
131349 19.375 10.0 17.237 0
131419 19.375 10.0 17.237 0
131449 19.375 10.0 17.237 0
131520 19.312 10.0 17.237 0
131550 19.312 10.0 17.237 0
131621 19.312 10.0 17.237 0
131651 19.312 10.0 17.237 0
131723 19.312 10.0 17.237 0
131754 19.312 10.0 17.237 0
131825 19.312 10.0 17.237 0
131855 19.312 10.0 17.237 0
131926 19.312 10.0 17.237 0
131956 19.375 10.0 17.237 0
132026 19.375 10.0 17.237 0
132057 19.375 10.0 17.237 0
132127 19.375 10.0 17.237 0
132158 19.375 10.0 17.237 0
132229 19.375 10.0 17.237 0
132259 19.375 10.0 17.237 0
132330 19.375 10.0 17.237 0
132401 19.375 10.0 17.237 0
132431 19.375 10.0 17.237 0
132502 19.375 10.0 17.237 0
132532 19.375 10.0 17.237 0
132603 19.375 10.0 17.237 0
132633 19.375 10.0 17.237 0
132703 19.375 10.0 17.237 0
132733 19.375 10.0 17.237 0
132803 19.375 10.0 17.237 0
132834 19.375 10.0 17.237 0
132905 19.375 10.0 17.237 0
132935 19.375 10.0 17.237 0
133006 19.375 10.0 17.237 0
133036 19.375 10.0 17.237 0
133106 19.375 10.0 17.237 0
133137 19.375 10.0 17.237 0
133207 19.375 10.0 17.237 0
133238 19.375 10.0 17.237 0
133309 19.375 10.0 17.237 0
133340 19.375 10.0 17.237 0
133410 19.375 10.0 17.237 0
133441 19.375 10.0 17.237 0
133511 19.437 10.0 17.237 0
133542 19.437 10.0 17.237 0
133612 19.437 10.0 17.237 0
133643 19.437 10.0 17.237 0
133714 19.437 10.0 17.237 0
133744 19.437 10.0 17.237 0
133815 19.437 10.0 17.237 0
133845 19.437 10.0 17.237 0
133916 19.437 10.0 17.237 0
133947 19.437 10.0 17.237 0
134017 19.437 10.0 17.237 0
134048 19.437 10.0 17.237 0
134119 19.437 10.0 17.237 0
134150 19.437 10.0 17.237 0
134220 19.437 10.0 17.237 0
134251 19.437 10.0 17.237 0
134321 19.437 10.0 17.237 0
134352 19.437 10.0 17.237 0
134422 19.437 10.0 17.237 0
134453 19.437 10.0 17.237 0
134524 19.437 10.0 17.237 0
134554 19.437 10.0 17.237 0
134625 19.437 10.0 17.237 0
134655 19.437 10.0 17.237 0
134727 19.437 10.0 17.237 0
134758 19.437 10.0 17.237 0
134828 19.437 10.0 17.237 0
134858 19.437 10.0 17.237 0
134929 19.437 10.0 17.237 0
134959 19.437 10.0 17.237 0
135030 19.437 10.0 17.237 0
135100 19.437 10.0 17.237 0
135131 19.437 10.0 17.237 0
135202 19.437 10.0 17.237 0
135232 19.5 10.0 17.237 0
135303 19.5 10.0 17.237 0
135333 19.5 10.0 17.237 0
135404 19.5 10.0 17.237 0
135434 19.5 10.0 17.237 0
135505 19.5 10.0 17.237 0
135535 19.5 10.0 17.237 0
135606 19.5 10.0 17.237 0
135636 19.5 10.0 17.237 0
135707 19.5 10.0 17.237 0
135737 19.5 10.0 17.237 0
135808 19.5 10.0 17.237 0
135838 19.5 10.0 17.237 0
135908 19.5 10.0 17.237 0
135938 19.5 10.0 17.237 0
140009 19.375 10.0 17.237 0
140039 19.375 10.0 17.237 0
140110 19.375 10.0 17.237 0
140141 19.375 10.0 17.237 0
140211 19.375 10.0 17.237 0
140242 19.375 10.0 17.237 0
140313 19.375 10.0 17.237 0
140343 19.375 10.0 17.237 0
140414 19.375 10.0 17.237 0
140445 19.375 10.0 17.237 0
140515 19.375 10.0 17.237 0
140545 19.375 10.0 17.237 0
140616 19.375 10.0 17.237 0
140646 19.375 10.0 17.237 0
140716 19.375 10.0 17.237 0
140747 19.437 10.0 17.237 0
140818 19.437 10.0 17.237 0
140849 19.437 10.0 17.237 0
140919 19.437 10.0 17.237 0
140950 19.437 10.0 17.237 0
141020 19.5 10.0 17.237 0
141051 19.5 10.0 17.237 0
141121 19.5 10.0 17.237 0
141152 19.5 10.0 17.237 0
141223 19.5 10.0 17.237 0
141253 19.562 10.0 17.237 0
141324 19.562 10.0 17.237 0
141354 19.562 10.0 17.237 0
141425 19.562 10.0 17.237 0
141456 19.562 10.0 17.237 0
141526 19.625 10.0 17.237 0
141556 19.625 10.0 17.237 0
141627 19.625 10.0 17.237 0
141657 19.625 10.0 17.237 0
141728 19.625 10.0 17.237 0
141759 19.625 10.0 17.237 0
141829 19.625 10.0 17.237 0
141859 19.625 10.0 17.237 0
141930 19.625 10.0 17.237 0
142003 19.687 10.0 17.237 0
142033 19.687 10.0 17.237 0
142104 19.687 10.0 17.237 0
142135 19.687 10.0 17.237 0
142205 19.687 10.0 17.237 0
142236 19.687 10.0 17.237 0
142306 19.687 10.0 17.237 0
142337 19.687 10.0 17.237 0
142408 19.687 10.0 17.237 0
142438 19.687 10.0 17.237 0
142509 19.687 10.0 17.237 0
142539 19.687 10.0 17.237 0
142609 19.687 10.0 17.237 0
142640 19.687 10.0 17.237 0
142711 19.687 10.0 17.237 0
142742 19.687 10.0 17.237 0
142812 19.687 10.0 17.237 0
142842 19.687 10.0 17.237 0
142912 19.687 10.0 17.237 0
142942 19.687 10.0 17.237 0
143013 19.687 10.0 17.237 0
143044 19.687 10.0 17.237 0
143115 19.687 10.0 17.237 0
143145 19.687 10.0 17.237 0
143215 19.687 10.0 17.237 0
143246 19.75 10.0 17.237 0
143317 19.75 10.0 17.237 0
143348 19.75 10.0 17.237 0
143418 19.75 10.0 17.237 0
143449 19.75 10.0 17.237 0
143520 19.75 10.0 17.237 0
143550 19.75 10.0 17.237 0
143621 19.75 10.0 17.237 0
143651 19.75 10.0 17.237 0
143722 19.75 10.0 17.237 0
143752 19.75 10.0 17.237 0
143822 19.75 10.0 17.237 0
143853 19.75 10.0 17.237 0
143924 19.75 10.0 17.237 0
143954 19.75 10.0 17.237 0
144024 19.75 10.0 17.237 0
144055 19.75 10.0 17.237 0
144126 19.75 10.0 17.237 0
144156 19.75 10.0 17.237 0
144227 19.75 10.0 17.237 0
144258 19.75 10.0 17.237 0
144329 19.75 10.0 17.237 0
144359 19.75 10.0 17.237 0
144430 19.75 10.0 17.237 0
144500 19.75 10.0 17.237 0
144531 19.75 10.0 17.237 0
144601 19.75 10.0 17.237 0
144632 19.75 10.0 17.237 0
144703 19.75 10.0 17.237 0
144733 19.75 10.0 17.237 0
144804 19.75 10.0 17.237 0
144835 19.75 10.0 17.237 0
144905 19.75 10.0 17.237 0
144936 19.75 10.0 17.237 0
145008 19.75 10.0 17.237 0
145038 19.75 10.0 17.237 0
145109 19.75 10.0 17.237 0
145140 19.75 10.0 17.237 0
145210 19.75 10.0 17.237 0
145241 19.75 10.0 17.237 0
145312 19.75 10.0 17.175 0
145343 19.75 10.0 17.237 0
145413 19.75 10.0 17.237 0
145444 19.75 10.0 17.237 0
145515 19.75 10.0 17.237 0
145545 19.75 10.0 17.237 0
145615 19.75 10.0 17.237 0
145646 19.75 10.0 17.237 0
145717 19.75 10.0 17.237 0
145747 19.687 10.0 17.237 0
145818 19.687 10.0 17.237 0
145848 19.687 10.0 17.237 0
145918 19.687 10.0 17.237 0
145948 19.687 10.0 17.237 0
150019 19.687 10.0 17.237 0
150049 19.687 10.0 17.237 0
150119 19.687 10.0 17.237 0
150150 19.687 10.0 17.237 0
150220 19.687 10.0 17.237 0
150251 19.687 10.0 17.237 0
150322 19.687 10.0 17.237 0
150352 19.687 10.0 17.237 0
150423 19.687 10.0 17.237 0
150454 19.687 10.0 17.237 0
150524 19.625 10.0 17.237 0
150554 19.625 10.0 17.237 0
150625 19.625 10.0 17.237 0
150655 19.625 10.0 17.237 0
150726 19.625 10.0 17.237 0
150756 19.625 10.0 17.237 0
150826 19.625 10.0 17.237 0
150857 19.625 10.0 17.237 0
150927 19.625 10.0 17.237 0
150958 19.625 10.0 17.237 0
151028 19.625 10.0 17.237 0
151058 19.625 10.0 17.237 0
151129 19.625 10.0 17.237 0
151159 19.625 10.0 17.237 0
151229 19.625 10.0 17.237 0
151259 19.625 10.0 17.237 0
151329 19.625 10.0 17.237 0
151400 19.625 10.0 17.237 0
151431 19.625 10.0 17.237 0
151501 19.625 10.0 17.237 0
151532 19.625 10.0 17.237 0
151603 19.625 10.0 17.237 0
151633 19.625 10.0 17.237 0
151704 19.625 10.0 17.237 0
151735 19.625 10.0 17.237 0
151805 19.625 10.0 17.237 0
151836 19.625 10.0 17.237 0
151907 19.625 10.0 17.237 0
151938 19.625 10.0 17.237 0
152008 19.625 10.0 17.237 0
152039 19.625 10.0 17.237 0
152110 19.625 10.0 17.237 0
152140 19.625 10.0 17.237 0
152211 19.625 10.0 17.237 0
152244 19.562 10.0 17.237 0
152315 19.562 10.0 17.237 0
152345 19.562 10.0 17.237 0
152416 19.562 10.0 17.237 0
152447 19.562 10.0 17.237 0
152517 19.562 10.0 17.237 0
152548 19.562 10.0 17.237 0
152618 19.562 10.0 17.237 0
152649 19.562 10.0 17.237 0
152719 19.562 10.0 17.237 0
152749 19.5 10.0 17.237 0
152820 19.5 10.0 17.237 0
152850 19.5 10.0 17.237 0
152921 19.5 10.0 17.237 0
152952 19.5 10.0 17.237 0
153022 19.562 10.0 17.237 0
153053 19.562 10.0 17.237 0
153124 19.562 10.0 17.237 0
153154 19.562 10.0 17.237 0
153225 19.562 10.0 17.237 0
153256 19.562 10.0 17.237 0
153326 19.562 10.0 17.237 0
153357 19.562 10.0 17.237 0
153428 19.562 10.0 17.237 0
153458 19.562 10.0 17.237 0
153528 19.625 10.0 17.237 0
153558 19.625 10.0 17.237 0
153629 19.625 10.0 17.237 0
153700 19.625 10.0 17.237 0
153731 19.625 10.0 17.237 0
153801 19.625 10.0 17.237 0
153832 19.625 10.0 17.237 0
153902 19.625 10.0 17.237 0
153933 19.625 10.0 17.237 0
154003 19.625 10.0 17.237 0
154033 19.625 10.0 17.237 0
154104 19.625 10.0 17.237 0
154134 19.625 10.0 17.237 0
154204 19.625 10.0 17.237 0
154234 19.625 10.0 17.237 0
154305 19.687 10.0 17.237 0
154335 19.687 10.0 17.237 0
154406 19.687 10.0 17.237 0
154436 19.687 10.0 17.237 0
154506 19.687 10.0 17.237 0
154537 19.687 10.0 17.237 0
154607 19.687 10.0 17.237 0
154638 19.687 10.0 17.237 0
154709 19.687 10.0 17.237 0
154739 19.687 10.0 17.237 0
154810 19.687 10.0 17.237 0
154841 19.687 10.0 17.237 0
154911 19.687 10.0 17.237 0
154942 19.687 10.0 17.237 0
155013 19.687 10.0 17.237 0
155043 19.687 10.0 17.237 0
155113 19.687 10.0 17.237 0
155144 19.687 10.0 17.237 0
155214 19.687 10.0 17.237 0
155245 19.687 10.0 17.237 0
155315 19.75 10.0 17.237 0
155346 19.75 10.0 17.237 0
155417 19.75 10.0 17.237 0
155447 19.75 10.0 17.237 0
155519 19.687 10.0 17.237 0
155549 19.687 10.0 17.237 0
155620 19.687 10.0 17.237 0
155651 19.687 10.0 17.237 0
155721 19.687 10.0 17.237 0
155751 19.75 10.0 17.237 0
155821 19.75 10.0 17.237 0
155851 19.75 10.0 17.237 0
155922 19.75 10.0 17.237 0
155953 19.75 10.0 17.175 0
160024 19.75 10.0 17.237 0
160054 19.75 10.0 17.237 0
160125 19.75 10.0 17.237 0
160156 19.75 10.0 17.237 0
160226 19.75 10.0 17.237 0
160257 19.687 10.0 17.237 0
160327 19.687 10.0 17.237 0
160357 19.687 10.0 17.237 0
160428 19.687 10.0 17.237 0
160459 19.687 10.0 17.175 0
160529 19.75 10.0 17.237 0
160600 19.75 10.0 17.237 0
160631 19.75 10.0 17.237 0
160701 19.75 10.0 17.237 0
160732 19.75 10.0 17.237 0
160803 19.687 10.0 17.237 0
160833 19.687 10.0 17.237 0
160904 19.687 10.0 17.175 0
160934 19.687 10.0 17.237 0
161004 19.687 10.0 17.237 0
161035 19.687 10.0 17.237 0
161105 19.687 10.0 17.237 0
161136 19.687 10.0 17.237 0
161207 19.687 10.0 17.237 0
161238 19.687 10.0 17.237 0
161308 19.687 10.0 17.237 0
161339 19.687 10.0 17.237 0
161409 19.687 10.0 17.237 0
161440 19.687 10.0 17.237 0
161511 19.687 10.0 17.237 0
161541 19.687 10.0 17.237 0
161611 19.687 10.0 17.237 0
161642 19.687 10.0 17.237 0
161713 19.687 10.0 17.237 0
161743 19.687 10.0 17.237 0
161813 19.75 10.0 17.237 0
161844 19.75 10.0 17.237 0
161914 19.75 10.0 17.237 0
161945 19.75 10.0 17.237 0
162016 19.75 10.0 17.237 0
162046 19.812 10.0 17.175 0
162117 19.812 10.0 17.237 0
162148 19.812 10.0 17.237 0
162218 19.812 10.0 17.175 0
162249 19.812 10.0 17.237 0
162319 19.812 10.0 17.237 0
162349 19.812 10.0 17.237 0
162419 19.812 10.0 17.237 0
162450 19.812 10.0 17.237 0
162523 19.875 10.0 17.237 0
162553 19.875 10.0 17.237 0
162623 19.875 10.0 17.237 0
162653 19.875 10.0 17.237 0
162723 19.875 10.0 17.237 0
162754 20.0 10.0 17.237 0
162825 20.0 10.0 17.237 0
162856 20.0 10.0 17.175 0
162926 20.0 10.0 17.237 0
162956 20.0 10.0 17.237 0
163027 20.062 10.0 17.237 0
163057 20.062 10.0 17.237 0
163128 20.062 10.0 17.237 0
163158 20.062 10.0 17.237 0
163228 20.062 10.0 17.237 0
163259 20.062 10.0 17.237 0
163329 20.062 10.0 17.237 0
163359 20.062 10.0 17.237 0
163429 20.062 10.0 17.237 0
163500 20.062 10.0 17.237 0
163530 20.062 10.0 17.237 0
163601 20.062 10.0 17.237 0
163631 20.062 10.0 17.175 0
163702 20.062 10.0 17.237 0
163732 20.062 10.0 17.237 0
163803 20.062 10.0 17.237 0
163833 20.062 10.0 17.237 0
163904 20.062 10.0 17.237 0
163934 20.062 10.0 17.237 0
164004 20.062 10.0 17.237 0
164034 20.187 10.0 17.237 0
164104 20.187 10.0 17.237 0
164135 20.187 10.0 17.237 0
164206 20.187 10.0 17.237 0
164236 20.187 10.0 17.237 0
164306 20.312 10.0 17.237 0
164336 20.312 10.0 17.237 0
164407 20.312 10.0 17.175 0
164438 20.312 10.0 17.237 0
164508 20.312 10.0 17.237 0
164539 20.25 10.0 17.175 0
164609 20.25 10.0 17.175 0
164640 20.25 10.0 17.237 0
164711 20.25 10.0 17.237 0
164741 20.25 10.0 17.237 0
164811 20.25 10.0 17.175 0
164841 20.25 10.0 17.237 0
164912 20.25 10.0 17.237 0
164943 20.25 10.0 17.237 0
165013 20.25 10.0 17.237 0
165044 20.312 10.0 17.237 0
165114 20.312 10.0 17.237 0
165144 20.312 10.0 17.237 0
165215 20.312 10.0 17.237 0
165245 20.312 10.0 17.237 0
165315 20.312 10.0 17.237 0
165345 20.312 10.0 17.237 0
165415 20.312 10.0 17.237 0
165446 20.312 10.0 17.175 0
165517 20.312 10.0 17.237 0
165547 20.437 10.0 17.175 0
165617 20.437 10.0 17.237 0
165648 20.437 10.0 17.237 0
165718 20.437 10.0 17.237 0
165748 20.437 10.0 17.175 0
165819 20.437 10.0 17.237 0
165850 20.437 10.0 17.237 0
165920 20.437 10.0 17.237 0
165950 20.437 10.0 17.237 0
170020 20.437 10.0 17.237 0
170051 20.5 10.0 17.237 0
170121 20.5 10.0 17.237 0
170152 20.5 10.0 17.175 0
170222 20.5 10.0 17.175 0
170253 20.5 10.0 17.237 0
170323 20.5 10.0 17.237 0
170354 20.5 10.0 17.175 0
170425 20.5 10.0 17.175 0
170455 20.5 10.0 17.237 0
170527 20.625 10.0 17.237 0
170558 20.625 10.0 17.175 0
170628 20.625 10.0 17.237 0
170658 20.625 10.0 17.237 0
170729 20.625 10.0 17.175 0
170759 20.687 10.0 17.175 0
170829 20.687 10.0 17.175 0
170900 20.687 10.0 17.237 0
170931 20.687 10.0 17.237 0
171001 20.687 10.0 17.175 0
171031 20.75 10.0 17.237 0
171102 20.75 10.0 17.237 0
171133 20.75 10.0 17.175 0
171203 20.75 10.0 17.237 0
171234 20.75 10.0 17.237 0
171305 20.75 10.0 17.237 0
171335 20.75 10.0 17.237 0
171406 20.75 10.0 17.237 0
171436 20.75 10.0 17.237 0
171507 20.75 10.0 17.237 0
171537 20.75 10.0 17.237 0
171608 20.75 10.0 17.237 0
171638 20.75 10.0 17.175 0
171709 20.75 10.0 17.237 0
171740 20.75 10.0 17.175 0
171810 20.75 10.0 17.237 0
171840 20.75 10.0 17.175 0
171911 20.75 10.0 17.175 0
171941 20.75 10.0 17.175 0
172011 20.75 10.0 17.237 0
172042 20.687 10.0 17.175 0
172112 20.687 10.0 17.237 0
172143 20.687 10.0 17.237 0
172213 20.687 10.0 17.237 0
172244 20.687 10.0 17.175 0
172314 20.687 10.0 17.237 0
172344 20.687 10.0 17.237 0
172414 20.687 10.0 17.175 0
172445 20.687 10.0 17.175 0
172515 20.687 10.0 17.237 0
172546 20.625 10.0 17.237 0
172616 20.625 10.0 17.175 0
172646 20.625 10.0 17.237 0
172716 20.625 10.0 17.175 0
172747 20.625 10.0 17.237 0
172817 20.625 10.0 17.237 0
172847 20.625 10.0 17.175 0
172917 20.625 10.0 17.237 0
172947 20.625 10.0 17.237 0
173018 20.625 10.0 17.237 0
173049 20.625 10.0 17.175 0
173120 20.625 10.0 17.175 0
173150 20.625 10.0 17.175 0
173221 20.625 10.0 17.175 0
173251 20.625 10.0 17.237 0
173322 20.625 10.0 17.175 0
173352 20.625 10.0 17.237 0
173423 20.625 10.0 17.175 0
173453 20.625 10.0 17.237 0
173523 20.625 10.0 17.237 0
173554 20.625 10.0 17.237 0
173624 20.625 10.0 17.237 0
173655 20.625 10.0 17.237 0
173726 20.625 10.0 17.237 0
173756 20.625 10.0 17.237 0
173827 20.625 10.0 17.175 0
173858 20.625 10.0 17.175 0
173928 20.625 10.0 17.237 0
173959 20.625 10.0 17.175 0
174030 20.625 10.0 17.237 0
174100 20.625 10.0 17.175 0
174131 20.625 10.0 17.237 0
174202 20.625 10.0 17.237 0
174232 20.625 10.0 17.175 0
174304 20.687 10.0 17.175 0
174334 20.687 10.0 17.175 0
174404 20.687 10.0 17.175 0
174435 20.687 10.0 17.175 0
174505 20.687 10.0 17.175 0
174536 20.687 10.0 17.237 0
174606 20.687 10.0 17.175 0
174637 20.687 10.0 17.237 0
174708 20.687 10.0 17.175 0
174738 20.687 10.0 17.175 0
174809 20.625 10.0 17.175 0
174840 20.625 10.0 17.237 0
174910 20.625 10.0 17.175 0
174941 20.625 10.0 17.237 0
175012 20.625 10.0 17.237 0
175042 20.687 10.0 17.237 0
175112 20.687 10.0 17.237 0
175143 20.687 10.0 17.237 0
175214 20.687 10.0 17.175 0
175244 20.687 10.0 17.237 0
175315 20.625 10.0 17.237 0
175345 20.625 10.0 17.237 0
175415 20.625 10.0 17.237 0
175446 20.625 10.0 17.237 0
175516 20.625 10.0 17.237 0
175546 20.437 10.0 17.237 0
175617 20.437 10.0 17.175 0
175647 20.437 10.0 17.175 0
175718 20.437 10.0 17.237 0
175749 20.437 10.0 17.175 0
175820 20.437 10.0 17.175 0
175850 20.437 10.0 17.175 0
175920 20.437 10.0 17.175 0
175950 20.437 10.0 17.175 0
180020 20.437 10.0 17.175 0
180051 20.437 10.0 17.237 0
180122 20.437 10.0 17.175 0
180152 20.437 10.0 17.237 0
180222 20.437 10.0 17.175 0
180253 20.437 10.0 17.175 0
180323 20.437 10.0 17.237 0
180354 20.437 10.0 17.237 0
180425 20.437 10.0 17.237 0
180455 20.437 10.0 17.175 0
180526 20.437 10.0 17.175 0
180557 20.5 10.0 17.237 0
180627 20.5 10.0 17.175 0
180658 20.5 10.0 17.175 0
180729 20.5 10.0 17.175 0
180759 20.5 10.0 17.175 0
180830 20.437 10.0 17.175 0
180900 20.437 10.0 17.175 0
180931 20.437 10.0 17.175 0
181002 20.437 10.0 17.175 0
181032 20.437 10.0 17.175 0
181102 20.312 10.0 17.175 0
181133 20.312 10.0 17.237 0
181203 20.312 10.0 17.175 0
181233 20.312 10.0 17.175 0
181304 20.312 10.0 17.175 0
181335 20.437 10.0 17.237 0
181405 20.437 10.0 17.175 0
181436 20.437 10.0 17.175 0
181507 20.437 10.0 17.175 0
181539 20.5 10.0 17.175 0
181609 20.5 10.0 17.175 0
181639 20.5 10.0 17.175 0
181709 20.5 10.0 17.175 0
181740 20.5 10.0 17.237 0
181810 20.625 10.0 17.175 0
181841 20.625 10.0 17.175 0
181911 20.625 10.0 17.175 0
181942 20.625 10.0 17.175 0
182012 20.625 10.0 17.175 0
182043 20.687 10.0 17.237 0
182113 20.687 10.0 17.175 0
182143 20.687 10.0 17.175 0
182213 20.687 10.0 17.175 0
182244 20.687 10.0 17.237 0
182314 20.625 10.0 17.175 0
182345 20.625 10.0 17.175 0
182416 20.625 10.0 17.175 0
182446 20.625 10.0 17.175 0
182517 20.625 10.0 17.175 0
182547 20.625 10.0 17.175 0
182617 20.625 10.0 17.175 0
182647 20.625 10.0 17.237 0
182718 20.625 10.0 17.175 0
182748 20.625 10.0 17.175 0
182819 20.562 10.0 17.175 0
182849 20.562 10.0 17.175 0
182920 20.562 10.0 17.237 0
182951 20.562 10.0 17.175 0
183021 20.562 10.0 17.237 0
183052 20.625 10.0 17.175 0
183122 20.625 10.0 17.175 0
183153 20.625 10.0 17.175 0
183224 20.625 10.0 17.175 0
183254 20.625 10.0 17.175 0
183324 20.625 10.0 17.175 0
183355 20.625 10.0 17.175 0
183426 20.625 10.0 17.175 0
183456 20.625 10.0 17.175 0
183527 20.625 10.0 17.175 0
183558 20.437 10.0 17.175 0
183628 20.437 10.0 17.175 0
183658 20.437 10.0 17.175 0
183729 20.437 10.0 17.175 0
183800 20.437 10.0 17.237 0
183830 20.312 10.0 17.175 0
183900 20.312 10.0 17.175 0
183931 20.312 10.0 17.175 0
184001 20.312 10.0 17.237 0
184031 20.312 10.0 17.175 0
184101 20.312 10.0 17.237 0
184132 20.312 10.0 17.175 0
184202 20.312 10.0 17.175 0
184232 20.312 10.0 17.237 0
184303 20.312 10.0 17.237 0
184333 20.25 10.0 17.237 0
184403 20.25 10.0 17.237 0
184434 20.25 10.0 17.175 0
184504 20.25 10.0 17.237 0
184534 20.25 10.0 17.175 0
184604 20.25 10.0 17.175 0
184635 20.25 10.0 17.175 0
184705 20.25 10.0 17.237 0
184736 20.25 10.0 17.175 0
184806 20.25 10.0 17.175 0
184837 20.312 10.0 17.175 0
184907 20.312 10.0 17.237 0
184937 20.312 10.0 17.175 0
185008 20.312 10.0 17.237 0
185038 20.312 10.0 17.237 0
185108 20.375 10.0 17.175 0
185139 20.375 10.0 17.237 0
185209 20.375 10.0 17.175 0
185240 20.375 10.0 17.175 0
185311 20.375 10.0 17.175 0
185341 20.312 10.0 17.175 0
185412 20.312 10.0 17.175 0
185442 20.312 10.0 17.175 0
185513 20.312 10.0 17.175 0
185545 20.312 10.0 17.175 0
185616 20.312 10.0 17.237 0
185647 20.312 10.0 17.175 0
185717 20.312 10.0 17.237 0
185748 20.312 10.0 17.175 0
185818 20.312 10.0 17.175 0
185848 20.312 10.0 17.175 0
185918 20.312 10.0 17.237 0
185949 20.312 10.0 17.175 0
190020 20.312 10.0 17.175 0
190050 20.375 10.0 17.175 0
190120 20.375 10.0 17.175 0
190151 20.375 10.0 17.175 0
190222 20.375 10.0 17.175 0
190253 20.375 10.0 17.175 0
190323 20.312 10.0 17.175 0
190353 20.312 10.0 17.175 0
190424 20.312 10.0 17.175 0
190454 20.312 10.0 17.175 0
190525 20.312 10.0 17.237 0
190556 20.312 10.0 17.175 0
190626 20.312 10.0 17.175 0
190656 20.312 10.0 17.175 0
190726 20.312 10.0 17.175 0
190757 20.312 10.0 17.175 0
190827 20.312 10.0 17.237 0
190858 20.312 10.0 17.175 0
190928 20.312 10.0 17.175 0
190959 20.312 10.0 17.175 0
191030 20.312 10.0 17.175 0
191100 20.312 10.0 17.175 0
191130 20.312 10.0 17.237 0
191200 20.312 10.0 17.237 0
191231 20.312 10.0 17.237 0
191301 20.312 10.0 17.175 0
191331 20.25 10.0 17.175 0
191402 20.25 10.0 17.175 0
191432 20.25 10.0 17.175 0
191503 20.25 10.0 17.175 0
191533 20.25 10.0 17.175 0
191604 20.312 10.0 17.175 0
191634 20.312 10.0 17.175 0
191705 20.312 10.0 17.175 0
191735 20.312 10.0 17.237 0
191805 20.312 10.0 17.175 0
191835 20.312 10.0 17.175 0
191906 20.312 10.0 17.175 0
191936 20.312 10.0 17.175 0
192007 20.312 10.0 17.175 0
192037 20.312 10.0 17.175 0
192107 20.25 10.0 17.175 0
192138 20.25 10.0 17.237 0
192208 20.25 10.0 17.175 0
192238 20.25 10.0 17.175 0
192309 20.25 10.0 17.175 0
192339 20.312 10.0 17.175 0
192410 20.312 10.0 17.175 0
192441 20.312 10.0 17.175 0
192511 20.312 10.0 17.175 0
192542 20.312 10.0 17.175 0
192613 20.312 10.0 17.175 0
192643 20.312 10.0 17.175 0
192713 20.312 10.0 17.175 0
192744 20.312 10.0 17.175 0
192814 20.312 10.0 17.175 0
192844 20.125 10.0 17.237 0
192914 20.125 10.0 17.175 0
192945 20.125 10.0 17.175 0
193016 20.125 10.0 17.175 0
193046 20.125 10.0 17.175 0
193117 20.187 10.0 17.175 0
193147 20.187 10.0 17.175 0
193218 20.187 10.0 17.175 0
193248 20.187 10.0 17.175 0
193321 20.062 10.0 17.175 0
193352 20.062 10.0 17.175 0
193422 20.062 10.0 17.175 0
193452 20.062 10.0 17.175 0
193523 20.062 10.0 17.175 0
193553 20.062 10.0 17.175 0
193624 20.062 10.0 17.175 0
193654 20.062 10.0 17.175 0
193725 20.062 10.0 17.175 0
193755 20.062 10.0 17.175 0
193826 19.937 10.0 17.175 0
193856 19.937 10.0 17.175 0
193927 19.937 10.0 17.175 0
193958 19.937 10.0 17.175 0
194028 19.937 10.0 17.175 0
194059 19.937 10.0 17.175 0
194129 19.937 10.0 17.175 0
194159 19.937 10.0 17.175 0
194230 19.937 10.0 17.175 0
194300 19.937 10.0 17.175 0
194330 19.937 10.0 17.175 0
194401 19.937 10.0 17.175 0
194431 19.937 10.0 17.175 0
194502 19.937 10.0 17.237 0
194532 19.937 10.0 17.175 0
194603 19.937 10.0 17.175 0
194634 19.937 10.0 17.175 0
194704 19.937 10.0 17.175 0
194734 19.937 10.0 17.175 0
194805 19.937 10.0 17.175 0
194836 19.875 10.0 17.175 0
194906 19.875 10.0 17.175 0
194937 19.875 10.0 17.175 0
195007 19.875 10.0 17.237 0
195038 19.875 10.0 17.175 0
195108 19.875 10.0 17.175 0
195139 19.875 10.0 17.175 0
195209 19.875 10.0 17.175 0
195240 19.875 10.0 17.175 0
195310 19.875 10.0 17.175 0
195341 19.875 10.0 17.175 0
195411 19.875 10.0 17.175 0
195441 19.875 10.0 17.175 0
195512 19.875 10.0 17.175 0
195542 19.875 10.0 17.175 0
195612 19.812 10.0 17.175 0
195642 19.812 10.0 17.175 0
195713 19.812 10.0 17.175 0
195744 19.812 10.0 17.175 0
195814 19.812 10.0 17.175 0
195845 19.875 10.0 17.175 0
195915 19.875 10.0 17.175 0
195945 19.875 10.0 17.175 0
200015 19.875 10.0 17.175 0
200046 19.875 10.0 17.175 0
200116 19.937 10.0 17.175 0
200146 19.937 10.0 17.175 0
200217 19.937 10.0 17.175 0
200247 19.937 10.0 17.175 0
200317 19.937 10.0 17.175 0
200347 19.937 10.0 17.175 0
200418 19.937 10.0 17.175 0
200448 19.937 10.0 17.175 0
200519 19.937 10.0 17.175 0
200549 19.937 10.0 17.175 0
200619 19.937 10.0 17.175 0
200650 19.937 10.0 17.175 0
200720 19.937 10.0 17.175 0
200750 19.937 10.0 17.175 0
200821 19.937 10.0 17.175 0
200851 19.937 10.0 17.175 0
200922 19.937 10.0 17.175 0
200953 19.937 10.0 17.175 0
201023 19.937 10.0 17.175 0
201056 20.0 10.0 17.175 0
201126 20.0 10.0 17.237 0
201157 20.0 10.0 17.175 0
201227 20.0 10.0 17.175 0
201258 20.0 10.0 17.175 0
201328 20.0 10.0 17.175 0
201358 20.0 10.0 17.175 0
201428 20.0 10.0 17.175 0
201459 20.0 10.0 17.175 0
201530 20.0 10.0 17.175 0
201600 20.0 10.0 17.175 0
201630 20.0 10.0 17.175 0
201700 20.0 10.0 17.175 0
201731 20.0 10.0 17.175 0
201802 20.0 10.0 17.175 0
201832 20.0 10.0 17.175 0
201902 20.0 10.0 17.175 0
201933 20.0 10.0 17.175 0
202004 20.0 10.0 17.175 0
202034 20.0 10.0 17.175 0
202105 20.062 10.0 17.175 0
202135 20.062 10.0 17.175 0
202206 20.062 10.0 17.175 0
202237 20.062 10.0 17.175 0
202307 20.062 10.0 17.175 0
202337 20.062 10.0 17.175 0
202407 20.062 10.0 17.175 0
202437 20.062 10.0 17.175 0
202508 20.062 10.0 17.175 0
202538 20.062 10.0 17.175 0
202609 20.062 10.0 17.175 0
202639 20.062 10.0 17.175 0
202710 20.062 10.0 17.175 0
202740 20.062 10.0 17.175 0
202810 20.062 10.0 17.175 0
202841 20.062 10.0 17.175 0
202911 20.062 10.0 17.175 0
202941 20.062 10.0 17.175 0
203012 20.062 10.0 17.175 0
203042 20.062 10.0 17.175 0
203112 20.062 10.0 17.175 0
203143 20.062 10.0 17.175 0
203214 20.062 10.0 17.175 0
203244 20.062 10.0 17.175 0
203315 20.062 10.0 17.175 0
203345 20.125 10.0 17.175 0
203415 20.125 10.0 17.175 0
203445 20.125 10.0 17.175 0
203516 20.125 10.0 17.175 0
203546 20.125 10.0 17.175 0
203617 20.062 10.0 17.175 0
203647 20.062 10.0 17.175 0
203718 20.062 10.0 17.175 0
203749 20.062 10.0 17.175 0
203819 20.062 10.0 17.175 0
203850 20.062 10.0 17.175 0
203920 20.062 10.0 17.175 0
203951 20.062 10.0 17.175 0
204021 20.062 10.0 17.175 0
204052 20.062 10.0 17.175 0
204122 20.125 10.0 17.175 0
204152 20.125 10.0 17.175 0
204223 20.125 10.0 17.175 0
204253 20.125 10.0 17.175 0
204324 20.125 10.0 17.175 0
204354 20.125 10.0 17.175 0
204424 20.125 10.0 17.175 0
204455 20.125 10.0 17.175 0
204526 20.125 10.0 17.175 0
204556 20.125 10.0 17.175 0
204627 20.125 10.0 17.175 0
204658 20.125 10.0 17.175 0
204728 20.125 10.0 17.175 0
204759 20.125 10.0 17.175 0
204832 20.125 10.0 17.175 0
204902 20.125 10.0 17.175 0
204932 20.125 10.0 17.175 0
205003 20.125 10.0 17.175 0
205034 20.125 10.0 17.175 0
205104 20.125 10.0 17.175 0
205135 20.125 10.0 17.175 0
205205 20.125 10.0 17.175 0
205236 20.125 10.0 17.175 0
205307 20.125 10.0 17.175 0
205338 20.125 10.0 17.175 0
205408 20.125 10.0 17.175 0
205439 20.125 10.0 17.175 0
205509 20.125 10.0 17.175 0
205539 20.125 10.0 17.175 0
205610 20.125 10.0 17.175 0
205640 20.125 10.0 17.175 0
205711 20.125 10.0 17.175 0
205742 20.125 10.0 17.175 0
205813 20.125 10.0 17.175 0
205843 20.187 10.0 17.175 0
205913 20.187 10.0 17.175 0
205943 20.187 10.0 17.175 0
210013 20.187 10.0 17.175 0
210044 20.187 10.0 17.175 0
210114 20.187 10.0 17.175 0
210145 20.187 10.0 17.175 0
210216 20.187 10.0 17.175 0
210246 20.187 10.0 17.175 0
210317 20.187 10.0 17.175 0
210347 20.187 10.0 17.175 0
210417 20.187 10.0 17.175 0
210448 20.187 10.0 17.175 0
210518 20.187 10.0 17.175 0
210549 20.187 10.0 17.175 0
210620 20.187 10.0 17.175 0
210651 20.187 10.0 17.175 0
210721 20.187 10.0 17.175 0
210751 20.187 10.0 17.175 0
210821 20.187 10.0 17.175 0
210851 20.187 10.0 17.175 0
210922 20.187 10.0 17.175 0
210952 20.187 10.0 17.175 0
211023 20.187 10.0 17.175 0
211054 20.187 10.0 17.175 0
211124 20.187 10.0 17.175 0
211154 20.187 10.0 17.175 0
211224 20.187 10.0 17.175 0
211255 20.187 10.0 17.175 0
211326 20.187 10.0 17.175 0
211356 20.187 10.0 17.175 0
211427 20.187 10.0 17.175 0
211457 20.187 10.0 17.175 0
211527 20.187 10.0 17.175 0
211558 20.187 10.0 17.175 0
211628 20.187 10.0 17.175 0
211659 20.187 10.0 17.175 0
211730 20.187 10.0 17.175 0
211801 20.187 10.0 17.175 0
211831 20.187 10.0 17.175 0
211901 20.187 10.0 17.175 0
211932 20.187 10.0 17.175 0
212002 20.187 10.0 17.175 0
212033 20.187 10.0 17.175 0
212103 20.187 10.0 17.175 0
212134 20.187 10.0 17.175 0
212204 20.187 10.0 17.175 0
212234 20.187 10.0 17.175 0
212305 20.187 10.0 17.175 0
212337 20.25 10.0 17.175 0
212408 20.25 10.0 17.175 0
212439 20.25 10.0 17.175 0
212509 20.25 10.0 17.175 0
212539 20.25 10.0 17.175 0
212610 20.25 10.0 17.175 0
212641 20.25 10.0 17.175 0
212712 20.25 10.0 17.175 0
212742 20.25 10.0 17.175 0
212812 20.25 10.0 17.175 0
212843 20.25 10.0 17.175 0
212913 20.25 10.0 17.175 0
212944 20.25 10.0 17.175 0
213014 20.25 10.0 17.175 0
213045 20.25 10.0 17.175 0
213115 20.25 10.0 17.175 0
213146 20.25 10.0 17.175 0
213217 20.25 10.0 17.175 0
213247 20.25 10.0 17.175 0
213317 20.25 10.0 17.175 0
213348 20.25 10.0 17.175 0
213419 20.25 10.0 17.175 0
213450 20.25 10.0 17.175 0
213520 20.25 10.0 17.175 0
213551 20.25 10.0 17.175 0
213621 20.187 10.0 17.175 0
213652 20.187 10.0 17.175 0
213723 20.187 10.0 17.175 0
213753 20.187 10.0 17.175 0
213824 20.187 10.0 17.175 0
213854 20.187 10.0 17.175 0
213925 20.187 10.0 17.175 0
213956 20.187 10.0 17.175 0
214026 20.187 10.0 17.175 0
214056 20.187 10.0 17.175 0
214126 20.125 10.0 17.175 0
214157 20.125 10.0 17.175 0
214228 20.125 10.0 17.175 0
214258 20.125 10.0 17.175 0
214329 20.125 10.0 17.175 0
214359 20.125 10.0 17.175 0
214429 20.125 10.0 17.175 0
214459 20.125 10.0 17.175 0
214530 20.125 10.0 17.175 0
214600 20.125 10.0 17.175 0
214631 20.125 10.0 17.175 0
214701 20.125 10.0 17.175 0
214732 20.125 10.0 17.175 0
214802 20.125 10.0 17.175 0
214832 20.125 10.0 17.175 0
214902 20.125 10.0 17.175 0
214932 20.125 10.0 17.175 0
215003 20.125 10.0 17.175 0
215033 20.125 10.0 17.175 0
215104 20.125 10.0 17.175 0
215134 20.125 10.0 17.175 0
215205 20.125 10.0 17.175 0
215235 20.125 10.0 17.175 0
215306 20.125 10.0 17.175 0
215337 20.125 10.0 17.175 0
215407 20.062 10.0 17.175 0
215437 20.062 10.0 17.175 0
215508 20.062 10.0 17.175 0
215539 20.062 10.0 17.175 0
215609 20.062 10.0 17.175 0
215639 20.062 10.0 17.175 0
215710 20.062 10.0 17.175 0
215741 20.062 10.0 17.175 0
215812 20.062 10.0 17.175 0
215843 20.062 10.0 17.175 0
215913 20.062 10.0 17.175 0
215943 20.062 10.0 17.175 0
220014 20.062 10.0 17.175 0
220045 20.062 10.0 17.175 0
220115 20.062 10.0 17.175 0
220146 20.062 10.0 17.175 0
220217 20.062 10.0 17.175 0
220247 20.062 10.0 17.175 0
220317 20.062 10.0 17.175 0
220348 20.0 10.0 17.175 0
220418 20.0 10.0 17.175 0
220448 20.0 10.0 17.175 0
220519 20.0 10.0 17.175 0
220549 20.0 10.0 17.175 0
220620 20.0 10.0 17.175 0
220651 20.0 10.0 17.175 0
220721 20.0 10.0 17.175 0
220751 20.0 10.0 17.175 0
220821 20.0 10.0 17.175 0
220851 20.0 10.0 17.175 0
220921 20.0 10.0 17.175 0
220952 20.0 10.0 17.175 0
221022 20.0 10.0 17.175 0
221053 20.0 10.0 17.175 0
221123 20.0 10.0 17.175 0
221154 20.0 10.0 17.175 0
221225 20.0 10.0 17.175 0
221256 20.0 10.0 17.175 0
221326 20.0 10.0 17.175 0
221357 20.0 10.0 17.175 0
221427 20.0 10.0 17.175 0
221457 20.0 10.0 17.175 0
221528 20.0 10.0 17.175 0
221558 20.0 10.0 17.175 0
221628 19.937 10.0 17.175 0
221659 19.937 10.0 17.175 0
221729 19.937 10.0 17.175 0
221800 19.937 10.0 17.175 0
221830 19.937 10.0 17.175 0
221901 19.937 10.0 17.175 0
221931 19.937 10.0 17.175 0
222001 19.937 10.0 17.175 0
222032 19.937 10.0 17.175 0
222102 19.937 10.0 17.175 0
222133 19.937 10.0 17.175 0
222203 19.937 10.0 17.175 0
222234 19.937 10.0 17.175 0
222304 19.937 10.0 17.175 0
222335 19.937 10.0 17.175 0
222406 19.875 10.0 17.175 0
222436 19.875 10.0 17.175 0
222507 19.875 10.0 17.175 0
222538 19.875 10.0 17.175 0
222608 19.875 10.0 17.175 0
222639 19.875 10.0 17.175 0
222710 19.875 10.0 17.175 0
222740 19.875 10.0 17.175 0
222810 19.875 10.0 17.175 0
222841 19.875 10.0 17.175 0
222912 19.875 10.0 17.175 0
222942 19.875 10.0 17.175 0
223013 19.875 10.0 17.175 0
223044 19.875 10.0 17.175 0
223117 19.875 10.0 17.175 0
223147 19.875 10.0 17.175 0
223217 19.875 10.0 17.175 0
223247 19.875 10.0 17.175 0
223318 19.875 10.0 17.175 0
223348 19.812 10.0 17.175 0
223418 19.812 10.0 17.175 0
223449 19.812 10.0 17.175 0
223520 19.812 10.0 17.175 0
223550 19.812 10.0 17.175 0
223620 19.812 10.0 17.175 0
223651 19.812 10.0 17.175 0
223721 19.812 10.0 17.175 0
223751 19.812 10.0 17.175 0
223822 19.812 10.0 17.175 0
223853 19.812 10.0 17.175 0
223924 19.812 10.0 17.175 0
223954 19.812 10.0 17.175 0
224024 19.812 10.0 17.175 0
224055 19.812 10.0 17.175 0
224125 19.812 10.0 17.175 0
224156 19.812 10.0 17.175 0
224226 19.812 10.0 17.175 0
224257 19.812 10.0 17.175 0
224327 19.812 10.0 17.175 0
224358 19.75 10.0 17.175 0
224429 19.75 10.0 17.175 0
224459 19.75 10.0 17.175 0
224529 19.75 10.0 17.175 0
224600 19.75 10.0 17.175 0
224630 19.75 10.0 17.175 0
224701 19.75 10.0 17.175 0
224731 19.75 10.0 17.175 0
224801 19.75 10.0 17.175 0
224831 19.75 10.0 17.175 0
224902 19.75 10.0 17.175 0
224932 19.75 10.0 17.175 0
225003 19.75 10.0 17.175 0
225034 19.75 10.0 17.175 0
225104 19.75 10.0 17.175 0
225135 19.75 10.0 17.175 0
225205 19.75 10.0 17.175 0
225236 19.75 10.0 17.175 0
225306 19.75 10.0 17.175 0
225337 19.75 10.0 17.175 0
225408 19.687 10.0 17.175 0
225438 19.687 10.0 17.175 0
225509 19.687 10.0 17.175 0
225540 19.687 10.0 17.175 0
225610 19.687 10.0 17.175 0
225641 19.687 10.0 17.175 0
225711 19.687 10.0 17.175 0
225741 19.687 10.0 17.175 0
225812 19.687 10.0 17.175 0
225842 19.687 10.0 17.175 0
225913 19.687 10.0 17.175 0
225943 19.687 10.0 17.175 0
230014 19.687 10.0 17.175 0
230045 19.687 10.0 17.175 0
230115 19.687 10.0 17.175 0
230145 19.625 10.0 17.175 0
230216 19.625 10.0 17.175 0
230246 19.625 10.0 17.175 0
230316 19.625 10.0 17.175 0
230346 19.625 10.0 17.175 0
230417 19.562 10.0 17.175 0
230448 19.562 10.0 17.175 0
230518 19.562 10.0 17.175 0
230549 19.562 10.0 17.175 0
230619 19.562 10.0 17.175 0
230649 19.562 10.0 17.175 0
230720 19.562 10.0 17.175 0
230750 19.562 10.0 17.175 0
230821 19.562 10.0 17.175 0
230853 19.562 10.0 17.175 0
230924 19.562 10.0 17.175 0
230954 19.562 10.0 17.175 0
231024 19.562 10.0 17.175 0
231055 19.562 10.0 17.175 0
231125 19.562 10.0 17.175 0
231156 19.562 10.0 17.175 0
231226 19.562 10.0 17.175 0
231257 19.562 10.0 17.175 0
231327 19.562 10.0 17.175 0
231357 19.562 10.0 17.175 0
231428 19.562 10.0 17.175 0
231459 19.562 10.0 17.175 0
231529 19.562 10.0 17.175 0
231600 19.562 10.0 17.175 0
231630 19.562 10.0 17.175 0
231701 19.562 10.0 17.175 0
231732 19.562 10.0 17.175 0
231803 19.562 10.0 17.175 0
231833 19.562 10.0 17.175 0
231904 19.562 10.0 17.175 0
231934 19.562 10.0 17.175 0
232005 19.562 10.0 17.175 0
232035 19.562 10.0 17.175 0
232105 19.562 10.0 17.175 0
232136 19.562 10.0 17.175 0
232207 19.562 10.0 17.175 0
232238 19.562 10.0 17.175 0
232308 19.562 10.0 17.175 0
232339 19.562 10.0 17.175 0
232410 19.562 10.0 17.175 0
232440 19.562 10.0 17.175 0
232511 19.562 10.0 17.175 0
232541 19.562 10.0 17.175 0
232612 19.562 10.0 17.175 0
232643 19.562 10.0 17.175 0
232714 19.562 10.0 17.175 0
232744 19.562 10.0 17.175 0
232815 19.562 10.0 17.175 0
232845 19.562 10.0 17.175 0
232915 19.562 10.0 17.175 0
232946 19.562 10.0 17.175 0
233016 19.562 10.0 17.175 0
233046 19.562 10.0 17.175 0
233116 19.562 10.0 17.175 0
233146 19.5 10.0 17.175 0
233217 19.5 10.0 17.175 0
233247 19.5 10.0 17.175 0
233318 19.5 10.0 17.175 0
233348 19.5 10.0 17.175 0
233418 19.5 10.0 17.175 0
233449 19.5 10.0 17.175 0
233520 19.5 10.0 17.175 0
233550 19.5 10.0 17.175 0
233620 19.5 10.0 17.175 0
233651 19.5 10.0 17.175 0
233721 19.5 10.0 17.175 0
233752 19.5 10.0 17.175 0
233823 19.5 10.0 17.175 0
233853 19.5 10.0 17.175 0
233923 19.5 10.0 17.175 0
233954 19.5 10.0 17.175 0
234024 19.5 10.0 17.175 0
234054 19.5 10.0 17.175 0
234127 19.5 10.0 17.175 0
234158 19.5 10.0 17.175 0
234228 19.5 10.0 17.175 0
234258 19.5 10.0 17.175 0
234329 19.5 10.0 17.175 0
234359 19.5 10.0 17.175 0
234430 19.5 10.0 17.175 0
234500 19.5 10.0 17.175 0
234531 19.5 10.0 17.175 0
234601 19.5 10.0 17.175 0
234632 19.5 10.0 17.175 0
234702 19.5 10.0 17.175 0
234733 19.5 10.0 17.175 0
234803 19.5 10.0 17.175 0
234834 19.5 10.0 17.175 0
234905 19.437 10.0 17.175 0
234935 19.437 10.0 17.175 0
235006 19.437 10.0 17.175 0
235036 19.437 10.0 17.175 0
235106 19.437 10.0 17.175 0
235136 19.437 10.0 17.175 0
235207 19.437 10.0 17.175 0
235237 19.437 10.0 17.175 0
235308 19.437 10.0 17.175 0
235338 19.437 10.0 17.175 0
235409 19.437 10.0 17.175 0
235439 19.437 10.0 17.175 0
235509 19.437 10.0 17.175 0
235539 19.437 10.0 17.175 0
235610 19.437 10.0 17.175 0
235641 19.437 10.0 17.175 0
235711 19.437 10.0 17.175 0
235741 19.437 10.0 17.175 0
235811 19.437 10.0 17.175 0
235842 19.437 10.0 17.175 0
