235926 18.187 10.0 68.925 0
235956 18.187 10.0 68.862 0
000026 18.187 10.0 68.8 0
000056 18.187 10.0 68.8 0
000126 18.187 10.0 68.737 0
000157 18.187 10.0 68.675 0
000227 18.187 10.0 68.675 0
000258 18.125 10.0 68.675 0
000328 18.125 10.0 68.675 0
000359 18.125 10.0 68.612 0
000429 18.125 10.0 68.55 0
000501 18.062 10.0 68.55 0
000531 18.062 10.0 68.55 0
000601 18.062 10.0 68.55 0
000631 18.062 10.0 68.487 0
000702 18.062 10.0 68.487 0
000732 18.062 10.0 68.425 0
000803 18.062 10.0 68.425 0
000834 18.062 10.0 68.425 0
000904 18.062 10.0 68.487 0
000934 18.062 10.0 68.55 0
001005 18.0 10.0 68.612 0
001035 18.0 10.0 68.675 0
001106 18.0 10.0 68.675 0
001136 18.0 10.0 68.675 0
001206 18.0 10.0 68.737 0
001237 17.937 10.0 68.737 0
001307 17.937 10.0 68.737 0
001338 17.937 10.0 68.737 0
001408 17.937 10.0 68.737 0
001438 17.937 10.0 68.737 0
001508 17.937 10.0 68.737 0
001539 17.937 10.0 68.737 0
001609 17.937 10.0 68.737 0
001639 17.937 10.0 68.737 0
001710 17.937 10.0 68.737 0
001740 17.875 10.0 68.737 0
001811 17.875 10.0 68.675 0
001841 17.875 10.0 68.675 0
001911 17.875 10.0 68.675 0
001941 17.875 10.0 68.612 0
002012 17.875 10.0 68.55 0
002042 17.875 10.0 68.55 0
002112 17.875 10.0 68.487 0
002142 17.875 10.0 68.487 0
002213 17.875 10.0 68.425 0
002243 17.812 10.0 68.425 0
002313 17.812 10.0 68.362 0
002343 17.812 10.0 68.362 0
002414 17.812 10.0 68.3 0
002444 17.812 10.0 68.3 0
002515 17.75 10.0 68.237 0
002545 17.75 10.0 68.175 0
002615 17.75 10.0 68.175 0
002645 17.75 10.0 68.175 0
002715 17.75 10.0 68.112 0
002745 17.75 10.0 68.112 0
002816 17.75 10.0 68.05 0
002846 17.75 10.0 67.987 0
002916 17.75 10.0 67.987 0
002946 17.75 10.0 67.987 0
003016 17.75 10.0 67.925 0
003046 17.75 10.0 67.925 0
003116 17.75 10.0 67.862 0
003147 17.75 10.0 67.8 0
003217 17.75 10.0 67.8 0
003247 17.687 10.0 67.737 0
003318 17.687 10.0 67.737 0
003348 17.687 10.0 67.675 0
003418 17.687 10.0 67.675 0
003449 17.687 10.0 67.675 0
003520 17.687 10.0 67.612 0
003550 17.687 10.0 67.55 0
003620 17.687 10.0 67.55 0
003651 17.687 10.0 67.487 0
003722 17.687 10.0 67.487 0
003752 17.625 10.0 67.425 0
003823 17.625 10.0 67.362 0
003853 17.625 10.0 67.3 0
003923 17.625 10.0 67.175 0
003954 17.625 10.0 67.112 0
004024 17.625 10.0 67.05 0
004055 17.625 10.0 66.987 0
004125 17.625 10.0 66.987 0
004155 17.625 10.0 66.925 0
004226 17.625 10.0 66.862 0
004256 17.562 10.0 66.862 0
004327 17.562 10.0 66.8 0
004358 17.562 10.0 66.8 0
004428 17.562 10.0 66.737 0
004458 17.562 10.0 66.737 0
004528 17.562 10.0 66.675 0
004559 17.562 10.0 66.612 0
004629 17.562 10.0 66.612 0
004700 17.562 10.0 66.55 0
004731 17.562 10.0 66.55 0
004801 17.562 10.0 66.487 0
004832 17.562 10.0 66.487 0
004902 17.562 10.0 66.425 0
004933 17.562 10.0 66.362 0
005003 17.562 10.0 66.362 0
005033 17.5 10.0 66.3 0
005103 17.5 10.0 66.3 0
005133 17.5 10.0 66.237 0
005203 17.5 10.0 66.175 0
005234 17.5 10.0 66.175 0
005305 17.5 10.0 66.112 0
005335 17.5 10.0 66.112 0
005406 17.5 10.0 66.05 0
005436 17.5 10.0 66.05 0
005508 17.5 10.0 65.987 0
005538 17.5 10.0 65.925 0
005608 17.5 10.0 65.925 0
005638 17.5 10.0 65.862 0
005709 17.5 10.0 65.8 0
005740 17.437 10.0 65.737 0
005810 17.437 10.0 65.675 0
005840 17.437 10.0 65.55 0
005910 17.437 10.0 65.487 0
005940 17.437 10.0 65.362 0
010011 17.437 10.0 65.3 0
010042 17.437 10.0 65.237 0
010112 17.437 10.0 65.175 0
010143 17.437 10.0 65.112 0
010213 17.437 10.0 65.112 0
010243 17.375 10.0 65.05 0
010313 17.375 10.0 64.987 0
010344 17.375 10.0 64.987 0
010414 17.375 10.0 64.925 0
010444 17.375 10.0 64.862 0
010515 17.375 10.0 64.862 0
010545 17.375 10.0 64.8 0
010615 17.375 10.0 64.737 0
010646 17.375 10.0 64.737 0
010716 17.375 10.0 64.675 0
010746 17.375 10.0 64.675 0
010816 17.375 10.0 64.612 0
010846 17.375 10.0 64.55 0
010917 17.375 10.0 64.55 0
010947 17.375 10.0 64.487 0
011017 17.375 10.0 64.487 0
011047 17.375 10.0 64.487 0
011117 17.375 10.0 64.487 0
011148 17.375 10.0 64.487 0
011219 17.375 10.0 64.487 0
011249 17.375 10.0 64.487 0
011319 17.375 10.0 64.487 0
011349 17.375 10.0 64.487 0
011420 17.375 10.0 64.487 0
011450 17.375 10.0 64.487 0
011520 17.312 10.0 64.487 0
011550 17.312 10.0 64.487 0
011620 17.312 10.0 64.487 0
011650 17.312 10.0 64.425 0
011721 17.312 10.0 64.425 0
011751 17.312 10.0 64.362 0
011822 17.312 10.0 64.362 0
011852 17.312 10.0 64.3 0
011923 17.312 10.0 64.237 0
011953 17.312 10.0 64.175 0
012023 17.25 10.0 64.175 0
012054 17.25 10.0 64.112 0
012124 17.25 10.0 64.05 0
012155 17.25 10.0 64.05 0
012225 17.25 10.0 63.987 0
012255 17.25 10.0 63.987 0
012325 17.25 10.0 63.925 0
012355 17.25 10.0 63.925 0
012426 17.25 10.0 63.862 0
012456 17.25 10.0 63.862 0
012527 17.25 10.0 63.8 0
012557 17.25 10.0 63.8 0
012628 17.25 10.0 63.737 0
012658 17.25 10.0 63.737 0
012729 17.25 10.0 63.675 0
012759 17.187 10.0 63.675 0
012829 17.187 10.0 63.612 0
012900 17.187 10.0 63.612 0
012930 17.187 10.0 63.55 0
013000 17.187 10.0 63.487 0
013031 17.187 10.0 63.487 0
013101 17.187 10.0 63.487 0
013132 17.187 10.0 63.425 0
013202 17.187 10.0 63.425 0
013232 17.187 10.0 63.362 0
013302 17.187 10.0 63.362 0
013333 17.187 10.0 63.3 0
013403 17.187 10.0 63.3 0
013433 17.187 10.0 63.237 0
013503 17.187 10.0 63.237 0
013534 17.125 10.0 63.175 0
013604 17.125 10.0 63.112 0
013634 17.125 10.0 63.05 0
013704 17.125 10.0 62.987 0
013735 17.125 10.0 62.925 0
013806 17.125 10.0 62.8 0
013836 17.125 10.0 62.737 0
013906 17.125 10.0 62.737 0
013936 17.125 10.0 62.675 0
014007 17.125 10.0 62.612 0
014037 17.125 10.0 62.612 0
014107 17.125 10.0 62.55 0
014138 17.125 10.0 62.487 0
014208 17.125 10.0 62.487 0
014239 17.125 10.0 62.425 0
014309 17.062 10.0 62.425 0
014339 17.062 10.0 62.362 0
014409 17.062 10.0 62.3 0
014439 17.062 10.0 62.3 0
014509 17.062 10.0 62.237 0
014540 17.062 10.0 62.237 0
014610 17.062 10.0 62.175 0
014640 17.062 10.0 62.175 0
014710 17.062 10.0 62.112 0
014740 17.062 10.0 62.112 0
014811 17.062 10.0 62.05 0
014841 17.062 10.0 62.05 0
014912 17.062 10.0 61.987 0
014942 17.062 10.0 61.987 0
015012 17.062 10.0 61.925 0
015042 17.062 10.0 61.925 0
015112 17.062 10.0 61.862 0
015143 17.062 10.0 61.862 0
015213 17.062 10.0 61.8 0
015243 17.062 10.0 61.8 0
015313 17.0 10.0 61.737 0
015344 17.0 10.0 61.737 0
015414 17.0 10.0 61.675 0
015444 17.0 10.0 61.612 0
015516 17.0 10.0 61.612 0
015547 17.0 10.0 61.487 0
015618 17.0 10.0 61.425 0
015648 17.0 10.0 61.362 0
015719 17.0 10.0 61.3 0
015749 16.937 10.0 61.237 0
015819 16.937 10.0 61.175 0
015849 16.937 10.0 61.112 0
015920 16.937 10.0 61.112 0
015950 16.937 10.0 61.05 0
020021 16.937 10.0 61.05 0
020051 16.937 10.0 60.987 0
020121 16.937 10.0 60.925 0
020151 16.937 10.0 60.925 0
020221 16.937 10.0 60.862 0
020251 16.937 10.0 60.862 0
020322 16.937 10.0 60.8 0
020352 16.937 10.0 60.8 0
020422 16.937 10.0 60.737 0
020452 16.937 10.0 60.737 0
020522 16.875 10.0 60.675 0
020553 16.875 10.0 60.675 0
020623 16.875 10.0 60.612 0
020653 16.875 10.0 60.612 0
020723 16.875 10.0 60.55 0
020753 16.875 10.0 60.55 0
020824 16.875 10.0 60.487 0
020854 16.875 10.0 60.487 0
020924 16.875 10.0 60.425 0
020954 16.875 10.0 60.425 0
021025 16.875 10.0 60.362 0
021055 16.875 10.0 60.362 0
021125 16.875 10.0 60.362 0
021155 16.875 10.0 60.362 0
021226 16.875 10.0 60.425 0
021256 16.875 10.0 60.425 0
021327 16.875 10.0 60.487 0
021357 16.875 10.0 60.487 0
021427 16.875 10.0 60.487 0
021458 16.875 10.0 60.487 0
021528 16.875 10.0 60.425 0
021559 16.875 10.0 60.425 0
021629 16.875 10.0 60.425 0
021659 16.875 10.0 60.362 0
021729 16.875 10.0 60.3 0
021759 16.812 10.0 60.3 0
021829 16.812 10.0 60.3 0
021900 16.812 10.0 60.237 0
021931 16.812 10.0 60.237 0
022001 16.812 10.0 60.237 0
022031 16.812 10.0 60.175 0
022101 16.812 10.0 60.175 0
022131 16.812 10.0 60.175 0
022202 16.812 10.0 60.112 0
022232 16.812 10.0 60.112 0
022302 16.812 10.0 60.05 0
022333 16.812 10.0 60.05 0
022403 16.812 10.0 60.05 0
022433 16.812 10.0 59.987 0
022503 16.812 10.0 59.987 0
022533 16.75 10.0 59.925 0
022603 16.75 10.0 59.925 0
022634 16.75 10.0 59.925 0
022704 16.75 10.0 59.862 0
022735 16.75 10.0 59.862 0
022806 16.75 10.0 59.862 0
022836 16.75 10.0 59.8 0
022906 16.75 10.0 59.8 0
022937 16.75 10.0 59.8 0
023007 16.75 10.0 59.737 0
023037 16.75 10.0 59.737 0
023107 16.75 10.0 59.675 0
023137 16.75 10.0 59.675 0
023208 16.75 10.0 59.612 0
023238 16.75 10.0 59.55 0
023308 16.75 10.0 59.487 0
023339 16.75 10.0 59.425 0
023409 16.75 10.0 59.362 0
023439 16.75 10.0 59.3 0
023510 16.75 10.0 59.3 0
023541 16.75 10.0 59.237 0
023611 16.75 10.0 59.175 0
023641 16.75 10.0 59.175 0
023712 16.75 10.0 59.112 0
023743 16.75 10.0 59.112 0
023813 16.687 10.0 59.05 0
023843 16.687 10.0 59.05 0
023914 16.687 10.0 58.987 0
023944 16.687 10.0 58.987 0
024015 16.687 10.0 58.925 0
024045 16.687 10.0 58.925 0
024116 16.687 10.0 58.862 0
024146 16.687 10.0 58.862 0
024216 16.687 10.0 58.8 0
024247 16.687 10.0 58.8 0
024317 16.687 10.0 58.737 0
024347 16.687 10.0 58.737 0
024418 16.687 10.0 58.737 0
024448 16.687 10.0 58.675 0
024518 16.687 10.0 58.675 0
024549 16.687 10.0 58.612 0
024619 16.687 10.0 58.612 0
024649 16.687 10.0 58.55 0
024719 16.687 10.0 58.55 0
024750 16.687 10.0 58.487 0
024820 16.687 10.0 58.487 0
024850 16.687 10.0 58.487 0
024921 16.687 10.0 58.425 0
024951 16.687 10.0 58.362 0
025024 16.625 10.0 58.3 0
025055 16.625 10.0 58.237 0
025125 16.625 10.0 58.175 0
025155 16.625 10.0 58.112 0
025226 16.625 10.0 58.05 0
025256 16.625 10.0 57.987 0
025326 16.625 10.0 57.925 0
025356 16.625 10.0 57.862 0
025426 16.625 10.0 57.862 0
025456 16.625 10.0 57.8 0
025527 16.625 10.0 57.8 0
025557 16.625 10.0 57.737 0
025627 16.625 10.0 57.737 0
025658 16.625 10.0 57.675 0
025728 16.625 10.0 57.675 0
025759 16.625 10.0 57.612 0
025829 16.625 10.0 57.612 0
025900 16.625 10.0 57.55 0
025930 16.625 10.0 57.55 0
030001 16.625 10.0 57.487 0
030031 16.625 10.0 57.487 0
030102 16.625 10.0 57.425 0
030132 16.625 10.0 57.425 0
030202 16.625 10.0 57.362 0
030232 16.625 10.0 57.362 0
030303 16.562 10.0 57.3 0
030333 16.562 10.0 57.3 0
030404 16.562 10.0 57.237 0
030434 16.562 10.0 57.237 0
030504 16.562 10.0 57.175 0
030534 16.562 10.0 57.175 0
030604 16.562 10.0 57.112 0
030634 16.562 10.0 57.112 0
030705 16.562 10.0 57.05 0
030735 16.562 10.0 56.987 0
030805 16.562 10.0 56.925 0
030836 16.562 10.0 56.862 0
030906 16.562 10.0 56.737 0
030936 16.562 10.0 56.675 0
031006 16.562 10.0 56.612 0
031037 16.562 10.0 56.55 0
031107 16.562 10.0 56.487 0
031137 16.562 10.0 56.487 0
031208 16.562 10.0 56.487 0
031238 16.562 10.0 56.55 0
031309 16.5 10.0 56.612 0
031339 16.5 10.0 56.862 0
031409 16.5 10.0 57.175 0
031439 16.5 10.0 57.487 0
031509 16.5 10.0 57.925 0
031540 16.5 10.0 58.362 0
031610 16.5 10.0 58.8 0
031640 16.5 10.0 59.362 0
031710 16.5 10.0 60.3 0
031741 16.5 10.0 61.362 0
031811 16.5 10.0 62.362 0
031841 16.5 10.0 63.237 0
031911 16.5 10.0 63.862 0
031942 16.5 10.0 64.362 0
032012 16.5 10.0 64.8 0
032042 16.437 10.0 65.112 0
032112 16.437 10.0 65.425 0
032142 16.437 10.0 65.675 0
032213 16.437 10.0 65.862 0
032243 16.437 10.0 66.05 0
032313 16.437 10.0 66.237 0
032343 16.437 10.0 66.425 0
032413 16.437 10.0 66.55 0
032443 16.437 10.0 66.675 0
032514 16.437 10.0 66.737 0
032544 16.437 10.0 66.8 0
032614 16.437 10.0 66.862 0
032644 16.437 10.0 66.925 0
032714 16.437 10.0 66.925 0
032745 16.437 10.0 66.987 0
032815 16.437 10.0 66.987 0
032845 16.437 10.0 66.987 0
032915 16.437 10.0 66.987 0
032945 16.437 10.0 66.987 0
033016 16.437 10.0 67.05 0
033046 16.437 10.0 67.05 0
033117 16.437 10.0 67.05 0
033147 16.437 10.0 67.05 0
033218 16.437 10.0 67.112 0
033248 16.437 10.0 67.112 0
033318 16.375 10.0 67.112 0
033348 16.375 10.0 67.112 0
033418 16.375 10.0 67.112 0
033449 16.375 10.0 67.112 0
033519 16.375 10.0 67.112 0
033550 16.375 10.0 67.112 0
033620 16.375 10.0 67.175 0
033650 16.375 10.0 67.112 0
033720 16.375 10.0 67.175 0
033750 16.375 10.0 67.112 0
033821 16.375 10.0 67.112 0
033851 16.375 10.0 67.112 0
033921 16.375 10.0 67.112 0
033952 16.375 10.0 67.112 0
034022 16.375 10.0 67.112 0
034052 16.375 10.0 67.112 0
034122 16.375 10.0 67.112 0
034153 16.375 10.0 67.112 0
034223 16.375 10.0 67.112 0
034254 16.375 10.0 67.112 0
034324 16.375 10.0 67.112 0
034355 16.375 10.0 67.112 0
034425 16.375 10.0 67.05 0
034455 16.375 10.0 67.05 0
034525 16.375 10.0 67.05 0
034555 16.375 10.0 67.05 0
034626 16.375 10.0 67.05 0
034656 16.375 10.0 67.05 0
034726 16.375 10.0 67.05 0
034757 16.375 10.0 67.05 0
034827 16.312 10.0 67.05 0
034857 16.312 10.0 66.987 0
034927 16.312 10.0 66.987 0
034957 16.312 10.0 66.987 0
035027 16.312 10.0 66.987 0
035058 16.312 10.0 66.987 0
035128 16.312 10.0 66.987 0
035159 16.312 10.0 66.925 0
035229 16.312 10.0 66.925 0
035301 16.375 10.0 66.925 0
035331 16.375 10.0 66.925 0
035401 16.375 10.0 66.925 0
035432 16.375 10.0 66.925 0
035502 16.375 10.0 66.862 0
035533 16.312 10.0 66.862 0
035603 16.312 10.0 66.862 0
035633 16.312 10.0 66.862 0
035703 16.312 10.0 66.862 0
035734 16.312 10.0 66.8 0
035804 16.312 10.0 66.8 0
035834 16.312 10.0 66.8 0
035905 16.312 10.0 66.8 0
035935 16.312 10.0 66.8 0
040005 16.312 10.0 66.737 0
040036 16.25 10.0 66.737 0
040106 16.25 10.0 66.737 0
040136 16.25 10.0 66.737 0
040207 16.25 10.0 66.675 0
040237 16.25 10.0 66.675 0
040307 16.25 10.0 66.675 0
040337 16.25 10.0 66.675 0
040407 16.25 10.0 66.675 0
040437 16.25 10.0 66.612 0
040507 16.25 10.0 66.612 0
040538 16.25 10.0 66.612 0
040608 16.25 10.0 66.612 0
040638 16.25 10.0 66.55 0
040708 16.25 10.0 66.55 0
040739 16.25 10.0 66.55 0
040810 16.25 10.0 66.487 0
040840 16.25 10.0 66.487 0
040910 16.25 10.0 66.487 0
040941 16.25 10.0 66.487 0
041011 16.25 10.0 66.425 0
041042 16.25 10.0 66.425 0
041112 16.25 10.0 66.362 0
041142 16.25 10.0 66.362 0
041212 16.25 10.0 66.362 0
041243 16.25 10.0 66.362 0
041313 16.187 10.0 66.3 0
041344 16.187 10.0 66.3 0
041414 16.187 10.0 66.3 0
041445 16.187 10.0 66.237 0
041515 16.187 10.0 66.237 0
041545 16.187 10.0 66.237 0
041615 16.187 10.0 66.175 0
041646 16.187 10.0 66.175 0
041716 16.187 10.0 66.175 0
041746 16.187 10.0 66.175 0
041816 16.187 10.0 66.112 0
041847 16.187 10.0 66.112 0
041917 16.187 10.0 66.112 0
041947 16.187 10.0 66.112 0
042018 16.187 10.0 66.237 0
042048 16.187 10.0 66.3 0
042119 16.187 10.0 66.362 0
042149 16.187 10.0 66.425 0
042219 16.187 10.0 66.487 0
042250 16.187 10.0 66.487 0
042320 16.187 10.0 66.55 0
042351 16.187 10.0 66.55 0
042422 16.187 10.0 66.55 0
042453 16.187 10.0 66.612 0
042523 16.187 10.0 66.55 0
042554 16.187 10.0 66.55 0
042624 16.187 10.0 66.55 0
042655 16.187 10.0 66.55 0
042725 16.187 10.0 66.55 0
042756 16.187 10.0 66.55 0
042826 16.125 10.0 66.55 0
042857 16.125 10.0 66.55 0
042927 16.125 10.0 66.55 0
042957 16.125 10.0 66.55 0
043028 16.125 10.0 66.55 0
043058 16.125 10.0 66.55 0
043128 16.125 10.0 66.487 0
043159 16.125 10.0 66.487 0
043229 16.125 10.0 66.487 0
043259 16.125 10.0 66.487 0
043330 16.125 10.0 66.425 0
043400 16.125 10.0 66.425 0
043431 16.125 10.0 66.425 0
043502 16.125 10.0 66.425 0
043533 16.125 10.0 66.425 0
043603 16.125 10.0 66.362 0
043634 16.125 10.0 66.362 0
043705 16.125 10.0 66.362 0
043735 16.125 10.0 66.3 0
043805 16.125 10.0 66.3 0
043836 16.062 10.0 66.3 0
043906 16.062 10.0 66.3 0
043936 16.062 10.0 66.237 0
044007 16.062 10.0 66.237 0
044039 16.125 10.0 66.237 0
044110 16.125 10.0 66.237 0
044140 16.125 10.0 66.175 0
044211 16.125 10.0 66.175 0
044241 16.125 10.0 66.175 0
044311 16.062 10.0 66.175 0
044342 16.062 10.0 66.112 0
044412 16.062 10.0 66.112 0
044443 16.062 10.0 66.05 0
044513 16.062 10.0 66.05 0
044543 16.062 10.0 66.05 0
044613 16.062 10.0 65.987 0
044643 16.062 10.0 65.987 0
044713 16.062 10.0 65.987 0
044744 16.062 10.0 65.925 0
044814 16.062 10.0 65.925 0
044845 16.062 10.0 65.925 0
044916 16.062 10.0 65.925 0
044947 16.062 10.0 65.925 0
045017 16.062 10.0 65.862 0
045047 16.062 10.0 65.862 0
045118 16.062 10.0 65.8 0
045149 16.062 10.0 65.8 0
045219 16.062 10.0 65.8 0
045250 16.062 10.0 65.737 0
045320 16.062 10.0 65.737 0
045351 16.062 10.0 65.675 0
045421 16.062 10.0 65.675 0
045451 16.062 10.0 65.675 0
045521 16.062 10.0 65.612 0
045551 16.062 10.0 65.612 0
045622 16.062 10.0 65.55 0
045652 16.062 10.0 65.55 0
045722 16.062 10.0 65.55 0
045753 16.062 10.0 65.487 0
045823 16.0 10.0 65.487 0
045854 16.0 10.0 65.487 0
045924 16.0 10.0 65.425 0
045955 16.0 10.0 65.425 0
050026 16.0 10.0 65.362 0
050057 16.0 10.0 65.362 0
050127 16.0 10.0 65.3 0
050157 16.0 10.0 65.3 0
050228 16.0 10.0 65.3 0
050258 16.0 10.0 65.237 0
050329 16.0 10.0 65.237 0
050359 16.0 10.0 65.175 0
050430 16.0 10.0 65.175 0
050500 16.0 10.0 65.175 0
050531 16.0 10.0 65.112 0
050602 16.0 10.0 65.112 0
050632 16.0 10.0 65.05 0
050703 16.0 10.0 65.05 0
050733 16.0 10.0 65.05 0
050804 16.0 10.0 64.987 0
050834 15.937 10.0 64.987 0
050905 15.937 10.0 64.925 0
050935 15.937 10.0 64.925 0
051006 15.937 10.0 64.862 0
051036 15.937 10.0 64.862 0
051107 15.937 10.0 64.862 0
051137 15.937 10.0 64.8 0
051207 15.937 10.0 64.8 0
051238 15.937 10.0 64.737 0
051309 15.937 10.0 64.737 0
051339 15.937 10.0 64.675 0
051409 15.937 10.0 64.612 0
051439 15.937 10.0 64.612 0
051510 15.937 10.0 64.55 0
051540 15.937 10.0 64.487 0
051610 15.937 10.0 64.487 0
051641 15.937 10.0 64.487 0
051711 15.937 10.0 64.425 0
051742 15.937 10.0 64.425 0
051812 15.937 10.0 64.362 0
051842 15.937 10.0 64.362 0
051912 15.937 10.0 64.3 0
051943 15.937 10.0 64.3 0
052014 15.937 10.0 64.237 0
052046 15.937 10.0 64.237 0
052116 15.937 10.0 64.237 0
052147 15.937 10.0 64.3 0
052217 15.937 10.0 64.362 0
052247 15.937 10.0 64.425 0
052317 15.875 10.0 64.425 0
052348 15.875 10.0 64.425 0
052418 15.875 10.0 64.425 0
052449 15.875 10.0 64.425 0
052520 15.875 10.0 64.487 0
052550 15.875 10.0 64.487 0
052620 15.875 10.0 64.487 0
052650 15.875 10.0 64.487 0
052720 15.875 10.0 64.425 0
052751 15.875 10.0 64.487 0
052822 15.875 10.0 64.425 0
052853 15.875 10.0 64.425 0
052923 15.875 10.0 64.425 0
052954 15.875 10.0 64.425 0
053025 15.875 10.0 64.425 0
053055 15.875 10.0 64.425 0
053126 15.875 10.0 64.425 0
053157 15.875 10.0 64.362 0
053227 15.875 10.0 64.362 0
053257 15.875 10.0 64.362 0
053327 15.875 10.0 64.362 0
053357 15.875 10.0 64.3 0
053428 15.875 10.0 64.3 0
053458 15.875 10.0 64.237 0
053529 15.875 10.0 64.175 0
053559 15.875 10.0 64.175 0
053629 15.875 10.0 64.112 0
053700 15.875 10.0 64.112 0
053730 15.875 10.0 64.05 0
053801 15.875 10.0 64.05 0
053831 15.875 10.0 63.925 0
053901 15.875 10.0 63.925 0
053931 15.875 10.0 63.925 0
054002 15.875 10.0 63.925 0
054032 15.875 10.0 63.925 0
054103 15.875 10.0 63.925 0
054133 15.875 10.0 63.862 0
054204 15.875 10.0 63.862 0
054234 15.875 10.0 63.862 0
054304 15.875 10.0 63.8 0
054334 15.812 10.0 63.8 0
054405 15.812 10.0 63.737 0
054435 15.812 10.0 63.737 0
054505 15.812 10.0 63.737 0
054536 15.812 10.0 63.675 0
054606 15.812 10.0 63.675 0
054636 15.812 10.0 63.612 0
054707 15.812 10.0 63.55 0
054737 15.812 10.0 63.487 0
054807 15.812 10.0 63.487 0
054837 15.812 10.0 63.425 0
054908 15.812 10.0 63.425 0
054938 15.812 10.0 63.425 0
055008 15.812 10.0 63.425 0
055039 15.812 10.0 63.425 0
055110 15.812 10.0 63.362 0
055141 15.812 10.0 63.362 0
055211 15.812 10.0 63.3 0
055241 15.812 10.0 63.3 0
055311 15.812 10.0 63.237 0
055341 15.812 10.0 63.237 0
055412 15.812 10.0 63.175 0
055442 15.812 10.0 63.112 0
055513 15.812 10.0 63.05 0
055543 15.812 10.0 63.05 0
055614 15.75 10.0 62.987 0
055644 15.75 10.0 62.925 0
055715 15.75 10.0 62.862 0
055745 15.75 10.0 62.8 0
055816 15.75 10.0 62.737 0
055846 15.75 10.0 62.737 0
055916 15.75 10.0 62.675 0
055947 15.75 10.0 62.675 0
060017 15.75 10.0 62.612 0
060048 15.75 10.0 62.612 0
060118 15.75 10.0 62.55 0
060149 15.75 10.0 62.487 0
060219 15.75 10.0 62.487 0
060249 15.75 10.0 62.425 0
060320 15.75 10.0 62.425 0
060350 15.75 10.0 62.425 0
060421 15.75 10.0 62.362 0
060451 15.75 10.0 62.3 0
060522 15.75 10.0 62.3 0
060555 15.75 10.0 62.237 0
060626 15.75 10.0 62.237 0
060657 15.75 10.0 62.237 0
060727 15.75 10.0 62.237 0
060758 15.75 10.0 62.175 0
060828 15.75 10.0 62.175 0
060858 15.75 10.0 62.112 0
060929 15.75 10.0 62.112 0
060959 15.75 10.0 62.05 0
061030 15.75 10.0 62.05 0
061100 15.75 10.0 62.05 0
061130 15.75 10.0 61.987 0
061200 15.75 10.0 61.925 0
061230 15.75 10.0 61.925 0
061301 15.75 10.0 61.925 0
061332 15.812 10.0 61.862 0
061402 15.812 10.0 61.737 0
061432 15.812 10.0 61.737 0
061503 15.812 10.0 61.737 0
061534 15.812 10.0 61.737 0
061604 15.812 10.0 61.675 0
061634 15.812 10.0 61.612 0
061704 15.812 10.0 61.55 0
061734 15.812 10.0 61.487 0
061805 15.812 10.0 61.362 0
061835 15.812 10.0 61.3 0
061906 15.812 10.0 61.237 0
061936 15.812 10.0 61.237 0
062006 15.812 10.0 61.175 0
062036 15.812 10.0 61.175 0
062107 15.812 10.0 61.112 0
062137 15.812 10.0 61.05 0
062207 15.812 10.0 61.05 0
062238 15.812 10.0 61.05 0
062308 15.812 10.0 61.05 0
062339 15.75 10.0 61.05 0
062409 15.75 10.0 61.05 0
062439 15.75 10.0 61.05 0
062510 15.75 10.0 61.05 0
062540 15.75 10.0 61.05 0
062611 15.75 10.0 61.05 0
062641 15.75 10.0 61.05 0
062712 15.75 10.0 61.05 0
062742 15.75 10.0 61.05 0
062812 15.75 10.0 61.05 0
062843 15.75 10.0 60.987 0
062913 15.75 10.0 60.987 0
062944 15.75 10.0 60.987 0
063015 15.75 10.0 60.925 0
063046 15.75 10.0 60.925 0
063116 15.687 10.0 60.925 0
063147 15.687 10.0 60.862 0
063217 15.687 10.0 60.862 0
063247 15.687 10.0 60.8 0
063317 15.687 10.0 60.8 0
063347 15.687 10.0 60.8 0
063417 15.687 10.0 60.737 0
063448 15.687 10.0 60.737 0
063518 15.687 10.0 60.737 0
063549 15.687 10.0 60.675 0
063619 15.687 10.0 60.675 0
063650 15.687 10.0 60.612 0
063721 15.687 10.0 60.55 0
063751 15.687 10.0 60.487 0
063821 15.687 10.0 60.425 0
063851 15.687 10.0 60.425 0
063921 15.687 10.0 60.362 0
063951 15.687 10.0 60.3 0
064022 15.687 10.0 60.3 0
064052 15.687 10.0 60.237 0
064122 15.687 10.0 60.237 0
064153 15.687 10.0 60.175 0
064223 15.687 10.0 60.175 0
064254 15.687 10.0 60.112 0
064324 15.687 10.0 60.112 0
064354 15.687 10.0 60.05 0
064425 15.687 10.0 59.987 0
064455 15.687 10.0 59.987 0
064526 15.687 10.0 59.925 0
064556 15.687 10.0 59.925 0
064626 15.687 10.0 59.862 0
064657 15.687 10.0 59.862 0
064727 15.687 10.0 59.8 0
064758 15.687 10.0 59.8 0
064829 15.687 10.0 59.737 0
064859 15.687 10.0 59.737 0
064930 15.687 10.0 59.675 0
065000 15.687 10.0 59.675 0
065031 15.687 10.0 59.612 0
065103 15.687 10.0 59.612 0
065133 15.687 10.0 59.55 0
065204 15.687 10.0 59.55 0
065234 15.687 10.0 59.487 0
065305 15.687 10.0 59.487 0
065335 15.687 10.0 59.425 0
065405 15.687 10.0 59.425 0
065435 15.687 10.0 59.362 0
065506 15.687 10.0 59.362 0
065537 15.687 10.0 59.3 0
065607 15.625 10.0 59.237 0
065637 15.625 10.0 59.112 0
065708 15.625 10.0 59.05 0
065738 15.625 10.0 58.925 0
065808 15.625 10.0 58.8 0
065839 15.625 10.0 58.737 0
065909 15.625 10.0 58.675 0
065939 15.625 10.0 58.675 0
070010 15.625 10.0 58.612 0
070040 15.625 10.0 58.55 0
070110 15.625 10.0 58.487 0
070140 15.625 10.0 58.487 0
070211 15.625 10.0 58.425 0
070241 15.625 10.0 58.362 0
070311 15.625 10.0 58.362 0
070341 15.625 10.0 58.3 0
070412 15.625 10.0 58.3 0
070442 15.625 10.0 58.237 0
070512 15.625 10.0 58.237 0
070542 15.625 10.0 58.175 0
070612 15.625 10.0 58.175 0
070643 15.625 10.0 58.112 0
070713 15.625 10.0 58.112 0
070743 15.625 10.0 58.05 0
070813 15.625 10.0 58.05 0
070844 15.625 10.0 57.987 0
070915 15.625 10.0 57.925 0
070945 15.625 10.0 57.925 0
071016 15.625 10.0 57.862 0
071047 15.625 10.0 57.862 0
071117 15.562 10.0 57.8 0
071148 15.562 10.0 57.8 0
071218 15.562 10.0 57.737 0
071248 15.562 10.0 57.737 0
071319 15.562 10.0 57.612 0
071349 15.562 10.0 57.55 0
071419 15.562 10.0 57.425 0
071450 15.562 10.0 57.3 0
071520 15.562 10.0 57.112 0
071551 15.562 10.0 57.05 0
071621 15.562 10.0 56.925 0
071652 15.562 10.0 56.862 0
071723 15.562 10.0 56.862 0
071753 15.562 10.0 56.8 0
071823 15.562 10.0 56.737 0
071853 15.562 10.0 56.737 0
071924 15.562 10.0 56.737 0
071954 15.562 10.0 56.737 0
072025 15.562 10.0 56.737 0
072055 15.562 10.0 56.925 0
072125 15.625 10.0 57.112 0
072155 15.625 10.0 57.425 0
072225 15.625 10.0 57.737 0
072255 15.625 10.0 58.175 0
072325 15.625 10.0 58.612 0
072356 15.562 10.0 59.175 0
072426 15.562 10.0 59.737 0
072457 15.562 10.0 60.675 0
072527 15.562 10.0 61.737 0
072558 15.562 10.0 62.8 0
072628 15.562 10.0 63.55 0
072658 15.562 10.0 64.237 0
072729 15.562 10.0 64.737 0
072759 15.562 10.0 65.175 0
072830 15.562 10.0 65.487 0
072900 15.562 10.0 65.737 0
072930 15.562 10.0 65.987 0
073000 15.562 10.0 66.175 0
073030 15.562 10.0 66.3 0
073100 15.562 10.0 66.487 0
073131 15.625 10.0 66.612 0
073202 15.625 10.0 66.675 0
073232 15.625 10.0 66.737 0
073303 15.625 10.0 66.8 0
073333 15.625 10.0 66.862 0
073403 15.562 10.0 66.862 0
073433 15.562 10.0 66.862 0
073503 15.562 10.0 66.925 0
073533 15.562 10.0 66.925 0
073604 15.562 10.0 66.925 0
073634 15.562 10.0 66.987 0
073705 15.562 10.0 66.987 0
073736 15.562 10.0 66.987 0
073806 15.562 10.0 66.987 0
073837 15.562 10.0 67.05 0
073907 15.562 10.0 67.05 0
073937 15.562 10.0 67.05 0
074008 15.562 10.0 67.05 0
074038 15.562 10.0 67.112 0
074108 15.562 10.0 67.112 0
074138 15.562 10.0 67.112 0
074209 15.562 10.0 67.112 0
074239 15.562 10.0 67.112 0
074310 15.562 10.0 67.112 0
074340 15.562 10.0 67.112 0
074410 15.562 10.0 67.112 0
074440 15.562 10.0 67.112 0
074511 15.562 10.0 67.112 0
074541 15.562 10.0 67.112 0
074611 15.562 10.0 67.175 0
074642 15.562 10.0 67.175 0
074712 15.562 10.0 67.175 0
074742 15.562 10.0 67.112 0
074812 15.562 10.0 67.112 0
074844 15.562 10.0 67.112 0
074914 15.562 10.0 67.112 0
074945 15.562 10.0 67.112 0
075015 15.562 10.0 67.112 0
075046 15.562 10.0 67.112 0
075116 15.562 10.0 67.112 0
075147 15.562 10.0 67.112 0
075218 15.562 10.0 67.112 0
075248 15.562 10.0 67.112 0
075318 15.562 10.0 67.112 0
075348 15.562 10.0 67.112 0
075419 15.562 10.0 67.112 0
075450 15.562 10.0 67.112 0
075521 15.562 10.0 67.112 0
075551 15.562 10.0 67.05 0
075621 15.5 10.0 67.05 0
075652 15.5 10.0 67.05 0
075722 15.5 10.0 67.05 0
075752 15.5 10.0 67.05 0
075823 15.5 10.0 66.987 0
075853 15.5 10.0 66.987 0
075924 15.5 10.0 66.987 0
075954 15.5 10.0 66.987 0
080024 15.5 10.0 66.987 0
080055 15.5 10.0 66.987 0
080125 15.5 10.0 66.925 0
080155 15.5 10.0 66.987 0
080226 15.5 10.0 66.925 0
080257 15.5 10.0 66.925 0
080327 15.5 10.0 66.925 0
080357 15.5 10.0 66.925 0
080428 15.5 10.0 66.862 0
080458 15.5 10.0 66.862 0
080528 15.5 10.0 66.862 0
080559 15.5 10.0 66.862 0
080629 15.5 10.0 66.8 0
080700 15.5 10.0 66.8 0
080730 15.5 10.0 66.8 0
080801 15.5 10.0 66.8 0
080831 15.5 10.0 66.8 0
080901 15.437 10.0 66.737 0
080931 15.437 10.0 66.737 0
081002 15.437 10.0 66.737 0
081032 15.437 10.0 66.737 0
081103 15.437 10.0 66.675 0
081133 15.437 10.0 66.675 0
081204 15.437 10.0 66.675 0
081234 15.437 10.0 66.675 0
081305 15.437 10.0 66.612 0
081335 15.437 10.0 66.612 0
081405 15.437 10.0 66.612 0
081436 15.437 10.0 66.55 0
081506 15.437 10.0 66.55 0
081537 15.437 10.0 66.55 0
081607 15.437 10.0 66.487 0
081637 15.437 10.0 66.487 0
081707 15.437 10.0 66.487 0
081737 15.437 10.0 66.487 0
081807 15.437 10.0 66.425 0
081838 15.437 10.0 66.425 0
081908 15.437 10.0 66.425 0
081938 15.437 10.0 66.362 0
082008 15.437 10.0 66.362 0
082039 15.437 10.0 66.362 0
082109 15.437 10.0 66.3 0
082139 15.437 10.0 66.3 0
082209 15.437 10.0 66.3 0
082239 15.437 10.0 66.237 0
082310 15.437 10.0 66.237 0
082340 15.437 10.0 66.237 0
082411 15.375 10.0 66.175 0
082441 15.375 10.0 66.175 0
082511 15.375 10.0 66.175 0
082541 15.375 10.0 66.175 0
082611 15.375 10.0 66.112 0
082641 15.375 10.0 66.112 0
082712 15.375 10.0 66.112 0
082743 15.375 10.0 66.175 0
082813 15.375 10.0 66.237 0
082844 15.375 10.0 66.3 0
082914 15.375 10.0 66.362 0
082945 15.375 10.0 66.362 0
083016 15.375 10.0 66.425 0
083046 15.375 10.0 66.425 0
083117 15.375 10.0 66.487 0
083147 15.375 10.0 66.487 0
083218 15.375 10.0 66.487 0
083248 15.375 10.0 66.487 0
083319 15.375 10.0 66.487 0
083352 15.375 10.0 66.487 0
083423 15.375 10.0 66.487 0
083453 15.375 10.0 66.487 0
083524 15.375 10.0 66.487 0
083554 15.375 10.0 66.487 0
083624 15.375 10.0 66.425 0
083654 15.375 10.0 66.425 0
083724 15.375 10.0 66.425 0
083755 15.375 10.0 66.425 0
083825 15.375 10.0 66.362 0
083855 15.375 10.0 66.362 0
083925 15.375 10.0 66.3 0
083955 15.375 10.0 66.3 0
084026 15.375 10.0 66.3 0
084056 15.375 10.0 66.3 0
084126 15.312 10.0 66.3 0
084156 15.312 10.0 66.237 0
084227 15.312 10.0 66.237 0
084257 15.312 10.0 66.237 0
084327 15.312 10.0 66.237 0
084357 15.312 10.0 66.175 0
084428 15.312 10.0 66.175 0
084458 15.312 10.0 66.175 0
084529 15.312 10.0 66.112 0
084559 15.312 10.0 66.112 0
084629 15.312 10.0 66.112 0
084659 15.312 10.0 66.05 0
084729 15.312 10.0 66.05 0
084800 15.312 10.0 66.05 0
084830 15.312 10.0 66.05 0
084900 15.312 10.0 65.987 0
084930 15.312 10.0 65.987 0
085000 15.312 10.0 65.987 0
085031 15.312 10.0 65.987 0
085101 15.312 10.0 65.925 0
085131 15.25 10.0 65.925 0
085202 15.25 10.0 65.862 0
085232 15.25 10.0 65.862 0
085303 15.25 10.0 65.862 0
085333 15.25 10.0 65.862 0
085403 15.312 10.0 65.8 0
085434 15.312 10.0 65.8 0
085504 15.312 10.0 65.737 0
085535 15.312 10.0 65.737 0
085605 15.312 10.0 65.737 0
085635 15.312 10.0 65.675 0
085706 15.312 10.0 65.675 0
085736 15.312 10.0 65.612 0
085807 15.312 10.0 65.612 0
085837 15.312 10.0 65.55 0
085907 15.312 10.0 65.55 0
085938 15.312 10.0 65.487 0
090008 15.312 10.0 65.487 0
090039 15.312 10.0 65.425 0
090110 15.312 10.0 65.425 0
090141 15.25 10.0 65.362 0
090211 15.25 10.0 65.362 0
090242 15.25 10.0 65.3 0
090312 15.25 10.0 65.3 0
090342 15.25 10.0 65.3 0
090412 15.25 10.0 65.237 0
090442 15.25 10.0 65.237 0
090512 15.25 10.0 65.175 0
090542 15.25 10.0 65.175 0
090613 15.25 10.0 65.175 0
090643 15.25 10.0 65.112 0
090713 15.25 10.0 65.112 0
090743 15.25 10.0 65.112 0
090814 15.25 10.0 65.05 0
090844 15.25 10.0 65.05 0
090914 15.25 10.0 64.987 0
090944 15.25 10.0 64.987 0
091015 15.25 10.0 64.925 0
091045 15.25 10.0 64.925 0
091115 15.25 10.0 64.925 0
091146 15.25 10.0 64.8 0
091216 15.25 10.0 64.737 0
091247 15.25 10.0 64.737 0
091317 15.25 10.0 64.737 0
091348 15.25 10.0 64.675 0
091419 15.25 10.0 64.675 0
091449 15.25 10.0 64.675 0
091520 15.25 10.0 64.675 0
091550 15.25 10.0 64.612 0
091621 15.25 10.0 64.612 0
091651 15.187 10.0 64.55 0
091722 15.187 10.0 64.55 0
091752 15.187 10.0 64.487 0
091823 15.187 10.0 64.425 0
091853 15.187 10.0 64.362 0
091924 15.187 10.0 64.3 0
091954 15.187 10.0 64.3 0
092025 15.187 10.0 64.237 0
092055 15.187 10.0 64.237 0
092125 15.187 10.0 64.175 0
092156 15.187 10.0 64.175 0
092227 15.187 10.0 64.112 0
092257 15.187 10.0 64.112 0
092328 15.187 10.0 64.05 0
092401 15.187 10.0 64.05 0
092432 15.187 10.0 63.987 0
092502 15.187 10.0 63.987 0
092532 15.187 10.0 63.925 0
092603 15.187 10.0 63.925 0
092633 15.187 10.0 63.862 0
092704 15.187 10.0 63.862 0
092735 15.187 10.0 63.8 0
092806 15.187 10.0 63.8 0
092837 15.187 10.0 63.737 0
092907 15.125 10.0 63.737 0
092937 15.125 10.0 63.8 0
093008 15.125 10.0 63.862 0
093038 15.125 10.0 63.862 0
093109 15.125 10.0 63.862 0
093139 15.187 10.0 63.925 0
093209 15.187 10.0 63.925 0
093240 15.187 10.0 63.925 0
093310 15.187 10.0 63.862 0
093341 15.187 10.0 63.862 0
093411 15.125 10.0 63.862 0
093442 15.125 10.0 63.8 0
093512 15.125 10.0 63.8 0
093542 15.125 10.0 63.8 0
093612 15.125 10.0 63.8 0
093642 15.125 10.0 63.737 0
093712 15.125 10.0 63.737 0
093743 15.125 10.0 63.737 0
093814 15.125 10.0 63.675 0
093845 15.125 10.0 63.675 0
093915 15.125 10.0 63.612 0
093946 15.125 10.0 63.612 0
094017 15.125 10.0 63.55 0
094047 15.125 10.0 63.487 0
094118 15.125 10.0 63.487 0
094148 15.125 10.0 63.425 0
094218 15.125 10.0 63.425 0
094249 15.125 10.0 63.362 0
094319 15.125 10.0 63.3 0
094350 15.125 10.0 63.3 0
094420 15.125 10.0 63.3 0
094450 15.125 10.0 63.237 0
094520 15.125 10.0 63.237 0
094551 15.125 10.0 63.175 0
094621 15.125 10.0 63.175 0
094651 15.125 10.0 63.112 0
094721 15.125 10.0 63.112 0
094751 15.125 10.0 63.05 0
094821 15.125 10.0 63.05 0
094852 15.125 10.0 62.987 0
094922 15.125 10.0 62.987 0
094952 15.125 10.0 62.925 0
095023 15.125 10.0 62.925 0
095053 15.125 10.0 62.862 0
095124 15.125 10.0 62.862 0
095154 15.125 10.0 62.8 0
095225 15.125 10.0 62.8 0
095255 15.125 10.0 62.737 0
095326 15.125 10.0 62.737 0
095357 15.125 10.0 62.675 0
095427 15.062 10.0 62.675 0
095458 15.062 10.0 62.612 0
095529 15.062 10.0 62.612 0
095559 15.062 10.0 62.55 0
095630 15.062 10.0 62.55 0
095700 15.125 10.0 62.487 0
095731 15.125 10.0 62.487 0
095802 15.125 10.0 62.425 0
095832 15.125 10.0 62.425 0
095902 15.125 10.0 62.425 0
095933 15.062 10.0 62.362 0
100003 15.062 10.0 62.3 0
100033 15.062 10.0 62.237 0
100103 15.062 10.0 62.112 0
100136 15.062 10.0 62.05 0
100206 15.062 10.0 61.987 0
100236 15.062 10.0 61.925 0
100306 15.062 10.0 61.925 0
100336 15.062 10.0 61.862 0
100407 15.062 10.0 61.8 0
100437 15.062 10.0 61.8 0
100508 15.062 10.0 61.737 0
100539 15.062 10.0 61.675 0
100609 15.062 10.0 61.675 0
100639 15.062 10.0 61.612 0
100709 15.062 10.0 61.612 0
100740 15.062 10.0 61.55 0
100811 15.062 10.0 61.55 0
100841 15.062 10.0 61.487 0
100912 15.062 10.0 61.425 0
100943 15.062 10.0 61.425 0
101013 15.062 10.0 61.362 0
101044 15.062 10.0 61.362 0
101114 15.062 10.0 61.3 0
101144 15.062 10.0 61.3 0
101214 15.062 10.0 61.237 0
101245 15.062 10.0 61.237 0
101315 15.062 10.0 61.175 0
101346 15.062 10.0 61.112 0
101416 15.062 10.0 61.112 0
101446 15.062 10.0 61.05 0
101517 15.062 10.0 61.05 0
101548 15.062 10.0 60.987 0
101618 15.062 10.0 60.925 0
101648 15.0 10.0 60.925 0
101719 15.0 10.0 60.862 0
101749 15.0 10.0 60.862 0
101820 15.0 10.0 60.8 0
101850 15.0 10.0 60.8 0
101920 15.0 10.0 60.737 0
101950 15.0 10.0 60.737 0
102020 15.0 10.0 60.612 0
102050 15.0 10.0 60.55 0
102121 15.0 10.0 60.425 0
102151 15.0 10.0 60.3 0
102221 15.0 10.0 60.237 0
102252 15.0 10.0 60.175 0
102322 15.0 10.0 60.112 0
102352 15.0 10.0 60.05 0
102423 15.0 10.0 59.987 0
102453 15.0 10.0 59.987 0
102524 15.0 10.0 59.925 0
102554 15.0 10.0 59.862 0
102625 15.0 10.0 59.8 0
102655 15.0 10.0 59.8 0
102726 15.0 10.0 59.737 0
102757 15.0 10.0 59.737 0
102827 15.0 10.0 59.675 0
102857 15.0 10.0 59.612 0
102928 15.0 10.0 59.612 0
102958 15.0 10.0 59.55 0
103029 15.0 10.0 59.55 0
103059 15.0 10.0 59.55 0
103130 15.0 10.0 59.55 0
103200 15.0 10.0 59.55 0
103230 15.0 10.0 59.55 0
103300 15.0 10.0 59.55 0
103330 15.0 10.0 59.55 0
103400 15.0 10.0 59.55 0
103431 15.0 10.0 59.55 0
103501 15.0 10.0 59.55 0
103532 15.0 10.0 59.487 0
103603 15.0 10.0 59.487 0
103634 15.0 10.0 59.425 0
103704 15.0 10.0 59.425 0
103734 15.0 10.0 59.425 0
103804 15.0 10.0 59.425 0
103835 15.0 10.0 59.362 0
103905 15.0 10.0 59.362 0
103936 15.0 10.0 59.3 0
104006 15.0 10.0 59.237 0
104037 15.0 10.0 59.175 0
104107 15.0 10.0 59.112 0
104137 15.0 10.0 59.05 0
104208 14.937 10.0 58.925 0
104238 14.937 10.0 58.925 0
104309 14.937 10.0 58.862 0
104339 14.937 10.0 58.8 0
104409 14.937 10.0 58.737 0
104440 14.937 10.0 58.737 0
104511 14.937 10.0 58.675 0
104541 14.937 10.0 58.612 0
104612 14.937 10.0 58.612 0
104643 14.937 10.0 58.55 0
104713 14.937 10.0 58.55 0
104744 14.937 10.0 58.487 0
104814 14.937 10.0 58.487 0
104844 14.937 10.0 58.425 0
104914 14.937 10.0 58.362 0
104945 14.937 10.0 58.362 0
105015 14.937 10.0 58.3 0
105046 14.937 10.0 58.3 0
105116 14.937 10.0 58.237 0
105146 14.937 10.0 58.237 0
105217 14.937 10.0 58.175 0
105247 14.937 10.0 58.112 0
105317 14.937 10.0 58.05 0
105348 14.937 10.0 58.05 0
105418 14.937 10.0 58.05 0
105448 14.937 10.0 57.987 0
105519 14.937 10.0 57.987 0
105549 14.937 10.0 57.925 0
105619 14.937 10.0 57.925 0
105650 14.937 10.0 57.862 0
105720 14.937 10.0 57.862 0
105751 14.937 10.0 57.8 0
105821 14.937 10.0 57.737 0
105851 14.937 10.0 57.675 0
105921 14.937 10.0 57.612 0
105952 14.937 10.0 57.487 0
110022 14.937 10.0 57.3 0
110052 14.937 10.0 57.237 0
110122 14.937 10.0 57.112 0
110153 14.937 10.0 57.05 0
110223 14.937 10.0 56.987 0
110253 14.937 10.0 56.987 0
110324 14.937 10.0 56.925 0
110354 14.937 10.0 56.862 0
110424 14.937 10.0 56.862 0
110455 14.937 10.0 56.862 0
110525 14.937 10.0 56.862 0
110555 14.937 10.0 56.925 0
110626 14.937 10.0 57.112 0
110656 14.937 10.0 57.362 0
110726 14.937 10.0 57.675 0
110756 14.937 10.0 57.987 0
110827 14.937 10.0 58.362 0
110857 14.937 10.0 58.925 0
110928 14.937 10.0 59.675 0
110958 14.937 10.0 60.8 0
111029 14.937 10.0 61.925 0
111059 14.937 10.0 62.987 0
111130 14.937 10.0 63.8 0
111200 14.937 10.0 64.425 0
111230 14.937 10.0 64.862 0
111300 14.937 10.0 65.237 0
111331 14.937 10.0 65.55 0
111401 14.937 10.0 65.862 0
111431 14.875 10.0 66.112 0
111502 14.875 10.0 66.3 0
111533 14.875 10.0 66.487 0
111603 14.875 10.0 66.675 0
111633 14.875 10.0 66.8 0
111704 14.875 10.0 66.987 0
111734 14.875 10.0 67.05 0
111805 14.875 10.0 67.175 0
111836 14.875 10.0 67.237 0
111906 14.875 10.0 67.3 0
111936 14.875 10.0 67.3 0
112007 14.875 10.0 67.362 0
112037 14.875 10.0 67.362 0
112107 14.875 10.0 67.362 0
112138 14.875 10.0 67.425 0
112208 14.875 10.0 67.425 0
112238 14.875 10.0 67.425 0
112308 14.875 10.0 67.425 0
112339 14.875 10.0 67.487 0
112409 14.875 10.0 67.487 0
112440 14.875 10.0 67.487 0
112510 14.875 10.0 67.487 0
112540 14.875 10.0 67.487 0
112611 14.875 10.0 67.487 0
112641 14.875 10.0 67.487 0
112712 14.875 10.0 67.487 0
112742 14.875 10.0 67.487 0
112812 14.875 10.0 67.55 0
112842 14.875 10.0 67.55 0
112913 14.875 10.0 67.55 0
112943 14.875 10.0 67.55 0
113013 14.875 10.0 67.55 0
113043 14.875 10.0 67.55 0
113114 14.875 10.0 67.55 0
113144 14.875 10.0 67.55 0
113214 14.875 10.0 67.55 0
113244 14.875 10.0 67.55 0
113315 14.875 10.0 67.55 0
113345 14.875 10.0 67.55 0
113415 14.875 10.0 67.55 0
113446 14.875 10.0 67.55 0
113516 14.875 10.0 67.55 0
113546 14.875 10.0 67.55 0
113616 14.875 10.0 67.55 0
113646 14.875 10.0 67.55 0
113717 14.875 10.0 67.487 0
113747 14.875 10.0 67.487 0
113818 14.875 10.0 67.487 0
113848 14.875 10.0 67.487 0
113919 14.875 10.0 67.487 0
113949 14.875 10.0 67.487 0
114019 14.875 10.0 67.487 0
114050 14.875 10.0 67.487 0
114120 14.875 10.0 67.487 0
114152 14.812 10.0 67.487 0
114222 14.812 10.0 67.487 0
114252 14.812 10.0 67.487 0
114322 14.812 10.0 67.487 0
114352 14.812 10.0 67.487 0
114423 14.812 10.0 67.487 0
114454 14.812 10.0 67.487 0
114524 14.812 10.0 67.425 0
114554 14.812 10.0 67.425 0
114624 14.812 10.0 67.425 0
114655 14.812 10.0 67.425 0
114725 14.812 10.0 67.425 0
114756 14.812 10.0 67.425 0
114827 14.812 10.0 67.362 0
114857 14.812 10.0 67.3 0
114927 14.812 10.0 67.3 0
114957 14.812 10.0 67.3 0
115028 14.812 10.0 67.237 0
115058 14.812 10.0 67.237 0
115129 14.812 10.0 67.237 0
115159 14.812 10.0 67.237 0
115230 14.812 10.0 67.237 0
115300 14.812 10.0 67.175 0
115331 14.812 10.0 67.237 0
115401 14.812 10.0 67.237 0
115432 14.812 10.0 67.175 0
115502 14.812 10.0 67.175 0
115532 14.812 10.0 67.112 0
115602 14.812 10.0 67.112 0
115633 14.812 10.0 67.112 0
115703 14.812 10.0 67.05 0
115733 14.812 10.0 67.05 0
115804 14.812 10.0 66.987 0
115834 14.812 10.0 67.05 0
115904 14.812 10.0 67.05 0
115935 14.812 10.0 67.05 0
120005 14.812 10.0 66.987 0
120035 14.812 10.0 67.05 0
120106 14.812 10.0 67.05 0
120136 14.812 10.0 66.987 0
120206 14.812 10.0 66.987 0
120236 14.812 10.0 66.987 0
120306 14.812 10.0 66.987 0
120337 14.812 10.0 66.8 0
120408 14.812 10.0 66.925 0
120438 14.812 10.0 66.862 0
120508 14.812 10.0 66.862 0
120538 14.812 10.0 66.862 0
120608 14.812 10.0 66.862 0
120639 14.812 10.0 66.862 0
120709 14.812 10.0 66.8 0
120740 14.812 10.0 66.8 0
120810 14.812 10.0 66.8 0
120841 14.812 10.0 66.737 0
120912 14.812 10.0 66.737 0
120942 14.812 10.0 66.737 0
121012 14.812 10.0 66.675 0
121042 14.812 10.0 66.675 0
121113 14.812 10.0 66.675 0
121143 14.812 10.0 66.612 0
121214 14.812 10.0 66.612 0
121244 14.812 10.0 66.675 0
121314 14.812 10.0 66.8 0
121345 14.812 10.0 66.862 0
121415 14.812 10.0 66.925 0
121445 14.812 10.0 66.925 0
121516 14.812 10.0 66.987 0
121546 14.812 10.0 66.987 0
121617 14.812 10.0 67.05 0
121648 14.812 10.0 67.05 0
121718 14.812 10.0 67.05 0
121749 14.812 10.0 67.05 0
121820 14.812 10.0 67.05 0
121850 14.812 10.0 67.05 0
121920 14.812 10.0 67.05 0
121951 14.812 10.0 67.05 0
122021 14.812 10.0 67.05 0
122052 14.812 10.0 67.05 0
122122 14.812 10.0 67.05 0
122153 14.812 10.0 67.05 0
122223 14.812 10.0 67.05 0
122253 14.812 10.0 67.05 0
122323 14.812 10.0 66.987 0
122353 14.812 10.0 66.987 0
122423 14.812 10.0 66.987 0
122453 14.812 10.0 66.987 0
122524 14.812 10.0 66.925 0
122554 14.812 10.0 66.925 0
122625 14.812 10.0 66.925 0
122655 14.812 10.0 66.925 0
122726 14.812 10.0 66.925 0
122756 14.812 10.0 66.862 0
122827 14.812 10.0 66.862 0
122858 14.812 10.0 66.8 0
122930 14.812 10.0 66.8 0
123000 14.812 10.0 66.8 0
123031 14.812 10.0 66.737 0
123101 14.812 10.0 66.737 0
123132 14.812 10.0 66.737 0
123202 14.812 10.0 66.675 0
123232 14.812 10.0 66.675 0
123303 14.812 10.0 66.675 0
123333 14.812 10.0 66.675 0
123403 14.812 10.0 66.612 0
123433 14.812 10.0 66.612 0
123503 14.812 10.0 66.612 0
123534 14.812 10.0 66.55 0
123604 14.812 10.0 66.55 0
123634 14.812 10.0 66.55 0
123705 14.812 10.0 66.55 0
123735 14.812 10.0 66.487 0
123806 14.812 10.0 66.487 0
123836 14.812 10.0 66.487 0
123907 14.812 10.0 66.425 0
123937 14.812 10.0 66.425 0
124007 14.812 10.0 66.425 0
124038 14.812 10.0 66.362 0
124108 14.812 10.0 66.362 0
124138 14.812 10.0 66.362 0
124209 14.812 10.0 66.3 0
124239 14.812 10.0 66.3 0
124310 14.812 10.0 66.3 0
124340 14.812 10.0 66.237 0
124410 14.812 10.0 66.237 0
124441 14.812 10.0 66.237 0
124511 14.812 10.0 66.175 0
124542 14.812 10.0 66.175 0
124612 14.812 10.0 66.175 0
124642 14.812 10.0 66.112 0
124712 14.812 10.0 66.112 0
124743 14.812 10.0 66.112 0
124814 14.812 10.0 66.05 0
124844 14.812 10.0 66.05 0
124914 14.812 10.0 65.987 0
124944 14.812 10.0 65.987 0
125014 14.812 10.0 65.925 0
125045 14.812 10.0 65.925 0
125115 14.812 10.0 65.862 0
125146 14.812 10.0 65.862 0
125216 14.75 10.0 65.862 0
125247 14.75 10.0 65.8 0
125318 14.75 10.0 65.737 0
125348 14.75 10.0 65.737 0
125419 14.75 10.0 65.737 0
125449 14.75 10.0 65.675 0
125519 14.75 10.0 65.675 0
125550 14.75 10.0 65.675 0
125620 14.75 10.0 65.675 0
125650 14.75 10.0 65.612 0
125721 14.75 10.0 65.612 0
125752 14.75 10.0 65.55 0
125822 14.75 10.0 65.55 0
125852 14.75 10.0 65.487 0
125923 14.75 10.0 65.487 0
125953 14.75 10.0 65.487 0
130023 14.75 10.0 65.425 0
130054 14.75 10.0 65.362 0
130124 14.75 10.0 65.362 0
130155 14.75 10.0 65.362 0
130226 14.75 10.0 65.3 0
130256 14.75 10.0 65.3 0
130327 14.75 10.0 65.3 0
130358 14.75 10.0 65.237 0
130428 14.75 10.0 65.237 0
130459 14.812 10.0 65.175 0
130529 14.812 10.0 65.175 0
130559 14.812 10.0 65.112 0
130629 14.812 10.0 65.112 0
130700 14.812 10.0 65.112 0
130730 14.812 10.0 65.05 0
130800 14.812 10.0 65.05 0
130831 14.812 10.0 64.987 0
130901 14.812 10.0 64.987 0
130931 14.812 10.0 64.925 0
131002 14.812 10.0 64.925 0
131032 14.812 10.0 64.862 0
131102 14.812 10.0 64.862 0
131132 14.812 10.0 64.862 0
131203 14.812 10.0 64.8 0
131234 14.812 10.0 64.737 0
131304 14.812 10.0 64.675 0
131334 14.812 10.0 64.675 0
131404 14.812 10.0 64.675 0
131436 14.812 10.0 64.737 0
131506 14.812 10.0 64.8 0
131537 14.812 10.0 64.8 0
131607 14.812 10.0 64.862 0
131637 14.812 10.0 64.862 0
131708 14.875 10.0 64.862 0
131738 14.875 10.0 64.862 0
131808 14.875 10.0 64.862 0
131839 14.875 10.0 64.8 0
131909 14.875 10.0 64.8 0
131940 14.875 10.0 64.8 0
132011 14.875 10.0 64.8 0
132042 14.875 10.0 64.8 0
132112 14.875 10.0 64.737 0
132143 14.875 10.0 64.737 0
132213 14.875 10.0 64.737 0
132244 14.875 10.0 64.675 0
132314 14.875 10.0 64.675 0
132345 14.875 10.0 64.675 0
132416 14.875 10.0 64.612 0
132446 14.875 10.0 64.612 0
132516 14.875 10.0 64.612 0
132547 14.875 10.0 64.55 0
132617 14.875 10.0 64.55 0
132647 14.875 10.0 64.55 0
132717 14.875 10.0 64.487 0
132748 14.875 10.0 64.487 0
132818 14.875 10.0 64.487 0
132848 14.875 10.0 64.487 0
132919 14.875 10.0 64.425 0
132949 14.875 10.0 64.425 0
133020 14.875 10.0 64.425 0
133050 14.875 10.0 64.362 0
133120 14.875 10.0 64.362 0
133150 14.875 10.0 64.3 0
133221 14.875 10.0 64.3 0
133251 14.875 10.0 64.3 0
133322 14.875 10.0 64.237 0
133352 14.875 10.0 64.237 0
133422 14.875 10.0 64.175 0
133452 14.875 10.0 64.112 0
133523 14.875 10.0 64.112 0
133553 14.875 10.0 64.05 0
133623 14.875 10.0 64.05 0
133654 14.875 10.0 63.987 0
133724 14.875 10.0 63.925 0
133754 14.875 10.0 63.925 0
133824 14.875 10.0 63.925 0
133854 14.875 10.0 63.862 0
133925 14.875 10.0 63.8 0
133955 14.875 10.0 63.8 0
134025 14.875 10.0 63.8 0
134056 14.875 10.0 63.737 0
134126 14.875 10.0 63.612 0
134156 14.875 10.0 63.675 0
134226 14.937 10.0 63.675 0
134256 14.937 10.0 63.675 0
134327 14.937 10.0 63.612 0
134357 14.937 10.0 63.612 0
134427 14.937 10.0 63.55 0
134457 14.937 10.0 63.55 0
134528 14.937 10.0 63.487 0
134559 14.937 10.0 63.487 0
134629 14.937 10.0 63.425 0
134659 14.937 10.0 63.425 0
134730 14.937 10.0 63.362 0
134800 14.937 10.0 63.362 0
134830 14.937 10.0 63.362 0
134901 14.937 10.0 63.3 0
134931 14.937 10.0 63.3 0
135001 14.937 10.0 63.237 0
135031 14.937 10.0 63.237 0
135101 14.937 10.0 63.175 0
135131 14.937 10.0 63.175 0
135202 14.937 10.0 63.112 0
135232 14.875 10.0 63.112 0
135302 14.875 10.0 63.05 0
135333 14.875 10.0 63.05 0
135403 14.875 10.0 62.987 0
135434 14.875 10.0 62.987 0
135504 14.875 10.0 62.925 0
135535 14.875 10.0 62.925 0
135606 14.875 10.0 62.862 0
135637 14.875 10.0 62.737 0
135707 14.875 10.0 62.675 0
135738 14.875 10.0 62.612 0
135808 14.875 10.0 62.612 0
135838 14.875 10.0 62.55 0
135909 14.875 10.0 62.487 0
135940 14.875 10.0 62.487 0
140010 14.937 10.0 62.425 0
140040 14.937 10.0 62.425 0
140110 14.937 10.0 62.362 0
140141 14.937 10.0 62.362 0
140211 14.937 10.0 62.3 0
140241 14.875 10.0 62.3 0
140312 14.875 10.0 62.237 0
140342 14.875 10.0 62.237 0
140413 14.875 10.0 62.237 0
140446 14.937 10.0 62.175 0
140517 14.937 10.0 62.112 0
140547 14.937 10.0 62.112 0
140617 14.937 10.0 62.05 0
140648 14.937 10.0 62.05 0
140718 14.875 10.0 61.987 0
140748 14.875 10.0 61.987 0
140818 14.875 10.0 61.925 0
140848 14.875 10.0 61.925 0
140919 14.875 10.0 61.862 0
140949 14.875 10.0 61.862 0
141019 14.875 10.0 61.8 0
141050 14.875 10.0 61.737 0
141120 14.875 10.0 61.737 0
141151 14.875 10.0 61.55 0
141221 14.875 10.0 61.55 0
141251 14.875 10.0 61.487 0
141322 14.875 10.0 61.487 0
141352 14.875 10.0 61.425 0
141422 14.875 10.0 61.487 0
141453 14.875 10.0 61.487 0
141523 14.875 10.0 61.487 0
141554 14.875 10.0 61.55 0
141624 14.875 10.0 61.55 0
141655 14.875 10.0 61.55 0
141726 14.875 10.0 61.612 0
141756 14.875 10.0 61.612 0
141827 14.875 10.0 61.612 0
141857 14.875 10.0 61.612 0
141928 14.875 10.0 61.55 0
141958 14.937 10.0 61.55 0
142028 14.937 10.0 61.487 0
142058 14.937 10.0 61.487 0
142129 14.937 10.0 61.425 0
142159 14.937 10.0 61.425 0
142229 14.875 10.0 61.362 0
142300 14.875 10.0 61.362 0
142330 14.875 10.0 61.3 0
142401 14.875 10.0 61.3 0
142431 14.875 10.0 61.237 0
142501 14.937 10.0 61.237 0
142532 14.937 10.0 61.175 0
142602 14.937 10.0 61.175 0
142633 14.937 10.0 61.112 0
142704 14.937 10.0 61.112 0
142735 14.937 10.0 61.112 0
142805 14.937 10.0 61.05 0
142835 14.937 10.0 61.05 0
142906 14.937 10.0 60.987 0
142936 14.937 10.0 60.987 0
143006 14.875 10.0 60.925 0
143037 14.875 10.0 60.925 0
143108 14.875 10.0 60.862 0
143138 14.875 10.0 60.862 0
143208 14.875 10.0 60.8 0
143238 14.875 10.0 60.8 0
143309 14.875 10.0 60.737 0
143339 14.875 10.0 60.737 0
143409 14.875 10.0 60.675 0
143439 14.875 10.0 60.675 0
143509 14.875 10.0 60.675 0
143539 14.875 10.0 60.612 0
143609 14.875 10.0 60.55 0
143640 14.875 10.0 60.55 0
143710 14.875 10.0 60.55 0
143740 14.875 10.0 60.487 0
143810 14.875 10.0 60.487 0
143840 14.875 10.0 60.425 0
143910 14.875 10.0 60.362 0
143941 14.875 10.0 60.362 0
144011 14.875 10.0 60.3 0
144041 14.875 10.0 60.175 0
144112 14.875 10.0 60.112 0
144142 14.875 10.0 60.05 0
144212 14.875 10.0 59.987 0
144243 14.875 10.0 59.987 0
144313 14.875 10.0 59.925 0
144344 14.875 10.0 59.862 0
144414 14.875 10.0 59.862 0
144444 14.875 10.0 59.8 0
144514 14.937 10.0 59.737 0
144544 14.937 10.0 59.737 0
144615 14.937 10.0 59.675 0
144645 14.937 10.0 59.675 0
144715 14.937 10.0 59.612 0
144745 14.875 10.0 59.55 0
144816 14.875 10.0 59.55 0
144846 14.875 10.0 59.487 0
144917 14.875 10.0 59.487 0
144948 14.875 10.0 59.425 0
145018 14.875 10.0 59.362 0
145048 14.875 10.0 59.362 0
145119 14.875 10.0 59.362 0
145149 14.875 10.0 59.3 0
145220 14.875 10.0 59.237 0
145250 14.875 10.0 59.237 0
145320 14.875 10.0 59.175 0
145351 14.875 10.0 59.175 0
145421 14.875 10.0 59.175 0
145453 14.875 10.0 59.112 0
145524 14.875 10.0 59.05 0
145554 14.875 10.0 59.05 0
145624 14.875 10.0 58.987 0
145655 14.875 10.0 58.987 0
145725 14.875 10.0 58.925 0
145756 14.875 10.0 58.925 0
145826 14.875 10.0 58.862 0
145856 14.875 10.0 58.862 0
145927 14.875 10.0 58.8 0
145957 14.875 10.0 58.8 0
150028 14.875 10.0 58.737 0
150058 14.875 10.0 58.612 0
150129 14.875 10.0 58.55 0
150159 14.875 10.0 58.425 0
150230 14.875 10.0 58.362 0
150300 14.875 10.0 58.3 0
150330 14.875 10.0 58.237 0
150400 14.875 10.0 58.175 0
150431 14.875 10.0 58.175 0
150501 14.875 10.0 58.112 0
150532 14.875 10.0 58.112 0
150602 14.875 10.0 58.05 0
150632 14.875 10.0 57.987 0
150702 14.875 10.0 57.987 0
150733 14.875 10.0 57.925 0
150803 14.875 10.0 57.925 0
150834 14.875 10.0 57.862 0
150904 14.875 10.0 57.862 0
150934 14.875 10.0 57.8 0
151004 14.812 10.0 57.8 0
151035 14.812 10.0 57.737 0
151105 14.812 10.0 57.675 0
151136 14.812 10.0 57.675 0
151207 14.812 10.0 57.612 0
151237 14.875 10.0 57.612 0
151307 14.875 10.0 57.55 0
151337 14.875 10.0 57.55 0
151407 14.875 10.0 57.487 0
151438 14.875 10.0 57.487 0
151508 14.875 10.0 57.425 0
151538 14.875 10.0 57.425 0
151609 14.875 10.0 57.362 0
151639 14.875 10.0 57.362 0
151709 14.875 10.0 57.3 0
151739 14.875 10.0 57.3 0
151810 14.875 10.0 57.237 0
151841 14.875 10.0 57.237 0
151912 14.875 10.0 57.175 0
151942 14.875 10.0 57.175 0
152012 14.937 20.0 57.05 0
152042 14.937 20.0 56.987 0
152112 14.937 20.0 56.925 0
152142 14.937 20.0 56.8 0
152213 14.937 20.0 56.737 0
152244 15.312 20.0 56.737 0
152314 15.312 20.0 56.737 0
152344 15.312 20.0 56.737 0
152415 15.312 20.0 56.925 0
152445 15.312 20.0 57.237 0
152516 15.625 20.0 57.675 0
152546 15.625 20.0 58.237 0
152617 15.625 20.0 58.862 0
152647 15.625 20.0 59.487 0
152717 15.625 20.0 60.112 50
152748 16.0 20.0 60.8 50
152818 16.0 20.0 61.425 50
152849 16.0 20.0 61.987 50
152920 16.0 20.0 62.362 50
152950 16.0 20.0 62.737 50
153020 16.125 20.0 62.987 50
153051 16.125 20.0 63.237 50
153121 16.125 20.0 63.425 50
153151 16.125 20.0 63.612 50
153222 16.125 20.0 63.737 50
153252 16.437 20.0 63.862 50
153322 16.437 20.0 63.987 50
153352 16.437 20.0 64.05 50
153423 16.437 20.0 64.112 50
153453 16.437 20.0 64.175 50
153523 16.812 20.0 64.175 50
153553 16.812 20.0 64.175 50
153624 16.812 20.0 63.925 50
153654 16.812 20.0 63.925 50
153725 16.812 20.0 63.737 50
153755 17.125 20.0 63.362 50
153825 17.125 20.0 62.675 50
153856 17.125 20.0 61.237 50
153926 17.125 20.0 58.55 0
153956 17.125 20.0 55.987 0
154027 17.562 20.0 54.425 0
154057 17.562 20.0 53.487 0
154127 17.562 20.0 52.925 0
154157 17.562 20.0 52.612 0
154228 17.562 20.0 52.425 0
154258 17.875 20.0 52.425 0
154328 17.875 20.0 52.612 0
154358 17.875 20.0 52.925 0
154428 17.875 20.0 53.362 0
154459 17.875 20.0 53.987 0
154529 18.062 20.0 54.675 0
154600 18.062 20.0 55.425 0
154631 18.062 20.0 56.362 0
154701 18.062 20.0 57.362 0
154733 18.125 20.0 58.55 0
154804 18.125 20.0 59.737 0
154834 18.125 20.0 60.925 50
154904 18.125 20.0 62.112 50
154935 18.125 20.0 63.237 50
155005 18.125 20.0 64.112 50
155035 18.125 20.0 64.8 50
155106 18.125 20.0 65.362 50
155136 18.125 20.0 65.737 50
155207 18.125 20.0 66.112 50
155237 18.187 20.0 66.362 50
155307 18.187 20.0 66.487 50
155338 18.187 20.0 66.612 50
155408 18.187 20.0 66.737 50
155439 18.187 20.0 66.987 50
155509 18.187 20.0 67.112 50
155539 18.187 20.0 67.175 50
155610 18.187 20.0 67.175 50
155640 18.187 20.0 67.112 50
155710 18.187 20.0 67.112 50
155740 18.312 20.0 67.05 50
155811 18.312 20.0 66.925 50
155841 18.312 20.0 66.925 50
155911 18.312 20.0 66.737 50
155942 18.312 20.0 66.3 50
160012 18.437 20.0 65.55 50
160043 18.437 20.0 64.487 50
160113 18.437 20.0 63.175 50
160144 18.437 20.0 61.612 50
160214 18.437 20.0 59.8 0
160245 18.625 20.0 58.112 0
160315 18.625 20.0 56.925 0
160345 18.625 20.0 56.112 0
160416 18.625 20.0 55.612 0
160446 18.625 20.0 55.362 0
160517 18.812 20.0 55.425 0
160547 18.812 20.0 55.612 0
160617 18.812 20.0 56.112 0
160648 18.812 20.0 56.862 0
160718 18.812 20.0 57.987 0
160749 18.875 20.0 59.175 0
160819 18.875 20.0 60.362 50
160849 18.875 20.0 61.675 50
160920 18.875 20.0 63.05 50
160950 18.875 20.0 64.175 50
161020 18.875 20.0 65.05 50
161050 18.875 20.0 65.675 50
161120 18.875 20.0 66.175 50
161150 18.875 20.0 66.55 50
161221 18.875 20.0 66.862 50
161251 18.812 20.0 67.175 50
161321 18.812 20.0 67.425 50
161352 18.812 20.0 67.612 50
161422 18.812 20.0 67.8 50
161453 18.812 20.0 67.925 50
161523 18.875 20.0 68.112 50
161554 18.875 20.0 68.237 50
161624 18.875 20.0 68.362 50
161654 18.875 20.0 68.487 50
161725 18.875 20.0 68.55 50
161755 18.937 20.0 68.612 50
161826 18.937 20.0 68.612 50
161856 18.937 20.0 68.612 50
161926 18.937 20.0 68.487 50
161957 18.937 20.0 68.362 50
162027 19.062 20.0 68.05 50
162057 19.062 20.0 67.612 50
162128 19.062 20.0 66.925 50
162158 19.062 20.0 66.175 50
162228 19.062 20.0 65.175 50
162258 19.187 20.0 64.487 50
162328 19.187 20.0 63.675 50
162359 19.187 20.0 62.987 50
162429 19.187 20.0 62.362 50
162500 19.187 20.0 61.8 50
162530 19.25 20.0 61.362 50
162601 19.25 20.0 60.987 50
162631 19.25 20.0 60.612 50
162702 19.25 20.0 60.3 50
162733 19.25 20.0 59.987 50
162803 19.375 20.0 59.8 50
162833 19.375 20.0 59.612 50
162903 19.375 20.0 59.487 50
162933 19.375 20.0 59.362 50
163003 19.375 20.0 59.3 50
163034 19.375 20.0 59.237 50
163104 19.375 20.0 59.175 50
163135 19.375 20.0 59.112 50
163205 19.375 20.0 59.05 50
163235 19.375 20.0 58.925 50
163306 19.437 20.0 58.862 50
163336 19.437 20.0 58.8 50
163406 19.437 20.0 58.737 50
163437 19.437 20.0 58.675 50
163507 19.437 20.0 58.612 50
163537 19.5 20.0 58.425 50
163608 19.5 20.0 58.3 50
163639 19.5 20.0 58.05 50
163709 19.5 20.0 57.925 50
163741 19.5 20.0 57.737 50
163812 19.5 20.0 57.612 50
163842 19.5 20.0 57.425 50
163912 19.5 20.0 57.3 50
163943 19.5 20.0 57.175 50
164013 19.562 20.0 56.987 50
164043 19.562 20.0 56.862 50
164114 19.562 20.0 56.737 50
164144 19.562 20.0 56.612 50
164214 19.562 20.0 56.487 50
164245 19.562 20.0 56.362 50
164315 19.562 20.0 56.237 50
164345 19.562 20.0 56.175 50
164415 19.562 20.0 56.175 50
164445 19.562 20.0 56.3 50
164515 19.562 20.0 56.425 50
164546 19.562 20.0 56.612 50
164616 19.562 20.0 56.987 50
164646 19.562 20.0 57.675 50
164717 19.562 20.0 58.487 50
164747 19.5 20.0 59.362 50
164817 19.5 20.0 60.362 50
164847 19.5 20.0 61.362 50
164917 19.5 20.0 62.3 50
164948 19.5 20.0 63.05 50
165018 19.562 20.0 63.612 50
165048 19.562 20.0 64.05 50
165118 19.562 20.0 64.425 50
165148 19.562 20.0 64.675 50
165219 19.562 20.0 64.925 50
165249 19.625 20.0 65.112 50
165320 19.625 20.0 65.3 50
165350 19.625 20.0 65.425 50
165421 19.625 20.0 65.55 50
165451 19.625 20.0 65.612 50
165522 19.625 20.0 65.675 50
165552 19.625 20.0 65.675 50
165623 19.625 20.0 65.675 50
165653 19.625 20.0 65.675 50
165723 19.625 20.0 65.55 50
165754 19.687 20.0 65.425 50
165824 19.687 20.0 65.237 50
165855 19.687 20.0 64.925 50
165925 19.687 20.0 64.425 50
165955 19.687 20.0 63.862 50
170025 19.812 20.0 63.175 50
170056 19.812 20.0 62.487 50
170126 19.812 20.0 61.8 50
170156 19.812 20.0 61.175 50
170226 19.812 20.0 60.612 50
170256 19.812 20.0 60.05 50
170326 19.812 20.0 59.612 50
170357 19.812 20.0 59.237 50
170427 19.812 20.0 58.862 50
170457 19.812 20.0 58.612 50
170527 19.812 20.0 58.3 50
170557 19.812 20.0 58.112 50
170627 19.812 20.0 57.862 50
170657 19.812 20.0 57.737 50
170728 19.812 20.0 57.55 50
170759 19.687 20.0 57.425 50
170829 19.687 20.0 57.3 50
170859 19.687 20.0 57.237 50
170930 19.687 20.0 57.112 50
171001 19.687 20.0 57.05 50
171031 19.812 20.0 56.987 50
171102 19.812 20.5 56.925 50
171132 19.812 20.5 56.925 50
171202 19.812 20.5 56.862 50
171232 19.812 20.5 56.8 50
171302 19.812 20.5 56.8 50
171332 19.812 20.5 56.737 50
171402 19.812 20.5 56.675 50
171433 19.812 20.5 56.612 50
171503 19.812 20.5 56.55 50
171534 19.812 20.5 56.487 50
171604 19.812 20.5 56.55 50
171634 19.812 20.5 56.675 50
171705 19.812 20.5 56.8 50
171735 19.812 20.5 56.987 50
171805 19.875 20.5 57.3 50
171835 19.875 20.5 57.675 50
171905 19.875 20.5 58.05 50
171935 19.875 20.5 58.487 50
172006 19.875 20.5 58.862 50
172036 20.0 20.5 59.237 50
172106 20.0 20.5 59.675 50
172136 20.0 20.5 60.112 50
172206 20.0 20.5 60.487 50
172236 20.0 20.5 60.8 50
172307 20.125 20.5 61.05 50
172337 20.125 20.5 61.175 50
172407 20.125 20.5 61.175 50
172438 20.125 20.5 61.112 50
172508 20.125 20.5 60.925 50
172538 20.187 20.5 60.675 50
172608 20.187 20.5 60.362 50
172638 20.187 20.5 60.05 50
172709 20.187 20.5 59.675 50
172739 20.187 20.5 59.175 50
172809 20.312 20.5 58.675 50
172840 20.312 20.5 58.175 50
172910 20.312 20.5 57.55 50
172940 20.312 20.5 56.987 50
173010 20.312 20.5 56.362 50
173040 20.375 20.5 55.8 50
173110 20.375 20.5 55.362 50
173141 20.375 20.5 55.05 50
173211 20.375 20.5 54.8 50
173241 20.375 20.5 54.8 50
173312 20.437 20.5 55.05 50
173342 20.437 20.5 55.55 50
173412 20.437 20.5 56.175 50
173443 20.437 20.5 56.862 50
173513 20.437 20.5 57.55 50
173543 20.562 20.5 58.362 0
173614 20.562 20.5 59.237 0
173644 20.562 20.5 60.112 0
173715 20.562 20.5 61.112 0
173745 20.562 20.5 62.05 0
173815 20.5 20.5 62.987 0
173845 20.5 20.5 63.737 0
173915 20.5 20.5 64.362 0
173946 20.5 20.5 64.987 0
174019 20.437 20.5 65.612 50
174050 20.437 20.5 66.112 50
174120 20.437 20.5 66.55 50
174151 20.437 20.5 66.925 50
174221 20.437 20.5 67.175 50
174252 20.375 20.5 67.362 50
174322 20.375 20.5 67.55 50
174352 20.375 20.5 67.675 50
174422 20.375 20.5 67.737 50
174452 20.375 20.5 67.862 50
174522 20.437 20.5 67.925 50
174553 20.437 20.5 67.987 50
174623 20.437 20.5 68.05 50
174654 20.437 20.5 68.112 50
174724 20.437 20.5 68.175 50
174754 20.562 20.5 68.175 0
174824 20.562 20.5 68.237 0
174855 20.562 20.5 68.237 0
174925 20.562 21.0 68.237 0
174955 20.562 21.0 68.237 50
175026 20.687 21.0 68.3 50
175056 20.687 21.0 68.3 50
175126 20.687 21.0 68.175 50
175156 20.687 21.0 67.987 50
175226 20.687 21.0 67.55 50
175256 20.75 21.0 66.737 50
175326 20.75 21.0 65.612 50
175357 20.75 21.0 64.175 50
175427 20.75 21.0 62.675 50
175457 20.75 21.0 61.175 50
175527 20.812 21.0 59.8 0
175557 20.812 21.0 58.737 0
175628 20.812 21.0 57.987 0
175658 20.812 21.0 57.487 0
175728 20.812 21.0 57.175 0
175758 20.937 21.0 56.987 0
175829 20.937 21.0 56.862 0
175859 20.937 21.0 56.8 0
175930 20.937 21.0 56.737 0
180000 20.937 21.0 56.8 0
180030 20.875 21.0 56.862 0
180101 20.875 21.0 57.175 0
180131 20.875 21.0 57.55 0
180201 20.875 21.0 58.175 0
180231 20.875 21.0 59.05 0
180301 20.812 21.0 60.237 50
180332 20.812 21.0 61.612 50
180402 20.812 21.0 62.987 50
180433 20.812 21.0 63.987 50
180503 20.812 21.0 64.737 50
180533 20.75 21.0 65.362 50
180604 20.75 21.0 65.8 50
180634 20.75 21.0 66.05 50
180704 20.75 21.0 66.3 50
180735 20.75 21.0 66.425 50
180805 20.75 21.0 66.55 50
180835 20.75 21.0 66.675 50
180905 20.75 21.0 66.737 50
180936 20.75 21.0 66.8 50
181007 20.75 21.0 66.925 50
181037 20.812 21.0 66.925 50
181107 20.812 21.0 66.987 50
181138 20.812 21.0 67.05 50
181208 20.812 21.0 67.05 50
181238 20.812 21.0 67.05 50
181309 20.875 21.0 67.05 50
181339 20.875 21.0 66.987 50
181409 20.875 21.0 66.862 50
181439 20.875 21.0 66.675 50
181510 20.875 21.0 66.175 50
181540 20.875 21.0 65.112 50
181610 20.875 21.0 63.8 50
181641 20.875 21.0 62.487 50
181711 20.875 21.0 61.175 50
181741 20.875 21.0 60.05 50
181812 20.875 21.0 59.112 0
181842 20.875 21.0 58.425 0
181912 20.875 21.0 57.987 0
181942 20.875 21.0 57.675 0
182013 20.875 21.0 57.55 0
182043 20.937 21.0 57.425 0
182113 20.937 21.0 57.362 0
182143 20.937 21.0 57.3 0
182214 20.937 21.0 57.237 0
182244 20.937 21.0 57.237 0
182314 20.812 21.0 57.237 0
182345 20.812 21.0 57.175 0
182415 20.812 21.0 57.175 0
182445 20.812 21.0 57.237 0
182515 20.812 21.0 57.3 0
182545 20.75 21.0 57.362 0
182615 20.75 21.0 57.487 0
182646 20.75 21.0 57.612 0
182716 20.75 21.0 57.737 0
182747 20.75 21.0 57.862 0
182817 20.562 21.0 57.987 0
182848 20.562 21.0 58.175 0
182918 20.562 21.0 58.3 0
182949 20.562 21.0 58.425 0
183019 20.562 21.0 58.612 0
183049 20.562 21.0 58.8 0
183119 20.562 21.0 58.925 0
183149 20.562 21.0 59.05 0
183219 20.562 21.0 59.175 0
183249 20.562 21.0 59.425 0
183320 20.5 21.0 59.612 0
183350 20.5 21.0 59.675 0
183420 20.5 21.0 59.8 0
183451 20.5 21.0 59.925 0
183521 20.5 21.0 60.05 50
183552 20.437 21.0 60.237 50
183622 20.437 21.0 60.362 50
183653 20.437 21.0 60.487 50
183723 20.437 21.0 60.612 50
183753 20.437 21.0 60.737 50
183823 20.437 21.0 60.8 50
183853 20.437 21.0 60.862 50
183923 20.437 21.0 60.925 50
183954 20.437 21.0 60.987 50
184026 20.5 21.0 61.05 50
184057 20.5 21.0 61.05 50
184127 20.5 21.0 61.05 50
184157 20.5 21.0 61.112 50
184227 20.5 21.0 61.112 50
184257 20.5 21.0 61.112 50
184328 20.5 21.0 61.112 50
184358 20.5 21.0 61.05 50
184429 20.5 21.0 60.987 50
184459 20.5 21.0 60.862 50
184529 20.562 21.0 60.675 50
184559 20.562 21.0 60.237 50
184629 20.562 21.0 59.487 0
184659 20.562 21.0 58.862 0
184730 20.562 21.0 58.425 0
184800 20.625 21.0 58.175 0
184830 20.625 21.0 57.987 0
184900 20.625 21.0 57.862 0
184930 20.625 21.0 57.737 50
185000 20.625 21.0 57.425 50
185031 20.625 21.0 56.737 50
185101 20.625 21.0 55.675 50
185131 20.625 21.0 54.425 50
185201 20.625 21.0 53.3 0
185231 20.625 21.0 52.612 0
185301 20.625 21.0 52.175 0
185332 20.625 21.0 52.112 0
185402 20.625 21.0 52.362 0
185432 20.625 21.0 52.925 0
185502 20.625 21.0 53.737 0
185532 20.687 21.0 54.925 50
185602 20.687 21.0 56.237 50
185632 20.687 21.0 57.612 50
185703 20.687 21.0 58.925 50
185733 20.687 21.0 60.175 50
185804 20.687 21.0 61.237 50
185834 20.687 21.0 62.175 50
185904 20.687 21.0 62.925 50
185934 20.687 21.0 63.487 50
190004 20.687 21.0 63.925 50
190034 20.562 21.0 64.237 50
190105 20.562 21.0 64.55 50
190135 20.562 21.0 64.737 50
190205 20.562 21.0 64.925 50
190235 20.562 21.0 64.987 50
190306 20.625 21.0 65.112 50
190336 20.625 21.0 65.175 50
190407 20.625 21.0 65.175 50
190437 20.625 21.0 65.175 50
190507 20.625 21.0 65.175 50
190538 20.625 21.0 65.05 50
190608 20.625 21.0 64.925 50
190638 20.625 21.0 64.8 50
190709 20.625 21.0 64.487 50
190739 20.625 21.0 64.175 50
190810 20.625 21.0 63.612 50
190841 20.625 21.0 62.925 50
190911 20.625 21.0 62.175 50
190941 20.625 21.0 61.362 50
191011 20.625 21.0 60.55 50
191041 20.75 21.0 59.8 50
191111 20.75 21.0 59.05 50
191142 20.75 21.0 58.362 50
191212 20.75 21.0 57.737 50
191242 20.75 21.0 57.237 50
191313 20.687 21.0 56.8 50
191343 20.687 21.0 56.425 50
191413 20.687 21.0 56.175 50
191444 20.687 21.0 55.987 50
191514 20.687 21.0 55.862 50
191544 20.687 21.0 55.8 50
191614 20.687 21.0 55.925 50
191644 20.687 21.0 56.175 50
191715 20.687 21.0 56.612 50
191745 20.687 21.0 57.362 50
191815 20.75 21.0 58.237 50
191845 20.75 21.0 59.175 50
191915 20.75 21.0 60.237 50
191946 20.75 21.0 61.237 50
192016 20.75 21.0 62.112 50
192046 20.687 21.0 62.8 50
192116 20.687 21.0 63.3 50
192147 20.687 21.0 63.675 50
192217 20.687 21.0 63.987 50
192248 20.687 21.0 64.175 50
192318 20.687 21.0 64.3 50
192348 20.687 21.0 64.425 50
192419 20.687 21.0 64.55 50
192449 20.687 21.0 64.675 50
192519 20.687 21.0 64.675 50
192549 20.75 21.0 64.737 50
192620 20.75 21.0 64.737 50
192651 20.75 21.0 64.737 50
192721 20.75 21.0 64.675 50
192751 20.75 21.0 64.675 50
192821 20.687 21.0 64.55 50
192852 20.687 21.0 64.487 50
192922 20.687 21.0 64.3 50
192952 20.687 21.0 64.05 50
193022 20.687 21.0 63.737 50
193053 20.812 21.0 63.3 50
193123 20.812 21.0 62.8 50
193153 20.812 21.0 62.237 50
193223 20.812 21.0 61.675 50
193253 20.812 21.0 61.112 50
193324 20.875 21.0 60.55 50
193354 20.875 21.0 60.05 50
193425 20.875 21.0 59.675 50
193455 20.875 21.0 59.3 50
193525 20.875 21.0 58.987 50
193555 21.0 21.0 58.737 50
193625 21.0 21.0 58.487 50
193655 21.0 21.0 58.3 50
193726 21.0 21.0 58.112 50
193756 21.0 21.0 57.925 50
193826 20.937 21.0 57.8 50
193857 20.937 21.0 57.675 50
193927 20.937 21.0 57.487 50
193957 20.937 21.0 57.362 50
194027 20.937 21.0 57.237 50
194057 20.875 21.0 57.112 50
194127 20.875 21.0 56.987 50
194157 20.875 21.0 56.925 50
194228 20.875 21.0 56.8 50
194258 20.875 21.0 56.675 50
194328 20.937 21.0 56.55 50
194358 20.937 21.0 56.425 50
194428 20.937 21.0 56.3 50
194459 20.937 21.0 56.237 50
194529 20.937 21.0 56.175 50
194559 20.875 21.0 56.175 50
194629 20.875 21.0 56.237 50
194700 20.875 21.0 56.362 50
194730 20.875 21.0 56.612 50
194801 20.875 21.0 56.862 50
194831 20.875 21.0 57.3 50
194901 20.875 21.0 57.987 50
194931 20.875 21.0 58.862 50
195002 20.875 21.0 59.737 50
195032 20.875 21.0 60.675 50
195102 20.875 21.0 61.55 50
195132 20.875 21.0 62.362 50
195202 20.875 21.0 62.987 50
195233 20.875 21.0 63.425 50
195303 20.875 21.0 63.8 50
195333 20.812 21.0 64.05 50
195404 20.812 21.0 64.237 50
195435 20.812 21.0 64.425 50
195506 20.812 21.0 64.55 50
195537 20.875 21.0 64.675 50
195607 20.875 21.0 64.737 50
195637 20.875 21.0 64.862 50
195708 20.875 21.0 64.862 50
195738 20.875 21.0 64.925 50
195808 20.937 21.0 64.925 50
195838 20.937 21.0 64.987 50
195908 20.937 21.0 64.925 50
195938 20.937 21.0 64.925 50
200009 20.937 21.0 64.8 50
200039 21.0 21.0 64.612 50
200110 21.0 21.0 64.3 50
200141 21.0 21.0 63.737 50
200211 21.0 21.0 63.112 50
200241 21.0 21.0 62.362 50
200311 21.0 21.0 61.675 50
200341 21.0 21.0 61.05 50
200412 21.0 21.0 60.425 50
200442 21.0 21.0 59.862 50
200512 21.0 21.0 59.3 50
200542 21.062 21.0 58.862 0
200612 21.062 21.0 58.487 0
200642 21.062 21.0 58.237 0
200713 21.062 21.0 58.05 0
200743 21.062 21.0 57.925 0
200813 21.125 21.0 57.8 0
200843 21.125 21.0 57.737 0
200914 21.125 21.0 57.737 0
200944 21.125 21.0 57.675 0
201014 21.125 21.0 57.675 0
201044 21.125 21.0 57.675 0
201115 21.125 21.0 57.612 0
201145 21.125 21.0 57.612 0
201216 21.125 21.0 57.612 0
201246 21.125 21.0 57.612 0
201316 21.062 21.0 57.55 0
201347 21.062 21.0 57.55 0
201417 21.062 21.0 57.55 0
201447 21.062 21.0 57.55 0
201517 21.062 21.0 57.55 0
201547 20.937 21.0 57.55 0
201617 20.937 21.0 57.487 0
201647 20.937 21.0 57.55 0
201717 20.937 21.0 57.55 0
201748 20.937 21.0 57.675 0
201818 20.812 21.0 57.8 0
201849 20.812 21.0 57.925 0
201919 20.812 21.0 58.05 0
201949 20.812 21.0 58.175 0
202019 20.812 21.0 58.237 0
202049 20.687 21.0 58.425 0
202119 20.687 21.0 58.487 0
202150 20.687 21.0 58.55 0
202220 20.687 21.0 58.612 0
202250 20.687 21.0 58.737 0
202320 20.625 21.0 58.8 0
202351 20.625 21.0 58.862 0
202421 20.625 21.0 58.987 0
202452 20.625 21.0 59.05 0
202522 20.625 21.0 59.112 0
202553 20.562 21.0 59.175 0
202623 20.562 21.0 59.175 0
202654 20.562 21.0 59.237 0
202724 20.562 21.0 59.3 0
202754 20.562 21.0 59.362 0
202824 20.5 21.0 59.425 0
202854 20.5 21.0 59.425 0
202924 20.5 21.0 59.487 0
202954 20.5 21.0 59.487 0
203025 20.5 21.0 59.55 0
203055 20.375 21.0 59.55 0
203125 20.375 21.0 59.612 0
203155 20.375 21.0 59.675 0
203225 20.375 21.0 59.737 0
203256 20.375 21.0 59.8 0
203326 20.375 21.0 59.862 0
203356 20.375 21.0 59.925 0
203426 20.375 21.0 59.987 0
203457 20.375 21.0 60.05 50
203527 20.375 21.0 60.112 50
203557 20.25 21.0 60.175 50
203627 20.25 21.0 60.175 50
203657 20.25 21.0 60.237 50
203728 20.25 21.0 60.3 50
203758 20.25 21.0 60.3 50
203828 20.125 21.0 60.362 50
203858 20.125 21.0 60.362 50
203928 20.125 21.0 60.362 50
203958 20.125 21.0 60.362 50
204029 20.125 21.0 60.362 50
204059 20.187 21.0 60.425 50
204130 20.187 21.0 60.425 50
204200 20.187 21.0 60.425 50
204230 20.187 21.0 60.362 50
204300 20.187 21.0 60.362 50
204330 20.437 21.0 60.237 50
204401 20.437 21.0 60.175 50
204431 20.437 21.0 59.987 0
204501 20.437 21.0 59.737 0
204532 20.437 21.0 59.55 0
204603 20.625 21.0 59.362 0
204633 20.625 21.0 59.237 0
204704 20.625 21.0 59.175 0
204735 20.625 21.0 59.112 0
204805 20.625 21.0 58.987 0
204835 20.75 21.0 58.925 0
204905 20.75 21.0 58.862 0
204935 20.75 21.0 58.8 0
205006 20.75 21.0 58.737 0
205036 20.75 21.0 58.737 0
205107 20.812 21.0 58.675 0
205137 20.812 21.0 58.612 0
205207 20.812 21.0 58.55 0
205237 20.812 21.0 58.487 0
205307 20.812 21.0 58.425 0
205338 20.75 21.0 58.425 0
205408 20.75 21.0 58.362 0
205438 20.75 21.0 58.3 0
205508 20.75 21.0 58.237 0
205538 20.75 21.0 58.237 0
205609 20.812 21.0 58.175 0
205640 20.812 21.0 58.112 0
205711 20.812 21.0 58.05 0
205741 20.812 21.0 57.987 0
205811 20.812 21.0 57.925 0
205842 20.687 21.0 57.925 0
205912 20.687 21.0 57.862 0
205943 20.687 21.0 57.8 0
210013 20.687 21.0 57.737 0
210043 20.687 21.0 57.737 0
210114 20.687 21.0 57.675 0
210144 20.687 21.0 57.55 0
210214 20.687 21.0 57.3 0
210245 20.687 21.0 56.862 0
210315 20.687 21.0 56.112 0
210345 20.562 21.0 55.362 0
210416 20.562 21.0 54.862 0
210446 20.562 21.0 54.55 0
210516 20.562 21.0 54.362 0
210549 20.375 21.0 54.362 0
210619 20.375 21.0 54.425 0
210650 20.375 21.0 54.612 0
210720 20.375 21.0 54.987 0
210751 20.375 21.0 55.737 0
210821 20.25 21.0 56.612 0
210851 20.25 21.0 57.612 0
210922 20.25 21.0 58.675 0
210952 20.25 21.0 59.862 0
211023 20.25 21.0 60.925 50
211053 20.187 21.0 62.05 50
211123 20.187 21.0 62.987 50
211154 20.187 21.0 63.737 50
211224 20.187 21.0 64.3 50
211254 20.187 21.0 64.737 50
211324 20.125 21.0 65.05 50
211354 20.125 21.0 65.237 50
211424 20.125 21.0 65.425 50
211455 20.125 21.0 65.487 50
211525 20.125 21.0 65.612 50
211556 20.125 21.0 65.675 50
211626 20.125 21.0 65.737 50
211656 20.125 21.0 65.8 50
211726 20.125 21.0 65.8 50
211756 20.125 21.0 65.8 50
211826 20.375 21.0 65.8 50
211857 20.375 21.0 65.8 50
211927 20.375 21.0 65.737 50
211957 20.375 21.0 65.675 50
212027 20.375 21.0 65.55 50
212058 20.562 21.0 65.112 50
212128 20.562 21.0 64.175 50
212158 20.562 21.0 62.737 50
212228 20.562 21.0 60.8 50
212258 20.562 21.0 58.3 50
212329 20.75 21.0 55.737 50
212359 20.75 21.0 53.362 0
212430 20.75 21.0 51.675 0
212500 20.75 21.0 50.675 0
212530 20.75 21.0 50.112 0
212600 20.812 21.0 49.925 0
212631 20.812 21.0 50.05 0
212701 20.812 21.0 50.425 0
212731 20.812 21.0 51.112 0
212801 20.812 21.0 51.987 0
212831 20.875 21.0 52.987 0
212901 20.875 21.0 54.05 50
212932 20.875 21.0 55.112 50
213002 20.875 21.0 56.175 50
213033 20.875 21.0 57.3 50
213103 20.812 21.0 58.425 50
213133 20.812 21.0 59.425 50
213204 20.812 21.0 60.362 50
213234 20.812 21.0 61.362 50
213304 20.812 21.0 62.237 50
213335 20.75 21.0 62.862 50
213405 20.75 21.0 63.3 50
213435 20.75 21.0 63.675 50
213506 20.75 21.0 63.862 50
213536 20.75 21.0 64.05 50
213607 20.812 21.0 64.175 50
213637 20.812 21.0 64.3 50
213707 20.812 21.0 64.425 50
213738 20.812 21.0 64.487 50
213808 20.812 21.0 64.487 50
213838 20.812 21.0 64.55 50
213908 20.812 21.0 64.55 50
213939 20.812 21.0 64.55 50
214009 20.812 21.0 64.55 50
214039 20.812 21.0 64.487 50
214109 20.937 21.0 64.425 50
214140 20.937 21.0 64.3 50
214210 20.937 21.0 64.175 50
214240 20.937 21.0 63.862 50
214310 20.937 21.0 63.425 50
214341 21.062 21.0 62.737 0
214411 21.062 21.0 62.05 0
214441 21.062 21.0 61.362 0
214512 21.062 21.0 60.612 0
214542 21.062 21.0 59.987 0
214613 21.062 21.0 59.55 0
214643 21.062 21.0 59.3 0
214713 21.062 21.0 59.112 0
214744 21.062 21.0 58.987 0
214814 21.062 21.0 58.925 0
214844 21.187 21.0 58.8 0
214915 21.187 21.0 58.8 0
214945 21.187 21.0 58.737 0
215016 21.187 21.0 58.675 0
215047 21.187 21.0 58.675 0
215117 21.125 21.0 58.612 0
215148 21.125 21.0 58.612 0
215218 21.125 21.0 58.55 0
215248 21.125 21.0 58.487 0
215319 21.125 21.0 58.425 0
215350 21.125 21.0 58.362 0
215420 21.125 21.0 58.3 0
215450 21.125 21.0 58.237 0
215521 21.125 21.0 58.112 0
215551 21.125 21.0 58.05 0
215622 21.062 21.0 57.925 0
215652 21.062 21.0 57.862 0
215723 21.062 21.0 57.8 0
215753 21.062 21.0 57.737 0
215823 21.062 21.0 57.675 0
215854 21.0 21.0 57.612 0
215924 21.0 21.0 57.55 0
215955 21.0 21.0 57.55 0
220025 21.0 21.0 57.55 0
220057 20.937 21.0 57.55 0
220128 20.937 21.0 57.55 0
220158 20.937 21.0 57.612 0
220228 20.937 21.0 57.612 0
220258 20.937 21.0 57.675 0
220329 20.875 21.0 57.737 0
220359 20.875 21.0 57.8 0
220430 20.875 21.0 57.862 0
220500 20.875 21.0 57.987 0
220530 20.875 21.0 58.112 0
220601 20.687 21.0 58.237 0
220631 20.687 21.0 58.362 0
220701 20.687 21.0 58.425 0
220731 20.687 21.0 58.487 0
220802 20.687 21.0 58.487 0
220832 20.625 21.0 58.55 0
220902 20.625 21.0 58.55 0
220933 20.625 21.0 58.612 0
221003 20.625 21.0 58.612 0
221033 20.625 21.0 58.612 0
221103 20.5 21.0 58.675 0
221133 20.5 21.0 58.675 0
221203 20.5 21.0 58.675 0
221234 20.5 21.0 58.737 0
221304 20.5 21.0 58.737 0
221334 20.437 21.0 58.8 0
221405 20.437 21.0 58.862 0
221435 20.437 21.0 58.862 0
221505 20.437 21.0 58.925 0
221536 20.437 21.0 58.987 0
221606 20.25 21.0 58.987 0
221637 20.25 21.0 59.05 0
221707 20.25 21.0 59.05 0
221738 20.25 21.0 59.112 0
221808 20.25 21.0 59.112 0
221838 20.125 21.0 59.175 0
221909 20.125 21.0 59.237 0
221939 20.125 21.0 59.3 0
222010 20.125 21.0 59.3 0
222041 20.125 21.0 59.362 0
222111 20.062 21.0 59.425 0
222141 20.062 21.0 59.425 0
222211 20.062 21.0 59.487 0
222241 20.062 21.0 59.487 0
222312 20.062 21.0 59.55 0
222342 20.0 21.0 59.612 0
222413 20.0 21.0 59.612 0
222443 20.0 21.0 59.675 0
222513 20.0 21.0 59.675 0
222544 20.0 21.0 59.737 0
222614 19.937 21.0 59.8 0
222644 19.937 21.0 59.862 0
222714 19.937 21.0 59.925 0
222744 19.937 21.0 59.925 0
222815 19.937 21.0 59.987 0
222845 19.875 21.0 59.987 0
222916 19.875 21.0 59.987 0
222946 19.875 21.0 60.05 50
223016 19.875 21.0 60.05 50
223047 19.875 21.0 60.05 50
223117 19.812 21.0 60.05 50
223147 19.812 21.0 60.05 50
223218 19.812 21.0 60.05 50
223248 19.812 21.0 60.05 50
223318 19.812 21.0 60.05 50
223348 19.75 21.0 60.05 50
223419 19.75 21.0 60.112 50
223449 19.75 21.0 60.112 50
223520 19.75 21.0 60.175 50
223550 19.75 21.0 60.3 50
223621 19.937 21.0 60.3 50
223651 19.937 21.0 60.362 50
223721 19.937 21.0 60.3 50
223752 19.937 21.0 60.3 50
223822 19.937 21.0 60.175 50
223852 20.187 21.0 60.05 50
223923 20.187 21.0 59.737 0
223953 20.187 21.0 59.487 0
224024 20.187 21.0 59.3 0
224054 20.187 21.0 59.175 0
224124 20.375 21.0 59.112 0
224154 20.375 21.0 58.987 0
224225 20.375 21.0 58.925 0
224255 20.375 21.0 58.862 0
224325 20.375 21.0 58.8 0
224355 20.562 21.0 58.737 0
224425 20.562 21.0 58.675 0
224456 20.562 21.0 58.612 0
224526 20.562 21.0 58.55 0
224557 20.562 21.0 58.487 0
224627 20.375 21.0 58.175 0
224658 20.375 21.0 57.675 0
224728 20.375 21.0 57.05 0
224758 20.375 21.0 56.487 0
224829 20.375 21.0 56.175 0
224859 20.125 21.0 55.925 0
224930 20.125 21.0 55.737 0
225000 20.125 21.0 55.612 0
225030 20.125 21.0 55.55 0
225101 20.125 21.0 55.487 0
225131 20.0 21.0 55.487 0
225201 20.0 21.0 55.487 0
225231 20.0 16.0 55.487 0
225302 20.0 16.0 55.487 0
225332 20.0 16.0 55.487 0
225403 19.75 16.0 55.612 0
225434 19.75 16.0 55.987 0
225504 19.75 16.0 56.675 0
225534 19.75 16.0 57.612 0
225607 19.5 16.0 58.55 0
225637 19.5 16.0 59.737 0
225708 19.5 16.0 60.737 0
225738 19.5 16.0 61.862 0
225808 19.5 16.0 62.987 0
225838 19.25 16.0 63.925 0
225908 19.25 16.0 64.612 0
225939 19.25 16.0 65.237 0
230009 19.25 10.0 65.675 0
230039 19.25 10.0 65.987 0
230109 19.062 10.0 66.3 0
230140 19.062 10.0 66.55 0
230210 19.062 10.0 66.8 0
230241 19.062 10.0 66.987 0
230311 19.062 10.0 67.112 0
230341 18.937 10.0 67.237 0
230411 18.937 10.0 67.425 0
230441 18.937 10.0 67.55 0
230511 18.937 10.0 67.675 0
230542 18.937 10.0 67.737 0
230612 18.812 10.0 67.862 0
230643 18.812 10.0 67.925 0
230713 18.812 10.0 68.05 0
230743 18.812 10.0 68.112 0
230814 18.812 10.0 68.237 0
230844 18.687 10.0 68.362 0
230914 18.687 10.0 68.425 0
230944 18.687 10.0 68.487 0
231015 18.687 10.0 68.425 0
231045 18.687 10.0 68.425 0
231116 18.625 10.0 68.55 0
231146 18.625 10.0 68.675 0
231216 18.625 10.0 68.737 0
231247 18.625 10.0 68.8 0
231317 18.625 10.0 68.8 0
231347 18.562 10.0 68.925 0
231418 18.562 10.0 68.8 0
231448 18.562 10.0 68.862 0
231518 18.562 10.0 68.925 0
231548 18.562 10.0 68.925 0
231619 18.437 10.0 68.987 0
231649 18.437 10.0 69.05 0
231720 18.437 10.0 69.112 0
231750 18.437 10.0 69.112 0
231820 18.437 10.0 69.175 0
231851 18.437 10.0 69.237 0
231921 18.437 10.0 69.3 0
231952 18.437 10.0 69.362 0
232022 18.437 10.0 69.425 0
232052 18.437 10.0 69.487 0
232122 18.375 10.0 69.487 0
232152 18.375 10.0 69.55 0
232223 18.375 10.0 69.612 0
232254 18.375 10.0 69.675 0
232324 18.375 10.0 69.675 0
232354 18.312 10.0 69.737 0
232424 18.312 10.0 69.8 0
232454 18.312 10.0 69.862 0
232524 18.312 10.0 69.862 0
232555 18.312 10.0 69.925 0
232625 18.25 10.0 69.987 0
232656 18.25 10.0 69.987 0
232726 18.25 10.0 70.05 50
232756 18.25 10.0 70.112 50
232826 18.25 10.0 70.175 50
232857 18.187 10.0 70.175 50
232928 18.187 10.0 70.175 50
232958 18.187 10.0 70.237 50
233028 18.187 10.0 70.237 50
233058 18.187 10.0 70.237 50
233128 18.125 10.0 70.237 50
233158 18.125 10.0 70.175 50
233229 18.125 10.0 70.175 50
233259 18.125 10.0 70.175 50
233329 18.125 10.0 70.175 50
233359 18.125 10.0 70.112 50
233429 18.125 10.0 70.175 50
233500 18.125 10.0 70.05 50
233531 18.125 10.0 69.925 0
233601 18.125 10.0 69.925 0
233632 18.187 10.0 69.8 0
233703 18.187 10.0 69.737 0
233734 18.187 10.0 69.737 0
233804 18.187 10.0 69.675 0
233835 18.187 10.0 69.55 0
233905 18.25 10.0 69.487 0
233936 18.25 10.0 69.487 0
234006 18.25 10.0 69.425 0
234037 18.25 10.0 69.362 0
234107 18.25 10.0 69.362 0
234137 18.312 10.0 69.362 0
234208 18.312 10.0 69.362 0
234239 18.312 10.0 69.3 0
234309 18.312 10.0 69.3 0
234339 18.312 10.0 69.237 0
234409 18.375 10.0 69.175 0
234440 18.375 10.0 69.112 0
234510 18.375 10.0 68.987 0
234541 18.375 10.0 68.925 0
234612 18.375 10.0 68.862 0
234642 18.312 10.0 68.8 0
234712 18.312 10.0 68.737 0
234743 18.312 10.0 68.737 0
234813 18.312 10.0 68.675 0
234846 18.25 10.0 68.612 0
234916 18.25 10.0 68.55 0
234946 18.25 10.0 68.487 0
235017 18.25 10.0 68.425 0
235047 18.25 10.0 68.362 0
235117 18.25 10.0 68.3 0
235148 18.25 10.0 68.237 0
235219 18.25 10.0 68.237 0
235249 18.25 10.0 68.175 0
235319 18.25 10.0 68.112 0
235349 18.187 10.0 67.987 0
235420 18.187 10.0 67.8 0
235450 18.187 10.0 67.362 0
235521 18.187 10.0 66.987 0
235551 18.187 10.0 66.675 0
235621 18.125 10.0 66.487 0
235651 18.125 10.0 66.362 0
235722 18.125 10.0 66.237 0
235753 18.125 10.0 66.112 0
235824 18.125 10.0 66.05 0
235854 18.125 10.0 65.925 0
