235927 17.625 10.0 65.3 0
235958 17.625 10.0 65.3 0
000028 17.625 10.0 65.237 0
000059 17.625 10.0 65.237 0
000129 17.625 10.0 65.175 0
000200 17.625 10.0 65.175 0
000230 17.625 10.0 65.175 0
000300 17.625 10.0 65.112 0
000331 17.625 10.0 65.112 0
000402 17.625 10.0 65.05 0
000432 17.625 10.0 65.05 0
000502 17.625 10.0 64.987 0
000533 17.625 10.0 64.987 0
000603 17.625 10.0 64.987 0
000633 17.625 10.0 64.925 0
000703 17.625 10.0 64.925 0
000734 17.625 10.0 64.862 0
000804 17.625 10.0 64.862 0
000834 17.625 10.0 64.8 0
000905 17.625 10.0 64.8 0
000935 17.625 10.0 64.737 0
001006 17.625 10.0 64.737 0
001036 17.562 10.0 64.675 0
001107 17.562 10.0 64.675 0
001137 17.562 10.0 64.675 0
001208 17.562 10.0 64.612 0
001239 17.562 10.0 64.55 0
001309 17.562 10.0 64.55 0
001340 17.562 10.0 64.487 0
001411 17.562 10.0 64.487 0
001441 17.562 10.0 64.425 0
001512 17.562 10.0 64.362 0
001542 17.562 10.0 64.3 0
001612 17.562 10.0 64.237 0
001643 17.562 10.0 64.175 0
001713 17.562 10.0 64.112 0
001743 17.562 10.0 64.112 0
001814 17.562 10.0 64.05 0
001845 17.562 10.0 63.987 0
001915 17.562 10.0 63.987 0
001946 17.562 10.0 63.925 0
002019 17.562 10.0 63.925 0
002049 17.562 10.0 63.862 0
002120 17.562 10.0 63.862 0
002150 17.562 10.0 63.8 0
002221 17.562 10.0 63.737 0
002252 17.562 10.0 63.737 0
002322 17.562 10.0 63.675 0
002353 17.562 10.0 63.675 0
002424 17.562 10.0 63.612 0
002454 17.562 10.0 63.612 0
002524 17.562 10.0 63.55 0
002555 17.562 10.0 63.487 0
002625 17.562 10.0 63.487 0
002655 17.562 10.0 63.425 0
002726 17.562 10.0 63.425 0
002756 17.562 10.0 63.362 0
002826 17.562 10.0 63.362 0
002856 17.562 10.0 63.3 0
002926 17.562 10.0 63.3 0
002957 17.562 10.0 63.237 0
003027 17.562 10.0 63.237 0
003057 17.562 10.0 63.175 0
003127 17.562 10.0 63.112 0
003158 17.562 10.0 63.112 0
003229 17.562 10.0 63.05 0
003259 17.5 10.0 62.987 0
003330 17.5 10.0 62.925 0
003400 17.5 10.0 62.8 0
003430 17.5 10.0 62.675 0
003501 17.5 10.0 62.612 0
003531 17.5 10.0 62.55 0
003601 17.5 10.0 62.487 0
003632 17.5 10.0 62.487 0
003702 17.5 10.0 62.425 0
003732 17.5 10.0 62.425 0
003802 17.5 10.0 62.362 0
003833 17.5 10.0 62.362 0
003903 17.5 10.0 62.3 0
003934 17.5 10.0 62.3 0
004004 17.5 10.0 62.3 0
004035 17.5 10.0 62.237 0
004105 17.5 10.0 62.237 0
004135 17.5 10.0 62.175 0
004206 17.5 10.0 62.175 0
004236 17.5 10.0 62.112 0
004307 17.5 10.0 62.112 0
004337 17.5 10.0 62.05 0
004407 17.5 10.0 62.05 0
004438 17.5 10.0 61.987 0
004509 17.5 10.0 61.987 0
004540 17.5 10.0 61.925 0
004610 17.5 10.0 61.925 0
004640 17.5 10.0 61.862 0
004710 17.5 10.0 61.862 0
004740 17.5 10.0 61.8 0
004811 17.5 10.0 61.8 0
004841 17.5 10.0 61.737 0
004911 17.5 10.0 61.737 0
004942 17.5 10.0 61.675 0
005012 17.5 10.0 61.675 0
005043 17.5 10.0 61.612 0
005114 17.5 10.0 61.55 0
005144 17.5 10.0 61.487 0
005215 17.5 10.0 61.362 0
005246 17.5 10.0 61.175 0
005316 17.5 10.0 61.05 0
005347 17.5 10.0 60.987 0
005417 17.5 10.0 60.925 0
005448 17.5 10.0 60.862 0
005519 17.5 10.0 60.8 0
005549 17.437 10.0 60.737 0
005620 17.437 10.0 60.675 0
005651 17.437 10.0 60.675 0
005721 17.437 10.0 60.612 0
005754 17.437 10.0 60.55 0
005825 17.437 10.0 60.487 0
005855 17.437 10.0 60.487 0
005925 17.437 10.0 60.425 0
005957 17.437 10.0 60.425 0
010027 17.437 10.0 60.362 0
010058 17.437 10.0 60.3 0
010128 17.437 10.0 60.3 0
010159 17.437 10.0 60.237 0
010230 17.437 10.0 60.175 0
010301 17.437 10.0 60.175 0
010331 17.437 10.0 60.112 0
010402 17.437 10.0 60.05 0
010433 17.437 10.0 60.05 0
010504 17.437 10.0 59.987 0
010534 17.437 10.0 59.925 0
010605 17.437 10.0 59.925 0
010635 17.437 10.0 59.862 0
010706 17.437 10.0 59.8 0
010736 17.437 10.0 59.8 0
010807 17.437 10.0 59.737 0
010837 17.437 10.0 59.675 0
010908 17.437 10.0 59.487 0
010938 17.437 10.0 59.3 0
011009 17.437 10.0 59.05 0
011039 17.437 10.0 58.8 0
011110 17.437 10.0 58.612 0
011140 17.437 10.0 58.487 0
011210 17.437 10.0 58.425 0
011241 17.437 10.0 58.3 0
011312 17.437 10.0 58.237 0
011342 17.437 10.0 58.237 0
011412 17.437 10.0 58.175 0
011443 17.437 10.0 58.112 0
011513 17.437 10.0 58.05 0
011543 17.437 10.0 58.05 0
011613 17.437 10.0 57.987 0
011644 17.437 10.0 57.925 0
011715 17.437 10.0 57.925 0
011745 17.437 10.0 57.862 0
011816 17.437 10.0 57.8 0
011846 17.437 10.0 57.8 0
011917 17.437 10.0 57.737 0
011948 17.437 10.0 57.675 0
012018 17.437 10.0 57.675 0
012049 17.437 10.0 57.612 0
012119 17.437 10.0 57.612 0
012150 17.437 10.0 57.55 0
012220 17.437 10.0 57.487 0
012251 17.437 10.0 57.487 0
012321 17.375 10.0 57.425 0
012351 17.375 10.0 57.362 0
012422 17.375 10.0 57.362 0
012452 17.375 10.0 57.3 0
012522 17.375 10.0 57.237 0
012552 17.375 10.0 57.05 0
012623 17.375 10.0 56.862 0
012653 17.375 10.0 56.612 0
012723 17.375 10.0 56.3 0
012754 17.375 10.0 56.05 0
012824 17.375 10.0 55.862 0
012855 17.375 10.0 55.737 0
012925 17.375 10.0 55.675 0
012955 17.375 10.0 55.675 0
013028 17.375 10.0 55.737 0
013058 17.375 10.0 55.862 0
013129 17.375 10.0 56.112 0
013200 17.375 10.0 56.425 0
013230 17.375 10.0 57.05 0
013301 17.375 10.0 57.925 0
013331 17.375 10.0 58.987 0
013401 17.375 10.0 59.987 0
013431 17.375 10.0 61.05 0
013502 17.375 10.0 62.112 0
013532 17.375 10.0 63.112 0
013603 17.375 10.0 63.925 0
013634 17.375 10.0 64.612 0
013704 17.375 10.0 65.112 0
013735 17.375 10.0 65.55 0
013806 17.375 10.0 65.862 0
013836 17.375 10.0 66.112 0
013906 17.375 10.0 66.3 0
013937 17.375 10.0 66.487 0
014007 17.375 10.0 66.612 0
014038 17.375 10.0 66.737 0
014108 17.375 10.0 66.8 0
014138 17.375 10.0 66.925 0
014208 17.375 10.0 66.987 0
014239 17.375 10.0 67.05 0
014310 17.375 10.0 67.112 0
014340 17.375 10.0 67.175 0
014411 17.375 10.0 67.237 0
014442 17.375 10.0 67.237 0
014512 17.375 10.0 67.237 0
014543 17.375 10.0 67.3 0
014613 17.375 10.0 67.3 0
014643 17.375 10.0 67.3 0
014714 17.375 10.0 67.3 0
014744 17.375 10.0 67.3 0
014814 17.375 10.0 67.362 0
014845 17.375 10.0 67.362 0
014916 17.375 10.0 67.362 0
014946 17.375 10.0 67.362 0
015017 17.375 10.0 67.362 0
015048 17.375 10.0 67.362 0
015118 17.375 10.0 67.362 0
015148 17.375 10.0 67.362 0
015219 17.375 10.0 67.362 0
015249 17.375 10.0 67.362 0
015319 17.312 10.0 67.362 0
015350 17.312 10.0 67.362 0
015420 17.312 10.0 67.362 0
015451 17.312 10.0 67.362 0
015521 17.312 10.0 67.362 0
015552 17.312 10.0 67.362 0
015622 17.312 10.0 67.362 0
015652 17.312 10.0 67.362 0
015722 17.312 10.0 67.362 0
015753 17.312 10.0 67.362 0
015823 17.312 10.0 67.362 0
015854 17.312 10.0 67.362 0
015925 17.312 10.0 67.362 0
015955 17.312 10.0 67.362 0
020026 17.312 10.0 67.362 0
020056 17.312 10.0 67.362 0
020126 17.312 10.0 67.3 0
020157 17.312 10.0 67.3 0
020227 17.312 10.0 67.3 0
020258 17.312 10.0 67.3 0
020328 17.312 10.0 67.3 0
020359 17.312 10.0 67.3 0
020429 17.312 10.0 67.3 0
020500 17.312 10.0 67.3 0
020531 17.312 10.0 67.237 0
020601 17.312 10.0 67.237 0
020631 17.312 10.0 67.237 0
020702 17.312 10.0 67.237 0
020733 17.312 10.0 67.237 0
020804 17.312 10.0 67.237 0
020835 17.312 10.0 67.237 0
020905 17.312 10.0 67.175 0
020936 17.312 10.0 67.175 0
021006 17.312 10.0 67.175 0
021037 17.312 10.0 67.175 0
021108 17.312 10.0 67.175 0
021139 17.312 10.0 67.175 0
021209 17.312 10.0 67.112 0
021239 17.312 10.0 67.112 0
021310 17.312 10.0 67.112 0
021340 17.312 10.0 67.112 0
021411 17.312 10.0 67.05 0
021441 17.312 10.0 67.05 0
021512 17.312 10.0 67.05 0
021543 17.25 10.0 67.05 0
021613 17.25 10.0 67.05 0
021644 17.25 10.0 66.987 0
021715 17.25 10.0 66.987 0
021745 17.25 10.0 66.987 0
021815 17.25 10.0 66.987 0
021846 17.25 10.0 66.987 0
021916 17.25 10.0 66.925 0
021946 17.25 10.0 66.925 0
022017 17.25 10.0 66.925 0
022047 17.312 10.0 66.925 0
022118 17.312 10.0 66.862 0
022148 17.312 10.0 66.862 0
022219 17.312 10.0 66.862 0
022249 17.312 10.0 66.8 0
022320 17.25 10.0 66.8 0
022350 17.25 10.0 66.8 0
022421 17.25 10.0 66.737 0
022451 17.25 10.0 66.737 0
022522 17.25 10.0 66.737 0
022552 17.312 10.0 66.737 0
022622 17.312 10.0 66.675 0
022653 17.312 10.0 66.675 0
022724 17.312 10.0 66.675 0
022754 17.312 10.0 66.612 0
022824 17.312 10.0 66.612 0
022855 17.312 10.0 66.612 0
022926 17.312 10.0 66.612 0
022956 17.312 10.0 66.55 0
023027 17.312 10.0 66.55 0
023057 17.25 10.0 66.55 0
023127 17.25 10.0 66.487 0
023158 17.25 10.0 66.487 0
023228 17.25 10.0 66.487 0
023259 17.25 10.0 66.425 0
023329 17.25 10.0 66.425 0
023359 17.25 10.0 66.425 0
023429 17.25 10.0 66.362 0
023459 17.25 10.0 66.362 0
023530 17.25 10.0 66.362 0
023600 17.25 10.0 66.362 0
023630 17.25 10.0 66.3 0
023700 17.25 10.0 66.3 0
023731 17.25 10.0 66.362 0
023802 17.25 10.0 66.425 0
023832 17.25 10.0 66.487 0
023903 17.25 10.0 66.487 0
023933 17.25 10.0 66.487 0
024003 17.25 10.0 66.55 0
024033 17.25 10.0 66.55 0
024104 17.25 10.0 66.487 0
024135 17.25 10.0 66.487 0
024206 17.25 10.0 66.487 0
024236 17.25 10.0 66.487 0
024309 17.25 10.0 66.425 0
024340 17.25 10.0 66.425 0
024410 17.25 10.0 66.362 0
024441 17.25 10.0 66.362 0
024512 17.25 10.0 66.362 0
024542 17.25 10.0 66.3 0
024613 17.25 10.0 66.3 0
024643 17.25 10.0 66.3 0
024714 17.25 10.0 66.237 0
024745 17.25 10.0 66.237 0
024815 17.187 10.0 66.237 0
024846 17.187 10.0 66.175 0
024917 17.187 10.0 66.175 0
024947 17.187 10.0 66.175 0
025018 17.187 10.0 66.112 0
025049 17.25 10.0 66.112 0
025119 17.25 10.0 66.112 0
025149 17.25 10.0 66.112 0
025220 17.25 10.0 66.05 0
025251 17.25 10.0 66.05 0
025321 17.187 10.0 65.987 0
025352 17.187 10.0 65.987 0
025423 17.187 10.0 65.987 0
025453 17.187 10.0 65.925 0
025524 17.187 10.0 65.925 0
025555 17.187 10.0 65.925 0
025625 17.187 10.0 65.925 0
025655 17.187 10.0 65.862 0
025725 17.187 10.0 65.862 0
025756 17.187 10.0 65.8 0
025826 17.187 10.0 65.8 0
025856 17.187 10.0 65.8 0
025927 17.187 10.0 65.8 0
025958 17.187 10.0 65.737 0
030029 17.187 10.0 65.737 0
030059 17.187 10.0 65.675 0
030130 17.187 10.0 65.675 0
030200 17.187 10.0 65.612 0
030231 17.187 10.0 65.612 0
030301 17.187 10.0 65.55 0
030331 17.187 10.0 65.55 0
030402 17.187 10.0 65.487 0
030433 17.187 10.0 65.487 0
030503 17.187 10.0 65.425 0
030534 17.187 10.0 65.425 0
030604 17.187 10.0 65.425 0
030634 17.187 10.0 65.362 0
030705 17.187 10.0 65.362 0
030735 17.187 10.0 65.3 0
030805 17.187 10.0 65.3 0
030836 17.187 10.0 65.237 0
030907 17.187 10.0 65.237 0
030938 17.187 10.0 65.237 0
031008 17.187 10.0 65.175 0
031038 17.187 10.0 65.175 0
031108 17.187 10.0 65.112 0
031138 17.187 10.0 65.112 0
031209 17.187 10.0 65.05 0
031239 17.187 10.0 65.05 0
031310 17.187 10.0 64.987 0
031340 17.187 10.0 64.987 0
031411 17.187 10.0 64.987 0
031441 17.187 10.0 64.925 0
031511 17.187 10.0 64.925 0
031541 17.187 10.0 64.862 0
031611 17.187 10.0 64.862 0
031642 17.187 10.0 64.8 0
031712 17.187 10.0 64.8 0
031742 17.187 10.0 64.737 0
031814 17.187 10.0 64.737 0
031845 17.187 10.0 64.675 0
031915 17.187 10.0 64.675 0
031946 17.187 10.0 64.675 0
032016 17.187 10.0 64.612 0
032047 17.187 10.0 64.55 0
032117 17.187 10.0 64.487 0
032148 17.187 10.0 64.425 0
032218 17.187 10.0 64.425 0
032249 17.187 10.0 64.362 0
032319 17.187 10.0 64.3 0
032349 17.187 10.0 64.3 0
032420 17.187 10.0 64.237 0
032450 17.187 10.0 64.175 0
032521 17.187 10.0 64.175 0
032551 17.187 10.0 64.112 0
032622 17.187 10.0 64.112 0
032652 17.187 10.0 64.05 0
032722 17.187 10.0 64.05 0
032753 17.187 10.0 63.987 0
032823 17.187 10.0 63.987 0
032853 17.187 10.0 63.925 0
032923 17.187 10.0 63.925 0
032953 17.187 10.0 63.862 0
033024 17.187 10.0 63.862 0
033054 17.187 10.0 63.8 0
033124 17.187 10.0 63.8 0
033155 17.187 10.0 63.737 0
033225 17.187 10.0 63.737 0
033255 17.187 10.0 63.675 0
033325 17.187 10.0 63.675 0
033356 17.187 10.0 63.612 0
033426 17.187 10.0 63.612 0
033457 17.187 10.0 63.55 0
033527 17.187 10.0 63.55 0
033558 17.125 10.0 63.487 0
033629 17.125 10.0 63.487 0
033659 17.125 10.0 63.425 0
033730 17.125 10.0 63.425 0
033800 17.125 10.0 63.362 0
033831 17.187 10.0 63.362 0
033902 17.187 10.0 63.362 0
033932 17.187 10.0 63.362 0
034002 17.187 10.0 63.362 0
034033 17.187 10.0 63.3 0
034103 17.187 10.0 63.237 0
034133 17.187 10.0 63.237 0
034204 17.187 10.0 63.175 0
034235 17.187 10.0 63.175 0
034305 17.187 10.0 63.112 0
034336 17.125 10.0 63.05 0
034406 17.125 10.0 63.05 0
034436 17.125 10.0 62.987 0
034507 17.125 10.0 62.987 0
034537 17.125 10.0 62.925 0
034608 17.125 10.0 62.925 0
034639 17.125 10.0 62.862 0
034709 17.125 10.0 62.862 0
034740 17.125 10.0 62.8 0
034810 17.125 10.0 62.8 0
034841 17.187 10.0 62.737 0
034911 17.187 10.0 62.737 0
034942 17.187 10.0 62.675 0
035013 17.187 10.0 62.612 0
035043 17.187 10.0 62.612 0
035114 17.125 10.0 62.55 0
035144 17.125 10.0 62.55 0
035215 17.125 10.0 62.487 0
035245 17.125 10.0 62.487 0
035316 17.125 10.0 62.425 0
035347 17.125 10.0 62.425 0
035418 17.125 10.0 62.362 0
035448 17.125 10.0 62.362 0
035519 17.125 10.0 62.3 0
035550 17.125 10.0 62.3 0
035621 17.125 10.0 62.237 0
035651 17.125 10.0 62.237 0
035722 17.125 10.0 62.175 0
035752 17.125 10.0 62.112 0
035823 17.125 10.0 62.05 0
035853 17.125 10.0 61.987 0
035923 17.125 10.0 61.862 0
035954 17.125 10.0 61.737 0
040025 17.125 10.0 61.612 0
040055 17.125 10.0 61.55 0
040126 17.125 10.0 61.487 0
040156 17.125 10.0 61.425 0
040227 17.125 10.0 61.362 0
040258 17.125 10.0 61.3 0
040329 17.125 10.0 61.3 0
040359 17.125 10.0 61.237 0
040429 17.125 10.0 61.175 0
040500 17.125 10.0 61.175 0
040530 17.125 10.0 61.112 0
040600 17.125 10.0 61.05 0
040631 17.125 10.0 61.05 0
040701 17.125 10.0 60.987 0
040731 17.125 10.0 60.987 0
040801 17.125 10.0 60.925 0
040831 17.125 10.0 60.862 0
040902 17.125 10.0 60.862 0
040933 17.125 10.0 60.8 0
041003 17.125 10.0 60.737 0
041034 17.125 10.0 60.737 0
041104 17.125 10.0 60.675 0
041134 17.125 10.0 60.675 0
041205 17.125 10.0 60.612 0
041235 17.125 10.0 60.55 0
041305 17.125 10.0 60.55 0
041336 17.125 10.0 60.487 0
041407 17.125 10.0 60.425 0
041437 17.125 10.0 60.425 0
041507 17.125 10.0 60.362 0
041538 17.125 10.0 60.362 0
041608 17.125 10.0 60.3 0
041639 17.125 10.0 60.175 0
041709 17.125 10.0 60.05 0
041739 17.125 10.0 59.862 0
041809 17.125 10.0 59.675 0
041839 17.062 10.0 59.487 0
041910 17.062 10.0 59.362 0
041940 17.062 10.0 59.3 0
042010 17.062 10.0 59.175 0
042040 17.062 10.0 59.175 0
042110 17.062 10.0 59.112 0
042140 17.062 10.0 59.05 0
042211 17.062 10.0 58.987 0
042241 17.062 10.0 58.987 0
042312 17.062 10.0 58.925 0
042342 17.125 10.0 58.862 0
042412 17.125 10.0 58.8 0
042443 17.125 10.0 58.8 0
042513 17.125 10.0 58.737 0
042544 17.125 10.0 58.675 0
042614 17.062 10.0 58.675 0
042645 17.062 10.0 58.612 0
042715 17.062 10.0 58.612 0
042745 17.062 10.0 58.55 0
042815 17.062 10.0 58.487 0
042845 17.062 10.0 58.487 0
042916 17.062 10.0 58.425 0
042946 17.062 10.0 58.362 0
043017 17.062 10.0 58.362 0
043047 17.062 10.0 58.3 0
043117 17.062 10.0 58.3 0
043148 17.062 10.0 58.237 0
043219 17.062 10.0 58.175 0
043249 17.062 10.0 58.175 0
043320 17.062 10.0 58.112 0
043351 17.062 10.0 58.05 0
043422 17.062 10.0 57.925 0
043452 17.062 10.0 57.737 0
043523 17.062 10.0 57.487 0
043556 17.062 10.0 57.237 0
043626 17.062 10.0 56.987 0
043657 17.062 10.0 56.8 0
043727 17.062 10.0 56.675 0
043757 17.062 10.0 56.612 0
043828 17.062 10.0 56.55 0
043859 17.062 10.0 56.487 0
043929 17.062 10.0 56.487 0
044000 17.062 10.0 56.487 0
044031 17.062 10.0 56.55 0
044101 17.062 10.0 56.675 0
044132 17.062 10.0 56.8 0
044202 17.062 10.0 57.05 0
044233 17.062 10.0 57.425 0
044303 17.062 10.0 57.987 0
044333 17.062 10.0 58.862 0
044404 17.062 10.0 59.925 0
044435 17.062 10.0 60.925 0
044505 17.062 10.0 62.05 0
044536 17.062 10.0 63.05 0
044607 17.062 10.0 63.925 0
044638 17.062 10.0 64.612 0
044708 17.062 10.0 65.112 0
044739 17.062 10.0 65.487 0
044810 17.062 10.0 65.862 0
044840 17.0 10.0 66.112 0
044911 17.0 10.0 66.3 0
044942 17.0 10.0 66.487 0
045012 17.0 10.0 66.612 0
045042 17.0 10.0 66.737 0
045113 17.062 10.0 66.8 0
045144 17.062 10.0 66.925 0
045214 17.062 10.0 66.987 0
045245 17.062 10.0 67.05 0
045316 17.062 10.0 67.112 0
045347 17.062 10.0 67.112 0
045417 17.062 10.0 67.112 0
045448 17.062 10.0 67.175 0
045519 17.062 10.0 67.175 0
045549 17.062 10.0 67.175 0
045619 17.0 10.0 67.175 0
045650 17.0 10.0 67.237 0
045721 17.0 10.0 67.237 0
045751 17.0 10.0 67.237 0
045822 17.0 10.0 67.237 0
045852 17.0 10.0 67.237 0
045923 17.0 10.0 67.237 0
045953 17.0 10.0 67.237 0
050023 17.0 10.0 67.237 0
050053 17.0 10.0 67.237 0
050124 17.0 10.0 67.237 0
050154 17.0 10.0 67.3 0
050225 17.0 10.0 67.3 0
050256 17.0 10.0 67.3 0
050326 17.0 10.0 67.3 0
050357 17.0 10.0 67.3 0
050428 17.0 10.0 67.3 0
050458 17.0 10.0 67.3 0
050529 17.0 10.0 67.237 0
050601 17.0 10.0 67.237 0
050631 17.0 10.0 67.237 0
050702 17.0 10.0 67.237 0
050732 17.0 10.0 67.237 0
050802 17.0 10.0 67.237 0
050832 17.0 10.0 67.237 0
050902 17.0 10.0 67.237 0
050933 17.0 10.0 67.237 0
051003 17.0 10.0 67.237 0
051033 17.0 10.0 67.175 0
051104 17.0 10.0 67.175 0
051134 17.0 10.0 67.237 0
051205 17.0 10.0 67.175 0
051235 17.0 10.0 67.175 0
051306 17.0 10.0 67.175 0
051336 17.0 10.0 67.175 0
051407 17.0 10.0 67.175 0
051437 17.0 10.0 67.175 0
051507 17.0 10.0 67.175 0
051537 17.0 10.0 67.175 0
051607 17.0 10.0 67.175 0
051638 17.0 10.0 67.175 0
051708 17.0 10.0 67.112 0
051738 17.0 10.0 67.112 0
051809 17.0 10.0 67.112 0
051839 17.0 10.0 67.112 0
051910 17.0 10.0 67.112 0
051941 17.0 10.0 67.05 0
052011 17.0 10.0 67.05 0
052042 17.0 10.0 67.05 0
052112 17.0 10.0 67.05 0
052143 17.0 10.0 67.05 0
052213 17.0 10.0 66.987 0
052244 17.0 10.0 66.987 0
052314 17.0 10.0 66.987 0
052344 16.937 10.0 66.987 0
052415 16.937 10.0 66.987 0
052445 16.937 10.0 66.925 0
052516 16.937 10.0 66.925 0
052547 16.937 10.0 66.925 0
052617 17.0 10.0 66.925 0
052648 17.0 10.0 66.925 0
052718 17.0 10.0 66.862 0
052749 17.0 10.0 66.862 0
052819 17.0 10.0 66.862 0
052850 16.937 10.0 66.862 0
052920 16.937 10.0 66.862 0
052951 16.937 10.0 66.8 0
053022 16.937 10.0 66.8 0
053052 16.937 10.0 66.8 0
053123 17.0 10.0 66.737 0
053154 17.0 10.0 66.737 0
053224 17.0 10.0 66.737 0
053254 17.0 10.0 66.675 0
053325 17.0 10.0 66.675 0
053355 16.937 10.0 66.675 0
053426 16.937 10.0 66.675 0
053456 16.937 10.0 66.612 0
053527 16.937 10.0 66.612 0
053558 16.937 10.0 66.612 0
053628 16.937 10.0 66.612 0
053659 16.937 10.0 66.55 0
053729 16.937 10.0 66.55 0
053759 16.937 10.0 66.55 0
053830 16.937 10.0 66.487 0
053900 16.937 10.0 66.487 0
053930 16.937 10.0 66.487 0
054000 16.937 10.0 66.425 0
054031 16.937 10.0 66.425 0
054102 16.937 10.0 66.425 0
054132 16.937 10.0 66.425 0
054203 16.937 10.0 66.362 0
054234 16.937 10.0 66.362 0
054304 16.937 10.0 66.362 0
054337 16.937 10.0 66.3 0
054408 16.937 10.0 66.3 0
054438 16.937 10.0 66.3 0
054509 16.937 10.0 66.237 0
054539 16.937 10.0 66.237 0
054610 16.937 10.0 66.237 0
054641 16.937 10.0 66.175 0
054711 16.937 10.0 66.237 0
054742 16.937 10.0 66.237 0
054812 16.937 10.0 66.3 0
054843 16.937 10.0 66.362 0
054913 16.937 10.0 66.425 0
054944 16.937 10.0 66.425 0
055015 16.937 10.0 66.425 0
055045 16.937 10.0 66.362 0
055115 16.937 10.0 66.362 0
055145 16.937 10.0 66.362 0
055215 16.937 10.0 66.362 0
055246 16.937 10.0 66.3 0
055316 16.937 10.0 66.3 0
055347 16.937 10.0 66.3 0
055417 16.937 10.0 66.237 0
055448 16.937 10.0 66.237 0
055518 16.937 10.0 66.237 0
055548 16.937 10.0 66.175 0
055619 16.875 10.0 66.175 0
055649 16.875 10.0 66.112 0
055720 16.875 10.0 66.112 0
055750 16.875 10.0 66.112 0
055821 16.875 10.0 66.112 0
055851 16.875 10.0 66.05 0
055922 16.875 10.0 66.05 0
055953 16.875 10.0 66.05 0
060023 16.875 10.0 65.987 0
060054 16.875 10.0 65.987 0
060124 16.937 10.0 65.987 0
060154 16.937 10.0 65.925 0
060224 16.937 10.0 65.925 0
060255 16.937 10.0 65.925 0
060325 16.937 10.0 65.862 0
060356 16.875 10.0 65.862 0
060427 16.875 10.0 65.862 0
060457 16.875 10.0 65.8 0
060528 16.875 10.0 65.8 0
060559 16.875 10.0 65.8 0
060629 16.875 10.0 65.737 0
060700 16.875 10.0 65.737 0
060730 16.875 10.0 65.737 0
060801 16.875 10.0 65.737 0
060831 16.875 10.0 65.675 0
060902 16.875 10.0 65.675 0
060932 16.875 10.0 65.675 0
061002 16.875 10.0 65.612 0
061033 16.875 10.0 65.612 0
061104 16.875 10.0 65.612 0
061134 16.937 10.0 65.55 0
061205 16.937 10.0 65.55 0
061235 16.937 10.0 65.487 0
061305 16.937 10.0 65.487 0
061336 16.937 10.0 65.425 0
061406 16.937 10.0 65.425 0
061437 16.937 10.0 65.362 0
061508 16.937 10.0 65.362 0
061538 16.937 10.0 65.3 0
061611 17.0 10.0 65.3 0
061641 17.0 10.0 65.237 0
061712 17.0 10.0 65.237 0
061742 17.0 10.0 65.237 0
061813 17.0 10.0 65.175 0
061843 17.0 10.0 65.175 0
061914 17.0 10.0 65.112 0
061945 17.0 10.0 65.112 0
062016 17.0 10.0 65.112 0
062046 17.0 10.0 65.05 0
062116 17.0 10.0 65.05 0
062147 17.0 10.0 64.987 0
062217 17.0 10.0 64.987 0
062248 17.0 10.0 64.987 0
062319 17.0 10.0 64.925 0
062349 17.0 10.0 64.925 0
062419 17.0 10.0 64.862 0
062450 17.0 10.0 64.862 0
062520 17.0 10.0 64.8 0
062551 17.0 10.0 64.8 0
062621 17.0 10.0 64.737 0
062652 17.0 10.0 64.737 0
062722 17.0 10.0 64.675 0
062752 17.0 10.0 64.675 0
062823 17.0 10.0 64.675 0
062853 17.0 10.0 64.612 0
062923 17.0 10.0 64.612 0
062954 17.0 10.0 64.55 0
063024 17.0 10.0 64.55 0
063055 17.0 10.0 64.487 0
063125 17.0 10.0 64.487 0
063156 17.0 10.0 64.425 0
063227 17.0 10.0 64.362 0
063257 17.0 10.0 64.3 0
063328 17.0 10.0 64.3 0
063358 17.0 10.0 64.237 0
063429 17.0 10.0 64.175 0
063500 17.0 10.0 64.175 0
063531 17.0 10.0 64.112 0
063601 17.0 10.0 64.05 0
063632 17.0 10.0 64.05 0
063702 17.0 10.0 63.987 0
063733 17.0 10.0 63.987 0
063804 17.0 10.0 63.987 0
063834 17.0 10.0 63.925 0
063904 17.062 10.0 63.862 0
063934 17.062 10.0 63.862 0
064004 17.062 10.0 63.8 0
064034 17.062 10.0 63.8 0
064105 17.062 10.0 63.737 0
064135 17.062 10.0 63.737 0
064205 17.062 10.0 63.675 0
064236 17.062 10.0 63.675 0
064306 17.062 10.0 63.612 0
064337 17.062 10.0 63.612 0
064407 17.125 10.0 63.55 0
064438 17.125 10.0 63.55 0
064509 17.125 10.0 63.487 0
064540 17.125 10.0 63.487 0
064610 17.125 10.0 63.425 0
064641 17.187 10.0 63.425 0
064711 17.187 10.0 63.362 0
064741 17.187 10.0 63.362 0
064812 17.187 10.0 63.3 0
064842 17.187 10.0 63.3 0
064913 17.187 10.0 63.3 0
064943 17.187 10.0 63.362 0
065014 17.187 10.0 63.362 0
065044 17.187 10.0 63.362 0
065116 17.187 10.0 63.362 0
065146 17.187 10.0 63.362 0
065217 17.187 10.0 63.3 0
065248 17.187 10.0 63.237 0
065318 17.187 10.0 63.237 0
065349 17.187 10.0 63.175 0
065419 17.187 10.0 63.175 0
065450 17.187 10.0 63.112 0
065520 17.187 10.0 63.112 0
065550 17.187 10.0 63.05 0
065621 17.187 10.0 62.987 0
065651 17.187 10.0 62.987 0
065722 17.187 10.0 62.925 0
065753 17.187 10.0 62.925 0
065823 17.187 10.0 62.862 0
065854 17.187 10.0 62.862 0
065924 17.187 10.0 62.8 0
065955 17.187 10.0 62.8 0
070025 17.187 10.0 62.737 0
070055 17.187 10.0 62.737 0
070125 17.187 10.0 62.675 0
070155 17.187 10.0 62.675 0
070226 17.187 10.0 62.612 0
070256 17.187 10.0 62.612 0
070326 17.187 10.0 62.55 0
070356 17.25 10.0 62.55 0
070427 17.25 10.0 62.487 0
070457 17.25 10.0 62.487 0
070528 17.25 10.0 62.425 0
070559 17.25 10.0 62.425 0
070629 17.25 10.0 62.362 0
070659 17.25 10.0 62.362 0
070729 17.25 10.0 62.3 0
070759 17.25 10.0 62.237 0
070830 17.25 10.0 62.237 0
070900 17.25 10.0 62.175 0
070930 17.25 10.0 62.175 0
071001 17.25 10.0 62.112 0
071031 17.25 10.0 62.05 0
071102 17.25 10.0 61.987 0
071132 17.25 10.0 61.862 0
071203 17.25 10.0 61.737 0
071233 17.25 10.0 61.675 0
071303 17.25 10.0 61.55 0
071333 17.25 10.0 61.55 0
071403 17.25 10.0 61.487 0
071434 17.25 10.0 61.425 0
071504 17.25 10.0 61.362 0
071535 17.25 10.0 61.362 0
071606 17.25 10.0 61.3 0
071637 17.312 10.0 61.237 0
071707 17.312 10.0 61.237 0
071738 17.312 10.0 61.175 0
071809 17.312 10.0 61.112 0
071839 17.312 10.0 61.112 0
071909 17.312 10.0 61.05 0
071940 17.312 10.0 61.05 0
072010 17.312 10.0 60.987 0
072041 17.312 10.0 60.925 0
072112 17.312 10.0 60.925 0
072142 17.312 10.0 60.862 0
072212 17.312 10.0 60.862 0
072243 17.312 10.0 60.8 0
072313 17.312 10.0 60.737 0
072344 17.312 10.0 60.737 0
072415 17.312 10.0 60.675 0
072445 17.312 10.0 60.675 0
072516 17.312 10.0 60.612 0
072547 17.312 10.0 60.55 0
072617 17.312 10.0 60.55 0
072648 17.312 10.0 60.487 0
072718 17.312 10.0 60.487 0
072748 17.312 10.0 60.425 0
072819 17.312 10.0 60.362 0
072852 17.312 10.0 60.175 0
072923 17.312 10.0 60.05 0
072953 17.312 10.0 59.862 0
073024 17.312 10.0 59.675 0
073055 17.312 10.0 59.55 0
073125 17.312 10.0 59.487 0
073156 17.312 10.0 59.425 0
073226 17.312 10.0 59.362 0
073257 17.312 10.0 59.3 0
073327 17.312 10.0 59.237 0
073358 17.375 10.0 59.175 0
073428 17.375 10.0 59.175 0
073459 17.375 10.0 59.112 0
073530 17.375 10.0 59.05 0
073600 17.375 10.0 58.987 0
073630 17.375 10.0 58.987 0
073701 17.375 10.0 58.925 0
073732 17.375 10.0 58.925 0
073802 17.375 10.0 58.862 0
073832 17.375 10.0 58.8 0
073902 17.375 10.0 58.8 0
073932 17.375 10.0 58.737 0
074003 17.375 10.0 58.675 0
074033 17.375 10.0 58.675 0
074104 17.375 10.0 58.612 0
074134 17.375 10.0 58.612 0
074205 17.375 10.0 58.55 0
074235 17.375 10.0 58.487 0
074306 17.375 10.0 58.487 0
074336 17.375 10.0 58.425 0
074407 17.375 10.0 58.362 0
074438 17.375 10.0 58.362 0
074509 17.375 10.0 58.3 0
074539 17.375 10.0 58.175 0
074609 17.375 10.0 58.05 0
074640 17.437 10.0 57.862 0
074710 17.437 10.0 57.612 0
074741 17.437 10.0 57.362 0
074812 17.437 10.0 57.175 0
074842 17.437 10.0 57.05 0
074913 17.437 10.0 56.987 0
074943 17.437 10.0 56.925 0
075014 17.437 10.0 56.862 0
075044 17.437 10.0 56.925 0
075115 17.437 10.0 57.05 0
075146 17.5 10.0 57.175 0
075216 17.5 10.0 57.425 0
075247 17.5 10.0 57.737 0
075318 17.5 10.0 58.237 0
075348 17.5 10.0 58.987 0
075419 17.5 10.0 59.862 0
075449 17.5 10.0 60.8 0
075520 17.5 10.0 61.8 0
075551 17.5 10.0 62.8 0
075621 17.5 10.0 63.612 0
075652 17.437 10.0 64.3 0
075722 17.437 10.0 64.862 0
075753 17.437 10.0 65.3 0
075824 17.437 10.0 65.612 0
075857 17.5 10.0 65.862 0
075927 17.5 10.0 66.112 0
075957 17.5 10.0 66.3 0
080027 17.5 10.0 66.425 0
080057 17.5 10.0 66.55 0
080127 17.437 10.0 66.612 0
080158 17.437 10.0 66.737 0
080228 17.437 10.0 66.8 0
080258 17.437 10.0 66.862 0
080328 17.437 10.0 66.925 0
080358 17.437 10.0 66.987 0
080429 17.437 10.0 67.05 0
080459 17.437 10.0 67.05 0
080530 17.437 10.0 67.05 0
080600 17.437 10.0 67.112 0
080630 17.375 10.0 67.112 0
080701 17.375 10.0 67.112 0
080731 17.375 10.0 67.112 0
080801 17.375 10.0 67.112 0
080831 17.375 10.0 67.175 0
080902 17.312 10.0 67.175 0
080933 17.312 10.0 67.175 0
081003 17.312 10.0 67.175 0
081033 17.312 10.0 67.175 0
081104 17.312 10.0 67.175 0
081134 17.312 10.0 67.175 0
081205 17.312 10.0 67.175 0
081235 17.312 10.0 67.175 0
081306 17.312 10.0 67.175 0
081336 17.312 10.0 67.175 0
081406 17.312 10.0 67.175 0
081436 17.312 10.0 67.237 0
081507 17.312 10.0 67.237 0
081538 17.312 10.0 67.237 0
081608 17.312 10.0 67.237 0
081638 17.25 10.0 67.237 0
081708 17.25 10.0 67.237 0
081738 17.25 10.0 67.175 0
081808 17.25 10.0 67.175 0
081839 17.25 10.0 67.175 0
081909 17.25 10.0 67.175 0
081939 17.25 10.0 67.175 0
082010 17.25 10.0 67.175 0
082041 17.25 10.0 67.175 0
082112 17.25 10.0 67.175 0
082142 17.187 10.0 67.175 0
082213 17.187 10.0 67.175 0
082243 17.187 10.0 67.175 0
082314 17.187 10.0 67.175 0
082345 17.187 10.0 67.112 0
082415 17.187 10.0 67.112 0
082446 17.187 10.0 67.112 0
082517 17.187 10.0 67.112 0
082547 17.187 10.0 67.112 0
082618 17.187 10.0 67.112 0
082648 17.187 10.0 67.112 0
082719 17.187 10.0 67.112 0
082749 17.187 10.0 67.05 0
082820 17.187 10.0 67.05 0
082850 17.187 10.0 67.05 0
082921 17.125 10.0 67.05 0
082952 17.125 10.0 67.05 0
083022 17.125 10.0 67.05 0
083053 17.125 10.0 67.05 0
083123 17.125 10.0 66.987 0
083154 17.125 10.0 66.987 0
083224 17.125 10.0 66.987 0
083255 17.125 10.0 66.987 0
083325 17.125 10.0 66.987 0
083355 17.125 10.0 66.925 0
083426 17.125 10.0 66.925 0
083456 17.125 10.0 66.925 0
083526 17.125 10.0 66.925 0
083557 17.125 10.0 66.925 0
083627 17.125 10.0 66.862 0
083658 17.125 10.0 66.862 0
083728 17.125 10.0 66.862 0
083759 17.125 10.0 66.862 0
083830 17.125 10.0 66.8 0
083903 17.125 10.0 66.8 0
083933 17.125 10.0 66.8 0
084004 17.125 10.0 66.8 0
084034 17.125 10.0 66.8 0
084105 17.125 10.0 66.737 0
084135 17.125 10.0 66.737 0
084206 17.125 10.0 66.737 0
084236 17.125 10.0 66.675 0
084307 17.125 10.0 66.675 0
084338 17.125 10.0 66.675 0
084409 17.062 10.0 66.675 0
084439 17.062 10.0 66.612 0
084510 17.062 10.0 66.612 0
084540 17.062 10.0 66.55 0
084610 17.062 10.0 66.55 0
084641 17.062 10.0 66.55 0
084711 17.062 10.0 66.55 0
084742 17.062 10.0 66.487 0
084812 17.062 10.0 66.487 0
084843 17.062 10.0 66.487 0
084914 17.062 10.0 66.487 0
084944 17.062 10.0 66.425 0
085015 17.062 10.0 66.425 0
085045 17.062 10.0 66.425 0
085115 17.062 10.0 66.362 0
085145 17.062 10.0 66.362 0
085215 17.062 10.0 66.362 0
085246 17.062 10.0 66.362 0
085317 17.062 10.0 66.3 0
085348 17.062 10.0 66.3 0
085418 17.062 10.0 66.3 0
085449 17.062 10.0 66.237 0
085519 17.062 10.0 66.237 0
085550 17.062 10.0 66.237 0
085620 17.062 10.0 66.175 0
085651 17.062 10.0 66.175 0
085721 17.062 10.0 66.175 0
085752 17.062 10.0 66.237 0
085822 17.062 10.0 66.3 0
085853 17.062 10.0 66.362 0
085923 17.062 10.0 66.362 0
085953 17.062 10.0 66.362 0
090023 17.062 10.0 66.362 0
090053 17.062 10.0 66.362 0
090124 17.062 10.0 66.362 0
090155 17.0 10.0 66.362 0
090226 17.0 10.0 66.362 0
090256 17.0 10.0 66.3 0
090327 17.0 10.0 66.3 0
090357 17.0 10.0 66.3 0
090428 17.0 10.0 66.237 0
090458 17.0 10.0 66.237 0
090529 17.0 10.0 66.175 0
090559 17.0 10.0 66.175 0
090630 17.0 10.0 66.175 0
090700 17.0 10.0 66.175 0
090730 17.0 10.0 66.112 0
090800 17.0 10.0 66.112 0
090831 17.0 10.0 66.112 0
090902 17.0 10.0 66.05 0
090932 17.0 10.0 66.05 0
091002 17.0 10.0 66.05 0
091033 17.0 10.0 65.987 0
091103 17.0 10.0 65.987 0
091134 17.0 10.0 65.987 0
091205 17.0 10.0 65.925 0
091235 17.0 10.0 65.925 0
091306 17.0 10.0 65.925 0
091336 17.0 10.0 65.862 0
091408 17.0 10.0 65.862 0
091438 17.0 10.0 65.862 0
091509 17.0 10.0 65.8 0
091539 17.0 10.0 65.8 0
091610 17.0 10.0 65.8 0
091641 17.0 10.0 65.737 0
091711 17.0 10.0 65.737 0
091742 17.0 10.0 65.737 0
091813 17.0 10.0 65.675 0
091843 17.0 10.0 65.675 0
091914 17.0 10.0 65.675 0
091945 17.0 10.0 65.612 0
092015 17.0 10.0 65.612 0
092046 17.0 10.0 65.612 0
092116 17.0 10.0 65.55 0
092146 17.0 10.0 65.55 0
092217 17.0 10.0 65.487 0
092248 17.0 10.0 65.487 0
092319 17.0 10.0 65.425 0
092349 17.0 10.0 65.425 0
092419 17.0 10.0 65.362 0
092450 17.0 10.0 65.362 0
092520 17.0 10.0 65.3 0
092551 17.0 10.0 65.3 0
092621 17.0 10.0 65.3 0
092651 16.937 10.0 65.237 0
092721 16.937 10.0 65.237 0
092752 16.937 10.0 65.175 0
092822 16.937 10.0 65.175 0
092853 16.937 10.0 65.112 0
092924 17.0 10.0 65.112 0
092954 17.0 10.0 65.112 0
093024 17.0 10.0 65.05 0
093055 17.0 10.0 65.05 0
093125 17.0 10.0 64.987 0
093155 16.937 10.0 64.987 0
093226 16.937 10.0 64.987 0
093256 16.937 10.0 64.925 0
093327 16.937 10.0 64.925 0
093357 16.937 10.0 64.862 0
093427 16.937 10.0 64.862 0
093458 16.937 10.0 64.8 0
093528 16.937 10.0 64.8 0
093558 16.937 10.0 64.8 0
093629 16.937 10.0 64.737 0
093700 16.937 10.0 64.737 0
093730 16.937 10.0 64.675 0
093801 16.937 10.0 64.675 0
093831 16.937 10.0 64.675 0
093902 16.937 10.0 64.612 0
093932 16.937 10.0 64.612 0
094002 16.937 10.0 64.55 0
094033 16.937 10.0 64.55 0
094104 16.937 10.0 64.487 0
094135 16.937 10.0 64.425 0
094205 16.937 10.0 64.362 0
094236 16.937 10.0 64.3 0
094306 16.937 10.0 64.3 0
094336 16.937 10.0 64.237 0
094406 16.937 10.0 64.175 0
094436 16.937 10.0 64.175 0
094507 16.937 10.0 64.112 0
094537 16.937 10.0 64.112 0
094607 16.937 10.0 64.05 0
094640 16.937 10.0 64.05 0
094711 16.937 10.0 63.987 0
094741 16.937 10.0 63.987 0
094812 16.937 10.0 63.925 0
094842 16.937 10.0 63.925 0
094912 16.937 10.0 63.862 0
094943 16.937 10.0 63.862 0
095013 16.937 10.0 63.8 0
095044 16.937 10.0 63.8 0
095115 16.937 10.0 63.737 0
095145 16.937 10.0 63.737 0
095216 16.937 10.0 63.675 0
095246 16.937 10.0 63.675 0
095316 16.937 10.0 63.612 0
095346 16.937 10.0 63.55 0
095417 16.937 10.0 63.55 0
095448 16.937 10.0 63.55 0
095518 16.937 10.0 63.487 0
095548 16.937 10.0 63.487 0
095618 16.937 10.0 63.425 0
095648 16.937 10.0 63.362 0
095719 16.937 10.0 63.362 0
095749 16.937 10.0 63.3 0
095820 16.937 10.0 63.3 0
095850 16.937 10.0 63.3 0
095920 16.937 10.0 63.3 0
095951 16.937 10.0 63.3 0
100021 16.937 10.0 63.3 0
100051 16.937 10.0 63.3 0
100122 16.937 10.0 63.237 0
100152 16.937 10.0 63.237 0
100223 16.937 10.0 63.175 0
100253 16.937 10.0 63.175 0
100324 16.937 10.0 63.112 0
100354 16.937 10.0 63.112 0
100424 16.937 10.0 63.05 0
100455 16.937 10.0 63.05 0
100526 16.937 10.0 62.987 0
100557 16.937 10.0 62.925 0
100627 16.937 10.0 62.925 0
100657 16.875 10.0 62.862 0
100728 16.875 10.0 62.862 0
100758 16.875 10.0 62.8 0
100829 16.875 10.0 62.8 0
100859 16.875 10.0 62.737 0
100930 16.875 10.0 62.737 0
101000 16.875 10.0 62.675 0
101030 16.875 10.0 62.675 0
101100 16.875 10.0 62.612 0
101131 16.875 10.0 62.612 0
101201 16.875 10.0 62.55 0
101232 16.875 10.0 62.55 0
101302 16.875 10.0 62.487 0
101332 16.875 10.0 62.487 0
101403 16.875 10.0 62.425 0
101433 16.875 10.0 62.425 0
101504 16.875 10.0 62.362 0
101534 16.875 10.0 62.362 0
101605 16.875 10.0 62.3 0
101635 16.875 10.0 62.3 0
101705 16.875 10.0 62.237 0
101735 16.875 10.0 62.237 0
101805 16.875 10.0 62.175 0
101836 16.875 10.0 62.112 0
101907 16.875 10.0 62.112 0
101938 16.875 10.0 62.05 0
102008 16.875 10.0 61.925 0
102039 16.875 10.0 61.862 0
102109 16.875 10.0 61.737 0
102140 16.875 10.0 61.675 0
102210 16.875 10.0 61.55 0
102241 16.875 10.0 61.55 0
102311 16.875 10.0 61.487 0
102342 16.875 10.0 61.425 0
102413 16.875 10.0 61.362 0
102443 16.875 10.0 61.3 0
102513 16.875 10.0 61.3 0
102544 16.875 10.0 61.237 0
102614 16.875 10.0 61.175 0
102647 16.875 10.0 61.175 0
102718 16.875 10.0 61.112 0
102748 16.875 10.0 61.05 0
102819 16.875 10.0 61.05 0
102849 16.875 10.0 60.987 0
102919 16.875 10.0 60.987 0
102950 16.875 10.0 60.925 0
103020 16.875 10.0 60.862 0
103050 16.875 10.0 60.862 0
103121 16.875 10.0 60.8 0
103152 16.875 10.0 60.8 0
103223 16.875 10.0 60.737 0
103253 16.875 10.0 60.675 0
103324 16.875 10.0 60.675 0
103354 16.875 10.0 60.612 0
103424 16.875 10.0 60.612 0
103455 16.875 10.0 60.55 0
103525 16.875 10.0 60.487 0
103555 16.875 10.0 60.487 0
103626 16.875 10.0 60.425 0
103656 16.875 10.0 60.425 0
103727 16.875 10.0 60.362 0
103757 16.875 10.0 60.3 0
103827 16.875 10.0 60.175 0
103858 16.875 10.0 59.987 0
103928 16.875 10.0 59.8 0
103959 16.875 10.0 59.675 0
104029 16.875 10.0 59.55 0
104100 16.875 10.0 59.487 0
104130 16.875 10.0 59.425 0
104201 16.875 10.0 59.362 0
104231 16.875 10.0 59.3 0
104302 16.875 10.0 59.237 0
104332 16.875 10.0 59.237 0
104402 16.875 10.0 59.175 0
104432 16.875 10.0 59.112 0
104503 16.875 10.0 59.05 0
104533 16.875 10.0 59.05 0
104603 16.875 10.0 58.987 0
104634 16.875 10.0 58.987 0
104704 16.875 10.0 58.925 0
104735 16.875 10.0 58.862 0
104805 16.875 10.0 58.862 0
104836 16.875 10.0 58.8 0
104906 16.875 10.0 58.737 0
104937 16.875 10.0 58.737 0
105007 16.875 10.0 58.675 0
105038 16.875 10.0 58.675 0
105109 16.875 10.0 58.612 0
105139 16.875 10.0 58.55 0
105209 16.875 10.0 58.55 0
105240 16.875 10.0 58.487 0
105310 16.875 10.0 58.425 0
105341 16.875 10.0 58.425 0
105412 16.875 10.0 58.362 0
105442 16.875 10.0 58.362 0
105512 16.875 10.0 58.3 0
105542 16.875 10.0 58.237 0
105613 16.875 10.0 58.05 0
105643 16.875 10.0 57.925 0
105714 16.875 10.0 57.675 0
105745 16.875 10.0 57.487 0
105815 16.875 10.0 57.3 0
105845 16.875 10.0 57.175 0
105915 16.875 10.0 57.112 0
105946 16.875 10.0 57.05 0
110016 16.875 10.0 56.987 0
110047 16.875 10.0 56.987 0
110117 16.875 10.0 56.987 0
110147 16.875 10.0 57.05 0
110218 16.875 10.0 57.175 0
110248 16.875 10.0 57.362 0
110319 16.875 10.0 57.675 0
110350 16.875 10.0 58.112 0
110420 16.875 10.0 58.737 0
110450 16.875 10.0 59.612 0
110520 16.875 10.0 60.675 0
110550 16.875 10.0 61.8 0
110621 16.875 10.0 62.862 0
110654 16.875 10.0 63.8 0
110724 16.875 10.0 64.487 0
110754 16.875 10.0 64.987 0
110825 16.875 10.0 65.425 0
110855 16.875 10.0 65.8 0
110926 16.875 10.0 66.112 0
110956 16.875 10.0 66.425 0
111026 16.875 10.0 66.612 0
111057 16.875 10.0 66.8 0
111128 16.875 10.0 66.925 0
111158 16.875 10.0 67.05 0
111229 16.875 10.0 67.237 0
111259 16.875 10.0 67.3 0
111330 16.875 10.0 67.425 0
111400 16.875 10.0 67.487 0
111431 16.875 10.0 67.55 0
111501 16.875 10.0 67.55 0
111532 16.875 10.0 67.612 0
111602 16.875 10.0 67.612 0
111633 16.875 10.0 67.675 0
111703 16.875 10.0 67.675 0
111734 16.875 10.0 67.675 0
111804 16.875 10.0 67.737 0
111835 16.875 10.0 67.737 0
111906 16.875 10.0 67.737 0
111936 16.875 10.0 67.737 0
112007 16.875 10.0 67.737 0
112037 16.875 10.0 67.737 0
112108 16.875 10.0 67.737 0
112139 16.875 10.0 67.737 0
112209 16.875 10.0 67.8 0
112240 16.875 10.0 67.8 0
112310 16.875 10.0 67.8 0
112340 16.875 10.0 67.8 0
112410 16.875 10.0 67.8 0
112440 16.937 10.0 67.8 0
112510 16.937 10.0 67.8 0
112541 16.937 10.0 67.8 0
112611 16.937 10.0 67.8 0
112641 16.937 10.0 67.8 0
112711 16.875 10.0 67.8 0
112742 16.875 10.0 67.8 0
112813 16.875 10.0 67.8 0
112843 16.875 10.0 67.8 0
112914 16.875 10.0 67.8 0
112944 16.875 10.0 67.8 0
113015 16.875 10.0 67.8 0
113045 16.875 10.0 67.8 0
113115 16.875 10.0 67.8 0
113146 16.875 10.0 67.8 0
113216 16.875 10.0 67.8 0
113246 16.875 10.0 67.8 0
113317 16.875 10.0 67.8 0
113347 16.875 10.0 67.8 0
113418 16.875 10.0 67.8 0
113449 16.875 10.0 67.8 0
113519 16.875 10.0 67.8 0
113549 16.875 10.0 67.737 0
113620 16.875 10.0 67.737 0
113651 16.875 10.0 67.737 0
113721 16.875 10.0 67.737 0
113751 16.875 10.0 67.737 0
113822 16.875 10.0 67.737 0
113852 16.875 10.0 67.737 0
113923 16.875 10.0 67.737 0
113953 16.875 10.0 67.737 0
114023 16.875 10.0 67.737 0
114054 16.875 10.0 67.737 0
114125 16.875 10.0 67.737 0
114155 16.875 10.0 67.675 0
114225 16.875 10.0 67.675 0
114256 16.875 10.0 67.675 0
114327 16.875 10.0 67.675 0
114357 16.875 10.0 67.675 0
114429 16.875 10.0 67.675 0
114500 16.875 10.0 67.612 0
114531 16.875 10.0 67.612 0
114601 16.875 10.0 67.612 0
114631 16.875 10.0 67.612 0
114702 16.875 10.0 67.612 0
114733 16.875 10.0 67.612 0
114804 16.875 10.0 67.55 0
114834 16.875 10.0 67.55 0
114904 16.875 10.0 67.55 0
114935 16.875 10.0 67.55 0
115005 16.875 10.0 67.55 0
115036 16.875 10.0 67.487 0
115106 16.875 10.0 67.487 0
115137 16.875 10.0 67.487 0
115207 16.875 10.0 67.487 0
115237 16.875 10.0 67.487 0
115307 16.875 10.0 67.425 0
115337 16.875 10.0 67.425 0
115408 16.875 10.0 67.425 0
115438 16.875 10.0 67.425 0
115508 16.875 10.0 67.362 0
115538 16.875 10.0 67.362 0
115608 16.875 10.0 67.362 0
115639 16.875 10.0 67.3 0
115709 16.875 10.0 67.3 0
115739 16.875 10.0 67.3 0
115810 16.875 10.0 67.237 0
115840 16.875 10.0 67.237 0
115911 16.875 10.0 67.237 0
115941 16.875 10.0 67.237 0
120012 16.875 10.0 67.175 0
120043 16.875 10.0 67.175 0
120113 16.875 10.0 67.175 0
120144 16.875 10.0 67.175 0
120215 16.875 10.0 67.112 0
120246 16.875 10.0 67.112 0
120316 16.875 10.0 67.112 0
120347 16.875 10.0 67.112 0
120417 16.875 10.0 67.05 0
120448 16.875 10.0 67.05 0
120518 16.875 10.0 67.05 0
120548 16.875 10.0 66.987 0
120619 16.875 10.0 66.987 0
120650 16.875 10.0 66.987 0
120720 16.875 10.0 66.987 0
120750 16.875 10.0 66.987 0
120821 16.875 10.0 66.987 0
120852 16.875 10.0 67.05 0
120922 16.875 10.0 67.112 0
120952 16.875 10.0 67.112 0
121022 16.875 10.0 67.112 0
121053 16.875 10.0 67.112 0
121123 16.875 10.0 67.112 0
121154 16.875 10.0 67.112 0
121224 16.875 10.0 67.112 0
121255 16.875 10.0 67.112 0
121326 16.875 10.0 67.05 0
121356 16.875 10.0 67.05 0
121427 16.875 10.0 67.05 0
121457 16.875 10.0 67.05 0
121528 16.875 10.0 66.987 0
121558 16.875 10.0 66.987 0
121629 16.875 10.0 66.987 0
121659 16.875 10.0 66.925 0
121730 16.875 10.0 66.925 0
121800 16.875 10.0 66.862 0
121830 16.875 10.0 66.862 0
121901 16.875 10.0 66.862 0
121933 16.875 10.0 66.8 0
122004 16.875 10.0 66.8 0
122034 16.875 10.0 66.8 0
122105 16.875 10.0 66.737 0
122136 16.875 10.0 66.737 0
122206 16.875 10.0 66.737 0
122237 16.875 10.0 66.737 0
122307 16.875 10.0 66.675 0
122338 16.875 10.0 66.675 0
122409 16.875 10.0 66.675 0
122440 16.875 10.0 66.612 0
122510 16.875 10.0 66.612 0
122541 16.875 10.0 66.612 0
122612 16.875 10.0 66.55 0
122642 16.875 10.0 66.55 0
122713 16.875 10.0 66.55 0
122744 16.875 10.0 66.55 0
122814 16.875 10.0 66.487 0
122845 16.875 10.0 66.487 0
122916 16.875 10.0 66.487 0
122946 16.875 10.0 66.425 0
123017 16.875 10.0 66.425 0
123047 16.875 10.0 66.425 0
123118 16.875 10.0 66.362 0
123148 16.875 10.0 66.362 0
123218 16.875 10.0 66.362 0
123249 16.875 10.0 66.3 0
123320 16.875 10.0 66.3 0
123351 16.875 10.0 66.3 0
123421 16.875 10.0 66.237 0
123451 16.875 10.0 66.237 0
123522 16.875 10.0 66.175 0
123552 16.875 10.0 66.175 0
123623 16.875 10.0 66.112 0
123653 16.875 10.0 66.112 0
123723 16.875 10.0 66.112 0
123753 16.875 10.0 66.05 0
123824 16.875 10.0 66.05 0
123855 16.875 10.0 65.987 0
123925 16.875 10.0 65.987 0
123955 16.875 10.0 65.925 0
124026 16.875 10.0 65.925 0
124057 16.875 10.0 65.925 0
124127 16.875 10.0 65.862 0
124158 16.875 10.0 65.862 0
124229 16.812 10.0 65.8 0
124259 16.812 10.0 65.8 0
124330 16.812 10.0 65.737 0
124401 16.812 10.0 65.737 0
124432 16.812 10.0 65.737 0
124502 16.812 10.0 65.675 0
124533 16.812 10.0 65.675 0
124603 16.812 10.0 65.612 0
124634 16.812 10.0 65.612 0
124706 16.812 10.0 65.55 0
124737 16.812 10.0 65.55 0
124808 16.812 10.0 65.55 0
124839 16.812 10.0 65.487 0
124909 16.812 10.0 65.487 0
124939 16.875 10.0 65.487 0
125009 16.875 10.0 65.425 0
125040 16.875 10.0 65.425 0
125111 16.875 10.0 65.362 0
125141 16.875 10.0 65.362 0
125212 16.875 10.0 65.3 0
125242 16.875 10.0 65.3 0
125313 16.875 10.0 65.3 0
125343 16.875 10.0 65.237 0
125413 16.875 10.0 65.237 0
125444 16.875 10.0 65.175 0
125514 16.875 10.0 65.175 0
125545 16.875 10.0 65.112 0
125616 16.875 10.0 65.05 0
125646 16.875 10.0 64.987 0
125717 16.875 10.0 64.987 0
125748 16.875 10.0 64.925 0
125818 16.875 10.0 64.925 0
125848 16.875 10.0 64.862 0
125919 16.875 10.0 64.862 0
125949 16.812 10.0 64.8 0
130020 16.812 10.0 64.737 0
130050 16.812 10.0 64.737 0
130120 16.812 10.0 64.737 0
130150 16.812 10.0 64.675 0
130220 16.875 10.0 64.675 0
130251 16.875 10.0 64.612 0
130321 16.875 10.0 64.612 0
130352 16.875 10.0 64.55 0
130422 16.875 10.0 64.55 0
130453 16.812 10.0 64.487 0
130523 16.812 10.0 64.487 0
130553 16.812 10.0 64.425 0
130623 16.812 10.0 64.425 0
130654 16.812 10.0 64.362 0
130724 16.875 10.0 64.362 0
130754 16.875 10.0 64.3 0
130825 16.875 10.0 64.3 0
130855 16.875 10.0 64.237 0
130926 16.875 10.0 64.237 0
130957 16.875 10.0 64.237 0
131027 16.875 10.0 64.3 0
131058 16.875 10.0 64.3 0
131129 16.875 10.0 64.3 0
131159 16.875 10.0 64.3 0
131230 16.875 10.0 64.3 0
131301 16.875 10.0 64.3 0
131331 16.875 10.0 64.3 0
131402 16.875 10.0 64.3 0
131433 16.875 10.0 64.3 0
131503 16.937 10.0 64.237 0
131534 16.937 10.0 64.237 0
131604 16.937 10.0 64.175 0
131635 16.937 10.0 64.112 0
131706 16.937 10.0 64.112 0
131736 16.937 10.0 64.05 0
131807 16.937 10.0 63.987 0
131838 16.937 10.0 63.925 0
131908 16.937 10.0 63.925 0
131940 16.875 10.0 63.862 0
132011 16.875 10.0 63.862 0
132042 16.875 10.0 63.8 0
132112 16.875 10.0 63.8 0
132142 16.875 10.0 63.737 0
132213 16.875 10.0 63.737 0
132244 16.875 10.0 63.675 0
132314 16.875 10.0 63.675 0
132345 16.875 10.0 63.612 0
132415 16.875 10.0 63.612 0
132445 16.875 10.0 63.55 0
132515 16.875 10.0 63.55 0
132545 16.875 10.0 63.55 0
132616 16.875 10.0 63.487 0
132647 16.875 10.0 63.425 0
132717 16.937 10.0 63.425 0
132748 16.937 10.0 63.362 0
132818 16.937 10.0 63.362 0
132849 16.937 10.0 63.3 0
132919 16.937 10.0 63.3 0
132950 16.937 10.0 63.237 0
133021 16.937 10.0 63.237 0
133051 16.937 10.0 63.175 0
133122 16.937 10.0 63.175 0
133153 16.937 10.0 63.112 0
133223 17.0 10.0 63.112 0
133254 17.0 10.0 63.05 0
133325 17.0 10.0 63.05 0
133356 17.0 10.0 62.987 0
133426 17.0 10.0 62.987 0
133456 17.0 10.0 62.925 0
133527 17.0 10.0 62.862 0
133557 17.0 10.0 62.737 0
133627 17.0 10.0 62.675 0
133657 17.0 10.0 62.612 0
133728 17.062 10.0 62.55 0
133759 17.062 10.0 62.487 0
133830 17.062 10.0 62.425 0
133900 17.062 10.0 62.425 0
133931 17.062 10.0 62.362 0
134001 17.062 10.0 62.3 0
134031 17.062 10.0 62.3 0
134101 17.062 10.0 62.237 0
134132 17.062 10.0 62.175 0
134202 17.062 10.0 62.175 0
134233 17.062 10.0 62.112 0
134304 17.062 10.0 62.112 0
134334 17.062 10.0 62.05 0
134405 17.062 10.0 61.987 0
134435 17.062 10.0 61.987 0
134506 17.062 10.0 61.925 0
134536 17.062 10.0 61.925 0
134607 17.062 10.0 61.862 0
134638 17.062 10.0 61.862 0
134708 17.062 10.0 61.8 0
134739 17.125 10.0 61.8 0
134810 17.125 10.0 61.737 0
134840 17.125 10.0 61.675 0
134911 17.125 10.0 61.675 0
134942 17.125 10.0 61.612 0
135012 17.125 10.0 61.55 0
135043 17.125 10.0 61.55 0
135113 17.125 10.0 61.487 0
135143 17.125 10.0 61.487 0
135215 17.125 10.0 61.425 0
135246 17.125 10.0 61.425 0
135317 17.125 10.0 61.362 0
135348 17.125 10.0 61.3 0
135418 17.125 10.0 61.237 0
135449 17.125 10.0 61.112 0
135520 17.125 10.0 60.987 0
135550 17.125 10.0 60.862 0
135621 17.125 10.0 60.737 0
135651 17.125 10.0 60.675 0
135722 17.125 10.0 60.612 0
135752 17.125 10.0 60.55 0
135823 17.125 10.0 60.55 0
135853 17.125 10.0 60.487 0
135923 17.125 10.0 60.425 0
135954 17.125 10.0 60.425 0
140024 17.125 10.0 60.362 0
140054 17.125 10.0 60.3 0
140125 17.125 10.0 60.3 0
140155 17.125 10.0 60.237 0
140226 17.125 10.0 60.175 0
140256 17.125 10.0 60.175 0
140326 17.125 10.0 60.112 0
140356 17.125 10.0 60.05 0
140426 17.125 10.0 60.05 0
140457 17.125 10.0 59.987 0
140527 17.125 10.0 59.987 0
140557 17.125 10.0 59.925 0
140627 17.125 10.0 59.925 0
140658 17.125 10.0 59.862 0
140729 17.125 10.0 59.8 0
140759 17.125 10.0 59.8 0
140829 17.125 10.0 59.737 0
140859 17.125 10.0 59.737 0
140929 17.125 10.0 59.675 0
141000 17.187 10.0 59.612 0
141030 17.187 10.0 59.612 0
141101 17.187 10.0 59.55 0
141131 17.187 10.0 59.55 0
141202 17.187 10.0 59.55 0
141232 17.125 10.0 59.55 0
141303 17.125 10.0 59.487 0
141333 17.125 10.0 59.425 0
141403 17.125 10.0 59.3 0
141434 17.125 10.0 59.237 0
141505 17.125 10.0 59.112 0
141536 17.125 10.0 59.05 0
141606 17.125 10.0 58.987 0
141637 17.125 10.0 58.925 0
141708 17.125 10.0 58.862 0
141738 17.125 10.0 58.862 0
141808 17.125 10.0 58.8 0
141839 17.125 10.0 58.737 0
141910 17.125 10.0 58.737 0
141940 17.125 10.0 58.675 0
142011 17.125 10.0 58.612 0
142041 17.125 10.0 58.612 0
142112 17.125 10.0 58.55 0
142142 17.125 10.0 58.55 0
142213 17.125 10.0 58.487 0
142244 17.125 10.0 58.487 0
142315 17.125 10.0 58.425 0
142345 17.125 10.0 58.362 0
142416 17.125 10.0 58.362 0
142446 17.125 10.0 58.3 0
142516 17.125 10.0 58.3 0
142547 17.125 10.0 58.237 0
142617 17.125 10.0 58.175 0
142648 17.125 10.0 58.175 0
142720 17.125 10.0 58.112 0
142750 17.125 10.0 58.112 0
142821 17.125 10.0 58.05 0
142852 17.125 10.0 57.987 0
142922 17.125 10.0 57.987 0
142952 17.125 10.0 57.925 0
143023 17.125 10.0 57.925 0
143054 17.125 10.0 57.8 0
143124 17.125 10.0 57.737 0
143154 17.125 10.0 57.55 0
143224 17.125 10.0 57.362 0
143255 17.125 10.0 57.112 0
143325 17.125 10.0 56.862 0
143356 17.125 10.0 56.55 0
143427 17.125 10.0 56.237 0
143458 17.125 10.0 55.987 0
143528 17.125 10.0 55.737 0
143558 17.125 10.0 55.675 0
143628 17.125 10.0 55.612 0
143659 17.125 10.0 55.675 0
143729 17.125 10.0 55.8 0
143759 17.125 10.0 56.05 0
143830 17.125 10.0 56.425 0
143900 17.125 10.0 57.112 0
143930 17.125 10.0 58.05 0
144000 17.187 10.0 59.175 0
144030 17.187 10.0 60.3 0
144101 17.187 10.0 61.425 0
144131 17.187 10.0 62.487 0
144202 17.187 10.0 63.487 0
144232 17.187 10.0 64.362 0
144302 17.187 10.0 64.987 0
144332 17.187 10.0 65.487 0
144403 17.187 10.0 65.862 0
144434 17.187 10.0 66.175 0
144504 17.187 10.0 66.362 0
144535 17.187 10.0 66.55 0
144605 17.187 10.0 66.737 0
144635 17.187 10.0 66.8 0
144706 17.187 10.0 66.925 0
144736 17.25 10.0 67.05 0
144807 17.25 10.0 67.112 0
144837 17.25 10.0 67.175 0
144908 17.25 10.0 67.237 0
144939 17.25 10.0 67.3 0
145009 17.187 10.0 67.3 0
145039 17.187 10.0 67.362 0
145110 17.187 10.0 67.362 0
145140 17.187 10.0 67.362 0
145210 17.187 10.0 67.425 0
145241 17.187 10.0 67.425 0
145311 17.187 10.0 67.425 0
145342 17.187 10.0 67.487 0
145412 17.187 10.0 67.487 0
145443 17.187 10.0 67.487 0
145513 17.187 10.0 67.487 0
145543 17.187 10.0 67.487 0
145614 17.187 10.0 67.487 0
145645 17.187 10.0 67.487 0
145715 17.187 10.0 67.487 0
145746 17.187 10.0 67.487 0
145816 17.187 10.0 67.487 0
145846 17.187 10.0 67.55 0
145917 17.187 10.0 67.55 0
145947 17.187 10.0 67.55 0
150018 17.25 10.0 67.487 0
150049 17.25 10.0 67.487 0
150120 17.25 10.0 67.55 0
150150 17.25 10.0 67.55 0
150223 17.25 10.0 67.55 0
150254 17.25 10.0 67.487 0
150324 17.25 10.0 67.487 0
150355 17.25 10.0 67.55 0
150425 17.25 10.0 67.487 0
150456 17.312 10.0 67.487 0
150526 17.312 10.0 67.487 0
150557 17.312 10.0 67.487 0
150628 17.312 10.0 67.487 0
150658 17.312 10.0 67.487 0
150728 17.375 10.0 67.487 0
150759 17.375 10.0 67.487 0
150830 17.375 10.0 67.487 0
150900 17.375 10.0 67.487 0
150930 17.375 10.0 67.487 0
151001 17.437 10.0 67.487 0
151031 17.437 10.0 67.487 0
151102 17.437 10.0 67.425 0
151132 17.437 10.0 67.425 0
151202 17.437 10.0 67.425 0
151233 17.437 10.0 67.425 0
151304 17.437 10.0 67.425 0
151334 17.437 10.0 67.425 0
151405 17.437 10.0 67.362 0
151435 17.437 10.0 67.362 0
151506 17.5 10.0 67.362 0
151536 17.5 10.0 67.362 0
151607 17.5 10.0 67.362 0
151637 17.5 10.0 67.362 0
151707 17.5 10.0 67.3 0
151738 17.5 10.0 67.3 0
151808 17.5 10.0 67.3 0
151839 17.5 10.0 67.3 0
151909 17.5 10.0 67.3 0
151939 17.5 10.0 67.237 0
152010 17.5 10.0 67.237 0
152041 17.5 10.0 67.237 0
152112 17.5 10.0 67.237 0
152142 17.5 10.0 67.237 0
152213 17.5 10.0 67.237 0
152244 17.562 10.0 67.175 0
152314 17.562 10.0 67.175 0
152344 17.562 10.0 67.175 0
152415 17.562 10.0 67.175 0
152445 17.562 10.0 67.112 0
152515 17.625 10.0 67.112 0
152546 17.625 10.0 67.112 0
152616 17.625 10.0 67.05 0
152647 17.625 10.0 67.05 0
152718 17.625 10.0 67.05 0
152749 17.625 10.0 67.05 0
152820 17.625 10.0 66.987 0
152851 17.625 10.0 66.987 0
152921 17.625 10.0 66.987 0
152951 17.625 10.0 66.987 0
153022 17.625 10.0 66.925 0
153053 17.625 10.0 66.925 0
153123 17.625 10.0 66.925 0
153154 17.625 10.0 66.925 0
153227 17.687 10.0 66.862 0
153257 17.687 10.0 66.862 0
153328 17.687 10.0 66.862 0
153358 17.687 10.0 66.8 0
153429 17.687 10.0 66.8 0
153500 17.625 10.0 66.8 0
153530 17.625 10.0 66.737 0
153601 17.625 10.0 66.737 0
153632 17.625 10.0 66.737 0
153702 17.625 10.0 66.675 0
153732 17.625 10.0 66.675 0
153803 17.625 10.0 66.675 0
153833 17.625 10.0 66.675 0
153904 17.625 10.0 66.612 0
153934 17.625 10.0 66.612 0
154004 17.625 10.0 66.612 0
154035 17.625 10.0 66.55 0
154105 17.625 10.0 66.55 0
154135 17.625 10.0 66.55 0
154206 17.625 10.0 66.487 0
154236 17.625 10.0 66.487 0
154307 17.625 10.0 66.487 0
154337 17.625 10.0 66.487 0
154407 17.625 10.0 66.55 0
154438 17.625 10.0 66.612 0
154508 17.687 10.0 66.612 0
154538 17.687 10.0 66.612 0
154609 17.687 10.0 66.612 0
154639 17.687 10.0 66.612 0
154709 17.687 10.0 66.55 0
154740 17.687 10.0 66.55 0
154810 17.687 10.0 66.55 0
154840 17.687 10.0 66.487 0
154911 17.687 10.0 66.487 0
154941 17.687 10.0 66.487 0
155011 17.687 10.0 66.425 0
155041 17.687 10.0 66.425 0
155112 17.687 10.0 66.425 0
155142 17.687 10.0 66.425 0
155212 17.687 10.0 66.362 0
155243 17.687 10.0 66.362 0
155313 17.687 10.0 66.362 0
155344 17.687 10.0 66.3 0
155414 17.687 10.0 66.3 0
155445 17.687 10.0 66.3 0
155516 17.625 10.0 66.237 0
155546 17.625 10.0 66.237 0
155617 17.625 10.0 66.237 0
155648 17.625 10.0 66.175 0
155718 17.625 10.0 66.175 0
155749 17.625 10.0 66.175 0
155819 17.625 10.0 66.112 0
155849 17.625 10.0 66.112 0
155919 17.625 10.0 66.112 0
155949 17.625 10.0 66.05 0
160020 17.625 10.0 66.05 0
160051 17.625 10.0 66.05 0
160121 17.625 10.0 65.987 0
160152 17.625 10.0 65.987 0
160222 17.625 10.0 65.987 0
160252 17.562 10.0 65.925 0
160323 17.562 10.0 65.925 0
160354 17.562 10.0 65.925 0
160424 17.562 10.0 65.862 0
160455 17.562 10.0 65.862 0
160526 17.5 10.0 65.8 0
160556 17.5 10.0 65.8 0
160627 17.5 10.0 65.737 0
160657 17.5 10.0 65.737 0
160728 17.5 10.0 65.675 0
160759 17.437 10.0 65.612 0
160829 17.437 10.0 65.612 0
160900 17.437 10.0 65.612 0
160931 17.437 10.0 65.55 0
161002 17.437 10.0 65.487 0
161032 17.437 10.0 65.487 0
161102 17.437 10.0 65.487 0
161133 17.437 10.0 65.425 0
161203 17.437 10.0 65.425 0
161233 17.437 10.0 65.362 0
161304 17.437 10.0 65.362 0
161335 17.437 10.0 65.362 0
161405 17.437 10.0 65.3 0
161435 17.437 10.0 65.3 0
161505 17.562 10.0 65.237 0
161536 17.562 10.0 65.237 0
161606 17.562 10.0 65.175 0
161636 17.562 10.0 65.175 0
161706 17.562 10.0 65.112 0
161736 17.625 10.0 65.112 0
161807 17.625 10.0 65.112 0
161837 17.625 10.0 65.05 0
161908 17.625 10.0 65.05 0
161938 17.625 10.0 64.987 0
162008 17.625 10.0 64.987 0
162038 17.625 10.0 64.925 0
162108 17.625 10.0 64.925 0
162138 17.625 10.0 64.862 0
162209 17.625 10.0 64.862 0
162239 17.625 10.0 64.8 0
162309 17.625 10.0 64.8 0
162339 17.625 10.0 64.737 0
162409 17.625 10.0 64.737 0
162439 17.625 10.0 64.675 0
162510 17.562 10.0 64.612 0
162540 17.562 10.0 64.55 0
162610 17.562 10.0 64.487 0
162641 17.562 10.0 64.425 0
162712 17.562 10.0 64.362 0
162742 17.562 10.0 64.362 0
162813 17.562 10.0 64.3 0
162843 17.562 10.0 64.237 0
162914 17.562 10.0 64.237 0
162944 17.562 10.0 64.175 0
163014 17.625 10.0 64.175 0
163045 17.625 10.0 64.112 0
163116 17.625 10.0 64.05 0
163146 17.625 10.0 64.05 0
163217 17.625 10.0 63.987 0
163248 17.625 10.0 63.987 0
163318 17.625 10.0 63.925 0
163349 17.625 10.0 63.925 0
163419 17.625 10.0 63.862 0
163449 17.625 10.0 63.862 0
163520 17.687 10.0 63.8 0
163550 17.687 10.0 63.8 0
163621 17.687 10.0 63.737 0
163652 17.687 10.0 63.675 0
163722 17.687 10.0 63.675 0
163753 17.687 10.0 63.612 0
163823 17.687 10.0 63.612 0
163853 17.687 10.0 63.55 0
163924 17.687 10.0 63.55 0
163954 17.687 10.0 63.487 0
164025 17.75 10.0 63.487 0
164055 17.75 10.0 63.425 0
164126 17.75 10.0 63.425 0
164157 17.75 10.0 63.362 0
164227 17.75 10.0 63.3 0
164258 17.812 10.0 63.3 0
164329 17.812 10.0 63.237 0
164359 17.812 10.0 63.112 0
164430 17.812 10.0 63.05 0
164500 17.812 10.0 62.925 0
164531 17.812 10.0 62.862 0
164602 17.812 10.0 62.8 0
164632 17.812 10.0 62.8 0
164703 17.812 10.0 62.737 0
164733 17.812 10.0 62.737 0
164803 17.812 10.0 62.675 0
164834 17.812 10.0 62.675 0
164905 17.812 10.0 62.612 0
164936 17.812 10.0 62.612 0
165008 17.812 10.0 62.55 0
165038 17.812 10.0 62.55 0
165109 17.812 10.0 62.487 0
165139 17.812 10.0 62.487 0
165210 17.812 10.0 62.425 0
165240 17.875 10.0 62.425 0
165311 17.875 10.0 62.362 0
165341 17.875 10.0 62.362 0
165412 17.875 10.0 62.3 0
165442 17.875 10.0 62.3 0
165512 17.937 10.0 62.237 0
165542 17.937 10.0 62.237 0
165612 17.937 10.0 62.175 0
165643 17.937 10.0 62.175 0
165713 17.937 10.0 62.112 0
165743 17.875 10.0 62.112 0
165814 17.875 10.0 62.05 0
165845 17.875 10.0 62.05 0
165915 17.875 10.0 61.987 0
165945 17.875 10.0 61.987 0
170016 17.812 10.0 61.925 0
170047 17.812 10.0 61.925 0
170117 17.812 10.0 61.862 0
170148 17.812 10.0 61.8 0
170219 17.812 10.0 61.737 0
170250 17.812 10.0 61.612 0
170320 17.812 10.0 61.425 0
170350 17.812 10.0 61.3 0
170420 17.812 10.0 61.175 0
170451 17.812 10.0 61.05 0
170522 17.812 10.0 60.987 0
170553 17.812 10.0 60.925 0
170623 17.812 10.0 60.862 0
170654 17.812 10.0 60.8 0
170724 17.812 10.0 60.737 0
170754 17.812 10.0 60.737 0
170825 17.812 10.0 60.675 0
170856 17.812 10.0 60.612 0
170926 17.812 10.0 60.612 0
170956 17.812 10.0 60.55 0
171026 17.812 10.0 60.487 0
171057 17.812 10.0 60.487 0
171127 17.812 10.0 60.425 0
171157 17.812 10.0 60.362 0
171228 17.812 10.0 60.362 0
171258 17.875 10.0 60.3 0
171329 17.875 10.0 60.237 0
171400 17.875 10.0 60.237 0
171430 17.875 10.0 60.175 0
171500 17.875 10.0 60.112 0
171530 17.937 10.0 60.112 0
171601 17.937 10.0 60.05 0
171631 17.937 10.0 59.987 0
171702 17.937 10.0 59.987 0
171732 17.937 10.0 59.925 0
171802 17.937 10.0 59.925 0
171832 17.937 10.0 59.862 0
171903 17.937 10.0 59.8 0
171934 17.937 10.0 59.737 0
172004 17.937 10.0 59.612 0
172034 18.0 10.0 59.425 0
172105 18.0 10.0 59.175 0
172135 18.0 10.0 58.862 0
172206 18.0 10.0 58.612 0
172237 18.0 10.0 58.425 0
172307 18.062 10.0 58.3 0
172338 18.062 10.0 58.175 0
172408 18.062 10.0 58.112 0
172439 18.062 10.0 58.05 0
172509 18.062 10.0 57.987 0
172540 18.125 10.0 57.925 0
172610 18.125 10.0 57.862 0
172641 18.125 10.0 57.862 0
172711 18.125 10.0 57.8 0
172744 18.25 10.0 57.737 0
172814 18.25 10.0 57.737 0
172845 18.25 10.0 57.675 0
172915 18.25 10.0 57.612 0
172946 18.25 10.0 57.612 0
173016 18.25 10.0 57.55 0
173047 18.25 10.0 57.55 0
173117 18.25 10.0 57.487 0
173148 18.25 10.0 57.425 0
173218 18.25 10.0 57.425 0
173249 18.375 10.0 57.362 0
173319 18.375 10.0 57.3 0
173349 18.375 10.0 57.3 0
173419 18.375 10.0 57.237 0
173450 18.375 10.0 57.175 0
173520 18.375 10.0 57.175 0
173550 18.375 10.0 57.112 0
173620 18.375 10.0 57.05 0
173650 18.375 10.0 56.987 0
173721 18.375 10.0 56.8 0
173751 18.375 10.0 56.612 0
173821 18.375 10.0 56.3 0
173852 18.375 10.0 56.05 0
173922 18.375 10.0 55.8 0
173953 18.375 10.0 55.612 0
174024 18.437 10.0 55.487 0
174054 18.437 10.0 55.425 0
174125 18.437 10.0 55.487 0
174155 18.437 10.0 55.675 0
174225 18.437 10.0 55.925 0
174256 18.562 10.0 56.425 0
174327 18.562 10.0 57.237 0
174357 18.562 10.0 58.112 0
174427 18.562 10.0 59.237 0
174458 18.562 10.0 60.362 0
174528 18.625 10.0 61.487 0
174559 18.625 10.0 62.612 0
174629 18.625 10.0 63.737 0
174659 18.625 10.0 64.55 0
174729 18.625 10.0 65.237 0
174759 18.625 10.0 65.675 0
174830 18.625 10.0 66.05 0
174900 18.625 10.0 66.362 0
174930 18.625 10.0 66.612 0
175001 18.625 10.0 66.8 0
175032 18.625 10.0 66.987 0
175103 18.625 10.0 67.112 0
175133 18.625 10.0 67.237 0
175204 18.625 10.0 67.362 0
175235 18.625 10.0 67.425 0
175306 18.687 10.0 67.487 0
175336 18.687 10.0 67.55 0
175407 18.687 10.0 67.612 0
175438 18.687 10.0 67.675 0
175508 18.687 10.0 67.737 0
175539 18.687 10.0 67.8 0
175609 18.687 10.0 67.8 0
175639 18.687 10.0 67.862 0
175710 18.687 10.0 67.862 0
175740 18.687 10.0 67.862 0
175811 18.687 10.0 67.862 0
175841 18.687 10.0 67.862 0
175912 18.687 10.0 67.925 0
175943 18.687 10.0 67.925 0
180013 18.687 10.0 67.925 0
180044 18.75 10.0 67.925 0
180115 18.75 10.0 67.925 0
180145 18.75 10.0 67.925 0
180215 18.75 10.0 67.925 0
180248 18.75 10.0 67.925 0
180319 18.75 10.0 67.925 0
180349 18.75 10.0 67.925 0
180419 18.75 10.0 67.925 0
180450 18.75 10.0 67.925 0
180521 18.812 10.0 67.925 0
180551 18.812 10.0 67.925 0
180622 18.812 10.0 67.925 0
180652 18.812 10.0 67.925 0
180723 18.812 10.0 67.925 0
180754 18.75 10.0 67.925 0
180825 18.75 10.0 67.925 0
180855 18.75 10.0 67.925 0
180926 18.75 10.0 67.925 0
180957 18.75 10.0 67.925 0
181027 18.812 10.0 67.862 0
181057 18.812 10.0 67.862 0
181128 18.812 10.0 67.862 0
181159 18.812 10.0 67.862 0
181230 18.812 10.0 67.862 0
181300 18.812 10.0 67.862 0
181331 18.812 10.0 67.862 0
181401 18.812 10.0 67.8 0
181432 18.812 10.0 67.8 0
181503 18.812 10.0 67.737 0
181533 18.812 10.0 67.737 0
181604 18.812 10.0 67.737 0
181634 18.812 10.0 67.675 0
181705 18.812 10.0 67.675 0
181736 18.812 10.0 67.612 0
181806 18.937 10.0 67.55 0
181836 18.937 10.0 67.55 0
181906 18.937 10.0 67.487 0
181937 18.937 10.0 67.487 0
182007 18.937 10.0 67.487 0
182038 18.937 10.0 67.425 0
182108 18.937 10.0 67.425 0
182139 18.937 10.0 67.362 0
182210 18.937 10.0 67.362 0
182240 18.937 10.0 67.3 0
182311 19.0 10.0 67.3 0
182341 19.0 10.0 67.3 0
182412 19.0 10.0 67.237 0
182443 19.0 10.0 67.237 0
182513 19.0 10.0 67.175 0
182543 19.062 10.0 67.175 0
182613 19.062 10.0 67.175 0
182644 19.062 10.0 67.112 0
182714 19.062 10.0 67.112 0
182745 19.062 10.0 67.05 0
182816 19.125 10.0 67.05 0
182846 19.125 10.0 67.05 0
182916 19.125 10.0 66.987 0
182947 19.125 10.0 66.987 0
183018 19.125 10.0 66.925 0
183048 19.062 10.0 66.925 0
183119 19.062 10.0 66.862 0
183150 19.062 10.0 66.862 0
183220 19.062 10.0 66.8 0
183253 19.0 10.0 66.8 0
183323 19.0 10.0 66.737 0
183353 19.0 10.0 66.675 0
183423 19.0 10.0 66.55 0
183453 19.0 10.0 66.487 0
183524 19.0 10.0 66.362 0
183554 19.0 10.0 66.237 0
183625 19.0 10.0 66.175 0
183655 19.0 10.0 66.112 0
183725 19.0 10.0 66.05 0
183756 19.0 10.0 65.987 0
183826 19.0 10.0 65.925 0
183857 19.0 10.0 65.862 0
183927 19.0 10.0 65.862 0
183958 19.0 10.0 65.8 0
184028 19.0 10.0 65.737 0
184059 19.0 10.0 65.737 0
184129 19.0 10.0 65.675 0
184200 19.0 10.0 65.612 0
184230 19.0 10.0 65.612 0
184300 19.0 10.0 65.55 0
184331 19.0 10.0 65.487 0
184401 19.0 10.0 65.487 0
184431 19.0 10.0 65.425 0
184502 19.0 10.0 65.362 0
184532 19.0 10.0 65.362 0
184602 19.0 10.0 65.3 0
184633 19.0 10.0 65.237 0
184703 19.0 10.0 65.237 0
184734 19.0 10.0 65.175 0
184804 19.0 10.0 65.112 0
184835 19.0 10.0 65.112 0
184905 19.0 10.0 65.05 0
184936 19.0 10.0 65.05 0
185006 19.0 10.0 64.987 0
185037 19.062 10.0 64.987 0
185107 19.062 10.0 64.925 0
185138 19.062 10.0 64.8 0
185208 19.062 10.0 64.675 0
185238 19.062 10.0 64.425 0
185308 19.0 10.0 64.05 0
185339 19.0 10.0 63.737 0
185410 19.0 10.0 63.487 0
185440 19.0 10.0 63.3 0
185511 19.0 10.0 63.175 0
185542 19.125 10.0 63.05 0
185612 19.125 10.0 62.987 0
185643 19.125 10.0 62.925 0
185714 19.125 10.0 62.862 0
185744 19.125 10.0 62.8 0
185815 19.062 10.0 62.737 0
185845 19.062 10.0 62.675 0
185915 19.062 10.0 62.612 0
185946 19.062 10.0 62.612 0
190016 19.062 10.0 62.55 0
190047 19.062 10.0 62.487 0
190117 19.062 10.0 62.425 0
190147 19.062 10.0 62.362 0
190217 19.062 10.0 62.3 0
190247 19.062 10.0 62.237 0
190317 19.125 10.0 62.237 0
190348 19.125 10.0 62.175 0
190418 19.125 10.0 62.112 0
190449 19.125 10.0 62.05 0
190520 19.125 10.0 61.987 0
190550 19.125 10.0 61.925 0
190620 19.125 10.0 61.925 0
190651 19.125 10.0 61.862 0
190721 19.125 10.0 61.8 0
190752 19.125 10.0 61.737 0
190823 19.125 10.0 61.675 0
190853 19.125 10.0 61.55 0
190923 19.125 10.0 61.237 0
190954 19.125 10.0 60.8 0
191025 19.125 10.0 60.237 0
191055 19.062 10.0 59.612 0
191125 19.062 10.0 58.925 0
191155 19.062 10.0 58.237 0
191226 19.062 10.0 57.8 0
191256 19.062 10.0 57.487 0
191326 19.062 10.0 57.237 0
191357 19.062 10.0 57.112 0
191427 19.062 10.0 56.987 0
191458 19.062 10.0 56.925 0
191530 19.0 10.0 56.862 0
191601 19.0 10.0 56.862 0
191631 19.0 10.0 56.862 0
191701 19.0 10.0 56.862 0
191732 19.0 10.0 56.925 0
191802 19.0 10.0 57.112 0
191833 19.0 10.0 57.362 0
191903 19.0 10.0 57.987 0
191934 19.0 10.0 58.737 0
192005 19.0 10.0 59.862 0
192036 19.0 10.0 61.05 0
192106 19.0 10.0 62.112 0
192136 19.0 10.0 63.175 0
192206 19.0 10.0 63.987 0
192236 19.0 10.0 64.612 0
192306 18.937 10.0 65.05 0
192337 18.937 10.0 65.425 0
192407 18.937 10.0 65.675 0
192438 18.937 10.0 65.862 0
192508 18.937 10.0 66.05 0
192538 18.812 10.0 66.175 0
192608 18.812 10.0 66.3 0
192638 18.812 10.0 66.362 0
192709 18.812 10.0 66.425 0
192739 18.812 10.0 66.55 0
192809 18.75 10.0 66.55 0
192840 18.75 10.0 66.612 0
192911 18.75 10.0 66.612 0
192941 18.75 10.0 66.675 0
193011 18.75 10.0 66.675 0
193042 18.687 10.0 66.675 0
193113 18.687 10.0 66.737 0
193144 18.687 10.0 66.737 0
193214 18.687 10.0 66.737 0
193244 18.687 10.0 66.737 0
193315 18.687 10.0 66.737 0
193345 18.687 10.0 66.8 0
193415 18.687 10.0 66.8 0
193446 18.687 10.0 66.8 0
193516 18.687 10.0 66.8 0
193547 18.687 10.0 66.8 0
193617 18.687 10.0 66.8 0
193648 18.687 10.0 66.8 0
193718 18.687 10.0 66.8 0
193749 18.687 10.0 66.8 0
193819 18.625 10.0 66.8 0
193850 18.625 10.0 66.8 0
193920 18.625 10.0 66.8 0
193951 18.625 10.0 66.8 0
194021 18.625 10.0 66.8 0
194051 18.625 10.0 66.8 0
194121 18.625 10.0 66.8 0
194152 18.625 10.0 66.737 0
194222 18.625 10.0 66.737 0
194253 18.625 10.0 66.737 0
194323 18.625 10.0 66.737 0
194354 18.625 10.0 66.737 0
194425 18.625 10.0 66.737 0
194455 18.625 10.0 66.737 0
194526 18.625 10.0 66.737 0
194556 18.625 10.0 66.737 0
194627 18.625 10.0 66.675 0
194657 18.625 10.0 66.675 0
194727 18.625 10.0 66.675 0
194758 18.625 10.0 66.675 0
194828 18.562 10.0 66.612 0
194859 18.562 10.0 66.612 0
194929 18.562 10.0 66.612 0
195000 18.562 10.0 66.612 0
195031 18.562 10.0 66.55 0
195101 18.625 10.0 66.55 0
195132 18.625 10.0 66.55 0
195203 18.625 10.0 66.55 0
195234 18.625 10.0 66.55 0
195304 18.562 10.0 66.487 0
195335 18.562 10.0 66.487 0
195405 18.562 10.0 66.487 0
195436 18.562 10.0 66.487 0
195506 18.562 10.0 66.487 0
195537 18.562 10.0 66.425 0
195608 18.562 10.0 66.425 0
195638 18.562 10.0 66.425 0
195708 18.562 10.0 66.425 0
195739 18.562 10.0 66.425 0
195809 18.562 10.0 66.362 0
195839 18.562 10.0 66.362 0
195910 18.562 10.0 66.362 0
195940 18.562 10.0 66.3 0
200010 18.562 10.0 66.3 0
200041 18.5 10.0 66.3 0
200112 18.5 10.0 66.3 0
200143 18.5 10.0 66.3 0
200213 18.5 10.0 66.237 0
200243 18.5 10.0 66.237 0
200314 18.5 10.0 66.237 0
200345 18.5 10.0 66.175 0
200415 18.5 10.0 66.175 0
200445 18.5 10.0 66.175 0
200515 18.5 10.0 66.112 0
200545 18.5 10.0 66.112 0
200616 18.5 10.0 66.05 0
200646 18.5 10.0 66.05 0
200717 18.5 10.0 65.987 0
200747 18.5 10.0 65.925 0
200817 18.5 10.0 65.925 0
200848 18.5 10.0 65.862 0
200918 18.5 10.0 65.8 0
200948 18.5 10.0 65.8 0
201018 18.5 10.0 65.737 0
201049 18.5 10.0 65.675 0
201119 18.5 10.0 65.55 0
201149 18.5 10.0 65.487 0
201220 18.5 10.0 65.425 0
201251 18.5 10.0 65.3 0
201322 18.562 10.0 65.175 0
201352 18.562 10.0 64.987 0
201423 18.562 10.0 64.8 0
201454 18.562 10.0 64.55 0
201524 18.562 10.0 64.175 0
201555 18.562 10.0 63.675 0
201625 18.562 10.0 63.112 0
201655 18.562 10.0 62.425 0
201725 18.562 10.0 61.675 0
201755 18.562 10.0 60.862 0
201826 18.625 10.0 59.925 0
201856 18.625 10.0 58.862 0
201926 18.625 10.0 57.675 0
201957 18.625 10.0 56.362 0
202028 18.625 10.0 54.987 0
202058 18.687 10.0 53.55 0
202129 18.687 10.0 52.175 0
202159 18.687 10.0 51.05 0
202230 18.687 10.0 50.112 0
202300 18.687 10.0 49.487 0
202330 18.75 10.0 49.05 0
202401 18.75 10.0 48.925 0
202431 18.75 10.0 49.112 0
202502 18.75 10.0 49.55 0
202533 18.75 10.0 50.237 0
202603 18.812 10.0 51.05 0
202634 18.812 10.0 51.987 0
202704 18.812 10.0 52.987 0
202735 18.812 10.0 53.987 0
202805 18.812 10.0 54.987 0
202835 18.812 10.0 55.987 0
202905 18.812 10.0 56.987 0
202935 18.812 10.0 57.987 0
203006 18.812 10.0 58.925 0
203039 18.875 10.0 59.862 0
203109 18.875 10.0 60.925 0
203139 18.875 10.0 61.862 0
203210 18.875 10.0 62.737 0
203240 18.875 10.0 63.425 0
203310 18.937 10.0 64.05 0
203341 18.937 10.0 64.487 0
203411 18.937 10.0 64.862 0
203441 18.937 10.0 65.175 0
203511 18.937 10.0 65.425 0
203542 18.937 10.0 65.612 0
203612 18.937 10.0 65.8 0
203642 18.937 10.0 65.925 0
203713 18.937 10.0 66.05 0
203743 18.937 10.0 66.112 0
203813 19.0 10.0 66.175 0
203843 19.0 10.0 66.237 0
203914 19.0 10.0 66.3 0
203944 19.0 10.0 66.362 0
204015 19.0 10.0 66.425 0
204045 18.937 10.0 66.487 0
204116 18.937 10.0 66.55 0
204146 18.937 10.0 66.55 0
204216 18.937 10.0 66.612 0
204247 18.937 10.0 66.612 0
204317 18.937 10.0 66.675 0
204348 18.937 10.0 66.737 0
204418 18.937 10.0 66.737 0
204449 18.937 10.0 66.8 0
204519 18.937 10.0 66.8 0
204549 18.875 10.0 66.862 0
204620 18.875 10.0 66.862 0
204650 18.875 10.0 66.862 0
204721 18.875 10.0 66.925 0
204751 18.875 10.0 66.925 0
204822 18.875 10.0 66.987 0
204853 18.875 10.0 66.987 0
204924 18.875 10.0 66.987 0
204954 18.875 10.0 66.987 0
205025 18.875 10.0 66.987 0
205056 18.875 10.0 66.987 0
205126 18.875 10.0 66.987 0
205156 18.875 10.0 66.987 0
205226 18.875 10.0 66.987 0
205257 18.875 10.0 66.987 0
205327 18.875 10.0 66.987 0
205357 18.875 10.0 66.987 0
205427 18.875 10.0 66.987 0
205457 18.875 10.0 66.987 0
205527 18.875 10.0 66.987 0
205558 18.875 10.0 66.987 0
205629 18.875 10.0 66.987 0
205659 18.875 10.0 66.987 0
205730 18.875 10.0 66.987 0
205800 18.875 10.0 66.987 0
205830 18.875 10.0 66.987 0
205900 18.875 10.0 66.987 0
205930 18.875 10.0 66.925 0
210001 18.875 10.0 66.925 0
210031 18.875 10.0 66.925 0
210101 18.875 10.0 66.925 0
210132 18.875 10.0 66.925 0
210203 18.875 10.0 66.925 0
210234 18.875 10.0 66.925 0
210304 18.875 10.0 66.925 0
210335 18.812 10.0 66.862 0
210405 18.812 10.0 66.862 0
210436 18.812 10.0 66.862 0
210506 18.812 10.0 66.862 0
210536 18.812 10.0 66.862 0
210607 18.812 10.0 66.8 0
210637 18.812 10.0 66.8 0
210708 18.812 10.0 66.8 0
210739 18.812 10.0 66.8 0
210809 18.812 10.0 66.8 0
210840 18.812 10.0 66.737 0
210911 18.812 10.0 66.737 0
210942 18.812 10.0 66.737 0
211012 18.812 10.0 66.675 0
211044 18.812 10.0 66.675 0
211115 18.812 10.0 66.675 0
211146 18.812 10.0 66.675 0
211217 18.812 10.0 66.612 0
211247 18.812 10.0 66.612 0
211317 18.875 10.0 66.612 0
211348 18.875 10.0 66.612 0
211418 18.875 10.0 66.55 0
211449 18.875 10.0 66.55 0
211519 18.875 10.0 66.55 0
211549 18.875 10.0 66.55 0
211620 18.875 10.0 66.487 0
211650 18.875 10.0 66.487 0
211721 18.875 10.0 66.487 0
211752 18.875 10.0 66.487 0
211822 18.875 10.0 66.425 0
211853 18.875 10.0 66.425 0
211923 18.875 10.0 66.425 0
211953 18.875 10.0 66.425 0
212024 18.875 10.0 66.362 0
212054 18.875 10.0 66.362 0
212124 18.875 10.0 66.362 0
212155 18.875 10.0 66.3 0
212225 18.875 10.0 66.3 0
212255 18.875 10.0 66.3 0
212326 18.875 10.0 66.237 0
212356 18.875 10.0 66.237 0
212426 18.875 10.0 66.237 0
212457 18.875 10.0 66.237 0
212527 18.875 10.0 66.175 0
212558 18.812 10.0 66.175 0
212628 18.812 10.0 66.112 0
212658 18.812 10.0 66.112 0
212728 18.812 10.0 66.05 0
212758 18.812 10.0 66.05 0
212829 18.875 10.0 65.987 0
212859 18.875 10.0 65.987 0
212930 18.875 10.0 65.987 0
213000 18.875 10.0 65.925 0
213030 18.875 10.0 65.925 0
213101 18.875 10.0 65.862 0
213131 18.875 10.0 65.862 0
213201 18.875 10.0 65.862 0
213231 18.875 10.0 65.8 0
213302 18.875 10.0 65.8 0
213332 18.875 10.0 65.8 0
213402 18.875 10.0 65.8 0
213432 18.875 10.0 65.8 0
213502 18.875 10.0 65.8 0
213533 18.875 10.0 65.612 0
213603 18.812 10.0 65.612 0
213633 18.812 10.0 65.55 0
213703 18.812 10.0 65.55 0
213734 18.812 10.0 65.55 0
213804 18.812 10.0 65.55 0
213834 18.812 10.0 65.487 0
213904 18.812 10.0 65.487 0
213935 18.812 10.0 65.487 0
214005 18.812 10.0 65.487 0
214035 18.812 10.0 65.425 0
214105 18.812 10.0 65.425 0
214136 18.812 10.0 65.425 0
214206 18.812 10.0 65.425 0
214236 18.812 10.0 65.362 0
214306 18.812 10.0 65.362 0
214337 18.875 10.0 65.362 0
214407 18.875 10.0 65.3 0
214437 18.875 10.0 65.3 0
214507 18.875 10.0 65.237 0
214537 18.875 10.0 65.237 0
214607 18.875 10.0 65.175 0
214638 18.875 10.0 65.175 0
214709 18.875 10.0 65.175 0
214740 18.875 10.0 65.112 0
214810 18.875 10.0 65.05 0
214841 18.812 10.0 65.05 0
214911 18.812 10.0 64.987 0
214941 18.812 10.0 64.987 0
215011 18.812 10.0 64.925 0
215041 18.812 10.0 64.925 0
215112 18.812 10.0 64.925 0
215143 18.812 10.0 64.862 0
215214 18.812 10.0 64.862 0
215244 18.812 10.0 64.8 0
215314 18.812 10.0 64.8 0
215344 18.812 10.0 64.8 0
215415 18.812 10.0 64.737 0
215446 18.812 10.0 64.737 0
215516 18.812 10.0 64.675 0
215547 18.812 10.0 64.675 0
215617 18.875 10.0 64.675 0
215648 18.875 10.0 64.612 0
215718 18.875 10.0 64.612 0
215748 18.875 10.0 64.55 0
215820 18.875 10.0 64.55 0
215851 18.875 10.0 64.55 0
215922 18.875 10.0 64.487 0
215952 18.875 10.0 64.487 0
220023 18.875 10.0 64.425 0
220053 18.937 10.0 64.425 0
220123 18.937 10.0 64.55 0
220154 18.937 10.0 64.55 0
220225 18.937 10.0 64.55 0
220255 18.937 10.0 64.55 0
220326 19.0 10.0 64.487 0
220356 19.0 10.0 64.487 0
220427 19.0 10.0 64.425 0
220458 19.0 10.0 64.362 0
220528 19.0 10.0 64.3 0
220559 19.0 10.0 64.237 0
220629 19.0 10.0 64.175 0
220700 19.0 10.0 64.175 0
220730 19.0 10.0 64.112 0
220800 19.0 10.0 64.112 0
220831 19.0 10.0 64.05 0
220902 19.0 10.0 64.05 0
220932 19.0 10.0 63.987 0
221003 19.0 10.0 63.987 0
221033 19.0 10.0 63.925 0
221104 19.0 10.0 63.862 0
221134 19.0 10.0 63.862 0
221204 19.0 10.0 63.8 0
221234 19.0 10.0 63.8 0
221305 19.0 10.0 63.737 0
221335 19.0 10.0 63.737 0
221406 19.0 10.0 63.675 0
221436 19.0 10.0 63.675 0
221506 19.0 10.0 63.612 0
221537 19.0 10.0 63.612 0
221607 18.937 10.0 63.55 0
221637 18.937 10.0 63.55 0
221707 18.937 10.0 63.487 0
221738 18.937 10.0 63.487 0
221808 18.937 10.0 63.425 0
221839 18.875 10.0 63.425 0
221909 18.875 10.0 63.362 0
221939 18.875 10.0 63.3 0
222010 18.875 10.0 63.3 0
222040 18.875 10.0 63.237 0
222111 18.812 10.0 63.175 0
222142 18.812 10.0 63.112 0
222213 18.812 10.0 63.05 0
222243 18.812 10.0 62.925 0
222314 18.812 10.0 62.8 0
222345 18.875 10.0 62.675 0
222416 18.875 10.0 62.612 0
222446 18.875 10.0 62.55 0
222516 18.875 10.0 62.55 0
222546 18.875 10.0 62.487 0
222617 18.812 10.0 62.425 0
222647 18.812 10.0 62.362 0
222717 18.812 10.0 62.3 0
222747 18.812 10.0 62.3 0
222818 18.812 10.0 62.237 0
222848 18.812 10.0 62.237 0
222919 18.812 10.0 62.175 0
222950 18.812 10.0 62.112 0
223021 18.812 10.0 62.112 0
223051 18.812 10.0 62.05 0
223121 18.812 10.0 61.987 0
223152 18.812 10.0 61.987 0
223222 18.812 10.0 61.925 0
223252 18.812 10.0 61.925 0
223325 18.812 10.0 61.862 0
223356 18.812 10.0 61.8 0
223426 18.812 10.0 61.8 0
223456 18.812 10.0 61.737 0
223527 18.812 10.0 61.737 0
223557 18.812 10.0 61.737 0
223627 18.812 10.0 61.675 0
223658 18.812 10.0 61.675 0
223728 18.812 10.0 61.675 0
223758 18.812 10.0 61.612 0
223828 18.812 10.0 61.612 0
223859 18.812 10.0 61.55 0
223930 18.812 10.0 61.487 0
224000 18.812 10.0 61.362 0
224030 18.812 10.0 61.175 0
224100 18.812 10.0 61.05 0
224131 18.812 10.0 60.925 0
224201 18.812 10.0 60.862 0
224231 18.812 10.0 60.8 0
224301 18.812 10.0 60.737 0
224332 18.812 10.0 60.675 0
224402 18.812 10.0 60.612 0
224433 18.812 10.0 60.55 0
224504 18.812 10.0 60.55 0
224534 18.812 10.0 60.487 0
224604 18.812 10.0 60.425 0
224634 18.812 10.0 60.425 0
224704 18.812 10.0 60.362 0
224735 18.812 10.0 60.3 0
224805 18.812 10.0 60.237 0
224835 18.75 10.0 60.237 0
224906 18.75 10.0 60.175 0
224937 18.75 10.0 60.175 0
225007 18.75 10.0 60.112 0
225037 18.75 10.0 60.05 0
225108 18.75 10.0 59.987 0
225139 18.75 10.0 59.987 0
225209 18.75 10.0 59.925 0
225239 18.75 10.0 59.862 0
225310 18.75 10.0 59.862 0
225340 18.75 10.0 59.8 0
225411 18.75 10.0 59.8 0
225441 18.75 10.0 59.737 0
225511 18.75 10.0 59.675 0
225541 18.75 10.0 59.55 0
225612 18.75 10.0 59.362 0
225643 18.75 10.0 59.112 0
225713 18.75 10.0 58.862 0
225744 18.75 10.0 58.55 0
225814 18.75 10.0 58.3 0
225844 18.75 10.0 58.175 0
225914 18.75 10.0 58.05 0
225944 18.75 10.0 57.987 0
230015 18.75 10.0 57.925 0
230045 18.75 10.0 57.862 0
230115 18.687 10.0 57.8 0
230145 18.687 10.0 57.737 0
230216 18.687 10.0 57.675 0
230247 18.687 10.0 57.675 0
230318 18.687 10.0 57.612 0
230348 18.687 10.0 57.55 0
230418 18.687 10.0 57.55 0
230449 18.687 10.0 57.487 0
230520 18.687 10.0 57.425 0
230550 18.687 10.0 57.425 0
230620 18.687 10.0 57.362 0
230651 18.687 10.0 57.3 0
230722 18.687 10.0 57.3 0
230753 18.687 10.0 57.237 0
230823 18.687 10.0 57.237 0
230854 18.625 10.0 57.175 0
230925 18.625 10.0 57.112 0
230955 18.625 10.0 57.112 0
231026 18.625 10.0 57.05 0
231057 18.625 10.0 56.987 0
231127 18.687 10.0 56.925 0
231158 18.687 10.0 56.8 0
231229 18.687 10.0 56.612 0
231259 18.687 10.0 56.487 0
231331 18.625 10.0 56.3 0
231402 18.625 10.0 56.237 0
231433 18.625 10.0 56.237 0
231503 18.625 10.0 56.3 0
231533 18.625 10.0 56.55 0
231604 18.625 10.0 57.112 0
231634 18.625 10.0 57.987 0
231705 18.625 10.0 58.987 0
231735 18.625 10.0 60.112 0
231806 18.625 10.0 61.237 0
231836 18.562 10.0 62.362 0
231907 18.562 10.0 63.425 0
231937 18.562 10.0 64.237 0
232008 18.562 10.0 64.862 0
232038 18.562 10.0 65.362 0
232109 18.562 10.0 65.737 0
232139 18.562 10.0 65.987 0
232210 18.562 10.0 66.237 0
232241 18.562 10.0 66.425 0
232312 18.562 10.0 66.55 0
232342 18.5 10.0 66.675 0
232413 18.5 10.0 66.737 0
232444 18.5 10.0 66.8 0
232514 18.5 10.0 66.925 0
232545 18.5 10.0 66.987 0
232615 18.437 10.0 67.05 0
232645 18.437 10.0 67.112 0
232715 18.437 10.0 67.175 0
232745 18.437 10.0 67.175 0
232816 18.437 10.0 67.237 0
232846 18.375 10.0 67.3 0
232916 18.375 10.0 67.3 0
232946 18.375 10.0 67.3 0
233016 18.375 10.0 67.362 0
233047 18.375 10.0 67.362 0
233117 18.375 10.0 67.362 0
233147 18.375 10.0 67.362 0
233218 18.375 10.0 67.425 0
233249 18.375 10.0 67.425 0
233319 18.375 10.0 67.425 0
233350 18.312 10.0 67.425 0
233420 18.312 10.0 67.425 0
233451 18.312 10.0 67.425 0
233522 18.312 10.0 67.425 0
233552 18.312 10.0 67.425 0
233623 18.312 10.0 67.425 0
233653 18.312 10.0 67.425 0
233724 18.312 10.0 67.425 0
233754 18.312 10.0 67.425 0
233824 18.312 10.0 67.425 0
233854 18.312 10.0 67.425 0
233925 18.312 10.0 67.425 0
233955 18.312 10.0 67.425 0
234026 18.312 10.0 67.425 0
234056 18.312 10.0 67.425 0
234127 18.25 10.0 67.425 0
234158 18.25 10.0 67.425 0
234228 18.25 10.0 67.425 0
234259 18.25 10.0 67.362 0
234330 18.25 10.0 67.362 0
234400 18.25 10.0 67.362 0
234430 18.25 10.0 67.362 0
234501 18.25 10.0 67.362 0
234532 18.25 10.0 67.362 0
234603 18.25 10.0 67.3 0
234633 18.187 10.0 67.3 0
234703 18.187 10.0 67.3 0
234733 18.187 10.0 67.3 0
234804 18.187 10.0 67.3 0
234836 18.187 10.0 67.3 0
234907 18.187 10.0 67.237 0
234937 18.187 10.0 67.237 0
235008 18.187 10.0 67.237 0
235038 18.187 10.0 67.237 0
235108 18.187 10.0 67.237 0
235139 18.187 10.0 67.175 0
235209 18.187 10.0 67.175 0
235239 18.187 10.0 67.175 0
235310 18.187 10.0 67.175 0
235340 18.187 10.0 67.175 0
235410 18.187 10.0 67.175 0
235441 18.187 10.0 67.112 0
235511 18.187 10.0 67.112 0
235541 18.187 10.0 67.112 0
235612 18.125 10.0 67.112 0
235643 18.125 10.0 67.05 0
235714 18.125 10.0 67.05 0
235744 18.125 10.0 67.05 0
235815 18.125 10.0 67.05 0
235845 18.125 10.0 66.987 0
