235918 17.0 10.0 63.237 0
235948 17.0 10.0 63.175 0
000019 17.0 10.0 63.112 0
000049 17.0 10.0 63.05 0
000122 17.062 10.0 62.987 0
000153 17.062 10.0 62.925 0
000224 17.062 10.0 62.862 0
000254 17.062 10.0 62.862 0
000324 17.062 10.0 62.8 0
000355 17.0 10.0 62.737 0
000426 17.0 10.0 62.737 0
000456 17.0 10.0 62.675 0
000527 17.0 10.0 62.675 0
000558 17.0 10.0 62.612 0
000628 17.0 10.0 62.612 0
000659 17.0 10.0 62.612 0
000729 17.0 10.0 62.612 0
000800 17.0 10.0 62.612 0
000830 17.0 10.0 62.612 0
000901 17.0 10.0 62.55 0
000931 17.0 10.0 62.55 0
001002 17.0 10.0 62.55 0
001033 17.0 10.0 62.487 0
001103 17.0 10.0 62.487 0
001134 17.0 10.0 62.487 0
001204 17.0 10.0 62.425 0
001235 17.0 10.0 62.425 0
001306 17.0 10.0 62.425 0
001336 17.0 10.0 62.362 0
001407 16.937 10.0 62.362 0
001438 16.937 10.0 62.362 0
001508 16.937 10.0 62.3 0
001538 16.937 10.0 62.3 0
001609 16.937 10.0 62.237 0
001639 16.937 10.0 62.237 0
001709 16.937 10.0 62.175 0
001739 16.937 10.0 62.175 0
001810 16.937 10.0 62.112 0
001841 16.937 10.0 62.05 0
001911 16.875 10.0 61.925 0
001941 16.875 10.0 61.862 0
002011 16.875 10.0 61.8 0
002042 16.875 10.0 61.737 0
002112 16.875 10.0 61.737 0
002143 16.875 10.0 61.675 0
002213 16.875 10.0 61.612 0
002244 16.875 10.0 61.55 0
002315 16.875 10.0 61.55 0
002345 16.875 10.0 61.487 0
002415 16.812 10.0 61.487 0
002446 16.812 10.0 61.425 0
002517 16.812 10.0 61.425 0
002547 16.812 10.0 61.362 0
002618 16.812 10.0 61.3 0
002648 16.812 10.0 61.3 0
002719 16.812 10.0 61.237 0
002749 16.812 10.0 61.237 0
002819 16.812 10.0 61.175 0
002850 16.812 10.0 61.175 0
002921 16.75 10.0 61.112 0
002952 16.75 10.0 61.05 0
003022 16.75 10.0 61.05 0
003053 16.75 10.0 60.987 0
003126 16.75 10.0 60.987 0
003156 16.75 10.0 60.925 0
003227 16.75 10.0 60.925 0
003258 16.75 10.0 60.862 0
003329 16.75 10.0 60.8 0
003359 16.75 10.0 60.8 0
003429 16.75 10.0 60.737 0
003459 16.75 10.0 60.737 0
003530 16.75 10.0 60.675 0
003601 16.75 10.0 60.612 0
003631 16.75 10.0 60.487 0
003702 16.75 10.0 60.3 0
003733 16.75 10.0 60.175 0
003803 16.75 10.0 60.05 0
003833 16.75 10.0 59.925 0
003904 16.687 10.0 59.862 0
003934 16.687 10.0 59.8 0
004004 16.687 10.0 59.737 0
004034 16.687 10.0 59.737 0
004105 16.687 10.0 59.675 0
004136 16.687 10.0 59.612 0
004206 16.687 10.0 59.55 0
004236 16.687 10.0 59.55 0
004307 16.687 10.0 59.487 0
004338 16.687 10.0 59.487 0
004408 16.687 10.0 59.425 0
004439 16.687 10.0 59.362 0
004509 16.687 10.0 59.362 0
004540 16.687 10.0 59.3 0
004610 16.687 10.0 59.237 0
004641 16.687 10.0 59.237 0
004711 16.687 10.0 59.175 0
004742 16.687 10.0 59.175 0
004812 16.687 10.0 59.112 0
004843 16.687 10.0 59.05 0
004914 16.625 10.0 59.05 0
004944 16.625 10.0 58.987 0
005014 16.625 10.0 58.987 0
005044 16.625 10.0 58.925 0
005115 16.625 10.0 58.862 0
005145 16.625 10.0 58.862 0
005215 16.625 10.0 58.8 0
005245 16.625 10.0 58.8 0
005316 16.625 10.0 58.675 0
005347 16.625 10.0 58.55 0
005417 16.562 10.0 58.362 0
005448 16.562 10.0 58.175 0
005519 16.562 10.0 57.987 0
005549 16.562 10.0 57.8 0
005620 16.562 10.0 57.737 0
005650 16.625 10.0 57.675 0
005721 16.625 10.0 57.55 0
005751 16.625 10.0 57.55 0
005822 16.625 10.0 57.487 0
005853 16.625 10.0 57.425 0
005923 16.562 10.0 57.362 0
005953 16.562 10.0 57.362 0
010023 16.562 10.0 57.3 0
010054 16.562 10.0 57.237 0
010124 16.562 10.0 57.237 0
010154 16.562 10.0 57.175 0
010225 16.562 10.0 57.175 0
010255 16.562 10.0 57.112 0
010326 16.562 10.0 57.05 0
010356 16.562 10.0 57.05 0
010427 16.562 10.0 56.987 0
010457 16.562 10.0 56.987 0
010527 16.562 10.0 56.925 0
010558 16.562 10.0 56.925 0
010631 16.562 10.0 56.862 0
010702 16.562 10.0 56.862 0
010732 16.562 10.0 56.8 0
010803 16.562 10.0 56.862 0
010833 16.562 10.0 56.925 0
010904 16.562 10.0 56.987 0
010934 16.562 10.0 57.112 0
011005 16.562 10.0 57.362 0
011035 16.562 10.0 57.737 0
011106 16.562 10.0 58.3 0
011136 16.625 10.0 59.05 0
011207 16.625 10.0 59.862 0
011237 16.625 10.0 60.675 0
011307 16.625 10.0 61.487 0
011337 16.625 10.0 62.3 0
011408 16.562 10.0 62.987 0
011438 16.562 10.0 63.55 0
011509 16.562 10.0 63.925 0
011539 16.562 10.0 64.237 0
011610 16.562 10.0 64.487 0
011640 16.625 10.0 64.675 0
011711 16.625 10.0 64.8 0
011741 16.625 10.0 64.925 0
011811 16.625 10.0 65.05 0
011842 16.625 10.0 65.112 0
011912 16.625 10.0 65.175 0
011943 16.625 10.0 65.175 0
012014 16.625 10.0 65.237 0
012044 16.625 10.0 65.237 0
012115 16.625 10.0 65.237 0
012145 16.625 10.0 65.3 0
012216 16.625 10.0 65.3 0
012246 16.625 10.0 65.3 0
012316 16.625 10.0 65.362 0
012347 16.625 10.0 65.362 0
012417 16.625 10.0 65.425 0
012448 16.625 10.0 65.425 0
012518 16.625 10.0 65.425 0
012549 16.625 10.0 65.425 0
012619 16.625 10.0 65.487 0
012650 16.562 10.0 65.487 0
012720 16.562 10.0 65.487 0
012751 16.562 10.0 65.55 0
012821 16.562 10.0 65.55 0
012852 16.562 10.0 65.55 0
012923 16.562 10.0 65.55 0
012953 16.562 10.0 65.55 0
013024 16.562 10.0 65.487 0
013054 16.562 10.0 65.55 0
013124 16.562 10.0 65.487 0
013155 16.562 10.0 65.487 0
013226 16.562 10.0 65.487 0
013256 16.562 10.0 65.487 0
013326 16.562 10.0 65.487 0
013357 16.562 10.0 65.487 0
013427 16.625 10.0 65.487 0
013457 16.625 10.0 65.487 0
013528 16.625 10.0 65.487 0
013558 16.625 10.0 65.425 0
013628 16.625 10.0 65.425 0
013659 16.562 10.0 65.425 0
013729 16.562 10.0 65.425 0
013800 16.562 10.0 65.425 0
013830 16.562 10.0 65.425 0
013901 16.562 10.0 65.425 0
013932 16.562 10.0 65.425 0
014003 16.562 10.0 65.425 0
014033 16.562 10.0 65.425 0
014104 16.562 10.0 65.425 0
014135 16.562 10.0 65.425 0
014206 16.562 10.0 65.425 0
014236 16.562 10.0 65.362 0
014307 16.562 10.0 65.425 0
014337 16.562 10.0 65.362 0
014408 16.562 10.0 65.362 0
014438 16.562 10.0 65.362 0
014509 16.562 10.0 65.362 0
014540 16.562 10.0 65.362 0
014610 16.562 10.0 65.362 0
014641 16.562 10.0 65.3 0
014712 16.562 10.0 65.3 0
014742 16.562 10.0 65.3 0
014813 16.562 10.0 65.3 0
014843 16.562 10.0 65.237 0
014914 16.562 10.0 65.237 0
014944 16.562 10.0 65.237 0
015015 16.562 10.0 65.237 0
015045 16.562 10.0 65.237 0
015116 16.562 10.0 65.175 0
015147 16.562 10.0 65.175 0
015217 16.562 10.0 65.175 0
015248 16.562 10.0 65.175 0
015319 16.562 10.0 65.175 0
015349 16.562 10.0 65.175 0
015420 16.5 10.0 65.112 0
015450 16.5 10.0 65.112 0
015520 16.5 10.0 65.112 0
015551 16.5 10.0 65.112 0
015621 16.5 10.0 65.112 0
015651 16.5 10.0 65.05 0
015722 16.5 10.0 65.05 0
015752 16.5 10.0 65.05 0
015822 16.5 10.0 65.05 0
015853 16.5 10.0 64.987 0
015924 16.5 10.0 64.987 0
015955 16.5 10.0 64.987 0
020025 16.5 10.0 64.987 0
020056 16.5 10.0 64.925 0
020126 16.5 10.0 64.925 0
020157 16.5 10.0 64.925 0
020228 16.5 10.0 64.925 0
020258 16.5 10.0 64.925 0
020329 16.5 10.0 64.862 0
020400 16.5 10.0 64.862 0
020431 16.5 10.0 64.862 0
020501 16.5 10.0 64.862 0
020531 16.5 10.0 64.8 0
020602 16.5 10.0 64.8 0
020633 16.5 10.0 64.8 0
020703 16.5 10.0 64.737 0
020734 16.5 10.0 64.737 0
020805 16.5 10.0 64.737 0
020835 16.5 10.0 64.675 0
020906 16.5 10.0 64.675 0
020937 16.5 10.0 64.675 0
021007 16.5 10.0 64.675 0
021037 16.5 10.0 64.612 0
021107 16.5 10.0 64.612 0
021140 16.5 10.0 64.55 0
021210 16.5 10.0 64.55 0
021241 16.5 10.0 64.55 0
021311 16.5 10.0 64.55 0
021342 16.5 10.0 64.487 0
021412 16.5 10.0 64.487 0
021443 16.5 10.0 64.487 0
021514 16.5 10.0 64.55 0
021544 16.5 10.0 64.612 0
021615 16.5 10.0 64.675 0
021646 16.5 10.0 64.737 0
021716 16.5 10.0 64.8 0
021747 16.5 10.0 64.8 0
021817 16.5 10.0 64.8 0
021848 16.5 10.0 64.8 0
021919 16.437 10.0 64.8 0
021949 16.437 10.0 64.8 0
022020 16.437 10.0 64.8 0
022051 16.437 10.0 64.8 0
022122 16.437 10.0 64.8 0
022152 16.5 10.0 64.737 0
022222 16.5 10.0 64.737 0
022253 16.5 10.0 64.737 0
022324 16.5 10.0 64.737 0
022354 16.5 10.0 64.737 0
022425 16.5 10.0 64.675 0
022456 16.5 10.0 64.675 0
022527 16.5 10.0 64.675 0
022557 16.5 10.0 64.675 0
022628 16.5 10.0 64.612 0
022659 16.437 10.0 64.612 0
022729 16.437 10.0 64.612 0
022800 16.437 10.0 64.55 0
022830 16.437 10.0 64.55 0
022901 16.437 10.0 64.55 0
022932 16.437 10.0 64.487 0
023002 16.437 10.0 64.487 0
023033 16.437 10.0 64.487 0
023104 16.437 10.0 64.425 0
023134 16.437 10.0 64.425 0
023205 16.437 10.0 64.425 0
023235 16.437 10.0 64.425 0
023306 16.437 10.0 64.362 0
023337 16.437 10.0 64.362 0
023407 16.437 10.0 64.362 0
023437 16.375 10.0 64.3 0
023508 16.375 10.0 64.3 0
023538 16.375 10.0 64.3 0
023609 16.375 10.0 64.237 0
023641 16.375 10.0 64.237 0
023711 16.375 10.0 64.237 0
023742 16.375 10.0 64.175 0
023812 16.375 10.0 64.175 0
023843 16.375 10.0 64.175 0
023913 16.375 10.0 64.175 0
023944 16.375 10.0 64.112 0
024015 16.375 10.0 64.112 0
024045 16.375 10.0 64.05 0
024116 16.375 10.0 64.05 0
024146 16.375 10.0 64.05 0
024217 16.375 10.0 64.05 0
024247 16.375 10.0 63.987 0
024318 16.375 10.0 63.987 0
024349 16.375 10.0 63.987 0
024419 16.375 10.0 63.925 0
024449 16.375 10.0 63.925 0
024520 16.375 10.0 63.862 0
024550 16.375 10.0 63.862 0
024621 16.375 10.0 63.8 0
024652 16.375 10.0 63.8 0
024722 16.375 10.0 63.737 0
024753 16.375 10.0 63.737 0
024823 16.375 10.0 63.675 0
024853 16.375 10.0 63.675 0
024924 16.375 10.0 63.675 0
024954 16.375 10.0 63.612 0
025024 16.375 10.0 63.612 0
025055 16.375 10.0 63.55 0
025125 16.375 10.0 63.55 0
025155 16.312 10.0 63.55 0
025225 16.312 10.0 63.487 0
025255 16.312 10.0 63.487 0
025326 16.312 10.0 63.425 0
025356 16.312 10.0 63.425 0
025427 16.312 10.0 63.425 0
025458 16.312 10.0 63.362 0
025528 16.312 10.0 63.362 0
025558 16.312 10.0 63.3 0
025628 16.312 10.0 63.3 0
025658 16.312 10.0 63.237 0
025729 16.312 10.0 63.237 0
025759 16.312 10.0 63.237 0
025830 16.312 10.0 63.175 0
025901 16.312 10.0 63.175 0
025931 16.312 10.0 63.112 0
030002 16.312 10.0 63.112 0
030032 16.312 10.0 63.112 0
030103 16.312 10.0 63.05 0
030134 16.312 10.0 63.05 0
030204 16.312 10.0 62.987 0
030234 16.312 10.0 62.987 0
030305 16.312 10.0 62.925 0
030335 16.312 10.0 62.925 0
030405 16.312 10.0 62.862 0
030435 16.25 10.0 62.8 0
030505 16.25 10.0 62.737 0
030536 16.25 10.0 62.675 0
030606 16.25 10.0 62.675 0
030636 16.25 10.0 62.612 0
030706 16.25 10.0 62.55 0
030737 16.25 10.0 62.55 0
030807 16.25 10.0 62.487 0
030837 16.25 10.0 62.487 0
030907 16.25 10.0 62.425 0
030938 16.25 10.0 62.425 0
031008 16.25 10.0 62.362 0
031038 16.25 10.0 62.362 0
031108 16.25 10.0 62.3 0
031139 16.25 10.0 62.3 0
031209 16.25 10.0 62.237 0
031239 16.25 10.0 62.237 0
031310 16.25 10.0 62.175 0
031341 16.25 10.0 62.175 0
031411 16.25 10.0 62.112 0
031442 16.25 10.0 62.112 0
031512 16.25 10.0 62.05 0
031543 16.25 10.0 62.05 0
031613 16.25 10.0 61.987 0
031644 16.25 10.0 61.987 0
031714 16.25 10.0 61.987 0
031745 16.25 10.0 61.987 0
031815 16.25 10.0 61.987 0
031846 16.25 10.0 61.987 0
031918 16.25 10.0 61.925 0
031948 16.25 10.0 61.925 0
032018 16.25 10.0 61.925 0
032049 16.25 10.0 61.925 0
032119 16.25 10.0 61.925 0
032150 16.187 10.0 61.862 0
032221 16.187 10.0 61.862 0
032251 16.187 10.0 61.8 0
032322 16.187 10.0 61.737 0
032352 16.187 10.0 61.675 0
032423 16.187 10.0 61.675 0
032454 16.187 10.0 61.612 0
032525 16.187 10.0 61.55 0
032555 16.187 10.0 61.487 0
032626 16.187 10.0 61.487 0
032657 16.25 10.0 61.425 0
032727 16.25 10.0 61.425 0
032758 16.25 10.0 61.362 0
032828 16.25 10.0 61.362 0
032858 16.25 10.0 61.3 0
032928 16.25 10.0 61.3 0
032959 16.25 10.0 61.237 0
033029 16.25 10.0 61.237 0
033100 16.25 10.0 61.175 0
033130 16.25 10.0 61.175 0
033200 16.187 10.0 61.112 0
033231 16.187 10.0 61.112 0
033301 16.187 10.0 61.05 0
033332 16.187 10.0 61.05 0
033402 16.187 10.0 60.987 0
033432 16.187 10.0 60.987 0
033503 16.187 10.0 60.925 0
033534 16.187 10.0 60.925 0
033605 16.187 10.0 60.862 0
033635 16.187 10.0 60.862 0
033706 16.187 10.0 60.862 0
033737 16.187 10.0 60.8 0
033807 16.187 10.0 60.8 0
033837 16.187 10.0 60.737 0
033908 16.187 10.0 60.737 0
033939 16.187 10.0 60.675 0
034009 16.187 10.0 60.675 0
034040 16.187 10.0 60.612 0
034111 16.187 10.0 60.55 0
034142 16.187 10.0 60.487 0
034212 16.25 10.0 60.425 0
034243 16.25 10.0 60.3 0
034313 16.25 10.0 60.237 0
034344 16.25 10.0 60.175 0
034415 16.25 10.0 60.112 0
034445 16.187 10.0 60.05 0
034516 16.187 10.0 60.05 0
034546 16.187 10.0 59.987 0
034617 16.187 10.0 59.925 0
034648 16.187 10.0 59.925 0
034718 16.187 10.0 59.862 0
034749 16.187 10.0 59.862 0
034819 16.187 10.0 59.8 0
034849 16.187 10.0 59.8 0
034921 16.187 10.0 59.737 0
034952 16.187 10.0 59.675 0
035022 16.187 10.0 59.675 0
035053 16.187 10.0 59.612 0
035123 16.187 10.0 59.612 0
035153 16.187 10.0 59.55 0
035224 16.187 10.0 59.487 0
035254 16.187 10.0 59.487 0
035325 16.187 10.0 59.425 0
035356 16.187 10.0 59.425 0
035426 16.187 10.0 59.362 0
035457 16.187 10.0 59.362 0
035527 16.187 10.0 59.3 0
035558 16.187 10.0 59.3 0
035628 16.187 10.0 59.237 0
035658 16.187 10.0 59.237 0
035728 16.187 10.0 59.175 0
035759 16.187 10.0 59.175 0
035829 16.187 10.0 59.112 0
035900 16.187 10.0 59.05 0
035931 16.187 10.0 58.925 0
040001 16.187 10.0 58.8 0
040032 16.187 10.0 58.612 0
040102 16.187 10.0 58.487 0
040133 16.187 10.0 58.425 0
040204 16.125 10.0 58.3 0
040234 16.125 10.0 58.237 0
040305 16.125 10.0 58.237 0
040335 16.125 10.0 58.175 0
040405 16.125 10.0 58.112 0
040436 16.125 10.0 58.05 0
040506 16.125 10.0 58.05 0
040536 16.125 10.0 57.987 0
040607 16.125 10.0 57.987 0
040638 16.125 10.0 57.925 0
040708 16.125 10.0 57.862 0
040739 16.125 10.0 57.862 0
040809 16.125 10.0 57.8 0
040840 16.125 10.0 57.8 0
040911 16.125 10.0 57.737 0
040941 16.125 10.0 57.675 0
041011 16.125 10.0 57.675 0
041041 16.125 10.0 57.612 0
041112 16.125 10.0 57.612 0
041142 16.125 10.0 57.55 0
041213 16.125 10.0 57.55 0
041243 16.125 10.0 57.487 0
041314 16.125 10.0 57.425 0
041345 16.125 10.0 57.425 0
041415 16.125 10.0 57.362 0
041445 16.125 10.0 57.362 0
041516 16.125 10.0 57.3 0
041546 16.125 10.0 57.237 0
041617 16.125 10.0 57.175 0
041648 16.125 10.0 56.987 0
041718 16.125 10.0 56.8 0
041749 16.125 10.0 56.612 0
041819 16.125 10.0 56.487 0
041850 16.125 10.0 56.425 0
041921 16.125 10.0 56.362 0
041951 16.125 10.0 56.425 0
042022 16.125 10.0 56.55 0
042052 16.125 10.0 56.862 0
042123 16.125 10.0 57.3 0
042153 16.125 10.0 57.925 0
042223 16.062 10.0 58.8 0
042254 16.062 10.0 59.737 0
042324 16.062 10.0 60.8 0
042355 16.062 10.0 61.8 0
042426 16.062 10.0 62.925 0
042457 16.062 10.0 63.8 0
042527 16.062 10.0 64.425 0
042557 16.062 10.0 64.925 0
042627 16.062 10.0 65.362 0
042658 16.062 10.0 65.675 0
042728 16.062 10.0 65.925 0
042759 16.062 10.0 66.112 0
042829 16.062 10.0 66.237 0
042900 16.062 10.0 66.362 0
042930 16.062 10.0 66.487 0
043001 16.062 10.0 66.612 0
043031 16.062 10.0 66.675 0
043102 16.062 10.0 66.8 0
043132 16.062 10.0 66.862 0
043202 16.062 10.0 66.925 0
043232 16.062 10.0 66.925 0
043302 16.062 10.0 66.987 0
043333 16.062 10.0 67.05 0
043403 16.062 10.0 67.112 0
043434 16.062 10.0 67.175 0
043504 16.062 10.0 67.175 0
043535 16.062 10.0 67.175 0
043606 16.062 10.0 67.175 0
043636 16.062 10.0 67.175 0
043706 16.062 10.0 67.237 0
043736 16.062 10.0 67.237 0
043806 16.062 10.0 67.237 0
043837 16.062 10.0 67.237 0
043908 16.062 10.0 67.237 0
043939 16.062 10.0 67.237 0
044009 16.062 10.0 67.237 0
044040 16.062 10.0 67.237 0
044111 16.062 10.0 67.3 0
044141 16.062 10.0 67.3 0
044211 16.0 10.0 67.3 0
044241 16.0 10.0 67.3 0
044312 16.0 10.0 67.3 0
044343 16.0 10.0 67.3 0
044413 16.0 10.0 67.3 0
044444 16.0 10.0 67.3 0
044515 16.0 10.0 67.3 0
044545 16.0 10.0 67.3 0
044615 16.0 10.0 67.3 0
044646 16.0 10.0 67.3 0
044716 16.0 10.0 67.3 0
044746 16.0 10.0 67.3 0
044817 16.0 10.0 67.3 0
044847 16.0 10.0 67.3 0
044917 16.0 10.0 67.3 0
044948 16.0 10.0 67.3 0
045019 16.0 10.0 67.3 0
045049 16.0 10.0 67.3 0
045120 16.0 10.0 67.3 0
045151 16.0 10.0 67.3 0
045221 16.0 10.0 67.3 0
045251 16.0 10.0 67.3 0
045321 16.0 10.0 67.3 0
045352 16.0 10.0 67.3 0
045422 16.0 10.0 67.3 0
045452 16.0 10.0 67.3 0
045522 16.0 10.0 67.3 0
045553 16.0 10.0 67.3 0
045623 16.0 10.0 67.3 0
045654 16.0 10.0 67.3 0
045724 16.0 10.0 67.3 0
045755 16.0 10.0 67.3 0
045825 16.0 10.0 67.3 0
045855 16.0 10.0 67.237 0
045926 16.0 10.0 67.3 0
045957 16.0 10.0 67.237 0
050027 16.0 10.0 67.237 0
050058 16.0 10.0 67.237 0
050128 16.0 10.0 67.237 0
050158 16.0 10.0 67.237 0
050229 16.0 10.0 67.237 0
050300 16.0 10.0 67.237 0
050330 16.0 10.0 67.175 0
050400 16.0 10.0 67.175 0
050432 16.0 10.0 67.175 0
050503 16.0 10.0 67.175 0
050533 16.0 10.0 67.175 0
050603 16.0 10.0 67.175 0
050633 16.0 10.0 67.112 0
050704 15.937 10.0 67.112 0
050734 15.937 10.0 67.112 0
050804 15.937 10.0 67.112 0
050835 15.937 10.0 67.112 0
050905 15.937 10.0 67.05 0
050935 16.0 10.0 67.05 0
051006 16.0 10.0 67.05 0
051037 16.0 10.0 67.05 0
051107 16.0 10.0 67.05 0
051138 16.0 10.0 66.987 0
051209 15.937 10.0 66.987 0
051240 15.937 10.0 66.987 0
051310 15.937 10.0 66.987 0
051341 15.937 10.0 66.925 0
051411 15.937 10.0 66.925 0
051441 15.937 10.0 66.925 0
051512 15.937 10.0 66.925 0
051542 15.937 10.0 66.862 0
051612 15.937 10.0 66.862 0
051643 15.937 10.0 66.8 0
051714 15.937 10.0 66.8 0
051744 15.937 10.0 66.8 0
051815 15.937 10.0 66.8 0
051845 15.937 10.0 66.8 0
051915 15.937 10.0 66.737 0
051946 15.937 10.0 66.737 0
052016 15.937 10.0 66.737 0
052047 15.937 10.0 66.737 0
052118 15.937 10.0 66.675 0
052148 15.937 10.0 66.675 0
052218 15.937 10.0 66.675 0
052249 15.937 10.0 66.675 0
052320 15.937 10.0 66.612 0
052350 15.937 10.0 66.612 0
052420 15.937 10.0 66.612 0
052451 15.937 10.0 66.55 0
052521 15.937 10.0 66.55 0
052552 15.937 10.0 66.55 0
052622 15.937 10.0 66.55 0
052653 15.937 10.0 66.612 0
052723 15.937 10.0 66.675 0
052753 15.937 10.0 66.737 0
052824 15.937 10.0 66.737 0
052855 15.937 10.0 66.8 0
052925 15.937 10.0 66.8 0
052956 15.875 10.0 66.8 0
053026 15.875 10.0 66.8 0
053057 15.875 10.0 66.8 0
053127 15.875 10.0 66.8 0
053158 15.875 10.0 66.8 0
053228 15.875 10.0 66.8 0
053259 15.875 10.0 66.8 0
053330 15.875 10.0 66.8 0
053400 15.875 10.0 66.8 0
053430 15.875 10.0 66.737 0
053500 15.875 10.0 66.737 0
053531 15.875 10.0 66.737 0
053602 15.875 10.0 66.675 0
053633 15.875 10.0 66.675 0
053704 15.875 10.0 66.675 0
053734 15.875 10.0 66.675 0
053805 15.875 10.0 66.612 0
053835 15.875 10.0 66.612 0
053906 15.875 10.0 66.612 0
053938 15.875 10.0 66.55 0
054008 15.875 10.0 66.55 0
054039 15.875 10.0 66.55 0
054110 15.875 10.0 66.55 0
054140 15.875 10.0 66.55 0
054210 15.875 10.0 66.487 0
054241 15.875 10.0 66.487 0
054311 15.875 10.0 66.487 0
054341 15.875 10.0 66.487 0
054412 15.875 10.0 66.425 0
054442 15.875 10.0 66.425 0
054512 15.875 10.0 66.425 0
054543 15.875 10.0 66.425 0
054613 15.875 10.0 66.362 0
054643 15.875 10.0 66.362 0
054714 15.875 10.0 66.362 0
054745 15.875 10.0 66.3 0
054815 15.875 10.0 66.3 0
054845 15.875 10.0 66.3 0
054915 15.875 10.0 66.3 0
054946 15.875 10.0 66.237 0
055016 15.875 10.0 66.237 0
055047 15.875 10.0 66.237 0
055117 15.875 10.0 66.175 0
055148 15.875 10.0 66.175 0
055219 15.812 10.0 66.175 0
055249 15.812 10.0 66.175 0
055319 15.812 10.0 66.112 0
055349 15.812 10.0 66.112 0
055420 15.812 10.0 66.112 0
055450 15.875 10.0 66.05 0
055520 15.875 10.0 66.05 0
055551 15.875 10.0 65.987 0
055622 15.875 10.0 65.987 0
055652 15.875 10.0 65.925 0
055722 15.875 10.0 65.925 0
055753 15.875 10.0 65.925 0
055823 15.875 10.0 65.862 0
055853 15.875 10.0 65.862 0
055924 15.875 10.0 65.862 0
055954 15.812 10.0 65.8 0
060024 15.812 10.0 65.8 0
060054 15.812 10.0 65.8 0
060125 15.812 10.0 65.737 0
060155 15.812 10.0 65.737 0
060225 15.812 10.0 65.675 0
060255 15.812 10.0 65.675 0
060326 15.812 10.0 65.675 0
060357 15.812 10.0 65.612 0
060427 15.812 10.0 65.612 0
060458 15.812 10.0 65.612 0
060529 15.812 10.0 65.55 0
060600 15.812 10.0 65.55 0
060630 15.812 10.0 65.487 0
060700 15.812 10.0 65.487 0
060730 15.812 10.0 65.487 0
060800 15.812 10.0 65.425 0
060831 15.812 10.0 65.425 0
060901 15.812 10.0 65.362 0
060932 15.812 10.0 65.362 0
061002 15.812 10.0 65.362 0
061032 15.812 10.0 65.3 0
061103 15.812 10.0 65.3 0
061134 15.812 10.0 65.237 0
061204 15.812 10.0 65.237 0
061235 15.812 10.0 65.237 0
061306 15.812 10.0 65.175 0
061336 15.812 10.0 65.175 0
061407 15.812 10.0 65.112 0
061437 15.812 10.0 65.112 0
061508 15.812 10.0 65.05 0
061538 15.812 10.0 64.987 0
061608 15.812 10.0 64.987 0
061638 15.812 10.0 64.925 0
061709 15.812 10.0 64.925 0
061739 15.812 10.0 64.862 0
061810 15.812 10.0 64.862 0
061841 15.812 10.0 64.8 0
061911 15.812 10.0 64.8 0
061943 15.812 10.0 64.737 0
062014 15.812 10.0 64.737 0
062044 15.812 10.0 64.737 0
062114 15.812 10.0 64.675 0
062145 15.812 10.0 64.675 0
062216 15.812 10.0 64.612 0
062246 15.812 10.0 64.612 0
062317 15.812 10.0 64.55 0
062347 15.812 10.0 64.55 0
062418 15.812 10.0 64.55 0
062448 15.812 10.0 64.487 0
062519 15.812 10.0 64.487 0
062549 15.812 10.0 64.425 0
062620 15.812 10.0 64.425 0
062650 15.812 10.0 64.362 0
062720 15.812 10.0 64.362 0
062751 15.812 10.0 64.362 0
062821 15.812 10.0 64.362 0
062852 15.812 10.0 64.425 0
062922 15.812 10.0 64.425 0
062953 15.75 10.0 64.487 0
063023 15.75 10.0 64.487 0
063054 15.75 10.0 64.487 0
063124 15.75 10.0 64.487 0
063155 15.75 10.0 64.487 0
063226 15.75 10.0 64.487 0
063256 15.75 10.0 64.487 0
063326 15.75 10.0 64.487 0
063357 15.75 10.0 64.487 0
063427 15.75 10.0 64.425 0
063458 15.75 10.0 64.362 0
063528 15.75 10.0 64.362 0
063559 15.75 10.0 64.362 0
063629 15.75 10.0 64.3 0
063659 15.75 10.0 64.3 0
063730 15.75 10.0 64.237 0
063801 15.75 10.0 64.237 0
063832 15.75 10.0 64.175 0
063902 15.75 10.0 64.175 0
063932 15.75 10.0 64.175 0
064003 15.75 10.0 64.112 0
064033 15.75 10.0 64.112 0
064103 15.75 10.0 64.05 0
064133 15.75 10.0 64.05 0
064203 15.75 10.0 64.05 0
064234 15.75 10.0 63.987 0
064305 15.75 10.0 63.987 0
064335 15.75 10.0 63.925 0
064405 15.75 10.0 63.925 0
064436 15.75 10.0 63.862 0
064506 15.687 10.0 63.862 0
064536 15.687 10.0 63.862 0
064607 15.687 10.0 63.8 0
064637 15.687 10.0 63.8 0
064708 15.687 10.0 63.8 0
064738 15.687 10.0 63.737 0
064808 15.687 10.0 63.737 0
064839 15.687 10.0 63.675 0
064909 15.687 10.0 63.675 0
064939 15.687 10.0 63.612 0
065010 15.687 10.0 63.612 0
065041 15.687 10.0 63.55 0
065111 15.687 10.0 63.55 0
065141 15.687 10.0 63.55 0
065212 15.687 10.0 63.487 0
065242 15.687 10.0 63.487 0
065313 15.687 10.0 63.425 0
065343 15.687 10.0 63.425 0
065414 15.687 10.0 63.362 0
065444 15.687 10.0 63.3 0
065514 15.687 10.0 63.237 0
065544 15.687 10.0 63.175 0
065615 15.687 10.0 63.112 0
065645 15.687 10.0 63.112 0
065718 15.687 10.0 63.05 0
065748 15.687 10.0 62.987 0
065819 15.687 10.0 62.987 0
065850 15.687 10.0 62.925 0
065920 15.687 10.0 62.925 0
065950 15.687 10.0 62.862 0
070021 15.687 10.0 62.862 0
070052 15.687 10.0 62.8 0
070122 15.687 10.0 62.8 0
070153 15.687 10.0 62.737 0
070224 15.687 10.0 62.737 0
070254 15.687 10.0 62.675 0
070324 15.687 10.0 62.675 0
070354 15.687 10.0 62.612 0
070424 15.687 10.0 62.612 0
070455 15.687 10.0 62.55 0
070525 15.687 10.0 62.55 0
070556 15.687 10.0 62.487 0
070626 15.687 10.0 62.487 0
070657 15.687 10.0 62.425 0
070727 15.687 10.0 62.425 0
070758 15.687 10.0 62.362 0
070829 15.687 10.0 62.362 0
070859 15.687 10.0 62.3 0
070930 15.687 10.0 62.3 0
071001 15.687 10.0 62.237 0
071031 15.687 10.0 62.237 0
071102 15.687 10.0 62.175 0
071132 15.687 10.0 62.175 0
071202 15.687 10.0 62.112 0
071233 15.687 10.0 62.112 0
071303 15.687 10.0 61.987 0
071334 15.687 10.0 61.925 0
071404 15.687 10.0 61.862 0
071435 15.687 10.0 61.737 0
071505 15.625 10.0 61.675 0
071536 15.625 10.0 61.612 0
071606 15.625 10.0 61.612 0
071636 15.625 10.0 61.55 0
071707 15.625 10.0 61.487 0
071737 15.625 10.0 61.487 0
071807 15.625 10.0 61.425 0
071838 15.625 10.0 61.425 0
071908 15.625 10.0 61.362 0
071939 15.625 10.0 61.3 0
072009 15.687 10.0 61.3 0
072039 15.687 10.0 61.237 0
072109 15.687 10.0 61.237 0
072140 15.687 10.0 61.175 0
072210 15.687 10.0 61.175 0
072240 15.625 10.0 61.112 0
072311 15.625 10.0 61.112 0
072342 15.625 10.0 61.05 0
072413 15.625 10.0 60.987 0
072443 15.625 10.0 60.987 0
072513 15.625 10.0 60.925 0
072544 15.625 10.0 60.925 0
072614 15.625 10.0 60.862 0
072644 15.625 10.0 60.862 0
072714 15.625 10.0 60.8 0
072744 15.625 10.0 60.8 0
072815 15.625 10.0 60.737 0
072845 15.625 10.0 60.737 0
072915 15.625 10.0 60.675 0
072946 15.625 10.0 60.675 0
073016 15.625 10.0 60.675 0
073047 15.625 10.0 60.675 0
073117 15.625 10.0 60.675 0
073148 15.625 10.0 60.612 0
073219 15.625 10.0 60.612 0
073249 15.625 10.0 60.55 0
073320 15.625 10.0 60.487 0
073351 15.625 10.0 60.425 0
073421 15.625 10.0 60.425 0
073451 15.625 10.0 60.362 0
073522 15.625 10.0 60.362 0
073552 15.625 10.0 60.3 0
073622 15.625 10.0 60.237 0
073653 15.625 10.0 60.237 0
073725 15.625 10.0 60.175 0
073755 15.625 10.0 60.175 0
073826 15.625 10.0 60.112 0
073856 15.625 10.0 60.112 0
073927 15.625 10.0 60.05 0
073958 15.625 10.0 60.05 0
074028 15.625 10.0 59.987 0
074059 15.625 10.0 59.987 0
074129 15.625 10.0 59.925 0
074200 15.625 10.0 59.925 0
074230 15.625 10.0 59.862 0
074301 15.625 10.0 59.862 0
074331 15.625 10.0 59.8 0
074402 15.625 10.0 59.8 0
074433 15.625 10.0 59.737 0
074504 15.562 10.0 59.737 0
074534 15.562 10.0 59.675 0
074605 15.562 10.0 59.675 0
074635 15.562 10.0 59.612 0
074705 15.562 10.0 59.612 0
074735 15.625 10.0 59.55 0
074806 15.625 10.0 59.55 0
074836 15.625 10.0 59.487 0
074906 15.625 10.0 59.487 0
074937 15.625 10.0 59.425 0
075007 15.562 10.0 59.362 0
075037 15.562 10.0 59.3 0
075108 15.562 10.0 59.175 0
075138 15.562 10.0 59.05 0
075209 15.562 10.0 58.987 0
075239 15.562 10.0 58.925 0
075309 15.562 10.0 58.862 0
075340 15.562 10.0 58.8 0
075410 15.562 10.0 58.737 0
075441 15.562 10.0 58.737 0
075512 15.562 10.0 58.675 0
075543 15.562 10.0 58.675 0
075613 15.562 10.0 58.612 0
075644 15.562 10.0 58.55 0
075714 15.562 10.0 58.55 0
075744 15.562 10.0 58.487 0
075815 15.562 10.0 58.487 0
075845 15.562 10.0 58.425 0
075915 15.562 10.0 58.425 0
075946 15.562 10.0 58.362 0
080016 15.562 10.0 58.362 0
080046 15.562 10.0 58.3 0
080117 15.562 10.0 58.3 0
080147 15.562 10.0 58.237 0
080218 15.562 10.0 58.237 0
080248 15.562 10.0 58.175 0
080318 15.562 10.0 58.175 0
080349 15.562 10.0 58.112 0
080419 15.562 10.0 58.05 0
080450 15.562 10.0 58.05 0
080520 15.562 10.0 57.987 0
080550 15.562 10.0 57.987 0
080621 15.562 10.0 57.925 0
080652 15.562 10.0 57.925 0
080722 15.562 10.0 57.862 0
080753 15.562 10.0 57.8 0
080823 15.562 10.0 57.675 0
080853 15.562 10.0 57.612 0
080924 15.562 10.0 57.487 0
080955 15.562 10.0 57.362 0
081025 15.5 10.0 57.3 0
081055 15.5 10.0 57.237 0
081126 15.5 10.0 57.175 0
081156 15.5 10.0 57.112 0
081229 15.5 10.0 57.05 0
081259 15.5 10.0 57.05 0
081330 15.5 10.0 56.987 0
081401 15.5 10.0 56.987 0
081431 15.5 10.0 56.925 0
081502 15.5 10.0 56.925 0
081533 15.5 10.0 56.862 0
081604 15.5 10.0 56.862 0
081634 15.5 10.0 56.8 0
081704 15.5 10.0 56.8 0
081734 15.5 10.0 56.8 0
081805 15.5 10.0 56.8 0
081836 15.5 10.0 56.862 0
081906 15.5 10.0 57.05 0
081936 15.5 10.0 57.237 0
082006 15.5 10.0 57.675 0
082036 15.5 10.0 58.175 0
082107 15.5 10.0 58.8 0
082137 15.5 10.0 59.737 0
082208 15.5 10.0 60.612 0
082238 15.5 10.0 61.55 0
082308 15.5 10.0 62.487 0
082339 15.5 10.0 63.237 0
082409 15.5 10.0 63.862 0
082439 15.5 10.0 64.425 0
082510 15.5 10.0 64.8 0
082541 15.5 10.0 65.05 0
082611 15.5 10.0 65.237 0
082642 15.5 10.0 65.362 0
082713 15.5 10.0 65.487 0
082743 15.5 10.0 65.55 0
082813 15.5 10.0 65.675 0
082843 15.5 10.0 65.737 0
082914 15.5 10.0 65.737 0
082944 15.5 10.0 65.8 0
083015 15.5 10.0 65.862 0
083046 15.5 10.0 65.925 0
083116 15.5 10.0 65.925 0
083146 15.5 10.0 65.987 0
083217 15.5 10.0 66.05 0
083248 15.5 10.0 66.05 0
083318 15.5 10.0 66.112 0
083349 15.5 10.0 66.112 0
083419 15.5 10.0 66.175 0
083450 15.5 10.0 66.175 0
083520 15.5 10.0 66.175 0
083551 15.5 10.0 66.237 0
083621 15.5 10.0 66.237 0
083652 15.5 10.0 66.3 0
083723 15.5 10.0 66.3 0
083753 15.5 10.0 66.3 0
083824 15.5 10.0 66.362 0
083855 15.5 10.0 66.362 0
083925 15.5 10.0 66.362 0
083955 15.5 10.0 66.362 0
084026 15.5 10.0 66.425 0
084057 15.5 10.0 66.425 0
084128 15.5 10.0 66.425 0
084158 15.5 10.0 66.425 0
084229 15.5 10.0 66.425 0
084259 15.5 10.0 66.425 0
084329 15.5 10.0 66.487 0
084400 15.5 10.0 66.487 0
084430 15.5 10.0 66.487 0
084502 15.437 10.0 66.487 0
084533 15.437 10.0 66.487 0
084603 15.437 10.0 66.55 0
084633 15.437 10.0 66.55 0
084704 15.437 10.0 66.55 0
084734 15.5 10.0 66.55 0
084805 15.5 10.0 66.55 0
084835 15.5 10.0 66.487 0
084906 15.5 10.0 66.487 0
084937 15.5 10.0 66.487 0
085007 15.5 10.0 66.487 0
085037 15.5 10.0 66.487 0
085108 15.5 10.0 66.487 0
085138 15.5 10.0 66.487 0
085208 15.5 10.0 66.487 0
085239 15.437 10.0 66.487 0
085310 15.437 10.0 66.487 0
085340 15.437 10.0 66.487 0
085411 15.437 10.0 66.487 0
085441 15.437 10.0 66.487 0
085512 15.437 10.0 66.487 0
085542 15.437 10.0 66.425 0
085612 15.437 10.0 66.425 0
085643 15.437 10.0 66.425 0
085713 15.437 10.0 66.425 0
085743 15.437 10.0 66.425 0
085814 15.437 10.0 66.425 0
085844 15.437 10.0 66.425 0
085914 15.437 10.0 66.362 0
085945 15.437 10.0 66.362 0
090015 15.437 10.0 66.362 0
090045 15.437 10.0 66.362 0
090116 15.437 10.0 66.362 0
090146 15.437 10.0 66.362 0
090217 15.437 10.0 66.3 0
090247 15.437 10.0 66.3 0
090317 15.437 10.0 66.3 0
090348 15.437 10.0 66.3 0
090419 15.437 10.0 66.3 0
090450 15.437 10.0 66.237 0
090520 15.437 10.0 66.237 0
090551 15.437 10.0 66.237 0
090621 15.437 10.0 66.175 0
090652 15.437 10.0 66.175 0
090723 15.437 10.0 66.175 0
090753 15.437 10.0 66.175 0
090823 15.437 10.0 66.175 0
090854 15.437 10.0 66.112 0
090925 15.437 10.0 66.112 0
090955 15.437 10.0 66.112 0
091025 15.437 10.0 66.112 0
091056 15.437 10.0 66.05 0
091126 15.437 10.0 66.05 0
091157 15.437 10.0 66.05 0
091227 15.437 10.0 66.05 0
091258 15.437 10.0 66.05 0
091328 15.437 10.0 65.987 0
091358 15.437 10.0 65.987 0
091428 15.437 10.0 65.987 0
091458 15.437 10.0 65.987 0
091529 15.437 10.0 65.925 0
091559 15.437 10.0 65.925 0
091629 15.437 10.0 65.925 0
091659 15.437 10.0 65.925 0
091730 15.437 10.0 65.862 0
091800 15.437 10.0 65.862 0
091831 15.437 10.0 65.862 0
091901 15.437 10.0 65.8 0
091932 15.437 10.0 65.8 0
092002 15.437 10.0 65.8 0
092033 15.437 10.0 65.8 0
092103 15.437 10.0 65.737 0
092133 15.437 10.0 65.737 0
092203 15.437 10.0 65.737 0
092236 15.375 10.0 65.675 0
092306 15.375 10.0 65.675 0
092336 15.375 10.0 65.675 0
092407 15.375 10.0 65.612 0
092437 15.375 10.0 65.612 0
092508 15.375 10.0 65.675 0
092539 15.375 10.0 65.737 0
092609 15.375 10.0 65.8 0
092639 15.375 10.0 65.8 0
092709 15.375 10.0 65.8 0
092739 15.375 10.0 65.8 0
092810 15.375 10.0 65.8 0
092840 15.375 10.0 65.8 0
092911 15.375 10.0 65.8 0
092941 15.375 10.0 65.8 0
093012 15.375 10.0 65.8 0
093043 15.375 10.0 65.737 0
093113 15.375 10.0 65.737 0
093144 15.375 10.0 65.737 0
093214 15.375 10.0 65.737 0
093245 15.375 10.0 65.737 0
093316 15.375 10.0 65.737 0
093346 15.375 10.0 65.675 0
093417 15.375 10.0 65.675 0
093447 15.375 10.0 65.675 0
093517 15.375 10.0 65.675 0
093548 15.375 10.0 65.612 0
093618 15.375 10.0 65.612 0
093649 15.375 10.0 65.612 0
093719 15.375 10.0 65.612 0
093749 15.437 10.0 65.55 0
093820 15.437 10.0 65.55 0
093850 15.437 10.0 65.55 0
093920 15.437 10.0 65.55 0
093950 15.437 10.0 65.55 0
094021 15.437 10.0 65.487 0
094051 15.437 10.0 65.487 0
094122 15.437 10.0 65.487 0
094154 15.437 10.0 65.425 0
094224 15.437 10.0 65.425 0
094254 15.437 10.0 65.425 0
094325 15.437 10.0 65.425 0
094356 15.437 10.0 65.362 0
094426 15.437 10.0 65.362 0
094456 15.437 10.0 65.362 0
094527 15.437 10.0 65.3 0
094557 15.437 10.0 65.3 0
094628 15.437 10.0 65.237 0
094659 15.437 10.0 65.237 0
094729 15.437 10.0 65.175 0
094759 15.437 10.0 65.175 0
094830 15.437 10.0 65.112 0
094901 15.437 10.0 65.112 0
094931 15.437 10.0 65.05 0
095002 15.437 10.0 65.05 0
095033 15.437 10.0 64.987 0
095103 15.437 10.0 64.987 0
095134 15.437 10.0 64.987 0
095205 15.437 10.0 64.925 0
095235 15.437 10.0 64.925 0
095306 15.562 10.0 64.862 0
095336 15.562 10.0 64.862 0
095407 15.562 10.0 64.862 0
095438 15.562 10.0 64.8 0
095508 15.562 10.0 64.8 0
095539 15.562 10.0 64.737 0
095609 15.562 10.0 64.737 0
095640 15.562 10.0 64.737 0
095710 15.562 10.0 64.675 0
095742 15.75 10.0 64.675 0
095812 15.75 10.0 64.612 0
095842 15.75 10.0 64.612 0
095913 15.75 10.0 64.612 0
095944 15.75 10.0 64.55 0
100014 15.812 10.0 64.55 0
100045 15.812 10.0 64.487 0
100116 15.812 10.0 64.487 0
100147 15.812 10.0 64.425 0
100217 15.812 10.0 64.425 0
100247 15.937 10.0 64.362 0
100318 15.937 10.0 64.3 0
100349 15.937 10.0 64.237 0
100420 15.937 10.0 64.175 0
100450 15.937 10.0 64.112 0
100520 15.937 10.0 64.05 0
100550 15.937 10.0 64.05 0
100620 15.937 10.0 63.987 0
100650 15.937 10.0 63.987 0
100721 15.937 10.0 63.925 0
100751 16.0 10.0 63.862 0
100821 16.0 10.0 63.862 0
100852 16.0 10.0 63.8 0
100922 16.0 10.0 63.8 0
100953 16.0 10.0 63.737 0
101023 16.0 10.0 63.737 0
101054 16.0 10.0 63.675 0
101124 16.0 10.0 63.675 0
101154 16.0 10.0 63.612 0
101224 16.0 10.0 63.612 0
101254 16.062 10.0 63.55 0
101325 16.062 10.0 63.55 0
101355 16.062 10.0 63.487 0
101425 16.062 10.0 63.487 0
101455 16.062 10.0 63.425 0
101526 16.062 10.0 63.425 0
101556 16.062 10.0 63.362 0
101627 16.062 10.0 63.362 0
101657 16.062 10.0 63.3 0
101728 16.062 10.0 63.237 0
101758 16.125 10.0 63.237 0
101828 16.125 10.0 63.175 0
101859 16.125 10.0 63.05 0
101930 16.125 10.0 63.05 0
102000 16.125 10.0 62.925 0
102031 16.125 10.0 62.8 0
102101 16.125 10.0 62.675 0
102132 16.125 10.0 62.55 0
102202 16.125 10.0 62.425 0
102233 16.125 10.0 62.362 0
102304 16.187 10.0 62.3 0
102334 16.187 10.0 62.237 0
102405 16.187 10.0 62.237 0
102436 16.187 10.0 62.175 0
102506 16.187 10.0 62.112 0
102537 16.25 10.0 62.05 0
102607 16.25 10.0 62.05 0
102638 16.25 10.0 61.987 0
102709 16.25 10.0 61.987 0
102739 16.25 10.0 61.987 0
102809 16.375 10.0 61.925 0
102840 16.375 10.0 61.925 0
102910 16.375 10.0 61.862 0
102941 16.375 10.0 61.862 0
103011 16.375 10.0 61.8 0
103042 16.312 10.0 61.8 0
103113 16.312 10.0 61.737 0
103143 16.312 10.0 61.737 0
103214 16.312 10.0 61.737 0
103247 16.375 10.0 61.675 0
103317 16.375 10.0 61.675 0
103348 16.375 10.0 61.612 0
103419 16.375 10.0 61.55 0
103449 16.375 10.0 61.55 0
103519 16.375 10.0 61.487 0
103550 16.375 10.0 61.425 0
103621 16.375 10.0 61.362 0
103651 16.375 10.0 61.237 0
103722 16.375 10.0 61.05 0
103752 16.312 10.0 60.862 0
103823 16.312 10.0 60.675 0
103853 16.312 10.0 60.55 0
103924 16.312 10.0 60.487 0
103955 16.312 10.0 60.362 0
104025 16.312 10.0 60.3 0
104056 16.312 10.0 60.3 0
104126 16.312 10.0 60.237 0
104157 16.312 10.0 60.175 0
104227 16.312 10.0 60.112 0
104257 16.375 10.0 60.05 0
104328 16.375 10.0 60.05 0
104358 16.375 10.0 59.987 0
104429 16.375 10.0 59.925 0
104500 16.375 10.0 59.925 0
104530 16.375 10.0 59.862 0
104600 16.375 10.0 59.8 0
104630 16.375 10.0 59.8 0
104700 16.375 10.0 59.737 0
104730 16.375 10.0 59.675 0
104801 16.437 10.0 59.612 0
104831 16.437 10.0 59.612 0
104901 16.437 21.0 59.55 0
104932 16.437 21.0 59.487 0
105002 16.437 21.0 59.487 0
105033 16.562 21.0 59.425 0
105104 16.562 21.0 59.362 0
105134 16.562 21.0 59.3 0
105205 16.562 21.0 59.237 0
105235 16.562 21.0 58.987 0
105306 16.562 21.0 58.737 0
105337 16.562 21.0 58.425 0
105407 16.562 21.0 58.05 0
105438 16.562 21.0 57.737 0
105508 16.562 21.0 57.487 0
105538 16.5 21.0 57.3 0
105609 16.5 21.0 57.175 0
105640 16.5 21.0 57.112 0
105710 16.5 21.0 56.987 0
105741 16.5 21.0 56.987 0
105811 16.5 21.0 56.925 0
105841 16.5 21.0 56.925 0
105911 16.5 21.0 56.862 0
105942 16.5 21.0 56.862 0
110012 16.5 21.0 56.925 0
110042 16.5 21.0 56.987 0
110112 16.5 21.0 57.112 0
110143 16.5 21.0 57.487 0
110214 16.5 21.0 58.112 0
110245 16.5 21.0 58.925 0
110315 16.437 21.0 59.8 0
110345 16.437 21.0 60.862 50
110415 16.437 21.0 61.8 50
110446 16.437 21.0 62.8 50
110516 16.437 21.0 63.487 50
110546 16.437 21.0 63.987 50
110617 16.437 21.0 64.362 50
110648 16.437 21.0 64.612 50
110718 16.437 21.0 64.8 50
110749 16.437 21.0 64.862 50
110819 16.437 21.0 64.925 50
110849 16.437 21.0 65.05 50
110920 16.437 21.0 65.05 50
110951 16.437 21.0 65.05 50
111023 16.625 21.0 65.05 50
111053 16.625 21.0 65.05 50
111124 16.625 21.0 64.987 50
111154 16.625 21.0 64.925 50
111224 16.625 21.0 64.862 50
111254 16.812 21.0 64.675 50
111325 16.812 21.0 64.237 50
111355 16.812 21.0 63.362 50
111425 16.812 21.0 61.737 50
111456 16.812 21.0 59.05 0
111526 17.062 21.0 56.3 0
111556 17.062 21.0 54.612 0
111627 17.062 21.0 53.55 0
111658 17.062 21.0 52.925 0
111729 17.062 21.0 52.487 0
111759 17.25 21.0 52.237 0
111829 17.25 21.0 52.05 0
111900 17.25 21.0 51.925 0
111930 17.25 21.0 51.737 0
112000 17.25 21.0 51.612 0
112031 17.375 21.0 51.55 0
112102 17.375 21.0 51.55 0
112133 17.375 21.0 51.737 0
112203 17.375 21.0 51.987 0
112234 17.375 21.0 52.425 0
112304 17.437 21.0 53.05 0
112335 17.437 21.0 53.737 0
112405 17.437 21.0 54.55 0
112436 17.437 21.0 55.487 0
112507 17.437 21.0 56.487 0
112537 17.5 21.0 57.55 0
112608 17.5 21.0 58.612 0
112638 17.5 21.0 59.675 0
112709 17.5 21.0 60.675 50
112739 17.5 21.0 61.675 50
112809 17.375 21.0 62.487 50
112839 17.375 21.0 63.237 50
112909 17.375 21.0 63.675 50
112940 17.375 21.0 64.05 50
113011 17.375 21.0 64.3 50
113041 17.562 21.0 64.487 50
113112 17.562 21.0 64.612 50
113142 17.562 21.0 64.737 50
113213 17.562 21.0 64.8 50
113243 17.562 21.0 64.862 50
113314 17.625 21.0 64.925 50
113344 17.625 21.0 64.987 50
113415 17.625 21.0 64.925 50
113446 17.625 21.0 64.925 50
113517 17.625 21.0 64.862 50
113547 17.625 21.0 64.8 50
113617 17.625 21.0 64.675 50
113648 17.625 21.0 64.425 50
113718 17.625 21.0 64.05 50
113748 17.625 21.0 63.425 50
113819 17.75 21.0 62.425 50
113849 17.75 21.0 61.175 50
113920 17.75 21.0 59.612 0
113951 17.75 21.0 58.112 0
114022 17.75 21.0 57.175 0
114052 17.812 21.0 56.55 0
114122 17.812 21.0 56.05 0
114153 17.812 21.0 55.237 0
114223 17.812 21.0 54.425 0
114254 17.812 21.0 53.55 0
114324 17.875 21.0 53.05 0
114354 17.875 21.0 52.737 0
114425 17.875 21.0 52.862 0
114455 17.875 21.0 53.3 0
114528 17.875 21.0 53.987 0
114558 17.875 21.0 54.737 0
114629 17.875 21.0 55.612 0
114700 17.875 21.0 56.612 0
114730 17.875 21.0 57.612 0
114801 18.062 21.0 58.55 0
114831 18.062 21.0 59.487 0
114902 18.062 21.0 60.425 50
114933 18.062 21.0 61.425 50
115003 18.062 21.0 62.3 50
115033 18.062 16.0 63.112 50
115103 18.062 16.0 63.737 0
115133 18.062 16.0 64.112 0
115204 18.062 16.0 64.487 0
115234 18.062 16.0 64.737 0
115304 18.125 16.0 64.987 0
115335 18.125 16.0 65.112 0
115406 18.125 16.0 65.3 0
115436 18.125 16.0 65.425 0
115507 18.125 16.0 65.487 0
115537 18.25 16.0 65.55 0
115607 18.25 16.0 65.612 0
115638 18.25 16.0 65.737 0
115708 18.25 16.0 65.8 0
115739 18.25 16.0 65.862 0
115810 18.437 16.0 65.925 0
115840 18.437 16.0 65.987 0
115911 18.437 16.0 66.05 0
115942 18.437 16.0 66.112 0
120012 18.437 16.0 66.175 0
120043 18.375 16.0 66.237 0
120113 18.375 16.0 66.3 0
120143 18.375 16.0 66.362 0
120214 18.375 16.0 66.425 0
120244 18.375 16.0 66.425 0
120315 18.312 16.0 66.425 0
120345 18.312 16.0 66.425 0
120416 18.312 16.0 66.487 0
120447 18.312 16.0 66.487 0
120517 18.312 16.0 66.487 0
120548 18.312 16.0 66.487 0
120618 18.312 16.0 66.487 0
120649 18.312 16.0 66.55 0
120719 18.312 16.0 66.55 0
120749 18.312 16.0 66.55 0
120819 18.312 16.0 66.55 0
120850 18.312 16.0 66.612 0
120921 18.312 16.0 66.612 0
120951 18.312 16.0 66.612 0
121022 18.312 16.0 66.612 0
121052 18.312 16.0 66.55 0
121123 18.312 16.0 66.675 0
121153 18.312 16.0 66.675 0
121224 18.312 16.0 66.675 0
121255 18.312 16.0 66.675 0
121325 18.312 16.0 66.675 0
121356 18.312 16.0 66.675 0
121427 18.312 16.0 66.737 0
121457 18.312 16.0 66.737 0
121528 18.312 16.0 66.737 0
121559 18.312 16.0 66.737 0
121630 18.312 16.0 66.737 0
121700 18.312 16.0 66.675 0
121731 18.312 16.0 66.675 0
121803 18.312 16.0 66.675 0
121833 18.312 16.0 66.737 0
121903 18.312 16.0 66.737 0
121934 18.312 16.0 66.737 0
122004 18.312 16.0 66.737 0
122035 18.25 16.0 66.737 0
122106 18.25 16.0 66.737 0
122136 18.25 16.0 66.675 0
122207 18.25 16.0 66.675 0
122237 18.25 16.0 66.675 0
122308 18.437 16.0 66.675 0
122338 18.437 16.0 66.675 0
122408 18.437 16.0 66.675 0
122438 18.437 16.0 66.675 0
122508 18.437 16.0 66.675 0
122539 18.562 16.0 66.675 0
122609 18.562 16.0 66.675 0
122639 18.562 16.0 66.675 0
122710 18.562 16.0 66.612 0
122740 18.562 16.0 66.612 0
122811 18.687 16.0 66.612 0
122842 18.687 16.0 66.612 0
122912 18.687 16.0 66.612 0
122942 18.687 16.0 66.612 0
123013 18.687 16.0 66.612 0
123043 18.625 16.0 66.55 0
123114 18.625 16.0 66.55 0
123144 18.625 16.0 66.55 0
123215 18.625 16.0 66.55 0
123245 18.625 16.0 66.55 0
123315 18.562 16.0 66.55 0
123345 18.562 16.0 66.55 0
123415 18.562 16.0 66.487 0
123446 18.562 16.0 66.487 0
123516 18.562 16.0 66.487 0
123547 18.5 16.0 66.487 0
123617 18.5 16.0 66.487 0
123648 18.5 16.0 66.487 0
123719 18.5 16.0 66.425 0
123749 18.5 16.0 66.425 0
123819 18.5 16.0 66.425 0
123850 18.5 16.0 66.425 0
123920 18.5 16.0 66.425 0
123950 18.5 16.0 66.362 0
124021 18.5 16.0 66.362 0
124051 18.5 16.0 66.362 0
124122 18.5 16.0 66.362 0
124153 18.5 16.0 66.3 0
124223 18.5 16.0 66.3 0
124254 18.5 16.0 66.3 0
124324 18.5 16.0 66.3 0
124354 18.5 16.0 66.3 0
124425 18.5 16.0 66.237 0
124455 18.5 16.0 66.237 0
124526 18.5 16.0 66.237 0
124557 18.5 16.0 66.237 0
124627 18.5 16.0 66.175 0
124658 18.5 16.0 66.175 0
124728 18.5 16.0 66.175 0
124759 18.5 16.0 66.175 0
124830 18.5 16.0 66.112 0
124900 18.5 16.0 66.112 0
124931 18.5 16.0 66.112 0
125002 18.5 16.0 66.112 0
125032 18.5 16.0 66.05 0
125103 18.375 16.0 66.05 0
125133 18.375 16.0 66.05 0
125204 18.375 16.0 66.05 0
125235 18.375 16.0 66.112 0
125307 18.25 16.0 66.175 0
125338 18.25 16.0 66.237 0
125408 18.25 16.0 66.3 0
125439 18.25 16.0 66.3 0
125509 18.25 16.0 66.3 0
125540 18.312 16.0 66.3 0
125611 18.312 16.0 66.362 0
125641 18.312 16.0 66.3 0
125712 18.312 16.0 66.362 0
125742 18.312 16.0 66.3 0
125813 18.25 16.0 66.3 0
125843 18.25 16.0 66.3 0
125914 18.25 16.0 66.3 0
125945 18.25 16.0 66.3 0
130015 18.25 16.0 66.237 0
130046 18.312 16.0 66.237 0
130117 18.312 16.0 66.237 0
130147 18.312 16.0 66.237 0
130218 18.312 16.0 66.237 0
130249 18.312 16.0 66.175 0
130320 18.375 16.0 66.175 0
130350 18.375 16.0 66.175 0
130421 18.375 16.0 66.175 0
130452 18.375 16.0 66.175 0
130522 18.375 16.0 66.175 0
130553 18.312 16.0 66.112 0
130623 18.312 16.0 66.112 0
130654 18.312 16.0 66.112 0
130724 18.312 16.0 66.112 0
130754 18.312 16.0 66.112 0
130825 18.312 16.0 66.05 0
130855 18.312 16.0 66.05 0
130925 18.312 16.0 66.05 0
130956 18.312 16.0 65.987 0
131027 18.312 16.0 65.987 0
131057 18.312 16.0 65.987 0
131127 18.312 16.0 65.987 0
131158 18.312 16.0 65.987 0
131229 18.312 16.0 65.925 0
131259 18.312 16.0 65.925 0
131330 18.25 16.0 65.925 0
131401 18.25 16.0 65.925 0
131431 18.25 16.0 65.862 0
131502 18.25 16.0 65.862 0
131533 18.25 16.0 65.862 0
131603 18.25 16.0 65.862 0
131633 18.25 16.0 65.8 0
131703 18.25 16.0 65.8 0
131734 18.25 16.0 65.737 0
131804 18.25 16.0 65.737 0
131835 18.187 16.0 65.737 0
131905 18.187 16.0 65.675 0
131936 18.187 16.0 65.675 0
132007 18.187 16.0 65.612 0
132037 18.187 16.0 65.612 0
132108 18.25 16.0 65.612 0
132138 18.25 16.0 65.55 0
132208 18.25 16.0 65.55 0
132238 18.25 16.0 65.487 0
132311 18.25 16.0 65.487 0
132341 18.25 16.0 65.487 0
132411 18.25 16.0 65.487 0
132441 18.25 16.0 65.425 0
132512 18.25 16.0 65.425 0
132542 18.187 16.0 65.362 0
132612 18.187 16.0 65.362 0
132643 18.187 16.0 65.362 0
132713 18.187 16.0 65.3 0
132744 18.187 16.0 65.3 0
132814 18.125 16.0 65.3 0
132844 18.125 16.0 65.237 0
132915 18.125 16.0 65.237 0
132946 18.125 16.0 65.175 0
133016 18.125 16.0 65.175 0
133046 18.125 16.0 65.175 0
133117 18.125 16.0 65.112 0
133148 18.125 16.0 65.112 0
133218 18.125 16.0 65.112 0
133248 18.125 16.0 65.05 0
133318 18.062 16.0 65.05 0
133348 18.062 16.0 65.05 0
133418 18.062 16.0 64.987 0
133449 18.062 16.0 64.987 0
133519 18.062 16.0 64.925 0
133550 18.0 16.0 64.862 0
133620 18.0 16.0 64.8 0
133651 18.0 16.0 64.8 0
133722 18.0 16.0 64.737 0
133752 18.0 16.0 64.737 0
133822 17.937 16.0 64.675 0
133852 17.937 16.0 64.675 0
133923 17.937 16.0 64.612 0
133953 17.937 16.0 64.612 0
134024 17.937 16.0 64.55 0
134054 17.937 16.0 64.55 0
134124 17.937 16.0 64.487 0
134155 17.937 16.0 64.487 0
134225 17.937 16.0 64.487 0
134256 17.937 16.0 64.425 0
134326 17.937 16.0 64.425 0
134357 17.937 16.0 64.362 0
134428 17.937 16.0 64.362 0
134459 17.937 16.0 64.3 0
134529 17.937 16.0 64.3 0
134559 17.875 16.0 64.237 0
134630 17.875 16.0 64.237 0
134701 17.875 16.0 64.237 0
134732 17.875 16.0 64.175 0
134802 17.875 16.0 64.112 0
134833 17.875 16.0 64.112 0
134903 17.875 16.0 64.112 0
134934 17.875 16.0 64.05 0
135004 17.875 16.0 64.05 0
135035 17.875 16.0 63.987 0
135105 17.812 16.0 63.987 0
135135 17.812 16.0 63.925 0
135205 17.812 16.0 63.925 0
135236 17.812 16.0 63.862 0
135306 17.812 16.0 63.862 0
135337 17.812 16.0 63.8 0
135407 17.812 16.0 63.8 0
135438 17.812 16.0 63.8 0
135508 17.812 16.0 63.737 0
135538 17.812 16.0 63.737 0
135609 17.812 16.0 63.675 0
135640 17.812 16.0 63.675 0
135711 17.812 16.0 63.675 0
135741 17.812 16.0 63.612 0
135811 17.812 16.0 63.612 0
135841 17.875 16.0 63.612 0
135912 17.875 16.0 63.55 0
135942 17.875 16.0 63.55 0
140013 17.875 16.0 63.55 0
140043 17.875 16.0 63.55 0
140114 17.875 16.0 63.487 0
140144 17.875 16.0 63.487 0
140214 17.875 16.0 63.487 0
140245 17.875 16.0 63.487 0
140317 17.875 16.0 63.425 0
140347 17.875 16.0 63.425 0
140418 17.875 16.0 63.425 0
140448 17.875 16.0 63.362 0
140518 17.875 16.0 63.362 0
140549 17.812 16.0 63.362 0
140619 17.812 16.0 63.3 0
140650 17.812 16.0 63.3 0
140720 17.812 16.0 63.3 0
140751 17.812 16.0 63.237 0
140822 17.875 16.0 63.237 0
140852 17.875 16.0 63.175 0
140923 17.875 16.0 63.175 0
140953 17.875 16.0 63.175 0
141024 17.875 16.0 63.112 0
141054 17.875 16.0 63.112 0
141125 17.875 16.0 63.05 0
141155 17.875 16.0 63.05 0
141226 17.875 16.0 62.987 0
141257 17.875 16.0 62.925 0
141327 17.875 16.0 62.862 0
141358 17.875 16.0 62.8 0
141428 17.875 16.0 62.737 0
141459 17.875 16.0 62.737 0
141529 17.875 16.0 62.675 0
141600 17.937 16.0 62.612 0
141630 17.937 16.0 62.612 0
141701 17.937 16.0 62.55 0
141731 17.937 16.0 62.487 0
141801 17.937 16.0 62.487 0
141832 18.062 16.0 62.425 0
141902 18.062 16.0 62.425 0
141932 18.062 16.0 62.362 0
142002 18.062 16.0 62.362 0
142033 18.062 16.0 62.3 0
142103 18.125 16.0 62.3 0
142134 18.125 16.0 62.237 0
142204 18.125 16.0 62.237 0
142234 18.125 16.0 62.175 0
142305 18.125 16.0 62.175 0
142336 18.187 16.0 62.112 0
142406 18.187 16.0 62.112 0
142437 18.187 16.0 62.05 0
142508 18.187 16.0 62.05 0
142538 18.187 16.0 61.987 0
142608 18.25 16.0 61.987 0
142639 18.25 16.0 61.925 0
142709 18.25 16.0 61.925 0
142740 18.25 16.0 61.862 0
142811 18.25 16.0 61.8 0
142841 18.312 16.0 61.8 0
142911 18.312 16.0 61.737 0
142942 18.312 16.0 61.675 0
143012 18.312 16.0 61.612 0
143043 18.312 16.0 61.487 0
143114 18.312 16.0 61.362 0
143144 18.312 16.0 61.3 0
143214 18.312 16.0 61.175 0
143245 18.312 16.0 61.112 0
143316 18.312 16.0 61.05 0
143346 18.312 16.0 61.05 0
143416 18.312 16.0 60.987 0
143446 18.312 16.0 60.925 0
143516 18.312 16.0 60.862 0
143549 18.375 16.0 60.862 0
143619 18.375 16.0 60.8 0
143650 18.375 16.0 60.8 0
143721 18.375 16.0 60.737 0
143751 18.375 16.0 60.675 0
143822 18.375 16.0 60.675 0
143853 18.375 16.0 60.612 0
143923 18.375 16.0 60.612 0
143954 18.375 16.0 60.55 0
144025 18.375 16.0 60.55 0
144055 18.437 16.0 60.487 0
144126 18.437 16.0 60.425 0
144156 18.437 16.0 60.425 0
144227 18.437 16.0 60.362 0
144258 18.437 16.0 60.362 0
144328 18.437 16.0 60.3 0
144359 18.437 16.0 60.237 0
144430 18.437 16.0 60.237 0
144500 18.437 16.0 60.175 0
144531 18.437 16.0 60.175 0
144601 18.437 16.0 60.112 0
144632 18.437 16.0 60.112 0
144702 18.437 16.0 59.987 0
144732 18.437 16.0 59.925 0
144803 18.437 16.0 59.8 0
144833 18.437 16.0 59.612 0
144903 18.437 16.0 59.487 0
144934 18.437 16.0 59.362 0
145005 18.437 16.0 59.3 0
145035 18.437 16.0 59.175 0
145105 18.437 16.0 59.175 0
145135 18.437 16.0 59.112 0
145206 18.437 16.0 59.05 0
145236 18.437 16.0 58.987 0
145307 18.437 16.0 58.987 0
145337 18.437 16.0 58.925 0
145408 18.437 16.0 58.925 0
145438 18.437 16.0 58.862 0
145509 18.437 16.0 58.862 0
145539 18.437 16.0 58.8 0
145610 18.312 16.0 58.8 0
145640 18.312 16.0 58.8 0
145711 18.312 16.0 58.737 0
145742 18.312 16.0 58.737 0
145812 18.312 16.0 58.737 0
145842 18.25 16.0 58.737 0
145913 18.25 16.0 58.675 0
145944 18.25 16.0 58.675 0
150014 18.25 16.0 58.675 0
150045 18.25 16.0 58.675 0
150116 18.312 16.0 58.612 0
150146 18.312 16.0 58.612 0
150217 18.312 16.0 58.612 0
150248 18.312 16.0 58.612 0
150318 18.312 16.0 58.55 0
150349 18.312 16.0 58.55 0
150420 18.312 16.0 58.487 0
150450 18.312 16.0 58.487 0
150521 18.312 16.0 58.362 0
150554 18.312 16.0 58.3 0
150624 18.312 16.0 58.237 0
150654 18.312 16.0 58.175 0
150724 18.312 16.0 58.112 0
150755 18.312 16.0 58.05 0
150825 18.312 16.0 57.987 0
150855 18.312 16.0 57.987 0
150926 18.312 16.0 57.925 0
150957 18.312 16.0 57.925 0
151027 18.312 16.0 57.862 0
151057 18.25 16.0 57.8 0
151128 18.25 16.0 57.8 0
151158 18.25 16.0 57.8 0
151228 18.25 16.0 57.737 0
151259 18.25 16.0 57.737 0
151329 18.25 16.0 57.675 0
151359 18.25 16.0 57.675 0
151430 18.25 16.0 57.612 0
151500 18.25 16.0 57.612 0
151530 18.25 16.0 57.55 0
151601 18.312 16.0 57.55 0
151632 18.312 16.0 57.487 0
151702 18.312 16.0 57.487 0
151733 18.312 16.0 57.425 0
151804 18.312 16.0 57.425 0
151834 18.25 16.0 57.362 0
151904 18.25 16.0 57.3 0
151935 18.25 16.0 57.237 0
152005 18.25 16.0 57.112 0
152036 18.25 16.0 56.987 0
152106 18.25 16.0 56.862 0
152137 18.25 16.0 56.8 0
152207 18.25 16.0 56.675 0
152237 18.25 16.0 56.612 0
152308 18.25 16.0 56.612 0
152338 18.312 16.0 56.55 0
152408 18.312 16.0 56.55 0
152439 18.312 16.0 56.612 0
152510 18.312 16.0 56.675 0
152540 18.312 16.0 56.925 0
152611 18.375 16.0 57.237 0
152641 18.375 16.0 57.675 0
152712 18.375 16.0 58.362 0
152742 18.375 16.0 59.3 0
152813 18.375 16.0 60.237 0
152844 18.375 16.0 61.237 0
152915 18.375 16.0 62.237 0
152945 18.375 16.0 63.175 0
153016 18.375 16.0 63.925 0
153047 18.375 16.0 64.487 0
153117 18.375 16.0 64.862 0
153148 18.375 16.0 65.237 0
153219 18.375 16.0 65.487 0
153249 18.375 16.0 65.675 0
153320 18.375 16.0 65.862 0
153350 18.375 16.0 65.987 0
153421 18.375 16.0 66.112 0
153451 18.375 16.0 66.175 0
153521 18.375 16.0 66.237 0
153552 18.375 16.0 66.3 0
153622 18.437 16.0 66.362 0
153653 18.437 16.0 66.425 0
153724 18.437 16.0 66.487 0
153754 18.437 16.0 66.487 0
153825 18.437 16.0 66.487 0
153855 18.437 16.0 66.487 0
153925 18.437 16.0 66.55 0
153956 18.437 16.0 66.55 0
154026 18.437 16.0 66.55 0
154056 18.437 16.0 66.55 0
154126 18.5 16.0 66.55 0
154157 18.5 16.0 66.55 0
154227 18.5 16.0 66.55 0
154257 18.5 16.0 66.612 0
154329 18.5 16.0 66.612 0
154400 18.5 16.0 66.612 0
154430 18.5 16.0 66.612 0
154501 18.5 16.0 66.612 0
154531 18.5 16.0 66.612 0
154602 18.5 16.0 66.612 0
154632 18.5 16.0 66.612 0
154702 18.5 16.0 66.612 0
154733 18.5 16.0 66.612 0
154804 18.5 16.0 66.612 0
154834 18.5 16.0 66.612 0
154904 18.5 16.0 66.612 0
154935 18.5 16.0 66.612 0
155005 18.5 16.0 66.612 0
155036 18.5 16.0 66.612 0
155106 18.5 16.0 66.612 0
155137 18.5 16.0 66.612 0
155207 18.5 16.0 66.612 0
155237 18.5 16.0 66.612 0
155307 18.5 16.0 66.612 0
155337 18.562 16.0 66.612 0
155408 18.562 16.0 66.612 0
155438 18.562 16.0 66.612 0
155509 18.562 16.0 66.612 0
155539 18.562 16.0 66.612 0
155609 18.562 16.0 66.612 0
155639 18.562 16.0 66.55 0
155710 18.562 16.0 66.55 0
155740 18.562 16.0 66.55 0
155811 18.562 16.0 66.55 0
155842 18.5 16.0 66.55 0
155912 18.5 16.0 66.55 0
155943 18.5 16.0 66.487 0
160014 18.5 16.0 66.487 0
160044 18.5 16.0 66.487 0
160115 18.562 16.0 66.487 0
160146 18.562 16.0 66.487 0
160216 18.562 16.0 66.487 0
160247 18.562 16.0 66.425 0
160317 18.562 16.0 66.425 0
160347 18.562 16.0 66.425 0
160417 18.562 16.0 66.425 0
160448 18.562 16.0 66.425 0
160519 18.562 16.0 66.425 0
160549 18.562 16.0 66.362 0
160620 18.687 16.0 66.362 0
160650 18.687 16.0 66.362 0
160721 18.687 16.0 66.362 0
160752 18.687 16.0 66.362 0
160822 18.687 16.0 66.3 0
160853 18.625 16.0 66.3 0
160923 18.625 16.0 66.3 0
160954 18.625 16.0 66.3 0
161025 18.625 16.0 66.3 0
161055 18.625 16.0 66.237 0
161126 18.687 16.0 66.237 0
161156 18.687 16.0 66.237 0
161227 18.687 16.0 66.237 0
161258 18.687 16.0 66.175 0
161328 18.687 16.0 66.175 0
161359 18.75 16.0 66.175 0
161430 18.75 16.0 66.175 0
161501 18.75 16.0 66.112 0
161531 18.75 16.0 66.112 0
161601 18.75 16.0 66.112 0
161632 18.75 16.0 66.05 0
161703 18.75 16.0 66.05 0
161734 18.75 16.0 66.05 0
161804 18.75 16.0 66.05 0
161835 18.875 16.0 65.987 0
161906 18.875 16.0 65.987 0
161936 18.875 16.0 65.987 0
162007 18.875 16.0 65.987 0
162038 18.875 16.0 65.925 0
162108 19.0 16.0 65.925 0
162139 19.0 16.0 65.925 0
162209 19.0 16.0 65.862 0
162239 19.0 16.0 65.862 0
162310 19.0 16.0 65.862 0
162341 19.125 16.0 65.8 0
162411 19.125 16.0 65.8 0
162442 19.125 16.0 65.8 0
162512 19.125 16.0 65.737 0
162543 19.125 16.0 65.737 0
162613 19.0 16.0 65.737 0
162644 19.0 16.0 65.737 0
162714 19.0 16.0 65.675 0
162745 19.0 16.0 65.675 0
162815 19.0 16.0 65.675 0
162846 18.937 16.0 65.612 0
162916 18.937 16.0 65.612 0
162947 18.937 16.0 65.612 0
163017 18.937 16.0 65.55 0
163048 18.937 16.0 65.55 0
163118 18.875 16.0 65.55 0
163148 18.875 16.0 65.612 0
163219 18.875 16.0 65.737 0
163249 18.875 20.0 65.737 0
163320 18.875 20.0 65.8 50
163351 18.75 20.0 65.8 50
163421 18.75 20.0 65.8 50
163452 18.75 20.0 65.8 50
163522 18.75 20.0 65.8 50
163553 18.75 20.0 65.737 50
163623 18.687 20.0 65.612 50
163653 18.687 20.0 65.55 50
163723 18.687 20.0 65.425 50
163754 18.687 20.0 65.237 50
163825 18.687 20.0 64.925 50
163855 18.625 20.0 64.55 50
163925 18.625 20.0 63.987 50
163956 18.625 20.0 63.237 50
164026 18.625 20.0 62.362 50
164056 18.625 20.0 61.425 50
164126 18.875 20.0 60.425 50
164156 18.875 20.0 59.3 0
164227 18.875 20.0 58.425 0
164257 18.875 20.0 57.862 0
164328 18.875 20.0 57.487 0
164358 19.0 20.0 57.237 0
164429 19.0 20.0 57.05 0
164500 19.0 20.0 56.925 0
164530 19.0 20.0 56.862 0
164600 19.0 20.0 56.737 0
164631 19.0 20.0 56.737 0
164701 19.0 20.0 56.675 0
164732 19.0 20.0 56.675 0
164803 19.0 20.0 56.675 0
164833 19.0 20.0 56.737 0
164904 19.0 20.0 56.737 0
164934 19.0 20.0 56.8 0
165004 19.0 20.0 56.862 0
165035 19.0 20.0 56.862 0
165105 19.0 20.0 56.8 0
165135 18.937 20.0 56.675 0
165205 18.937 20.0 56.55 0
165235 18.937 20.0 56.487 0
165306 18.937 20.0 56.612 0
165336 18.937 20.0 57.112 0
165407 18.875 20.0 57.8 0
165437 18.875 20.0 58.675 0
165507 18.875 20.0 59.612 0
165538 18.875 20.0 60.737 50
165610 18.875 20.0 61.862 50
165641 18.875 20.0 62.862 50
165712 18.875 20.0 63.675 50
165742 18.875 20.0 64.175 50
165813 18.875 20.0 64.612 50
165843 18.875 20.0 64.862 50
165914 18.875 20.0 64.987 50
165945 18.875 20.0 65.112 50
170015 18.875 20.0 65.237 50
170046 18.875 20.0 65.362 50
170116 18.875 20.0 65.425 50
170147 18.875 20.0 65.425 50
170218 18.875 20.0 65.487 50
170248 18.875 20.0 65.487 50
170319 18.875 20.0 65.487 50
170349 18.937 20.0 65.425 50
170420 18.937 20.0 65.362 50
170450 18.937 20.0 65.3 50
170521 18.937 20.0 65.175 50
170551 18.937 20.0 64.8 50
170622 19.062 20.0 63.737 50
170652 19.062 20.0 61.862 50
170723 19.062 20.0 59.612 0
170753 19.062 20.0 57.425 0
170824 19.062 20.0 55.987 0
170855 19.187 20.0 55.112 0
170925 19.187 20.0 54.675 0
170956 19.187 20.0 54.3 0
171027 19.187 20.0 54.112 0
171057 19.187 20.0 53.925 0
171128 19.25 20.0 53.8 0
171158 19.25 20.0 53.737 0
171229 19.25 20.0 53.862 0
171259 19.25 20.0 54.112 0
171329 19.25 20.0 54.612 0
171400 19.25 20.0 55.3 0
171430 19.25 20.0 56.3 0
171501 19.25 20.0 57.3 0
171531 19.25 20.0 58.3 0
171601 19.25 20.0 59.425 0
171632 19.25 20.0 60.55 50
171703 19.25 20.0 61.737 50
171733 19.25 20.0 62.8 50
171804 19.25 20.0 63.737 50
171834 19.25 20.0 64.362 50
171904 19.187 20.0 64.8 50
171934 19.187 20.0 65.112 50
172005 19.187 20.0 65.362 50
172035 19.187 20.0 65.487 50
172106 19.187 20.0 65.612 50
172136 19.187 20.0 65.675 50
172207 19.187 20.0 65.737 50
172237 19.187 20.0 65.8 50
172308 19.187 20.0 65.862 50
172338 19.187 20.0 65.862 50
172408 19.312 20.0 65.862 50
172439 19.312 20.0 65.862 50
172510 19.312 20.0 65.8 50
172540 19.312 20.0 65.737 50
172610 19.312 20.0 65.55 50
172641 19.437 20.0 65.237 50
172712 19.437 20.0 64.675 50
172742 19.437 20.0 63.737 50
172812 19.437 20.0 62.425 50
172844 19.5 20.0 60.8 50
172914 19.5 20.0 59.175 0
172944 19.5 20.0 57.8 0
173015 19.5 20.0 56.925 0
173046 19.5 20.0 56.3 0
173117 19.562 20.0 55.987 0
173148 19.562 20.0 55.737 0
173218 19.562 20.0 55.612 0
173249 19.562 20.0 55.487 0
173319 19.562 20.0 55.175 50
173349 19.562 20.0 54.862 50
173419 19.562 20.0 54.925 50
173449 19.562 20.0 55.3 50
173520 19.562 20.0 55.862 50
173550 19.562 20.0 56.675 50
173620 19.625 20.0 57.487 50
173650 19.625 20.0 58.362 50
173720 19.625 20.0 59.237 50
173750 19.625 20.0 59.987 50
173820 19.625 20.0 60.925 50
173850 19.625 20.0 61.675 50
173921 19.625 20.0 62.425 50
173951 19.625 20.0 62.987 50
174021 19.625 20.0 63.425 50
174051 19.625 20.0 63.675 50
174121 19.75 20.0 63.925 50
174152 19.75 20.0 64.05 50
174222 19.75 20.0 64.175 50
174252 19.75 20.0 64.3 50
174322 19.75 20.0 64.3 50
174353 19.687 20.0 64.362 50
174423 19.687 20.0 64.362 50
174453 19.687 20.0 64.362 50
174523 19.687 20.0 64.362 50
174553 19.687 20.0 64.237 50
174624 19.812 20.0 64.175 50
174654 19.812 20.0 63.987 50
174724 19.812 20.0 63.737 50
174754 19.812 20.0 63.3 50
174824 19.812 20.0 62.737 50
174854 19.875 20.0 61.925 50
174925 19.875 20.0 61.05 50
174955 19.875 20.0 59.987 50
175025 19.875 20.0 58.987 50
175055 19.875 20.0 57.925 50
175125 19.875 20.0 57.05 50
175155 19.875 20.0 56.175 50
175225 19.875 20.0 55.487 50
175256 19.875 20.0 54.862 50
175326 19.875 20.0 54.425 50
175356 19.875 20.0 54.05 50
175426 19.875 20.0 53.925 0
175456 19.875 20.0 54.112 50
175526 19.875 20.0 54.612 50
175556 19.875 20.0 55.3 50
175627 19.937 20.0 56.05 50
175657 19.937 20.0 56.925 50
175727 19.937 20.0 57.8 50
175757 19.937 20.0 58.737 50
175827 19.937 20.0 59.675 50
175858 19.937 20.0 60.55 50
175928 19.937 20.0 61.425 50
175959 19.937 20.0 62.3 50
180029 19.937 20.0 62.925 50
180059 19.937 20.0 63.362 50
180129 19.937 20.0 63.675 50
180159 19.937 20.0 63.925 50
180229 19.937 20.0 64.05 50
180300 19.937 20.0 64.237 50
180330 19.937 20.0 64.3 50
180400 19.937 20.0 64.425 50
180430 19.937 20.0 64.487 50
180500 19.937 20.0 64.55 50
180530 19.937 20.0 64.55 50
180601 19.937 20.0 64.55 50
180631 20.0 20.0 64.487 50
180701 20.0 20.0 64.425 50
180732 20.0 20.0 64.3 50
180802 20.0 20.0 64.175 50
180832 20.0 20.0 63.925 50
180902 20.0 20.0 63.487 50
180933 20.0 20.0 62.925 50
181003 20.0 20.0 62.175 50
181033 20.0 20.0 61.362 50
181104 20.0 20.0 60.362 50
181134 20.437 20.0 59.362 0
181205 20.437 20.0 58.55 0
181235 20.437 20.0 58.05 0
181306 20.437 20.0 57.675 0
181336 20.437 20.0 57.487 0
181406 20.562 20.0 57.3 0
181437 20.562 20.0 57.237 0
181508 20.562 20.0 57.175 0
181538 20.562 20.0 57.112 0
181609 20.562 20.0 57.05 0
181639 20.5 20.0 57.05 0
181709 20.5 20.0 56.987 0
181740 20.5 20.0 57.05 0
181811 20.5 20.0 57.175 0
181841 20.5 20.0 57.487 0
181911 20.687 20.0 57.987 0
181942 20.687 20.0 58.862 0
182013 20.687 20.0 59.925 0
182043 20.687 20.0 61.112 0
182113 20.687 20.0 62.237 0
182144 20.75 20.0 63.3 0
182214 20.75 20.0 64.175 0
182244 20.75 20.0 64.8 0
182315 20.75 20.0 65.362 0
182345 20.75 20.0 65.8 0
182416 20.812 20.0 66.175 0
182446 20.812 20.0 66.425 0
182516 20.812 20.0 66.675 0
182547 20.812 20.0 66.862 0
182617 20.812 20.0 66.987 0
182647 20.75 20.0 67.05 0
182718 20.75 20.0 67.175 0
182748 20.75 20.0 67.237 0
182819 20.75 20.0 67.3 0
182849 20.75 20.0 67.3 0
182920 20.687 20.0 67.362 0
182950 20.687 20.0 67.425 0
183021 20.687 20.0 67.425 0
183052 20.687 20.0 67.487 0
183124 20.625 20.0 67.487 0
183155 20.625 20.0 67.487 0
183226 20.625 20.0 67.55 0
183257 20.625 20.0 67.55 0
183327 20.625 20.0 67.612 0
183357 20.562 20.0 67.675 0
183428 20.562 20.0 67.675 0
183459 20.562 20.0 67.737 0
183530 20.562 20.0 67.737 0
183600 20.562 20.0 67.8 0
183631 20.375 20.0 67.8 0
183701 20.375 20.0 67.862 0
183732 20.375 20.0 67.862 0
183803 20.375 20.0 67.925 0
183833 20.375 20.0 67.925 0
183904 20.375 20.0 67.925 0
183935 20.375 20.0 67.987 0
184005 20.375 20.0 67.987 0
184035 20.375 20.0 67.987 0
184106 20.375 20.0 68.05 0
184136 20.25 20.0 68.05 0
184207 20.25 20.0 68.05 0
184237 20.25 20.0 68.05 0
184307 20.25 20.0 68.05 0
184337 20.25 20.0 68.112 0
184408 20.125 20.0 68.112 0
184438 20.125 20.0 68.112 0
184509 20.125 20.0 68.112 0
184539 20.125 20.0 68.112 0
184610 20.125 20.0 68.175 0
184641 19.937 20.0 68.175 50
184712 19.937 20.0 68.175 50
184742 19.937 20.0 68.175 50
184813 19.937 20.0 68.175 50
184843 19.937 20.0 68.175 50
184913 19.937 20.0 68.175 50
184944 19.937 20.0 68.175 50
185015 19.937 20.0 68.175 50
185045 19.937 20.0 68.175 50
185115 19.937 20.0 68.112 50
185146 19.937 20.0 68.112 50
185216 19.937 20.0 68.05 50
185246 19.937 20.0 68.05 50
185317 19.937 20.0 67.987 50
185348 19.937 20.0 67.925 50
185419 20.0 20.0 67.862 50
185449 20.0 20.0 67.675 50
185520 20.0 20.0 67.3 50
185550 20.0 20.0 66.612 50
185620 20.0 20.0 65.362 50
185651 20.125 20.0 63.737 0
185722 20.125 20.0 62.55 0
185752 20.125 20.0 61.8 0
185823 20.125 20.0 61.3 0
185853 20.125 20.0 60.987 0
185923 20.25 20.0 60.737 0
185954 20.25 20.0 60.55 0
190024 20.25 20.0 60.425 0
190054 20.25 20.0 60.362 0
190125 20.25 20.0 60.237 0
190156 20.375 20.0 60.175 0
190226 20.375 20.0 60.112 0
190257 20.375 20.0 60.05 0
190327 20.375 20.0 59.987 0
190400 20.5 20.0 59.862 0
190430 20.5 20.0 59.8 0
190500 20.5 20.0 59.737 0
190530 20.5 20.0 59.675 0
190601 20.5 20.0 59.55 0
190632 20.437 20.0 58.987 0
190702 20.437 20.0 57.987 0
190732 20.437 20.0 56.675 0
190803 20.437 20.0 55.362 0
190833 20.437 20.0 54.425 0
190903 20.375 20.0 53.862 0
190934 20.375 20.0 53.487 0
191004 20.375 20.0 53.237 0
191034 20.375 20.0 53.05 0
191105 20.375 20.0 52.925 0
191135 20.375 20.0 52.862 0
191206 20.375 20.0 52.862 0
191236 20.375 20.0 52.8 0
191306 20.375 20.0 52.8 0
191337 20.375 20.0 52.862 0
191408 20.375 20.0 53.112 0
191438 20.375 20.0 53.55 0
191508 20.375 20.0 54.3 0
191538 20.375 20.0 55.175 0
191609 20.375 20.0 56.175 0
191639 20.312 20.0 57.237 0
191709 20.312 20.0 58.425 0
191739 20.312 20.0 59.425 0
191810 20.312 20.0 60.612 0
191841 20.312 20.0 61.8 0
191911 20.375 20.0 62.925 0
191942 20.375 20.0 63.8 0
192012 20.375 20.0 64.55 0
192043 20.375 20.0 65.05 0
192114 20.375 20.0 65.55 0
192145 20.312 20.0 65.925 0
192215 20.312 20.0 66.237 0
192245 20.312 20.0 66.55 0
192316 20.312 20.0 66.8 0
192347 20.312 20.0 66.987 0
192417 20.312 20.0 67.112 0
192447 20.312 20.0 67.237 0
192518 20.312 20.0 67.3 0
192548 20.312 20.0 67.425 0
192618 20.312 20.0 67.487 0
192649 20.312 20.0 67.487 0
192719 20.312 20.0 67.55 0
192750 20.312 20.0 67.612 0
192820 20.312 20.0 67.675 0
192851 20.312 20.0 67.675 0
192922 20.25 20.0 67.675 0
192952 20.25 20.0 67.675 0
193022 20.25 20.0 67.737 0
193052 20.25 20.0 67.737 0
193123 20.25 20.0 67.737 0
193154 20.187 20.0 67.8 0
193224 20.187 20.0 67.8 0
193254 20.187 20.0 67.8 0
193324 20.187 20.0 67.8 0
193354 20.187 20.0 67.862 0
193425 20.125 20.0 67.862 0
193455 20.125 20.0 67.862 0
193525 20.125 20.0 67.862 0
193556 20.125 20.0 67.925 0
193626 20.125 20.0 67.925 0
193656 20.062 20.0 67.925 0
193726 20.062 20.0 67.925 0
193757 20.062 20.0 67.987 0
193828 20.062 20.0 67.987 0
193858 20.062 20.0 67.987 0
193928 20.062 20.0 68.05 0
193959 20.062 20.0 68.05 0
194029 20.062 20.0 68.05 0
194100 20.062 20.0 68.05 0
194130 20.062 20.0 68.112 0
194200 20.0 20.0 68.112 0
194231 20.0 20.0 68.112 0
194301 20.0 20.0 68.112 0
194331 20.0 20.0 68.175 0
194401 20.0 20.0 68.175 0
194432 20.0 20.0 68.175 0
194502 20.0 20.0 68.175 0
194532 20.0 20.0 68.175 0
194603 20.0 20.0 68.175 0
194635 19.937 20.0 68.175 0
194705 19.937 20.0 68.175 50
194736 19.937 20.0 68.175 50
194807 19.937 20.0 68.175 50
194837 19.937 20.0 68.175 50
194908 20.062 20.0 68.175 0
194938 20.062 20.0 68.175 0
195009 20.062 20.0 68.175 0
195040 20.062 20.0 68.175 0
195110 20.062 20.0 68.175 0
195141 20.25 20.0 68.175 0
195211 20.25 20.0 68.112 0
195242 20.25 20.0 68.112 0
195313 20.25 20.0 68.112 0
195343 20.25 20.0 68.112 0
195413 20.25 20.0 68.112 0
195444 20.25 20.0 68.05 0
195514 20.25 20.0 68.05 0
195545 20.25 20.0 68.05 0
195615 20.25 20.0 68.05 0
195646 20.125 20.0 68.05 0
195716 20.125 20.0 67.987 0
195746 20.125 20.0 67.987 0
195816 20.125 20.0 67.987 0
195847 20.125 20.0 67.987 0
195917 20.125 20.0 67.925 0
195947 20.125 20.0 67.925 0
200017 20.125 20.0 67.925 0
200048 20.125 20.0 67.925 0
200119 20.125 20.0 67.862 0
200149 20.062 20.0 67.862 0
200219 20.062 20.0 67.862 0
200250 20.062 20.0 67.862 0
200320 20.062 20.0 67.8 0
200350 20.062 20.0 67.8 0
200420 20.0 20.0 67.8 0
200451 20.0 20.0 67.737 0
200521 20.0 20.0 67.737 0
200552 20.0 20.0 67.737 0
200623 20.0 20.0 67.675 0
200653 20.0 20.0 67.675 0
200724 20.0 20.0 67.675 0
200754 20.0 20.0 67.612 0
200825 20.0 20.0 67.612 0
200855 20.0 20.0 67.55 0
200925 19.937 20.0 67.55 50
200956 19.937 20.0 67.55 50
201026 19.937 20.0 67.487 50
201056 19.937 20.0 67.425 50
201127 19.937 20.0 67.362 50
201157 19.812 20.0 67.3 50
201227 19.812 20.0 67.175 50
201258 19.812 20.0 67.05 50
201328 19.812 20.0 66.862 50
201358 19.812 20.0 66.487 50
201429 19.937 20.0 65.987 50
201500 19.937 20.0 65.237 50
201530 19.937 20.0 64.175 50
201601 19.937 20.0 62.737 50
201631 19.937 20.0 61.05 50
201702 19.875 20.0 59.175 0
201732 19.875 20.0 57.612 0
201803 19.875 20.0 56.612 0
201834 19.875 20.0 55.925 0
201904 19.875 20.0 55.55 0
201935 19.937 20.0 55.237 0
202006 19.937 20.0 55.05 0
202036 19.937 20.0 54.925 0
202106 19.937 20.0 54.862 0
202136 19.937 20.0 54.8 0
202207 20.125 20.0 54.737 0
202237 20.125 20.0 54.675 0
202307 20.125 20.0 54.675 0
202338 20.125 20.0 54.55 0
202410 20.125 20.0 54.112 0
202440 20.125 20.0 53.55 0
202510 20.125 20.0 52.925 0
202541 20.125 20.0 52.3 0
202611 20.125 20.0 51.925 0
202641 20.062 20.0 51.737 0
202711 20.062 20.0 51.987 0
202742 20.062 20.0 52.55 0
202812 20.062 20.0 53.3 0
202842 20.062 20.0 54.112 0
202912 20.0 20.0 54.987 0
202942 20.0 20.0 56.05 0
203013 20.0 20.0 57.237 0
203043 20.0 20.0 58.362 0
203113 20.0 20.0 59.487 0
203143 19.875 20.0 60.675 50
203214 19.875 20.0 61.862 50
203245 19.875 20.0 62.987 50
203316 19.875 20.0 63.925 50
203346 19.875 20.0 64.612 50
203417 19.812 20.0 65.112 50
203447 19.812 20.0 65.487 50
203518 19.812 20.0 65.8 50
203548 19.812 20.0 65.987 50
203619 19.812 20.0 66.112 50
203649 19.75 20.0 66.237 50
203720 19.75 20.0 66.3 50
203750 19.75 20.0 66.362 50
203821 19.75 20.0 66.425 50
203851 19.75 20.0 66.487 50
203922 19.75 20.0 66.425 50
203952 19.75 20.0 66.425 50
204023 19.75 20.0 66.362 50
204053 19.75 20.0 66.3 50
204124 19.75 20.0 66.175 50
204155 19.812 20.0 65.987 50
204225 19.812 20.0 65.612 50
204256 19.812 20.0 64.8 50
204327 19.812 20.0 63.55 50
204357 19.812 20.0 61.8 50
204428 19.875 20.0 59.612 0
204459 19.875 20.0 57.487 0
204529 19.875 20.0 56.112 0
204600 19.875 20.0 55.237 0
204630 19.875 20.0 54.737 0
204701 20.0 20.0 54.425 0
204732 20.0 20.0 54.175 0
204802 20.0 20.0 53.987 0
204832 20.0 20.0 53.925 0
204903 20.0 20.0 53.987 0
204933 20.062 20.0 54.175 0
205003 20.062 20.0 54.55 0
205034 20.062 20.0 55.05 0
205104 20.062 20.0 55.8 0
205135 20.062 20.0 56.862 0
205205 20.062 20.0 57.925 0
205236 20.062 20.0 59.175 0
205306 20.062 20.0 60.3 0
205337 20.062 20.0 61.487 0
205408 20.062 20.0 62.737 0
205438 20.062 20.0 63.862 0
205509 20.062 20.0 64.737 0
205540 20.062 20.0 65.425 0
205611 20.062 20.0 65.925 0
205643 20.125 20.0 66.425 0
205714 20.125 20.0 66.8 0
205745 20.125 20.0 67.112 0
205815 20.125 20.0 67.3 0
205845 20.125 20.0 67.487 0
205916 20.062 20.0 67.675 0
205946 20.062 20.0 67.737 0
210016 20.062 20.0 67.862 0
210047 20.062 20.0 67.925 0
210117 20.062 20.0 67.987 0
210148 20.0 20.0 68.05 0
210219 20.0 20.0 68.112 0
210249 20.0 20.0 68.112 0
210320 20.0 20.0 68.175 0
210350 20.0 20.0 68.175 0
210420 20.0 20.0 68.175 0
210450 20.0 20.0 68.237 0
210521 20.0 20.0 68.237 0
210552 20.0 20.0 68.3 0
210622 20.0 20.0 68.3 0
210652 19.937 20.0 68.3 50
210723 19.937 20.0 68.3 50
210753 19.937 20.0 68.362 50
210824 19.937 20.0 68.362 50
210855 19.937 20.0 68.362 50
210925 19.875 20.0 68.425 50
210955 19.875 20.0 68.425 50
211026 19.875 20.0 68.425 50
211057 19.875 20.0 68.425 50
211128 19.875 20.0 68.425 50
211158 19.875 20.0 68.425 50
211229 19.875 20.0 68.425 50
211300 19.875 20.0 68.362 50
211330 19.875 20.0 68.362 50
211400 19.875 20.0 68.362 50
211431 19.875 20.0 68.3 50
211502 19.875 20.0 68.237 50
211532 19.875 20.0 68.175 50
211603 19.875 20.0 68.05 50
211634 19.875 20.0 67.737 50
211704 20.0 20.0 67.175 50
211735 20.0 20.0 65.987 50
211805 20.0 20.0 64.362 50
211836 20.0 20.0 62.112 50
211907 20.0 20.0 59.487 0
211937 20.062 20.0 56.737 0
212007 20.062 20.0 54.55 0
212038 20.062 20.0 52.925 0
212108 20.062 20.0 51.737 0
212139 20.062 20.0 51.05 0
212210 20.187 20.0 50.55 0
212240 20.187 20.0 50.3 0
212311 20.187 20.0 50.237 0
212342 20.187 20.0 50.3 0
212412 20.187 20.0 50.675 0
212443 20.25 20.0 51.175 0
212513 20.25 20.0 51.987 0
212544 20.25 20.0 52.925 0
212614 20.25 20.0 54.05 0
212647 20.25 20.0 55.3 0
212718 20.25 20.0 56.487 0
212749 20.25 20.0 57.612 0
212819 20.25 20.0 58.737 0
212850 20.25 20.0 59.862 0
212921 20.25 20.0 61.175 0
212952 20.25 20.0 62.362 0
213022 20.25 20.0 63.425 0
213053 20.25 20.0 64.362 0
213123 20.25 20.0 65.112 0
213154 20.187 20.0 65.737 0
213224 20.187 16.0 66.237 0
213255 20.187 16.0 66.612 0
213325 20.187 16.0 66.925 0
213356 20.187 16.0 67.175 0
213426 20.062 16.0 67.362 0
213457 20.062 16.0 67.55 0
213528 20.062 16.0 67.675 0
213558 20.062 16.0 67.8 0
213629 20.062 16.0 67.862 0
213700 20.0 16.0 67.987 0
213730 20.0 16.0 68.05 0
213801 20.0 16.0 68.175 0
213831 20.0 16.0 68.237 0
213902 20.0 16.0 68.3 0
213933 20.0 16.0 68.3 0
214003 20.0 16.0 68.362 0
214033 20.0 16.0 68.362 0
214103 20.0 16.0 68.425 0
214134 20.0 16.0 68.425 0
214204 19.937 16.0 68.425 0
214235 19.937 16.0 68.487 0
214305 19.937 16.0 68.487 0
214336 19.937 16.0 68.487 0
214406 19.937 16.0 68.487 0
214436 19.812 16.0 68.55 0
214507 19.812 16.0 68.55 0
214538 19.812 16.0 68.55 0
214608 19.812 16.0 68.55 0
214638 19.812 16.0 68.55 0
214709 19.687 16.0 68.612 0
214739 19.687 16.0 68.612 0
214810 19.687 16.0 68.612 0
214841 19.687 16.0 68.612 0
214911 19.687 16.0 68.612 0
214941 19.625 16.0 68.612 0
215012 19.625 16.0 68.612 0
215043 19.625 16.0 68.612 0
215113 19.625 16.0 68.675 0
215144 19.625 16.0 68.675 0
215214 19.5 16.0 68.675 0
215244 19.5 16.0 68.675 0
215315 19.5 16.0 68.675 0
215345 19.5 16.0 68.675 0
215416 19.5 16.0 68.675 0
215446 19.437 16.0 68.675 0
215517 19.437 16.0 68.675 0
215548 19.437 16.0 68.675 0
215618 19.437 16.0 68.675 0
215651 19.312 16.0 68.675 0
215721 19.312 16.0 68.675 0
215752 19.312 16.0 68.675 0
215822 19.312 16.0 68.675 0
215853 19.312 16.0 68.675 0
215923 19.312 16.0 68.675 0
215953 19.312 16.0 68.675 0
220023 19.312 16.0 68.737 0
220054 19.312 16.0 68.737 0
220125 19.312 16.0 68.737 0
220155 19.25 16.0 68.675 0
220226 19.25 16.0 68.737 0
220256 19.25 16.0 68.737 0
220327 19.25 16.0 68.675 0
220357 19.25 16.0 68.737 0
220427 19.125 16.0 68.675 0
220458 19.125 16.0 68.675 0
220528 19.125 16.0 68.675 0
220558 19.125 16.0 68.675 0
220628 19.125 16.0 68.675 0
220659 19.062 16.0 68.675 0
220729 19.062 16.0 68.612 0
220800 19.062 16.0 68.612 0
220830 19.062 16.0 68.612 0
220900 19.062 16.0 68.612 0
220931 19.062 16.0 68.612 0
221002 19.062 16.0 68.612 0
221032 19.062 16.0 68.612 0
221103 19.062 16.0 68.55 0
221133 19.062 16.0 68.55 0
221203 18.937 16.0 68.55 0
221234 18.937 16.0 68.55 0
221304 18.937 16.0 68.55 0
221335 18.937 16.0 68.487 0
221405 18.937 16.0 68.487 0
221436 18.875 16.0 68.487 0
221507 18.875 16.0 68.487 0
221537 18.875 16.0 68.487 0
221608 18.875 16.0 68.487 0
221638 18.875 16.0 68.425 0
221709 18.812 16.0 68.425 0
221739 18.812 16.0 68.425 0
221810 18.812 16.0 68.425 0
221840 18.812 16.0 68.362 0
221911 18.812 16.0 68.362 0
221942 18.812 16.0 68.362 0
222012 18.812 16.0 68.362 0
222043 18.812 16.0 68.3 0
222114 18.812 16.0 68.3 0
222145 18.812 16.0 68.3 0
222215 18.75 16.0 68.3 0
222245 18.75 16.0 68.237 0
222315 18.75 16.0 68.237 0
222346 18.75 16.0 68.237 0
222416 18.75 16.0 68.175 0
222447 18.687 16.0 68.175 0
222517 18.687 16.0 68.175 0
222548 18.687 16.0 68.175 0
222618 18.687 16.0 68.175 0
222649 18.687 16.0 68.112 0
222719 18.687 16.0 68.112 0
222750 18.687 16.0 68.112 0
222820 18.687 16.0 68.05 0
222851 18.687 16.0 68.05 0
222922 18.687 16.0 68.05 0
222952 18.562 16.0 68.05 0
223022 18.562 16.0 67.987 0
223053 18.562 16.0 67.987 0
223124 18.562 16.0 67.987 0
223156 18.5 16.0 67.987 0
223227 18.5 16.0 67.987 0
223257 18.5 16.0 68.05 0
223327 18.5 16.0 68.112 0
223357 18.5 16.0 68.112 0
223428 18.5 16.0 68.175 0
223458 18.5 16.0 68.175 0
223529 18.5 16.0 68.175 0
223559 18.5 16.0 68.237 0
223630 18.5 16.0 68.175 0
223700 18.5 16.0 68.175 0
223731 18.5 16.0 68.175 0
223802 18.5 16.0 68.175 0
223832 18.5 16.0 68.175 0
223903 18.5 16.0 68.175 0
223934 18.5 16.0 68.175 0
224004 18.5 16.0 68.175 0
224034 18.5 16.0 68.175 0
224105 18.5 16.0 68.175 0
224135 18.5 16.0 68.175 0
224205 18.5 16.0 68.112 0
224235 18.5 16.0 68.112 0
224306 18.5 16.0 68.112 0
224336 18.5 16.0 68.112 0
224406 18.5 16.0 68.05 0
224437 18.5 16.0 68.05 0
224507 18.5 16.0 68.05 0
224537 18.5 16.0 68.05 0
224607 18.5 16.0 68.05 0
224638 18.5 16.0 67.987 0
224708 18.5 16.0 67.987 0
224738 18.5 16.0 67.987 0
224809 18.5 16.0 67.987 0
224839 18.5 16.0 67.925 0
224909 18.5 16.0 67.925 0
224940 18.5 16.0 67.925 0
225010 18.5 16.0 67.925 0
225041 18.5 16.0 67.925 0
225111 18.5 16.0 67.862 0
225142 18.5 16.0 67.862 0
225212 18.5 16.0 67.862 0
225243 18.5 16.0 67.8 0
225314 18.5 16.0 67.8 0
225344 18.5 16.0 67.8 0
225415 18.5 16.0 67.8 0
225445 18.5 16.0 67.737 0
225516 18.5 16.0 67.737 0
225546 18.5 16.0 67.737 0
225617 18.5 16.0 67.737 0
225647 18.5 16.0 67.675 0
225718 18.5 16.0 67.675 0
225748 18.5 16.0 67.675 0
225819 18.5 16.0 67.612 0
225850 18.5 16.0 67.612 0
225920 18.5 16.0 67.612 0
225950 18.5 16.0 67.55 0
230021 18.5 10.0 67.55 0
230051 18.5 10.0 67.55 0
230121 18.5 10.0 67.487 0
230152 18.5 10.0 67.487 0
230222 18.5 10.0 67.425 0
230253 18.5 10.0 67.425 0
230324 18.5 10.0 67.425 0
230355 18.5 10.0 67.362 0
230425 18.5 10.0 67.362 0
230455 18.5 10.0 67.362 0
230526 18.5 10.0 67.3 0
230557 18.5 10.0 67.3 0
230627 18.5 10.0 67.237 0
230658 18.5 10.0 67.237 0
230728 18.5 10.0 67.237 0
230759 18.5 10.0 67.175 0
230829 18.5 10.0 67.175 0
230900 18.5 10.0 67.175 0
230932 18.5 10.0 67.112 0
231003 18.5 10.0 67.112 0
231033 18.5 10.0 67.05 0
231104 18.5 10.0 67.05 0
231135 18.5 10.0 67.05 0
231205 18.5 10.0 66.987 0
231236 18.5 10.0 66.987 0
231307 18.5 10.0 66.987 0
231337 18.5 10.0 66.925 0
231408 18.5 10.0 66.925 0
231438 18.437 10.0 66.862 0
231509 18.437 10.0 66.862 0
231539 18.437 10.0 66.8 0
231610 18.437 10.0 66.8 0
231640 18.437 10.0 66.8 0
231711 18.437 10.0 66.737 0
231742 18.437 10.0 66.737 0
231812 18.437 10.0 66.737 0
231843 18.437 10.0 66.675 0
231913 18.437 10.0 66.675 0
231943 18.375 10.0 66.612 0
232014 18.375 10.0 66.612 0
232045 18.375 10.0 66.55 0
232115 18.375 10.0 66.55 0
232146 18.375 10.0 66.487 0
232216 18.375 10.0 66.487 0
232246 18.375 10.0 66.425 0
232317 18.375 10.0 66.425 0
232347 18.375 10.0 66.362 0
232417 18.375 10.0 66.3 0
232447 18.375 10.0 66.3 0
232518 18.375 10.0 66.237 0
232549 18.375 10.0 66.237 0
232619 18.375 10.0 66.175 0
232650 18.375 10.0 66.175 0
232720 18.312 10.0 66.112 0
232750 18.312 10.0 66.112 0
232820 18.312 10.0 66.05 0
232850 18.312 10.0 66.05 0
232921 18.312 10.0 66.05 0
232951 18.25 10.0 65.987 0
233022 18.25 10.0 65.987 0
233052 18.25 10.0 65.925 0
233123 18.25 10.0 65.925 0
233154 18.25 10.0 65.862 0
233224 18.25 10.0 65.862 0
233254 18.25 10.0 65.862 0
233324 18.25 10.0 65.8 0
233354 18.25 10.0 65.8 0
233424 18.25 10.0 65.8 0
233455 18.187 10.0 65.8 0
233525 18.187 10.0 65.8 0
233555 18.187 10.0 65.862 0
233625 18.187 10.0 65.862 0
233656 18.187 10.0 65.862 0
233727 18.187 10.0 65.862 0
233757 18.187 10.0 65.862 0
233828 18.187 10.0 65.862 0
233859 18.187 10.0 65.862 0
233929 18.187 10.0 65.862 0
234000 18.125 10.0 65.8 0
234030 18.125 10.0 65.8 0
234100 18.125 10.0 65.8 0
234130 18.125 10.0 65.8 0
234200 18.125 10.0 65.737 0
234231 18.125 10.0 65.737 0
234301 18.125 10.0 65.675 0
234332 18.125 10.0 65.675 0
234402 18.125 10.0 65.612 0
234433 18.125 10.0 65.612 0
234503 18.125 10.0 65.55 0
234533 18.125 10.0 65.55 0
234604 18.125 10.0 65.487 0
234634 18.125 10.0 65.487 0
234707 18.125 10.0 65.425 0
234737 18.125 10.0 65.425 0
234808 18.125 10.0 65.425 0
234838 18.125 10.0 65.362 0
234908 18.125 10.0 65.362 0
234939 18.062 10.0 65.3 0
235010 18.062 10.0 65.3 0
235040 18.062 10.0 65.3 0
235111 18.062 10.0 65.237 0
235141 18.062 10.0 65.237 0
235212 18.0 10.0 65.175 0
235243 18.0 10.0 65.175 0
235314 18.0 10.0 65.175 0
235344 18.0 10.0 65.112 0
235415 18.0 10.0 65.112 0
235445 17.937 10.0 65.05 0
235516 17.937 10.0 65.05 0
235546 17.937 10.0 64.987 0
235617 17.937 10.0 64.987 0
235647 17.937 10.0 64.925 0
235718 17.812 10.0 64.925 0
235748 17.812 10.0 64.925 0
235819 17.812 10.0 64.862 0
235849 17.812 10.0 64.862 0
