235909 19.312 10.0 66.925 0
235940 19.312 10.0 66.925 0
000011 19.312 10.0 66.925 0
000041 19.312 10.0 66.862 0
000111 19.25 10.0 66.862 0
000142 19.25 10.0 66.862 0
000212 19.25 10.0 66.8 0
000243 19.25 10.0 66.8 0
000313 19.25 10.0 66.8 0
000343 19.25 10.0 66.8 0
000414 19.25 10.0 66.737 0
000444 19.25 10.0 66.737 0
000514 19.25 10.0 66.737 0
000544 19.25 10.0 66.737 0
000614 19.25 10.0 66.737 0
000645 19.25 10.0 66.8 0
000716 19.25 10.0 66.862 0
000746 19.25 10.0 66.987 0
000817 19.25 10.0 67.05 0
000847 19.187 10.0 67.05 0
000918 19.187 10.0 67.112 0
000949 19.187 10.0 67.112 0
001019 19.187 10.0 67.112 0
001050 19.187 10.0 67.112 0
001120 19.125 10.0 67.112 0
001150 19.125 10.0 67.112 0
001220 19.125 10.0 67.05 0
001250 19.125 10.0 67.05 0
001321 19.125 10.0 67.05 0
001352 19.125 10.0 67.05 0
001422 19.125 10.0 67.05 0
001453 19.125 10.0 67.05 0
001523 19.125 10.0 67.05 0
001553 19.125 10.0 67.05 0
001623 19.062 10.0 66.987 0
001654 19.062 10.0 66.987 0
001724 19.062 10.0 66.987 0
001754 19.062 10.0 66.987 0
001824 19.062 10.0 66.987 0
001854 19.062 10.0 66.925 0
001925 19.062 10.0 66.925 0
001956 19.062 10.0 66.925 0
002026 19.062 10.0 66.925 0
002056 19.062 10.0 66.925 0
002127 19.062 10.0 66.862 0
002157 19.062 10.0 66.862 0
002227 19.062 10.0 66.862 0
002257 19.062 10.0 66.862 0
002328 19.062 10.0 66.8 0
002358 19.0 10.0 66.8 0
002429 19.0 10.0 66.8 0
002459 19.0 10.0 66.8 0
002530 19.0 10.0 66.737 0
002600 19.0 10.0 66.737 0
002631 19.0 10.0 66.737 0
002701 19.0 10.0 66.737 0
002731 19.0 10.0 66.675 0
002802 19.0 10.0 66.675 0
002832 19.0 10.0 66.675 0
002902 18.937 10.0 66.675 0
002932 18.937 10.0 66.612 0
003002 18.937 10.0 66.612 0
003033 18.937 10.0 66.612 0
003103 18.937 10.0 66.612 0
003134 18.937 10.0 66.55 0
003204 18.937 10.0 66.55 0
003234 18.937 10.0 66.55 0
003305 18.937 10.0 66.487 0
003335 18.937 10.0 66.487 0
003406 18.875 10.0 66.487 0
003436 18.875 10.0 66.425 0
003506 18.875 10.0 66.425 0
003536 18.875 10.0 66.425 0
003607 18.875 10.0 66.425 0
003637 18.875 10.0 66.362 0
003708 18.875 10.0 66.362 0
003738 18.875 10.0 66.362 0
003808 18.875 10.0 66.3 0
003841 18.875 10.0 66.3 0
003911 18.875 10.0 66.3 0
003942 18.875 10.0 66.237 0
004012 18.875 10.0 66.237 0
004043 18.875 10.0 66.237 0
004113 18.875 10.0 66.175 0
004144 18.875 10.0 66.175 0
004214 18.875 10.0 66.175 0
004245 18.875 10.0 66.112 0
004315 18.875 10.0 66.112 0
004345 18.812 10.0 66.112 0
004415 18.812 10.0 66.05 0
004446 18.812 10.0 66.05 0
004516 18.812 10.0 66.05 0
004547 18.812 10.0 65.987 0
004618 18.812 10.0 65.987 0
004648 18.812 10.0 65.987 0
004718 18.812 10.0 65.925 0
004749 18.812 10.0 65.925 0
004819 18.812 10.0 65.925 0
004850 18.812 10.0 65.862 0
004921 18.812 10.0 65.862 0
004951 18.812 10.0 65.8 0
005021 18.812 10.0 65.8 0
005051 18.812 10.0 65.8 0
005122 18.75 10.0 65.737 0
005153 18.75 10.0 65.737 0
005223 18.75 10.0 65.737 0
005253 18.75 10.0 65.675 0
005324 18.75 10.0 65.675 0
005354 18.75 10.0 65.675 0
005425 18.75 10.0 65.612 0
005455 18.75 10.0 65.612 0
005526 18.75 10.0 65.55 0
005556 18.75 10.0 65.55 0
005626 18.75 10.0 65.487 0
005656 18.75 10.0 65.487 0
005727 18.75 10.0 65.425 0
005757 18.75 10.0 65.425 0
005827 18.75 10.0 65.425 0
005858 18.687 10.0 65.362 0
005928 18.687 10.0 65.362 0
005959 18.687 10.0 65.3 0
010029 18.687 10.0 65.3 0
010100 18.687 10.0 65.237 0
010131 18.687 10.0 65.237 0
010202 18.687 10.0 65.175 0
010232 18.687 10.0 65.175 0
010303 18.687 10.0 65.175 0
010333 18.687 10.0 65.112 0
010404 18.687 10.0 65.112 0
010435 18.687 10.0 65.05 0
010506 18.687 10.0 65.05 0
010536 18.687 10.0 65.05 0
010606 18.687 10.0 64.987 0
010637 18.687 10.0 64.987 0
010707 18.687 10.0 64.925 0
010737 18.687 10.0 64.925 0
010808 18.687 10.0 64.925 0
010838 18.687 10.0 64.987 0
010908 18.687 10.0 64.987 0
010939 18.687 10.0 65.05 0
011009 18.687 10.0 65.05 0
011040 18.687 10.0 65.112 0
011110 18.687 10.0 65.112 0
011141 18.625 10.0 65.112 0
011211 18.625 10.0 65.112 0
011242 18.625 10.0 65.112 0
011312 18.625 10.0 65.112 0
011343 18.625 10.0 65.05 0
011413 18.625 10.0 65.05 0
011444 18.625 10.0 65.05 0
011515 18.625 10.0 65.05 0
011545 18.625 10.0 64.987 0
011618 18.625 10.0 64.987 0
011648 18.625 10.0 64.987 0
011718 18.625 10.0 64.987 0
011749 18.625 10.0 64.925 0
011819 18.625 10.0 64.925 0
011849 18.562 10.0 64.925 0
011920 18.562 10.0 64.925 0
011950 18.562 10.0 64.862 0
012021 18.562 10.0 64.862 0
012052 18.562 10.0 64.8 0
012122 18.562 10.0 64.8 0
012152 18.562 10.0 64.737 0
012223 18.562 10.0 64.737 0
012254 18.562 10.0 64.737 0
012324 18.562 10.0 64.675 0
012355 18.562 10.0 64.675 0
012425 18.562 10.0 64.612 0
012455 18.562 10.0 64.612 0
012526 18.562 10.0 64.612 0
012556 18.562 10.0 64.55 0
012626 18.562 10.0 64.55 0
012656 18.562 10.0 64.55 0
012726 18.562 10.0 64.487 0
012756 18.562 10.0 64.487 0
012827 18.562 10.0 64.487 0
012857 18.562 10.0 64.425 0
012927 18.562 10.0 64.425 0
012958 18.562 10.0 64.362 0
013029 18.562 10.0 64.362 0
013100 18.562 10.0 64.362 0
013130 18.5 10.0 64.3 0
013200 18.5 10.0 64.3 0
013230 18.5 10.0 64.237 0
013300 18.5 10.0 64.237 0
013330 18.5 10.0 64.237 0
013401 18.562 10.0 64.175 0
013431 18.562 10.0 64.175 0
013501 18.562 10.0 64.112 0
013532 18.562 10.0 64.112 0
013602 18.562 10.0 64.112 0
013633 18.5 10.0 64.05 0
013703 18.5 10.0 64.05 0
013734 18.5 10.0 64.05 0
013804 18.5 10.0 63.987 0
013834 18.5 10.0 63.987 0
013905 18.5 10.0 63.925 0
013935 18.5 10.0 63.925 0
014005 18.5 10.0 63.925 0
014036 18.5 10.0 63.862 0
014106 18.5 10.0 63.862 0
014136 18.5 10.0 63.8 0
014207 18.5 10.0 63.8 0
014237 18.5 10.0 63.8 0
014307 18.5 10.0 63.737 0
014337 18.5 10.0 63.737 0
014408 18.437 10.0 63.675 0
014438 18.437 10.0 63.612 0
014508 18.437 10.0 63.612 0
014539 18.437 10.0 63.55 0
014609 18.437 10.0 63.487 0
014640 18.437 10.0 63.487 0
014710 18.437 10.0 63.425 0
014740 18.437 10.0 63.425 0
014811 18.437 10.0 63.362 0
014841 18.437 10.0 63.362 0
014911 18.437 10.0 63.3 0
014942 18.437 10.0 63.3 0
015012 18.437 10.0 63.237 0
015042 18.437 10.0 63.237 0
015113 18.437 10.0 63.237 0
015143 18.437 10.0 63.175 0
015214 18.437 10.0 63.175 0
015245 18.437 10.0 63.112 0
015315 18.437 10.0 63.112 0
015346 18.437 10.0 63.05 0
015416 18.437 10.0 63.05 0
015446 18.437 10.0 62.987 0
015517 18.437 10.0 62.987 0
015547 18.437 10.0 62.987 0
015617 18.437 10.0 62.925 0
015648 18.375 10.0 62.925 0
015718 18.375 10.0 62.862 0
015748 18.375 10.0 62.862 0
015818 18.375 10.0 62.8 0
015848 18.375 10.0 62.8 0
015919 18.375 10.0 62.737 0
015949 18.375 10.0 62.737 0
020020 18.375 10.0 62.675 0
020051 18.375 10.0 62.675 0
020121 18.375 10.0 62.675 0
020151 18.375 10.0 62.612 0
020222 18.375 10.0 62.612 0
020252 18.375 10.0 62.55 0
020322 18.375 10.0 62.55 0
020354 18.375 10.0 62.487 0
020425 18.375 10.0 62.487 0
020455 18.375 10.0 62.425 0
020525 18.375 10.0 62.425 0
020556 18.375 10.0 62.362 0
020627 18.375 10.0 62.362 0
020658 18.375 10.0 62.3 0
020729 18.375 10.0 62.3 0
020759 18.375 10.0 62.237 0
020829 18.375 10.0 62.175 0
020859 18.312 10.0 62.112 0
020930 18.312 10.0 62.05 0
021001 18.312 10.0 62.05 0
021031 18.312 10.0 61.987 0
021101 18.312 10.0 61.987 0
021132 18.312 10.0 61.987 0
021202 18.312 10.0 61.987 0
021232 18.312 10.0 61.987 0
021303 18.312 10.0 61.925 0
021333 18.312 10.0 61.925 0
021404 18.312 10.0 61.925 0
021434 18.312 10.0 61.862 0
021504 18.312 10.0 61.862 0
021535 18.312 10.0 61.862 0
021605 18.312 10.0 61.8 0
021635 18.312 10.0 61.8 0
021706 18.312 10.0 61.8 0
021737 18.312 10.0 61.737 0
021808 18.312 10.0 61.737 0
021839 18.312 10.0 61.737 0
021909 18.312 10.0 61.737 0
021939 18.312 10.0 61.675 0
022009 18.312 10.0 61.675 0
022040 18.312 10.0 61.612 0
022110 18.312 10.0 61.612 0
022140 18.25 10.0 61.612 0
022210 18.25 10.0 61.55 0
022241 18.25 10.0 61.55 0
022311 18.25 10.0 61.55 0
022341 18.25 10.0 61.487 0
022411 18.25 10.0 61.487 0
022442 18.25 10.0 61.425 0
022512 18.25 10.0 61.425 0
022542 18.25 10.0 61.425 0
022613 18.25 10.0 61.362 0
022643 18.25 10.0 61.362 0
022713 18.25 10.0 61.362 0
022744 18.25 10.0 61.3 0
022815 18.25 10.0 61.3 0
022845 18.25 10.0 61.237 0
022916 18.25 10.0 61.237 0
022946 18.25 10.0 61.175 0
023016 18.25 10.0 61.175 0
023047 18.25 10.0 61.112 0
023117 18.25 10.0 61.05 0
023148 18.25 10.0 61.05 0
023219 18.25 10.0 60.987 0
023249 18.25 10.0 60.925 0
023320 18.25 10.0 60.862 0
023351 18.25 10.0 60.862 0
023421 18.25 10.0 60.8 0
023452 18.25 10.0 60.737 0
023522 18.25 10.0 60.737 0
023552 18.25 10.0 60.737 0
023623 18.25 10.0 60.675 0
023653 18.25 10.0 60.612 0
023723 18.25 10.0 60.612 0
023753 18.25 10.0 60.55 0
023823 18.25 10.0 60.55 0
023854 18.25 10.0 60.487 0
023924 18.187 10.0 60.487 0
023954 18.187 10.0 60.487 0
024025 18.187 10.0 60.425 0
024055 18.187 10.0 60.425 0
024125 18.187 10.0 60.362 0
024156 18.187 10.0 60.362 0
024226 18.187 10.0 60.3 0
024257 18.187 10.0 60.3 0
024327 18.187 10.0 60.237 0
024358 18.187 10.0 60.237 0
024429 18.187 10.0 60.175 0
024500 18.187 10.0 60.175 0
024530 18.187 10.0 60.112 0
024601 18.187 10.0 60.112 0
024633 18.187 10.0 60.05 0
024703 18.187 10.0 60.05 0
024733 18.187 10.0 59.987 0
024804 18.187 10.0 59.987 0
024834 18.187 10.0 59.987 0
024904 18.187 10.0 59.925 0
024934 18.187 10.0 59.925 0
025005 18.187 10.0 59.862 0
025035 18.187 10.0 59.862 0
025106 18.187 10.0 59.8 0
025136 18.125 10.0 59.8 0
025207 18.125 10.0 59.737 0
025237 18.125 10.0 59.737 0
025308 18.125 10.0 59.675 0
025338 18.125 10.0 59.675 0
025409 18.125 10.0 59.55 0
025439 18.125 10.0 59.487 0
025510 18.125 10.0 59.425 0
025540 18.125 10.0 59.362 0
025611 18.125 10.0 59.3 0
025641 18.125 10.0 59.237 0
025711 18.125 10.0 59.175 0
025742 18.125 10.0 59.175 0
025813 18.125 10.0 59.112 0
025843 18.125 10.0 59.05 0
025914 18.125 10.0 59.05 0
025944 18.125 10.0 58.987 0
030015 18.125 10.0 58.987 0
030046 18.125 10.0 58.925 0
030116 18.125 10.0 58.925 0
030146 18.125 10.0 58.862 0
030217 18.125 10.0 58.862 0
030248 18.125 10.0 58.8 0
030318 18.125 10.0 58.8 0
030349 18.125 10.0 58.737 0
030419 18.125 10.0 58.737 0
030449 18.125 10.0 58.675 0
030520 18.125 10.0 58.675 0
030551 18.125 10.0 58.612 0
030621 18.125 10.0 58.612 0
030652 18.125 10.0 58.55 0
030722 18.125 10.0 58.55 0
030753 18.125 10.0 58.487 0
030824 18.125 10.0 58.487 0
030854 18.125 10.0 58.425 0
030925 18.062 10.0 58.425 0
030955 18.062 10.0 58.362 0
031025 18.062 10.0 58.362 0
031056 18.062 10.0 58.3 0
031126 18.062 10.0 58.3 0
031156 18.062 10.0 58.3 0
031227 18.062 10.0 58.3 0
031257 18.062 10.0 58.3 0
031328 18.062 10.0 58.3 0
031358 18.062 10.0 58.3 0
031429 18.062 10.0 58.3 0
031459 18.062 10.0 58.237 0
031529 18.062 10.0 58.237 0
031600 18.062 10.0 58.237 0
031630 18.062 10.0 58.237 0
031701 18.062 10.0 58.175 0
031731 18.062 10.0 58.112 0
031801 18.062 10.0 58.112 0
031831 18.062 10.0 58.05 0
031901 18.062 10.0 57.987 0
031931 18.062 10.0 57.987 0
032001 18.062 10.0 57.925 0
032032 18.062 10.0 57.925 0
032103 18.062 10.0 57.862 0
032134 18.062 10.0 57.862 0
032204 18.062 10.0 57.8 0
032234 18.062 10.0 57.8 0
032304 18.062 10.0 57.737 0
032335 18.062 10.0 57.737 0
032405 18.062 10.0 57.737 0
032435 18.0 10.0 57.675 0
032506 18.0 10.0 57.675 0
032537 18.0 10.0 57.612 0
032608 18.0 10.0 57.612 0
032640 18.0 10.0 57.55 0
032710 18.0 10.0 57.55 0
032740 18.0 10.0 57.55 0
032811 18.0 10.0 57.487 0
032841 18.0 10.0 57.487 0
032911 18.0 10.0 57.425 0
032942 18.0 10.0 57.425 0
033012 18.0 10.0 57.425 0
033043 18.0 10.0 57.362 0
033113 18.0 10.0 57.362 0
033143 18.0 10.0 57.3 0
033213 18.0 10.0 57.3 0
033244 18.0 10.0 57.237 0
033314 18.0 10.0 57.237 0
033345 18.0 10.0 57.237 0
033415 18.0 10.0 57.175 0
033446 18.0 10.0 57.175 0
033516 18.0 10.0 57.175 0
033546 18.0 10.0 57.112 0
033616 18.0 10.0 57.112 0
033647 18.0 10.0 57.05 0
033717 18.0 10.0 57.05 0
033748 18.0 10.0 57.05 0
033818 18.0 10.0 56.987 0
033848 18.0 10.0 56.925 0
033919 18.0 10.0 56.862 0
033949 18.0 10.0 56.8 0
034020 18.0 10.0 56.737 0
034050 18.0 10.0 56.737 0
034120 18.0 10.0 56.675 0
034150 17.937 10.0 56.675 0
034220 17.937 10.0 56.612 0
034250 17.937 10.0 56.612 0
034321 17.937 10.0 56.675 0
034352 17.937 10.0 56.8 0
034423 18.0 10.0 57.112 0
034454 18.0 10.0 57.55 0
034524 18.0 10.0 58.3 0
034554 18.0 10.0 59.112 0
034625 18.0 10.0 60.112 0
034655 17.937 10.0 61.175 0
034725 17.937 10.0 62.3 0
034755 17.937 10.0 63.362 0
034825 17.937 10.0 64.112 0
034856 17.937 10.0 64.737 0
034926 17.937 10.0 65.237 0
034957 17.937 10.0 65.55 0
035027 17.937 10.0 65.862 0
035057 17.937 10.0 66.05 0
035128 17.937 10.0 66.237 0
035158 17.937 10.0 66.425 0
035228 17.937 10.0 66.55 0
035258 17.937 10.0 66.612 0
035329 17.937 10.0 66.737 0
035359 17.937 10.0 66.8 0
035429 17.937 10.0 66.862 0
035500 17.937 10.0 66.925 0
035530 17.937 10.0 66.987 0
035600 17.937 10.0 67.05 0
035631 17.937 10.0 67.05 0
035701 17.937 10.0 67.112 0
035731 17.937 10.0 67.175 0
035802 17.937 10.0 67.237 0
035833 17.937 10.0 67.3 0
035904 17.937 10.0 67.3 0
035934 17.937 10.0 67.3 0
040004 17.937 10.0 67.362 0
040035 17.937 10.0 67.425 0
040105 17.937 10.0 67.425 0
040136 17.937 10.0 67.425 0
040206 17.875 10.0 67.487 0
040237 17.875 10.0 67.487 0
040307 17.875 10.0 67.425 0
040338 17.875 10.0 67.487 0
040408 17.875 10.0 67.487 0
040438 17.937 10.0 67.487 0
040509 17.937 10.0 67.487 0
040540 17.937 10.0 67.487 0
040610 17.937 10.0 67.487 0
040640 17.937 10.0 67.487 0
040710 17.875 10.0 67.487 0
040742 17.875 10.0 67.487 0
040812 17.875 10.0 67.487 0
040842 17.875 10.0 67.487 0
040915 17.875 10.0 67.487 0
040945 17.875 10.0 67.487 0
041015 17.875 10.0 67.487 0
041046 17.875 10.0 67.487 0
041116 17.875 10.0 67.425 0
041146 17.875 10.0 67.425 0
041217 17.875 10.0 67.425 0
041248 17.875 10.0 67.425 0
041318 17.875 10.0 67.425 0
041349 17.875 10.0 67.425 0
041420 17.875 10.0 67.425 0
041450 17.875 10.0 67.425 0
041520 17.875 10.0 67.425 0
041550 17.875 10.0 67.362 0
041620 17.875 10.0 67.362 0
041651 17.875 10.0 67.362 0
041721 17.875 10.0 67.362 0
041751 17.875 10.0 67.362 0
041822 17.875 10.0 67.362 0
041852 17.875 10.0 67.3 0
041922 17.812 10.0 67.3 0
041953 17.812 10.0 67.3 0
042023 17.812 10.0 67.3 0
042053 17.812 10.0 67.3 0
042124 17.812 10.0 67.237 0
042154 17.812 10.0 67.237 0
042225 17.812 10.0 67.237 0
042255 17.812 10.0 67.237 0
042325 17.812 10.0 67.237 0
042356 17.812 10.0 67.175 0
042426 17.812 10.0 67.175 0
042456 17.812 10.0 67.175 0
042527 17.812 10.0 67.175 0
042558 17.812 10.0 67.175 0
042628 17.812 10.0 67.112 0
042658 17.812 10.0 67.112 0
042729 17.812 10.0 67.112 0
042759 17.812 10.0 67.112 0
042830 17.812 10.0 67.05 0
042900 17.812 10.0 67.05 0
042930 17.812 10.0 67.05 0
043000 17.812 10.0 67.05 0
043030 17.812 10.0 66.987 0
043101 17.812 10.0 66.987 0
043132 17.812 10.0 66.987 0
043202 17.812 10.0 66.987 0
043233 17.812 10.0 66.987 0
043303 17.812 10.0 66.987 0
043333 17.812 10.0 66.925 0
043403 17.812 10.0 66.925 0
043434 17.812 10.0 66.925 0
043504 17.812 10.0 66.862 0
043535 17.812 10.0 66.862 0
043605 17.812 10.0 66.862 0
043636 17.812 10.0 66.8 0
043706 17.812 10.0 66.8 0
043737 17.812 10.0 66.8 0
043807 17.812 10.0 66.8 0
043838 17.812 10.0 66.737 0
043908 17.812 10.0 66.737 0
043939 17.812 10.0 66.737 0
044009 17.812 10.0 66.675 0
044039 17.812 10.0 66.675 0
044109 17.812 10.0 66.675 0
044140 17.812 10.0 66.675 0
044210 17.75 10.0 66.675 0
044241 17.75 10.0 66.612 0
044311 17.75 10.0 66.55 0
044341 17.75 10.0 66.612 0
044412 17.75 10.0 66.612 0
044443 17.75 10.0 66.55 0
044513 17.75 10.0 66.55 0
044544 17.75 10.0 66.55 0
044614 17.75 10.0 66.487 0
044645 17.75 10.0 66.487 0
044715 17.75 10.0 66.487 0
044745 17.75 10.0 66.487 0
044815 17.75 10.0 66.425 0
044846 17.75 10.0 66.425 0
044916 17.75 10.0 66.425 0
044947 17.75 10.0 66.487 0
045017 17.75 10.0 66.612 0
045047 17.75 10.0 66.675 0
045117 17.75 10.0 66.737 0
045148 17.75 10.0 66.8 0
045218 17.75 10.0 66.862 0
045248 17.75 10.0 66.862 0
045319 17.75 10.0 66.862 0
045349 17.75 10.0 66.862 0
045420 17.75 10.0 66.862 0
045450 17.75 10.0 66.862 0
045521 17.75 10.0 66.862 0
045551 17.75 10.0 66.862 0
045622 17.75 10.0 66.862 0
045654 17.75 10.0 66.862 0
045724 17.75 10.0 66.8 0
045755 17.75 10.0 66.8 0
045825 17.75 10.0 66.8 0
045856 17.75 10.0 66.8 0
045926 17.687 10.0 66.8 0
045956 17.687 10.0 66.8 0
050027 17.687 10.0 66.737 0
050057 17.687 10.0 66.737 0
050128 17.687 10.0 66.737 0
050158 17.687 10.0 66.737 0
050229 17.687 10.0 66.737 0
050259 17.687 10.0 66.737 0
050330 17.687 10.0 66.675 0
050400 17.687 10.0 66.675 0
050430 17.687 10.0 66.675 0
050500 17.687 10.0 66.675 0
050530 17.687 10.0 66.612 0
050601 17.687 10.0 66.612 0
050631 17.687 10.0 66.612 0
050702 17.687 10.0 66.612 0
050732 17.687 10.0 66.55 0
050803 17.687 10.0 66.55 0
050834 17.687 10.0 66.55 0
050904 17.687 10.0 66.55 0
050934 17.75 10.0 66.487 0
051005 17.75 10.0 66.487 0
051036 17.75 10.0 66.487 0
051106 17.75 10.0 66.487 0
051137 17.75 10.0 66.362 0
051207 17.687 10.0 66.425 0
051238 17.687 10.0 66.425 0
051308 17.687 10.0 66.362 0
051339 17.687 10.0 66.3 0
051409 17.687 10.0 66.362 0
051439 17.687 10.0 66.362 0
051510 17.687 10.0 66.3 0
051540 17.687 10.0 66.112 0
051611 17.687 10.0 66.112 0
051641 17.687 10.0 66.237 0
051711 17.687 10.0 66.175 0
051741 17.687 10.0 66.237 0
051811 17.687 10.0 66.237 0
051841 17.687 10.0 66.175 0
051912 17.687 10.0 66.05 0
051942 17.687 10.0 66.112 0
052012 17.687 10.0 66.112 0
052042 17.687 10.0 65.987 0
052112 17.687 10.0 65.925 0
052142 17.687 10.0 65.987 0
052213 17.687 10.0 65.987 0
052243 17.687 10.0 65.862 0
052313 17.687 10.0 65.8 0
052343 17.687 10.0 65.8 0
052414 17.687 10.0 65.8 0
052444 17.625 10.0 65.737 0
052515 17.625 10.0 65.8 0
052546 17.625 10.0 65.737 0
052616 17.625 10.0 65.737 0
052647 17.625 10.0 65.737 0
052717 17.625 10.0 65.8 0
052747 17.625 10.0 65.612 0
052817 17.625 10.0 65.612 0
052848 17.625 10.0 65.55 0
052919 17.625 10.0 65.55 0
052949 17.625 10.0 65.675 0
053019 17.625 10.0 65.737 0
053050 17.625 10.0 65.737 0
053120 17.625 10.0 65.737 0
053151 17.625 10.0 65.737 0
053221 17.625 10.0 65.675 0
053252 17.625 10.0 65.675 0
053322 17.625 10.0 65.675 0
053353 17.625 10.0 65.675 0
053423 17.625 10.0 65.612 0
053453 17.625 10.0 65.612 0
053524 17.625 10.0 65.612 0
053555 17.625 10.0 65.55 0
053625 17.625 10.0 65.55 0
053655 17.625 10.0 65.55 0
053726 17.625 10.0 65.487 0
053756 17.625 10.0 65.487 0
053827 17.625 10.0 65.425 0
053858 17.625 10.0 65.425 0
053930 17.625 10.0 65.425 0
054000 17.625 10.0 65.362 0
054030 17.625 10.0 65.3 0
054100 17.625 10.0 65.3 0
054130 17.625 10.0 65.3 0
054201 17.625 10.0 65.237 0
054232 17.625 10.0 65.237 0
054303 17.625 10.0 65.175 0
054333 17.625 10.0 65.175 0
054403 17.625 10.0 65.112 0
054433 17.625 10.0 65.112 0
054504 17.625 10.0 65.112 0
054534 17.625 10.0 65.05 0
054604 17.625 10.0 64.987 0
054634 17.625 10.0 64.925 0
054705 17.562 10.0 64.925 0
054735 17.562 10.0 64.737 0
054805 17.562 10.0 64.675 0
054836 17.562 10.0 64.612 0
054906 17.562 10.0 64.612 0
054937 17.562 10.0 64.55 0
055007 17.562 10.0 64.55 0
055038 17.562 10.0 64.675 0
055108 17.562 10.0 64.55 0
055138 17.562 10.0 64.612 0
055209 17.562 10.0 64.612 0
055239 17.562 10.0 64.675 0
055310 17.562 10.0 64.675 0
055341 17.562 10.0 64.737 0
055412 17.562 10.0 64.737 0
055442 17.562 10.0 64.737 0
055512 17.562 10.0 64.737 0
055543 17.562 10.0 64.675 0
055613 17.562 10.0 64.675 0
055644 17.562 10.0 64.675 0
055714 17.562 10.0 64.675 0
055744 17.562 10.0 64.612 0
055815 17.562 10.0 64.612 0
055846 17.562 10.0 64.612 0
055916 17.562 10.0 64.612 0
055946 17.562 10.0 64.612 0
060016 17.562 10.0 64.55 0
060046 17.562 10.0 64.55 0
060117 17.562 10.0 64.55 0
060148 17.562 10.0 64.55 0
060218 17.562 10.0 64.487 0
060249 17.562 10.0 64.487 0
060319 17.562 10.0 64.487 0
060349 17.562 10.0 64.425 0
060419 17.562 10.0 64.425 0
060449 17.562 10.0 64.425 0
060519 17.562 10.0 64.362 0
060550 17.562 10.0 64.362 0
060621 17.562 10.0 64.3 0
060652 17.562 10.0 64.3 0
060722 17.562 10.0 64.3 0
060752 17.562 10.0 64.237 0
060823 17.562 10.0 64.237 0
060853 17.562 10.0 64.237 0
060924 17.562 10.0 64.175 0
060954 17.5 10.0 64.175 0
061025 17.5 10.0 64.175 0
061056 17.5 10.0 64.112 0
061126 17.5 10.0 64.112 0
061157 17.5 10.0 64.112 0
061227 17.5 10.0 64.05 0
061257 17.5 10.0 64.05 0
061328 17.5 10.0 64.05 0
061359 17.5 10.0 63.987 0
061429 17.5 10.0 63.987 0
061500 17.5 10.0 63.987 0
061530 17.5 10.0 63.925 0
061601 17.5 10.0 63.925 0
061631 17.5 10.0 63.925 0
061701 17.5 10.0 63.862 0
061731 17.5 10.0 63.862 0
061802 17.5 10.0 63.8 0
061832 17.5 10.0 63.8 0
061903 17.5 10.0 63.8 0
061934 17.5 10.0 63.737 0
062005 17.5 10.0 63.737 0
062035 17.5 10.0 63.737 0
062106 17.5 10.0 63.675 0
062136 17.5 10.0 63.675 0
062208 17.5 10.0 63.612 0
062238 17.5 10.0 63.612 0
062309 17.5 10.0 63.612 0
062340 17.5 10.0 63.55 0
062410 17.5 10.0 63.55 0
062440 17.5 10.0 63.487 0
062511 17.5 10.0 63.487 0
062541 17.5 10.0 63.487 0
062612 17.5 10.0 63.487 0
062642 17.5 10.0 63.425 0
062712 17.5 10.0 63.425 0
062742 17.5 10.0 63.362 0
062812 17.5 10.0 63.362 0
062843 17.5 10.0 63.362 0
062913 17.5 10.0 63.3 0
062944 17.437 10.0 63.237 0
063015 17.437 10.0 63.237 0
063045 17.437 10.0 63.175 0
063115 17.437 10.0 63.175 0
063145 17.437 10.0 63.112 0
063215 17.437 10.0 63.112 0
063246 17.437 10.0 63.05 0
063316 17.437 10.0 63.05 0
063346 17.437 10.0 62.987 0
063417 17.437 10.0 62.987 0
063447 17.437 10.0 62.925 0
063517 17.437 10.0 62.925 0
063548 17.437 10.0 62.925 0
063619 17.437 10.0 62.862 0
063649 17.437 10.0 62.862 0
063719 17.437 10.0 62.862 0
063750 17.437 10.0 62.8 0
063820 17.437 10.0 62.8 0
063851 17.437 10.0 62.737 0
063921 17.437 10.0 62.737 0
063952 17.437 10.0 62.675 0
064022 17.437 10.0 62.675 0
064052 17.437 10.0 62.612 0
064122 17.437 10.0 62.612 0
064152 17.437 10.0 62.612 0
064223 17.437 10.0 62.55 0
064254 17.437 10.0 62.55 0
064324 17.437 10.0 62.487 0
064354 17.437 10.0 62.487 0
064424 17.437 10.0 62.425 0
064455 17.562 10.0 62.425 0
064525 17.562 10.0 62.425 0
064555 17.562 10.0 62.362 0
064626 17.562 10.0 62.362 0
064656 17.562 10.0 62.3 0
064726 17.687 10.0 62.3 0
064756 17.687 10.0 62.237 0
064826 17.687 10.0 62.237 0
064857 17.687 10.0 62.237 0
064928 17.687 10.0 62.175 0
064959 17.812 10.0 62.175 0
065029 17.812 10.0 62.112 0
065059 17.812 10.0 62.112 0
065130 17.812 10.0 62.05 0
065200 17.812 10.0 62.05 0
065231 17.937 10.0 61.987 0
065301 17.937 10.0 61.987 0
065332 17.937 10.0 61.987 0
065402 17.937 10.0 61.987 0
065432 17.937 10.0 62.05 0
065503 18.062 10.0 61.987 0
065534 18.062 10.0 61.987 0
065605 18.062 10.0 61.987 0
065635 18.062 10.0 61.925 0
065705 18.062 10.0 61.925 0
065735 18.125 10.0 61.925 0
065805 18.125 10.0 61.925 0
065836 18.125 10.0 61.925 0
065907 18.125 10.0 61.925 0
065938 18.125 10.0 61.987 0
070008 18.125 10.0 61.925 0
070039 18.125 10.0 61.862 0
070109 18.125 10.0 61.862 0
070139 18.125 10.0 61.8 0
070210 18.125 10.0 61.8 0
070241 18.187 10.0 61.8 0
070311 18.187 10.0 61.737 0
070342 18.187 10.0 61.8 0
070412 18.187 10.0 61.925 0
070444 18.187 10.0 61.925 0
070514 18.187 10.0 61.925 0
070544 18.187 10.0 61.925 0
070615 18.187 10.0 61.925 0
070645 18.187 10.0 61.862 0
070716 18.312 10.0 61.862 0
070746 18.312 10.0 61.862 0
070816 18.312 10.0 61.8 0
070847 18.312 10.0 61.8 0
070918 18.312 10.0 61.8 0
070948 18.312 10.0 61.737 0
071019 18.312 10.0 61.737 0
071049 18.312 10.0 61.737 0
071119 18.312 10.0 61.675 0
071150 18.312 10.0 61.675 0
071220 18.375 10.0 61.55 0
071251 18.375 10.0 61.55 0
071321 18.375 10.0 61.487 0
071352 18.375 10.0 61.487 0
071422 18.375 10.0 61.425 0
071452 18.375 10.0 61.425 0
071522 18.375 10.0 61.362 0
071552 18.375 10.0 61.3 0
071623 18.375 10.0 61.3 0
071653 18.375 10.0 61.237 0
071724 18.437 10.0 61.175 0
071754 18.437 10.0 61.175 0
071824 18.437 10.0 61.112 0
071855 18.437 10.0 61.05 0
071925 18.437 10.0 60.987 0
071956 18.375 10.0 60.987 0
072026 18.375 10.0 60.925 0
072057 18.375 10.0 60.925 0
072128 18.375 10.0 60.862 0
072159 18.375 10.0 60.862 0
072229 18.437 10.0 60.8 0
072259 18.437 10.0 60.8 0
072330 18.437 10.0 60.737 0
072400 18.437 10.0 60.737 0
072430 18.437 10.0 60.737 0
072501 18.375 10.0 60.737 0
072531 18.375 10.0 60.675 0
072602 18.375 10.0 60.675 0
072632 18.375 10.0 60.675 0
072703 18.375 10.0 60.612 0
072733 18.437 10.0 60.612 0
072804 18.437 10.0 60.55 0
072834 18.437 10.0 60.55 0
072904 18.437 10.0 60.487 0
072935 18.437 10.0 60.487 0
073005 18.437 10.0 60.487 0
073035 18.437 10.0 60.425 0
073106 18.437 10.0 60.425 0
073136 18.437 10.0 60.425 0
073207 18.437 10.0 60.362 0
073237 18.437 10.0 60.362 0
073307 18.437 10.0 60.3 0
073337 18.437 10.0 60.3 0
073407 18.437 10.0 60.237 0
073437 18.437 10.0 60.237 0
073508 18.437 10.0 60.175 0
073538 18.437 10.0 60.175 0
073609 18.437 10.0 60.175 0
073640 18.437 10.0 60.112 0
073711 18.437 10.0 60.112 0
073741 18.437 10.0 60.05 0
073811 18.437 10.0 60.05 0
073842 18.437 10.0 59.987 0
073912 18.437 10.0 59.987 0
073942 18.437 10.0 59.925 0
074013 18.437 10.0 59.862 0
074043 18.437 10.0 59.8 0
074114 18.437 10.0 59.675 0
074144 18.437 10.0 59.612 0
074214 18.437 10.0 59.55 0
074244 18.437 10.0 59.55 0
074315 18.437 10.0 59.487 0
074345 18.437 10.0 59.425 0
074416 18.437 10.0 59.425 0
074446 18.437 10.0 59.362 0
074516 18.437 10.0 59.362 0
074546 18.437 10.0 59.3 0
074617 18.437 10.0 59.237 0
074647 18.437 10.0 59.237 0
074718 18.437 10.0 59.175 0
074748 18.5 10.0 59.175 0
074818 18.5 10.0 59.112 0
074848 18.5 10.0 59.05 0
074918 18.5 10.0 58.987 0
074949 18.5 10.0 58.987 0
075019 18.437 10.0 58.987 0
075050 18.437 10.0 58.925 0
075120 18.437 10.0 58.925 0
075151 18.437 10.0 58.862 0
075223 18.5 10.0 58.862 0
075254 18.5 10.0 58.8 0
075324 18.5 10.0 58.8 0
075354 18.5 10.0 58.737 0
075424 18.5 10.0 58.737 0
075455 18.562 10.0 58.737 0
075525 18.562 10.0 58.737 0
075556 18.562 10.0 58.737 0
075626 18.562 10.0 58.737 0
075657 18.562 10.0 58.737 0
075727 18.562 10.0 58.737 0
075758 18.562 10.0 58.675 0
075828 18.562 10.0 58.675 0
075859 18.562 10.0 58.675 0
075930 18.562 10.0 58.675 0
080000 18.625 10.0 58.675 0
080031 18.625 10.0 58.612 0
080101 18.625 10.0 58.612 0
080131 18.625 10.0 58.55 0
080202 18.625 10.0 58.55 0
080232 18.625 10.0 58.487 0
080303 18.625 10.0 58.425 0
080333 18.625 10.0 58.362 0
080403 18.625 10.0 58.362 0
080433 18.625 10.0 58.3 0
080504 18.625 10.0 58.3 0
080534 18.625 10.0 58.237 0
080605 18.625 10.0 58.237 0
080635 18.625 10.0 58.175 0
080706 18.625 10.0 58.175 0
080737 18.625 10.0 58.112 0
080808 18.625 10.0 58.112 0
080838 18.625 10.0 58.05 0
080908 18.625 10.0 58.05 0
080939 18.625 10.0 58.05 0
081009 18.562 10.0 57.987 0
081040 18.562 10.0 57.987 0
081111 18.562 10.0 57.987 0
081141 18.562 10.0 57.925 0
081211 18.562 10.0 57.925 0
081241 18.562 10.0 57.862 0
081312 18.562 10.0 57.862 0
081342 18.562 10.0 57.8 0
081412 18.562 10.0 57.8 0
081442 18.562 10.0 57.8 0
081512 18.562 10.0 57.737 0
081542 18.562 10.0 57.737 0
081613 18.562 10.0 57.675 0
081643 18.562 10.0 57.675 0
081714 18.562 10.0 57.612 0
081744 18.5 10.0 57.612 0
081815 18.5 10.0 57.612 0
081845 18.5 10.0 57.55 0
081916 18.5 10.0 57.55 0
081946 18.5 10.0 57.487 0
082016 18.562 10.0 57.487 0
082047 18.562 10.0 57.487 0
082117 18.562 10.0 57.425 0
082148 18.562 10.0 57.425 0
082218 18.562 10.0 57.425 0
082248 18.5 10.0 57.362 0
082319 18.5 10.0 57.3 0
082349 18.5 10.0 57.237 0
082420 18.5 10.0 57.175 0
082450 18.5 10.0 57.05 0
082520 18.437 10.0 57.05 0
082551 18.437 10.0 56.987 0
082621 18.437 10.0 56.925 0
082651 18.437 10.0 56.925 0
082721 18.437 10.0 56.862 0
082751 18.25 10.0 56.862 0
082822 18.25 10.0 56.8 0
082853 18.25 10.0 56.8 0
082923 18.25 10.0 56.862 0
082953 18.25 10.0 56.862 0
083023 18.0 10.0 56.987 0
083053 18.0 10.0 57.237 0
083124 18.0 10.0 57.737 0
083154 18.0 10.0 58.487 0
083224 18.0 10.0 59.362 0
083255 17.875 10.0 60.3 0
083325 17.875 10.0 61.362 0
083355 17.875 10.0 62.425 0
083426 17.875 10.0 63.425 0
083457 17.875 10.0 64.175 0
083527 17.75 10.0 64.8 0
083557 17.75 10.0 65.237 0
083627 17.75 10.0 65.55 0
083657 17.75 10.0 65.862 0
083728 17.75 10.0 66.05 0
083758 17.687 10.0 66.3 0
083828 17.687 10.0 66.425 0
083858 17.687 10.0 66.55 0
083928 17.687 10.0 66.675 0
084001 17.625 10.0 66.737 0
084032 17.625 10.0 66.8 0
084102 17.625 10.0 66.925 0
084133 17.625 10.0 66.987 0
084203 17.625 10.0 67.05 0
084234 17.562 10.0 66.987 0
084304 17.562 10.0 66.987 0
084334 17.562 10.0 67.175 0
084404 17.562 10.0 67.237 0
084435 17.562 10.0 67.3 0
084506 17.562 10.0 67.3 0
084536 17.562 10.0 67.425 0
084607 17.562 10.0 67.425 0
084637 17.562 10.0 67.425 0
084708 17.562 10.0 67.487 0
084738 17.562 10.0 67.487 0
084809 17.562 10.0 67.487 0
084839 17.562 10.0 67.487 0
084909 17.562 10.0 67.487 0
084939 17.562 10.0 67.362 0
085010 17.5 10.0 67.487 0
085040 17.5 10.0 67.487 0
085110 17.5 10.0 67.487 0
085141 17.5 10.0 67.487 0
085211 17.5 10.0 67.55 0
085241 17.5 10.0 67.55 0
085311 17.5 10.0 67.55 0
085341 17.5 10.0 67.55 0
085411 17.5 10.0 67.55 0
085442 17.5 10.0 67.55 0
085512 17.437 10.0 67.55 0
085542 17.437 10.0 67.55 0
085613 17.437 10.0 67.55 0
085643 17.437 10.0 67.55 0
085714 17.437 10.0 67.55 0
085744 17.437 10.0 67.55 0
085815 17.437 10.0 67.55 0
085846 17.437 10.0 67.55 0
085916 17.437 10.0 67.55 0
085947 17.437 10.0 67.487 0
090017 17.437 10.0 67.487 0
090047 17.437 10.0 67.487 0
090118 17.437 10.0 67.362 0
090148 17.437 10.0 67.487 0
090219 17.437 10.0 67.55 0
090249 17.437 10.0 67.487 0
090319 17.437 10.0 67.487 0
090350 17.437 10.0 67.487 0
090420 17.437 10.0 67.487 0
090450 17.437 10.0 67.487 0
090520 17.375 10.0 67.487 0
090550 17.375 10.0 67.487 0
090620 17.375 10.0 67.487 0
090651 17.375 10.0 67.487 0
090721 17.375 10.0 67.487 0
090751 17.375 10.0 67.425 0
090822 17.375 10.0 67.425 0
090852 17.375 10.0 67.425 0
090923 17.375 10.0 67.362 0
090953 17.375 10.0 67.362 0
091024 17.312 10.0 67.362 0
091054 17.312 10.0 67.3 0
091124 17.312 10.0 67.3 0
091155 17.312 10.0 67.3 0
091225 17.312 10.0 67.3 0
091256 17.312 10.0 67.3 0
091327 17.312 10.0 67.237 0
091358 17.312 10.0 67.237 0
091428 17.312 10.0 67.237 0
091459 17.312 10.0 67.237 0
091529 17.312 10.0 67.237 0
091559 17.312 10.0 67.237 0
091630 17.312 10.0 67.175 0
091701 17.312 10.0 67.175 0
091731 17.312 10.0 67.175 0
091802 17.25 10.0 67.175 0
091832 17.25 10.0 67.112 0
091903 17.25 10.0 67.112 0
091933 17.25 10.0 67.112 0
092004 17.25 10.0 67.112 0
092034 17.25 10.0 67.05 0
092105 17.25 10.0 67.05 0
092135 17.25 10.0 67.05 0
092205 17.25 10.0 67.05 0
092238 17.187 10.0 66.987 0
092308 17.187 10.0 66.987 0
092339 17.187 10.0 66.987 0
092409 17.187 10.0 66.987 0
092440 17.187 10.0 66.925 0
092511 17.187 10.0 66.925 0
092542 17.187 10.0 66.925 0
092612 17.187 10.0 66.925 0
092643 17.187 10.0 66.862 0
092713 17.187 10.0 66.862 0
092743 17.187 10.0 66.862 0
092814 17.187 10.0 66.862 0
092844 17.187 10.0 66.8 0
092914 17.187 10.0 66.8 0
092944 17.187 10.0 66.8 0
093015 17.187 10.0 66.8 0
093045 17.187 10.0 66.737 0
093116 17.187 10.0 66.737 0
093146 17.187 10.0 66.737 0
093216 17.187 10.0 66.737 0
093247 17.125 10.0 66.675 0
093317 17.125 10.0 66.675 0
093348 17.125 10.0 66.612 0
093419 17.125 10.0 66.612 0
093449 17.125 10.0 66.612 0
093519 17.125 10.0 66.612 0
093550 17.125 10.0 66.612 0
093621 17.125 10.0 66.675 0
093651 17.125 10.0 66.737 0
093722 17.125 10.0 66.8 0
093752 17.125 10.0 66.862 0
093823 17.125 10.0 66.862 0
093853 17.125 10.0 66.925 0
093923 17.125 10.0 66.925 0
093954 17.125 10.0 66.925 0
094024 17.125 10.0 66.925 0
094054 17.125 10.0 66.925 0
094125 17.125 10.0 66.925 0
094156 17.125 10.0 66.925 0
094226 17.125 10.0 66.925 0
094256 17.125 10.0 66.862 0
094326 17.125 10.0 66.862 0
094357 17.125 10.0 66.862 0
094427 17.125 10.0 66.862 0
094457 17.125 10.0 66.862 0
094528 17.062 10.0 66.862 0
094558 17.062 10.0 66.8 0
094629 17.062 10.0 66.8 0
094659 17.062 10.0 66.8 0
094729 17.062 10.0 66.8 0
094800 17.062 10.0 66.8 0
094831 17.062 10.0 66.8 0
094902 17.062 10.0 66.737 0
094932 17.062 10.0 66.737 0
095002 17.062 10.0 66.737 0
095032 17.062 10.0 66.737 0
095102 17.062 10.0 66.737 0
095133 17.062 10.0 66.675 0
095204 17.062 10.0 66.675 0
095234 17.062 10.0 66.675 0
095305 17.062 10.0 66.675 0
095336 17.062 10.0 66.675 0
095406 17.062 10.0 66.612 0
095436 17.062 10.0 66.612 0
095506 17.062 10.0 66.612 0
095536 17.062 10.0 66.612 0
095606 17.062 10.0 66.55 0
095637 17.062 10.0 66.55 0
095708 17.062 10.0 66.55 0
095739 17.062 10.0 66.55 0
095810 17.0 10.0 66.487 0
095840 17.0 10.0 66.487 0
095910 17.0 10.0 66.487 0
095940 17.0 10.0 66.425 0
100010 17.0 10.0 66.425 0
100041 17.0 10.0 66.425 0
100112 17.0 10.0 66.425 0
100142 17.0 10.0 66.362 0
100212 17.0 10.0 66.362 0
100243 17.0 10.0 66.362 0
100313 17.0 10.0 66.3 0
100343 17.0 10.0 66.3 0
100414 17.0 10.0 66.3 0
100444 17.0 10.0 66.3 0
100514 17.0 10.0 66.237 0
100545 17.0 10.0 66.237 0
100615 17.0 10.0 66.237 0
100646 17.0 10.0 66.237 0
100716 17.0 10.0 66.175 0
100748 16.937 10.0 66.175 0
100818 16.937 10.0 66.175 0
100849 16.937 10.0 66.112 0
100919 16.937 10.0 66.112 0
100949 16.937 10.0 66.112 0
101020 16.937 10.0 66.05 0
101051 16.937 10.0 66.05 0
101121 16.937 10.0 66.05 0
101151 16.937 10.0 65.987 0
101222 16.937 10.0 65.987 0
101252 16.937 10.0 65.987 0
101322 16.937 10.0 65.925 0
101353 16.937 10.0 65.925 0
101423 16.937 10.0 65.925 0
101453 16.937 10.0 65.862 0
101523 16.937 10.0 65.862 0
101554 16.937 10.0 65.862 0
101625 16.937 10.0 65.8 0
101655 16.937 10.0 65.8 0
101725 16.937 10.0 65.8 0
101755 16.937 10.0 65.675 0
101826 16.937 10.0 65.737 0
101856 16.937 10.0 65.675 0
101926 16.937 10.0 65.675 0
101957 16.937 10.0 65.675 0
102027 16.937 10.0 65.612 0
102057 16.937 10.0 65.612 0
102128 16.937 10.0 65.55 0
102158 16.937 10.0 65.55 0
102228 16.937 10.0 65.55 0
102259 16.875 10.0 65.487 0
102329 16.875 10.0 65.487 0
102400 16.875 10.0 65.425 0
102430 16.875 10.0 65.425 0
102501 16.875 10.0 65.3 0
102531 16.875 10.0 65.3 0
102601 16.875 10.0 65.3 0
102631 16.875 10.0 65.3 0
102701 16.875 10.0 65.237 0
102731 16.875 10.0 65.237 0
102801 16.875 10.0 65.237 0
102832 16.875 10.0 65.175 0
102902 16.875 10.0 65.175 0
102933 16.875 10.0 65.112 0
103003 16.875 10.0 65.112 0
103034 16.875 10.0 65.05 0
103104 16.875 10.0 65.05 0
103135 16.875 10.0 65.05 0
103205 16.875 10.0 65.05 0
103236 16.875 10.0 64.987 0
103306 16.875 10.0 64.987 0
103337 16.875 10.0 64.925 0
103408 16.875 10.0 64.925 0
103438 16.875 10.0 64.862 0
103509 16.875 10.0 64.862 0
103539 16.875 10.0 64.675 0
103610 16.875 10.0 64.675 0
103640 16.875 10.0 64.675 0
103710 16.875 10.0 64.675 0
103740 16.875 10.0 64.675 0
103810 16.875 10.0 64.675 0
103841 16.875 10.0 64.675 0
103911 16.875 10.0 64.737 0
103942 16.875 10.0 64.737 0
104013 16.875 10.0 64.8 0
104043 16.875 10.0 64.8 0
104113 16.875 10.0 64.8 0
104143 16.875 10.0 64.8 0
104213 16.875 10.0 64.737 0
104243 16.875 10.0 64.8 0
104314 16.875 10.0 64.862 0
104344 16.875 10.0 64.862 0
104414 16.875 10.0 64.8 0
104445 16.875 10.0 64.8 0
104515 16.875 10.0 64.8 0
104546 16.812 10.0 64.925 0
104616 16.812 10.0 64.925 0
104646 16.812 10.0 64.925 0
104717 16.812 10.0 64.862 0
104747 16.812 10.0 64.862 0
104818 16.812 10.0 64.862 0
104848 16.812 10.0 64.8 0
104918 16.812 10.0 64.8 0
104948 16.812 10.0 64.8 0
105019 16.812 10.0 64.737 0
105049 16.812 10.0 64.737 0
105120 16.812 10.0 64.737 0
105150 16.812 10.0 64.675 0
105221 16.812 10.0 64.675 0
105252 16.812 10.0 64.675 0
105322 16.812 10.0 64.675 0
105353 16.812 10.0 64.612 0
105424 16.812 10.0 64.612 0
105454 16.812 10.0 64.612 0
105526 16.812 10.0 64.55 0
105556 16.812 10.0 64.55 0
105627 16.812 10.0 64.55 0
105657 16.812 10.0 64.487 0
105727 16.812 10.0 64.487 0
105758 16.812 10.0 64.487 0
105828 16.812 10.0 64.425 0
105858 16.812 10.0 64.425 0
105929 16.812 10.0 64.425 0
105959 16.812 10.0 64.362 0
110030 16.812 10.0 64.362 0
110100 16.812 10.0 64.362 0
110130 16.812 10.0 64.3 0
110201 16.812 10.0 64.3 0
110231 16.812 10.0 64.237 0
110302 16.812 10.0 64.237 0
110332 16.812 10.0 64.237 0
110403 16.812 10.0 64.175 0
110433 16.812 10.0 64.175 0
110503 16.812 10.0 64.175 0
110533 16.812 10.0 64.112 0
110603 16.812 10.0 64.112 0
110634 16.812 10.0 64.112 0
110704 16.812 10.0 64.05 0
110734 16.812 10.0 64.05 0
110805 16.812 10.0 64.05 0
110835 16.812 10.0 63.987 0
110906 16.812 10.0 63.987 0
110936 16.812 10.0 63.925 0
111007 16.812 10.0 63.925 0
111037 16.812 10.0 63.862 0
111107 16.812 10.0 63.862 0
111138 16.812 10.0 63.8 0
111209 16.812 10.0 63.8 0
111240 16.812 10.0 63.737 0
111310 16.812 10.0 63.675 0
111341 16.812 10.0 63.675 0
111411 16.812 10.0 63.675 0
111442 16.812 10.0 63.612 0
111512 16.812 10.0 63.612 0
111543 16.812 10.0 63.55 0
111613 16.812 10.0 63.55 0
111644 16.812 10.0 63.487 0
111715 16.812 10.0 63.487 0
111746 16.812 10.0 63.487 0
111816 16.75 10.0 63.425 0
111846 16.75 10.0 63.425 0
111916 16.75 10.0 63.425 0
111947 16.75 10.0 63.362 0
112018 16.75 10.0 63.362 0
112048 16.75 10.0 63.3 0
112118 16.75 10.0 63.3 0
112148 16.75 10.0 63.237 0
112219 16.75 10.0 63.237 0
112249 16.75 10.0 63.175 0
112319 16.75 10.0 63.175 0
112349 16.75 10.0 63.175 0
112421 16.75 10.0 63.05 0
112451 16.75 10.0 62.987 0
112522 16.75 10.0 62.987 0
112552 16.75 10.0 62.925 0
112623 16.75 10.0 62.925 0
112654 16.75 10.0 62.925 0
112725 16.75 10.0 62.862 0
112755 16.75 10.0 62.862 0
112825 16.75 10.0 62.8 0
112856 16.75 10.0 62.675 0
112927 16.75 10.0 62.675 0
112957 16.75 10.0 62.675 0
113027 16.75 10.0 62.612 0
113057 16.75 10.0 62.55 0
113128 16.75 10.0 62.55 0
113158 16.75 10.0 62.55 0
113228 16.75 10.0 62.487 0
113258 16.75 10.0 62.362 0
113329 16.75 10.0 62.362 0
113359 16.75 10.0 62.362 0
113430 16.75 10.0 62.3 0
113501 16.75 10.0 62.237 0
113534 16.75 10.0 62.112 0
113604 16.75 10.0 62.112 0
113635 16.75 10.0 62.05 0
113706 16.75 10.0 62.05 0
113736 16.75 10.0 62.05 0
113807 16.687 10.0 62.05 0
113837 16.687 10.0 61.987 0
113907 16.687 10.0 61.925 0
113937 16.687 10.0 61.862 0
114007 16.687 10.0 61.8 0
114038 16.687 10.0 61.737 0
114108 16.687 10.0 61.925 0
114138 16.687 10.0 61.8 0
114209 16.687 10.0 61.862 0
114239 16.687 10.0 61.987 0
114310 16.687 10.0 61.987 0
114340 16.687 10.0 61.987 0
114411 16.687 10.0 61.925 0
114441 16.687 10.0 61.987 0
114511 16.687 10.0 61.925 0
114542 16.75 10.0 61.925 0
114612 16.75 10.0 61.925 0
114642 16.75 10.0 61.925 0
114713 16.75 10.0 61.737 0
114744 16.75 10.0 61.862 0
114814 16.687 10.0 61.862 0
114845 16.687 10.0 61.862 0
114916 16.687 10.0 61.862 0
114946 16.687 10.0 61.862 0
115016 16.687 10.0 61.862 0
115046 16.687 10.0 61.862 0
115117 16.687 10.0 61.8 0
115147 16.687 10.0 61.8 0
115218 16.687 10.0 61.737 0
115248 16.687 10.0 61.737 0
115318 16.687 10.0 61.737 0
115349 16.687 10.0 61.675 0
115419 16.687 10.0 61.675 0
115450 16.687 10.0 61.675 0
115520 16.687 10.0 61.675 0
115550 16.687 10.0 61.612 0
115620 16.687 10.0 61.612 0
115651 16.687 10.0 61.55 0
115722 16.687 10.0 61.55 0
115753 16.687 10.0 61.487 0
115823 16.687 10.0 61.425 0
115853 16.687 10.0 61.425 0
115924 16.687 10.0 61.362 0
115954 16.687 10.0 61.3 0
120024 16.687 10.0 61.3 0
120054 16.687 10.0 61.3 0
120125 16.687 10.0 61.237 0
120155 16.687 10.0 61.237 0
120225 16.687 10.0 61.175 0
120256 16.687 10.0 61.175 0
120327 16.75 10.0 61.112 0
120357 16.75 10.0 61.112 0
120427 16.75 10.0 61.05 0
120457 16.75 10.0 61.05 0
120527 16.75 10.0 61.05 0
120557 16.75 10.0 60.987 0
120628 16.75 10.0 60.987 0
120659 16.75 10.0 60.925 0
120730 16.75 10.0 60.925 0
120800 16.75 10.0 60.925 0
120831 16.75 10.0 60.862 0
120901 16.75 10.0 60.862 0
120932 16.75 10.0 60.8 0
121003 16.75 10.0 60.8 0
121034 16.75 10.0 60.737 0
121104 16.75 10.0 60.737 0
121134 16.75 10.0 60.737 0
121204 16.75 10.0 60.675 0
121234 16.75 10.0 60.675 0
121305 16.75 10.0 60.612 0
121335 16.687 10.0 60.612 0
121405 16.687 10.0 60.55 0
121435 16.687 10.0 60.55 0
121506 16.687 10.0 60.487 0
121536 16.687 10.0 60.487 0
121606 16.812 10.0 60.487 0
121636 16.812 10.0 60.425 0
121707 16.812 10.0 60.425 0
121737 16.812 10.0 60.362 0
121808 16.812 10.0 60.362 0
121838 16.812 10.0 60.3 0
121908 16.812 10.0 60.3 0
121939 16.812 10.0 60.3 0
122009 16.812 10.0 60.237 0
122042 16.812 10.0 60.175 0
122112 16.812 10.0 60.112 0
122142 16.812 10.0 60.05 0
122213 16.812 10.0 59.987 0
122243 16.812 10.0 59.925 0
122314 16.812 10.0 59.862 0
122344 16.812 10.0 59.862 0
122414 16.812 10.0 59.8 0
122445 16.812 10.0 59.8 0
122515 16.812 10.0 59.737 0
122546 16.75 10.0 59.675 0
122617 16.75 10.0 59.675 0
122648 16.75 10.0 59.612 0
122719 16.75 10.0 59.612 0
122749 16.75 10.0 59.55 0
122819 16.75 10.0 59.55 0
122850 16.75 10.0 59.487 0
122920 16.75 10.0 59.487 0
122950 16.75 10.0 59.487 0
123021 16.75 10.0 59.425 0
123051 16.75 10.0 59.362 0
123121 16.75 10.0 59.362 0
123152 16.75 10.0 59.362 0
123222 16.75 10.0 59.3 0
123253 16.75 10.0 59.3 0
123323 16.75 10.0 59.237 0
123353 16.75 10.0 59.237 0
123424 16.75 10.0 59.175 0
123454 16.75 10.0 59.175 0
123524 16.75 10.0 59.112 0
123554 16.75 10.0 59.112 0
123624 16.75 10.0 59.05 0
123655 16.75 10.0 59.05 0
123726 16.75 10.0 58.987 0
123757 16.75 10.0 58.987 0
123827 16.75 10.0 58.925 0
123858 16.75 10.0 58.925 0
123929 16.75 10.0 58.862 0
123959 16.75 10.0 58.862 0
124029 16.75 10.0 58.8 0
124100 16.75 10.0 58.8 0
124130 16.75 10.0 58.737 0
124200 16.75 10.0 58.675 0
124231 16.75 10.0 58.612 0
124301 16.75 10.0 58.612 0
124331 16.75 10.0 58.55 0
124402 16.75 10.0 58.55 0
124432 16.75 10.0 58.487 0
124503 16.75 10.0 58.487 0
124533 16.75 10.0 58.425 0
124603 16.75 10.0 58.425 0
124634 16.75 10.0 58.362 0
124704 16.75 10.0 58.362 0
124734 16.75 10.0 58.362 0
124805 16.75 10.0 58.3 0
124835 16.75 10.0 58.3 0
124906 16.75 10.0 58.237 0
124936 16.75 10.0 58.237 0
125006 16.75 10.0 58.237 0
125037 16.75 10.0 58.175 0
125107 16.75 10.0 58.175 0
125138 16.75 10.0 58.112 0
125208 16.75 10.0 58.112 0
125238 16.75 10.0 58.112 0
125309 16.75 10.0 58.05 0
125339 16.75 10.0 58.05 0
125409 16.75 10.0 57.987 0
125439 16.75 10.0 57.987 0
125509 16.75 10.0 57.987 0
125540 16.75 10.0 57.925 0
125610 16.75 10.0 57.925 0
125641 16.75 10.0 57.862 0
125712 16.75 10.0 57.862 0
125743 16.75 10.0 57.862 0
125813 16.75 10.0 57.8 0
125843 16.75 10.0 57.8 0
125914 16.75 10.0 57.737 0
125944 16.75 10.0 57.737 0
130015 16.75 10.0 57.675 0
130045 16.75 10.0 57.612 0
130115 16.812 10.0 57.55 0
130145 16.812 10.0 57.487 0
130216 16.812 10.0 57.425 0
130246 16.812 10.0 57.362 0
130316 16.812 10.0 57.3 0
130347 16.812 10.0 57.237 0
130417 16.812 10.0 57.237 0
130447 16.812 10.0 57.175 0
130518 16.812 10.0 57.112 0
130551 16.75 10.0 57.112 0
130621 16.75 10.0 57.05 0
130651 16.75 10.0 57.05 0
130721 16.75 10.0 57.05 0
130752 16.75 10.0 56.987 0
130822 16.75 10.0 57.05 0
130852 16.75 10.0 57.05 0
130923 16.75 10.0 57.175 0
130953 16.75 10.0 57.425 0
131023 16.75 10.0 57.987 0
131053 16.75 10.0 58.737 0
131123 16.75 10.0 59.737 0
131153 16.75 10.0 60.737 0
131224 16.75 10.0 61.8 0
131254 16.75 10.0 62.925 0
131324 16.75 10.0 63.862 0
131355 16.75 10.0 64.612 0
131425 16.75 10.0 65.237 0
131456 16.75 10.0 65.675 0
131527 16.75 10.0 65.987 0
131557 16.687 10.0 66.237 0
131627 16.687 10.0 66.425 0
131658 16.687 10.0 66.55 0
131729 16.687 10.0 66.675 0
131800 16.687 10.0 66.8 0
131830 16.687 10.0 66.862 0
131901 16.687 10.0 66.987 0
131931 16.687 10.0 67.05 0
132001 16.687 10.0 67.175 0
132032 16.687 10.0 67.237 0
132102 16.687 10.0 67.3 0
132133 16.687 10.0 67.362 0
132203 16.687 10.0 67.362 0
132233 16.687 10.0 67.425 0
132304 16.687 10.0 67.425 0
132334 16.687 10.0 67.425 0
132405 16.687 10.0 67.487 0
132435 16.687 10.0 67.487 0
132506 16.687 10.0 67.487 0
132536 16.687 10.0 67.487 0
132606 16.687 10.0 67.487 0
132636 16.687 10.0 67.487 0
132706 16.687 10.0 67.425 0
132737 16.687 10.0 67.425 0
132807 16.687 10.0 67.425 0
132837 16.687 10.0 67.425 0
132908 16.687 10.0 67.425 0
132939 16.687 10.0 67.425 0
133009 16.687 10.0 67.487 0
133040 16.687 10.0 67.55 0
133110 16.687 10.0 67.487 0
133140 16.687 10.0 67.487 0
133211 16.687 10.0 67.55 0
133241 16.687 10.0 67.55 0
133312 16.687 10.0 67.55 0
133343 16.625 10.0 67.487 0
133413 16.625 10.0 67.487 0
133444 16.625 10.0 67.487 0
133514 16.625 10.0 67.425 0
133545 16.625 10.0 67.425 0
133615 16.625 10.0 67.425 0
133645 16.625 10.0 67.425 0
133716 16.625 10.0 67.425 0
133746 16.625 10.0 67.425 0
133816 16.625 10.0 67.425 0
133847 16.625 10.0 67.425 0
133917 16.625 10.0 67.425 0
133948 16.625 10.0 67.425 0
134018 16.625 10.0 67.425 0
134049 16.625 10.0 67.425 0
134119 16.625 10.0 67.362 0
134149 16.625 10.0 67.362 0
134219 16.625 10.0 67.362 0
134249 16.625 10.0 67.362 0
134320 16.625 10.0 67.362 0
134350 16.687 10.0 67.362 0
134421 16.687 10.0 67.3 0
134451 16.687 10.0 67.3 0
134521 16.687 10.0 67.3 0
134551 16.687 10.0 67.3 0
134622 16.687 10.0 67.3 0
134652 16.687 10.0 67.3 0
134723 16.687 10.0 67.3 0
134753 16.687 10.0 67.237 0
134823 16.687 10.0 67.237 0
134854 16.687 10.0 67.237 0
134924 16.687 10.0 67.237 0
134954 16.687 10.0 67.237 0
135025 16.687 10.0 67.237 0
135058 16.687 10.0 67.237 0
135128 16.687 10.0 67.237 0
135158 16.687 10.0 67.175 0
135229 16.687 10.0 67.175 0
135300 16.687 10.0 67.175 0
135331 16.687 10.0 67.175 0
135401 16.687 10.0 67.175 0
135431 16.687 10.0 67.112 0
135502 16.687 10.0 67.112 0
135532 16.687 10.0 67.112 0
135602 16.687 10.0 67.112 0
135633 16.687 10.0 67.112 0
135703 16.687 10.0 67.05 0
135734 16.687 10.0 67.05 0
135805 16.687 10.0 66.862 0
135835 16.687 10.0 66.987 0
135905 16.687 10.0 66.987 0
135935 16.687 10.0 66.987 0
140006 16.687 10.0 66.987 0
140036 16.687 10.0 66.987 0
140107 16.75 10.0 66.987 0
140137 16.75 10.0 66.925 0
140207 16.75 10.0 66.925 0
140238 16.75 10.0 66.925 0
140308 16.75 10.0 66.925 0
140339 16.687 10.0 66.925 0
140409 16.687 10.0 66.862 0
140439 16.687 10.0 66.862 0
140510 16.687 10.0 66.862 0
140541 16.687 10.0 66.862 0
140611 16.687 10.0 66.862 0
140642 16.687 10.0 66.8 0
140713 16.687 10.0 66.8 0
140743 16.687 10.0 66.737 0
140814 16.687 10.0 66.737 0
140844 16.687 10.0 66.737 0
140915 16.687 10.0 66.737 0
140945 16.687 10.0 66.675 0
141016 16.687 10.0 66.675 0
141047 16.687 10.0 66.675 0
141117 16.75 10.0 66.612 0
141148 16.75 10.0 66.612 0
141218 16.75 10.0 66.55 0
141249 16.75 10.0 66.55 0
141319 16.75 10.0 66.55 0
141349 16.687 10.0 66.55 0
141420 16.687 10.0 66.55 0
141450 16.687 10.0 66.55 0
141521 16.687 10.0 66.612 0
141551 16.687 10.0 66.675 0
141622 16.687 10.0 66.675 0
141653 16.687 10.0 66.737 0
141723 16.687 10.0 66.8 0
141753 16.687 10.0 66.8 0
141824 16.687 10.0 66.862 0
141854 16.687 10.0 66.862 0
141925 16.687 10.0 66.862 0
141955 16.687 10.0 66.862 0
142025 16.687 10.0 66.8 0
142055 16.687 10.0 66.55 0
142125 16.625 10.0 66.737 0
142156 16.625 10.0 66.737 0
142226 16.625 10.0 66.487 0
142256 16.625 10.0 66.737 0
142327 16.625 10.0 66.737 0
142357 16.625 10.0 66.737 0
142427 16.625 10.0 66.737 0
142457 16.625 10.0 66.737 0
142528 16.625 10.0 66.737 0
142559 16.625 10.0 66.675 0
142629 16.625 10.0 66.675 0
142700 16.625 10.0 66.675 0
142731 16.625 10.0 66.612 0
142801 16.625 10.0 66.612 0
142833 16.625 10.0 66.612 0
142904 16.625 10.0 66.612 0
142935 16.625 10.0 66.612 0
143005 16.625 10.0 66.612 0
143036 16.625 10.0 66.55 0
143106 16.687 10.0 66.55 0
143136 16.687 10.0 66.55 0
143207 16.687 10.0 66.487 0
143237 16.687 10.0 66.487 0
143308 16.687 10.0 66.487 0
143338 16.625 10.0 66.425 0
143409 16.625 10.0 66.425 0
143439 16.625 10.0 66.425 0
143509 16.625 10.0 66.425 0
143540 16.625 10.0 66.3 0
143610 16.562 10.0 66.3 0
143641 16.562 10.0 66.3 0
143711 16.562 10.0 66.237 0
143741 16.562 10.0 66.237 0
143812 16.562 10.0 66.237 0
143843 16.562 10.0 66.237 0
143913 16.562 10.0 66.237 0
143944 16.562 10.0 66.175 0
144015 16.562 10.0 66.175 0
144045 16.562 10.0 66.175 0
144115 16.5 10.0 66.175 0
144146 16.5 10.0 66.112 0
144217 16.5 10.0 66.112 0
144247 16.5 10.0 66.112 0
144317 16.5 10.0 66.05 0
144348 16.437 10.0 66.05 0
144418 16.437 10.0 66.05 0
144449 16.437 10.0 65.987 0
144520 16.437 10.0 65.987 0
144550 16.437 10.0 65.987 0
144621 16.437 10.0 65.925 0
144651 16.437 10.0 65.925 0
144722 16.437 10.0 65.925 0
144753 16.437 10.0 65.862 0
144823 16.437 10.0 65.862 0
144853 16.5 10.0 65.862 0
144924 16.5 10.0 65.8 0
144955 16.5 10.0 65.8 0
145025 16.5 10.0 65.8 0
145056 16.5 10.0 65.737 0
145126 16.562 10.0 65.675 0
145156 16.562 10.0 65.737 0
145227 16.562 10.0 65.675 0
145257 16.562 10.0 65.675 0
145328 16.562 10.0 65.675 0
145358 16.625 10.0 65.612 0
145429 16.625 10.0 65.612 0
145459 16.625 10.0 65.55 0
145530 16.625 10.0 65.55 0
145600 16.625 10.0 65.237 0
145631 16.75 10.0 65.487 0
145701 16.75 10.0 65.487 0
145732 16.75 10.0 65.425 0
145802 16.75 10.0 65.425 0
145833 16.75 10.0 65.362 0
145903 16.75 10.0 65.362 0
145933 16.75 10.0 65.3 0
150004 16.75 10.0 65.3 0
150035 16.75 10.0 65.237 0
150106 16.75 10.0 65.237 0
150136 16.812 10.0 65.175 0
150206 16.812 10.0 65.175 0
150237 16.812 10.0 65.175 0
150308 16.812 10.0 65.112 0
150340 16.937 10.0 65.112 0
150411 16.937 10.0 65.05 0
150441 16.937 10.0 65.05 0
150511 16.937 10.0 65.05 0
150542 16.937 10.0 64.987 0
150612 17.0 10.0 64.987 0
150643 17.0 10.0 64.925 0
150713 17.0 10.0 64.925 0
150743 17.0 10.0 64.925 0
150814 17.0 10.0 64.862 0
150844 17.062 10.0 64.862 0
150915 17.062 10.0 64.8 0
150946 17.062 10.0 64.8 0
151016 17.062 10.0 64.737 0
151047 17.062 10.0 64.737 0
151117 17.062 10.0 64.737 0
151147 17.062 10.0 64.675 0
151218 17.062 10.0 64.675 0
151248 17.062 10.0 64.612 0
151318 17.062 10.0 64.612 0
151349 17.062 10.0 64.55 0
151419 17.062 10.0 64.55 0
151449 17.062 10.0 64.55 0
151520 17.062 10.0 64.487 0
151550 17.062 10.0 64.487 0
151620 17.125 10.0 64.487 0
151651 17.125 10.0 64.487 0
151721 17.125 10.0 64.487 0
151751 17.125 10.0 64.487 0
151822 17.125 10.0 64.487 0
151852 17.125 10.0 64.487 0
151923 17.125 10.0 64.487 0
151953 17.125 10.0 64.487 0
152024 17.125 10.0 64.487 0
152055 17.125 10.0 64.487 0
152125 17.125 10.0 64.487 0
152155 17.125 10.0 64.425 0
152225 17.125 10.0 64.425 0
152255 17.125 10.0 64.237 0
152326 17.125 10.0 64.3 0
152356 17.125 10.0 64.237 0
152427 17.125 10.0 64.3 0
152457 17.125 10.0 64.3 0
152528 17.125 10.0 64.237 0
152558 17.125 10.0 64.237 0
152628 17.062 10.0 63.987 0
152658 17.062 10.0 64.112 0
152728 17.062 10.0 64.112 0
152759 17.062 10.0 64.112 0
152831 17.062 10.0 64.112 0
152901 17.062 10.0 64.112 0
152932 17.062 10.0 64.05 0
153002 17.062 10.0 64.05 0
153032 17.062 10.0 63.987 0
153102 17.062 10.0 63.987 0
153133 17.062 10.0 63.987 0
153203 17.062 10.0 63.925 0
153233 17.062 10.0 63.925 0
153303 17.062 10.0 63.862 0
153334 17.062 10.0 63.862 0
153404 17.062 10.0 63.862 0
153435 17.062 10.0 63.8 0
153505 17.062 10.0 63.8 0
153536 17.062 10.0 63.737 0
153606 17.062 10.0 63.425 0
153636 17.187 10.0 63.612 0
153706 17.187 10.0 63.675 0
153737 17.187 10.0 63.675 0
153807 17.187 10.0 63.612 0
153837 17.187 10.0 63.612 0
153908 17.25 10.0 63.55 0
153938 17.25 10.0 63.55 0
154009 17.25 10.0 63.55 0
154039 17.25 10.0 63.487 0
154109 17.25 10.0 63.487 0
154139 17.312 10.0 63.425 0
154210 17.312 10.0 63.425 0
154241 17.312 10.0 63.425 0
154311 17.312 10.0 63.362 0
154341 17.312 10.0 63.237 0
154411 17.312 10.0 63.3 0
154442 17.312 10.0 63.3 0
154512 17.312 10.0 63.237 0
154542 17.312 10.0 63.175 0
154612 17.312 10.0 63.175 0
154642 17.312 10.0 63.112 0
154713 17.312 10.0 63.05 0
154743 17.312 10.0 63.05 0
154814 17.312 10.0 62.987 0
154847 17.312 10.0 62.925 0
154917 17.312 10.0 62.925 0
154947 17.312 10.0 62.862 0
155018 17.312 10.0 62.862 0
155048 17.312 10.0 62.8 0
155119 17.25 10.0 62.8 0
155150 17.25 10.0 62.737 0
155220 17.25 10.0 62.737 0
155251 17.25 10.0 62.675 0
155321 17.25 10.0 62.675 0
155351 17.25 10.0 62.675 0
155422 17.25 10.0 62.612 0
155452 17.25 10.0 62.612 0
155522 17.25 10.0 62.55 0
155552 17.25 10.0 62.55 0
155623 17.312 10.0 62.487 0
155653 17.312 10.0 62.487 0
155724 17.312 10.0 62.425 0
155755 17.312 10.0 62.425 0
155825 17.312 10.0 62.362 0
155856 17.25 10.0 62.362 0
155926 17.25 10.0 62.3 0
155956 17.25 10.0 62.3 0
160027 17.25 10.0 62.237 0
160057 17.25 10.0 62.237 0
160127 17.25 10.0 62.175 0
160158 17.25 10.0 62.175 0
160228 17.25 10.0 62.112 0
160258 17.25 10.0 62.112 0
160328 17.25 10.0 62.05 0
160359 17.25 10.0 62.05 0
160429 17.25 10.0 62.05 0
160459 17.25 10.0 61.987 0
160530 17.25 10.0 61.987 0
160600 17.25 10.0 61.925 0
160631 17.25 10.0 61.925 0
160701 17.25 10.0 61.862 0
160731 17.25 10.0 61.862 0
160802 17.25 10.0 61.8 0
160832 17.25 10.0 61.8 0
160902 17.25 10.0 61.737 0
160933 17.25 10.0 61.675 0
161003 17.25 10.0 61.612 0
161034 17.25 10.0 61.55 0
161104 17.25 10.0 61.425 0
161135 17.25 10.0 61.362 0
161205 17.25 10.0 61.3 0
161236 17.25 10.0 61.237 0
161306 17.25 10.0 61.237 0
161337 17.25 10.0 61.175 0
161407 17.25 10.0 61.112 0
161437 17.25 10.0 61.112 0
161507 17.25 10.0 61.05 0
161538 17.25 10.0 60.987 0
161608 17.25 10.0 60.987 0
161638 17.312 10.0 60.925 0
161709 17.312 10.0 60.925 0
161739 17.312 10.0 60.862 0
161810 17.312 10.0 60.862 0
161840 17.312 10.0 60.862 0
161910 17.312 10.0 60.8 0
161941 17.312 10.0 60.8 0
162012 17.312 10.0 60.8 0
162043 17.312 10.0 60.737 0
162113 17.312 10.0 60.737 0
162143 17.375 10.0 60.737 0
162214 17.375 10.0 60.675 0
162244 17.375 10.0 60.675 0
162314 17.375 10.0 60.675 0
162345 17.375 10.0 60.612 0
162415 17.375 10.0 60.612 0
162445 17.375 10.0 60.55 0
162516 17.375 10.0 60.55 0
162546 17.375 10.0 60.487 0
162616 17.375 10.0 60.487 0
162647 17.375 10.0 60.487 0
162717 17.375 10.0 60.425 0
162748 17.375 10.0 60.425 0
162818 17.375 10.0 60.362 0
162849 17.375 10.0 60.362 0
162919 17.437 10.0 60.362 0
162950 17.437 10.0 60.3 0
163020 17.437 10.0 60.237 0
163051 17.437 10.0 60.237 0
163122 17.437 10.0 60.175 0
163152 17.437 10.0 60.112 0
163223 17.437 10.0 59.987 0
163253 17.437 10.0 59.862 0
163323 17.437 10.0 59.8 0
163355 17.437 10.0 59.675 0
163426 17.437 10.0 59.675 0
163457 17.437 10.0 59.612 0
163527 17.437 10.0 59.55 0
163557 17.437 10.0 59.487 0
163627 17.5 10.0 59.487 0
163658 17.5 10.0 59.425 0
163728 17.5 10.0 59.425 0
163758 17.5 10.0 59.362 0
163829 17.5 10.0 59.362 0
163859 17.5 10.0 59.3 0
163930 17.5 10.0 59.237 0
164000 17.5 10.0 59.237 0
164031 17.5 10.0 59.175 0
164102 17.5 10.0 59.175 0
164132 17.5 10.0 59.112 0
164203 17.5 10.0 59.112 0
164233 17.5 10.0 59.05 0
164304 17.5 10.0 59.05 0
164334 17.5 10.0 58.987 0
164404 17.437 10.0 58.925 0
164434 17.437 10.0 58.925 0
164504 17.437 10.0 58.862 0
164535 17.437 10.0 58.862 0
164605 17.437 10.0 58.8 0
164636 17.437 10.0 58.8 0
164707 17.437 10.0 58.737 0
164737 17.437 10.0 58.737 0
164807 17.437 10.0 58.675 0
164838 17.437 10.0 58.612 0
164908 17.437 10.0 58.612 0
164938 17.437 10.0 58.612 0
165009 17.437 10.0 58.55 0
165040 17.437 10.0 58.487 0
165110 17.437 10.0 58.487 0
165140 17.375 10.0 58.425 0
165211 17.375 10.0 58.3 0
165241 17.375 10.0 58.175 0
165312 17.375 10.0 57.987 0
165342 17.375 10.0 57.862 0
165413 17.375 10.0 57.737 0
165443 17.375 10.0 57.675 0
165513 17.375 10.0 57.612 0
165544 17.375 10.0 57.55 0
165614 17.375 10.0 57.487 0
165645 17.312 10.0 57.425 0
165715 17.312 10.0 57.425 0
165745 17.312 10.0 57.362 0
165815 17.312 10.0 57.362 0
165845 17.312 10.0 57.3 0
165915 17.312 10.0 57.237 0
165946 17.312 10.0 57.237 0
170017 17.312 10.0 57.175 0
170047 17.312 10.0 57.175 0
170118 17.312 10.0 57.112 0
170148 17.312 10.0 57.112 0
170219 17.312 10.0 57.112 0
170249 17.312 10.0 57.112 0
170320 17.312 10.0 57.112 0
170350 17.312 10.0 57.175 0
170421 17.312 10.0 57.237 0
170451 17.312 10.0 57.612 0
170521 17.312 10.0 58.237 0
170551 17.312 10.0 58.987 0
170621 17.312 10.0 59.987 0
170652 17.312 10.0 61.05 0
170722 17.312 10.0 62.05 0
170753 17.312 10.0 63.112 0
170823 17.312 10.0 64.05 0
170854 17.312 10.0 64.737 0
170924 17.25 10.0 65.237 0
170955 17.25 10.0 65.675 0
171025 17.25 10.0 65.987 0
171055 17.25 10.0 66.237 0
171126 17.25 10.0 66.362 0
171156 17.25 10.0 66.55 0
171226 17.25 10.0 66.612 0
171257 17.25 10.0 66.737 0
171327 17.25 10.0 66.8 0
171357 17.25 10.0 66.862 0
171427 17.312 10.0 66.862 0
171458 17.312 10.0 66.925 0
171528 17.312 10.0 66.925 0
171559 17.312 10.0 66.925 0
171631 17.25 10.0 66.987 0
171702 17.25 10.0 66.987 0
171733 17.25 10.0 66.987 0
171803 17.25 10.0 67.05 0
171833 17.25 10.0 67.05 0
171903 17.25 10.0 67.05 0
171934 17.25 10.0 67.05 0
172005 17.25 10.0 67.05 0
172035 17.25 10.0 67.05 0
172106 17.25 10.0 67.05 0
172136 17.25 10.0 67.05 0
172206 17.25 10.0 67.05 0
172237 17.25 10.0 67.112 0
172307 17.25 10.0 67.112 0
172338 17.25 10.0 67.112 0
172409 17.25 10.0 67.112 0
172439 17.25 10.0 67.112 0
172510 17.25 10.0 67.112 0
172540 17.25 10.0 67.112 0
172611 17.25 10.0 67.112 0
172641 17.25 10.0 67.112 0
172712 17.25 10.0 67.112 0
172742 17.25 10.0 67.175 0
172812 17.25 10.0 67.175 0
172842 17.25 10.0 67.175 0
172913 17.25 10.0 67.175 0
172943 17.25 10.0 67.175 0
173013 17.25 10.0 67.175 0
173044 17.25 10.0 67.175 0
173114 17.25 10.0 67.175 0
173145 17.25 10.0 67.175 0
173216 17.25 10.0 67.112 0
173247 17.25 10.0 67.112 0
173317 17.25 10.0 67.112 0
173348 17.25 10.0 67.112 0
173418 17.25 10.0 67.112 0
173448 17.25 10.0 67.112 0
173519 17.25 10.0 67.112 0
173549 17.25 10.0 67.112 0
173619 17.25 10.0 67.112 0
173650 17.25 10.0 67.112 0
173720 17.25 10.0 67.112 0
173750 17.25 10.0 67.112 0
173821 17.25 10.0 67.112 0
173851 17.25 10.0 67.05 0
173922 17.25 10.0 67.05 0
173953 17.25 10.0 67.112 0
174023 17.25 10.0 67.05 0
174054 17.25 10.0 67.05 0
174125 17.25 10.0 66.987 0
174155 17.25 10.0 66.925 0
174226 17.25 10.0 66.925 0
174256 17.25 10.0 66.925 0
174327 17.25 10.0 66.925 0
174357 17.25 10.0 66.862 0
174427 17.25 10.0 66.862 0
174458 17.25 10.0 66.862 0
174529 17.25 10.0 66.862 0
174600 17.25 10.0 66.862 0
174630 17.25 10.0 66.862 0
174700 17.187 10.0 66.925 0
174730 17.187 10.0 66.862 0
174800 17.187 10.0 66.8 0
174831 17.187 10.0 66.8 0
174902 17.187 10.0 66.8 0
174933 17.187 10.0 66.8 0
175003 17.187 10.0 66.8 0
175034 17.187 10.0 66.737 0
175105 17.187 10.0 66.737 0
175138 17.187 10.0 66.737 0
175208 17.187 10.0 66.737 0
175239 17.187 10.0 66.737 0
175310 17.187 10.0 66.737 0
175340 17.187 10.0 66.675 0
175410 17.187 10.0 66.737 0
175441 17.187 10.0 66.737 0
175511 17.187 10.0 66.737 0
175542 17.187 10.0 66.675 0
175613 17.187 10.0 66.612 0
175644 17.187 10.0 66.612 0
175714 17.187 10.0 66.612 0
175744 17.187 10.0 66.612 0
175814 17.187 10.0 66.55 0
175845 17.187 10.0 66.55 0
175915 17.125 10.0 66.55 0
175945 17.125 10.0 66.55 0
180016 17.125 10.0 66.487 0
180046 17.125 10.0 66.487 0
180116 17.125 10.0 66.487 0
180146 17.125 10.0 66.487 0
180217 17.125 10.0 66.425 0
180247 17.125 10.0 66.425 0
180318 17.125 10.0 66.425 0
180348 17.125 10.0 66.425 0
180418 17.125 10.0 66.362 0
180449 17.125 10.0 66.362 0
180519 17.125 10.0 66.362 0
180549 17.125 10.0 66.3 0
180620 17.125 10.0 66.3 0
180650 17.125 10.0 66.3 0
180721 17.125 10.0 66.237 0
180752 17.125 10.0 66.237 0
180823 17.125 10.0 66.237 0
180853 17.125 10.0 66.237 0
180923 17.125 10.0 66.237 0
180953 17.125 10.0 66.237 0
181024 17.125 10.0 66.3 0
181054 17.125 10.0 66.362 0
181124 17.125 10.0 66.425 0
181154 17.125 10.0 66.487 0
181224 17.125 10.0 66.487 0
181255 17.125 10.0 66.487 0
181325 17.125 10.0 66.487 0
181356 17.125 10.0 66.487 0
181427 17.125 10.0 66.487 0
181458 17.125 10.0 66.487 0
181528 17.125 10.0 66.487 0
181559 17.125 10.0 66.487 0
181629 17.125 10.0 66.487 0
181700 17.062 10.0 66.425 0
181730 17.062 10.0 66.362 0
181801 17.062 10.0 66.237 0
181831 17.062 10.0 66.362 0
181902 17.062 10.0 66.362 0
181932 17.062 10.0 66.362 0
182002 17.062 10.0 66.362 0
182032 17.062 10.0 66.362 0
182102 17.062 10.0 66.362 0
182132 17.062 10.0 66.362 0
182203 17.0 10.0 66.3 0
182234 17.0 10.0 66.3 0
182305 17.0 10.0 66.3 0
182336 17.0 10.0 66.3 0
182406 17.0 10.0 66.237 0
182437 17.0 10.0 66.237 0
182508 17.0 10.0 66.237 0
182538 17.0 10.0 66.237 0
182608 17.0 10.0 66.05 0
182638 17.0 10.0 66.112 0
182709 17.0 10.0 66.112 0
182739 17.0 10.0 66.112 0
182810 17.0 10.0 66.05 0
182840 17.0 10.0 66.05 0
182913 17.0 10.0 65.8 0
182944 17.0 10.0 65.862 0
183014 17.0 10.0 65.862 0
183045 17.0 10.0 65.862 0
183116 17.0 10.0 65.862 0
183146 17.0 10.0 65.925 0
183217 17.0 10.0 65.925 0
183247 17.0 10.0 65.737 0
183318 17.0 10.0 65.8 0
183349 17.0 10.0 65.862 0
183420 16.937 21.0 65.862 0
183450 16.937 21.0 65.862 50
183521 16.937 21.0 65.737 50
183551 16.937 21.0 65.675 50
183622 16.937 21.0 65.8 50
183652 16.937 21.0 65.675 50
183722 16.937 21.0 65.675 50
183753 16.937 21.0 65.487 50
183823 16.937 21.0 65.362 50
183854 16.937 21.0 65.175 50
183924 17.0 21.0 65.05 50
183954 17.0 21.0 64.862 50
184025 17.0 21.0 64.55 50
184056 17.0 21.0 64.175 50
184126 17.0 21.0 63.612 50
184157 17.0 21.0 62.925 50
184227 17.0 21.0 62.112 50
184257 17.0 21.0 61.112 50
184328 17.0 21.0 59.987 0
184358 17.0 21.0 58.8 0
184429 17.062 21.0 57.925 0
184459 17.062 21.0 57.425 0
184530 17.062 21.0 56.862 0
184601 17.062 21.0 56.3 0
184631 17.062 21.0 55.425 0
184702 17.25 21.0 54.362 0
184732 17.25 21.0 53.55 0
184803 17.25 21.0 53.05 0
184833 17.25 21.0 52.737 0
184904 17.25 21.0 52.55 0
184934 17.312 21.0 52.237 0
185004 17.312 21.0 52.112 0
185035 17.312 21.0 52.05 0
185105 17.312 21.0 52.05 0
185135 17.312 21.0 51.925 0
185205 17.375 21.0 51.862 0
185236 17.375 21.0 51.737 0
185307 17.375 21.0 51.862 0
185337 17.375 21.0 52.237 0
185408 17.375 21.0 52.987 0
185439 17.375 21.0 53.862 0
185509 17.375 21.0 54.862 0
185540 17.375 21.0 55.8 0
185610 17.375 21.0 56.987 0
185640 17.375 21.0 58.237 0
185711 17.437 21.0 59.55 0
185742 17.437 21.0 60.737 50
185813 17.437 21.0 62.05 50
185844 17.437 21.0 63.05 50
185914 17.437 21.0 63.8 50
185944 17.5 21.0 64.362 50
190015 17.5 21.0 64.862 50
190045 17.5 21.0 65.112 50
190116 17.5 21.0 65.362 50
190149 17.5 21.0 65.425 50
190220 17.5 21.0 65.55 50
190250 17.5 21.0 65.55 50
190321 17.5 21.0 65.737 50
190352 17.5 21.0 65.737 50
190422 17.5 21.0 65.8 50
190452 17.5 21.0 65.8 50
190522 17.5 21.0 65.8 50
190553 17.5 21.0 65.737 50
190623 17.5 21.0 65.737 50
190653 17.562 21.0 65.675 50
190724 17.562 21.0 65.487 50
190754 17.562 21.0 64.862 50
190825 17.562 21.0 63.3 50
190855 17.562 21.0 61.05 50
190925 17.687 21.0 58.675 0
190956 17.687 21.0 56.675 0
191026 17.687 21.0 55.362 0
191056 17.687 21.0 54.737 0
191127 17.687 21.0 54.3 0
191157 17.812 21.0 53.925 0
191227 17.812 21.0 53.737 0
191258 17.812 21.0 53.612 0
191328 17.812 21.0 53.487 0
191358 17.812 21.0 53.487 0
191428 17.875 21.0 53.612 0
191458 17.875 21.0 54.05 0
191529 17.875 21.0 54.55 0
191600 17.875 21.0 55.175 0
191631 17.875 21.0 56.175 0
191701 17.875 21.0 57.05 0
191732 17.875 21.0 58.3 0
191802 17.875 21.0 59.55 0
191833 17.875 21.0 60.55 50
191903 17.875 21.0 61.737 50
191933 18.062 21.0 62.862 50
192004 18.062 21.0 63.612 50
192034 18.062 21.0 64.425 50
192104 18.062 21.0 64.987 50
192135 18.062 21.0 65.362 50
192205 18.375 21.0 65.487 50
192236 18.375 21.0 65.737 50
192306 18.375 21.0 65.8 50
192337 18.375 21.0 65.862 50
192407 18.375 21.0 65.987 50
192437 18.687 21.0 66.05 50
192508 18.687 21.0 66.05 50
192538 18.687 21.0 66.112 50
192609 18.687 21.0 66.112 50
192639 18.687 21.0 66.112 50
192709 18.937 21.0 66.05 50
192740 18.937 21.0 66.05 50
192810 18.937 21.0 65.987 50
192841 18.937 21.0 65.737 50
192912 18.937 21.0 65.112 50
192942 19.25 21.0 63.675 50
193012 19.25 21.0 61.612 50
193042 19.25 21.0 59.237 0
193113 19.25 21.0 57.175 0
193143 19.25 21.0 55.487 0
193214 19.625 21.0 54.3 0
193244 19.625 21.0 53.362 0
193314 19.625 21.0 52.675 0
193345 19.625 21.0 52.237 0
193415 19.625 21.0 51.862 0
193446 19.625 21.0 51.8 0
193516 19.625 21.0 52.112 0
193547 19.625 21.0 52.8 0
193617 19.625 21.0 53.425 0
193647 19.625 21.0 54.112 50
193718 19.5 21.0 54.925 50
193748 19.5 21.0 55.737 50
193818 19.5 21.0 56.55 50
193849 19.5 21.0 57.3 50
193919 19.5 21.0 58.05 50
193949 19.5 21.0 58.737 50
194020 19.5 21.0 59.362 50
194051 19.5 21.0 59.987 50
194121 19.5 21.0 60.55 50
194151 19.5 21.0 61.175 50
194221 19.437 21.0 61.737 50
194251 19.437 21.0 62.237 50
194321 19.437 21.0 62.55 50
194352 19.437 21.0 62.8 50
194423 19.437 21.0 62.987 50
194454 19.5 21.0 63.05 50
194524 19.5 21.0 63.237 50
194554 19.5 21.0 63.3 50
194625 19.5 21.0 63.362 50
194657 19.5 21.0 63.425 50
194728 19.5 21.0 63.425 50
194758 19.5 21.0 63.425 50
194828 19.5 21.0 63.425 50
194859 19.5 21.0 63.362 50
194929 19.625 21.0 63.3 50
195000 19.625 21.0 63.175 50
195031 19.625 21.0 62.987 50
195101 19.625 21.0 62.737 50
195131 19.625 21.0 62.362 50
195201 19.687 21.0 61.862 50
195232 19.687 21.0 61.175 50
195302 19.687 21.0 60.3 50
195333 19.687 21.0 59.425 50
195403 19.687 21.0 58.487 50
195434 19.875 21.0 57.55 50
195504 19.875 21.0 56.675 50
195534 19.875 21.0 55.925 50
195605 19.875 21.0 55.3 50
195635 19.875 21.0 54.8 50
195706 19.937 21.0 54.362 50
195736 19.937 21.0 54.112 50
195806 19.937 21.0 54.05 50
195836 19.937 21.0 54.362 50
195907 19.937 21.0 54.925 50
195937 20.0 21.0 55.737 50
200008 20.0 21.0 56.425 50
200038 20.0 21.0 57.175 50
200108 20.0 21.0 57.862 50
200139 20.0 21.0 58.612 50
200210 20.0 21.0 59.3 50
200240 20.0 21.0 59.987 50
200310 20.0 21.0 60.612 50
200341 20.0 21.0 61.362 50
200411 20.0 21.0 62.05 50
200442 20.0 21.0 62.675 50
200513 20.0 21.0 63.112 50
200544 20.0 21.0 63.362 50
200614 20.0 21.0 63.55 50
200644 20.0 21.0 63.737 50
200715 20.0 21.0 63.925 50
200746 20.0 21.0 63.987 50
200816 20.0 21.0 64.05 50
200847 20.0 21.0 64.112 50
200917 20.0 21.0 64.175 50
200947 20.125 21.0 64.175 50
201017 20.125 21.0 64.175 50
201048 20.125 21.0 64.175 50
201118 20.125 21.0 64.05 50
201148 20.125 21.0 63.8 50
201219 20.062 21.0 63.925 50
201249 20.062 21.0 63.675 50
201319 20.062 21.0 63.487 50
201349 20.062 21.0 63.112 50
201420 20.062 21.0 62.612 50
201450 20.187 21.0 61.862 50
201520 20.187 21.0 61.05 50
201550 20.187 21.0 60.175 50
201620 20.187 21.0 59.237 50
201651 20.187 21.0 58.175 50
201721 20.25 21.0 57.487 50
201751 20.25 21.0 56.8 50
201821 20.25 21.0 56.112 50
201851 20.25 21.0 55.425 50
201922 20.25 21.0 55.112 50
201952 20.375 21.0 54.862 50
202023 20.375 21.0 54.675 50
202053 20.375 21.0 54.675 50
202123 20.375 21.0 54.862 50
202154 20.375 21.0 55.362 50
202225 20.375 21.0 56.05 50
202255 20.375 21.0 56.862 50
202325 20.375 21.0 57.55 50
202355 20.375 21.0 58.3 50
202425 20.375 21.0 59.05 50
202455 20.437 21.0 59.737 50
202526 20.437 21.0 60.425 50
202556 20.437 21.0 61.112 50
202627 20.437 21.0 61.8 50
202657 20.437 21.0 62.425 50
202727 20.375 21.0 62.862 50
202757 20.375 21.0 63.175 50
202827 20.375 21.0 63.362 50
202857 20.375 21.0 63.55 50
202928 20.375 21.0 63.675 50
202958 20.375 21.0 63.55 50
203028 20.375 21.0 63.925 50
203059 20.375 21.0 63.737 50
203129 20.375 21.0 63.8 50
203159 20.375 21.0 63.925 50
203230 20.437 21.0 63.987 50
203300 20.437 21.0 63.987 50
203330 20.437 21.0 63.737 50
203400 20.437 21.0 63.862 50
203430 20.437 21.0 63.925 50
203500 20.5 21.0 63.8 50
203531 20.5 21.0 63.675 50
203602 20.5 21.0 63.425 50
203632 20.5 21.0 62.987 50
203703 20.5 21.0 62.425 50
203733 20.5 21.0 61.675 50
203803 20.5 21.0 60.737 50
203834 20.5 21.0 59.737 50
203904 20.5 21.0 58.8 50
203937 20.687 21.0 57.8 50
204008 20.687 21.0 56.987 50
204038 20.687 21.0 56.3 50
204108 20.687 21.0 55.737 50
204138 20.687 21.0 55.237 50
204208 20.687 21.0 54.862 50
204238 20.687 21.0 54.612 50
204308 20.687 21.0 54.55 50
204339 20.687 21.0 54.675 50
204409 20.687 21.0 55.175 50
204439 20.812 21.0 55.737 50
204510 20.812 21.0 56.425 50
204540 20.812 21.0 57.112 50
204610 20.812 21.0 57.8 50
204641 20.812 21.0 58.487 50
204711 20.812 21.0 59.175 50
204741 20.812 21.0 59.925 50
204812 20.812 21.0 60.675 50
204842 20.812 21.0 61.487 50
204913 20.812 21.0 62.175 50
204944 20.875 21.0 62.8 50
205014 20.875 21.0 63.237 50
205044 20.875 21.0 63.55 50
205115 20.875 21.0 63.8 50
205146 20.875 21.0 63.925 50
205216 20.875 21.0 64.112 50
205247 20.875 21.0 64.175 50
205318 20.875 21.0 64.3 50
205348 20.875 21.0 64.362 50
205419 20.875 21.0 64.362 50
205449 20.937 21.0 64.362 50
205520 20.937 21.0 64.425 50
205550 20.937 21.0 64.362 50
205620 20.937 21.0 64.362 50
205650 20.937 21.0 64.3 50
205721 20.937 21.0 64.237 50
205751 20.937 21.0 64.175 50
205821 20.937 21.0 63.987 50
205852 20.937 21.0 63.737 50
205922 20.937 21.0 63.3 50
205952 20.937 21.0 62.737 50
210022 20.937 21.0 61.987 50
210052 20.937 21.0 61.112 50
210123 20.937 21.0 60.175 50
210153 20.937 21.0 59.175 50
210223 21.0 21.0 58.237 50
210254 21.0 21.0 57.362 50
210324 21.0 21.0 56.612 50
210354 21.0 21.0 55.987 50
210424 21.0 21.0 55.425 50
210455 21.062 21.0 54.987 0
210525 21.062 21.0 54.675 0
210555 21.062 21.0 54.55 0
210626 21.062 21.0 54.675 0
210656 21.062 21.0 55.05 0
210727 21.0 21.0 55.675 0
210757 21.0 21.0 56.425 0
210828 21.0 21.0 57.362 0
210858 21.0 21.0 58.3 0
210929 21.0 21.0 59.362 0
210959 20.75 21.0 60.362 50
211029 20.75 21.0 61.362 50
211100 20.75 21.0 62.425 50
211131 20.75 21.0 63.237 50
211202 20.75 21.0 63.862 50
211232 20.812 21.0 64.3 50
211303 20.812 21.0 64.675 50
211333 20.812 21.0 64.925 50
211404 20.812 21.0 65.05 50
211435 20.812 21.0 64.987 50
211505 20.937 21.0 65.237 50
211536 20.937 21.0 65.3 50
211606 20.937 21.0 65.362 50
211637 20.937 21.0 65.425 50
211707 20.937 21.0 65.425 50
211738 21.062 21.0 65.425 0
211808 21.062 21.0 65.425 0
211839 21.062 21.0 65.425 0
211909 21.062 21.0 65.425 0
211942 21.0 21.0 65.362 0
212012 21.0 21.0 65.362 0
212042 21.0 21.0 65.362 0
212113 21.0 21.0 65.362 0
212143 21.0 21.0 65.362 0
212214 21.062 21.0 65.3 0
212245 21.062 21.0 65.362 0
212315 21.062 21.0 65.362 0
212346 21.062 21.0 65.3 0
212416 21.062 21.0 65.3 0
212447 21.062 21.0 65.3 0
212517 21.062 21.0 65.3 0
212548 21.062 21.0 65.3 0
212618 21.062 21.0 65.3 0
212648 21.062 21.0 65.237 0
212719 20.875 21.0 65.237 50
212749 20.875 21.0 65.112 50
212820 20.875 21.0 64.862 50
212851 20.875 21.0 65.05 50
212922 20.875 21.0 64.925 50
212952 20.812 21.0 64.737 50
213022 20.812 21.0 64.3 50
213053 20.812 21.0 63.612 50
213123 20.812 21.0 62.737 50
213153 20.812 21.0 61.675 50
213223 20.687 21.0 60.487 50
213254 20.687 21.0 59.3 0
213324 20.687 21.0 58.425 0
213355 20.687 21.0 57.8 0
213425 20.687 21.0 57.425 0
213455 20.812 21.0 57.175 0
213526 20.812 21.0 56.987 0
213557 20.812 21.0 56.862 0
213627 20.812 21.0 56.8 0
213658 20.812 21.0 56.737 0
213729 20.687 21.0 56.675 0
213800 20.687 21.0 56.675 0
213830 20.687 21.0 56.675 0
213900 20.687 21.0 56.675 0
213930 20.687 21.0 56.737 0
214000 20.687 21.0 56.862 0
214031 20.687 21.0 57.175 0
214101 20.687 21.0 57.8 0
214132 20.687 21.0 58.612 0
214203 20.687 21.0 59.612 0
214233 20.75 21.0 60.675 50
214304 20.75 21.0 61.675 50
214334 20.75 21.0 62.612 50
214404 20.75 21.0 63.362 50
214434 20.75 21.0 63.987 50
214504 20.687 21.0 64.425 50
214535 20.687 21.0 64.737 50
214606 20.687 21.0 64.925 50
214636 20.687 21.0 65.112 50
214706 20.687 21.0 65.175 50
214737 20.687 21.0 65.3 50
214807 20.687 21.0 65.362 50
214837 20.687 21.0 65.425 50
214908 20.687 21.0 65.425 50
214938 20.687 21.0 65.425 50
215009 20.687 21.0 65.362 50
215040 20.687 21.0 65.3 50
215110 20.687 21.0 65.237 50
215141 20.687 21.0 65.112 50
215211 20.687 21.0 64.925 50
215241 20.875 21.0 64.362 50
215312 20.875 21.0 63.487 50
215342 20.875 21.0 62.237 50
215412 20.875 21.0 60.612 50
215442 20.875 21.0 58.8 0
215512 21.0 21.0 57.362 0
215543 21.0 21.0 56.425 0
215613 21.0 21.0 55.862 0
215643 21.0 21.0 55.487 0
215714 21.0 21.0 55.237 0
215744 21.062 21.0 55.112 0
215815 21.062 21.0 54.987 0
215845 21.062 21.0 54.925 0
215915 21.062 21.0 54.987 0
215948 21.062 21.0 55.237 0
220018 21.062 21.0 55.8 0
220049 21.062 21.0 56.55 0
220120 21.062 21.0 57.612 0
220151 21.062 21.0 58.675 0
220221 21.062 21.0 59.55 0
220252 21.062 21.0 60.612 0
220322 21.062 21.0 61.737 0
220353 21.062 21.0 62.987 0
220424 21.062 21.0 64.05 0
220454 20.937 21.0 64.925 50
220524 20.937 21.0 65.55 50
220554 20.937 21.0 66.05 50
220625 20.937 21.0 66.425 50
220656 20.937 21.0 66.675 50
220726 20.812 21.0 66.862 50
220756 20.812 21.0 66.987 50
220826 20.812 16.0 67.112 0
220856 20.812 16.0 67.175 0
220927 20.812 16.0 67.237 0
220957 20.625 16.0 67.237 0
221028 20.625 16.0 67.3 0
221058 20.625 16.0 67.3 0
221128 20.625 16.0 67.362 0
221159 20.625 16.0 67.362 0
221229 20.437 16.0 67.362 0
221300 20.437 16.0 67.362 0
221330 20.437 16.0 67.362 0
221401 20.437 16.0 67.362 0
221431 20.437 16.0 67.362 0
221501 20.312 16.0 67.362 0
221531 20.312 16.0 67.425 0
221602 20.312 16.0 67.425 0
221633 20.312 16.0 67.425 0
221703 20.312 16.0 67.425 0
221734 20.125 16.0 67.425 0
221804 20.125 16.0 67.425 0
221835 20.125 16.0 67.425 0
221905 20.125 16.0 67.425 0
221936 20.125 16.0 67.425 0
222006 20.0 16.0 67.362 0
222036 20.0 16.0 67.425 0
222106 20.0 16.0 67.362 0
222137 20.0 16.0 67.425 0
222208 20.0 16.0 67.362 0
222238 19.875 16.0 67.362 0
222309 19.875 16.0 67.362 0
222339 19.875 16.0 67.362 0
222410 19.875 16.0 67.362 0
222440 19.875 16.0 67.362 0
222511 19.812 16.0 67.362 0
222541 19.812 16.0 67.3 0
222611 19.812 16.0 67.3 0
222642 19.812 16.0 67.3 0
222712 19.812 16.0 67.3 0
222742 19.687 16.0 67.3 0
222813 19.687 16.0 67.3 0
222844 19.687 16.0 67.3 0
222915 19.687 16.0 67.237 0
222945 19.687 16.0 67.237 0
223016 19.562 16.0 67.237 0
223047 19.562 16.0 67.237 0
223117 19.562 16.0 67.237 0
223148 19.562 16.0 67.237 0
223218 19.562 16.0 67.175 0
223248 19.5 16.0 67.175 0
223318 19.5 16.0 67.175 0
223349 19.5 16.0 67.175 0
223420 19.5 16.0 67.112 0
223451 19.5 16.0 67.112 0
223521 19.375 16.0 67.112 0
223551 19.375 16.0 67.05 0
223621 19.375 16.0 67.05 0
223652 19.375 16.0 67.05 0
223722 19.375 16.0 67.05 0
223752 19.312 16.0 66.987 0
223822 19.312 16.0 66.987 0
223852 19.312 16.0 66.925 0
223923 19.312 16.0 66.925 0
223956 19.25 16.0 66.925 0
224027 19.25 16.0 66.862 0
224057 19.25 16.0 66.862 0
224127 19.25 16.0 66.862 0
224157 19.25 16.0 66.8 0
224228 19.187 16.0 66.8 0
224259 19.187 16.0 66.8 0
224329 19.187 16.0 66.737 0
224400 19.187 16.0 66.737 0
224430 19.187 16.0 66.737 0
224500 19.125 16.0 66.675 0
224531 19.125 16.0 66.675 0
224601 19.125 16.0 66.675 0
224632 19.125 16.0 66.612 0
224702 19.125 16.0 66.612 0
224732 19.125 16.0 66.55 0
224802 19.125 16.0 66.55 0
224832 19.125 16.0 66.55 0
224903 19.125 16.0 66.487 0
224934 19.125 16.0 66.487 0
225004 19.0 16.0 66.487 0
225035 19.0 16.0 66.425 0
225105 19.0 16.0 66.425 0
225136 19.0 16.0 66.425 0
225206 19.0 16.0 66.362 0
225237 19.0 16.0 66.362 0
225307 19.0 16.0 66.3 0
225338 19.0 16.0 66.3 0
225408 19.0 16.0 66.3 0
225438 19.0 16.0 66.237 0
225509 18.937 16.0 66.237 0
225540 18.937 16.0 66.175 0
225611 18.937 16.0 66.175 0
225641 18.937 16.0 66.175 0
225711 18.937 16.0 66.112 0
225742 18.875 16.0 66.112 0
225812 18.875 16.0 66.05 0
225842 18.875 16.0 65.987 0
225913 18.875 16.0 65.987 0
225943 18.875 16.0 65.925 0
230013 18.812 10.0 65.862 0
230043 18.812 10.0 65.862 0
230114 18.812 10.0 65.8 0
230144 18.812 10.0 65.737 0
230215 18.812 10.0 65.737 0
230245 18.812 10.0 65.675 0
230315 18.812 10.0 65.675 0
230346 18.812 10.0 65.612 0
230416 18.812 10.0 65.612 0
230447 18.812 10.0 65.55 0
230518 18.75 10.0 65.55 0
230548 18.75 10.0 65.487 0
230618 18.75 10.0 65.487 0
230649 18.75 10.0 65.487 0
230720 18.75 10.0 65.487 0
230750 18.687 10.0 65.487 0
230821 18.687 10.0 65.425 0
230851 18.687 10.0 65.425 0
230921 18.687 10.0 65.425 0
230952 18.687 10.0 65.425 0
231022 18.687 10.0 65.425 0
231053 18.687 10.0 65.362 0
231123 18.687 10.0 65.362 0
231154 18.687 10.0 65.362 0
231224 18.687 10.0 65.3 0
231254 18.625 10.0 65.3 0
231324 18.625 10.0 65.3 0
231354 18.625 10.0 65.237 0
231425 18.625 10.0 65.237 0
231455 18.625 10.0 65.175 0
231525 18.625 10.0 65.175 0
231556 18.625 10.0 65.175 0
231626 18.625 10.0 65.112 0
231657 18.625 10.0 65.112 0
231728 18.625 10.0 65.112 0
231758 18.562 10.0 65.05 0
231829 18.562 10.0 65.05 0
231900 18.562 10.0 64.987 0
231930 18.562 10.0 64.987 0
232000 18.562 10.0 64.925 0
232030 18.562 10.0 64.925 0
232100 18.562 10.0 64.862 0
232131 18.562 10.0 64.8 0
232201 18.562 10.0 64.737 0
232234 18.5 10.0 64.675 0
232304 18.5 10.0 64.612 0
232334 18.5 10.0 64.55 0
232405 18.5 10.0 64.55 0
232436 18.5 10.0 64.487 0
232506 18.437 10.0 64.425 0
232537 18.437 10.0 64.425 0
232607 18.437 10.0 64.362 0
232637 18.437 10.0 64.3 0
232708 18.437 10.0 64.3 0
232738 18.437 10.0 64.237 0
232809 18.437 10.0 64.237 0
232839 18.437 10.0 64.175 0
232909 18.437 10.0 64.175 0
232940 18.437 10.0 64.112 0
233010 18.437 10.0 64.112 0
233041 18.437 10.0 64.05 0
233111 18.437 10.0 63.987 0
233142 18.437 10.0 63.987 0
233212 18.437 10.0 63.925 0
233242 18.375 10.0 63.925 0
233312 18.375 10.0 63.862 0
233342 18.375 10.0 63.862 0
233413 18.375 10.0 63.8 0
233444 18.375 10.0 63.8 0
233514 18.375 10.0 63.737 0
233545 18.375 10.0 63.675 0
233615 18.375 10.0 63.675 0
233646 18.375 10.0 63.612 0
233716 18.375 10.0 63.612 0
233746 18.312 10.0 63.55 0
233817 18.312 10.0 63.55 0
233848 18.312 10.0 63.487 0
233918 18.312 10.0 63.487 0
233949 18.312 10.0 63.425 0
234019 18.312 10.0 63.362 0
234049 18.312 10.0 63.362 0
234120 18.312 10.0 63.3 0
234151 18.312 10.0 63.3 0
234222 18.312 10.0 63.237 0
234252 18.312 10.0 63.237 0
234323 18.312 10.0 63.175 0
234353 18.312 10.0 63.112 0
234423 18.312 10.0 62.987 0
234454 18.312 10.0 62.862 0
234524 18.25 10.0 62.737 0
234554 18.25 10.0 62.675 0
234625 18.25 10.0 62.612 0
234655 18.25 10.0 62.55 0
234725 18.25 10.0 62.487 0
234756 18.25 10.0 62.425 0
234826 18.25 10.0 62.362 0
234857 18.25 10.0 62.362 0
234927 18.25 10.0 62.3 0
234958 18.25 10.0 62.237 0
235028 18.187 10.0 62.175 0
235059 18.187 10.0 62.175 0
235130 18.187 10.0 62.112 0
235200 18.187 10.0 62.112 0
235230 18.187 10.0 62.05 0
235301 18.187 10.0 62.05 0
235331 18.187 10.0 61.987 0
235402 18.187 10.0 61.925 0
235432 18.187 10.0 61.925 0
235502 18.187 10.0 61.862 0
235533 18.187 10.0 61.8 0
235603 18.187 10.0 61.8 0
235633 18.187 10.0 61.737 0
235703 18.187 10.0 61.737 0
235734 18.187 10.0 61.675 0
235804 18.187 10.0 61.612 0
235835 18.187 10.0 61.612 0
