235928 18.687 10.0 16.237 0
235959 18.687 10.0 16.3 0
000029 18.687 10.0 16.3 0
000100 18.687 10.0 16.237 0
000131 18.687 10.0 16.237 0
000201 18.625 10.0 16.3 0
000231 18.625 10.0 16.3 0
000302 18.625 10.0 16.3 0
000332 18.625 10.0 16.3 0
000403 18.625 10.0 16.237 0
000433 18.562 10.0 16.3 0
000503 18.562 10.0 16.3 0
000534 18.562 10.0 16.237 0
000604 18.562 10.0 16.3 0
000635 18.562 10.0 16.237 0
000706 18.5 10.0 16.237 0
000736 18.5 10.0 16.237 0
000807 18.5 10.0 16.237 0
000838 18.5 10.0 16.3 0
000908 18.5 10.0 16.237 0
000939 18.5 10.0 16.237 0
001009 18.5 10.0 16.3 0
001039 18.5 10.0 16.237 0
001109 18.5 10.0 16.237 0
001140 18.5 10.0 16.237 0
001210 18.437 10.0 16.237 0
001240 18.437 10.0 16.237 0
001310 18.437 10.0 16.237 0
001340 18.437 10.0 16.3 0
001411 18.437 10.0 16.237 0
001441 18.437 10.0 16.237 0
001512 18.437 10.0 16.237 0
001542 18.437 10.0 16.237 0
001612 18.437 10.0 16.3 0
001643 18.437 10.0 16.237 0
001713 18.375 10.0 16.3 0
001743 18.375 10.0 16.237 0
001814 18.375 10.0 16.3 0
001844 18.375 10.0 16.237 0
001915 18.375 10.0 16.237 0
001945 18.312 10.0 16.237 0
002016 18.312 10.0 16.237 0
002046 18.312 10.0 16.3 0
002116 18.312 10.0 16.237 0
002147 18.312 10.0 16.237 0
002217 18.312 10.0 16.237 0
002247 18.312 10.0 16.237 0
002318 18.312 10.0 16.237 0
002349 18.312 10.0 16.237 0
002419 18.312 10.0 16.237 0
002450 18.312 10.0 16.237 0
002520 18.312 10.0 16.237 0
002550 18.312 10.0 16.237 0
002620 18.312 10.0 16.237 0
002653 18.312 10.0 16.237 0
002723 18.312 10.0 16.237 0
002754 18.312 10.0 16.237 0
002825 18.312 10.0 16.237 0
002856 18.312 10.0 16.237 0
002926 18.25 10.0 16.237 0
002957 18.25 10.0 16.237 0
003027 18.25 10.0 16.237 0
003058 18.25 10.0 16.237 0
003128 18.25 10.0 16.237 0
003158 18.25 10.0 16.237 0
003228 18.25 10.0 16.237 0
003259 18.25 10.0 16.237 0
003329 18.25 10.0 16.237 0
003400 18.25 10.0 16.237 0
003430 18.187 10.0 16.237 0
003501 18.187 10.0 16.237 0
003531 18.187 10.0 16.237 0
003601 18.187 10.0 16.237 0
003632 18.187 10.0 16.237 0
003702 18.187 10.0 16.237 0
003733 18.187 10.0 16.237 0
003803 18.187 10.0 16.237 0
003834 18.187 10.0 16.237 0
003905 18.187 10.0 16.237 0
003935 18.187 10.0 16.237 0
004006 18.187 10.0 16.237 0
004036 18.187 10.0 16.237 0
004106 18.187 10.0 16.237 0
004136 18.187 10.0 16.237 0
004207 18.125 10.0 16.237 0
004237 18.125 10.0 16.237 0
004308 18.125 10.0 16.237 0
004338 18.125 10.0 16.237 0
004408 18.125 10.0 16.237 0
004439 18.125 10.0 16.237 0
004509 18.125 10.0 16.237 0
004540 18.125 10.0 16.237 0
004610 18.125 10.0 16.237 0
004640 18.125 10.0 16.237 0
004710 18.125 10.0 16.237 0
004741 18.125 10.0 16.237 0
004811 18.125 10.0 16.237 0
004842 18.125 10.0 16.237 0
004912 18.125 10.0 16.237 0
004942 18.125 10.0 16.237 0
005013 18.125 10.0 16.237 0
005044 18.125 10.0 16.237 0
005114 18.125 10.0 16.237 0
005144 18.125 10.0 16.237 0
005215 18.062 10.0 16.237 0
005245 18.062 10.0 16.237 0
005315 18.062 10.0 16.237 0
005346 18.062 10.0 16.237 0
005416 18.062 10.0 16.237 0
005446 18.062 10.0 16.237 0
005517 18.062 10.0 16.237 0
005547 18.062 10.0 16.237 0
005618 18.062 10.0 16.237 0
005648 18.062 10.0 16.237 0
005718 18.062 10.0 16.237 0
005749 18.062 10.0 16.237 0
005819 18.062 10.0 16.237 0
005850 18.062 10.0 16.237 0
005920 18.062 10.0 16.237 0
005950 18.062 10.0 16.237 0
010021 18.062 10.0 16.237 0
010052 18.062 10.0 16.237 0
010122 18.062 10.0 16.237 0
010152 18.062 10.0 16.237 0
010222 18.0 10.0 16.237 0
010253 18.0 10.0 16.237 0
010324 18.0 10.0 16.237 0
010354 18.0 10.0 16.237 0
010425 18.0 10.0 16.237 0
010455 18.0 10.0 16.237 0
010526 18.0 10.0 16.237 0
010556 18.0 10.0 16.237 0
010627 18.0 10.0 16.237 0
010700 18.0 10.0 16.237 0
010730 18.0 10.0 16.237 0
010801 18.0 10.0 16.237 0
010832 18.0 10.0 16.237 0
010902 18.0 10.0 16.237 0
010933 18.0 10.0 16.237 0
011004 18.0 10.0 16.237 0
011035 18.0 10.0 16.237 0
011105 18.0 10.0 16.237 0
011136 18.0 10.0 16.237 0
011206 17.937 10.0 16.237 0
011237 17.937 10.0 16.237 0
011307 17.937 10.0 16.237 0
011338 17.937 10.0 16.237 0
011408 17.937 10.0 16.237 0
011438 18.0 10.0 16.237 0
011508 18.0 10.0 16.237 0
011539 18.0 10.0 16.237 0
011610 18.0 10.0 16.237 0
011640 18.0 10.0 16.237 0
011711 17.937 10.0 16.237 0
011741 17.937 10.0 16.237 0
011811 17.937 10.0 16.237 0
011842 17.937 10.0 16.237 0
011913 17.937 10.0 16.237 0
011943 17.937 10.0 16.237 0
012014 17.937 10.0 16.237 0
012045 17.937 10.0 16.237 0
012115 17.937 10.0 16.237 0
012146 17.937 10.0 16.237 0
012216 17.937 10.0 16.237 0
012247 17.937 10.0 16.237 0
012317 17.937 10.0 16.237 0
012348 17.937 10.0 16.237 0
012419 17.937 10.0 16.237 0
012449 17.937 10.0 16.237 0
012520 17.937 10.0 16.237 0
012551 17.937 10.0 16.237 0
012621 17.937 10.0 16.237 0
012651 17.937 10.0 16.237 0
012721 17.937 10.0 16.237 0
012752 17.937 10.0 16.237 0
012823 17.937 10.0 16.237 0
012853 17.937 10.0 16.237 0
012924 17.937 10.0 16.237 0
012955 17.937 10.0 16.237 0
013025 17.937 10.0 16.237 0
013056 17.937 10.0 16.237 0
013127 17.937 10.0 16.237 0
013157 17.937 10.0 16.237 0
013227 17.875 10.0 16.237 0
013258 17.875 10.0 16.237 0
013328 17.875 10.0 16.237 0
013358 17.875 10.0 16.237 0
013428 17.875 10.0 16.237 0
013459 17.875 10.0 16.237 0
013529 17.875 10.0 16.237 0
013600 17.875 10.0 16.237 0
013631 17.875 10.0 16.237 0
013703 17.875 10.0 16.237 0
013734 17.875 10.0 16.237 0
013804 17.875 10.0 16.237 0
013835 17.875 10.0 16.237 0
013905 17.875 10.0 16.237 0
013935 17.875 10.0 16.237 0
014006 17.875 10.0 16.237 0
014037 17.875 10.0 16.237 0
014107 17.875 10.0 16.237 0
014137 17.875 10.0 16.237 0
014207 17.875 10.0 16.237 0
014238 17.875 10.0 16.237 0
014309 17.875 10.0 16.237 0
014339 17.875 10.0 16.237 0
014410 17.875 10.0 16.237 0
014440 17.812 10.0 16.237 0
014511 17.812 10.0 16.237 0
014542 17.812 10.0 16.237 0
014612 17.812 10.0 16.237 0
014643 17.812 10.0 16.237 0
014714 17.812 10.0 16.237 0
014745 17.812 10.0 16.237 0
014815 17.812 10.0 16.237 0
014845 17.812 10.0 16.237 0
014916 17.812 10.0 16.237 0
014947 17.812 10.0 16.237 0
015017 17.812 10.0 16.237 0
015048 17.812 10.0 16.237 0
015119 17.812 10.0 16.237 0
015149 17.812 10.0 16.237 0
015220 17.812 10.0 16.237 0
015250 17.812 10.0 16.237 0
015320 17.812 10.0 16.237 0
015351 17.812 10.0 16.237 0
015421 17.812 10.0 16.237 0
015451 17.812 10.0 16.237 0
015522 17.812 10.0 16.237 0
015553 17.812 10.0 16.237 0
015623 17.812 10.0 16.237 0
015654 17.812 10.0 16.237 0
015725 17.812 10.0 16.237 0
015755 17.812 10.0 16.237 0
015826 17.812 10.0 16.237 0
015857 17.812 10.0 16.237 0
015927 17.812 10.0 16.237 0
015957 17.812 10.0 16.237 0
020028 17.812 10.0 16.237 0
020058 17.812 10.0 16.237 0
020129 17.812 10.0 16.237 0
020200 17.812 10.0 16.237 0
020230 17.812 10.0 16.237 0
020300 17.812 10.0 16.237 0
020331 17.812 10.0 16.237 0
020402 17.812 10.0 16.237 0
020432 17.812 10.0 16.237 0
020503 17.812 10.0 16.237 0
020534 17.812 10.0 16.237 0
020605 17.812 10.0 16.237 0
020635 17.812 10.0 16.237 0
020708 17.812 10.0 16.237 0
020738 17.812 10.0 16.237 0
020809 17.812 10.0 16.237 0
020840 17.812 10.0 16.237 0
020910 17.812 10.0 16.237 0
020941 17.75 10.0 16.237 0
021011 17.75 10.0 16.237 0
021042 17.75 10.0 16.237 0
021112 17.75 10.0 16.237 0
021143 17.75 10.0 16.237 0
021213 17.812 10.0 16.237 0
021243 17.812 10.0 16.237 0
021313 17.812 10.0 16.237 0
021344 17.812 10.0 16.237 0
021414 17.812 10.0 16.237 0
021444 17.75 10.0 16.237 0
021514 17.75 10.0 16.237 0
021545 17.75 10.0 16.237 0
021615 17.75 10.0 16.237 0
021646 17.75 10.0 16.237 0
021716 17.75 10.0 16.237 0
021747 17.75 10.0 16.237 0
021817 17.75 10.0 16.237 0
021848 17.75 10.0 16.237 0
021918 17.75 10.0 16.237 0
021949 17.75 10.0 16.237 0
022019 17.75 10.0 16.237 0
022049 17.75 10.0 16.237 0
022120 17.75 10.0 16.237 0
022151 17.75 10.0 16.237 0
022221 17.75 10.0 16.237 0
022252 17.75 10.0 16.237 0
022323 17.75 10.0 16.237 0
022353 17.75 10.0 16.237 0
022424 17.75 10.0 16.237 0
022455 17.75 10.0 16.237 0
022525 17.75 10.0 16.237 0
022556 17.75 10.0 16.237 0
022627 17.75 10.0 16.237 0
022657 17.75 10.0 16.237 0
022728 17.75 10.0 16.237 0
022758 17.75 10.0 16.237 0
022829 17.75 10.0 16.237 0
022900 17.75 10.0 16.237 0
022931 17.75 10.0 16.237 0
023001 17.687 10.0 16.237 0
023032 17.687 10.0 16.237 0
023103 17.687 10.0 16.237 0
023133 17.687 10.0 16.237 0
023204 17.687 10.0 16.237 0
023235 17.687 10.0 16.237 0
023305 17.687 10.0 16.237 0
023336 17.687 10.0 16.237 0
023406 17.687 10.0 16.237 0
023437 17.687 10.0 16.237 0
023507 17.75 10.0 16.237 0
023538 17.75 10.0 16.237 0
023609 17.75 10.0 16.237 0
023639 17.75 10.0 16.237 0
023712 17.687 10.0 16.237 0
023742 17.687 10.0 16.237 0
023813 17.687 10.0 16.237 0
023844 17.687 10.0 16.237 0
023914 17.687 10.0 16.237 0
023945 17.687 10.0 16.237 0
024015 17.687 10.0 16.237 0
024046 17.687 10.0 16.237 0
024117 17.687 10.0 16.237 0
024148 17.687 10.0 16.237 0
024218 17.687 10.0 16.237 0
024249 17.687 10.0 16.237 0
024319 17.687 10.0 16.237 0
024349 17.687 10.0 16.237 0
024420 17.687 10.0 16.237 0
024450 17.687 10.0 16.237 0
024521 17.687 10.0 16.237 0
024551 17.687 10.0 16.237 0
024621 17.687 10.0 16.237 0
024652 17.687 10.0 16.237 0
024723 17.687 10.0 16.237 0
024753 17.687 10.0 16.237 0
024823 17.687 10.0 16.237 0
024854 17.687 10.0 16.237 0
024925 17.687 10.0 16.237 0
024955 17.687 10.0 16.237 0
025026 17.687 10.0 16.237 0
025056 17.687 10.0 16.237 0
025126 17.687 10.0 16.237 0
025157 17.687 10.0 16.237 0
025227 17.687 10.0 16.237 0
025257 17.687 10.0 16.237 0
025327 17.687 10.0 16.237 0
025358 17.687 10.0 16.237 0
025428 17.687 10.0 16.237 0
025459 17.687 10.0 16.237 0
025529 17.687 10.0 16.237 0
025559 17.687 10.0 16.237 0
025630 17.687 10.0 16.237 0
025701 17.687 10.0 16.237 0
025732 17.625 10.0 16.237 0
025802 17.625 10.0 16.237 0
025832 17.625 10.0 16.237 0
025902 17.625 10.0 16.237 0
025933 17.625 10.0 16.237 0
030003 17.625 10.0 16.237 0
030033 17.625 10.0 16.237 0
030104 17.625 10.0 16.237 0
030134 17.625 10.0 16.237 0
030205 17.625 10.0 16.237 0
030236 17.625 10.0 16.237 0
030307 17.625 10.0 16.237 0
030337 17.625 10.0 16.237 0
030408 17.625 10.0 16.237 0
030438 17.625 10.0 16.237 0
030509 17.625 10.0 16.237 0
030539 17.625 10.0 16.237 0
030610 17.625 10.0 16.237 0
030641 17.625 10.0 16.237 0
030711 17.625 10.0 16.237 0
030742 17.625 10.0 16.237 0
030812 17.625 10.0 16.237 0
030843 17.625 10.0 16.237 0
030914 17.625 10.0 16.237 0
030946 17.625 10.0 16.237 0
031017 17.625 10.0 16.237 0
031048 17.625 10.0 16.237 0
031118 17.625 10.0 16.237 0
031149 17.625 10.0 16.237 0
031220 17.625 10.0 16.237 0
031250 17.625 10.0 16.237 0
031321 17.625 10.0 16.237 0
031352 17.625 10.0 16.237 0
031422 17.625 10.0 16.237 0
031453 17.625 10.0 16.237 0
031523 17.625 10.0 16.237 0
031554 17.625 10.0 16.237 0
031624 17.625 10.0 16.237 0
031655 17.625 10.0 16.237 0
031726 17.625 10.0 16.237 0
031757 17.625 10.0 16.237 0
031827 17.625 10.0 16.237 0
031857 17.625 10.0 16.237 0
031928 17.625 10.0 16.237 0
031958 17.625 10.0 16.237 0
032028 17.625 10.0 16.237 0
032059 17.625 10.0 16.237 0
032129 17.625 10.0 16.237 0
032200 17.625 10.0 16.237 0
032230 17.562 10.0 16.237 0
032300 17.562 10.0 16.237 0
032330 17.562 10.0 16.237 0
032400 17.562 10.0 16.237 0
032431 17.562 10.0 16.237 0
032501 17.625 10.0 16.237 0
032532 17.625 10.0 16.237 0
032602 17.625 10.0 16.237 0
032633 17.625 10.0 16.237 0
032704 17.625 10.0 16.237 0
032734 17.562 10.0 16.237 0
032805 17.562 10.0 16.237 0
032836 17.562 10.0 16.237 0
032906 17.562 10.0 16.237 0
032937 17.562 10.0 16.237 0
033007 17.562 10.0 16.237 0
033038 17.562 10.0 16.237 0
033109 17.562 10.0 16.237 0
033139 17.562 10.0 16.237 0
033209 17.562 10.0 16.237 0
033240 17.562 10.0 16.237 0
033311 17.562 10.0 16.237 0
033342 17.562 10.0 16.237 0
033412 17.562 10.0 16.237 0
033443 17.562 10.0 16.237 0
033514 17.562 10.0 16.237 0
033544 17.562 10.0 16.237 0
033615 17.562 10.0 16.237 0
033645 17.562 10.0 16.237 0
033716 17.562 10.0 16.237 0
033746 17.562 10.0 16.237 0
033816 17.562 10.0 16.237 0
033846 17.562 10.0 16.237 0
033917 17.562 10.0 16.237 0
033949 17.562 10.0 16.237 0
034020 17.562 10.0 16.237 0
034051 17.562 10.0 16.237 0
034121 17.562 10.0 16.237 0
034152 17.562 10.0 16.237 0
034222 17.562 10.0 16.237 0
034252 17.562 10.0 16.237 0
034323 17.562 10.0 16.237 0
034353 17.562 10.0 16.237 0
034423 17.562 10.0 16.237 0
034454 17.562 10.0 16.237 0
034525 17.562 10.0 16.237 0
034555 17.562 10.0 16.237 0
034626 17.562 10.0 16.237 0
034657 17.562 10.0 16.237 0
034727 17.562 10.0 16.237 0
034758 17.562 10.0 16.237 0
034829 17.562 10.0 16.237 0
034859 17.562 10.0 16.237 0
034930 17.562 10.0 16.237 0
035001 17.562 10.0 16.237 0
035031 17.562 10.0 16.237 0
035101 17.562 10.0 16.237 0
035132 17.562 10.0 16.237 0
035203 17.562 10.0 16.237 0
035233 17.5 10.0 16.237 0
035304 17.5 10.0 16.237 0
035335 17.5 10.0 16.237 0
035405 17.5 10.0 16.237 0
035436 17.5 10.0 16.237 0
035507 17.5 10.0 16.237 0
035537 17.5 10.0 16.237 0
035607 17.5 10.0 16.237 0
035638 17.5 10.0 16.237 0
035708 17.5 10.0 16.237 0
035739 17.5 10.0 16.237 0
035809 17.5 10.0 16.237 0
035839 17.5 10.0 16.237 0
035910 17.5 10.0 16.237 0
035940 17.5 10.0 16.237 0
040010 17.5 10.0 16.237 0
040040 17.5 10.0 16.237 0
040111 17.5 10.0 16.237 0
040141 17.5 10.0 16.237 0
040211 17.5 10.0 16.237 0
040242 17.5 10.0 16.237 0
040312 17.5 10.0 16.237 0
040343 17.5 10.0 16.237 0
040413 17.5 10.0 16.237 0
040444 17.5 10.0 16.237 0
040515 17.5 10.0 16.237 0
040545 17.5 10.0 16.237 0
040615 17.5 10.0 16.237 0
040646 17.5 10.0 16.237 0
040717 17.5 10.0 16.237 0
040747 17.5 10.0 16.237 0
040818 17.5 10.0 16.237 0
040848 17.5 10.0 16.237 0
040919 17.5 10.0 16.237 0
040950 17.5 10.0 16.237 0
041020 17.5 10.0 16.237 0
041051 17.5 10.0 16.237 0
041122 17.5 10.0 16.237 0
041152 17.5 10.0 16.237 0
041225 17.5 10.0 16.237 0
041255 17.5 10.0 16.237 0
041326 17.5 10.0 16.237 0
041357 17.5 10.0 16.237 0
041427 17.5 10.0 16.237 0
041458 17.5 10.0 16.237 0
041529 17.5 10.0 16.237 0
041559 17.5 10.0 16.237 0
041630 17.5 10.0 16.237 0
041700 17.5 10.0 16.237 0
041731 17.437 10.0 16.237 0
041802 17.437 10.0 16.237 0
041833 17.437 10.0 16.237 0
041903 17.437 10.0 16.237 0
041933 17.437 10.0 16.237 0
042004 17.437 10.0 16.237 0
042034 17.437 10.0 16.237 0
042105 17.437 10.0 16.237 0
042135 17.437 10.0 16.237 0
042206 17.437 10.0 16.237 0
042237 17.437 10.0 16.237 0
042308 17.437 10.0 16.237 0
042338 17.437 10.0 16.237 0
042409 17.437 10.0 16.237 0
042439 17.437 10.0 16.237 0
042509 17.437 10.0 16.237 0
042540 17.437 10.0 16.237 0
042610 17.437 10.0 16.237 0
042640 17.437 10.0 16.237 0
042711 17.437 10.0 16.237 0
042742 17.437 10.0 16.237 0
042812 17.437 10.0 16.237 0
042843 17.437 10.0 16.237 0
042914 17.437 10.0 16.237 0
042945 17.437 10.0 16.237 0
043015 17.437 10.0 16.237 0
043046 17.437 10.0 16.237 0
043116 17.437 10.0 16.237 0
043147 17.437 10.0 16.237 0
043217 17.437 10.0 16.237 0
043248 17.437 10.0 16.237 0
043319 17.437 10.0 16.237 0
043349 17.437 10.0 16.237 0
043420 17.437 10.0 16.237 0
043451 17.437 10.0 16.237 0
043521 17.437 10.0 16.237 0
043551 17.437 10.0 16.237 0
043622 17.437 10.0 16.237 0
043653 17.437 10.0 16.237 0
043723 17.437 10.0 16.237 0
043754 17.437 10.0 16.237 0
043825 17.437 10.0 16.237 0
043855 17.437 10.0 16.237 0
043926 17.437 10.0 16.237 0
043959 17.437 10.0 16.237 0
044029 17.437 10.0 16.237 0
044059 17.437 10.0 16.237 0
044129 17.437 10.0 16.237 0
044159 17.437 10.0 16.237 0
044229 17.437 10.0 16.237 0
044300 17.437 10.0 16.237 0
044330 17.437 10.0 16.237 0
044400 17.437 10.0 16.237 0
044431 17.437 10.0 16.237 0
044501 17.375 10.0 16.237 0
044531 17.375 10.0 16.237 0
044601 17.375 10.0 16.237 0
044632 17.375 10.0 16.237 0
044703 17.375 10.0 16.237 0
044733 17.437 10.0 16.237 0
044804 17.437 10.0 16.237 0
044834 17.437 10.0 16.237 0
044904 17.437 10.0 16.237 0
044935 17.437 10.0 16.237 0
045006 17.437 10.0 16.237 0
045037 17.437 10.0 16.237 0
045107 17.437 10.0 16.237 0
045137 17.437 10.0 16.237 0
045208 17.437 10.0 16.237 0
045238 17.375 10.0 16.237 0
045309 17.375 10.0 16.237 0
045339 17.375 10.0 16.237 0
045410 17.375 10.0 16.237 0
045441 17.375 10.0 16.237 0
045511 17.375 10.0 16.237 0
045542 17.375 10.0 16.237 0
045612 17.375 10.0 16.237 0
045643 17.375 10.0 16.237 0
045713 17.375 10.0 16.237 0
045743 17.375 10.0 16.237 0
045814 17.375 10.0 16.237 0
045844 17.375 10.0 16.237 0
045914 17.375 10.0 16.237 0
045944 17.375 10.0 16.237 0
050015 17.375 10.0 16.237 0
050046 17.375 10.0 16.237 0
050116 17.375 10.0 16.237 0
050146 17.375 10.0 16.237 0
050216 17.375 10.0 16.237 0
050246 17.375 10.0 16.237 0
050316 17.375 10.0 16.237 0
050347 17.375 10.0 16.237 0
050417 17.375 10.0 16.237 0
050447 17.375 10.0 16.237 0
050517 17.375 10.0 16.237 0
050548 17.375 10.0 16.237 0
050618 17.375 10.0 16.237 0
050648 17.375 10.0 16.237 0
050719 17.375 10.0 16.237 0
050749 17.375 10.0 16.237 0
050819 17.375 10.0 16.237 0
050850 17.375 10.0 16.237 0
050920 17.375 10.0 16.237 0
050951 17.375 10.0 16.237 0
051022 17.312 10.0 16.237 0
051052 17.312 10.0 16.237 0
051123 17.312 10.0 16.237 0
051154 17.312 10.0 16.237 0
051224 17.312 10.0 16.237 0
051255 17.375 10.0 16.237 0
051325 17.375 10.0 16.237 0
051356 17.375 10.0 16.237 0
051427 17.375 10.0 16.237 0
051457 17.375 10.0 16.237 0
051528 17.375 10.0 16.237 0
051558 17.375 10.0 16.237 0
051628 17.375 10.0 16.237 0
051659 17.375 10.0 16.237 0
051729 17.375 10.0 16.237 0
051800 17.312 10.0 16.237 0
051830 17.312 10.0 16.237 0
051901 17.312 10.0 16.237 0
051931 17.312 10.0 16.237 0
052004 17.375 10.0 16.237 0
052035 17.375 10.0 16.237 0
052105 17.375 10.0 16.237 0
052136 17.375 10.0 16.237 0
052207 17.375 10.0 16.237 0
052237 17.375 10.0 16.237 0
052307 17.375 10.0 16.237 0
052338 17.375 10.0 16.237 0
052409 17.375 10.0 16.237 0
052439 17.375 10.0 16.237 0
052510 17.312 10.0 16.237 0
052541 17.312 10.0 16.237 0
052611 17.312 10.0 16.237 0
052642 17.312 10.0 16.237 0
052712 17.312 10.0 16.237 0
052743 17.312 10.0 16.237 0
052814 17.312 10.0 16.175 0
052844 17.312 10.0 16.237 0
052914 17.312 10.0 16.237 0
052944 17.312 10.0 16.237 0
053015 17.312 10.0 16.237 0
053045 17.312 10.0 16.237 0
053116 17.312 10.0 16.237 0
053146 17.312 10.0 16.237 0
053217 17.312 10.0 16.237 0
053248 17.312 10.0 16.237 0
053318 17.312 10.0 16.237 0
053349 17.312 10.0 16.237 0
053419 17.312 10.0 16.237 0
053450 17.312 10.0 16.237 0
053520 17.312 10.0 16.237 0
053551 17.312 10.0 16.237 0
053621 17.312 10.0 16.237 0
053652 17.312 10.0 16.237 0
053723 17.312 10.0 16.237 0
053753 17.312 10.0 16.237 0
053824 17.312 10.0 16.237 0
053854 17.312 10.0 16.237 0
053924 17.312 10.0 16.237 0
053954 17.312 10.0 16.237 0
054025 17.312 10.0 16.237 0
054055 17.312 10.0 16.237 0
054125 17.312 10.0 16.237 0
054156 17.312 10.0 16.237 0
054227 17.312 10.0 16.175 0
054257 17.312 10.0 16.237 0
054327 17.312 10.0 16.237 0
054358 17.312 10.0 16.237 0
054429 17.312 10.0 16.237 0
054459 17.312 10.0 16.237 0
054529 17.312 10.0 16.237 0
054559 17.312 10.0 16.237 0
054630 17.312 10.0 16.237 0
054700 17.312 10.0 16.237 0
054730 17.312 10.0 16.237 0
054800 17.312 10.0 16.237 0
054830 17.312 10.0 16.237 0
054901 17.312 10.0 16.175 0
054932 17.312 10.0 16.237 0
055002 17.312 10.0 16.175 0
055033 17.312 10.0 16.237 0
055104 17.312 10.0 16.237 0
055134 17.312 10.0 16.237 0
055205 17.312 10.0 16.237 0
055235 17.312 10.0 16.237 0
055305 17.312 10.0 16.237 0
055336 17.312 10.0 16.237 0
055406 17.312 10.0 16.237 0
055436 17.312 10.0 16.237 0
055509 17.312 10.0 16.237 0
055539 17.312 10.0 16.237 0
055609 17.312 10.0 16.237 0
055640 17.312 10.0 16.175 0
055710 17.312 10.0 16.175 0
055741 17.312 10.0 16.237 0
055812 17.312 10.0 16.237 0
055842 17.312 10.0 16.237 0
055913 17.312 10.0 16.237 0
055943 17.312 10.0 16.175 0
060013 17.25 10.0 16.237 0
060044 17.25 10.0 16.175 0
060114 17.25 10.0 16.175 0
060145 17.25 10.0 16.237 0
060216 17.25 10.0 16.175 0
060247 17.25 10.0 16.237 0
060317 17.25 10.0 16.237 0
060348 17.25 10.0 16.237 0
060419 17.25 10.0 16.237 0
060449 17.25 10.0 16.237 0
060519 17.25 10.0 16.237 0
060549 17.25 10.0 16.175 0
060620 17.25 10.0 16.175 0
060650 17.25 10.0 16.237 0
060720 17.25 10.0 16.175 0
060750 17.25 10.0 16.175 0
060821 17.25 10.0 16.175 0
060852 17.25 10.0 16.175 0
060922 17.25 10.0 16.175 0
060952 17.25 10.0 16.175 0
061022 17.25 10.0 16.175 0
061053 17.25 10.0 16.175 0
061123 17.25 10.0 16.175 0
061154 17.25 10.0 16.237 0
061224 17.25 10.0 16.175 0
061255 17.25 10.0 16.175 0
061325 17.25 10.0 16.175 0
061356 17.25 10.0 16.175 0
061426 17.25 10.0 16.175 0
061457 17.25 10.0 16.237 0
061527 17.25 10.0 16.175 0
061558 17.25 10.0 16.237 0
061628 17.25 10.0 16.175 0
061659 17.25 10.0 16.175 0
061730 17.25 10.0 16.237 0
061800 17.25 10.0 16.175 0
061831 17.25 10.0 16.237 0
061901 17.25 10.0 16.237 0
061932 17.25 10.0 16.175 0
062002 17.25 10.0 16.175 0
062032 17.25 10.0 16.175 0
062103 17.25 10.0 16.175 0
062133 17.25 10.0 16.175 0
062204 17.25 10.0 16.175 0
062234 17.25 10.0 16.175 0
062305 17.25 10.0 16.237 0
062335 17.25 10.0 16.237 0
062406 17.25 10.0 16.175 0
062437 17.25 10.0 16.175 0
062507 17.25 10.0 16.175 0
062537 17.25 10.0 16.237 0
062608 17.25 10.0 16.237 0
062638 17.25 10.0 16.175 0
062709 17.25 10.0 16.175 0
062740 17.25 10.0 16.237 0
062810 17.25 10.0 16.237 0
062841 17.25 10.0 16.175 0
062911 17.25 10.0 16.175 0
062941 17.25 10.0 16.175 0
063013 17.187 10.0 16.175 0
063044 17.187 10.0 16.175 0
063115 17.187 10.0 16.237 0
063145 17.187 10.0 16.175 0
063215 17.187 10.0 16.175 0
063246 17.187 10.0 16.175 0
063316 17.187 10.0 16.175 0
063347 17.187 10.0 16.175 0
063417 17.187 10.0 16.175 0
063447 17.187 10.0 16.175 0
063518 17.25 10.0 16.175 0
063548 17.25 10.0 16.175 0
063619 17.25 10.0 16.175 0
063650 17.25 10.0 16.175 0
063721 17.25 10.0 16.237 0
063751 17.187 10.0 16.175 0
063821 17.187 10.0 16.175 0
063853 17.187 10.0 16.175 0
063924 17.187 10.0 16.175 0
063954 17.187 10.0 16.175 0
064025 17.187 10.0 16.175 0
064055 17.187 10.0 16.175 0
064125 17.187 10.0 16.175 0
064156 17.187 10.0 16.175 0
064226 17.187 10.0 16.175 0
064256 17.187 10.0 16.175 0
064327 17.187 10.0 16.175 0
064358 17.187 10.0 16.175 0
064428 17.187 10.0 16.175 0
064459 17.187 10.0 16.175 0
064529 17.187 10.0 16.175 0
064600 17.187 10.0 16.175 0
064630 17.187 10.0 16.175 0
064701 17.187 10.0 16.175 0
064731 17.187 10.0 16.175 0
064801 17.187 10.0 16.175 0
064832 17.187 10.0 16.175 0
064902 17.187 10.0 16.175 0
064932 17.187 10.0 16.175 0
065003 17.187 10.0 16.175 0
065033 17.187 10.0 16.175 0
065103 17.187 10.0 16.175 0
065134 17.187 10.0 16.175 0
065204 17.187 10.0 16.175 0
065234 17.187 10.0 16.175 0
065304 17.187 10.0 16.175 0
065334 17.187 10.0 16.175 0
065405 17.187 10.0 16.175 0
065435 17.187 10.0 16.175 0
065506 17.187 10.0 16.175 0
065536 17.25 10.0 16.175 0
065606 17.25 10.0 16.175 0
065637 17.25 10.0 16.175 0
065708 17.25 10.0 16.175 0
065738 17.25 10.0 16.175 0
065809 17.25 10.0 16.175 0
065839 17.25 10.0 16.175 0
065909 17.25 10.0 16.175 0
065940 17.25 10.0 16.175 0
070010 17.25 10.0 16.175 0
070040 17.312 10.0 16.175 0
070111 17.312 10.0 16.175 0
070142 17.312 10.0 16.175 0
070212 17.312 10.0 16.175 0
070242 17.312 10.0 16.175 0
070313 17.375 10.0 16.175 0
070343 17.375 10.0 16.175 0
070413 17.375 10.0 16.175 0
070443 17.375 10.0 16.175 0
070514 17.375 10.0 16.175 0
070544 17.375 10.0 16.175 0
070615 17.375 10.0 16.175 0
070646 17.375 10.0 16.175 0
070716 17.375 10.0 16.175 0
070749 17.437 10.0 16.175 0
070819 17.437 10.0 16.175 0
070849 17.437 10.0 16.175 0
070920 17.437 10.0 16.175 0
070951 17.437 10.0 16.175 0
071022 17.5 10.0 16.175 0
071052 17.5 10.0 16.175 0
071123 17.5 10.0 16.175 0
071154 17.5 10.0 16.175 0
071224 17.5 10.0 16.175 0
071254 17.5 10.0 16.175 0
071325 17.5 10.0 16.175 0
071355 17.5 10.0 16.175 0
071426 17.5 10.0 16.175 0
071457 17.5 10.0 16.175 0
071527 17.5 10.0 16.175 0
071557 17.5 10.0 16.175 0
071628 17.5 10.0 16.175 0
071658 17.5 10.0 16.175 0
071728 17.5 10.0 16.175 0
071759 17.5 10.0 16.175 0
071829 17.5 10.0 16.175 0
071859 17.5 10.0 16.175 0
071929 17.5 10.0 16.175 0
072000 17.5 10.0 16.175 0
072030 17.5 10.0 16.175 0
072100 17.5 10.0 16.175 0
072131 17.5 10.0 16.175 0
072201 17.5 10.0 16.175 0
072232 17.5 10.0 16.175 0
072303 17.5 10.0 16.175 0
072334 17.5 10.0 16.175 0
072404 17.5 10.0 16.175 0
072435 17.5 10.0 16.175 0
072505 17.5 10.0 16.175 0
072536 17.562 10.0 16.175 0
072606 17.562 10.0 16.175 0
072637 17.562 10.0 16.175 0
072708 17.562 10.0 16.175 0
072738 17.562 10.0 16.175 0
072809 17.562 10.0 16.175 0
072839 17.562 10.0 16.175 0
072910 17.562 10.0 16.175 0
072941 17.562 10.0 16.175 0
073011 17.562 10.0 16.175 0
073042 17.625 10.0 16.175 0
073113 17.625 10.0 16.175 0
073143 17.625 10.0 16.175 0
073214 17.625 10.0 16.175 0
073245 17.625 10.0 16.175 0
073315 17.625 10.0 16.175 0
073346 17.625 10.0 16.175 0
073417 17.625 10.0 16.175 0
073447 17.625 10.0 16.175 0
073518 17.625 10.0 16.175 0
073549 17.687 10.0 16.175 0
073619 17.687 10.0 16.175 0
073650 17.687 10.0 16.175 0
073721 17.687 10.0 16.175 0
073753 17.75 10.0 16.175 0
073824 17.75 10.0 16.175 0
073854 17.75 10.0 16.175 0
073924 17.75 10.0 16.175 0
073954 17.75 10.0 16.175 0
074025 17.75 10.0 16.175 0
074055 17.75 10.0 16.175 0
074126 17.75 10.0 16.175 0
074156 17.75 10.0 16.175 0
074227 17.75 10.0 16.175 0
074257 17.812 10.0 16.175 0
074327 17.812 10.0 16.175 0
074358 17.812 10.0 16.175 0
074428 17.812 10.0 16.175 0
074459 17.812 10.0 16.175 0
074530 17.812 10.0 16.175 0
074600 17.812 10.0 16.175 0
074631 17.812 10.0 16.175 0
074702 17.812 10.0 16.175 0
074732 17.812 10.0 16.175 0
074803 17.75 10.0 16.175 0
074833 17.75 10.0 16.175 0
074904 17.75 10.0 16.175 0
074935 17.75 10.0 16.175 0
075005 17.75 10.0 16.175 0
075036 17.812 10.0 16.175 0
075107 17.812 10.0 16.175 0
075138 17.812 10.0 16.175 0
075208 17.812 10.0 16.175 0
075238 17.812 10.0 16.175 0
075309 17.75 10.0 16.175 0
075339 17.75 10.0 16.175 0
075409 17.75 10.0 16.175 0
075439 17.75 10.0 16.175 0
075510 17.75 10.0 16.175 0
075540 17.75 10.0 16.175 0
075610 17.75 10.0 16.175 0
075641 17.75 10.0 16.175 0
075712 17.75 10.0 16.175 0
075742 17.75 10.0 16.175 0
075813 17.75 10.0 16.175 0
075843 17.75 10.0 16.175 0
075914 17.75 10.0 16.175 0
075945 17.75 10.0 16.175 0
080015 17.75 10.0 16.175 0
080046 17.812 10.0 16.175 0
080117 17.812 10.0 16.175 0
080147 17.812 10.0 16.175 0
080218 17.812 10.0 16.175 0
080249 17.812 10.0 16.175 0
080319 17.812 10.0 16.175 0
080350 17.812 10.0 16.175 0
080421 17.812 10.0 16.175 0
080451 17.812 10.0 16.175 0
080522 17.812 10.0 16.175 0
080553 17.812 10.0 16.175 0
080623 17.812 10.0 16.175 0
080653 17.812 10.0 16.175 0
080724 17.812 10.0 16.175 0
080756 17.75 10.0 16.175 0
080827 17.75 10.0 16.175 0
080858 17.75 10.0 16.175 0
080928 17.75 10.0 16.175 0
080959 17.75 10.0 16.175 0
081030 17.687 10.0 16.175 0
081100 17.687 10.0 16.175 0
081130 17.687 10.0 16.175 0
081200 17.687 10.0 16.175 0
081231 17.687 10.0 16.175 0
081301 17.75 10.0 16.175 0
081332 17.75 10.0 16.175 0
081403 17.75 10.0 16.175 0
081433 17.75 10.0 16.175 0
081504 17.75 10.0 16.175 0
081534 17.75 10.0 16.175 0
081605 17.75 10.0 16.175 0
081635 17.75 10.0 16.175 0
081706 17.75 10.0 16.175 0
081736 17.75 10.0 16.175 0
081806 17.75 10.0 16.175 0
081837 17.75 10.0 16.175 0
081908 17.75 10.0 16.175 0
081938 17.75 10.0 16.175 0
082009 17.75 10.0 16.175 0
082039 17.812 10.0 16.175 0
082109 17.812 10.0 16.175 0
082140 17.812 10.0 16.175 0
082211 17.812 10.0 16.175 0
082241 17.812 10.0 16.175 0
082312 17.812 10.0 16.175 0
082342 17.812 10.0 16.175 0
082413 17.812 10.0 16.175 0
082444 17.812 10.0 16.175 0
082514 17.812 10.0 16.175 0
082545 17.812 10.0 16.175 0
082615 17.812 10.0 16.175 0
082646 17.812 10.0 16.175 0
082716 17.812 10.0 16.175 0
082746 17.812 10.0 16.175 0
082817 17.812 10.0 16.175 0
082847 17.812 10.0 16.175 0
082918 17.812 10.0 16.175 0
082948 17.812 10.0 16.175 0
083018 17.812 10.0 16.175 0
083049 17.812 10.0 16.175 0
083119 17.812 10.0 16.175 0
083149 17.812 10.0 16.175 0
083219 17.812 10.0 16.175 0
083249 17.812 10.0 16.175 0
083320 17.812 10.0 16.175 0
083350 17.812 10.0 16.175 0
083420 17.812 10.0 16.175 0
083450 17.812 10.0 16.175 0
083521 17.812 10.0 16.175 0
083551 17.812 10.0 16.175 0
083621 17.812 10.0 16.175 0
083651 17.812 10.0 16.175 0
083722 17.812 10.0 16.175 0
083752 17.812 10.0 16.175 0
083822 17.812 10.0 16.175 0
083853 17.812 10.0 16.175 0
083923 17.812 10.0 16.175 0
083953 17.812 10.0 16.175 0
084024 17.812 10.0 16.175 0
084054 17.875 10.0 16.175 0
084125 17.875 10.0 16.175 0
084155 17.875 10.0 16.175 0
084225 17.875 10.0 16.175 0
084256 17.875 10.0 16.175 0
084326 17.875 10.0 16.175 0
084356 17.875 10.0 16.175 0
084427 17.875 10.0 16.175 0
084458 17.875 10.0 16.175 0
084529 17.875 10.0 16.175 0
084559 17.875 10.0 16.175 0
084629 17.875 10.0 16.175 0
084700 17.875 10.0 16.175 0
084730 17.875 10.0 16.175 0
084803 17.937 10.0 16.175 0
084834 17.937 10.0 16.175 0
084904 17.937 10.0 16.175 0
084934 17.937 10.0 16.175 0
085005 17.937 10.0 16.175 0
085036 17.937 10.0 16.175 0
085106 17.937 10.0 16.175 0
085137 17.937 10.0 16.175 0
085208 17.937 10.0 16.175 0
085238 17.937 10.0 16.175 0
085309 18.0 10.0 16.175 0
085339 18.0 10.0 16.175 0
085410 18.0 10.0 16.175 0
085441 18.0 10.0 16.175 0
085511 18.0 10.0 16.175 0
085542 18.0 10.0 16.175 0
085612 18.0 10.0 16.175 0
085642 18.0 10.0 16.175 0
085713 18.0 10.0 16.175 0
085744 18.0 10.0 16.175 0
085815 18.0 10.0 16.175 0
085845 18.0 10.0 16.175 0
085916 18.0 10.0 16.175 0
085947 18.0 10.0 16.175 0
090018 18.0 10.0 16.175 0
090048 18.0 10.0 16.175 0
090118 18.0 10.0 16.175 0
090149 18.0 10.0 16.175 0
090220 18.0 10.0 16.175 0
090250 18.0 10.0 16.175 0
090320 18.0 10.0 16.175 0
090351 18.0 10.0 16.175 0
090421 18.0 10.0 16.175 0
090452 18.0 10.0 16.175 0
090523 18.0 10.0 16.175 0
090553 18.0 10.0 16.175 0
090624 18.0 10.0 16.175 0
090654 18.0 10.0 16.175 0
090724 18.0 10.0 16.175 0
090754 18.0 10.0 16.175 0
090825 18.0 10.0 16.175 0
090855 18.0 10.0 16.175 0
090925 18.0 10.0 16.175 0
090956 18.0 10.0 16.175 0
091026 18.0 10.0 16.175 0
091056 17.937 10.0 16.175 0
091127 17.937 10.0 16.175 0
091158 17.937 10.0 16.175 0
091228 17.937 10.0 16.175 0
091258 17.937 10.0 16.175 0
091329 18.0 10.0 16.175 0
091400 18.0 10.0 16.175 0
091430 18.0 10.0 16.175 0
091501 18.0 10.0 16.175 0
091531 18.0 10.0 16.175 0
091602 18.0 10.0 16.175 0
091632 18.0 10.0 16.175 0
091702 18.0 10.0 16.175 0
091732 18.0 10.0 16.175 0
091803 18.0 10.0 16.175 0
091833 18.0 10.0 16.175 0
091903 18.0 10.0 16.175 0
091934 18.0 10.0 16.175 0
092004 18.0 10.0 16.175 0
092037 18.0 10.0 16.175 0
092108 18.0 10.0 16.175 0
092138 18.0 10.0 16.175 0
092209 18.0 10.0 16.175 0
092239 18.0 10.0 16.175 0
092309 18.062 10.0 16.175 0
092340 18.062 10.0 16.175 0
092411 18.062 10.0 16.175 0
092441 18.062 10.0 16.175 0
092512 18.062 10.0 16.175 0
092543 18.062 10.0 16.175 0
092613 18.062 10.0 16.175 0
092643 18.062 10.0 16.175 0
092714 18.062 10.0 16.175 0
092745 18.062 10.0 16.175 0
092815 18.062 10.0 16.175 0
092845 18.062 10.0 16.175 0
092916 18.062 10.0 16.175 0
092947 18.062 10.0 16.175 0
093018 18.062 10.0 16.175 0
093048 18.062 10.0 16.175 0
093119 18.062 10.0 16.175 0
093149 18.062 10.0 16.175 0
093220 18.062 10.0 16.175 0
093251 18.062 10.0 16.175 0
093321 18.062 10.0 16.175 0
093352 18.062 10.0 16.175 0
093422 18.062 10.0 16.175 0
093453 18.062 10.0 16.175 0
093524 18.062 10.0 16.175 0
093555 18.062 10.0 16.175 0
093625 18.062 10.0 16.175 0
093656 18.062 10.0 16.175 0
093727 18.062 10.0 16.175 0
093757 18.062 10.0 16.175 0
093828 18.062 10.0 16.175 0
093858 18.062 10.0 16.175 0
093929 18.062 10.0 16.175 0
093959 18.062 10.0 16.175 0
094030 18.062 10.0 16.175 0
094101 18.062 10.0 16.175 0
094131 18.062 10.0 16.175 0
094202 18.062 10.0 16.175 0
094232 18.062 10.0 16.175 0
094303 18.062 10.0 16.175 0
094333 18.062 10.0 16.175 0
094403 18.062 10.0 16.175 0
094434 18.062 10.0 16.175 0
094504 18.062 10.0 16.175 0
094535 18.062 10.0 16.175 0
094605 18.062 10.0 16.175 0
094635 18.062 10.0 16.175 0
094705 18.062 10.0 16.175 0
094735 18.062 10.0 16.175 0
094806 18.062 10.0 16.175 0
094836 18.0 10.0 16.175 0
094906 18.0 10.0 16.175 0
094937 18.0 10.0 16.175 0
095008 18.0 10.0 16.175 0
095038 18.0 10.0 16.175 0
095108 18.062 10.0 16.175 0
095139 18.062 10.0 16.175 0
095210 18.062 10.0 16.175 0
095240 18.062 10.0 16.175 0
095312 18.125 10.0 16.175 0
095343 18.125 10.0 16.175 0
095413 18.125 10.0 16.175 0
095443 18.125 10.0 16.175 0
095514 18.125 10.0 16.175 0
095544 18.125 10.0 16.175 0
095615 18.125 10.0 16.175 0
095645 18.125 10.0 16.175 0
095715 18.125 10.0 16.175 0
095746 18.125 10.0 16.175 0
095816 18.062 10.0 16.175 0
095846 18.062 10.0 16.175 0
095916 18.062 10.0 16.175 0
095946 18.062 10.0 16.175 0
100016 18.062 10.0 16.175 0
100047 18.062 10.0 16.175 0
100117 18.062 10.0 16.175 0
100147 18.062 10.0 16.175 0
100218 18.062 10.0 16.175 0
100248 18.062 10.0 16.175 0
100318 18.062 10.0 16.175 0
100349 18.062 10.0 16.175 0
100420 18.062 10.0 16.175 0
100450 18.062 10.0 16.175 0
100521 18.062 10.0 16.175 0
100551 18.125 10.0 16.175 0
100621 18.125 10.0 16.175 0
100651 18.125 10.0 16.175 0
100722 18.125 10.0 16.175 0
100752 18.125 10.0 16.175 0
100822 18.125 10.0 16.175 0
100853 18.125 10.0 16.175 0
100924 18.125 10.0 16.175 0
100954 18.125 10.0 16.175 0
101025 18.125 10.0 16.175 0
101055 18.125 10.0 16.175 0
101125 18.125 10.0 16.175 0
101155 18.125 10.0 16.175 0
101225 18.125 10.0 16.175 0
101256 18.125 10.0 16.175 0
101326 18.125 10.0 16.175 0
101356 18.125 10.0 16.175 0
101426 18.125 10.0 16.175 0
101456 18.125 10.0 16.175 0
101527 18.125 10.0 16.175 0
101557 18.125 10.0 16.175 0
101627 18.125 10.0 16.175 0
101658 18.125 10.0 16.175 0
101728 18.125 10.0 16.175 0
101759 18.125 10.0 16.175 0
101830 18.125 10.0 16.175 0
101900 18.125 10.0 16.175 0
101931 18.125 10.0 16.175 0
102002 18.125 10.0 16.175 0
102032 18.125 10.0 16.175 0
102102 18.187 10.0 16.175 0
102133 18.187 10.0 16.175 0
102203 18.187 10.0 16.175 0
102233 18.187 10.0 16.175 0
102303 18.187 10.0 16.175 0
102334 18.187 10.0 16.175 0
102404 18.187 10.0 16.175 0
102434 18.187 10.0 16.175 0
102505 18.187 10.0 16.175 0
102535 18.187 10.0 16.175 0
102605 18.187 10.0 16.175 0
102636 18.187 10.0 16.175 0
102707 18.187 10.0 16.175 0
102737 18.187 10.0 16.175 0
102808 18.187 10.0 16.175 0
102839 18.187 10.0 16.175 0
102909 18.187 10.0 16.175 0
102940 18.187 10.0 16.175 0
103010 18.187 10.0 16.175 0
103040 18.187 10.0 16.175 0
103111 18.125 10.0 16.175 0
103141 18.125 10.0 16.175 0
103212 18.125 10.0 16.175 0
103243 18.125 10.0 16.175 0
103313 18.125 10.0 16.175 0
103343 18.187 10.0 16.175 0
103414 18.187 10.0 16.175 0
103444 18.187 10.0 16.175 0
103515 18.187 10.0 16.175 0
103547 18.125 10.0 16.175 0
103618 18.125 10.0 16.175 0
103648 18.125 10.0 16.175 0
103719 18.125 10.0 16.175 0
103749 18.125 10.0 16.175 0
103820 18.187 10.0 16.175 0
103851 18.187 10.0 16.175 0
103921 18.187 10.0 16.175 0
103952 18.187 10.0 16.175 0
104023 18.187 10.0 16.175 0
104053 18.187 10.0 16.175 0
104124 18.187 10.0 16.175 0
104155 18.187 10.0 16.175 0
104225 18.187 10.0 16.175 0
104255 18.187 10.0 16.175 0
104325 18.187 10.0 16.175 0
104356 18.187 10.0 16.175 0
104427 18.187 10.0 16.175 0
104457 18.187 10.0 16.175 0
104528 18.187 10.0 16.175 0
104558 18.125 10.0 16.175 0
104629 18.125 10.0 16.175 0
104700 18.125 10.0 16.175 0
104730 18.125 10.0 16.175 0
104800 18.125 10.0 16.175 0
104831 18.125 10.0 16.175 0
104901 18.125 10.0 16.175 0
104931 18.125 10.0 16.175 0
105001 18.125 10.0 16.175 0
105031 18.125 10.0 16.175 0
105102 18.125 10.0 16.175 0
105132 18.125 10.0 16.175 0
105202 18.125 10.0 16.175 0
105233 18.125 10.0 16.175 0
105303 18.125 10.0 16.175 0
105334 18.125 10.0 16.175 0
105404 18.125 10.0 16.175 0
105435 18.125 10.0 16.175 0
105505 18.125 10.0 16.175 0
105535 18.125 10.0 16.175 0
105606 18.125 10.0 16.175 0
105636 18.125 10.0 16.175 0
105707 18.125 10.0 16.175 0
105737 18.125 10.0 16.175 0
105808 18.125 10.0 16.175 0
105838 18.125 10.0 16.175 0
105909 18.125 10.0 16.175 0
105939 18.125 10.0 16.175 0
110009 18.125 10.0 16.175 0
110039 18.125 10.0 16.175 0
110110 18.125 10.0 16.175 0
110140 18.125 10.0 16.175 0
110210 18.125 10.0 16.175 0
110240 18.125 10.0 16.175 0
110311 18.125 10.0 16.175 0
110341 18.187 10.0 16.175 0
110412 18.187 10.0 16.175 0
110442 18.187 10.0 16.175 0
110512 18.187 10.0 16.175 0
110542 18.187 10.0 16.175 0
110613 18.25 10.0 16.175 0
110643 18.25 10.0 16.175 0
110714 18.25 10.0 16.175 0
110745 18.25 10.0 16.175 0
110815 18.25 10.0 16.175 0
110846 18.25 10.0 16.175 0
110916 18.25 10.0 16.175 0
110947 18.25 10.0 16.175 0
111017 18.25 10.0 16.175 0
111048 18.25 10.0 16.175 0
111118 18.25 10.0 16.175 0
111149 18.25 10.0 16.175 0
111220 18.25 10.0 16.175 0
111250 18.25 10.0 16.175 0
111322 18.25 10.0 16.175 0
111352 18.25 10.0 16.175 0
111423 18.25 10.0 16.175 0
111453 18.25 10.0 16.175 0
111523 18.25 10.0 16.175 0
111554 18.312 10.0 16.175 0
111624 18.312 10.0 16.175 0
111654 18.312 10.0 16.175 0
111724 18.312 10.0 16.175 0
111755 18.312 10.0 16.175 0
111825 18.25 10.0 16.175 0
111856 18.25 10.0 16.175 0
111927 18.25 10.0 16.175 0
111957 18.25 10.0 16.175 0
112028 18.25 10.0 16.175 0
112058 18.312 10.0 16.175 0
112128 18.312 10.0 16.175 0
112159 18.312 10.0 16.175 0
112230 18.312 10.0 16.175 0
112301 18.312 10.0 16.175 0
112331 18.312 10.0 16.175 0
112402 18.312 10.0 16.175 0
112432 18.312 10.0 16.175 0
112503 18.312 10.0 16.175 0
112534 18.312 10.0 16.175 0
112604 18.312 10.0 16.175 0
112635 18.312 10.0 16.175 0
112706 18.312 10.0 16.175 0
112736 18.312 10.0 16.175 0
112807 18.312 10.0 16.175 0
112837 18.312 10.0 16.175 0
112908 18.312 10.0 16.175 0
112939 18.312 10.0 16.175 0
113009 18.312 10.0 16.175 0
113039 18.312 10.0 16.175 0
113109 18.312 10.0 16.175 0
113140 18.312 10.0 16.175 0
113210 18.312 10.0 16.175 0
113241 18.312 10.0 16.112 0
113312 18.312 10.0 16.175 0
113342 18.312 10.0 16.175 0
113412 18.312 10.0 16.175 0
113443 18.312 10.0 16.112 0
113514 18.312 10.0 16.175 0
113544 18.312 10.0 16.175 0
113615 18.25 10.0 16.175 0
113645 18.25 10.0 16.175 0
113716 18.25 10.0 16.175 0
113746 18.25 10.0 16.175 0
113817 18.25 10.0 16.112 0
113848 18.25 10.0 16.175 0
113919 18.25 10.0 16.175 0
113949 18.25 10.0 16.175 0
114020 18.25 10.0 16.175 0
114051 18.25 10.0 16.175 0
114121 18.187 10.0 16.175 0
114152 18.187 10.0 16.175 0
114222 18.187 10.0 16.175 0
114252 18.187 10.0 16.175 0
114323 18.187 10.0 16.175 0
114353 18.187 10.0 16.175 0
114423 18.187 10.0 16.175 0
114453 18.187 10.0 16.175 0
114524 18.187 10.0 16.175 0
114556 18.25 10.0 16.175 0
114627 18.25 10.0 16.112 0
114658 18.25 10.0 16.112 0
114728 18.25 10.0 16.175 0
114758 18.25 10.0 16.175 0
114829 18.187 10.0 16.112 0
114900 18.187 10.0 16.175 0
114930 18.187 10.0 16.175 0
115001 18.187 10.0 16.175 0
115032 18.187 10.0 16.175 0
115102 18.25 10.0 16.175 0
115132 18.25 10.0 16.175 0
115203 18.25 10.0 16.112 0
115234 18.25 10.0 16.175 0
115305 18.25 10.0 16.112 0
115335 18.25 10.0 16.175 0
115406 18.25 10.0 16.112 0
115436 18.25 10.0 16.175 0
115507 18.25 10.0 16.175 0
115537 18.25 10.0 16.175 0
115608 18.25 10.0 16.175 0
115639 18.25 10.0 16.175 0
115709 18.25 10.0 16.175 0
115739 18.25 10.0 16.175 0
115810 18.25 10.0 16.112 0
115840 18.25 10.0 16.175 0
115910 18.25 10.0 16.112 0
115941 18.25 10.0 16.112 0
120012 18.25 10.0 16.175 0
120042 18.25 10.0 16.112 0
120112 18.25 10.0 16.175 0
120143 18.25 10.0 16.175 0
120214 18.25 10.0 16.112 0
120245 18.25 10.0 16.175 0
120315 18.25 10.0 16.175 0
120345 18.25 10.0 16.175 0
120416 18.25 10.0 16.112 0
120447 18.25 10.0 16.175 0
120518 18.25 10.0 16.175 0
120548 18.25 10.0 16.175 0
120619 18.25 10.0 16.175 0
120650 18.25 10.0 16.112 0
120720 18.25 10.0 16.175 0
120750 18.25 10.0 16.175 0
120821 18.25 10.0 16.175 0
120852 18.25 10.0 16.175 0
120923 18.25 10.0 16.112 0
120953 18.25 10.0 16.112 0
121024 18.25 10.0 16.175 0
121055 18.25 10.0 16.112 0
121125 18.312 10.0 16.175 0
121156 18.312 10.0 16.175 0
121226 18.312 10.0 16.112 0
121256 18.312 10.0 16.175 0
121327 18.312 10.0 16.112 0
121357 18.25 10.0 16.112 0
121427 18.25 10.0 16.112 0
121458 18.25 10.0 16.112 0
121528 18.25 10.0 16.175 0
121601 18.312 10.0 16.112 0
121631 18.312 10.0 16.112 0
121702 18.312 10.0 16.175 0
121732 18.312 10.0 16.175 0
121802 18.312 10.0 16.175 0
121832 18.312 10.0 16.112 0
121903 18.312 10.0 16.112 0
121934 18.312 10.0 16.175 0
122004 18.312 10.0 16.112 0
122035 18.312 10.0 16.112 0
122105 18.312 10.0 16.175 0
122136 18.312 10.0 16.175 0
122207 18.312 10.0 16.175 0
122237 18.312 10.0 16.175 0
122308 18.312 10.0 16.112 0
122338 18.312 10.0 16.112 0
122409 18.312 10.0 16.175 0
122439 18.312 10.0 16.175 0
122510 18.312 10.0 16.112 0
122540 18.312 10.0 16.175 0
122611 18.312 10.0 16.112 0
122641 18.312 10.0 16.112 0
122712 18.312 10.0 16.175 0
122743 18.312 10.0 16.112 0
122813 18.312 10.0 16.112 0
122843 18.312 10.0 16.112 0
122914 18.312 10.0 16.175 0
122944 18.312 10.0 16.175 0
123015 18.312 10.0 16.175 0
123046 18.312 10.0 16.112 0
123116 18.312 10.0 16.112 0
123147 18.312 10.0 16.175 0
123218 18.312 10.0 16.112 0
123248 18.312 10.0 16.112 0
123319 18.312 10.0 16.175 0
123349 18.312 10.0 16.112 0
123420 18.312 10.0 16.112 0
123451 18.312 10.0 16.112 0
123521 18.312 10.0 16.112 0
123551 18.312 10.0 16.112 0
123622 18.312 10.0 16.175 0
123652 18.312 10.0 16.112 0
123722 18.312 10.0 16.112 0
123753 18.312 10.0 16.175 0
123823 18.312 10.0 16.112 0
123854 18.25 10.0 16.175 0
123924 18.25 10.0 16.112 0
123954 18.25 10.0 16.112 0
124025 18.25 10.0 16.112 0
124056 18.25 10.0 16.112 0
124126 18.187 10.0 16.112 0
124156 18.187 10.0 16.112 0
124226 18.187 10.0 16.112 0
124257 18.187 10.0 16.175 0
124327 18.187 10.0 16.112 0
124358 18.25 10.0 16.175 0
124428 18.25 10.0 16.112 0
124459 18.25 10.0 16.112 0
124529 18.25 10.0 16.112 0
124559 18.25 10.0 16.112 0
124630 18.25 10.0 16.112 0
124700 18.25 10.0 16.112 0
124730 18.25 10.0 16.112 0
124801 18.25 10.0 16.112 0
124832 18.25 10.0 16.112 0
124902 18.312 10.0 16.175 0
124933 18.312 10.0 16.175 0
125003 18.312 10.0 16.112 0
125033 18.312 10.0 16.175 0
125105 18.312 10.0 16.112 0
125136 18.312 10.0 16.112 0
125206 18.312 10.0 16.112 0
125237 18.312 10.0 16.112 0
125307 18.312 10.0 16.112 0
125337 18.312 10.0 16.112 0
125407 18.312 10.0 16.112 0
125437 18.312 10.0 16.112 0
125508 18.312 10.0 16.112 0
125538 18.312 10.0 16.112 0
125608 18.312 10.0 16.112 0
125639 18.312 10.0 16.112 0
125709 18.312 10.0 16.112 0
125739 18.312 10.0 16.112 0
125810 18.312 10.0 16.112 0
125840 18.312 10.0 16.112 0
125911 18.312 10.0 16.175 0
125941 18.312 10.0 16.112 0
130012 18.312 10.0 16.112 0
130042 18.312 10.0 16.112 0
130113 18.312 10.0 16.112 0
130144 18.312 10.0 16.112 0
130214 18.312 10.0 16.112 0
130244 18.312 10.0 16.175 0
130315 18.312 10.0 16.175 0
130345 18.312 10.0 16.112 0
130416 18.312 10.0 16.112 0
130446 18.312 10.0 16.112 0
130517 18.312 10.0 16.112 0
130547 18.312 10.0 16.112 0
130618 18.312 10.0 16.112 0
130649 18.312 10.0 16.112 0
130719 18.312 10.0 16.175 0
130749 18.312 10.0 16.112 0
130819 18.312 10.0 16.112 0
130850 18.312 10.0 16.112 0
130920 18.312 10.0 16.112 0
130951 18.312 10.0 16.112 0
131021 18.312 10.0 16.112 0
131052 18.312 10.0 16.112 0
131123 18.312 10.0 16.112 0
131153 18.312 10.0 16.175 0
131224 18.312 10.0 16.112 0
131254 18.312 10.0 16.112 0
131325 18.312 10.0 16.112 0
131356 18.312 10.0 16.112 0
131427 18.312 10.0 16.112 0
131457 18.312 10.0 16.112 0
131528 18.312 10.0 16.112 0
131559 18.312 10.0 16.112 0
131629 18.312 10.0 16.112 0
131659 18.312 10.0 16.112 0
131729 18.312 10.0 16.112 0
131800 18.312 10.0 16.112 0
131831 18.312 10.0 16.112 0
131901 18.312 10.0 16.112 0
131932 18.312 10.0 16.112 0
132002 18.312 10.0 16.112 0
132033 18.312 10.0 16.112 0
132104 18.312 10.0 16.112 0
132134 18.312 10.0 16.112 0
132205 18.312 10.0 16.112 0
132235 18.312 10.0 16.112 0
132306 18.312 10.0 16.112 0
132336 18.312 10.0 16.112 0
132407 18.312 10.0 16.112 0
132437 18.312 10.0 16.112 0
132508 18.312 10.0 16.175 0
132539 18.312 10.0 16.112 0
132610 18.312 10.0 16.112 0
132640 18.312 10.0 16.112 0
132711 18.312 10.0 16.112 0
132741 18.312 10.0 16.112 0
132811 18.312 10.0 16.112 0
132841 18.312 10.0 16.112 0
132912 18.312 10.0 16.175 0
132942 18.312 10.0 16.112 0
133012 18.312 10.0 16.112 0
133042 18.312 10.0 16.112 0
133113 18.25 10.0 16.112 0
133143 18.25 10.0 16.112 0
133213 18.25 10.0 16.112 0
133243 18.25 10.0 16.112 0
133314 18.25 10.0 16.112 0
133344 18.25 10.0 16.112 0
133415 18.25 10.0 16.112 0
133445 18.25 10.0 16.112 0
133516 18.25 10.0 16.112 0
133547 18.25 10.0 16.112 0
133617 18.25 10.0 16.112 0
133648 18.25 10.0 16.112 0
133718 18.25 10.0 16.112 0
133748 18.25 10.0 16.112 0
133819 18.25 10.0 16.112 0
133849 18.25 10.0 16.112 0
133919 18.25 10.0 16.112 0
133950 18.25 10.0 16.112 0
134020 18.25 10.0 16.112 0
134051 18.25 10.0 16.112 0
134121 18.25 10.0 16.112 0
134151 18.25 10.0 16.112 0
134222 18.25 10.0 16.112 0
134253 18.25 10.0 16.112 0
134323 18.25 10.0 16.112 0
134353 18.187 10.0 16.112 0
134423 18.187 10.0 16.112 0
134454 18.187 10.0 16.112 0
134524 18.187 10.0 16.112 0
134555 18.187 10.0 16.112 0
134625 18.125 10.0 16.112 0
134655 18.125 10.0 16.112 0
134726 18.125 10.0 16.112 0
134756 18.125 10.0 16.112 0
134826 18.125 10.0 16.112 0
134857 18.125 10.0 16.112 0
134927 18.125 10.0 16.112 0
134958 18.125 10.0 16.112 0
135029 18.125 10.0 16.112 0
135059 18.125 10.0 16.112 0
135130 18.125 10.0 16.112 0
135201 18.125 10.0 16.112 0
135232 18.125 10.0 16.112 0
135302 18.125 10.0 16.112 0
135333 18.125 10.0 16.112 0
135404 18.062 10.0 16.112 0
135434 18.062 10.0 16.112 0
135505 18.062 10.0 16.112 0
135536 18.062 10.0 16.112 0
135606 18.062 10.0 16.112 0
135636 18.062 10.0 16.112 0
135707 18.062 10.0 16.112 0
135737 18.062 10.0 16.112 0
135808 18.062 10.0 16.112 0
135839 18.062 10.0 16.112 0
135909 18.062 10.0 16.112 0
135939 18.062 10.0 16.112 0
140009 18.062 10.0 16.112 0
140040 18.062 10.0 16.112 0
140110 18.062 10.0 16.112 0
140141 18.062 10.0 16.112 0
140212 18.062 10.0 16.112 0
140242 18.062 10.0 16.112 0
140312 18.062 10.0 16.112 0
140345 18.062 10.0 16.112 0
140415 18.062 10.0 16.112 0
140446 18.062 10.0 16.112 0
140517 18.062 10.0 16.112 0
140547 18.062 10.0 16.112 0
140618 18.062 10.0 16.112 0
140649 18.062 10.0 16.112 0
140719 18.062 10.0 16.112 0
140750 18.062 10.0 16.112 0
140820 18.062 10.0 16.112 0
140851 18.0 10.0 16.112 0
140922 18.0 10.0 16.112 0
140952 18.0 10.0 16.112 0
141023 18.0 10.0 16.112 0
141053 18.0 10.0 16.112 0
141124 18.062 10.0 16.112 0
141155 18.062 10.0 16.112 0
141225 18.062 10.0 16.112 0
141256 18.062 10.0 16.112 0
141326 18.062 10.0 16.112 0
141357 18.062 10.0 16.112 0
141427 18.062 10.0 16.112 0
141458 18.062 10.0 16.112 0
141528 18.062 10.0 16.112 0
141559 18.062 10.0 16.112 0
141629 18.062 10.0 16.112 0
141700 18.062 10.0 16.112 0
141730 18.062 10.0 16.112 0
141801 18.062 10.0 16.112 0
141831 18.062 10.0 16.112 0
141901 18.0 10.0 16.112 0
141932 18.0 10.0 16.112 0
142002 18.0 10.0 16.112 0
142032 18.0 10.0 16.112 0
142102 18.0 10.0 16.112 0
142133 18.0 10.0 16.112 0
142203 18.0 10.0 16.112 0
142233 18.0 10.0 16.112 0
142304 18.0 10.0 16.112 0
142335 18.0 10.0 16.112 0
142406 18.0 10.0 16.112 0
142436 18.0 10.0 16.112 0
142507 18.0 10.0 16.112 0
142537 18.0 10.0 16.112 0
142608 18.0 10.0 16.112 0
142638 18.0 10.0 16.112 0
142708 18.0 10.0 16.112 0
142739 18.0 10.0 16.112 0
142810 18.0 10.0 16.112 0
142840 18.0 10.0 16.112 0
142911 18.0 10.0 16.112 0
142941 18.0 10.0 16.112 0
143011 18.0 10.0 16.112 0
143042 18.0 10.0 16.112 0
143112 18.0 10.0 16.112 0
143143 17.937 10.0 16.112 0
143213 17.937 10.0 16.112 0
143244 17.937 10.0 16.112 0
143314 17.937 10.0 16.112 0
143345 17.937 10.0 16.112 0
143415 17.937 10.0 16.112 0
143446 17.937 10.0 16.112 0
143517 17.937 10.0 16.112 0
143548 17.937 10.0 16.112 0
143619 17.937 10.0 16.112 0
143650 17.937 10.0 16.112 0
143721 17.937 10.0 16.112 0
143751 17.937 10.0 16.112 0
143822 17.937 10.0 16.112 0
143853 17.937 10.0 16.112 0
143923 17.937 10.0 16.112 0
143953 17.937 10.0 16.112 0
144024 17.937 10.0 16.112 0
144054 17.937 10.0 16.112 0
144124 17.937 10.0 16.112 0
144155 17.937 10.0 16.112 0
144226 17.937 10.0 16.112 0
144257 17.937 10.0 16.112 0
144327 17.937 10.0 16.112 0
144358 17.937 10.0 16.112 0
144428 17.937 10.0 16.112 0
144459 17.937 10.0 16.112 0
144529 17.937 10.0 16.112 0
144600 17.937 10.0 16.112 0
144631 17.875 10.0 16.112 0
144701 17.875 10.0 16.112 0
144732 17.875 10.0 16.112 0
144803 17.875 10.0 16.112 0
144833 17.875 10.0 16.112 0
144904 17.875 10.0 16.112 0
144934 17.875 10.0 16.112 0
145005 17.875 10.0 16.112 0
145036 17.875 10.0 16.112 0
145106 17.875 10.0 16.112 0
145137 17.937 10.0 16.112 0
145208 17.937 10.0 16.112 0
145238 17.937 10.0 16.112 0
145309 17.937 10.0 16.112 0
145340 17.937 10.0 16.112 0
145410 17.937 10.0 16.112 0
145441 17.937 10.0 16.112 0
145511 17.937 10.0 16.112 0
145542 17.937 10.0 16.112 0
145613 17.937 10.0 16.112 0
145643 17.937 10.0 16.112 0
145714 17.937 10.0 16.112 0
145745 17.937 10.0 16.112 0
145815 17.937 10.0 16.112 0
145846 17.937 10.0 16.112 0
145916 18.0 10.0 16.112 0
145947 18.0 10.0 16.112 0
150017 18.0 10.0 16.112 0
150048 18.0 10.0 16.112 0
150118 18.0 10.0 16.112 0
150148 17.937 10.0 16.112 0
150219 17.937 10.0 16.112 0
150249 17.937 10.0 16.112 0
150320 17.937 10.0 16.112 0
150353 18.0 10.0 16.112 0
150424 18.0 10.0 16.112 0
150455 18.0 10.0 16.112 0
150525 18.0 10.0 16.112 0
150555 18.0 10.0 16.112 0
150626 17.937 10.0 16.112 0
150656 17.937 10.0 16.112 0
150726 17.937 10.0 16.112 0
150757 17.937 10.0 16.112 0
150827 17.937 10.0 16.112 0
150857 18.0 10.0 16.112 0
150927 18.0 10.0 16.112 0
150958 18.0 10.0 16.112 0
151028 18.0 10.0 16.112 0
151058 18.0 10.0 16.112 0
151129 18.062 10.0 16.112 0
151200 18.062 10.0 16.112 0
151231 18.062 10.0 16.112 0
151301 18.062 10.0 16.112 0
151332 18.062 10.0 16.112 0
151402 18.062 10.0 16.112 0
151433 18.062 10.0 16.112 0
151503 18.062 10.0 16.112 0
151534 18.062 10.0 16.112 0
151605 18.062 10.0 16.112 0
151635 18.062 10.0 16.112 0
151706 18.062 10.0 16.112 0
151736 18.062 10.0 16.112 0
151807 18.062 10.0 16.112 0
151837 18.062 10.0 16.112 0
151908 18.062 10.0 16.112 0
151938 18.062 10.0 16.112 0
152009 18.062 10.0 16.112 0
152039 18.062 10.0 16.112 0
152110 18.062 10.0 16.112 0
152140 18.125 10.0 16.112 0
152211 18.125 10.0 16.112 0
152242 18.125 10.0 16.112 0
152312 18.125 10.0 16.112 0
152342 18.125 10.0 16.112 0
152413 18.125 10.0 16.112 0
152444 18.125 10.0 16.112 0
152514 18.125 10.0 16.112 0
152545 18.125 10.0 16.112 0
152616 18.125 10.0 16.112 0
152646 18.125 10.0 16.112 0
152717 18.125 10.0 16.112 0
152747 18.125 10.0 16.112 0
152818 18.125 10.0 16.112 0
152849 18.125 10.0 16.112 0
152919 18.187 10.0 16.112 0
152950 18.187 10.0 16.112 0
153021 18.187 10.0 16.112 0
153051 18.187 10.0 16.112 0
153122 18.187 10.0 16.112 0
153152 18.187 10.0 16.112 0
153222 18.187 10.0 16.112 0
153253 18.187 10.0 16.112 0
153323 18.187 10.0 16.112 0
153353 18.187 10.0 16.112 0
153423 18.25 10.0 16.112 0
153454 18.25 10.0 16.112 0
153524 18.25 10.0 16.112 0
153554 18.25 10.0 16.112 0
153626 18.25 10.0 16.112 0
153657 18.25 10.0 16.112 0
153727 18.25 10.0 16.112 0
153758 18.25 10.0 16.112 0
153828 18.25 10.0 16.112 0
153859 18.25 10.0 16.112 0
153930 18.25 10.0 16.112 0
154000 18.25 10.0 16.112 0
154030 18.25 10.0 16.112 0
154101 18.25 10.0 16.112 0
154131 18.25 10.0 16.112 0
154202 18.25 10.0 16.112 0
154232 18.25 10.0 16.112 0
154302 18.25 10.0 16.112 0
154333 18.25 10.0 16.112 0
154404 18.187 10.0 16.112 0
154434 18.187 10.0 16.112 0
154505 18.187 10.0 16.112 0
154535 18.187 10.0 16.112 0
154606 18.187 10.0 16.112 0
154636 18.187 10.0 16.112 0
154706 18.187 10.0 16.112 0
154736 18.187 10.0 16.112 0
154807 18.187 10.0 16.112 0
154838 18.187 10.0 16.112 0
154909 18.187 10.0 16.112 0
154939 18.187 10.0 16.112 0
155010 18.187 10.0 16.112 0
155040 18.187 10.0 16.112 0
155111 18.187 10.0 16.112 0
155141 18.187 10.0 16.112 0
155212 18.187 10.0 16.112 0
155242 18.187 10.0 16.112 0
155312 18.187 10.0 16.112 0
155342 18.187 10.0 16.112 0
155412 18.25 10.0 16.112 0
155443 18.25 10.0 16.112 0
155513 18.25 10.0 16.112 0
155543 18.25 10.0 16.112 0
155614 18.25 10.0 16.112 0
155644 18.312 10.0 16.112 0
155715 18.312 10.0 16.112 0
155745 18.312 10.0 16.112 0
155816 18.312 10.0 16.112 0
155847 18.312 10.0 16.112 0
155918 18.375 10.0 16.112 0
155949 18.375 10.0 16.112 0
160019 18.375 10.0 16.112 0
160050 18.375 10.0 16.112 0
160120 18.375 10.0 16.112 0
160150 18.375 10.0 16.112 0
160221 18.375 10.0 16.112 0
160251 18.375 10.0 16.112 0
160322 18.375 10.0 16.112 0
160352 18.375 10.0 16.112 0
160422 18.437 10.0 16.112 0
160452 18.437 10.0 16.112 0
160523 18.437 10.0 16.112 0
160554 18.437 10.0 16.112 0
160624 18.437 10.0 16.112 0
160655 18.437 10.0 16.112 0
160725 18.437 10.0 16.112 0
160756 18.437 10.0 16.112 0
160827 18.437 10.0 16.112 0
160857 18.437 10.0 16.112 0
160928 18.437 10.0 16.112 0
160959 18.437 10.0 16.112 0
161029 18.437 10.0 16.112 0
161059 18.437 10.0 16.112 0
161132 18.562 10.0 16.112 0
161202 18.562 10.0 16.112 0
161233 18.562 10.0 16.112 0
161303 18.562 10.0 16.112 0
161333 18.562 10.0 16.112 0
161403 18.625 10.0 16.112 0
161434 18.625 10.0 16.112 0
161504 18.625 10.0 16.112 0
161534 18.625 10.0 16.112 0
161604 18.625 10.0 16.112 0
161635 18.687 10.0 16.112 0
161706 18.687 10.0 16.112 0
161736 18.687 10.0 16.112 0
161806 18.687 10.0 16.112 0
161837 18.687 10.0 16.112 0
161908 18.687 10.0 16.112 0
161938 18.687 10.0 16.112 0
162008 18.687 10.0 16.112 0
162038 18.687 10.0 16.112 0
162109 18.687 10.0 16.112 0
162139 18.812 10.0 16.112 0
162209 18.812 10.0 16.112 0
162239 18.812 10.0 16.112 0
162310 18.812 10.0 16.112 0
162340 18.812 10.0 16.112 0
162411 18.937 10.0 16.112 0
162441 18.937 10.0 16.112 0
162511 18.937 10.0 16.112 0
162542 18.937 10.0 16.112 0
162612 18.937 10.0 16.112 0
162643 19.062 10.0 16.112 0
162714 19.062 10.0 16.112 0
162744 19.062 10.0 16.112 0
162814 19.062 10.0 16.112 0
162844 19.062 10.0 16.112 0
162915 19.125 10.0 16.112 0
162945 19.125 10.0 16.112 0
163016 19.125 10.0 16.112 0
163046 19.125 10.0 16.112 0
163117 19.125 10.0 16.112 0
163147 19.25 10.0 16.112 0
163218 19.25 10.0 16.112 0
163248 19.25 10.0 16.112 0
163319 19.25 10.0 16.112 0
163349 19.25 10.0 16.112 0
163420 19.375 10.0 16.112 0
163450 19.375 10.0 16.112 0
163521 19.375 10.0 16.112 0
163552 19.375 10.0 16.112 0
163622 19.375 10.0 16.112 0
163652 19.437 10.0 16.112 0
163723 19.437 10.0 16.112 0
163753 19.437 10.0 16.112 0
163823 19.437 10.0 16.112 0
163854 19.437 10.0 16.112 0
163924 19.437 10.0 16.112 0
163954 19.437 10.0 16.112 0
164024 19.437 10.0 16.112 0
164054 19.437 10.0 16.112 0
164124 19.437 10.0 16.112 0
164155 19.437 10.0 16.112 0
164226 19.437 10.0 16.112 0
164256 19.437 10.0 16.112 0
164327 19.437 10.0 16.112 0
164357 19.437 10.0 16.112 0
164427 19.437 10.0 16.112 0
164458 19.437 10.0 16.112 0
164528 19.437 10.0 16.112 0
164559 19.437 10.0 16.112 0
164630 19.437 10.0 16.112 0
164700 19.437 10.0 16.112 0
164730 19.437 10.0 16.112 0
164800 19.437 10.0 16.112 0
164831 19.437 10.0 16.112 0
164901 19.437 10.0 16.112 0
164932 19.437 10.0 16.112 0
165002 19.437 10.0 16.112 0
165032 19.437 10.0 16.112 0
165102 19.437 10.0 16.112 0
165132 19.437 10.0 16.112 0
165203 19.375 10.0 16.112 0
165233 19.375 10.0 16.112 0
165303 19.375 10.0 16.112 0
165333 19.375 10.0 16.112 0
165403 19.375 10.0 16.112 0
165434 19.375 10.0 16.112 0
165504 19.375 10.0 16.112 0
165535 19.375 10.0 16.112 0
165605 19.375 10.0 16.112 0
165636 19.375 10.0 16.112 0
165707 19.375 10.0 16.112 0
165737 19.375 10.0 16.112 0
165808 19.375 10.0 16.112 0
165838 19.375 10.0 16.112 0
165910 19.375 10.0 16.112 0
165941 19.375 10.0 16.112 0
170011 19.375 10.0 16.112 0
170041 19.375 10.0 16.112 0
170112 19.375 10.0 16.112 0
170142 19.437 10.0 16.112 0
170213 19.437 10.0 16.112 0
170244 19.437 10.0 16.112 0
170314 19.437 10.0 16.112 0
170345 19.437 10.0 16.112 0
170416 19.437 10.0 16.112 0
170446 19.437 10.0 16.112 0
170517 19.437 10.0 16.112 0
170548 19.437 10.0 16.112 0
170618 19.437 10.0 16.112 0
170649 19.437 10.0 16.112 0
170719 19.437 10.0 16.112 0
170749 19.437 10.0 16.112 0
170820 19.437 10.0 16.112 0
170851 19.437 10.0 16.112 0
170921 19.5 10.0 16.112 0
170952 19.5 10.0 16.112 0
171022 19.5 10.0 16.112 0
171053 19.5 10.0 16.112 0
171124 19.5 10.0 16.112 0
171154 19.5 10.0 16.112 0
171225 19.5 10.0 16.112 0
171256 19.5 10.0 16.112 0
171327 19.5 10.0 16.112 0
171357 19.5 10.0 16.112 0
171428 19.562 10.0 16.112 0
171458 19.562 10.0 16.112 0
171529 19.562 10.0 16.112 0
171559 19.562 10.0 16.112 0
171629 19.562 10.0 16.112 0
171700 19.625 10.0 16.112 0
171730 19.625 10.0 16.112 0
171800 19.625 10.0 16.112 0
171831 19.625 10.0 16.112 0
171902 19.625 10.0 16.112 0
171932 19.625 10.0 16.112 0
172002 19.625 10.0 16.112 0
172033 19.625 10.0 16.112 0
172104 19.625 10.0 16.112 0
172134 19.625 10.0 16.112 0
172205 19.625 10.0 16.112 0
172235 19.625 10.0 16.112 0
172306 19.625 10.0 16.112 0
172337 19.625 10.0 16.112 0
172407 19.625 10.0 16.112 0
172438 19.625 10.0 16.112 0
172509 19.625 10.0 16.112 0
172539 19.625 10.0 16.112 0
172609 19.625 10.0 16.112 0
172640 19.625 10.0 16.112 0
172710 19.625 10.0 16.112 0
172740 19.625 10.0 16.112 0
172811 19.625 10.0 16.112 0
172842 19.625 10.0 16.112 0
172914 19.625 10.0 16.112 0
172945 19.625 10.0 16.112 0
173015 19.625 10.0 16.112 0
173045 19.625 10.0 16.112 0
173116 19.625 10.0 16.112 0
173146 19.687 10.0 16.112 0
173217 19.687 10.0 16.112 0
173248 19.687 10.0 16.112 0
173318 19.687 10.0 16.112 0
173349 19.687 10.0 16.112 0
173419 19.75 10.0 16.112 0
173450 19.75 10.0 16.112 0
173521 19.75 10.0 16.112 0
173551 19.75 10.0 16.112 0
173622 19.75 10.0 16.112 0
173652 19.75 10.0 16.112 0
173722 19.75 10.0 16.112 0
173753 19.75 10.0 16.112 0
173824 19.75 10.0 16.112 0
173854 19.75 10.0 16.112 0
173924 19.75 10.0 16.112 0
173955 19.75 10.0 16.112 0
174025 19.75 10.0 16.112 0
174055 19.75 10.0 16.112 0
174125 19.75 10.0 16.112 0
174155 19.75 10.0 16.112 0
174226 19.75 10.0 16.112 0
174257 19.75 10.0 16.112 0
174327 19.75 10.0 16.112 0
174358 19.75 10.0 16.112 0
174428 19.75 10.0 16.112 0
174458 19.75 10.0 16.112 0
174529 19.75 10.0 16.112 0
174559 19.75 10.0 16.112 0
174629 19.75 10.0 16.112 0
174659 19.75 10.0 16.112 0
174730 19.75 10.0 16.112 0
174800 19.75 10.0 16.112 0
174831 19.75 10.0 16.112 0
174902 19.75 10.0 16.112 0
174932 19.687 10.0 16.112 0
175003 19.687 10.0 16.112 0
175034 19.687 10.0 16.112 0
175104 19.687 10.0 16.112 0
175135 19.687 10.0 16.112 0
175205 19.687 10.0 16.112 0
175236 19.687 10.0 16.112 0
175306 19.687 10.0 16.112 0
175337 19.687 10.0 16.112 0
175408 19.687 10.0 16.112 0
175438 19.625 10.0 16.112 0
175509 19.625 10.0 16.112 0
175539 19.625 10.0 16.112 0
175610 19.625 10.0 16.112 0
175640 19.625 10.0 16.112 0
175710 19.625 10.0 16.112 0
175741 19.625 10.0 16.112 0
175811 19.625 10.0 16.112 0
175842 19.625 10.0 16.112 0
175912 19.625 10.0 16.112 0
175943 19.625 10.0 16.112 0
180013 19.625 10.0 16.112 0
180044 19.625 10.0 16.112 0
180115 19.625 10.0 16.112 0
180145 19.625 10.0 16.112 0
180216 19.625 10.0 16.112 0
180247 19.625 10.0 16.112 0
180317 19.625 10.0 16.112 0
180348 19.625 10.0 16.112 0
180420 19.5 10.0 16.112 0
180450 19.5 10.0 16.112 0
180521 19.5 10.0 16.112 0
180551 19.5 10.0 16.112 0
180622 19.5 10.0 16.112 0
180653 19.437 10.0 16.112 0
180724 19.437 10.0 16.112 0
180754 19.437 10.0 16.112 0
180825 19.437 10.0 16.112 0
180856 19.437 10.0 16.112 0
180926 19.437 10.0 16.112 0
180956 19.437 10.0 16.112 0
181027 19.437 10.0 16.112 0
181058 19.437 10.0 16.112 0
181128 19.437 10.0 16.112 0
181159 19.375 10.0 16.112 0
181229 19.375 10.0 16.112 0
181300 19.375 10.0 16.112 0
181331 19.375 10.0 16.112 0
181401 19.375 10.0 16.112 0
181431 19.312 10.0 16.112 0
181502 19.312 10.0 16.112 0
181532 19.312 10.0 16.112 0
181602 19.312 10.0 16.112 0
181632 19.312 10.0 16.112 0
181703 19.312 10.0 16.112 0
181734 19.312 10.0 16.112 0
181804 19.312 10.0 16.112 0
181835 19.312 10.0 16.112 0
181905 19.312 10.0 16.112 0
181936 19.25 10.0 16.112 0
182006 19.25 10.0 16.112 0
182037 19.25 10.0 16.112 0
182108 19.25 10.0 16.112 0
182138 19.25 10.0 16.112 0
182209 19.25 10.0 16.112 0
182240 19.25 10.0 16.112 0
182310 19.25 10.0 16.112 0
182341 19.25 10.0 16.112 0
182411 19.25 10.0 16.112 0
182441 19.25 10.0 16.112 0
182512 19.25 10.0 16.112 0
182542 19.25 10.0 16.112 0
182613 19.25 10.0 16.112 0
182643 19.25 10.0 16.112 0
182714 19.25 10.0 16.112 0
182744 19.25 10.0 16.112 0
182815 19.25 10.0 16.112 0
182845 19.25 10.0 16.112 0
182915 19.25 10.0 16.112 0
182946 19.25 10.0 16.112 0
183016 19.25 10.0 16.112 0
183047 19.25 10.0 16.112 0
183117 19.25 10.0 16.112 0
183148 19.25 10.0 16.112 0
183219 19.25 10.0 16.112 0
183249 19.25 10.0 16.112 0
183319 19.25 10.0 16.112 0
183350 19.25 10.0 16.112 0
183420 19.25 10.0 16.112 0
183450 19.375 10.0 16.112 0
183521 19.375 10.0 16.112 0
183551 19.375 10.0 16.112 0
183622 19.375 10.0 16.112 0
183654 19.375 10.0 16.112 0
183724 19.375 10.0 16.112 0
183754 19.375 10.0 16.112 0
183825 19.375 10.0 16.112 0
183856 19.375 10.0 16.112 0
183926 19.375 10.0 16.112 0
183957 19.375 10.0 16.112 0
184027 19.375 10.0 16.112 0
184057 19.375 10.0 16.112 0
184127 19.375 10.0 16.112 0
184158 19.437 10.0 16.112 0
184228 19.437 10.0 16.112 0
184259 19.437 10.0 16.112 0
184330 19.437 10.0 16.112 0
184400 19.437 10.0 16.112 0
184431 19.5 10.0 16.112 0
184501 19.5 10.0 16.112 0
184532 19.5 10.0 16.112 0
184603 19.5 10.0 16.112 0
184634 19.5 10.0 16.112 0
184704 19.5 10.0 16.112 0
184734 19.5 10.0 16.112 0
184805 19.5 10.0 16.112 0
184835 19.5 10.0 16.112 0
184906 19.5 10.0 16.112 0
184936 19.5 10.0 16.112 0
185006 19.5 10.0 16.112 0
185037 19.5 10.0 16.112 0
185108 19.5 10.0 16.112 0
185138 19.5 10.0 16.112 0
185209 19.562 10.0 16.112 0
185239 19.562 10.0 16.112 0
185309 19.562 10.0 16.112 0
185340 19.562 10.0 16.112 0
185410 19.562 10.0 16.112 0
185441 19.687 10.0 16.112 0
185512 19.687 10.0 16.112 0
185542 19.687 10.0 16.112 0
185613 19.687 10.0 16.112 0
185643 19.687 10.0 16.112 0
185713 19.75 10.0 16.112 0
185744 19.75 10.0 16.112 0
185814 19.75 10.0 16.112 0
185845 19.75 10.0 16.112 0
185915 19.75 10.0 16.112 0
185946 19.875 10.0 16.112 0
190016 19.875 10.0 16.112 0
190046 19.875 10.0 16.112 0
190117 19.875 10.0 16.112 0
190147 19.875 10.0 16.112 0
190218 19.875 10.0 16.112 0
190248 19.875 10.0 16.112 0
190319 19.875 10.0 16.112 0
190350 19.875 10.0 16.112 0
190420 19.875 10.0 16.112 0
190450 19.937 10.0 16.112 0
190521 19.937 10.0 16.112 0
190551 19.937 10.0 16.112 0
190621 19.937 10.0 16.112 0
190652 19.937 10.0 16.112 0
190722 19.937 10.0 16.112 0
190752 19.937 10.0 16.112 0
190822 19.937 10.0 16.112 0
190853 19.937 10.0 16.112 0
190923 19.937 10.0 16.112 0
190953 20.0 10.0 16.112 0
191024 20.0 10.0 16.112 0
191055 20.0 10.0 16.112 0
191126 20.0 10.0 16.112 0
191158 20.0 10.0 16.112 0
191229 20.0 10.0 16.112 0
191300 20.0 10.0 16.112 0
191330 20.0 10.0 16.112 0
191401 20.0 10.0 16.112 0
191432 19.937 10.0 16.112 0
191502 19.937 10.0 16.112 0
191532 19.937 10.0 16.112 0
191603 19.937 10.0 16.112 0
191633 19.937 10.0 16.112 0
191703 19.875 10.0 16.112 0
191733 19.875 10.0 16.112 0
191804 19.875 10.0 16.112 0
191834 19.875 10.0 16.112 0
191904 19.875 10.0 16.112 0
191935 19.812 10.0 16.112 0
192005 19.812 10.0 16.112 0
192036 19.812 10.0 16.112 0
192106 19.812 10.0 16.112 0
192137 19.812 10.0 16.112 0
192207 19.812 10.0 16.112 0
192238 19.812 10.0 16.112 0
192309 19.812 10.0 16.112 0
192339 19.812 10.0 16.112 0
192410 19.812 10.0 16.112 0
192441 19.812 10.0 16.112 0
192511 19.812 10.0 16.112 0
192541 19.812 10.0 16.112 0
192612 19.812 10.0 16.112 0
192642 19.812 10.0 16.112 0
192713 19.812 10.0 16.112 0
192743 19.812 10.0 16.112 0
192814 19.812 10.0 16.112 0
192845 19.812 10.0 16.112 0
192915 19.812 10.0 16.112 0
192946 19.812 10.0 16.112 0
193016 19.812 10.0 16.112 0
193046 19.812 10.0 16.112 0
193116 19.812 10.0 16.112 0
193147 19.812 10.0 16.112 0
193218 19.75 10.0 16.112 0
193248 19.75 10.0 16.112 0
193318 19.75 10.0 16.112 0
193349 19.75 10.0 16.112 0
193420 19.75 10.0 16.112 0
193450 19.812 10.0 16.112 0
193521 19.812 10.0 16.112 0
193551 19.812 10.0 16.112 0
193622 19.812 10.0 16.112 0
193653 19.812 10.0 16.112 0
193723 19.75 10.0 16.112 0
193753 19.75 10.0 16.112 0
193824 19.75 10.0 16.112 0
193855 19.75 10.0 16.112 0
193925 19.75 10.0 16.112 0
193956 19.812 10.0 16.112 0
194026 19.812 10.0 16.112 0
194057 19.812 10.0 16.112 0
194128 19.812 10.0 16.112 0
194201 19.75 10.0 16.112 0
194231 19.75 10.0 16.112 0
194301 19.75 10.0 16.112 0
194332 19.75 10.0 16.112 0
194403 19.75 10.0 16.112 0
194433 19.75 10.0 16.112 0
194504 19.75 10.0 16.112 0
194535 19.75 10.0 16.112 0
194605 19.75 10.0 16.112 0
194636 19.75 10.0 16.112 0
194707 19.812 10.0 16.112 0
194737 19.812 10.0 16.112 0
194808 19.812 10.0 16.112 0
194838 19.812 10.0 16.112 0
194908 19.812 10.0 16.112 0
194938 19.812 10.0 16.112 0
195008 19.812 10.0 16.112 0
195039 19.812 10.0 16.112 0
195110 19.812 10.0 16.112 0
195140 19.812 10.0 16.112 0
195210 19.812 10.0 16.112 0
195241 19.812 10.0 16.112 0
195311 19.812 10.0 16.112 0
195342 19.812 10.0 16.112 0
195413 19.812 10.0 16.112 0
195443 19.75 10.0 16.112 0
195514 19.75 10.0 16.112 0
195544 19.75 10.0 16.112 0
195614 19.75 10.0 16.112 0
195645 19.75 10.0 16.112 0
195715 19.75 10.0 16.112 0
195746 19.75 10.0 16.112 0
195816 19.75 10.0 16.112 0
195847 19.75 10.0 16.112 0
195917 19.75 10.0 16.112 0
195948 19.75 10.0 16.112 0
200018 19.75 10.0 16.112 0
200049 19.75 10.0 16.112 0
200119 19.75 10.0 16.112 0
200149 19.75 10.0 16.112 0
200220 19.75 10.0 16.112 0
200250 19.75 10.0 16.112 0
200321 19.75 10.0 16.112 0
200351 19.75 10.0 16.112 0
200422 19.75 10.0 16.112 0
200452 19.75 10.0 16.112 0
200523 19.75 10.0 16.112 0
200553 19.75 10.0 16.112 0
200624 19.75 10.0 16.112 0
200654 19.75 10.0 16.112 0
200725 19.687 10.0 16.112 0
200756 19.687 10.0 16.112 0
200826 19.687 10.0 16.112 0
200856 19.687 10.0 16.112 0
200926 19.687 10.0 16.112 0
200957 19.75 10.0 16.112 0
201027 19.75 10.0 16.112 0
201057 19.75 10.0 16.112 0
201128 19.75 10.0 16.112 0
201158 19.75 10.0 16.112 0
201229 19.687 10.0 16.112 0
201300 19.687 10.0 16.112 0
201330 19.687 10.0 16.112 0
201400 19.687 10.0 16.112 0
201430 19.687 10.0 16.112 0
201501 19.625 10.0 16.112 0
201531 19.625 10.0 16.112 0
201602 19.625 10.0 16.112 0
201633 19.625 10.0 16.112 0
201703 19.625 10.0 16.112 0
201733 19.562 10.0 16.112 0
201803 19.562 10.0 16.112 0
201834 19.562 10.0 16.112 0
201905 19.562 10.0 16.112 0
201938 19.625 10.0 16.112 0
202008 19.625 10.0 16.112 0
202038 19.625 10.0 16.112 0
202108 19.625 10.0 16.112 0
202138 19.625 10.0 16.112 0
202208 19.625 10.0 16.112 0
202239 19.625 10.0 16.112 0
202309 19.625 10.0 16.112 0
202340 19.625 10.0 16.112 0
202410 19.625 10.0 16.112 0
202441 19.562 10.0 16.112 0
202511 19.562 10.0 16.112 0
202542 19.562 10.0 16.112 0
202612 19.562 10.0 16.112 0
202643 19.562 10.0 16.112 0
202714 19.562 10.0 16.112 0
202744 19.562 10.0 16.112 0
202815 19.562 10.0 16.112 0
202846 19.562 10.0 16.112 0
202916 19.562 10.0 16.112 0
202947 19.5 10.0 16.112 0
203017 19.5 10.0 16.112 0
203048 19.5 10.0 16.112 0
203118 19.5 10.0 16.112 0
203149 19.5 10.0 16.112 0
203220 19.5 10.0 16.112 0
203250 19.5 10.0 16.112 0
203320 19.5 10.0 16.112 0
203350 19.5 10.0 16.112 0
203421 19.5 10.0 16.112 0
203451 19.437 10.0 16.112 0
203521 19.437 10.0 16.112 0
203552 19.437 10.0 16.112 0
203623 19.437 10.0 16.112 0
203653 19.437 10.0 16.112 0
203724 19.375 10.0 16.112 0
203755 19.375 10.0 16.112 0
203825 19.375 10.0 16.112 0
203856 19.375 10.0 16.112 0
203927 19.375 10.0 16.112 0
203957 19.375 10.0 16.112 0
204028 19.375 10.0 16.05 0
204059 19.375 10.0 16.112 0
204129 19.375 10.0 16.05 0
204200 19.375 10.0 16.112 0
204230 19.375 10.0 16.112 0
204300 19.375 10.0 16.112 0
204330 19.375 10.0 16.112 0
204401 19.375 10.0 16.112 0
204432 19.375 10.0 16.112 0
204503 19.375 10.0 16.112 0
204533 19.375 10.0 16.112 0
204603 19.375 10.0 16.112 0
204634 19.375 10.0 16.112 0
204705 19.375 10.0 16.112 0
204735 19.375 10.0 16.112 0
204806 19.375 10.0 16.112 0
204836 19.375 10.0 16.112 0
204907 19.375 10.0 16.112 0
204937 19.375 10.0 16.112 0
205008 19.312 10.0 16.05 0
205038 19.312 10.0 16.112 0
205109 19.312 10.0 16.112 0
205139 19.312 10.0 16.112 0
205212 19.312 10.0 16.112 0
205242 19.312 10.0 16.112 0
205312 19.312 10.0 16.05 0
205342 19.312 10.0 16.112 0
205413 19.312 10.0 16.112 0
205444 19.312 10.0 16.05 0
205514 19.312 10.0 16.112 0
205544 19.312 10.0 16.112 0
205614 19.312 10.0 16.05 0
205645 19.312 10.0 16.112 0
205715 19.312 10.0 16.112 0
205745 19.312 10.0 16.112 0
205815 19.312 10.0 16.112 0
205846 19.312 10.0 16.05 0
205916 19.312 10.0 16.112 0
205946 19.312 10.0 16.112 0
210016 19.312 10.0 16.112 0
210047 19.312 10.0 16.112 0
210117 19.312 10.0 16.112 0
210147 19.312 10.0 16.112 0
210217 19.312 10.0 16.112 0
210248 19.312 10.0 16.112 0
210318 19.312 10.0 16.05 0
210349 19.312 10.0 16.05 0
210419 19.312 10.0 16.112 0
210449 19.25 10.0 16.112 0
210520 19.25 10.0 16.112 0
210551 19.25 10.0 16.05 0
210621 19.25 10.0 16.05 0
210651 19.25 10.0 16.05 0
210721 19.312 10.0 16.05 0
210751 19.312 10.0 16.05 0
210821 19.312 10.0 16.05 0
210852 19.312 10.0 16.05 0
210922 19.312 10.0 16.112 0
210952 19.312 10.0 16.05 0
211022 19.312 10.0 16.05 0
211053 19.312 10.0 16.05 0
211123 19.312 10.0 16.05 0
211154 19.312 10.0 16.112 0
211224 19.25 10.0 16.05 0
211255 19.25 10.0 16.05 0
211325 19.25 10.0 16.112 0
211355 19.25 10.0 16.05 0
211425 19.25 10.0 16.05 0
211456 19.25 10.0 16.05 0
211526 19.25 10.0 16.112 0
211557 19.25 10.0 16.05 0
211627 19.25 10.0 16.05 0
211658 19.25 10.0 16.05 0
211728 19.187 10.0 16.05 0
211759 19.187 10.0 16.05 0
211829 19.187 10.0 16.05 0
211900 19.187 10.0 16.05 0
211930 19.187 10.0 16.05 0
212001 19.062 10.0 16.05 0
212031 19.062 10.0 16.05 0
212102 19.062 10.0 16.05 0
212133 19.062 10.0 16.05 0
212203 19.062 10.0 16.05 0
212234 19.0 10.0 16.05 0
212304 19.0 10.0 16.05 0
212335 19.0 10.0 16.05 0
212406 19.0 10.0 16.05 0
212437 19.0 10.0 16.05 0
212507 19.0 10.0 16.05 0
212537 19.0 10.0 16.05 0
212608 19.0 10.0 16.05 0
212638 19.0 10.0 16.112 0
212708 19.0 10.0 16.05 0
212738 18.875 10.0 16.05 0
212808 18.875 10.0 16.112 0
212839 18.875 10.0 16.05 0
212909 18.875 10.0 16.05 0
212939 18.875 10.0 16.05 0
213010 18.875 10.0 16.112 0
213041 18.875 10.0 16.05 0
213111 18.875 10.0 16.112 0
213142 18.875 10.0 16.05 0
213213 18.875 10.0 16.05 0
213243 18.812 10.0 16.05 0
213314 18.812 10.0 16.05 0
213344 18.812 10.0 16.05 0
213414 18.812 10.0 16.05 0
213447 18.812 10.0 16.05 0
213517 18.812 10.0 16.05 0
213547 18.812 10.0 16.05 0
213618 18.812 10.0 16.05 0
213648 18.812 10.0 16.05 0
213718 18.75 10.0 16.05 0
213748 18.75 10.0 16.05 0
213819 18.75 10.0 16.05 0
213850 18.75 10.0 16.05 0
213920 18.75 10.0 16.05 0
213951 18.687 10.0 16.05 0
214021 18.687 10.0 16.05 0
214051 18.687 10.0 16.05 0
214122 18.687 10.0 16.05 0
214153 18.687 10.0 16.05 0
214223 18.687 10.0 16.05 0
214253 18.687 10.0 16.05 0
214324 18.687 10.0 16.05 0
214354 18.687 10.0 16.05 0
214424 18.687 10.0 16.05 0
214454 18.625 10.0 16.05 0
214525 18.625 10.0 16.05 0
214556 18.625 10.0 16.05 0
214626 18.625 10.0 16.05 0
214657 18.625 10.0 16.05 0
214727 18.625 10.0 16.05 0
214758 18.625 10.0 16.05 0
214828 18.625 10.0 16.05 0
214859 18.625 10.0 16.05 0
214929 18.625 10.0 16.05 0
215000 18.625 10.0 16.05 0
215030 18.625 10.0 16.05 0
215100 18.625 10.0 16.05 0
215131 18.625 10.0 16.05 0
215202 18.625 10.0 16.05 0
215232 18.562 10.0 16.05 0
215303 18.562 10.0 16.05 0
215334 18.562 10.0 16.05 0
215404 18.562 10.0 16.05 0
215435 18.562 10.0 16.05 0
215506 18.562 10.0 16.05 0
215536 18.562 10.0 16.05 0
215607 18.562 10.0 16.05 0
215638 18.562 10.0 16.05 0
215708 18.562 10.0 16.05 0
215739 18.562 10.0 16.05 0
215810 18.562 10.0 16.05 0
215840 18.562 10.0 16.05 0
215911 18.562 10.0 16.05 0
215942 18.562 10.0 16.05 0
220013 18.5 10.0 16.05 0
220043 18.5 10.0 16.05 0
220114 18.5 10.0 16.05 0
220145 18.5 10.0 16.05 0
220215 18.5 10.0 16.05 0
220246 18.5 10.0 16.05 0
220316 18.5 10.0 16.05 0
220347 18.5 10.0 16.05 0
220418 18.5 10.0 16.05 0
220448 18.5 10.0 16.05 0
220519 18.5 10.0 16.05 0
220549 18.5 10.0 16.05 0
220620 18.5 10.0 16.05 0
220651 18.5 10.0 16.05 0
220723 18.5 10.0 16.05 0
220753 18.5 10.0 16.05 0
220824 18.5 10.0 16.05 0
220854 18.5 10.0 16.05 0
220925 18.5 10.0 16.05 0
220956 18.437 10.0 16.05 0
221027 18.437 10.0 16.05 0
221057 18.437 10.0 16.05 0
221128 18.437 10.0 16.05 0
221158 18.437 10.0 16.05 0
221228 18.437 10.0 16.05 0
221259 18.437 10.0 16.05 0
221329 18.437 10.0 16.05 0
221400 18.437 10.0 16.05 0
221430 18.437 10.0 16.05 0
221501 18.375 10.0 16.05 0
221531 18.375 10.0 16.05 0
221601 18.375 10.0 16.05 0
221632 18.375 10.0 16.05 0
221703 18.375 10.0 16.05 0
221733 18.375 10.0 16.05 0
221804 18.375 10.0 16.05 0
221835 18.375 10.0 16.05 0
221905 18.375 10.0 16.05 0
221936 18.375 10.0 16.05 0
222007 18.375 10.0 16.05 0
222037 18.375 10.0 16.05 0
222108 18.375 10.0 16.05 0
222139 18.375 10.0 16.05 0
222209 18.375 10.0 16.05 0
222240 18.312 10.0 16.05 0
222311 18.312 10.0 16.05 0
222341 18.312 10.0 16.05 0
222412 18.312 10.0 16.05 0
222442 18.312 10.0 16.05 0
222512 18.312 10.0 16.05 0
222543 18.312 10.0 16.05 0
222613 18.312 10.0 16.05 0
222643 18.312 10.0 16.05 0
222713 18.312 10.0 16.05 0
222744 18.25 10.0 16.05 0
222815 18.25 10.0 16.05 0
222845 18.25 10.0 16.05 0
222916 18.25 10.0 16.05 0
222946 18.25 10.0 16.05 0
223017 18.25 10.0 16.05 0
223048 18.25 10.0 16.05 0
223118 18.25 10.0 16.05 0
223148 18.25 10.0 16.05 0
223219 18.25 10.0 16.05 0
223250 18.187 10.0 16.05 0
223320 18.187 10.0 16.05 0
223351 18.187 10.0 16.05 0
223421 18.187 10.0 16.05 0
223452 18.187 10.0 16.05 0
223523 18.187 10.0 16.05 0
223554 18.187 10.0 16.05 0
223624 18.187 10.0 16.05 0
223655 18.187 10.0 16.05 0
223727 18.187 10.0 16.05 0
223758 18.187 10.0 16.05 0
223828 18.187 10.0 16.05 0
223859 18.187 10.0 16.05 0
223930 18.187 10.0 16.05 0
224000 18.125 10.0 16.05 0
224031 18.125 10.0 16.05 0
224102 18.125 10.0 16.05 0
224132 18.125 10.0 16.05 0
224203 18.125 10.0 16.05 0
224233 18.125 10.0 16.05 0
224304 18.125 10.0 16.05 0
224335 18.125 10.0 16.05 0
224405 18.125 10.0 16.05 0
224435 18.125 10.0 16.05 0
224506 18.062 10.0 16.05 0
224536 18.062 10.0 16.05 0
224606 18.062 10.0 16.05 0
224636 18.062 10.0 16.05 0
224707 18.062 10.0 16.05 0
224737 18.062 10.0 16.05 0
224808 18.062 10.0 16.05 0
224839 18.062 10.0 16.05 0
224909 18.062 10.0 16.05 0
224940 18.062 10.0 16.05 0
225011 18.062 10.0 16.05 0
225041 18.062 10.0 16.05 0
225111 18.062 10.0 16.05 0
225142 18.062 10.0 16.05 0
225212 18.062 10.0 16.05 0
225243 18.062 10.0 16.05 0
225314 18.062 10.0 16.05 0
225345 18.062 10.0 16.05 0
225415 18.062 10.0 16.05 0
225446 18.062 10.0 16.05 0
225516 18.0 10.0 16.05 0
225546 18.0 10.0 16.05 0
225617 18.0 10.0 16.05 0
225647 18.0 10.0 16.05 0
225718 18.0 10.0 16.05 0
225749 18.0 10.0 16.05 0
225819 18.0 10.0 16.05 0
225850 18.0 10.0 16.05 0
225920 18.0 10.0 16.05 0
225950 18.0 10.0 16.05 0
230021 17.937 10.0 16.05 0
230051 17.937 10.0 16.05 0
230122 17.937 10.0 16.05 0
230152 17.937 10.0 16.05 0
230223 17.937 10.0 16.05 0
230253 17.937 10.0 16.05 0
230324 17.937 10.0 16.05 0
230354 17.937 10.0 16.05 0
230424 17.937 10.0 16.05 0
230454 17.937 10.0 16.05 0
230525 17.937 10.0 16.05 0
230556 17.937 10.0 16.05 0
230627 17.937 10.0 16.05 0
230657 17.937 10.0 16.05 0
230728 17.937 10.0 16.05 0
230758 17.875 10.0 16.05 0
230829 17.875 10.0 16.05 0
230900 17.875 10.0 16.05 0
230931 17.875 10.0 16.05 0
231003 17.875 10.0 16.05 0
231033 17.875 10.0 16.05 0
231104 17.875 10.0 16.05 0
231134 17.875 10.0 16.05 0
231205 17.875 10.0 16.05 0
231235 17.875 10.0 16.05 0
231305 17.875 10.0 16.05 0
231335 17.875 10.0 16.05 0
231406 17.875 10.0 16.05 0
231436 17.875 10.0 16.05 0
231507 17.875 10.0 16.05 0
231538 17.875 10.0 16.05 0
231608 17.875 10.0 16.05 0
231639 17.875 10.0 16.05 0
231709 17.875 10.0 16.05 0
231740 17.812 10.0 16.05 0
231810 17.812 10.0 16.05 0
231840 17.812 10.0 16.05 0
231911 17.812 10.0 16.05 0
231942 17.812 10.0 16.05 0
232013 17.812 10.0 16.05 0
232043 17.812 10.0 16.05 0
232114 17.812 10.0 16.05 0
232144 17.812 10.0 16.05 0
232215 17.812 10.0 16.05 0
232246 17.812 10.0 16.05 0
232317 17.812 10.0 16.05 0
232347 17.812 10.0 16.05 0
232417 17.812 10.0 16.05 0
232448 17.812 10.0 16.05 0
232518 17.812 10.0 16.05 0
232548 17.812 10.0 16.05 0
232619 17.812 10.0 16.05 0
232650 17.812 10.0 16.05 0
232720 17.812 10.0 16.05 0
232750 17.812 10.0 16.05 0
232821 17.812 10.0 16.05 0
232852 17.812 10.0 16.05 0
232922 17.812 10.0 16.05 0
232952 17.812 10.0 16.05 0
233023 17.75 10.0 16.05 0
233053 17.75 10.0 16.05 0
233124 17.75 10.0 16.05 0
233155 17.75 10.0 16.05 0
233225 17.75 10.0 16.05 0
233256 17.75 10.0 16.05 0
233326 17.75 10.0 16.05 0
233357 17.75 10.0 16.05 0
233428 17.75 10.0 16.05 0
233458 17.75 10.0 16.05 0
233529 17.75 10.0 16.05 0
233600 17.75 10.0 16.05 0
233630 17.75 10.0 16.05 0
233701 17.75 10.0 16.05 0
233732 17.75 10.0 16.05 0
233802 17.687 10.0 16.05 0
233833 17.687 10.0 16.05 0
233904 17.687 10.0 16.05 0
233934 17.687 10.0 16.05 0
234004 17.687 10.0 16.05 0
234035 17.687 10.0 16.05 0
234105 17.687 10.0 16.05 0
234136 17.687 10.0 16.05 0
234206 17.687 10.0 16.05 0
234238 17.687 10.0 16.05 0
234309 17.687 10.0 16.05 0
234339 17.687 10.0 16.05 0
234409 17.687 10.0 16.05 0
234440 17.687 10.0 16.05 0
234511 17.687 10.0 16.05 0
234541 17.687 10.0 16.05 0
234612 17.687 10.0 16.05 0
234643 17.687 10.0 16.05 0
234713 17.687 10.0 16.05 0
234744 17.687 10.0 16.05 0
234814 17.687 10.0 16.05 0
234845 17.687 10.0 16.05 0
234916 17.687 10.0 16.05 0
234946 17.687 10.0 16.05 0
235016 17.625 10.0 16.05 0
235047 17.625 10.0 16.05 0
235118 17.625 10.0 16.05 0
235148 17.625 10.0 16.05 0
235219 17.625 10.0 16.05 0
235249 17.625 10.0 16.05 0
235320 17.625 10.0 16.05 0
235350 17.625 10.0 16.05 0
235421 17.625 10.0 16.05 0
235451 17.625 10.0 16.05 0
235522 17.625 10.0 16.05 0
235552 17.625 10.0 16.05 0
235623 17.625 10.0 16.05 0
235654 17.625 10.0 16.05 0
235725 17.625 10.0 16.05 0
235755 17.625 10.0 16.05 0
235826 17.625 10.0 16.05 0
235858 17.625 10.0 16.05 0
