235911 18.0 10.0 67.737 0
235941 18.0 10.0 67.737 0
000011 18.0 10.0 67.737 0
000041 18.0 10.0 67.737 0
000112 17.937 10.0 67.737 0
000143 17.937 10.0 67.675 0
000213 17.937 10.0 67.675 0
000243 17.937 10.0 67.675 0
000313 17.937 10.0 67.675 0
000344 17.875 10.0 67.612 0
000415 17.875 10.0 67.612 0
000445 17.875 10.0 67.612 0
000515 17.875 10.0 67.612 0
000545 17.875 10.0 67.55 0
000615 17.875 10.0 67.55 0
000646 17.875 10.0 67.55 0
000716 17.875 10.0 67.55 0
000746 17.875 10.0 67.487 0
000817 17.875 10.0 67.487 0
000847 17.812 10.0 67.487 0
000917 17.812 10.0 67.487 0
000947 17.812 10.0 67.425 0
001017 17.812 10.0 67.425 0
001048 17.812 10.0 67.425 0
001118 17.812 10.0 67.362 0
001149 17.812 10.0 67.362 0
001219 17.812 10.0 67.362 0
001249 17.812 10.0 67.362 0
001319 17.812 10.0 67.3 0
001350 17.812 10.0 67.3 0
001420 17.812 10.0 67.3 0
001451 17.812 10.0 67.237 0
001521 17.812 10.0 67.237 0
001551 17.812 10.0 67.237 0
001621 17.75 10.0 67.175 0
001651 17.75 10.0 67.175 0
001722 17.75 10.0 67.175 0
001752 17.75 10.0 67.175 0
001823 17.75 10.0 67.112 0
001853 17.687 10.0 67.112 0
001923 17.687 10.0 67.05 0
001953 17.687 10.0 67.05 0
002024 17.687 10.0 67.05 0
002054 17.687 10.0 67.05 0
002125 17.687 10.0 66.987 0
002155 17.687 10.0 66.987 0
002226 17.687 10.0 66.925 0
002256 17.687 10.0 66.925 0
002326 17.687 10.0 66.925 0
002356 17.625 10.0 66.862 0
002426 17.625 10.0 66.862 0
002456 17.625 10.0 66.862 0
002527 17.625 10.0 66.8 0
002558 17.625 10.0 66.8 0
002628 17.625 10.0 66.8 0
002658 17.625 10.0 66.737 0
002729 17.625 10.0 66.675 0
002759 17.625 10.0 66.675 0
002829 17.625 10.0 66.675 0
002859 17.562 10.0 66.612 0
002930 17.562 10.0 66.612 0
003000 17.562 10.0 66.55 0
003030 17.562 10.0 66.55 0
003101 17.562 10.0 66.487 0
003131 17.562 10.0 66.487 0
003202 17.562 10.0 66.487 0
003232 17.562 10.0 66.425 0
003302 17.562 10.0 66.425 0
003335 17.562 10.0 66.362 0
003406 17.562 10.0 66.362 0
003436 17.562 10.0 66.362 0
003507 17.562 10.0 66.3 0
003537 17.562 10.0 66.3 0
003607 17.5 10.0 66.237 0
003637 17.5 10.0 66.237 0
003708 17.5 10.0 66.237 0
003739 17.5 10.0 66.175 0
003809 17.5 10.0 66.175 0
003839 17.5 10.0 66.112 0
003910 17.5 10.0 66.112 0
003940 17.5 10.0 66.112 0
004011 17.5 10.0 66.05 0
004041 17.5 10.0 66.05 0
004112 17.5 10.0 65.987 0
004142 17.5 10.0 65.987 0
004212 17.5 10.0 65.987 0
004242 17.5 10.0 65.925 0
004312 17.5 10.0 65.925 0
004343 17.437 10.0 65.862 0
004413 17.437 10.0 65.862 0
004443 17.437 10.0 65.8 0
004513 17.437 10.0 65.8 0
004543 17.437 10.0 65.8 0
004614 17.437 10.0 65.737 0
004644 17.437 10.0 65.737 0
004714 17.437 10.0 65.675 0
004744 17.437 10.0 65.675 0
004815 17.437 10.0 65.675 0
004845 17.437 10.0 65.675 0
004916 17.437 10.0 65.8 0
004946 17.437 10.0 65.8 0
005016 17.437 10.0 65.862 0
005047 17.437 10.0 65.862 0
005117 17.375 10.0 65.862 0
005147 17.375 10.0 65.862 0
005217 17.375 10.0 65.862 0
005248 17.375 10.0 65.862 0
005318 17.375 10.0 65.8 0
005348 17.375 10.0 65.8 0
005419 17.375 10.0 65.8 0
005449 17.375 10.0 65.8 0
005519 17.375 10.0 65.737 0
005550 17.375 10.0 65.737 0
005621 17.375 10.0 65.737 0
005651 17.375 10.0 65.737 0
005721 17.375 10.0 65.675 0
005751 17.375 10.0 65.675 0
005821 17.375 10.0 65.675 0
005852 17.375 10.0 65.675 0
005922 17.375 10.0 65.612 0
005952 17.375 10.0 65.612 0
010023 17.375 10.0 65.55 0
010053 17.375 10.0 65.55 0
010123 17.375 10.0 65.55 0
010153 17.375 10.0 65.55 0
010223 17.375 10.0 65.487 0
010253 17.375 10.0 65.487 0
010323 17.375 10.0 65.487 0
010354 17.375 10.0 65.425 0
010424 17.375 10.0 65.425 0
010455 17.375 10.0 65.362 0
010525 17.375 10.0 65.362 0
010556 17.375 10.0 65.362 0
010626 17.312 10.0 65.3 0
010657 17.312 10.0 65.3 0
010727 17.312 10.0 65.237 0
010757 17.312 10.0 65.237 0
010827 17.312 10.0 65.237 0
010857 17.312 10.0 65.175 0
010928 17.312 10.0 65.175 0
010958 17.312 10.0 65.175 0
011028 17.312 10.0 65.112 0
011058 17.312 10.0 65.112 0
011128 17.312 10.0 65.05 0
011159 17.312 10.0 65.05 0
011230 17.312 10.0 64.987 0
011300 17.312 10.0 64.987 0
011330 17.312 10.0 64.925 0
011401 17.312 10.0 64.925 0
011431 17.312 10.0 64.862 0
011502 17.312 10.0 64.8 0
011532 17.312 10.0 64.8 0
011602 17.312 10.0 64.737 0
011633 17.25 10.0 64.737 0
011703 17.25 10.0 64.675 0
011734 17.25 10.0 64.675 0
011804 17.25 10.0 64.612 0
011835 17.25 10.0 64.612 0
011906 17.25 10.0 64.55 0
011937 17.25 10.0 64.55 0
012007 17.25 10.0 64.487 0
012037 17.25 10.0 64.487 0
012107 17.25 10.0 64.425 0
012138 17.25 10.0 64.425 0
012209 17.25 10.0 64.425 0
012239 17.25 10.0 64.362 0
012309 17.25 10.0 64.362 0
012341 17.25 10.0 64.3 0
012411 17.25 10.0 64.3 0
012441 17.25 10.0 64.237 0
012512 17.25 10.0 64.237 0
012543 17.25 10.0 64.175 0
012613 17.25 10.0 64.175 0
012643 17.25 10.0 64.112 0
012714 17.25 10.0 64.112 0
012744 17.25 10.0 64.05 0
012814 17.25 10.0 64.05 0
012844 17.25 10.0 64.05 0
012914 17.25 10.0 63.987 0
012945 17.25 10.0 63.987 0
013015 17.25 10.0 63.925 0
013045 17.25 10.0 63.925 0
013115 17.187 10.0 63.862 0
013145 17.187 10.0 63.862 0
013216 17.187 10.0 63.8 0
013246 17.187 10.0 63.8 0
013316 17.187 10.0 63.737 0
013347 17.187 10.0 63.737 0
013417 17.187 10.0 63.675 0
013447 17.187 10.0 63.675 0
013517 17.187 10.0 63.612 0
013547 17.187 10.0 63.55 0
013618 17.187 10.0 63.487 0
013649 17.187 10.0 63.425 0
013719 17.187 10.0 63.362 0
013749 17.187 10.0 63.3 0
013819 17.187 10.0 63.237 0
013849 17.187 10.0 63.237 0
013920 17.187 10.0 63.237 0
013950 17.187 10.0 63.175 0
014020 17.187 10.0 63.175 0
014050 17.187 10.0 63.112 0
014121 17.187 10.0 63.05 0
014151 17.187 10.0 63.05 0
014221 17.187 10.0 62.987 0
014252 17.187 10.0 62.987 0
014322 17.187 10.0 62.925 0
014352 17.125 10.0 62.862 0
014422 17.125 10.0 62.862 0
014453 17.125 10.0 62.862 0
014523 17.125 10.0 62.862 0
014554 17.125 10.0 62.8 0
014624 17.125 10.0 62.8 0
014654 17.125 10.0 62.737 0
014725 17.125 10.0 62.675 0
014755 17.125 10.0 62.675 0
014825 17.125 10.0 62.612 0
014856 17.125 10.0 62.612 0
014926 17.125 10.0 62.55 0
014957 17.125 10.0 62.55 0
015028 17.125 10.0 62.55 0
015058 17.125 10.0 62.55 0
015129 17.125 10.0 62.612 0
015159 17.125 10.0 62.612 0
015229 17.125 10.0 62.612 0
015300 17.125 10.0 62.612 0
015330 17.125 10.0 62.487 0
015400 17.125 10.0 62.612 0
015430 17.125 10.0 62.612 0
015500 17.125 10.0 62.612 0
015531 17.125 10.0 62.612 0
015601 17.125 10.0 62.612 0
015632 17.125 10.0 62.55 0
015703 17.125 10.0 62.55 0
015733 17.125 10.0 62.55 0
015803 17.125 10.0 62.487 0
015833 17.125 10.0 62.487 0
015904 17.062 10.0 62.425 0
015934 17.062 10.0 62.362 0
020004 17.062 10.0 62.3 0
020034 17.062 10.0 62.3 0
020105 17.062 10.0 62.237 0
020135 17.062 10.0 62.175 0
020205 17.062 10.0 62.175 0
020235 17.062 10.0 62.112 0
020306 17.062 10.0 62.112 0
020336 17.062 10.0 62.05 0
020406 17.062 10.0 62.05 0
020436 17.062 10.0 61.987 0
020507 17.062 10.0 61.987 0
020537 17.062 10.0 61.925 0
020607 17.062 10.0 61.925 0
020638 17.062 10.0 61.862 0
020708 17.062 10.0 61.8 0
020738 17.062 10.0 61.8 0
020808 17.062 10.0 61.8 0
020839 17.062 10.0 61.737 0
020909 17.062 10.0 61.737 0
020939 17.062 10.0 61.675 0
021010 17.062 10.0 61.675 0
021040 17.062 10.0 61.612 0
021111 17.062 10.0 61.55 0
021141 17.062 10.0 61.55 0
021211 17.062 10.0 61.55 0
021241 17.062 10.0 61.487 0
021311 17.062 10.0 61.425 0
021341 17.062 10.0 61.425 0
021412 17.0 10.0 61.362 0
021442 17.0 10.0 61.362 0
021513 17.0 10.0 61.3 0
021543 17.0 10.0 61.3 0
021613 17.0 10.0 61.237 0
021643 17.0 10.0 61.237 0
021713 17.0 10.0 61.175 0
021744 17.0 10.0 61.175 0
021814 17.0 10.0 61.112 0
021847 17.0 10.0 61.112 0
021917 17.0 10.0 61.05 0
021948 17.0 10.0 60.987 0
022018 17.0 10.0 60.925 0
022048 17.0 10.0 60.862 0
022119 17.0 10.0 60.737 0
022149 17.0 10.0 60.675 0
022219 17.0 10.0 60.55 0
022249 17.0 10.0 60.487 0
022319 17.0 10.0 60.487 0
022349 17.0 10.0 60.425 0
022420 17.0 10.0 60.362 0
022450 17.0 10.0 60.362 0
022520 17.0 10.0 60.3 0
022551 17.0 10.0 60.237 0
022621 17.0 10.0 60.237 0
022651 17.0 10.0 60.175 0
022721 17.0 10.0 60.112 0
022752 17.0 10.0 60.112 0
022822 17.0 10.0 60.05 0
022852 16.937 10.0 60.05 0
022923 16.937 10.0 59.987 0
022953 16.937 10.0 59.987 0
023023 16.937 10.0 59.925 0
023054 16.937 10.0 59.925 0
023124 16.937 10.0 59.862 0
023155 16.937 10.0 59.862 0
023225 16.937 10.0 59.8 0
023256 16.937 10.0 59.737 0
023326 16.937 10.0 59.737 0
023357 16.937 10.0 59.675 0
023427 16.937 10.0 59.675 0
023458 16.937 10.0 59.612 0
023528 16.937 10.0 59.612 0
023558 16.937 10.0 59.55 0
023629 16.937 10.0 59.55 0
023700 16.937 10.0 59.487 0
023731 16.937 10.0 59.425 0
023801 16.937 10.0 59.425 0
023832 16.937 10.0 59.425 0
023902 16.937 10.0 59.362 0
023932 16.937 10.0 59.3 0
024002 16.937 10.0 59.3 0
024032 16.937 10.0 59.237 0
024102 16.937 10.0 59.175 0
024132 16.937 10.0 59.112 0
024203 16.937 10.0 58.987 0
024233 16.937 10.0 58.862 0
024303 16.937 10.0 58.8 0
024333 16.937 10.0 58.675 0
024403 16.875 10.0 58.612 0
024433 16.875 10.0 58.55 0
024504 16.875 10.0 58.487 0
024534 16.875 10.0 58.487 0
024605 16.875 10.0 58.425 0
024635 16.875 10.0 58.362 0
024705 16.875 10.0 58.362 0
024735 16.875 10.0 58.3 0
024806 16.875 10.0 58.3 0
024836 16.875 10.0 58.237 0
024906 16.875 10.0 58.175 0
024937 16.875 10.0 58.175 0
025007 16.875 10.0 58.112 0
025038 16.875 10.0 58.112 0
025108 16.875 10.0 58.05 0
025139 16.875 10.0 58.05 0
025210 16.875 10.0 58.05 0
025240 16.875 10.0 58.05 0
025310 16.875 10.0 58.05 0
025340 16.875 10.0 58.05 0
025411 16.875 10.0 58.05 0
025441 16.875 10.0 58.05 0
025511 16.875 10.0 58.05 0
025541 16.875 10.0 58.05 0
025611 16.875 10.0 57.987 0
025641 16.875 10.0 57.987 0
025711 16.875 10.0 57.987 0
025742 16.875 10.0 57.987 0
025812 16.875 10.0 57.925 0
025842 16.875 10.0 57.925 0
025913 16.812 10.0 57.925 0
025943 16.812 10.0 57.925 0
030013 16.812 10.0 57.862 0
030044 16.812 10.0 57.862 0
030114 16.812 10.0 57.8 0
030144 16.812 10.0 57.8 0
030215 16.812 10.0 57.8 0
030245 16.812 10.0 57.737 0
030315 16.812 10.0 57.612 0
030345 16.812 10.0 57.55 0
030415 16.812 10.0 57.487 0
030445 16.812 10.0 57.487 0
030516 16.812 10.0 57.425 0
030547 16.812 10.0 57.362 0
030617 16.812 10.0 57.362 0
030647 16.812 10.0 57.3 0
030717 16.812 10.0 57.237 0
030748 16.812 10.0 57.237 0
030818 16.812 10.0 57.175 0
030848 16.812 10.0 57.175 0
030919 16.812 10.0 57.112 0
030950 16.812 10.0 57.112 0
031020 16.812 10.0 57.05 0
031050 16.812 10.0 57.05 0
031121 16.812 10.0 57.05 0
031151 16.812 10.0 57.05 0
031221 16.812 10.0 57.175 0
031252 16.812 10.0 57.362 0
031322 16.812 10.0 57.612 0
031352 16.812 10.0 58.112 0
031423 16.812 10.0 58.737 0
031453 16.812 10.0 59.55 0
031523 16.812 10.0 60.675 0
031553 16.812 10.0 61.987 0
031623 16.812 10.0 63.112 0
031653 16.812 10.0 64.05 0
031724 16.812 10.0 64.737 0
031754 16.812 10.0 65.175 0
031824 16.812 10.0 65.55 0
031857 16.812 10.0 65.862 0
031927 16.812 10.0 66.112 0
031958 16.812 10.0 66.3 0
032028 16.812 10.0 66.425 0
032059 16.812 10.0 66.55 0
032129 16.812 10.0 66.612 0
032159 16.812 10.0 66.737 0
032230 16.812 10.0 66.8 0
032301 16.812 10.0 66.862 0
032331 16.812 10.0 66.925 0
032401 16.75 10.0 66.987 0
032431 16.75 10.0 66.987 0
032501 16.75 10.0 67.05 0
032531 16.75 10.0 67.112 0
032602 16.75 10.0 67.112 0
032632 16.75 10.0 67.112 0
032702 16.75 10.0 67.112 0
032732 16.75 10.0 67.112 0
032802 16.75 10.0 67.175 0
032832 16.75 10.0 67.175 0
032903 16.75 10.0 67.175 0
032933 16.75 10.0 67.175 0
033003 16.75 10.0 67.175 0
033033 16.75 10.0 67.175 0
033103 16.75 10.0 67.175 0
033134 16.75 10.0 67.175 0
033204 16.75 10.0 67.175 0
033234 16.75 10.0 67.175 0
033305 16.75 10.0 67.175 0
033335 16.75 10.0 67.175 0
033405 16.75 10.0 67.175 0
033435 16.75 10.0 67.175 0
033505 16.75 10.0 67.175 0
033535 16.75 10.0 67.175 0
033606 16.75 10.0 67.175 0
033636 16.75 10.0 67.175 0
033706 16.75 10.0 67.175 0
033737 16.75 10.0 67.175 0
033807 16.75 10.0 67.175 0
033838 16.75 10.0 67.175 0
033908 16.75 10.0 67.175 0
033938 16.75 10.0 67.175 0
034008 16.75 10.0 67.175 0
034039 16.75 10.0 67.175 0
034109 16.75 10.0 67.175 0
034140 16.75 10.0 67.175 0
034210 16.75 10.0 67.112 0
034240 16.75 10.0 67.112 0
034310 16.75 10.0 67.112 0
034340 16.75 10.0 67.112 0
034411 16.75 10.0 67.112 0
034441 16.75 10.0 67.112 0
034511 16.75 10.0 67.112 0
034541 16.75 10.0 67.05 0
034611 16.75 10.0 67.05 0
034641 16.75 10.0 67.05 0
034712 16.75 10.0 67.05 0
034742 16.75 10.0 67.05 0
034812 16.75 10.0 66.987 0
034842 16.75 10.0 66.987 0
034912 16.75 10.0 66.987 0
034943 16.75 10.0 66.987 0
035013 16.75 10.0 66.987 0
035043 16.75 10.0 66.987 0
035114 16.75 10.0 66.987 0
035144 16.687 10.0 66.925 0
035214 16.687 10.0 66.925 0
035245 16.687 10.0 66.925 0
035315 16.687 10.0 66.925 0
035345 16.687 10.0 66.925 0
035415 16.687 10.0 66.862 0
035445 16.687 10.0 66.862 0
035515 16.687 10.0 66.862 0
035546 16.687 10.0 66.862 0
035616 16.687 10.0 66.862 0
035647 16.687 10.0 66.8 0
035717 16.687 10.0 66.8 0
035748 16.687 10.0 66.8 0
035818 16.687 10.0 66.8 0
035848 16.687 10.0 66.8 0
035918 16.687 10.0 66.737 0
035948 16.687 10.0 66.737 0
040018 16.687 10.0 66.737 0
040049 16.687 10.0 66.737 0
040120 16.687 10.0 66.737 0
040151 16.687 10.0 66.675 0
040221 16.687 10.0 66.675 0
040252 16.687 10.0 66.675 0
040322 16.687 10.0 66.675 0
040352 16.687 10.0 66.612 0
040422 16.687 10.0 66.612 0
040453 16.687 10.0 66.612 0
040523 16.687 10.0 66.612 0
040553 16.687 10.0 66.612 0
040623 16.687 10.0 66.55 0
040653 16.687 10.0 66.55 0
040724 16.687 10.0 66.55 0
040754 16.687 10.0 66.55 0
040825 16.687 10.0 66.487 0
040855 16.687 10.0 66.487 0
040925 16.687 10.0 66.487 0
040955 16.687 10.0 66.425 0
041025 16.687 10.0 66.425 0
041056 16.687 10.0 66.425 0
041126 16.687 10.0 66.362 0
041156 16.687 10.0 66.362 0
041227 16.687 10.0 66.362 0
041258 16.687 10.0 66.3 0
041329 16.687 10.0 66.3 0
041402 16.625 10.0 66.3 0
041432 16.625 10.0 66.3 0
041502 16.625 10.0 66.237 0
041533 16.625 10.0 66.237 0
041604 16.625 10.0 66.237 0
041634 16.687 10.0 66.175 0
041704 16.687 10.0 66.175 0
041734 16.687 10.0 66.175 0
041804 16.687 10.0 66.175 0
041834 16.687 10.0 66.237 0
041905 16.625 10.0 66.3 0
041935 16.625 10.0 66.425 0
042006 16.625 10.0 66.487 0
042036 16.625 10.0 66.487 0
042106 16.625 10.0 66.487 0
042137 16.625 10.0 66.487 0
042207 16.625 10.0 66.487 0
042238 16.625 10.0 66.487 0
042308 16.625 10.0 66.487 0
042338 16.625 10.0 66.487 0
042408 16.625 10.0 66.487 0
042439 16.625 10.0 66.487 0
042509 16.625 10.0 66.487 0
042539 16.625 10.0 66.487 0
042609 16.625 10.0 66.425 0
042640 16.625 10.0 66.425 0
042710 16.625 10.0 66.425 0
042740 16.625 10.0 66.425 0
042811 16.625 10.0 66.425 0
042841 16.625 10.0 66.425 0
042911 16.625 10.0 66.425 0
042941 16.625 10.0 66.362 0
043011 16.625 10.0 66.362 0
043042 16.625 10.0 66.362 0
043112 16.625 10.0 66.362 0
043143 16.625 10.0 66.3 0
043213 16.625 10.0 66.3 0
043243 16.625 10.0 66.3 0
043313 16.625 10.0 66.237 0
043344 16.625 10.0 66.237 0
043414 16.625 10.0 66.237 0
043445 16.625 10.0 66.237 0
043516 16.625 10.0 66.175 0
043546 16.625 10.0 66.175 0
043616 16.625 10.0 66.175 0
043647 16.625 10.0 66.112 0
043717 16.625 10.0 66.112 0
043748 16.625 10.0 66.112 0
043818 16.625 10.0 66.05 0
043849 16.625 10.0 66.05 0
043919 16.625 10.0 66.05 0
043950 16.625 10.0 66.05 0
044021 16.625 10.0 65.987 0
044052 16.625 10.0 65.987 0
044122 16.625 10.0 65.987 0
044153 16.562 10.0 65.925 0
044223 16.562 10.0 65.925 0
044253 16.562 10.0 65.925 0
044323 16.562 10.0 65.862 0
044353 16.562 10.0 65.862 0
044423 16.625 10.0 65.862 0
044454 16.625 10.0 65.862 0
044524 16.625 10.0 65.8 0
044554 16.625 10.0 65.8 0
044624 16.625 10.0 65.8 0
044655 16.562 10.0 65.737 0
044725 16.562 10.0 65.737 0
044756 16.562 10.0 65.737 0
044826 16.562 10.0 65.675 0
044857 16.562 10.0 65.675 0
044927 16.562 10.0 65.675 0
044958 16.562 10.0 65.612 0
045028 16.562 10.0 65.612 0
045059 16.562 10.0 65.612 0
045129 16.562 10.0 65.55 0
045159 16.562 10.0 65.55 0
045230 16.562 10.0 65.55 0
045300 16.562 10.0 65.487 0
045330 16.562 10.0 65.487 0
045400 16.562 10.0 65.487 0
045430 16.562 10.0 65.425 0
045501 16.562 10.0 65.425 0
045531 16.562 10.0 65.425 0
045601 16.562 10.0 65.362 0
045632 16.562 10.0 65.362 0
045702 16.562 10.0 65.3 0
045732 16.562 10.0 65.237 0
045802 16.562 10.0 65.237 0
045832 16.562 10.0 65.237 0
045902 16.562 10.0 65.175 0
045933 16.562 10.0 65.175 0
050003 16.562 10.0 65.112 0
050033 16.562 10.0 65.112 0
050103 16.562 10.0 65.05 0
050133 16.562 10.0 65.05 0
050204 16.562 10.0 64.987 0
050234 16.562 10.0 64.987 0
050304 16.562 10.0 64.987 0
050334 16.562 10.0 64.925 0
050405 16.562 10.0 64.925 0
050435 16.5 10.0 64.8 0
050505 16.5 10.0 64.8 0
050535 16.5 10.0 64.737 0
050606 16.5 10.0 64.737 0
050639 16.5 10.0 64.737 0
050710 16.5 10.0 64.675 0
050740 16.5 10.0 64.675 0
050810 16.5 10.0 64.612 0
050840 16.5 10.0 64.612 0
050910 16.5 10.0 64.612 0
050940 16.5 10.0 64.55 0
051010 16.5 10.0 64.55 0
051041 16.5 10.0 64.487 0
051112 16.5 10.0 64.487 0
051142 16.5 10.0 64.487 0
051212 16.5 10.0 64.425 0
051242 16.5 10.0 64.425 0
051312 16.5 10.0 64.362 0
051342 16.5 10.0 64.362 0
051412 16.5 10.0 64.3 0
051443 16.5 10.0 64.3 0
051513 16.5 10.0 64.237 0
051543 16.5 10.0 64.237 0
051614 16.5 10.0 64.237 0
051644 16.5 10.0 64.237 0
051715 16.5 10.0 64.237 0
051745 16.5 10.0 64.237 0
051815 16.5 10.0 64.175 0
051846 16.5 10.0 64.175 0
051916 16.437 10.0 64.175 0
051946 16.437 10.0 64.175 0
052016 16.437 10.0 64.175 0
052046 16.437 10.0 64.237 0
052116 16.437 10.0 64.237 0
052147 16.437 10.0 64.237 0
052217 16.437 10.0 64.237 0
052247 16.437 10.0 64.237 0
052317 16.437 10.0 64.237 0
052348 16.437 10.0 64.237 0
052418 16.437 10.0 64.237 0
052448 16.437 10.0 64.175 0
052518 16.437 10.0 64.175 0
052548 16.437 10.0 64.175 0
052618 16.437 10.0 64.175 0
052648 16.437 10.0 64.112 0
052719 16.437 10.0 64.112 0
052749 16.437 10.0 64.112 0
052819 16.437 10.0 64.05 0
052849 16.437 10.0 64.05 0
052919 16.437 10.0 64.05 0
052949 16.437 10.0 63.987 0
053019 16.437 10.0 63.987 0
053050 16.437 10.0 63.987 0
053120 16.437 10.0 63.925 0
053150 16.437 10.0 63.925 0
053220 16.437 10.0 63.925 0
053250 16.437 10.0 63.862 0
053321 16.437 10.0 63.8 0
053351 16.437 10.0 63.862 0
053421 16.437 10.0 63.8 0
053452 16.437 10.0 63.8 0
053522 16.437 10.0 63.8 0
053552 16.437 10.0 63.737 0
053622 16.437 10.0 63.737 0
053652 16.437 10.0 63.675 0
053723 16.437 10.0 63.675 0
053753 16.437 10.0 63.675 0
053824 16.437 10.0 63.612 0
053854 16.437 10.0 63.612 0
053924 16.437 10.0 63.55 0
053954 16.437 10.0 63.55 0
054024 16.437 10.0 63.55 0
054055 16.437 10.0 63.487 0
054126 16.437 10.0 63.487 0
054157 16.437 10.0 63.425 0
054227 16.437 10.0 63.425 0
054257 16.437 10.0 63.362 0
054328 16.437 10.0 63.3 0
054358 16.437 10.0 63.237 0
054428 16.437 10.0 63.237 0
054458 16.437 10.0 63.175 0
054529 16.437 10.0 63.112 0
054559 16.437 10.0 63.112 0
054629 16.437 10.0 63.05 0
054659 16.437 10.0 63.05 0
054730 16.437 10.0 62.987 0
054800 16.437 10.0 62.987 0
054831 16.437 10.0 62.925 0
054901 16.437 10.0 62.925 0
054931 16.437 10.0 62.862 0
055002 16.437 10.0 62.862 0
055032 16.437 10.0 62.8 0
055103 16.437 10.0 62.8 0
055133 16.437 10.0 62.737 0
055203 16.437 10.0 62.737 0
055234 16.437 10.0 62.675 0
055304 16.437 10.0 62.675 0
055335 16.437 10.0 62.675 0
055405 16.437 10.0 62.612 0
055436 16.375 10.0 62.55 0
055507 16.375 10.0 62.55 0
055538 16.375 10.0 62.55 0
055608 16.375 10.0 62.487 0
055638 16.375 10.0 62.487 0
055708 16.375 10.0 62.425 0
055738 16.375 10.0 62.425 0
055808 16.375 10.0 62.362 0
055839 16.375 10.0 62.362 0
055909 16.375 10.0 62.3 0
055939 16.375 10.0 62.3 0
060010 16.375 10.0 62.237 0
060040 16.375 10.0 62.237 0
060110 16.375 10.0 62.175 0
060141 16.375 10.0 62.175 0
060212 16.375 10.0 62.112 0
060242 16.375 10.0 62.112 0
060313 16.375 10.0 62.05 0
060343 16.375 10.0 62.05 0
060414 16.375 10.0 61.987 0
060444 16.375 10.0 61.925 0
060515 16.375 10.0 61.862 0
060545 16.375 10.0 61.8 0
060616 16.375 10.0 61.737 0
060648 16.375 10.0 61.675 0
060718 16.375 10.0 61.612 0
060748 16.375 10.0 61.55 0
060819 16.375 10.0 61.55 0
060849 16.375 10.0 61.487 0
060919 16.375 10.0 61.425 0
060949 16.375 10.0 61.425 0
061020 16.375 10.0 61.362 0
061050 16.375 10.0 61.362 0
061120 16.375 10.0 61.3 0
061150 16.375 10.0 61.3 0
061220 16.375 10.0 61.237 0
061251 16.375 10.0 61.237 0
061321 16.375 10.0 61.175 0
061351 16.375 10.0 61.175 0
061421 16.437 10.0 61.112 0
061451 16.437 10.0 61.05 0
061521 16.437 10.0 61.05 0
061551 16.437 10.0 60.987 0
061622 16.437 10.0 60.987 0
061652 16.437 10.0 60.925 0
061723 16.437 10.0 60.925 0
061753 16.437 10.0 60.862 0
061824 16.437 10.0 60.862 0
061854 16.437 10.0 60.8 0
061925 16.5 10.0 60.8 0
061955 16.5 10.0 60.737 0
062026 16.5 10.0 60.737 0
062056 16.5 10.0 60.675 0
062126 16.5 10.0 60.675 0
062156 16.562 10.0 60.675 0
062226 16.562 10.0 60.737 0
062257 16.562 10.0 60.737 0
062327 16.562 10.0 60.737 0
062357 16.562 10.0 60.737 0
062427 16.562 10.0 60.737 0
062457 16.562 10.0 60.737 0
062527 16.562 10.0 60.675 0
062558 16.562 10.0 60.675 0
062628 16.562 10.0 60.675 0
062658 16.562 10.0 60.612 0
062729 16.562 10.0 60.55 0
062759 16.562 10.0 60.487 0
062830 16.562 10.0 60.487 0
062900 16.562 10.0 60.425 0
062930 16.625 10.0 60.362 0
063000 16.625 10.0 60.362 0
063030 16.625 10.0 60.3 0
063100 16.625 10.0 60.237 0
063131 16.625 10.0 60.237 0
063201 16.625 10.0 60.175 0
063231 16.625 10.0 60.175 0
063301 16.625 10.0 60.112 0
063331 16.625 10.0 60.112 0
063402 16.625 10.0 60.05 0
063432 16.625 10.0 60.05 0
063503 16.625 10.0 59.987 0
063533 16.625 10.0 59.987 0
063603 16.625 10.0 59.925 0
063633 16.625 10.0 59.925 0
063703 16.625 10.0 59.862 0
063733 16.625 10.0 59.862 0
063804 16.625 10.0 59.8 0
063834 16.625 10.0 59.8 0
063904 16.625 10.0 59.737 0
063934 16.625 10.0 59.737 0
064005 16.625 10.0 59.675 0
064035 16.625 10.0 59.675 0
064106 16.625 10.0 59.612 0
064136 16.625 10.0 59.612 0
064207 16.625 10.0 59.55 0
064237 16.625 10.0 59.55 0
064307 16.625 10.0 59.487 0
064337 16.625 10.0 59.487 0
064407 16.625 10.0 59.425 0
064438 16.687 10.0 59.425 0
064508 16.687 10.0 59.362 0
064539 16.687 10.0 59.362 0
064609 16.687 10.0 59.3 0
064640 16.687 10.0 59.3 0
064710 16.687 10.0 59.237 0
064740 16.687 10.0 59.175 0
064810 16.687 10.0 59.175 0
064841 16.687 10.0 59.05 0
064912 16.687 10.0 58.925 0
064942 16.687 10.0 58.862 0
065012 16.687 10.0 58.737 0
065043 16.687 10.0 58.675 0
065113 16.687 10.0 58.675 0
065144 16.687 10.0 58.612 0
065214 16.687 10.0 58.55 0
065244 16.687 10.0 58.487 0
065315 16.687 10.0 58.487 0
065346 16.687 10.0 58.425 0
065416 16.687 10.0 58.425 0
065446 16.75 10.0 58.362 0
065517 16.75 10.0 58.3 0
065547 16.75 10.0 58.3 0
065617 16.75 10.0 58.237 0
065647 16.75 10.0 58.237 0
065717 16.75 10.0 58.175 0
065747 16.75 10.0 58.175 0
065818 16.75 10.0 58.112 0
065848 16.75 10.0 58.112 0
065919 16.75 10.0 58.05 0
065949 16.75 10.0 58.05 0
070019 16.75 10.0 57.987 0
070050 16.75 10.0 57.925 0
070120 16.75 10.0 57.925 0
070150 16.75 10.0 57.862 0
070220 16.75 10.0 57.862 0
070250 16.75 10.0 57.8 0
070320 16.75 10.0 57.8 0
070351 16.75 10.0 57.737 0
070421 16.75 10.0 57.737 0
070451 16.75 10.0 57.675 0
070522 16.75 10.0 57.675 0
070552 16.75 10.0 57.612 0
070623 16.75 10.0 57.612 0
070653 16.75 10.0 57.55 0
070723 16.75 10.0 57.55 0
070754 16.75 10.0 57.487 0
070824 16.75 10.0 57.425 0
070854 16.75 10.0 57.362 0
070927 16.75 10.0 57.237 0
070958 16.75 10.0 57.112 0
071028 16.75 10.0 56.987 0
071058 16.75 10.0 56.862 0
071128 16.75 10.0 56.8 0
071159 16.75 10.0 56.737 0
071229 16.75 10.0 56.675 0
071300 16.75 10.0 56.675 0
071330 16.75 10.0 56.737 0
071400 16.75 10.0 56.862 0
071430 16.75 10.0 57.112 0
071501 16.75 10.0 57.425 0
071531 16.75 10.0 57.862 0
071601 16.75 10.0 58.425 0
071632 16.75 10.0 59.175 0
071702 16.75 10.0 60.05 0
071733 16.75 10.0 60.987 0
071803 16.75 10.0 62.05 0
071833 16.75 10.0 63.05 0
071903 16.75 10.0 63.925 0
071933 16.812 10.0 64.55 0
072004 16.812 10.0 65.05 0
072034 16.812 10.0 65.425 0
072105 16.812 10.0 65.675 0
072135 16.812 10.0 65.862 0
072205 16.812 10.0 65.987 0
072236 16.812 10.0 66.175 0
072306 16.812 10.0 66.3 0
072337 16.812 10.0 66.362 0
072408 16.812 10.0 66.487 0
072438 16.812 10.0 66.55 0
072508 16.812 10.0 66.612 0
072539 16.812 10.0 66.675 0
072609 16.812 10.0 66.737 0
072640 16.812 10.0 66.737 0
072710 16.812 10.0 66.8 0
072740 16.812 10.0 66.862 0
072810 16.812 10.0 66.862 0
072841 16.812 10.0 66.925 0
072912 16.812 10.0 66.987 0
072942 16.875 10.0 66.987 0
073012 16.875 10.0 66.987 0
073042 16.875 10.0 67.05 0
073112 16.875 10.0 67.05 0
073142 16.875 10.0 67.05 0
073213 16.875 10.0 67.05 0
073243 16.875 10.0 67.05 0
073314 16.875 10.0 67.05 0
073345 16.875 10.0 67.05 0
073415 16.875 10.0 67.05 0
073445 16.875 10.0 67.05 0
073516 16.875 10.0 67.05 0
073546 16.875 10.0 67.05 0
073616 16.875 10.0 67.05 0
073646 16.875 10.0 67.05 0
073716 16.875 10.0 67.05 0
073746 16.875 10.0 67.05 0
073817 16.875 10.0 67.112 0
073847 16.875 10.0 67.05 0
073917 16.875 10.0 67.112 0
073948 16.875 10.0 67.05 0
074018 16.875 10.0 67.112 0
074049 16.875 10.0 67.05 0
074119 16.875 10.0 67.05 0
074149 16.875 10.0 67.05 0
074219 16.875 10.0 67.05 0
074249 16.875 10.0 67.05 0
074319 16.875 10.0 67.05 0
074349 16.875 10.0 67.05 0
074419 16.875 10.0 67.05 0
074450 16.875 10.0 67.05 0
074521 16.875 10.0 66.987 0
074552 16.875 10.0 66.987 0
074623 16.875 10.0 66.987 0
074653 16.875 10.0 66.987 0
074723 16.937 10.0 66.987 0
074754 16.937 10.0 66.987 0
074824 16.937 10.0 66.987 0
074854 16.937 10.0 66.925 0
074925 16.937 10.0 66.925 0
074955 16.937 10.0 66.925 0
075026 16.937 10.0 66.925 0
075056 16.937 10.0 66.925 0
075126 16.937 10.0 66.925 0
075157 16.937 10.0 66.862 0
075227 16.937 10.0 66.862 0
075258 16.937 10.0 66.862 0
075328 16.937 10.0 66.8 0
075359 16.937 10.0 66.8 0
075429 16.937 10.0 66.8 0
075459 16.875 10.0 66.8 0
075529 16.875 10.0 66.8 0
075559 16.875 10.0 66.8 0
075629 16.875 10.0 66.737 0
075659 16.875 10.0 66.737 0
075730 16.875 10.0 66.737 0
075800 16.875 10.0 66.737 0
075830 16.875 10.0 66.675 0
075900 16.875 10.0 66.675 0
075932 16.875 10.0 66.675 0
080003 16.875 10.0 66.675 0
080034 16.875 10.0 66.675 0
080104 16.875 10.0 66.612 0
080134 16.875 10.0 66.612 0
080204 16.812 10.0 66.612 0
080235 16.812 10.0 66.612 0
080305 16.812 10.0 66.612 0
080335 16.812 10.0 66.55 0
080405 16.812 10.0 66.55 0
080435 16.75 10.0 66.55 0
080506 16.75 10.0 66.55 0
080536 16.75 10.0 66.487 0
080606 16.75 10.0 66.487 0
080636 16.75 10.0 66.487 0
080707 16.75 10.0 66.487 0
080737 16.75 10.0 66.425 0
080807 16.75 10.0 66.425 0
080837 16.75 10.0 66.425 0
080908 16.75 10.0 66.425 0
080938 16.687 10.0 66.362 0
081008 16.687 10.0 66.362 0
081038 16.687 10.0 66.362 0
081108 16.687 10.0 66.362 0
081138 16.687 10.0 66.3 0
081209 16.687 10.0 66.3 0
081239 16.687 10.0 66.3 0
081309 16.687 10.0 66.3 0
081339 16.687 10.0 66.237 0
081409 16.687 10.0 66.237 0
081440 16.687 10.0 66.237 0
081510 16.687 10.0 66.175 0
081541 16.687 10.0 66.175 0
081611 16.687 10.0 66.175 0
081641 16.687 10.0 66.112 0
081711 16.625 10.0 66.112 0
081742 16.625 10.0 66.112 0
081812 16.625 10.0 66.05 0
081842 16.625 10.0 66.05 0
081913 16.625 10.0 66.05 0
081943 16.625 10.0 66.05 0
082013 16.625 10.0 66.05 0
082043 16.625 10.0 66.112 0
082114 16.625 10.0 66.237 0
082144 16.625 10.0 66.237 0
082214 16.625 10.0 66.3 0
082245 16.625 10.0 66.362 0
082315 16.625 10.0 66.362 0
082346 16.625 10.0 66.362 0
082417 16.625 10.0 66.362 0
082447 16.625 10.0 66.362 0
082517 16.625 10.0 66.362 0
082547 16.625 10.0 66.362 0
082617 16.625 10.0 66.362 0
082648 16.625 10.0 66.362 0
082719 16.562 10.0 66.362 0
082749 16.562 10.0 66.362 0
082819 16.562 10.0 66.3 0
082849 16.562 10.0 66.3 0
082919 16.562 10.0 66.3 0
082950 16.562 10.0 66.3 0
083020 16.562 10.0 66.3 0
083050 16.562 10.0 66.237 0
083120 16.562 10.0 66.237 0
083151 16.562 10.0 66.237 0
083221 16.562 10.0 66.237 0
083251 16.562 10.0 66.237 0
083322 16.562 10.0 66.175 0
083352 16.562 10.0 66.175 0
083422 16.562 10.0 66.175 0
083452 16.562 10.0 66.175 0
083523 16.562 10.0 66.112 0
083553 16.562 10.0 66.112 0
083624 16.562 10.0 66.112 0
083654 16.562 10.0 66.05 0
083724 16.562 10.0 66.05 0
083755 16.562 10.0 66.05 0
083825 16.562 10.0 65.987 0
083856 16.562 10.0 65.987 0
083926 16.562 10.0 65.987 0
083957 16.562 10.0 65.925 0
084027 16.562 10.0 65.925 0
084058 16.562 10.0 65.925 0
084128 16.562 10.0 65.862 0
084158 16.562 10.0 65.862 0
084228 16.562 10.0 65.862 0
084258 16.562 10.0 65.8 0
084328 16.562 10.0 65.8 0
084359 16.562 10.0 65.8 0
084429 16.562 10.0 65.8 0
084459 16.562 10.0 65.737 0
084529 16.562 10.0 65.737 0
084559 16.562 10.0 65.737 0
084630 16.562 10.0 65.675 0
084700 16.562 10.0 65.675 0
084730 16.562 10.0 65.675 0
084800 16.562 10.0 65.612 0
084830 16.562 10.0 65.612 0
084901 16.562 10.0 65.612 0
084931 16.562 10.0 65.55 0
085001 16.5 10.0 65.55 0
085031 16.5 10.0 65.55 0
085101 16.5 10.0 65.487 0
085132 16.5 10.0 65.425 0
085202 16.5 10.0 65.425 0
085233 16.5 10.0 65.425 0
085303 16.5 10.0 65.425 0
085334 16.5 10.0 65.425 0
085405 16.5 10.0 65.425 0
085435 16.5 10.0 65.362 0
085505 16.5 10.0 65.3 0
085535 16.5 10.0 65.237 0
085606 16.5 10.0 65.237 0
085636 16.5 10.0 65.237 0
085706 16.5 10.0 65.175 0
085737 16.5 10.0 65.175 0
085807 16.5 10.0 65.175 0
085837 16.5 10.0 65.112 0
085907 16.5 10.0 65.05 0
085937 16.5 10.0 65.05 0
090007 16.5 10.0 64.987 0
090037 16.5 10.0 64.987 0
090108 16.5 10.0 64.987 0
090138 16.5 10.0 64.925 0
090208 16.5 10.0 64.925 0
090238 16.5 10.0 64.862 0
090308 16.5 10.0 64.862 0
090339 16.5 10.0 64.8 0
090409 16.5 10.0 64.8 0
090439 16.5 10.0 64.8 0
090509 16.5 10.0 64.737 0
090539 16.5 10.0 64.737 0
090610 16.5 10.0 64.675 0
090640 16.5 10.0 64.675 0
090712 16.437 10.0 64.612 0
090742 16.437 10.0 64.612 0
090813 16.437 10.0 64.612 0
090843 16.437 10.0 64.55 0
090913 16.437 10.0 64.55 0
090943 16.437 10.0 64.487 0
091013 16.437 10.0 64.487 0
091044 16.437 10.0 64.425 0
091114 16.437 10.0 64.425 0
091144 16.437 10.0 64.425 0
091214 16.437 10.0 64.362 0
091244 16.437 10.0 64.362 0
091315 16.437 10.0 64.3 0
091346 16.437 10.0 64.3 0
091416 16.437 10.0 64.3 0
091447 16.437 10.0 64.237 0
091517 16.437 10.0 64.237 0
091547 16.437 10.0 64.175 0
091617 16.437 10.0 64.175 0
091648 16.437 10.0 64.112 0
091718 16.437 10.0 64.112 0
091748 16.437 10.0 64.112 0
091818 16.437 10.0 64.05 0
091849 16.437 10.0 64.05 0
091919 16.437 10.0 63.987 0
091949 16.437 10.0 63.987 0
092019 16.437 10.0 63.925 0
092049 16.437 10.0 63.925 0
092119 16.437 10.0 63.925 0
092150 16.437 10.0 63.925 0
092220 16.437 10.0 63.925 0
092250 16.437 10.0 63.925 0
092321 16.437 10.0 63.925 0
092351 16.437 10.0 63.925 0
092422 16.437 10.0 63.925 0
092452 16.437 10.0 63.925 0
092522 16.437 10.0 63.925 0
092552 16.437 10.0 63.862 0
092623 16.437 10.0 63.862 0
092653 16.437 10.0 63.862 0
092723 16.437 10.0 63.862 0
092754 16.437 10.0 63.8 0
092824 16.437 10.0 63.8 0
092854 16.437 10.0 63.8 0
092924 16.437 10.0 63.737 0
092954 16.375 10.0 63.737 0
093025 16.375 10.0 63.737 0
093055 16.375 10.0 63.737 0
093126 16.375 10.0 63.675 0
093156 16.375 10.0 63.675 0
093226 16.375 10.0 63.675 0
093257 16.375 10.0 63.612 0
093327 16.375 10.0 63.612 0
093357 16.375 10.0 63.55 0
093427 16.375 10.0 63.55 0
093458 16.437 10.0 63.55 0
093528 16.437 10.0 63.487 0
093558 16.437 10.0 63.487 0
093628 16.437 10.0 63.487 0
093658 16.437 10.0 63.425 0
093728 16.437 10.0 63.425 0
093759 16.437 10.0 63.362 0
093830 16.437 10.0 63.362 0
093900 16.437 10.0 63.362 0
093930 16.437 10.0 63.3 0
094000 16.375 10.0 63.3 0
094031 16.375 10.0 63.237 0
094101 16.375 10.0 63.237 0
094131 16.375 10.0 63.237 0
094202 16.375 10.0 63.175 0
094232 16.375 10.0 63.175 0
094302 16.375 10.0 63.112 0
094333 16.375 10.0 63.112 0
094403 16.375 10.0 63.05 0
094434 16.375 10.0 62.987 0
094504 16.375 10.0 62.925 0
094534 16.375 10.0 62.862 0
094604 16.375 10.0 62.862 0
094634 16.375 10.0 62.8 0
094705 16.375 10.0 62.8 0
094735 16.375 10.0 62.737 0
094805 16.375 10.0 62.675 0
094835 16.375 10.0 62.675 0
094905 16.375 10.0 62.612 0
094936 16.375 10.0 62.612 0
095006 16.375 10.0 62.55 0
095036 16.375 10.0 62.55 0
095106 16.375 10.0 62.487 0
095136 16.375 10.0 62.487 0
095207 16.375 10.0 62.425 0
095237 16.375 10.0 62.425 0
095307 16.375 10.0 62.362 0
095337 16.375 10.0 62.362 0
095407 16.375 10.0 62.3 0
095438 16.375 10.0 62.3 0
095508 16.375 10.0 62.3 0
095538 16.375 10.0 62.237 0
095608 16.375 10.0 62.175 0
095639 16.375 10.0 62.175 0
095709 16.375 10.0 62.112 0
095739 16.375 10.0 62.112 0
095810 16.375 10.0 62.05 0
095840 16.375 10.0 62.05 0
095910 16.375 10.0 61.987 0
095941 16.375 10.0 61.987 0
100011 16.312 10.0 61.925 0
100041 16.312 10.0 61.925 0
100111 16.312 10.0 61.925 0
100141 16.312 10.0 61.862 0
100212 16.312 10.0 61.862 0
100242 16.312 10.0 61.8 0
100312 16.312 10.0 61.8 0
100342 16.312 10.0 61.737 0
100412 16.312 10.0 61.737 0
100442 16.312 10.0 61.675 0
100513 16.375 10.0 61.675 0
100543 16.375 10.0 61.55 0
100614 16.375 10.0 61.487 0
100644 16.375 10.0 61.425 0
100714 16.375 10.0 61.362 0
100744 16.312 10.0 61.3 0
100814 16.312 10.0 61.237 0
100844 16.312 10.0 61.175 0
100915 16.312 10.0 61.112 0
100945 16.312 10.0 61.112 0
101015 16.312 10.0 61.05 0
101045 16.312 10.0 60.987 0
101116 16.312 10.0 60.987 0
101146 16.312 10.0 60.925 0
101216 16.312 10.0 60.925 0
101247 16.312 10.0 60.737 0
101317 16.312 10.0 60.737 0
101347 16.312 10.0 60.8 0
101417 16.312 10.0 60.737 0
101447 16.312 10.0 60.737 0
101517 16.312 10.0 60.675 0
101548 16.312 10.0 60.675 0
101618 16.312 10.0 60.612 0
101648 16.312 10.0 60.612 0
101718 16.312 10.0 60.55 0
101748 16.312 10.0 60.55 0
101818 16.312 10.0 60.487 0
101848 16.312 10.0 60.487 0
101919 16.312 10.0 60.425 0
101949 16.312 10.0 60.425 0
102020 16.312 10.0 60.362 0
102050 16.312 10.0 60.362 0
102120 16.312 10.0 60.3 0
102151 16.312 10.0 60.3 0
102224 16.25 10.0 60.237 0
102254 16.25 10.0 60.237 0
102325 16.25 10.0 60.237 0
102356 16.25 10.0 60.237 0
102426 16.25 10.0 60.237 0
102457 16.312 10.0 60.237 0
102527 16.312 10.0 60.175 0
102557 16.312 10.0 60.175 0
102628 16.312 10.0 60.175 0
102658 16.312 10.0 60.112 0
102729 16.312 10.0 60.112 0
102759 16.312 10.0 60.05 0
102830 16.312 10.0 59.987 0
102900 16.312 10.0 59.925 0
102930 16.312 10.0 59.862 0
103000 16.25 10.0 59.862 0
103030 16.25 10.0 59.8 0
103100 16.25 10.0 59.737 0
103131 16.25 10.0 59.737 0
103201 16.25 10.0 59.675 0
103231 16.312 10.0 59.675 0
103302 16.312 10.0 59.612 0
103332 16.312 10.0 59.612 0
103402 16.312 10.0 59.55 0
103432 16.312 10.0 59.55 0
103502 16.25 10.0 59.487 0
103533 16.25 10.0 59.487 0
103603 16.25 10.0 59.425 0
103633 16.25 10.0 59.425 0
103703 16.25 10.0 59.362 0
103733 16.312 10.0 59.362 0
103803 16.312 10.0 59.3 0
103834 16.312 10.0 59.3 0
103904 16.312 10.0 59.237 0
103934 16.312 10.0 59.237 0
104004 16.25 10.0 59.175 0
104034 16.25 10.0 59.175 0
104105 16.25 10.0 59.112 0
104135 16.25 10.0 59.05 0
104205 16.25 10.0 59.05 0
104235 16.25 10.0 58.987 0
104305 16.25 10.0 58.987 0
104336 16.25 10.0 58.925 0
104406 16.25 10.0 58.925 0
104436 16.25 10.0 58.862 0
104506 16.25 10.0 58.862 0
104536 16.25 10.0 58.8 0
104607 16.25 10.0 58.8 0
104637 16.25 10.0 58.8 0
104707 16.25 10.0 58.737 0
104737 16.25 10.0 58.675 0
104807 16.25 10.0 58.612 0
104837 16.25 10.0 58.487 0
104907 16.25 10.0 58.362 0
104937 16.25 10.0 58.237 0
105008 16.25 10.0 58.175 0
105038 16.25 10.0 58.112 0
105108 16.25 10.0 58.05 0
105138 16.25 10.0 57.987 0
105208 16.25 10.0 57.925 0
105239 16.25 10.0 57.925 0
105309 16.25 10.0 57.862 0
105339 16.25 10.0 57.8 0
105409 16.25 10.0 57.8 0
105439 16.25 10.0 57.737 0
105509 16.25 10.0 57.737 0
105540 16.25 10.0 57.675 0
105610 16.25 10.0 57.675 0
105640 16.25 10.0 57.612 0
105711 16.25 10.0 57.55 0
105741 16.25 10.0 57.55 0
105811 16.25 10.0 57.487 0
105842 16.25 10.0 57.487 0
105912 16.25 10.0 57.425 0
105942 16.25 10.0 57.425 0
110012 16.25 10.0 57.362 0
110042 16.25 10.0 57.362 0
110113 16.25 10.0 57.3 0
110143 16.25 10.0 57.237 0
110214 16.25 10.0 57.237 0
110244 16.25 10.0 57.175 0
110315 16.25 10.0 57.175 0
110345 16.25 10.0 57.112 0
110415 16.25 10.0 57.112 0
110445 16.25 10.0 57.05 0
110515 16.25 10.0 57.05 0
110545 16.25 10.0 56.987 0
110616 16.25 10.0 56.987 0
110646 16.25 10.0 56.987 0
110716 16.25 10.0 56.987 0
110746 16.25 10.0 57.05 0
110816 16.25 10.0 57.175 0
110847 16.25 10.0 57.362 0
110917 16.25 10.0 57.55 0
110948 16.25 10.0 57.925 0
111019 16.25 10.0 58.425 0
111049 16.25 10.0 59.05 0
111119 16.25 10.0 59.925 0
111149 16.25 10.0 60.8 0
111220 16.25 10.0 61.8 0
111250 16.25 10.0 62.737 0
111320 16.25 10.0 63.55 0
111351 16.25 10.0 64.237 0
111421 16.25 10.0 64.737 0
111452 16.25 10.0 65.175 0
111522 16.25 10.0 65.487 0
111552 16.25 10.0 65.737 0
111623 16.25 10.0 65.987 0
111653 16.25 10.0 66.237 0
111723 16.25 10.0 66.425 0
111753 16.25 10.0 66.612 0
111823 16.25 10.0 66.737 0
111853 16.25 10.0 66.862 0
111923 16.25 10.0 66.925 0
111953 16.25 10.0 67.05 0
112024 16.25 10.0 67.175 0
112054 16.25 10.0 67.237 0
112125 16.25 10.0 67.3 0
112155 16.25 10.0 67.362 0
112225 16.25 10.0 67.425 0
112256 16.25 10.0 67.425 0
112326 16.25 10.0 67.487 0
112357 16.25 10.0 67.55 0
112428 16.25 10.0 67.55 0
112458 16.25 10.0 67.612 0
112528 16.25 10.0 67.675 0
112559 16.25 10.0 67.675 0
112629 16.25 10.0 67.737 0
112659 16.25 10.0 67.737 0
112730 16.25 10.0 67.8 0
112800 16.25 10.0 67.8 0
112830 16.25 10.0 67.862 0
112900 16.25 10.0 67.862 0
112930 16.25 10.0 67.925 0
113000 16.25 10.0 67.925 0
113031 16.312 10.0 67.925 0
113101 16.312 10.0 67.987 0
113131 16.312 10.0 67.987 0
113202 16.312 10.0 67.987 0
113234 16.25 10.0 67.987 0
113304 16.25 10.0 67.987 0
113335 16.25 10.0 67.987 0
113405 16.25 10.0 67.987 0
113435 16.25 10.0 67.925 0
113505 16.25 10.0 67.925 0
113535 16.25 10.0 67.987 0
113605 16.25 10.0 67.925 0
113636 16.25 10.0 67.925 0
113706 16.25 10.0 67.925 0
113736 16.25 10.0 67.925 0
113806 16.25 10.0 67.925 0
113837 16.25 10.0 67.925 0
113907 16.25 10.0 67.925 0
113937 16.25 10.0 67.925 0
114007 16.312 10.0 67.925 0
114038 16.312 10.0 67.925 0
114108 16.312 10.0 67.925 0
114139 16.312 10.0 67.925 0
114210 16.312 10.0 67.925 0
114240 16.312 10.0 67.925 0
114310 16.312 10.0 67.862 0
114341 16.312 10.0 67.862 0
114411 16.312 10.0 67.862 0
114441 16.312 10.0 67.862 0
114511 16.312 10.0 67.862 0
114542 16.312 10.0 67.862 0
114612 16.312 10.0 67.862 0
114642 16.312 10.0 67.862 0
114713 16.312 10.0 67.8 0
114743 16.25 10.0 67.8 0
114813 16.25 10.0 67.8 0
114843 16.25 10.0 67.8 0
114914 16.25 10.0 67.8 0
114944 16.25 10.0 67.737 0
115014 16.312 10.0 67.737 0
115044 16.312 10.0 67.737 0
115114 16.312 10.0 67.737 0
115145 16.312 10.0 67.737 0
115215 16.312 10.0 67.675 0
115245 16.312 10.0 67.675 0
115315 16.312 10.0 67.675 0
115345 16.312 10.0 67.675 0
115415 16.312 10.0 67.612 0
115446 16.312 10.0 67.612 0
115516 16.312 10.0 67.612 0
115546 16.312 10.0 67.612 0
115616 16.312 10.0 67.55 0
115647 16.312 10.0 67.55 0
115717 16.312 10.0 67.55 0
115747 16.312 10.0 67.55 0
115817 16.312 10.0 67.55 0
115847 16.312 10.0 67.487 0
115918 16.312 10.0 67.487 0
115949 16.312 10.0 67.487 0
120019 16.312 10.0 67.487 0
120049 16.312 10.0 67.425 0
120120 16.312 10.0 67.425 0
120150 16.312 10.0 67.425 0
120220 16.312 10.0 67.425 0
120250 16.312 10.0 67.425 0
120320 16.312 10.0 67.362 0
120350 16.312 10.0 67.362 0
120420 16.312 10.0 67.362 0
120451 16.312 10.0 67.362 0
120521 16.312 10.0 67.3 0
120552 16.312 10.0 67.3 0
120622 16.312 10.0 67.3 0
120653 16.312 10.0 67.3 0
120724 16.312 10.0 67.237 0
120754 16.312 10.0 67.237 0
120825 16.312 10.0 67.237 0
120855 16.312 10.0 67.237 0
120925 16.312 10.0 67.175 0
120955 16.312 10.0 67.237 0
121026 16.312 10.0 67.237 0
121056 16.312 10.0 67.237 0
121127 16.312 10.0 67.175 0
121157 16.312 10.0 67.175 0
121227 16.312 10.0 67.175 0
121257 16.312 10.0 67.112 0
121327 16.312 10.0 67.112 0
121357 16.312 10.0 67.112 0
121428 16.312 10.0 67.175 0
121458 16.312 10.0 67.3 0
121529 16.312 10.0 67.362 0
121559 16.312 10.0 67.487 0
121629 16.312 10.0 67.487 0
121700 16.312 10.0 67.55 0
121730 16.312 10.0 67.55 0
121801 16.312 10.0 67.612 0
121831 16.312 10.0 67.612 0
121901 16.312 10.0 67.612 0
121931 16.312 10.0 67.612 0
122001 16.312 10.0 67.612 0
122031 16.25 10.0 67.612 0
122101 16.25 10.0 67.612 0
122132 16.25 10.0 67.612 0
122202 16.25 10.0 67.612 0
122232 16.25 10.0 67.55 0
122303 16.312 10.0 67.55 0
122333 16.312 10.0 67.55 0
122403 16.312 10.0 67.55 0
122433 16.312 10.0 67.55 0
122504 16.312 10.0 67.55 0
122534 16.312 10.0 67.487 0
122605 16.312 10.0 67.487 0
122635 16.312 10.0 67.487 0
122705 16.312 10.0 67.425 0
122735 16.312 10.0 67.425 0
122805 16.312 10.0 67.425 0
122835 16.312 10.0 67.425 0
122906 16.312 10.0 67.425 0
122937 16.312 10.0 67.425 0
123007 16.312 10.0 67.425 0
123038 16.312 10.0 67.362 0
123109 16.312 10.0 67.362 0
123139 16.312 10.0 67.362 0
123210 16.312 10.0 67.362 0
123240 16.312 10.0 67.3 0
123311 16.312 10.0 67.237 0
123341 16.312 10.0 67.237 0
123411 16.312 10.0 67.237 0
123441 16.312 10.0 67.237 0
123511 16.312 10.0 67.237 0
123541 16.312 10.0 67.237 0
123611 16.312 10.0 67.175 0
123642 16.312 10.0 67.175 0
123712 16.312 10.0 67.175 0
123744 16.312 10.0 67.175 0
123815 16.312 10.0 67.112 0
123845 16.312 10.0 67.112 0
123915 16.312 10.0 67.112 0
123945 16.312 10.0 67.05 0
124015 16.312 10.0 67.05 0
124046 16.312 10.0 67.05 0
124116 16.312 10.0 66.987 0
124146 16.312 10.0 66.987 0
124217 16.312 10.0 66.987 0
124247 16.312 10.0 66.925 0
124317 16.312 10.0 66.925 0
124347 16.312 10.0 66.925 0
124417 16.312 10.0 66.862 0
124448 16.312 10.0 66.862 0
124519 16.312 10.0 66.862 0
124549 16.312 10.0 66.8 0
124620 16.312 10.0 66.8 0
124650 16.312 10.0 66.737 0
124720 16.312 10.0 66.737 0
124750 16.312 10.0 66.675 0
124821 16.312 10.0 66.675 0
124851 16.312 10.0 66.737 0
124921 16.312 10.0 66.675 0
124952 16.312 10.0 66.675 0
125022 16.312 10.0 66.675 0
125052 16.312 10.0 66.612 0
125123 16.312 10.0 66.612 0
125153 16.312 10.0 66.55 0
125223 16.312 10.0 66.55 0
125253 16.312 10.0 66.487 0
125324 16.312 10.0 66.487 0
125355 16.312 10.0 66.487 0
125425 16.312 10.0 66.425 0
125455 16.312 10.0 66.425 0
125526 16.312 10.0 66.425 0
125556 16.312 10.0 66.425 0
125626 16.312 10.0 66.362 0
125656 16.312 10.0 66.362 0
125727 16.312 10.0 66.3 0
125758 16.312 10.0 66.3 0
125828 16.312 10.0 66.237 0
125858 16.312 10.0 66.237 0
125929 16.312 10.0 66.237 0
125959 16.312 10.0 66.175 0
130029 16.375 10.0 66.175 0
130100 16.375 10.0 66.175 0
130130 16.375 10.0 66.112 0
130200 16.375 10.0 66.112 0
130230 16.375 10.0 66.112 0
130300 16.312 10.0 66.05 0
130330 16.312 10.0 66.05 0
130401 16.312 10.0 65.987 0
130431 16.312 10.0 65.987 0
130501 16.312 10.0 65.925 0
130531 16.375 10.0 65.925 0
130601 16.375 10.0 65.862 0
130632 16.375 10.0 65.862 0
130702 16.375 10.0 65.8 0
130732 16.375 10.0 65.8 0
130803 16.375 10.0 65.8 0
130834 16.375 10.0 65.737 0
130904 16.375 10.0 65.737 0
130934 16.375 10.0 65.675 0
131004 16.375 10.0 65.675 0
131034 16.437 10.0 65.675 0
131104 16.437 10.0 65.612 0
131135 16.437 10.0 65.612 0
131205 16.437 10.0 65.55 0
131235 16.437 10.0 65.55 0
131306 16.437 10.0 65.55 0
131336 16.437 10.0 65.487 0
131407 16.437 10.0 65.487 0
131437 16.437 10.0 65.487 0
131508 16.437 10.0 65.425 0
131538 16.5 10.0 65.425 0
131609 16.5 10.0 65.425 0
131639 16.5 10.0 65.487 0
131709 16.5 10.0 65.55 0
131740 16.5 10.0 65.612 0
131810 16.5 10.0 65.612 0
131840 16.5 10.0 65.675 0
131910 16.5 10.0 65.675 0
131941 16.5 10.0 65.675 0
132011 16.5 10.0 65.675 0
132042 16.562 10.0 65.675 0
132112 16.562 10.0 65.675 0
132142 16.562 10.0 65.675 0
132212 16.562 10.0 65.675 0
132243 16.562 10.0 65.675 0
132313 16.562 10.0 65.612 0
132343 16.562 10.0 65.612 0
132414 16.562 10.0 65.612 0
132444 16.562 10.0 65.55 0
132514 16.562 10.0 65.55 0
132544 16.56 10.0 65.55 0
132615 16.56 10.0 65.55 0
132645 16.56 10.0 65.487 0
132716 16.56 10.0 65.487 0
132746 16.56 10.0 65.487 0
132816 16.687 10.0 65.425 0
132846 16.687 10.0 65.425 0
132916 16.687 10.0 65.362 0
132947 16.687 10.0 65.362 0
133017 16.687 10.0 65.3 0
133047 16.687 10.0 65.3 0
133118 16.687 10.0 65.237 0
133148 16.687 10.0 65.237 0
133218 16.687 10.0 65.237 0
133249 16.687 10.0 65.175 0
133319 16.687 10.0 65.175 0
133350 16.687 10.0 65.112 0
133421 16.687 10.0 65.112 0
133451 16.687 10.0 65.112 0
133523 16.75 10.0 65.05 0
133553 16.75 10.0 65.05 0
133623 16.75 10.0 64.987 0
133654 16.75 10.0 64.987 0
133724 16.75 10.0 64.987 0
133754 16.812 10.0 64.925 0
133824 16.812 10.0 64.925 0
133854 16.812 10.0 64.925 0
133925 16.812 10.0 64.862 0
133955 16.812 10.0 64.862 0
134025 16.812 10.0 64.8 0
134055 16.812 10.0 64.8 0
134125 16.812 10.0 64.737 0
134155 16.812 10.0 64.737 0
134226 16.812 10.0 64.737 0
134256 16.812 10.0 64.675 0
134327 16.812 10.0 64.675 0
134357 16.812 10.0 64.612 0
134427 16.812 10.0 64.612 0
134457 16.812 10.0 64.612 0
134528 16.875 10.0 64.55 0
134558 16.875 10.0 64.55 0
134629 16.875 10.0 64.487 0
134659 16.875 10.0 64.487 0
134730 16.875 10.0 64.487 0
134800 16.875 10.0 64.425 0
134830 16.875 10.0 64.425 0
134900 16.875 10.0 64.362 0
134930 16.875 10.0 64.362 0
135000 16.875 10.0 64.3 0
135030 16.875 10.0 64.3 0
135101 16.875 10.0 64.237 0
135131 16.875 10.0 64.237 0
135202 16.875 10.0 64.175 0
135233 16.875 10.0 64.112 0
135303 16.875 10.0 64.05 0
135333 16.875 10.0 64.05 0
135403 16.875 10.0 63.987 0
135434 16.875 10.0 63.987 0
135504 16.875 10.0 63.987 0
135535 16.875 10.0 63.925 0
135605 16.875 10.0 63.925 0
135635 16.875 10.0 63.862 0
135705 16.875 10.0 63.862 0
135736 16.875 10.0 63.8 0
135807 16.875 10.0 63.8 0
135837 16.875 10.0 63.737 0
135907 16.875 10.0 63.737 0
135938 16.875 10.0 63.675 0
140008 16.875 10.0 63.675 0
140038 16.875 10.0 63.675 0
140109 16.875 10.0 63.612 0
140139 16.875 10.0 63.612 0
140209 16.875 10.0 63.55 0
140239 16.875 10.0 63.55 0
140309 16.937 10.0 63.487 0
140339 16.937 10.0 63.487 0
140410 16.937 10.0 63.425 0
140440 16.937 10.0 63.425 0
140511 16.937 10.0 63.362 0
140541 17.0 10.0 63.362 0
140611 17.0 10.0 63.3 0
140641 17.0 10.0 63.3 0
140711 17.0 10.0 63.237 0
140741 17.0 10.0 63.237 0
140812 17.062 10.0 63.237 0
140842 17.062 10.0 63.175 0
140912 17.062 10.0 63.175 0
140942 17.062 10.0 63.112 0
141013 17.062 10.0 63.112 0
141043 17.125 10.0 63.05 0
141113 17.125 10.0 63.05 0
141144 17.125 10.0 62.987 0
141214 17.125 10.0 62.987 0
141244 17.125 10.0 62.925 0
141314 17.125 10.0 62.925 0
141345 17.125 10.0 62.862 0
141415 17.125 10.0 62.8 0
141445 17.125 10.0 62.737 0
141516 17.125 10.0 62.675 0
141546 17.125 10.0 62.612 0
141617 17.125 10.0 62.55 0
141647 17.125 10.0 62.55 0
141717 17.125 10.0 62.487 0
141748 17.125 10.0 62.487 0
141818 17.187 10.0 62.487 0
141849 17.187 10.0 62.55 0
141919 17.187 10.0 62.487 0
141949 17.187 10.0 62.487 0
142019 17.187 10.0 62.487 0
142049 17.25 10.0 62.487 0
142120 17.25 10.0 62.487 0
142151 17.25 10.0 62.425 0
142222 17.25 10.0 62.425 0
142252 17.25 10.0 62.425 0
142322 17.187 10.0 62.425 0
142352 17.187 10.0 62.362 0
142422 17.187 10.0 62.362 0
142453 17.187 10.0 62.362 0
142523 17.187 10.0 62.3 0
142553 17.25 10.0 62.3 0
142623 17.25 10.0 62.3 0
142654 17.25 10.0 62.237 0
142724 17.25 10.0 62.237 0
142755 17.25 10.0 62.175 0
142825 17.25 10.0 62.175 0
142856 17.25 10.0 62.175 0
142926 17.25 10.0 62.112 0
142956 17.25 10.0 62.112 0
143026 17.25 10.0 62.05 0
143056 17.312 10.0 62.05 0
143127 17.312 10.0 62.05 0
143158 17.312 10.0 61.987 0
143228 17.312 10.0 61.987 0
143301 17.375 10.0 61.925 0
143331 17.375 10.0 61.925 0
143402 17.375 10.0 61.862 0
143432 17.375 10.0 61.862 0
143502 17.375 10.0 61.8 0
143532 17.375 10.0 61.8 0
143602 17.375 10.0 61.8 0
143633 17.375 10.0 61.737 0
143703 17.375 10.0 61.675 0
143733 17.375 10.0 61.612 0
143803 17.437 10.0 61.55 0
143833 17.437 10.0 61.487 0
143903 17.437 10.0 61.487 0
143933 17.437 10.0 61.425 0
144004 17.437 10.0 61.362 0
144034 17.437 10.0 61.362 0
144104 17.437 10.0 61.3 0
144135 17.437 10.0 61.3 0
144205 17.437 10.0 61.237 0
144236 17.437 10.0 61.237 0
144307 17.5 10.0 61.175 0
144337 17.5 10.0 61.175 0
144408 17.5 10.0 61.112 0
144438 17.5 10.0 61.112 0
144509 17.5 10.0 61.05 0
144539 17.562 10.0 61.05 0
144609 17.562 10.0 60.987 0
144639 17.562 10.0 60.987 0
144710 17.562 10.0 60.925 0
144740 17.562 10.0 60.925 0
144810 17.625 10.0 60.862 0
144840 17.625 10.0 60.8 0
144911 17.625 10.0 60.8 0
144941 17.625 10.0 60.8 0
145011 17.625 10.0 60.737 0
145042 17.625 10.0 60.737 0
145112 17.625 10.0 60.675 0
145142 17.625 10.0 60.675 0
145213 17.625 10.0 60.612 0
145243 17.625 10.0 60.612 0
145313 17.687 10.0 60.55 0
145344 17.687 10.0 60.55 0
145414 17.687 10.0 60.487 0
145444 17.687 10.0 60.487 0
145515 17.687 10.0 60.425 0
145545 17.687 10.0 60.425 0
145615 17.687 10.0 60.362 0
145645 17.687 10.0 60.362 0
145715 17.687 10.0 60.3 0
145745 17.687 10.0 60.3 0
145815 17.687 10.0 60.237 0
145846 17.687 10.0 60.175 0
145916 17.687 10.0 60.112 0
145946 17.687 10.0 59.987 0
150017 17.687 10.0 59.925 0
150047 17.75 10.0 59.862 0
150118 17.75 10.0 59.8 0
150148 17.75 10.0 59.737 0
150218 17.75 10.0 59.737 0
150249 17.75 10.0 59.675 0
150319 17.75 10.0 59.612 0
150349 17.75 10.0 59.612 0
150419 17.75 10.0 59.55 0
150449 17.75 10.0 59.55 0
150519 17.75 10.0 59.487 0
150550 17.75 10.0 59.425 0
150620 17.75 10.0 59.425 0
150650 17.75 10.0 59.362 0
150720 17.75 10.0 59.362 0
150751 17.75 10.0 59.3 0
150821 17.687 10.0 59.3 0
150852 17.687 10.0 59.237 0
150922 17.687 10.0 59.237 0
150953 17.687 10.0 59.175 0
151023 17.687 10.0 59.175 0
151054 17.687 10.0 59.112 0
151124 17.687 10.0 59.112 0
151154 17.687 10.0 59.05 0
151225 17.687 10.0 59.05 0
151256 17.687 10.0 58.987 0
151326 17.687 10.0 58.987 0
151356 17.687 10.0 58.925 0
151426 17.687 10.0 58.925 0
151457 17.687 10.0 58.862 0
151527 17.687 10.0 58.862 0
151557 17.625 10.0 58.8 0
151628 17.625 10.0 58.8 0
151658 17.625 10.0 58.737 0
151728 17.625 10.0 58.675 0
151758 17.625 10.0 58.675 0
151829 17.687 10.0 58.675 0
151859 17.687 10.0 58.612 0
151929 17.687 10.0 58.612 0
152000 17.687 10.0 58.612 0
152030 17.687 10.0 58.612 0
152101 17.812 10.0 58.55 0
152131 17.812 10.0 58.55 0
152201 17.812 10.0 58.487 0
152231 17.812 10.0 58.425 0
152301 17.812 10.0 58.425 0
152331 17.812 10.0 58.362 0
152402 17.812 10.0 58.362 0
152432 17.812 10.0 58.3 0
152503 17.812 10.0 58.3 0
152533 17.812 10.0 58.237 0
152603 17.937 10.0 58.237 0
152634 17.937 10.0 58.175 0
152704 17.937 10.0 58.175 0
152734 17.937 10.0 58.175 0
152804 17.937 10.0 58.112 0
152835 17.937 10.0 58.05 0
152905 17.937 10.0 58.05 0
152936 17.937 10.0 58.05 0
153006 17.937 10.0 57.987 0
153036 17.937 10.0 57.987 0
153106 17.875 10.0 57.925 0
153137 17.875 10.0 57.925 0
153207 17.875 10.0 57.862 0
153237 17.875 10.0 57.862 0
153307 17.875 10.0 57.862 0
153338 17.875 10.0 57.8 0
153408 17.875 10.0 57.8 0
153439 17.875 10.0 57.737 0
153509 17.875 10.0 57.737 0
153540 17.875 10.0 57.675 0
153610 17.812 10.0 57.675 0
153640 17.812 10.0 57.675 0
153710 17.812 10.0 57.612 0
153741 17.812 10.0 57.55 0
153813 17.625 10.0 57.55 0
153843 17.625 10.0 57.55 0
153914 17.625 10.0 57.487 0
153945 17.625 10.0 57.487 0
154015 17.625 10.0 57.425 0
154045 17.5 10.0 57.425 0
154116 17.5 10.0 57.362 0
154146 17.5 10.0 57.3 0
154217 17.5 10.0 57.237 0
154247 17.5 10.0 57.112 0
154318 17.437 10.0 57.05 0
154348 17.437 10.0 56.987 0
154419 17.437 10.0 56.925 0
154449 17.437 10.0 56.862 0
154519 17.437 10.0 56.862 0
154550 17.375 10.0 56.862 0
154621 17.375 10.0 56.925 0
154651 17.375 10.0 57.05 0
154721 17.375 10.0 57.237 0
154752 17.375 10.0 57.55 0
154823 17.375 10.0 58.112 0
154854 17.375 10.0 58.862 0
154924 17.375 10.0 59.737 0
154954 17.375 10.0 60.737 0
155024 17.375 10.0 61.8 0
155054 17.375 10.0 62.925 0
155125 17.375 10.0 63.862 0
155155 17.375 10.0 64.55 0
155226 17.375 10.0 65.112 0
155256 17.375 10.0 65.487 0
155326 17.437 10.0 65.862 0
155356 17.437 10.0 66.112 0
155426 17.437 10.0 66.3 0
155457 17.437 10.0 66.487 0
155527 17.437 10.0 66.612 0
155557 17.562 10.0 66.737 0
155627 17.562 10.0 66.862 0
155657 17.562 10.0 66.925 0
155728 17.562 10.0 66.987 0
155759 17.562 10.0 67.05 0
155829 17.687 10.0 67.112 0
155859 17.687 10.0 67.175 0
155929 17.687 10.0 67.237 0
160000 17.687 10.0 67.3 0
160030 17.687 10.0 67.3 0
160100 17.75 10.0 67.362 0
160130 17.75 10.0 67.425 0
160201 17.75 10.0 67.425 0
160231 17.75 10.0 67.487 0
160302 17.75 10.0 67.55 0
160332 17.812 10.0 67.55 0
160402 17.812 10.0 67.612 0
160432 17.812 10.0 67.612 0
160502 17.812 10.0 67.612 0
160532 17.812 10.0 67.675 0
160603 17.875 10.0 67.675 0
160633 17.875 10.0 67.675 0
160703 17.875 10.0 67.675 0
160734 17.875 10.0 67.675 0
160804 17.875 10.0 67.675 0
160834 17.937 10.0 67.675 0
160904 17.937 10.0 67.675 0
160934 17.937 10.0 67.675 0
161004 17.937 10.0 67.675 0
161034 17.937 10.0 67.675 0
161104 18.062 10.0 67.675 0
161135 18.062 10.0 67.675 0
161205 18.062 10.0 67.675 0
161236 18.062 10.0 67.675 0
161307 18.062 10.0 67.675 0
161337 18.125 10.0 67.675 0
161407 18.125 10.0 67.675 0
161438 18.125 10.0 67.675 0
161508 18.125 10.0 67.675 0
161538 18.125 10.0 67.675 0
161608 18.062 10.0 67.675 0
161639 18.062 10.0 67.675 0
161709 18.062 10.0 67.612 0
161740 18.062 10.0 67.612 0
161811 18.062 10.0 67.612 0
161841 18.125 10.0 67.612 0
161911 18.125 10.0 67.612 0
161941 18.125 10.0 67.612 0
162012 18.125 10.0 67.612 0
162042 18.125 10.0 67.55 0
162112 18.187 10.0 67.55 0
162142 18.187 10.0 67.55 0
162213 18.187 10.0 67.55 0
162244 18.187 10.0 67.55 0
162314 18.187 10.0 67.55 0
162344 18.25 10.0 67.55 0
162414 18.25 10.0 67.487 0
162444 18.25 10.0 67.487 0
162514 18.25 10.0 67.487 0
162545 18.25 10.0 67.487 0
162615 18.187 10.0 67.487 0
162645 18.187 10.0 67.487 0
162715 18.187 10.0 67.425 0
162746 18.187 10.0 67.425 0
162817 18.187 10.0 67.425 0
162847 18.25 10.0 67.425 0
162917 18.25 10.0 67.362 0
162948 18.25 10.0 67.362 0
163019 18.25 10.0 67.362 0
163049 18.25 10.0 67.362 0
163119 18.25 10.0 67.3 0
163149 18.25 10.0 67.3 0
163219 18.25 10.0 67.3 0
163250 18.25 10.0 67.3 0
163320 18.25 10.0 67.3 0
163350 18.312 10.0 67.237 0
163420 18.312 10.0 67.237 0
163450 18.312 10.0 67.237 0
163520 18.312 10.0 67.237 0
163553 18.375 10.0 67.237 0
163623 18.375 10.0 67.175 0
163653 18.375 10.0 67.175 0
163723 18.375 10.0 67.175 0
163753 18.375 10.0 67.175 0
163824 18.437 10.0 67.112 0
163854 18.437 10.0 67.112 0
163924 18.437 10.0 67.112 0
163954 18.437 10.0 67.112 0
164024 18.437 10.0 67.112 0
164055 18.5 10.0 67.05 0
164125 18.5 10.0 67.05 0
164155 18.5 10.0 67.05 0
164226 18.5 10.0 67.05 0
164256 18.5 10.0 67.05 0
164327 18.5 10.0 66.987 0
164357 18.5 10.0 66.987 0
164427 18.5 10.0 66.987 0
164457 18.5 10.0 66.925 0
164528 18.5 10.0 66.925 0
164558 18.5 10.0 66.925 0
164629 18.5 10.0 66.925 0
164659 18.5 10.0 66.925 0
164730 18.5 10.0 66.862 0
164800 18.5 10.0 66.862 0
164831 18.625 10.0 66.862 0
164901 18.625 10.0 66.8 0
164931 18.625 10.0 66.8 0
165001 18.625 10.0 66.8 0
165031 18.625 10.0 66.8 0
165102 18.625 10.0 66.737 0
165132 18.625 10.0 66.737 0
165202 18.625 10.0 66.737 0
165233 18.625 10.0 66.737 0
165303 18.625 10.0 66.8 0
165333 18.625 10.0 66.862 0
165404 18.625 10.0 66.925 0
165435 18.625 10.0 66.987 0
165505 18.625 10.0 67.05 0
165535 18.625 10.0 67.05 0
165605 18.625 10.0 67.05 0
165635 18.625 10.0 67.05 0
165705 18.625 10.0 67.05 0
165735 18.625 10.0 67.05 0
165806 18.625 10.0 67.05 0
165836 18.562 10.0 66.987 0
165906 18.562 10.0 66.987 0
165937 18.562 10.0 66.987 0
170007 18.562 10.0 66.987 0
170037 18.562 10.0 66.987 0
170107 18.625 10.0 66.925 0
170138 18.625 10.0 66.925 0
170209 18.625 10.0 66.925 0
170239 18.625 10.0 66.925 0
170310 18.625 10.0 66.925 0
170340 18.625 10.0 66.862 0
170410 18.625 10.0 66.862 0
170441 18.625 10.0 66.862 0
170511 18.625 10.0 66.8 0
170541 18.625 10.0 66.8 0
170611 18.687 10.0 66.8 0
170642 18.687 10.0 66.8 0
170713 18.687 10.0 66.737 0
170744 18.687 10.0 66.737 0
170814 18.687 10.0 66.737 0
170844 18.625 10.0 66.737 0
170914 18.625 10.0 66.675 0
170944 18.625 10.0 66.675 0
171014 18.625 10.0 66.675 0
171045 18.625 10.0 66.675 0
171115 18.625 10.0 66.612 0
171145 18.625 10.0 66.612 0
171216 18.625 10.0 66.612 0
171246 18.625 10.0 66.55 0
171317 18.625 10.0 66.55 0
171347 18.687 10.0 66.55 0
171417 18.687 10.0 66.487 0
171447 18.687 10.0 66.487 0
171518 18.687 10.0 66.487 0
171548 18.687 10.0 66.425 0
171618 18.687 10.0 66.425 0
171649 18.687 10.0 66.362 0
171719 18.687 10.0 66.362 0
171750 18.687 10.0 66.362 0
171820 18.687 10.0 66.3 0
171851 18.75 10.0 66.3 0
171921 18.75 10.0 66.3 0
171951 18.75 10.0 66.237 0
172022 18.75 10.0 66.237 0
172052 18.75 10.0 66.237 0
172123 18.812 10.0 66.175 0
172153 18.812 10.0 66.175 0
172223 18.812 10.0 66.175 0
172254 18.812 10.0 66.175 0
172324 18.812 10.0 66.112 0
172355 18.875 10.0 66.112 0
172425 18.875 10.0 66.112 0
172455 18.875 10.0 66.05 0
172525 18.875 10.0 66.05 0
172555 18.875 10.0 66.05 0
172625 18.937 10.0 65.987 0
172656 18.937 10.0 65.987 0
172726 18.937 10.0 65.925 0
172756 18.937 10.0 65.925 0
172826 18.937 10.0 65.925 0
172856 18.875 10.0 65.862 0
172926 18.875 10.0 65.862 0
172956 18.875 10.0 65.862 0
173026 18.875 10.0 65.8 0
173057 18.875 10.0 65.8 0
173127 18.937 10.0 65.8 0
173157 18.937 10.0 65.737 0
173227 18.937 10.0 65.737 0
173257 18.937 10.0 65.675 0
173327 18.937 10.0 65.675 0
173358 19.0 10.0 65.675 0
173428 19.0 10.0 65.675 0
173458 19.0 10.0 65.612 0
173529 19.0 10.0 65.612 0
173559 19.0 10.0 65.55 0
173629 19.0 10.0 65.55 0
173700 19.0 10.0 65.55 0
173730 19.0 10.0 65.487 0
173800 19.0 10.0 65.487 0
173830 19.0 10.0 65.425 0
173900 19.0 10.0 65.425 0
173931 19.0 10.0 65.362 0
174001 19.0 10.0 65.362 0
174031 19.0 10.0 65.3 0
174104 19.0 10.0 65.3 0
174134 19.0 10.0 65.237 0
174204 19.0 10.0 65.237 0
174234 19.0 10.0 65.175 0
174304 19.0 10.0 65.175 0
174335 19.0 10.0 65.175 0
174405 19.0 10.0 65.112 0
174435 19.0 10.0 65.112 0
174505 19.0 10.0 65.05 0
174536 19.0 10.0 65.05 0
174606 18.937 10.0 64.987 0
174636 18.937 10.0 64.987 0
174707 18.937 10.0 64.987 0
174738 18.937 10.0 64.925 0
174808 18.937 10.0 64.925 0
174838 18.937 10.0 64.862 0
174909 18.937 10.0 64.862 0
174939 18.937 10.0 64.862 0
175010 18.937 10.0 64.8 0
175040 18.937 10.0 64.8 0
175110 18.875 10.0 64.737 0
175140 18.875 10.0 64.737 0
175211 18.875 10.0 64.737 0
175241 18.875 10.0 64.675 0
175311 18.875 10.0 64.675 0
175341 18.875 10.0 64.612 0
175411 18.875 10.0 64.675 0
175441 18.875 10.0 64.675 0
175512 18.875 10.0 64.737 0
175542 18.875 10.0 64.737 0
175612 18.812 10.0 64.8 0
175643 18.812 10.0 64.8 0
175713 18.812 10.0 64.8 0
175744 18.812 10.0 64.8 0
175814 18.812 10.0 64.8 0
175844 18.812 10.0 64.737 0
175914 18.812 10.0 64.737 0
175944 18.812 10.0 64.737 0
180014 18.812 10.0 64.737 0
180045 18.812 10.0 64.675 0
180115 18.75 10.0 64.675 0
180145 18.75 10.0 64.675 0
180215 18.75 10.0 64.675 0
180245 18.75 10.0 64.612 0
180316 18.75 10.0 64.612 0
180346 18.75 10.0 64.55 0
180416 18.75 10.0 64.55 0
180446 18.75 10.0 64.487 0
180516 18.75 10.0 64.487 0
180546 18.75 10.0 64.425 0
180617 18.687 10.0 64.425 0
180647 18.687 10.0 64.362 0
180717 18.687 10.0 64.362 0
180748 18.687 10.0 64.3 0
180818 18.687 10.0 64.3 0
180849 18.625 10.0 64.3 0
180919 18.625 10.0 64.237 0
180950 18.625 10.0 64.237 0
181020 18.625 10.0 64.237 0
181050 18.625 10.0 64.175 0
181121 18.562 10.0 64.175 0
181151 18.562 10.0 64.112 0
181222 18.562 10.0 64.112 0
181252 18.562 10.0 64.05 0
181322 18.562 10.0 64.05 0
181352 18.5 10.0 63.987 0
181422 18.5 10.0 63.987 0
181452 18.5 10.0 63.987 0
181523 18.5 10.0 63.925 0
181553 18.5 10.0 63.925 0
181623 18.5 10.0 63.862 0
181654 18.5 10.0 63.862 0
181724 18.5 10.0 63.8 0
181754 18.5 10.0 63.8 0
181824 18.5 10.0 63.737 0
181855 18.437 10.0 63.737 0
181925 18.437 10.0 63.737 0
181956 18.437 10.0 63.675 0
182026 18.437 10.0 63.675 0
182056 18.437 10.0 63.612 0
182126 18.375 10.0 63.612 0
182157 18.375 10.0 63.55 0
182227 18.375 10.0 63.55 0
182258 18.375 10.0 63.55 0
182328 18.375 10.0 63.487 0
182358 18.375 10.0 63.487 0
182428 18.375 10.0 63.425 0
182459 18.375 10.0 63.425 0
182529 18.375 20.0 63.362 0
182600 18.375 21.0 63.3 50
182630 18.375 21.0 63.175 50
182701 18.375 21.0 63.05 50
182731 18.375 21.0 62.862 50
182802 18.375 21.0 62.612 50
182832 18.375 21.0 62.3 50
182902 18.312 21.0 62.05 50
182933 18.312 21.0 61.612 50
183003 18.312 21.0 61.237 50
183034 18.312 21.0 60.737 50
183104 18.312 21.0 60.175 50
183134 18.375 21.0 59.55 0
183205 18.375 21.0 59.05 0
183235 18.375 21.0 58.737 0
183306 18.375 21.0 58.487 0
183338 18.562 21.0 58.362 0
183409 18.562 21.0 58.237 0
183439 18.562 21.0 58.175 0
183510 18.562 21.0 58.112 0
183540 18.562 21.0 58.05 0
183611 18.687 21.0 57.987 0
183642 18.687 21.0 57.925 0
183712 18.687 21.0 57.862 0
183743 18.687 21.0 57.862 0
183813 18.687 21.0 57.8 0
183843 18.75 21.0 57.737 0
183914 18.75 21.0 57.737 0
183944 18.75 21.0 57.675 0
184014 18.75 21.0 57.612 0
184044 18.75 21.0 57.612 0
184115 18.75 21.0 57.55 0
184145 18.75 21.0 57.487 0
184215 18.75 21.0 57.425 0
184246 18.75 21.0 57.425 0
184316 18.75 21.0 57.362 0
184347 18.812 21.0 57.362 0
184417 18.812 21.0 57.425 0
184448 18.812 21.0 57.487 0
184518 18.812 21.0 57.612 0
184548 18.812 21.0 57.737 0
184619 18.812 21.0 57.987 0
184649 18.812 21.0 58.237 0
184720 18.812 21.0 58.612 0
184750 18.812 21.0 58.987 0
184821 18.812 21.0 59.362 0
184851 18.812 21.0 59.737 0
184921 18.812 21.0 60.05 50
184952 18.812 21.0 60.362 50
185022 18.812 21.0 60.55 50
185053 18.812 21.0 60.675 50
185123 18.812 21.0 60.737 50
185153 18.812 21.0 60.612 50
185224 18.812 21.0 60.362 50
185254 18.812 21.0 59.987 0
185324 18.812 21.0 59.612 0
185354 18.875 21.0 59.3 0
185424 18.875 21.0 59.112 0
185454 18.875 21.0 58.987 0
185525 18.875 21.0 58.925 0
185555 18.875 21.0 58.862 0
185625 18.937 21.0 58.8 0
185656 18.937 21.0 58.737 0
185726 18.937 21.0 58.737 0
185757 18.937 21.0 58.675 0
185827 18.937 21.0 58.675 0
185858 19.0 21.0 58.675 0
185928 19.0 21.0 58.612 0
185958 19.0 21.0 58.612 0
190029 19.0 21.0 58.612 0
190100 19.0 21.0 58.55 0
190130 19.0 21.0 58.55 0
190200 19.0 21.0 58.55 0
190230 19.0 21.0 58.487 0
190300 19.0 21.0 58.487 0
190331 19.0 21.0 58.487 0
190401 18.937 21.0 58.425 0
190432 18.937 21.0 58.425 0
190502 18.937 21.0 58.425 0
190532 18.937 21.0 58.425 0
190603 18.937 21.0 58.362 0
190633 18.937 21.0 58.362 0
190703 18.937 21.0 58.362 0
190733 18.937 21.0 58.3 0
190803 18.937 21.0 58.3 0
190834 18.937 21.0 58.3 0
190904 18.937 21.0 58.3 0
190934 18.937 21.0 58.237 0
191004 18.937 21.0 58.237 0
191034 18.937 21.0 58.237 0
191105 18.937 21.0 58.175 0
191135 18.875 21.0 58.112 0
191205 18.875 21.0 58.05 0
191235 18.875 21.0 57.987 0
191305 18.875 21.0 57.987 0
191335 18.875 21.0 57.925 0
191406 18.875 21.0 57.925 0
191436 18.875 21.0 57.862 0
191506 18.875 21.0 57.8 0
191536 18.875 21.0 57.8 0
191606 18.875 21.0 57.8 0
191636 18.75 21.0 57.737 0
191707 18.75 21.0 57.675 0
191737 18.75 21.0 57.675 0
191808 18.75 21.0 57.675 0
191838 18.75 21.0 57.612 0
191908 18.687 21.0 57.612 0
191939 18.687 21.0 57.55 0
192009 18.687 21.0 57.55 0
192039 18.687 21.0 57.487 0
192110 18.687 21.0 57.487 0
192140 18.625 21.0 57.487 0
192210 18.625 21.0 57.425 0
192241 18.625 21.0 57.425 0
192311 18.625 21.0 57.425 0
192341 18.625 21.0 57.362 0
192411 18.625 21.0 57.362 0
192442 18.625 21.0 57.362 0
192512 18.625 21.0 57.3 0
192542 18.625 21.0 57.3 50
192613 18.625 21.0 57.237 50
192643 18.562 21.0 57.237 50
192713 18.562 21.0 57.112 50
192743 18.562 21.0 56.862 50
192813 18.562 21.0 56.612 50
192844 18.562 21.0 56.237 50
192914 18.5 21.0 55.862 50
192944 18.5 21.0 55.612 50
193014 18.5 21.0 55.425 50
193044 18.5 21.0 55.362 50
193114 18.5 21.0 55.487 50
193145 18.5 21.0 55.737 50
193215 18.5 21.0 56.05 50
193245 18.5 21.0 56.362 50
193315 18.5 21.0 56.675 50
193348 18.625 21.0 56.925 50
193418 18.625 21.0 57.175 50
193448 18.625 21.0 57.362 50
193518 18.625 21.0 57.487 50
193548 18.625 21.0 57.487 50
193619 18.687 21.0 57.425 50
193649 18.687 21.0 57.3 50
193719 18.687 21.0 57.237 50
193749 18.687 21.0 57.237 50
193820 18.687 21.0 57.3 50
193850 18.812 21.0 57.612 50
193921 18.812 21.0 58.05 50
193951 18.812 21.0 58.612 50
194021 18.812 21.0 59.175 50
194052 18.812 21.0 59.8 50
194122 18.875 21.0 60.487 50
194152 18.875 21.0 61.175 50
194222 18.875 21.0 61.737 50
194252 18.875 21.0 62.3 50
194322 18.875 21.0 62.675 50
194352 19.0 21.0 62.987 50
194423 19.0 21.0 63.175 50
194453 19.0 21.0 63.362 50
194524 19.0 21.0 63.55 50
194554 19.0 21.0 63.675 50
194625 19.062 21.0 63.737 50
194656 19.062 21.0 63.8 50
194726 19.062 21.0 63.862 50
194756 19.062 21.0 63.862 50
194826 19.062 21.0 63.862 50
194856 19.187 21.0 63.862 50
194926 19.187 21.0 63.8 50
194957 19.187 21.0 63.737 50
195027 19.187 21.0 63.612 50
195057 19.187 21.0 63.425 50
195127 19.25 21.0 63.175 50
195158 19.25 21.0 62.862 50
195228 19.25 21.0 62.487 50
195258 19.25 21.0 61.987 50
195328 19.25 21.0 61.362 50
195358 19.375 21.0 60.612 50
195428 19.375 21.0 59.8 50
195458 19.375 21.0 58.925 50
195529 19.375 21.0 58.175 50
195600 19.375 21.0 57.487 50
195630 19.375 21.0 56.987 50
195700 19.375 21.0 56.55 50
195730 19.375 21.0 56.175 50
195801 19.375 21.0 55.925 50
195831 19.375 21.0 55.737 50
195901 19.5 21.0 55.55 50
195932 19.5 21.0 55.487 50
200002 19.5 21.0 55.487 50
200032 19.5 21.0 55.55 50
200102 19.5 21.0 55.675 50
200133 19.437 21.0 56.05 50
200203 19.437 21.0 56.55 50
200233 19.437 21.0 57.112 50
200303 19.437 21.0 57.737 50
200333 19.437 21.0 58.362 50
200403 19.5 21.0 59.05 50
200434 19.5 21.0 59.737 50
200504 19.5 21.0 60.425 50
200535 19.5 21.0 61.112 50
200605 19.5 21.0 61.862 50
200635 19.5 21.0 62.425 50
200705 19.5 21.0 62.925 50
200735 19.5 21.0 63.3 50
200805 19.5 21.0 63.55 50
200836 19.5 21.0 63.737 50
200906 19.5 21.0 63.925 50
200937 19.5 21.0 64.05 50
201007 19.5 21.0 64.175 50
201038 19.5 21.0 64.3 50
201109 19.5 21.0 64.425 50
201139 19.562 21.0 64.487 50
201209 19.562 21.0 64.487 50
201239 19.562 21.0 64.55 50
201309 19.562 21.0 64.55 50
201340 19.562 21.0 64.55 50
201410 19.562 21.0 64.487 50
201440 19.562 21.0 64.425 50
201510 19.562 21.0 64.362 50
201540 19.562 21.0 64.175 50
201611 19.562 21.0 63.987 50
201641 19.625 21.0 63.737 50
201711 19.625 21.0 63.3 50
201741 19.625 21.0 62.862 50
201811 19.625 21.0 62.3 50
201841 19.625 21.0 61.737 50
201912 19.687 21.0 61.112 50
201942 19.687 21.0 60.55 50
202012 19.687 21.0 59.987 50
202042 19.687 21.0 59.487 50
202112 19.687 21.0 58.987 50
202142 19.75 21.0 58.612 50
202213 19.75 21.0 58.3 50
202243 19.75 21.0 57.987 50
202314 19.75 21.0 57.737 50
202344 19.75 21.0 57.487 50
202415 19.75 21.0 57.3 50
202445 19.75 21.0 57.175 50
202515 19.75 21.0 57.112 50
202545 19.75 21.0 56.987 50
202615 19.75 21.0 56.862 50
202646 19.75 21.0 56.8 50
202716 19.75 21.0 56.8 50
202746 19.75 21.0 56.737 50
202816 19.75 21.0 56.737 50
202846 19.75 21.0 56.737 50
202917 19.75 21.0 56.862 50
202947 19.75 21.0 56.987 50
203017 19.75 21.0 57.3 50
203047 19.75 21.0 57.862 50
203117 19.75 21.0 58.487 50
203147 19.75 21.0 59.175 50
203218 19.75 21.0 59.925 50
203248 19.75 21.0 60.8 50
203319 19.75 21.0 61.612 50
203349 19.75 21.0 62.362 50
203419 19.75 21.0 62.987 50
203450 19.75 21.0 63.425 50
203520 19.75 21.0 63.8 50
203550 19.75 21.0 64.175 50
203620 19.75 21.0 64.425 50
203650 19.75 21.0 64.612 50
203720 19.75 21.0 64.737 50
203750 19.75 21.0 64.862 50
203821 19.75 21.0 64.987 50
203851 19.75 21.0 65.112 50
203921 19.812 21.0 65.175 50
203951 19.812 21.0 65.237 50
204021 19.812 21.0 65.237 50
204052 19.812 21.0 65.3 50
204123 19.812 21.0 65.3 50
204153 19.812 21.0 65.237 50
204224 19.812 21.0 65.175 50
204254 19.812 21.0 65.112 50
204324 19.812 21.0 64.987 50
204354 19.812 21.0 64.8 50
204424 19.812 21.0 64.3 50
204455 19.812 21.0 63.612 50
204525 19.812 21.0 62.737 50
204555 19.812 21.0 61.8 50
204625 19.812 21.0 60.987 50
204655 20.0 21.0 60.237 50
204726 20.0 21.0 59.612 50
204756 20.0 21.0 59.175 50
204826 20.0 21.0 58.737 50
204856 20.0 21.0 58.425 50
204926 20.062 21.0 58.175 50
204956 20.062 21.0 57.925 50
205027 20.062 21.0 57.737 50
205057 20.062 21.0 57.487 50
205128 20.062 21.0 57.362 50
205158 20.062 21.0 57.175 50
205228 20.062 21.0 57.05 50
205258 20.062 21.0 56.862 50
205328 20.062 21.0 56.675 50
205358 20.062 21.0 56.55 50
205429 20.125 21.0 56.487 50
205459 20.125 21.0 56.487 50
205530 20.125 21.0 56.55 50
205600 20.125 21.0 56.862 50
205632 20.125 21.0 57.425 50
205703 20.125 21.0 58.05 50
205734 20.125 21.0 58.925 50
205804 20.125 21.0 59.675 50
205834 20.125 21.0 60.55 50
205904 20.125 21.0 61.425 50
205934 20.125 21.0 62.3 50
210005 20.125 21.0 63.05 50
210035 20.125 21.0 63.612 50
210105 20.125 21.0 64.05 50
210136 20.125 21.0 64.362 50
210206 20.125 21.0 64.612 50
210236 20.125 21.0 64.862 50
210307 20.125 21.0 64.987 50
210337 20.125 21.0 65.112 50
210408 20.125 21.0 65.175 50
210438 20.125 21.0 65.3 50
210508 20.125 21.0 65.362 50
210538 20.125 21.0 65.425 50
210609 20.125 21.0 65.487 50
210639 20.187 21.0 65.487 50
210709 20.187 21.0 65.487 50
210739 20.187 21.0 65.425 50
210809 20.187 21.0 65.237 50
210839 20.187 21.0 64.987 50
210910 20.25 21.0 64.612 50
210940 20.25 21.0 64.112 50
211010 20.25 21.0 63.55 50
211041 20.25 21.0 62.862 50
211111 20.25 21.0 62.175 50
211141 20.25 21.0 61.55 50
211211 20.25 21.0 60.925 50
211241 20.25 21.0 60.3 50
211312 20.25 21.0 59.8 50
211342 20.25 21.0 59.3 50
211412 20.312 21.0 58.925 50
211443 20.312 21.0 58.487 50
211513 20.312 21.0 58.175 50
211543 20.312 21.0 57.862 50
211613 20.312 21.0 57.612 50
211643 20.312 21.0 57.362 50
211713 20.312 21.0 57.175 50
211744 20.312 21.0 56.987 50
211814 20.312 21.0 56.925 50
211844 20.312 21.0 56.862 50
211915 20.375 21.0 56.8 50
211945 20.375 21.0 56.862 50
212016 20.375 21.0 56.987 50
212046 20.375 21.0 57.237 50
212116 20.375 21.0 57.675 50
212147 20.312 21.0 58.3 50
212217 20.312 21.0 59.05 50
212247 20.312 21.0 59.8 50
212318 20.312 21.0 60.675 50
212348 20.312 21.0 61.55 50
212418 20.312 21.0 62.3 50
212449 20.312 21.0 62.987 50
212519 20.312 21.0 63.487 50
212549 20.312 21.0 63.862 50
212619 20.312 21.0 64.175 50
212649 20.312 21.0 64.362 50
212720 20.312 21.0 64.55 50
212751 20.312 21.0 64.675 50
212821 20.312 21.0 64.737 50
212851 20.312 21.0 64.862 50
212921 20.375 21.0 64.925 50
212951 20.375 21.0 64.987 50
213021 20.375 21.0 65.05 50
213052 20.375 21.0 65.05 50
213123 20.375 21.0 65.112 50
213153 20.375 21.0 65.05 50
213223 20.375 21.0 64.987 50
213253 20.375 21.0 64.925 50
213323 20.375 21.0 64.675 50
213354 20.375 21.0 64.3 50
213424 20.375 21.0 63.8 50
213454 20.375 21.0 63.237 50
213524 20.375 21.0 62.612 50
213554 20.375 21.0 61.987 50
213625 20.375 21.0 61.362 50
213655 20.437 21.0 60.8 50
213725 20.437 21.0 60.3 50
213755 20.437 21.0 59.862 50
213826 20.437 21.0 59.425 50
213856 20.437 21.0 59.05 50
213927 20.375 21.0 58.737 50
213958 20.375 21.0 58.425 50
214028 20.375 21.0 58.175 50
214058 20.375 21.0 57.987 50
214128 20.375 21.0 57.8 50
214158 20.312 21.0 57.612 50
214229 20.312 21.0 57.487 50
214259 20.312 21.0 57.362 50
214330 20.312 21.0 57.3 50
214400 20.312 21.0 57.237 50
214431 20.25 21.0 57.237 50
214501 20.25 21.0 57.175 50
214532 20.25 21.0 57.175 50
214602 20.25 21.0 57.175 50
214632 20.25 21.0 57.175 50
214702 20.25 21.0 57.175 50
214733 20.25 21.0 57.175 50
214803 20.25 21.0 57.175 50
214833 20.25 21.0 57.237 50
214903 20.25 21.0 57.237 50
214933 20.187 21.0 57.175 50
215004 20.187 21.0 57.175 50
215035 20.187 21.0 57.175 50
215105 20.187 21.0 57.112 50
215135 20.187 21.0 57.112 50
215206 20.187 21.0 57.05 50
215236 20.187 21.0 56.987 50
215306 20.187 21.0 56.925 50
215336 20.187 21.0 56.862 50
215406 20.187 21.0 56.8 50
215436 20.125 21.0 56.8 50
215507 20.125 21.0 56.862 50
215537 20.125 21.0 56.987 50
215607 20.125 21.0 57.175 50
215638 20.125 21.0 57.55 50
215708 20.125 21.0 58.112 50
215738 20.125 21.0 58.8 50
215808 20.125 21.0 59.55 50
215839 20.125 21.0 60.237 50
215909 20.125 21.0 60.862 50
215939 20.125 21.0 61.55 50
220009 20.125 21.0 62.112 50
220039 20.125 21.0 62.55 50
220110 20.125 21.0 62.862 50
220143 20.062 21.0 63.112 50
220213 20.062 21.0 63.3 50
220244 20.062 21.0 63.487 50
220314 20.062 21.0 63.612 50
220344 20.062 21.0 63.675 50
220414 20.125 21.0 63.8 50
220444 20.125 21.0 63.8 50
220514 20.125 21.0 63.862 50
220545 20.125 21.0 63.862 50
220615 20.125 21.0 63.862 50
220645 20.125 21.0 63.8 50
220715 20.125 21.0 63.675 50
220745 20.125 21.0 63.612 50
220815 20.125 21.0 63.487 50
220845 20.125 21.0 63.3 50
220915 20.125 21.0 63.05 50
220946 20.125 21.0 62.675 50
221017 20.125 21.0 62.3 50
221047 20.125 21.0 61.862 50
221117 20.125 21.0 61.425 50
221148 20.125 21.0 60.987 50
221218 20.125 21.0 60.55 50
221248 20.125 21.0 60.175 50
221318 20.125 21.0 59.8 50
221348 20.125 21.0 59.425 50
221418 20.187 21.0 59.175 50
221448 20.187 21.0 58.862 50
221519 20.187 21.0 58.675 50
221549 20.187 21.0 58.487 50
221619 20.187 21.0 58.3 50
221649 20.187 21.0 58.175 50
221719 20.187 21.0 58.05 50
221749 20.187 21.0 57.925 50
221819 20.187 21.0 57.862 50
221849 20.187 21.0 57.8 50
221920 20.187 21.0 57.675 50
221950 20.187 21.0 57.612 50
222020 20.187 21.0 57.55 50
222050 20.187 21.0 57.487 50
222120 20.187 21.0 57.425 50
222151 20.187 21.0 57.362 50
222221 20.187 21.0 57.3 50
222251 20.187 16.0 57.175 50
222321 20.187 16.0 57.05 0
222352 20.187 16.0 56.987 0
222422 20.125 16.0 56.925 0
222452 20.125 16.0 56.925 0
222522 20.125 16.0 56.925 0
222553 20.125 16.0 56.987 0
222623 20.125 16.0 57.175 0
222653 20.062 16.0 57.487 0
222723 20.062 16.0 57.925 0
222754 20.062 16.0 58.55 0
222825 20.062 16.0 59.362 0
222855 20.062 16.0 60.425 0
222925 20.0 16.0 61.487 0
222955 20.0 16.0 62.487 0
223025 20.0 16.0 63.425 0
223056 20.0 16.0 64.175 0
223126 20.0 16.0 64.8 0
223157 19.937 16.0 65.425 0
223227 19.937 16.0 65.862 0
223258 19.937 16.0 66.237 0
223328 19.937 16.0 66.55 0
223358 19.937 16.0 66.8 0
223429 19.875 16.0 67.05 0
223500 19.875 16.0 67.237 0
223530 19.875 16.0 67.425 0
223600 19.875 16.0 67.675 0
223631 19.875 16.0 67.862 0
223702 19.75 16.0 67.987 0
223732 19.75 16.0 68.175 0
223802 19.75 16.0 68.362 0
223833 19.75 16.0 68.55 0
223903 19.75 16.0 68.675 0
223933 19.687 16.0 68.862 0
224003 19.687 16.0 68.987 0
224033 19.687 16.0 69.175 0
224103 19.687 16.0 69.3 0
224134 19.687 16.0 69.425 0
224204 19.625 16.0 69.487 0
224235 19.625 16.0 69.612 0
224305 19.625 16.0 69.675 0
224336 19.625 16.0 69.737 0
224406 19.625 16.0 69.8 0
224437 19.5 16.0 69.862 0
224507 19.5 16.0 69.925 0
224537 19.5 16.0 69.987 0
224608 19.5 16.0 70.05 50
224638 19.5 16.0 70.05 50
224708 19.437 16.0 70.175 50
224738 19.437 16.0 70.237 50
224808 19.437 16.0 70.3 50
224838 19.437 16.0 70.362 50
224909 19.437 16.0 70.362 50
224939 19.375 16.0 70.362 50
225010 19.375 16.0 70.362 50
225040 19.375 16.0 70.425 50
225110 19.375 16.0 70.425 50
225140 19.375 16.0 70.425 50
225210 19.375 16.0 70.425 50
225240 19.375 16.0 70.425 50
225310 19.375 16.0 70.425 50
225341 19.375 16.0 70.362 50
225411 19.375 16.0 70.3 50
225441 19.375 16.0 70.237 50
225511 19.375 16.0 70.175 50
225541 19.375 16.0 69.925 0
225611 19.375 16.0 69.612 0
225641 19.375 16.0 69.362 0
225712 19.375 16.0 69.175 0
225742 19.375 16.0 69.05 0
225813 19.375 16.0 68.987 0
225843 19.375 16.0 68.862 0
225913 19.375 16.0 68.8 0
225944 19.437 16.0 68.675 0
230014 19.437 10.0 68.612 0
230045 19.437 10.0 68.55 0
230115 19.437 10.0 68.487 0
230145 19.437 10.0 68.425 0
230215 19.5 10.0 68.3 0
230246 19.5 10.0 68.237 0
230317 19.5 10.0 68.175 0
230348 19.5 10.0 68.112 0
230418 19.5 10.0 68.05 0
230448 19.5 10.0 67.862 0
230519 19.5 10.0 67.425 0
230549 19.5 10.0 66.675 0
230620 19.5 10.0 65.737 0
230652 19.437 10.0 64.987 0
230723 19.437 10.0 64.55 0
230753 19.437 10.0 64.237 0
230823 19.437 10.0 63.987 0
230854 19.437 10.0 63.862 0
230924 19.375 10.0 63.737 0
230954 19.375 10.0 63.612 0
231024 19.375 10.0 63.55 0
231055 19.375 10.0 63.487 0
231126 19.375 10.0 63.362 0
231156 19.312 10.0 63.3 0
231226 19.312 10.0 63.237 0
231257 19.312 10.0 63.175 0
231327 19.312 10.0 63.112 0
231358 19.312 10.0 62.987 0
231429 19.312 10.0 62.925 0
231459 19.312 10.0 62.862 0
231529 19.312 10.0 62.8 0
231559 19.312 10.0 62.737 0
231630 19.312 10.0 62.612 0
231700 19.25 10.0 62.55 0
231731 19.25 10.0 62.487 0
231801 19.25 10.0 62.425 0
231832 19.25 10.0 62.3 0
231902 19.25 10.0 62.237 0
231932 19.187 10.0 62.175 0
232002 19.187 10.0 62.112 0
232032 19.187 10.0 61.987 0
232103 19.187 10.0 61.925 0
232133 19.187 10.0 61.862 0
232203 19.125 10.0 61.737 0
232233 19.125 10.0 61.675 0
232304 19.125 10.0 61.55 0
232335 19.125 10.0 61.487 0
232406 19.125 10.0 61.362 0
232436 19.062 10.0 61.237 0
232507 19.062 10.0 61.175 0
232537 19.062 10.0 61.05 0
232608 19.062 10.0 60.925 0
232638 19.062 10.0 60.862 0
232708 19.062 10.0 60.737 0
232739 19.062 10.0 60.425 0
232809 19.062 10.0 59.8 0
232839 19.062 10.0 59.237 0
232909 19.062 10.0 58.8 0
232939 19.0 10.0 58.425 0
233009 19.0 10.0 58.175 0
233040 19.0 10.0 57.987 0
233111 19.0 10.0 57.862 0
233142 19.0 10.0 57.862 0
233212 18.937 10.0 57.925 0
233243 18.937 10.0 58.112 0
233313 18.937 10.0 58.237 0
233344 18.937 10.0 58.425 0
233414 18.937 10.0 58.612 0
233444 18.937 10.0 58.8 0
233514 18.937 10.0 58.925 0
233544 18.937 10.0 59.05 0
233614 18.937 10.0 59.175 0
233645 18.937 10.0 59.3 0
233715 18.875 10.0 59.425 0
233746 18.875 10.0 59.55 0
233816 18.875 10.0 59.612 0
233846 18.875 10.0 59.737 0
233916 18.875 10.0 59.8 0
233946 18.812 10.0 59.925 0
234016 18.812 10.0 59.987 0
234046 18.812 10.0 60.112 0
234116 18.812 10.0 60.175 0
234147 18.812 10.0 60.237 0
234217 18.75 10.0 60.3 0
234247 18.75 10.0 60.362 0
234318 18.75 10.0 60.487 0
234348 18.75 10.0 60.55 0
234418 18.75 10.0 60.612 0
234448 18.75 10.0 60.675 0
234518 18.75 10.0 60.737 0
234549 18.75 10.0 60.8 0
234619 18.75 10.0 60.925 0
234649 18.75 10.0 60.987 0
234719 18.75 10.0 61.05 0
234750 18.75 10.0 61.112 0
234820 18.75 10.0 61.112 0
234850 18.75 10.0 61.175 0
234920 18.75 10.0 61.237 0
234951 18.687 10.0 61.3 0
235021 18.687 10.0 61.3 0
235051 18.687 10.0 61.362 0
235121 18.687 10.0 61.362 0
235151 18.687 10.0 61.425 0
235222 18.625 10.0 61.425 0
235252 18.625 10.0 61.425 0
235323 18.625 10.0 61.487 0
235353 18.625 10.0 61.487 0
235424 18.625 10.0 61.487 0
235454 18.562 10.0 61.55 0
235524 18.562 10.0 61.55 0
235555 18.562 10.0 61.55 0
235625 18.562 10.0 61.612 0
235655 18.562 10.0 61.612 0
235726 18.562 10.0 61.612 0
235756 18.562 10.0 61.612 0
235826 18.562 10.0 61.612 0
235856 18.562 10.0 61.675 0
