235903 20.625 10.0 17.237 0
235933 20.625 10.0 17.237 0
000003 20.625 10.0 17.237 0
000034 20.625 10.0 17.237 0
000104 20.625 10.0 17.237 0
000135 20.625 10.0 17.237 0
000205 20.625 10.0 17.237 0
000235 20.625 10.0 17.237 0
000306 20.625 10.0 17.237 0
000336 20.625 10.0 17.237 0
000407 20.625 10.0 17.237 0
000437 20.625 10.0 17.237 0
000508 20.625 10.0 17.237 0
000539 20.625 10.0 17.237 0
000609 20.625 10.0 17.237 0
000640 20.625 10.0 17.237 0
000710 20.625 10.0 17.237 0
000741 20.625 10.0 17.237 0
000812 20.625 10.0 17.237 0
000842 20.625 10.0 17.237 0
000913 20.625 10.0 17.237 0
000944 20.625 10.0 17.237 0
001014 20.625 10.0 17.237 0
001044 20.625 10.0 17.237 0
001115 20.625 10.0 17.237 0
001145 20.625 10.0 17.237 0
001215 20.625 10.0 17.237 0
001246 20.625 10.0 17.237 0
001316 20.562 10.0 17.237 0
001347 20.562 10.0 17.237 0
001418 20.562 10.0 17.237 0
001448 20.562 10.0 17.237 0
001520 20.562 10.0 17.237 0
001551 20.562 10.0 17.237 0
001621 20.562 10.0 17.237 0
001651 20.562 10.0 17.237 0
001722 20.562 10.0 17.237 0
001753 20.562 10.0 17.237 0
001823 20.562 10.0 17.237 0
001853 20.562 10.0 17.237 0
001923 20.562 10.0 17.237 0
001954 20.562 10.0 17.237 0
002024 20.562 10.0 17.237 0
002054 20.562 10.0 17.237 0
002125 20.562 10.0 17.237 0
002156 20.562 10.0 17.237 0
002226 20.562 10.0 17.237 0
002256 20.562 10.0 17.237 0
002326 20.562 10.0 17.237 0
002357 20.562 10.0 17.237 0
002427 20.562 10.0 17.237 0
002457 20.562 10.0 17.237 0
002528 20.562 10.0 17.237 0
002558 20.562 10.0 17.237 0
002628 20.562 10.0 17.237 0
002659 20.562 10.0 17.237 0
002729 20.562 10.0 17.237 0
002800 20.562 10.0 17.237 0
002830 20.562 10.0 17.237 0
002900 20.562 10.0 17.237 0
002930 20.562 10.0 17.237 0
003001 20.562 10.0 17.237 0
003032 20.562 10.0 17.237 0
003102 20.562 10.0 17.237 0
003133 20.562 10.0 17.237 0
003203 20.562 10.0 17.237 0
003233 20.562 10.0 17.237 0
003304 20.5 10.0 17.237 0
003334 20.5 10.0 17.237 0
003404 20.5 10.0 17.237 0
003435 20.5 10.0 17.237 0
003505 20.5 10.0 17.237 0
003535 20.562 10.0 17.237 0
003606 20.562 10.0 17.237 0
003636 20.562 10.0 17.237 0
003706 20.562 10.0 17.237 0
003736 20.562 10.0 17.237 0
003807 20.5 10.0 17.237 0
003837 20.5 10.0 17.237 0
003907 20.5 10.0 17.237 0
003937 20.5 10.0 17.237 0
004008 20.5 10.0 17.237 0
004038 20.5 10.0 17.237 0
004109 20.5 10.0 17.237 0
004139 20.5 10.0 17.237 0
004209 20.5 10.0 17.237 0
004239 20.5 10.0 17.237 0
004310 20.5 10.0 17.237 0
004340 20.5 10.0 17.237 0
004410 20.5 10.0 17.237 0
004441 20.5 10.0 17.237 0
004511 20.5 10.0 17.237 0
004542 20.5 10.0 17.237 0
004612 20.5 10.0 17.237 0
004643 20.5 10.0 17.237 0
004714 20.5 10.0 17.237 0
004744 20.5 10.0 17.237 0
004814 20.5 10.0 17.237 0
004845 20.5 10.0 17.237 0
004915 20.5 10.0 17.237 0
004945 20.5 10.0 17.237 0
005015 20.5 10.0 17.237 0
005046 20.5 10.0 17.237 0
005116 20.5 10.0 17.237 0
005146 20.5 10.0 17.237 0
005217 20.5 10.0 17.237 0
005247 20.5 10.0 17.237 0
005317 20.5 10.0 17.237 0
005348 20.5 10.0 17.237 0
005418 20.5 10.0 17.237 0
005449 20.5 10.0 17.237 0
005519 20.5 10.0 17.237 0
005549 20.5 10.0 17.237 0
005620 20.5 10.0 17.237 0
005651 20.5 10.0 17.237 0
005721 20.5 10.0 17.237 0
005752 20.5 10.0 17.237 0
005822 20.5 10.0 17.237 0
005852 20.5 10.0 17.237 0
005922 20.5 10.0 17.237 0
005953 20.5 10.0 17.237 0
010024 20.5 10.0 17.237 0
010054 20.5 10.0 17.237 0
010125 20.5 10.0 17.237 0
010155 20.5 10.0 17.237 0
010226 20.5 10.0 17.237 0
010257 20.437 10.0 17.237 0
010328 20.437 10.0 17.237 0
010358 20.437 10.0 17.237 0
010428 20.437 10.0 17.237 0
010459 20.437 10.0 17.237 0
010529 20.437 10.0 17.237 0
010600 20.437 10.0 17.237 0
010631 20.437 10.0 17.237 0
010701 20.437 10.0 17.237 0
010731 20.437 10.0 17.237 0
010801 20.437 10.0 17.237 0
010832 20.437 10.0 17.237 0
010903 20.437 10.0 17.237 0
010933 20.437 10.0 17.237 0
011004 20.437 10.0 17.237 0
011035 20.437 10.0 17.237 0
011105 20.437 10.0 17.237 0
011135 20.437 10.0 17.237 0
011206 20.437 10.0 17.237 0
011237 20.437 10.0 17.237 0
011307 20.437 10.0 17.237 0
011337 20.437 10.0 17.237 0
011408 20.437 10.0 17.237 0
011438 20.437 10.0 17.237 0
011508 20.437 10.0 17.237 0
011538 20.437 10.0 17.237 0
011608 20.437 10.0 17.237 0
011639 20.437 10.0 17.237 0
011709 20.437 10.0 17.237 0
011740 20.437 10.0 17.237 0
011810 20.437 10.0 17.237 0
011840 20.437 10.0 17.237 0
011911 20.437 10.0 17.237 0
011941 20.437 10.0 17.237 0
012012 20.437 10.0 17.237 0
012042 20.437 10.0 17.237 0
012113 20.437 10.0 17.237 0
012143 20.437 10.0 17.237 0
012213 20.437 10.0 17.237 0
012244 20.437 10.0 17.237 0
012314 20.437 10.0 17.237 0
012344 20.437 10.0 17.237 0
012414 20.437 10.0 17.237 0
012444 20.437 10.0 17.237 0
012515 20.437 10.0 17.237 0
012545 20.437 10.0 17.237 0
012615 20.437 10.0 17.237 0
012646 20.437 10.0 17.237 0
012717 20.437 10.0 17.237 0
012748 20.437 10.0 17.237 0
012818 20.437 10.0 17.237 0
012849 20.437 10.0 17.237 0
012919 20.437 10.0 17.237 0
012949 20.437 10.0 17.237 0
013019 20.437 10.0 17.237 0
013050 20.437 10.0 17.237 0
013121 20.437 10.0 17.237 0
013151 20.437 10.0 17.237 0
013222 20.437 10.0 17.237 0
013252 20.437 10.0 17.237 0
013323 20.437 10.0 17.237 0
013353 20.437 10.0 17.237 0
013424 20.437 10.0 17.237 0
013454 20.437 10.0 17.237 0
013525 20.437 10.0 17.237 0
013555 20.375 10.0 17.237 0
013625 20.375 10.0 17.237 0
013656 20.375 10.0 17.237 0
013727 20.375 10.0 17.237 0
013757 20.375 10.0 17.237 0
013828 20.437 10.0 17.237 0
013858 20.437 10.0 17.237 0
013928 20.437 10.0 17.237 0
013959 20.437 10.0 17.237 0
014029 20.437 10.0 17.237 0
014059 20.437 10.0 17.237 0
014129 20.437 10.0 17.237 0
014200 20.437 10.0 17.237 0
014230 20.437 10.0 17.237 0
014303 20.437 10.0 17.237 0
014333 20.437 10.0 17.237 0
014404 20.437 10.0 17.237 0
014434 20.437 10.0 17.237 0
014504 20.437 10.0 17.237 0
014535 20.375 10.0 17.237 0
014605 20.375 10.0 17.237 0
014636 20.375 10.0 17.237 0
014706 20.375 10.0 17.175 0
014736 20.375 10.0 17.237 0
014807 20.375 10.0 17.237 0
014837 20.375 10.0 17.237 0
014908 20.375 10.0 17.237 0
014938 20.375 10.0 17.237 0
015009 20.375 10.0 17.237 0
015039 20.375 10.0 17.237 0
015109 20.375 10.0 17.237 0
015140 20.375 10.0 17.237 0
015210 20.375 10.0 17.237 0
015240 20.375 10.0 17.237 0
015311 20.375 10.0 17.237 0
015341 20.375 10.0 17.237 0
015412 20.375 10.0 17.237 0
015443 20.375 10.0 17.237 0
015513 20.375 10.0 17.237 0
015543 20.375 10.0 17.237 0
015613 20.375 10.0 17.237 0
015643 20.375 10.0 17.237 0
015714 20.375 10.0 17.237 0
015745 20.375 10.0 17.237 0
015815 20.437 10.0 17.237 0
015846 20.437 10.0 17.237 0
015917 20.437 10.0 17.237 0
015947 20.437 10.0 17.237 0
020018 20.437 10.0 17.237 0
020048 20.375 10.0 17.237 0
020118 20.375 10.0 17.237 0
020149 20.375 10.0 17.237 0
020219 20.375 10.0 17.237 0
020250 20.375 10.0 17.237 0
020320 20.375 10.0 17.237 0
020350 20.375 10.0 17.237 0
020420 20.375 10.0 17.237 0
020450 20.375 10.0 17.237 0
020521 20.375 10.0 17.237 0
020551 20.375 10.0 17.237 0
020621 20.375 10.0 17.237 0
020652 20.375 10.0 17.237 0
020722 20.375 10.0 17.237 0
020752 20.375 10.0 17.237 0
020823 20.375 10.0 17.237 0
020853 20.375 10.0 17.237 0
020923 20.375 10.0 17.237 0
020954 20.375 10.0 17.237 0
021024 20.375 10.0 17.237 0
021055 20.375 10.0 17.237 0
021125 20.375 10.0 17.237 0
021155 20.375 10.0 17.237 0
021226 20.375 10.0 17.237 0
021256 20.375 10.0 17.237 0
021326 20.375 10.0 17.237 0
021356 20.375 10.0 17.237 0
021427 20.375 10.0 17.237 0
021457 20.375 10.0 17.237 0
021528 20.375 10.0 17.237 0
021558 20.375 10.0 17.237 0
021628 20.375 10.0 17.237 0
021658 20.375 10.0 17.237 0
021728 20.375 10.0 17.237 0
021758 20.375 10.0 17.237 0
021829 20.375 10.0 17.237 0
021859 20.375 10.0 17.237 0
021929 20.375 10.0 17.237 0
022000 20.375 10.0 17.237 0
022030 20.375 10.0 17.237 0
022100 20.375 10.0 17.237 0
022131 20.375 10.0 17.237 0
022201 20.375 10.0 17.237 0
022232 20.375 10.0 17.237 0
022303 20.375 10.0 17.237 0
022333 20.375 10.0 17.237 0
022404 20.375 10.0 17.237 0
022434 20.375 10.0 17.237 0
022504 20.375 10.0 17.237 0
022535 20.375 10.0 17.237 0
022605 20.375 10.0 17.237 0
022636 20.375 10.0 17.237 0
022706 20.375 10.0 17.237 0
022736 20.375 10.0 17.237 0
022806 20.375 10.0 17.237 0
022837 20.375 10.0 17.237 0
022907 20.375 10.0 17.237 0
022937 20.375 10.0 17.237 0
023008 20.375 10.0 17.237 0
023040 20.375 10.0 17.237 0
023110 20.375 10.0 17.237 0
023140 20.375 10.0 17.237 0
023211 20.375 10.0 17.237 0
023242 20.375 10.0 17.237 0
023312 20.375 10.0 17.237 0
023342 20.375 10.0 17.237 0
023413 20.375 10.0 17.237 0
023444 20.375 10.0 17.237 0
023514 20.375 10.0 17.237 0
023545 20.375 10.0 17.237 0
023615 20.375 10.0 17.237 0
023645 20.375 10.0 17.237 0
023715 20.375 10.0 17.237 0
023746 20.375 10.0 17.237 0
023816 20.375 10.0 17.237 0
023847 20.375 10.0 17.237 0
023917 20.375 10.0 17.237 0
023948 20.375 10.0 17.237 0
024018 20.375 10.0 17.237 0
024049 20.375 10.0 17.237 0
024119 20.375 10.0 17.237 0
024150 20.375 10.0 17.237 0
024221 20.375 10.0 17.237 0
024251 20.375 10.0 17.237 0
024321 20.375 10.0 17.237 0
024351 20.375 10.0 17.237 0
024422 20.375 10.0 17.237 0
024452 20.375 10.0 17.237 0
024523 20.375 10.0 17.237 0
024553 20.375 10.0 17.237 0
024623 20.375 10.0 17.237 0
024653 20.375 10.0 17.237 0
024724 20.375 10.0 17.237 0
024754 20.375 10.0 17.237 0
024825 20.375 10.0 17.237 0
024855 20.375 10.0 17.237 0
024925 20.375 10.0 17.237 0
024956 20.375 10.0 17.237 0
025026 20.375 10.0 17.237 0
025056 20.312 10.0 17.237 0
025127 20.312 10.0 17.237 0
025157 20.312 10.0 17.237 0
025228 20.312 10.0 17.237 0
025258 20.312 10.0 17.237 0
025329 20.312 10.0 17.237 0
025359 20.312 10.0 17.237 0
025430 20.312 10.0 17.237 0
025501 20.312 10.0 17.237 0
025531 20.312 10.0 17.237 0
025601 20.312 10.0 17.237 0
025632 20.312 10.0 17.237 0
025702 20.312 10.0 17.237 0
025733 20.312 10.0 17.237 0
025803 20.312 10.0 17.237 0
025833 20.375 10.0 17.237 0
025904 20.375 10.0 17.237 0
025934 20.375 10.0 17.237 0
030004 20.375 10.0 17.237 0
030035 20.375 10.0 17.237 0
030105 20.312 10.0 17.237 0
030136 20.312 10.0 17.237 0
030206 20.312 10.0 17.237 0
030236 20.312 10.0 17.237 0
030307 20.312 10.0 17.237 0
030337 20.375 10.0 17.237 0
030408 20.375 10.0 17.237 0
030438 20.375 10.0 17.237 0
030508 20.375 10.0 17.237 0
030539 20.375 10.0 17.237 0
030609 20.375 10.0 17.237 0
030639 20.375 10.0 17.237 0
030709 20.375 10.0 17.237 0
030740 20.375 10.0 17.237 0
030811 20.375 10.0 17.237 0
030841 20.312 10.0 17.237 0
030911 20.312 10.0 17.237 0
030942 20.312 10.0 17.237 0
031012 20.312 10.0 17.175 0
031042 20.312 10.0 17.237 0
031112 20.312 10.0 17.237 0
031142 20.312 10.0 17.237 0
031213 20.312 10.0 17.237 0
031243 20.312 10.0 17.237 0
031316 20.312 10.0 17.237 0
031346 20.312 10.0 17.237 0
031417 20.312 10.0 17.237 0
031447 20.312 10.0 17.237 0
031518 20.312 10.0 17.237 0
031548 20.312 10.0 17.237 0
031619 20.312 10.0 17.237 0
031650 20.312 10.0 17.237 0
031720 20.312 10.0 17.237 0
031751 20.312 10.0 17.237 0
031821 20.312 10.0 17.237 0
031851 20.312 10.0 17.237 0
031922 20.312 10.0 17.237 0
031952 20.312 10.0 17.237 0
032023 20.312 10.0 17.237 0
032053 20.312 10.0 17.237 0
032124 20.312 10.0 17.237 0
032154 20.312 10.0 17.237 0
032225 20.312 10.0 17.237 0
032255 20.312 10.0 17.237 0
032325 20.312 10.0 17.237 0
032356 20.312 10.0 17.237 0
032426 20.312 10.0 17.237 0
032456 20.312 10.0 17.237 0
032527 20.312 10.0 17.237 0
032558 20.312 10.0 17.237 0
032629 20.312 10.0 17.237 0
032659 20.312 10.0 17.237 0
032730 20.312 10.0 17.237 0
032800 20.312 10.0 17.237 0
032831 20.312 10.0 17.237 0
032901 20.312 10.0 17.237 0
032932 20.312 10.0 17.237 0
033002 20.312 10.0 17.237 0
033033 20.312 10.0 17.237 0
033103 20.312 10.0 17.237 0
033134 20.312 10.0 17.237 0
033204 20.312 10.0 17.237 0
033235 20.312 10.0 17.175 0
033306 20.312 10.0 17.237 0
033336 20.312 10.0 17.237 0
033406 20.312 10.0 17.237 0
033436 20.312 10.0 17.237 0
033506 20.312 10.0 17.237 0
033537 20.312 10.0 17.237 0
033607 20.25 10.0 17.237 0
033638 20.25 10.0 17.237 0
033708 20.25 10.0 17.237 0
033738 20.25 10.0 17.237 0
033809 20.25 10.0 17.237 0
033839 20.25 10.0 17.237 0
033910 20.25 10.0 17.237 0
033941 20.25 10.0 17.237 0
034012 20.25 10.0 17.237 0
034042 20.25 10.0 17.237 0
034113 20.312 10.0 17.237 0
034144 20.312 10.0 17.237 0
034214 20.312 10.0 17.237 0
034245 20.312 10.0 17.237 0
034315 20.312 10.0 17.237 0
034345 20.25 10.0 17.237 0
034415 20.25 10.0 17.237 0
034446 20.25 10.0 17.237 0
034516 20.25 10.0 17.237 0
034546 20.25 10.0 17.237 0
034616 20.312 10.0 17.237 0
034647 20.312 10.0 17.237 0
034717 20.312 10.0 17.237 0
034748 20.312 10.0 17.237 0
034818 20.312 10.0 17.237 0
034849 20.25 10.0 17.237 0
034919 20.25 10.0 17.237 0
034950 20.25 10.0 17.237 0
035020 20.25 10.0 17.237 0
035053 20.25 10.0 17.237 0
035123 20.25 10.0 17.237 0
035153 20.25 10.0 17.237 0
035223 20.25 10.0 17.237 0
035254 20.25 10.0 17.237 0
035324 20.25 10.0 17.237 0
035354 20.25 10.0 17.237 0
035425 20.25 10.0 17.237 0
035455 20.25 10.0 17.237 0
035525 20.25 10.0 17.237 0
035555 20.25 10.0 17.237 0
035626 20.25 10.0 17.237 0
035656 20.25 10.0 17.237 0
035727 20.25 10.0 17.237 0
035757 20.25 10.0 17.237 0
035827 20.25 10.0 17.237 0
035857 20.25 10.0 17.237 0
035928 20.25 10.0 17.237 0
035958 20.25 10.0 17.237 0
040028 20.25 10.0 17.237 0
040058 20.25 10.0 17.237 0
040129 20.25 10.0 17.237 0
040200 20.25 10.0 17.237 0
040230 20.25 10.0 17.237 0
040301 20.25 10.0 17.237 0
040331 20.25 10.0 17.237 0
040401 20.25 10.0 17.237 0
040432 20.25 10.0 17.237 0
040502 20.25 10.0 17.237 0
040532 20.25 10.0 17.237 0
040603 20.25 10.0 17.237 0
040633 20.25 10.0 17.237 0
040703 20.25 10.0 17.237 0
040733 20.25 10.0 17.237 0
040803 20.25 10.0 17.237 0
040834 20.25 10.0 17.237 0
040904 20.25 10.0 17.237 0
040935 20.25 10.0 17.237 0
041005 20.25 10.0 17.237 0
041035 20.25 10.0 17.237 0
041106 20.25 10.0 17.237 0
041136 20.25 10.0 17.237 0
041206 20.25 10.0 17.237 0
041237 20.25 10.0 17.237 0
041307 20.25 10.0 17.175 0
041338 20.25 10.0 17.237 0
041408 20.25 10.0 17.237 0
041438 20.25 10.0 17.237 0
041508 20.25 10.0 17.175 0
041539 20.25 10.0 17.237 0
041609 20.25 10.0 17.237 0
041639 20.25 10.0 17.237 0
041710 20.25 10.0 17.237 0
041740 20.25 10.0 17.175 0
041811 20.25 10.0 17.237 0
041841 20.25 10.0 17.237 0
041911 20.25 10.0 17.237 0
041942 20.25 10.0 17.237 0
042012 20.25 10.0 17.237 0
042042 20.25 10.0 17.237 0
042113 20.25 10.0 17.237 0
042143 20.25 10.0 17.237 0
042214 20.25 10.0 17.237 0
042244 20.25 10.0 17.237 0
042314 20.25 10.0 17.237 0
042344 20.25 10.0 17.237 0
042415 20.25 10.0 17.237 0
042445 20.25 10.0 17.237 0
042515 20.25 10.0 17.237 0
042545 20.25 10.0 17.237 0
042616 20.25 10.0 17.237 0
042646 20.25 10.0 17.237 0
042717 20.25 10.0 17.237 0
042747 20.25 10.0 17.237 0
042817 20.25 10.0 17.237 0
042847 20.187 10.0 17.237 0
042918 20.187 10.0 17.237 0
042948 20.187 10.0 17.237 0
043019 20.187 10.0 17.237 0
043049 20.187 10.0 17.237 0
043119 20.187 10.0 17.237 0
043150 20.187 10.0 17.237 0
043221 20.187 10.0 17.237 0
043251 20.187 10.0 17.237 0
043321 20.187 10.0 17.175 0
043352 20.25 10.0 17.237 0
043422 20.25 10.0 17.237 0
043452 20.25 10.0 17.237 0
043522 20.25 10.0 17.237 0
043553 20.25 10.0 17.237 0
043623 20.187 10.0 17.237 0
043653 20.187 10.0 17.237 0
043723 20.187 10.0 17.237 0
043753 20.187 10.0 17.237 0
043824 20.187 10.0 17.175 0
043854 20.187 10.0 17.175 0
043925 20.187 10.0 17.237 0
043955 20.187 10.0 17.237 0
044026 20.187 10.0 17.237 0
044056 20.187 10.0 17.237 0
044126 20.187 10.0 17.237 0
044156 20.187 10.0 17.237 0
044227 20.187 10.0 17.237 0
044257 20.187 10.0 17.175 0
044329 20.187 10.0 17.237 0
044400 20.187 10.0 17.237 0
044430 20.187 10.0 17.237 0
044500 20.187 10.0 17.175 0
044531 20.187 10.0 17.237 0
044601 20.187 10.0 17.237 0
044631 20.187 10.0 17.237 0
044702 20.187 10.0 17.237 0
044732 20.187 10.0 17.175 0
044803 20.187 10.0 17.237 0
044834 20.187 10.0 17.237 0
044904 20.187 10.0 17.175 0
044935 20.187 10.0 17.237 0
045005 20.187 10.0 17.237 0
045036 20.187 10.0 17.237 0
045106 20.187 10.0 17.175 0
045137 20.187 10.0 17.237 0
045207 20.187 10.0 17.237 0
045237 20.187 10.0 17.237 0
045308 20.187 10.0 17.237 0
045338 20.187 10.0 17.237 0
045408 20.187 10.0 17.237 0
045439 20.187 10.0 17.237 0
045509 20.187 10.0 17.237 0
045539 20.187 10.0 17.237 0
045610 20.187 10.0 17.237 0
045640 20.187 10.0 17.175 0
045711 20.187 10.0 17.237 0
045741 20.187 10.0 17.237 0
045812 20.187 10.0 17.175 0
045842 20.125 10.0 17.237 0
045912 20.125 10.0 17.237 0
045942 20.125 10.0 17.237 0
050013 20.125 10.0 17.237 0
050043 20.125 10.0 17.237 0
050113 20.187 10.0 17.237 0
050143 20.187 10.0 17.237 0
050213 20.187 10.0 17.237 0
050244 20.187 10.0 17.237 0
050314 20.187 10.0 17.175 0
050344 20.187 10.0 17.237 0
050414 20.187 10.0 17.175 0
050445 20.187 10.0 17.237 0
050515 20.187 10.0 17.237 0
050546 20.187 10.0 17.237 0
050616 20.125 10.0 17.175 0
050647 20.125 10.0 17.237 0
050717 20.125 10.0 17.237 0
050747 20.125 10.0 17.237 0
050818 20.125 10.0 17.237 0
050848 20.187 10.0 17.237 0
050918 20.187 10.0 17.237 0
050948 20.187 10.0 17.237 0
051018 20.187 10.0 17.175 0
051049 20.187 10.0 17.237 0
051119 20.125 10.0 17.237 0
051149 20.125 10.0 17.237 0
051219 20.125 10.0 17.175 0
051249 20.125 10.0 17.237 0
051319 20.125 10.0 17.175 0
051350 20.125 10.0 17.237 0
051420 20.125 10.0 17.237 0
051451 20.125 10.0 17.175 0
051521 20.125 10.0 17.237 0
051551 20.125 10.0 17.237 0
051621 20.125 10.0 17.237 0
051651 20.125 10.0 17.237 0
051721 20.125 10.0 17.237 0
051752 20.125 10.0 17.237 0
051823 20.125 10.0 17.237 0
051853 20.125 10.0 17.237 0
051923 20.125 10.0 17.237 0
051954 20.125 10.0 17.237 0
052025 20.125 10.0 17.237 0
052055 20.125 10.0 17.237 0
052126 20.125 10.0 17.237 0
052156 20.125 10.0 17.175 0
052226 20.125 10.0 17.237 0
052257 20.125 10.0 17.237 0
052327 20.125 10.0 17.237 0
052357 20.125 10.0 17.175 0
052427 20.125 10.0 17.237 0
052457 20.125 10.0 17.175 0
052528 20.125 10.0 17.237 0
052558 20.125 10.0 17.237 0
052628 20.125 10.0 17.175 0
052658 20.125 10.0 17.175 0
052729 20.125 10.0 17.237 0
052800 20.125 10.0 17.237 0
052831 20.125 10.0 17.175 0
052901 20.125 10.0 17.237 0
052931 20.125 10.0 17.237 0
053002 20.125 10.0 17.175 0
053032 20.125 10.0 17.175 0
053102 20.125 10.0 17.237 0
053133 20.125 10.0 17.237 0
053203 20.125 10.0 17.175 0
053234 20.125 10.0 17.237 0
053305 20.125 10.0 17.237 0
053338 20.125 10.0 17.175 0
053408 20.125 10.0 17.237 0
053439 20.125 10.0 17.237 0
053509 20.125 10.0 17.237 0
053540 20.125 10.0 17.175 0
053611 20.062 10.0 17.237 0
053641 20.062 10.0 17.175 0
053711 20.062 10.0 17.237 0
053742 20.062 10.0 17.175 0
053812 20.062 10.0 17.237 0
053843 20.125 10.0 17.175 0
053913 20.125 10.0 17.237 0
053943 20.125 10.0 17.175 0
054014 20.125 10.0 17.175 0
054044 20.125 10.0 17.237 0
054114 20.062 10.0 17.175 0
054144 20.062 10.0 17.237 0
054214 20.062 10.0 17.237 0
054245 20.062 10.0 17.175 0
054316 20.062 10.0 17.237 0
054346 20.062 10.0 17.175 0
054416 20.062 10.0 17.237 0
054447 20.062 10.0 17.237 0
054517 20.062 10.0 17.175 0
054547 20.062 10.0 17.237 0
054618 20.062 10.0 17.237 0
054648 20.062 10.0 17.175 0
054718 20.062 10.0 17.237 0
054748 20.062 10.0 17.237 0
054818 20.062 10.0 17.175 0
054849 20.062 10.0 17.175 0
054919 20.062 10.0 17.175 0
054950 20.062 10.0 17.175 0
055020 20.062 10.0 17.237 0
055050 20.062 10.0 17.237 0
055121 20.062 10.0 17.237 0
055151 20.062 10.0 17.237 0
055222 20.062 10.0 17.175 0
055252 20.062 10.0 17.237 0
055322 20.062 10.0 17.175 0
055352 20.062 10.0 17.175 0
055422 20.062 10.0 17.175 0
055453 20.062 10.0 17.237 0
055523 20.062 10.0 17.175 0
055554 20.062 10.0 17.237 0
055624 20.062 10.0 17.175 0
055655 20.062 10.0 17.175 0
055725 20.062 10.0 17.175 0
055755 20.062 10.0 17.175 0
055826 20.062 10.0 17.175 0
055856 20.062 10.0 17.175 0
055926 20.062 10.0 17.175 0
055957 20.062 10.0 17.175 0
060027 20.062 10.0 17.175 0
060057 20.062 10.0 17.175 0
060127 20.062 10.0 17.237 0
060158 20.062 10.0 17.175 0
060228 20.062 10.0 17.237 0
060258 20.062 10.0 17.237 0
060328 20.062 10.0 17.237 0
060358 20.062 10.0 17.237 0
060429 20.062 10.0 17.175 0
060459 20.062 10.0 17.237 0
060529 20.062 10.0 17.237 0
060559 20.062 10.0 17.175 0
060629 20.062 10.0 17.175 0
060700 20.062 10.0 17.175 0
060730 20.062 10.0 17.175 0
060800 20.062 10.0 17.237 0
060831 20.062 10.0 17.175 0
060901 20.0 10.0 17.175 0
060932 20.0 10.0 17.175 0
061002 20.0 10.0 17.175 0
061033 20.0 10.0 17.175 0
061104 20.0 10.0 17.175 0
061134 20.062 10.0 17.175 0
061205 20.062 10.0 17.237 0
061235 20.062 10.0 17.237 0
061305 20.062 10.0 17.237 0
061335 20.062 10.0 17.237 0
061405 20.062 10.0 17.237 0
061435 20.062 10.0 17.237 0
061506 20.062 10.0 17.175 0
061537 20.062 10.0 17.237 0
061607 20.062 10.0 17.175 0
061637 20.062 10.0 17.175 0
061708 20.062 10.0 17.175 0
061738 20.062 10.0 17.175 0
061809 20.062 10.0 17.175 0
061841 20.0 10.0 17.175 0
061912 20.0 10.0 17.175 0
061943 20.0 10.0 17.175 0
062013 20.0 10.0 17.237 0
062043 20.0 10.0 17.237 0
062114 20.062 10.0 17.175 0
062144 20.062 10.0 17.175 0
062214 20.062 10.0 17.237 0
062244 20.062 10.0 17.237 0
062315 20.062 10.0 17.175 0
062345 20.0 10.0 17.175 0
062415 20.0 10.0 17.237 0
062446 20.0 10.0 17.175 0
062516 20.0 10.0 17.175 0
062546 20.0 10.0 17.175 0
062616 20.0 10.0 17.175 0
062646 20.0 10.0 17.175 0
062717 20.0 10.0 17.237 0
062747 20.0 10.0 17.175 0
062817 20.0 10.0 17.237 0
062847 20.0 10.0 17.175 0
062918 20.0 10.0 17.237 0
062949 20.0 10.0 17.175 0
063020 20.0 10.0 17.175 0
063050 20.0 10.0 17.175 0
063121 20.0 10.0 17.237 0
063151 20.0 10.0 17.175 0
063221 20.0 10.0 17.175 0
063252 20.0 10.0 17.175 0
063322 20.0 10.0 17.175 0
063353 20.0 10.0 17.237 0
063423 20.0 10.0 17.237 0
063453 20.0 10.0 17.237 0
063524 20.0 10.0 17.175 0
063555 20.0 10.0 17.175 0
063625 20.0 10.0 17.175 0
063656 20.0 10.0 17.175 0
063726 20.0 10.0 17.175 0
063756 20.0 10.0 17.175 0
063827 20.0 10.0 17.175 0
063857 20.0 10.0 17.175 0
063927 20.0 10.0 17.175 0
063958 20.0 10.0 17.175 0
064028 20.0 10.0 17.175 0
064059 20.0 10.0 17.175 0
064129 20.0 10.0 17.175 0
064159 20.0 10.0 17.237 0
064230 20.0 10.0 17.175 0
064300 20.0 10.0 17.175 0
064330 20.0 10.0 17.175 0
064400 20.0 10.0 17.175 0
064431 20.0 10.0 17.175 0
064502 20.0 10.0 17.175 0
064532 20.0 10.0 17.175 0
064602 20.0 10.0 17.175 0
064633 20.0 10.0 17.237 0
064703 20.0 10.0 17.175 0
064734 20.0 10.0 17.175 0
064804 20.0 10.0 17.175 0
064834 20.0 10.0 17.175 0
064904 20.0 10.0 17.175 0
064934 20.0 10.0 17.175 0
065005 20.0 10.0 17.175 0
065035 20.0 10.0 17.175 0
065105 20.0 10.0 17.175 0
065135 20.0 10.0 17.175 0
065205 20.0 10.0 17.237 0
065236 20.0 10.0 17.175 0
065306 20.0 10.0 17.175 0
065337 20.0 10.0 17.175 0
065407 20.0 10.0 17.175 0
065437 20.0 10.0 17.175 0
065507 20.0 10.0 17.175 0
065538 20.0 10.0 17.175 0
065609 20.0 10.0 17.175 0
065640 20.0 10.0 17.175 0
065710 20.0 10.0 17.175 0
065741 20.0 10.0 17.175 0
065812 20.0 10.0 17.237 0
065842 20.0 10.0 17.237 0
065913 20.0 10.0 17.175 0
065944 20.0 10.0 17.175 0
070014 20.0 10.0 17.175 0
070045 20.0 10.0 17.175 0
070117 20.0 10.0 17.175 0
070148 20.0 10.0 17.175 0
070219 20.0 10.0 17.175 0
070249 20.0 10.0 17.175 0
070319 20.0 10.0 17.175 0
070349 20.062 10.0 17.175 0
070420 20.062 10.0 17.175 0
070450 20.062 10.0 17.175 0
070521 20.062 10.0 17.237 0
070551 20.062 10.0 17.175 0
070622 20.0 10.0 17.175 0
070652 20.0 10.0 17.175 0
070722 20.0 10.0 17.175 0
070753 20.0 10.0 17.175 0
070824 20.0 10.0 17.237 0
070854 20.0 10.0 17.175 0
070924 20.0 10.0 17.175 0
070954 20.0 10.0 17.175 0
071025 20.0 10.0 17.175 0
071056 20.0 10.0 17.175 0
071126 20.0 10.0 17.175 0
071157 20.0 10.0 17.175 0
071227 20.0 10.0 17.175 0
071258 20.0 10.0 17.175 0
071328 20.0 10.0 17.175 0
071358 20.0 10.0 17.175 0
071429 20.0 10.0 17.175 0
071459 20.0 10.0 17.175 0
071529 20.0 10.0 17.175 0
071600 20.0 10.0 17.175 0
071631 19.937 10.0 17.175 0
071701 19.937 10.0 17.175 0
071732 19.937 10.0 17.175 0
071802 19.937 10.0 17.175 0
071832 19.937 10.0 17.175 0
071902 19.937 10.0 17.175 0
071933 19.937 10.0 17.175 0
072003 19.937 10.0 17.175 0
072034 19.937 10.0 17.175 0
072104 19.937 10.0 17.175 0
072134 19.937 10.0 17.175 0
072205 19.937 10.0 17.175 0
072235 19.937 10.0 17.175 0
072306 19.937 10.0 17.175 0
072336 19.937 10.0 17.175 0
072406 19.937 10.0 17.175 0
072436 19.937 10.0 17.175 0
072507 19.937 10.0 17.175 0
072537 19.937 10.0 17.175 0
072607 19.937 10.0 17.175 0
072637 19.937 10.0 17.175 0
072708 19.937 10.0 17.175 0
072738 19.937 10.0 17.175 0
072809 19.937 10.0 17.175 0
072839 19.937 10.0 17.175 0
072910 20.0 10.0 17.175 0
072941 20.0 10.0 17.175 0
073011 20.0 10.0 17.175 0
073041 20.0 10.0 17.175 0
073112 20.0 10.0 17.175 0
073142 20.0 10.0 17.175 0
073212 20.0 10.0 17.175 0
073242 20.0 10.0 17.175 0
073313 20.0 10.0 17.175 0
073343 20.0 10.0 17.175 0
073413 19.937 10.0 17.175 0
073444 19.937 10.0 17.175 0
073514 19.937 10.0 17.175 0
073545 19.937 10.0 17.175 0
073616 19.937 10.0 17.175 0
073646 20.0 10.0 17.175 0
073716 20.0 10.0 17.175 0
073747 20.0 10.0 17.175 0
073817 20.0 10.0 17.237 0
073848 20.0 10.0 17.175 0
073918 19.937 10.0 17.175 0
073948 19.937 10.0 17.175 0
074019 19.937 10.0 17.175 0
074049 19.937 10.0 17.175 0
074120 19.937 10.0 17.175 0
074150 20.0 10.0 17.175 0
074220 20.0 10.0 17.175 0
074250 20.0 10.0 17.175 0
074321 20.0 10.0 17.175 0
074354 20.0 10.0 17.175 0
074424 20.0 10.0 17.175 0
074454 20.0 10.0 17.175 0
074524 20.0 10.0 17.175 0
074555 20.0 10.0 17.175 0
074625 19.937 10.0 17.175 0
074655 19.937 10.0 17.175 0
074725 19.937 10.0 17.175 0
074756 19.937 10.0 17.175 0
074826 19.937 10.0 17.175 0
074856 19.937 10.0 17.175 0
074927 19.937 10.0 17.175 0
074957 19.937 10.0 17.175 0
075027 19.937 10.0 17.175 0
075058 19.937 10.0 17.175 0
075128 19.937 10.0 17.175 0
075158 19.937 10.0 17.175 0
075229 19.937 10.0 17.175 0
075259 19.937 10.0 17.175 0
075329 19.937 10.0 17.175 0
075400 19.937 10.0 17.175 0
075430 19.937 10.0 17.175 0
075501 19.937 10.0 17.175 0
075531 19.937 10.0 17.175 0
075601 19.937 10.0 17.175 0
075631 19.875 10.0 17.175 0
075701 19.875 10.0 17.175 0
075732 19.875 10.0 17.175 0
075802 19.875 10.0 17.175 0
075833 19.875 10.0 17.175 0
075903 19.875 10.0 17.175 0
075933 19.875 10.0 17.175 0
080004 19.875 10.0 17.175 0
080034 19.875 10.0 17.175 0
080104 19.875 10.0 17.175 0
080134 19.875 10.0 17.175 0
080205 19.875 10.0 17.175 0
080236 19.875 10.0 17.175 0
080306 19.875 10.0 17.175 0
080337 19.875 10.0 17.175 0
080407 19.875 10.0 17.175 0
080438 19.875 10.0 17.175 0
080509 19.875 10.0 17.175 0
080539 19.875 10.0 17.175 0
080609 19.875 10.0 17.175 0
080639 19.875 10.0 17.175 0
080709 19.875 10.0 17.175 0
080740 19.875 10.0 17.175 0
080810 19.875 10.0 17.175 0
080840 19.875 10.0 17.175 0
080910 19.875 10.0 17.175 0
080941 19.875 10.0 17.175 0
081011 19.875 10.0 17.175 0
081041 19.875 10.0 17.175 0
081111 19.875 10.0 17.175 0
081142 19.812 10.0 17.175 0
081213 19.812 10.0 17.175 0
081244 19.812 10.0 17.175 0
081314 19.812 10.0 17.175 0
081344 19.812 10.0 17.175 0
081414 19.812 10.0 17.175 0
081445 19.812 10.0 17.175 0
081516 19.812 10.0 17.175 0
081546 19.812 10.0 17.175 0
081617 19.812 10.0 17.175 0
081647 19.875 10.0 17.175 0
081717 19.875 10.0 17.175 0
081747 19.875 10.0 17.175 0
081818 19.875 10.0 17.175 0
081848 19.875 10.0 17.175 0
081918 19.812 10.0 17.175 0
081948 19.812 10.0 17.175 0
082019 19.812 10.0 17.175 0
082049 19.812 10.0 17.175 0
082119 19.812 10.0 17.175 0
082150 19.812 10.0 17.175 0
082220 19.812 10.0 17.175 0
082251 19.812 10.0 17.175 0
082321 19.812 10.0 17.175 0
082352 19.812 10.0 17.175 0
082423 19.812 10.0 17.175 0
082453 19.812 10.0 17.175 0
082523 19.812 10.0 17.175 0
082553 19.812 10.0 17.175 0
082623 19.812 10.0 17.175 0
082653 19.812 10.0 17.175 0
082724 19.812 10.0 17.175 0
082754 19.812 10.0 17.175 0
082824 19.812 10.0 17.175 0
082854 19.812 10.0 17.175 0
082924 19.812 10.0 17.175 0
082954 19.812 10.0 17.175 0
083025 19.812 10.0 17.175 0
083055 19.812 10.0 17.175 0
083126 19.812 10.0 17.175 0
083157 19.812 10.0 17.175 0
083227 19.812 10.0 17.175 0
083257 19.812 10.0 17.175 0
083327 19.812 10.0 17.175 0
083358 19.812 10.0 17.175 0
083428 19.812 10.0 17.175 0
083458 19.812 10.0 17.175 0
083528 19.812 10.0 17.175 0
083558 19.812 10.0 17.175 0
083631 19.812 10.0 17.175 0
083702 19.812 10.0 17.175 0
083732 19.812 10.0 17.175 0
083802 19.812 10.0 17.175 0
083832 19.812 10.0 17.175 0
083902 19.812 10.0 17.175 0
083933 19.812 10.0 17.175 0
084003 19.812 10.0 17.175 0
084034 19.812 10.0 17.175 0
084104 19.812 10.0 17.175 0
084135 19.812 10.0 17.175 0
084205 19.812 10.0 17.175 0
084236 19.812 10.0 17.175 0
084306 19.812 10.0 17.175 0
084336 19.812 10.0 17.175 0
084406 19.75 10.0 17.175 0
084437 19.75 10.0 17.175 0
084508 19.75 10.0 17.175 0
084538 19.75 10.0 17.175 0
084609 19.75 10.0 17.175 0
084639 19.75 10.0 17.175 0
084709 19.75 10.0 17.175 0
084740 19.75 10.0 17.175 0
084811 19.75 10.0 17.175 0
084841 19.75 10.0 17.175 0
084911 19.75 10.0 17.175 0
084941 19.75 10.0 17.175 0
085012 19.75 10.0 17.175 0
085042 19.75 10.0 17.175 0
085113 19.75 10.0 17.175 0
085143 19.75 10.0 17.175 0
085213 19.75 10.0 17.175 0
085243 19.75 10.0 17.175 0
085314 19.75 10.0 17.175 0
085344 19.75 10.0 17.175 0
085414 19.75 10.0 17.175 0
085444 19.75 10.0 17.175 0
085515 19.75 10.0 17.175 0
085546 19.75 10.0 17.175 0
085616 19.75 10.0 17.175 0
085647 19.75 10.0 17.175 0
085717 19.75 10.0 17.175 0
085748 19.75 10.0 17.175 0
085819 19.75 10.0 17.175 0
085849 19.75 10.0 17.175 0
085920 19.75 10.0 17.175 0
085950 19.75 10.0 17.175 0
090021 19.75 10.0 17.175 0
090052 19.75 10.0 17.175 0
090123 19.75 10.0 17.175 0
090154 19.75 10.0 17.175 0
090224 19.75 10.0 17.175 0
090255 19.75 10.0 17.175 0
090325 19.75 10.0 17.175 0
090355 19.75 10.0 17.175 0
090426 19.75 10.0 17.175 0
090456 19.75 10.0 17.175 0
090526 19.75 10.0 17.175 0
090557 19.75 10.0 17.175 0
090627 19.75 10.0 17.175 0
090658 19.75 10.0 17.175 0
090728 19.75 10.0 17.175 0
090759 19.75 10.0 17.175 0
090829 19.75 10.0 17.175 0
090859 19.75 10.0 17.175 0
090929 19.75 10.0 17.175 0
090959 19.75 10.0 17.175 0
091029 19.75 10.0 17.175 0
091100 19.75 10.0 17.175 0
091131 19.75 10.0 17.175 0
091201 19.75 10.0 17.175 0
091232 19.75 10.0 17.175 0
091302 19.75 10.0 17.175 0
091333 19.75 10.0 17.175 0
091403 19.75 10.0 17.175 0
091433 19.75 10.0 17.175 0
091504 19.75 10.0 17.175 0
091534 19.75 10.0 17.175 0
091605 19.75 10.0 17.175 0
091637 19.75 10.0 17.175 0
091708 19.75 10.0 17.175 0
091738 19.75 10.0 17.175 0
091809 19.75 10.0 17.175 0
091839 19.75 10.0 17.175 0
091909 19.75 10.0 17.175 0
091940 19.75 10.0 17.175 0
092010 19.75 10.0 17.175 0
092040 19.75 10.0 17.175 0
092110 19.75 10.0 17.175 0
092141 19.75 10.0 17.175 0
092211 19.75 10.0 17.175 0
092241 19.75 10.0 17.175 0
092312 19.75 10.0 17.175 0
092342 19.75 10.0 17.175 0
092413 19.687 10.0 17.175 0
092443 19.687 10.0 17.175 0
092514 19.687 10.0 17.175 0
092544 19.687 10.0 17.175 0
092615 19.687 10.0 17.175 0
092645 19.75 10.0 17.175 0
092715 19.75 10.0 17.175 0
092746 19.75 10.0 17.175 0
092816 19.75 10.0 17.175 0
092846 19.75 10.0 17.175 0
092917 19.75 10.0 17.175 0
092947 19.75 10.0 17.175 0
093017 19.75 10.0 17.175 0
093047 19.75 10.0 17.175 0
093118 19.75 10.0 17.175 0
093148 19.687 10.0 17.175 0
093219 19.687 10.0 17.175 0
093249 19.687 10.0 17.175 0
093320 19.687 10.0 17.175 0
093350 19.687 10.0 17.175 0
093420 19.687 10.0 17.175 0
093450 19.687 10.0 17.175 0
093520 19.687 10.0 17.175 0
093551 19.687 10.0 17.175 0
093621 19.687 10.0 17.175 0
093651 19.687 10.0 17.175 0
093721 19.687 10.0 17.175 0
093752 19.687 10.0 17.175 0
093823 19.687 10.0 17.175 0
093853 19.687 10.0 17.175 0
093924 19.687 10.0 17.175 0
093954 19.687 10.0 17.175 0
094024 19.687 10.0 17.175 0
094054 19.687 10.0 17.175 0
094124 19.687 10.0 17.175 0
094155 19.687 10.0 17.175 0
094225 19.687 10.0 17.175 0
094255 19.687 10.0 17.175 0
094326 19.687 10.0 17.175 0
094357 19.687 10.0 17.175 0
094427 19.687 10.0 17.175 0
094457 19.687 10.0 17.175 0
094528 19.687 10.0 17.175 0
094558 19.687 10.0 17.175 0
094628 19.687 10.0 17.175 0
094659 19.687 10.0 17.175 0
094729 19.687 10.0 17.175 0
094800 19.687 10.0 17.175 0
094830 19.687 10.0 17.175 0
094901 19.687 10.0 17.175 0
094931 19.687 10.0 17.175 0
095001 19.687 10.0 17.175 0
095031 19.687 10.0 17.175 0
095102 19.687 10.0 17.175 0
095132 19.687 10.0 17.175 0
095202 19.687 10.0 17.175 0
095233 19.687 10.0 17.175 0
095304 19.687 10.0 17.175 0
095334 19.687 10.0 17.175 0
095404 19.687 10.0 17.175 0
095434 19.687 10.0 17.175 0
095504 19.687 10.0 17.175 0
095535 19.687 10.0 17.175 0
095605 19.687 10.0 17.175 0
095635 19.687 10.0 17.175 0
095706 19.687 10.0 17.175 0
095736 19.687 10.0 17.175 0
095807 19.687 10.0 17.175 0
095837 19.687 10.0 17.175 0
095907 19.687 10.0 17.175 0
095937 19.687 10.0 17.175 0
100007 19.687 10.0 17.175 0
100038 19.687 10.0 17.175 0
100108 19.687 10.0 17.175 0
100138 19.687 10.0 17.175 0
100209 19.687 10.0 17.175 0
100239 19.687 10.0 17.175 0
100310 19.687 10.0 17.175 0
100340 19.687 10.0 17.175 0
100410 19.687 10.0 17.175 0
100441 19.687 10.0 17.175 0
100511 19.687 10.0 17.175 0
100542 19.687 10.0 17.175 0
100612 19.687 10.0 17.175 0
100644 19.687 10.0 17.175 0
100715 19.687 10.0 17.175 0
100745 19.687 10.0 17.175 0
100816 19.687 10.0 17.175 0
100846 19.687 10.0 17.175 0
100916 19.687 10.0 17.175 0
100946 19.687 10.0 17.175 0
101017 19.687 10.0 17.175 0
101047 19.687 10.0 17.175 0
101118 19.687 10.0 17.175 0
101148 19.687 10.0 17.175 0
101219 19.687 10.0 17.175 0
101249 19.687 10.0 17.175 0
101319 19.687 10.0 17.175 0
101350 19.687 10.0 17.175 0
101420 19.687 10.0 17.175 0
101451 19.687 10.0 17.175 0
101522 19.687 10.0 17.175 0
101552 19.687 10.0 17.175 0
101622 19.687 10.0 17.175 0
101652 19.687 10.0 17.175 0
101722 19.687 10.0 17.175 0
101752 19.687 10.0 17.175 0
101822 19.687 10.0 17.175 0
101853 19.687 10.0 17.175 0
101923 19.687 10.0 17.175 0
101954 19.687 10.0 17.175 0
102024 19.687 10.0 17.175 0
102054 19.687 10.0 17.175 0
102125 19.687 10.0 17.175 0
102155 19.625 10.0 17.175 0
102225 19.625 10.0 17.175 0
102256 19.625 10.0 17.175 0
102326 19.625 10.0 17.175 0
102357 19.625 10.0 17.175 0
102427 19.687 10.0 17.175 0
102458 19.687 10.0 17.175 0
102528 19.687 10.0 17.175 0
102559 19.687 10.0 17.175 0
102629 19.687 10.0 17.175 0
102700 19.625 10.0 17.175 0
102730 19.625 10.0 17.175 0
102800 19.625 10.0 17.175 0
102830 19.625 10.0 17.175 0
102900 19.625 10.0 17.175 0
102931 19.687 10.0 17.175 0
103001 19.687 10.0 17.175 0
103031 19.687 10.0 17.175 0
103102 19.687 10.0 17.175 0
103132 19.687 10.0 17.175 0
103203 19.625 10.0 17.175 0
103233 19.625 10.0 17.175 0
103303 19.625 10.0 17.175 0
103333 19.625 10.0 17.175 0
103404 19.625 10.0 17.175 0
103434 19.687 10.0 17.175 0
103504 19.687 10.0 17.175 0
103535 19.687 10.0 17.175 0
103606 19.687 10.0 17.175 0
103636 19.687 10.0 17.175 0
103706 19.625 10.0 17.175 0
103736 19.625 10.0 17.175 0
103807 19.625 10.0 17.175 0
103837 19.625 10.0 17.175 0
103908 19.625 10.0 17.175 0
103938 19.625 10.0 17.175 0
104008 19.625 10.0 17.175 0
104039 19.625 10.0 17.175 0
104109 19.625 10.0 17.175 0
104139 19.625 10.0 17.175 0
104210 19.625 10.0 17.175 0
104240 19.625 10.0 17.175 0
104310 19.625 10.0 17.175 0
104341 19.625 10.0 17.175 0
104411 19.625 10.0 17.175 0
104441 19.625 10.0 17.175 0
104511 19.625 10.0 17.175 0
104541 19.625 10.0 17.175 0
104611 19.625 10.0 17.175 0
104642 19.625 10.0 17.175 0
104712 19.687 10.0 17.175 0
104743 19.687 10.0 17.175 0
104813 19.687 10.0 17.175 0
104843 19.687 10.0 17.175 0
104914 19.687 10.0 17.175 0
104944 19.625 10.0 17.175 0
105015 19.625 10.0 17.175 0
105045 19.625 10.0 17.175 0
105115 19.625 10.0 17.175 0
105145 19.625 10.0 17.175 0
105215 19.625 10.0 17.175 0
105246 19.625 10.0 17.175 0
105316 19.625 10.0 17.175 0
105347 19.625 10.0 17.175 0
105418 19.625 10.0 17.175 0
105448 19.687 10.0 17.175 0
105518 19.687 10.0 17.175 0
105549 19.687 10.0 17.175 0
105620 19.687 10.0 17.175 0
105652 19.625 10.0 17.175 0
105723 19.625 10.0 17.175 0
105753 19.625 10.0 17.175 0
105824 19.625 10.0 17.175 0
105854 19.625 10.0 17.175 0
105924 19.625 10.0 17.175 0
105955 19.625 10.0 17.175 0
110025 19.625 10.0 17.175 0
110055 19.625 10.0 17.175 0
110125 19.625 10.0 17.175 0
110156 19.625 10.0 17.175 0
110227 19.625 10.0 17.175 0
110257 19.625 10.0 17.175 0
110327 19.625 10.0 17.175 0
110357 19.625 10.0 17.175 0
110428 19.625 10.0 17.175 0
110458 19.625 10.0 17.175 0
110528 19.625 10.0 17.175 0
110558 19.625 10.0 17.175 0
110628 19.625 10.0 17.175 0
110658 19.625 10.0 17.175 0
110729 19.625 10.0 17.175 0
110759 19.625 10.0 17.175 0
110829 19.625 10.0 17.175 0
110900 19.625 10.0 17.175 0
110930 19.625 10.0 17.175 0
111000 19.625 10.0 17.175 0
111030 19.625 10.0 17.175 0
111101 19.625 10.0 17.175 0
111131 19.625 10.0 17.175 0
111201 19.625 10.0 17.175 0
111231 19.625 10.0 17.175 0
111302 19.625 10.0 17.175 0
111333 19.625 10.0 17.175 0
111403 19.625 10.0 17.175 0
111434 19.625 10.0 17.175 0
111504 19.625 10.0 17.175 0
111535 19.625 10.0 17.175 0
111606 19.625 10.0 17.175 0
111636 19.625 10.0 17.175 0
111707 19.687 10.0 17.175 0
111737 19.687 10.0 17.175 0
111808 19.687 10.0 17.175 0
111838 19.687 10.0 17.175 0
111908 19.687 10.0 17.175 0
111939 19.625 10.0 17.175 0
112009 19.625 10.0 17.175 0
112040 19.625 10.0 17.175 0
112110 19.625 10.0 17.175 0
112140 19.625 10.0 17.175 0
112211 19.625 10.0 17.175 0
112241 19.625 10.0 17.175 0
112311 19.625 10.0 17.175 0
112342 19.625 10.0 17.175 0
112413 19.625 10.0 17.175 0
112443 19.625 10.0 17.175 0
112513 19.625 10.0 17.175 0
112543 19.625 10.0 17.175 0
112614 19.625 10.0 17.175 0
112644 19.625 10.0 17.175 0
112714 19.625 10.0 17.175 0
112744 19.625 10.0 17.175 0
112814 19.625 10.0 17.175 0
112845 19.625 10.0 17.175 0
112915 19.625 10.0 17.175 0
112946 19.687 10.0 17.175 0
113016 19.687 10.0 17.175 0
113046 19.687 10.0 17.175 0
113117 19.687 10.0 17.175 0
113147 19.687 10.0 17.175 0
113217 19.625 10.0 17.175 0
113248 19.625 10.0 17.175 0
113318 19.625 10.0 17.175 0
113348 19.625 10.0 17.175 0
113418 19.625 10.0 17.175 0
113449 19.625 10.0 17.175 0
113519 19.625 10.0 17.175 0
113549 19.625 10.0 17.175 0
113619 19.625 10.0 17.175 0
113650 19.625 10.0 17.175 0
113720 19.625 10.0 17.175 0
113751 19.625 10.0 17.175 0
113821 19.625 10.0 17.175 0
113851 19.625 10.0 17.175 0
113922 19.625 10.0 17.175 0
113953 19.625 10.0 17.175 0
114023 19.625 10.0 17.175 0
114054 19.625 10.0 17.175 0
114124 19.625 10.0 17.175 0
114154 19.625 10.0 17.175 0
114225 19.625 10.0 17.175 0
114255 19.625 10.0 17.175 0
114326 19.625 10.0 17.175 0
114356 19.625 10.0 17.175 0
114429 19.687 10.0 17.175 0
114500 19.687 10.0 17.175 0
114530 19.687 10.0 17.175 0
114601 19.687 10.0 17.175 0
114631 19.687 10.0 17.175 0
114701 19.687 10.0 17.175 0
114732 19.687 10.0 17.175 0
114802 19.687 10.0 17.175 0
114832 19.687 10.0 17.175 0
114902 19.687 10.0 17.175 0
114932 19.687 10.0 17.175 0
115002 19.687 10.0 17.175 0
115033 19.687 10.0 17.175 0
115103 19.687 10.0 17.175 0
115134 19.687 10.0 17.175 0
115204 19.687 10.0 17.175 0
115235 19.687 10.0 17.175 0
115306 19.687 10.0 17.175 0
115336 19.687 10.0 17.175 0
115407 19.687 10.0 17.175 0
115437 19.687 10.0 17.175 0
115508 19.687 10.0 17.175 0
115538 19.687 10.0 17.175 0
115608 19.687 10.0 17.175 0
115639 19.687 10.0 17.175 0
115709 19.687 10.0 17.175 0
115739 19.687 10.0 17.175 0
115809 19.687 10.0 17.175 0
115839 19.687 10.0 17.175 0
115910 19.687 10.0 17.175 0
115940 19.687 10.0 17.175 0
120010 19.687 10.0 17.175 0
120041 19.687 10.0 17.175 0
120112 19.687 10.0 17.175 0
120142 19.687 10.0 17.175 0
120212 19.687 10.0 17.175 0
120243 19.687 10.0 17.175 0
120314 19.687 10.0 17.175 0
120344 19.687 10.0 17.175 0
120414 19.687 10.0 17.175 0
120444 19.687 10.0 17.175 0
120514 19.687 10.0 17.175 0
120545 19.687 10.0 17.175 0
120615 19.687 10.0 17.175 0
120646 19.687 10.0 17.175 0
120716 19.687 10.0 17.175 0
120746 19.687 10.0 17.175 0
120816 19.687 10.0 17.175 0
120847 19.687 10.0 17.175 0
120917 19.687 10.0 17.175 0
120947 19.625 10.0 17.175 0
121018 19.625 10.0 17.175 0
121049 19.625 10.0 17.175 0
121119 19.625 10.0 17.175 0
121149 19.625 10.0 17.175 0
121219 19.687 10.0 17.175 0
121250 19.687 10.0 17.175 0
121320 19.687 10.0 17.175 0
121350 19.687 10.0 17.175 0
121420 19.687 10.0 17.175 0
121450 19.687 10.0 17.175 0
121521 19.687 10.0 17.175 0
121551 19.687 10.0 17.175 0
121621 19.687 10.0 17.175 0
121651 19.687 10.0 17.175 0
121722 19.687 10.0 17.175 0
121753 19.687 10.0 17.175 0
121823 19.687 10.0 17.175 0
121853 19.687 10.0 17.175 0
121923 19.687 10.0 17.175 0
121954 19.687 10.0 17.175 0
122024 19.687 10.0 17.175 0
122055 19.687 10.0 17.175 0
122125 19.687 10.0 17.175 0
122155 19.687 10.0 17.175 0
122225 19.687 10.0 17.175 0
122256 19.687 10.0 17.175 0
122326 19.687 10.0 17.175 0
122356 19.687 10.0 17.175 0
122427 19.687 10.0 17.175 0
122457 19.687 10.0 17.175 0
122527 19.687 10.0 17.175 0
122557 19.687 10.0 17.175 0
122628 19.687 10.0 17.175 0
122658 19.687 10.0 17.175 0
122728 19.75 10.0 17.175 0
122759 19.75 10.0 17.175 0
122829 19.75 10.0 17.175 0
122900 19.75 10.0 17.175 0
122930 19.75 10.0 17.175 0
123000 19.687 10.0 17.175 0
123030 19.687 10.0 17.175 0
123100 19.687 10.0 17.175 0
123131 19.687 10.0 17.175 0
123204 19.687 10.0 17.175 0
123234 19.687 10.0 17.175 0
123304 19.687 10.0 17.175 0
123335 19.687 10.0 17.175 0
123405 19.687 10.0 17.175 0
123436 19.687 10.0 17.175 0
123506 19.687 10.0 17.175 0
123537 19.687 10.0 17.175 0
123608 19.687 10.0 17.175 0
123639 19.687 10.0 17.175 0
123709 19.687 10.0 17.175 0
123740 19.687 10.0 17.175 0
123810 19.687 10.0 17.175 0
123840 19.687 10.0 17.175 0
123910 19.687 10.0 17.175 0
123941 19.687 10.0 17.175 0
124011 19.687 10.0 17.175 0
124042 19.687 10.0 17.175 0
124112 19.687 10.0 17.175 0
124142 19.687 10.0 17.175 0
124213 19.75 10.0 17.175 0
124243 19.75 10.0 17.175 0
124313 19.75 10.0 17.175 0
124343 19.75 10.0 17.175 0
124414 19.75 10.0 17.175 0
124444 19.687 10.0 17.175 0
124514 19.687 10.0 17.175 0
124546 19.687 10.0 17.175 0
124617 19.687 10.0 17.175 0
124647 19.687 10.0 17.175 0
124718 19.75 10.0 17.175 0
124748 19.75 10.0 17.175 0
124819 19.75 10.0 17.175 0
124849 19.75 10.0 17.175 0
124919 19.75 10.0 17.175 0
124950 19.75 10.0 17.175 0
125020 19.75 10.0 17.175 0
125050 19.75 10.0 17.175 0
125121 19.75 10.0 17.175 0
125152 19.75 10.0 17.175 0
125222 19.687 10.0 17.175 0
125252 19.687 10.0 17.175 0
125323 19.687 10.0 17.175 0
125353 19.687 10.0 17.175 0
125423 19.687 10.0 17.175 0
125453 19.687 10.0 17.175 0
125523 19.687 10.0 17.175 0
125554 19.687 10.0 17.175 0
125624 19.687 10.0 17.175 0
125655 19.687 10.0 17.175 0
125725 19.75 10.0 17.175 0
125755 19.75 10.0 17.175 0
125825 19.75 10.0 17.175 0
125855 19.75 10.0 17.175 0
125926 19.75 10.0 17.175 0
125956 19.75 10.0 17.175 0
130027 19.75 10.0 17.175 0
130057 19.75 10.0 17.175 0
130128 19.75 10.0 17.175 0
130158 19.75 10.0 17.175 0
130229 19.75 10.0 17.175 0
130259 19.75 10.0 17.175 0
130330 19.75 10.0 17.175 0
130400 19.75 10.0 17.175 0
130430 19.75 10.0 17.175 0
130500 19.75 10.0 17.175 0
130531 19.75 10.0 17.175 0
130601 19.75 10.0 17.175 0
130632 19.75 10.0 17.175 0
130703 19.75 10.0 17.175 0
130733 19.75 10.0 17.175 0
130803 19.75 10.0 17.175 0
130833 19.75 10.0 17.175 0
130904 19.75 10.0 17.175 0
130934 19.75 10.0 17.175 0
131005 19.75 10.0 17.175 0
131035 19.75 10.0 17.175 0
131105 19.75 10.0 17.175 0
131136 19.75 10.0 17.175 0
131206 19.75 10.0 17.175 0
131236 19.75 10.0 17.175 0
131307 19.75 10.0 17.175 0
131337 19.75 10.0 17.175 0
131407 19.75 10.0 17.175 0
131437 19.75 10.0 17.175 0
131508 19.75 10.0 17.175 0
131538 19.75 10.0 17.175 0
131609 19.75 10.0 17.175 0
131639 19.75 10.0 17.175 0
131711 19.75 10.0 17.175 0
131741 19.75 10.0 17.175 0
131812 19.75 10.0 17.175 0
131843 19.75 10.0 17.175 0
131913 19.75 10.0 17.175 0
131943 19.75 10.0 17.175 0
132013 19.75 10.0 17.175 0
132044 19.75 10.0 17.175 0
132115 19.75 10.0 17.175 0
132145 19.75 10.0 17.175 0
132215 19.75 10.0 17.175 0
132245 19.75 10.0 17.175 0
132315 19.75 10.0 17.175 0
132346 19.75 10.0 17.175 0
132417 19.75 10.0 17.175 0
132447 19.75 10.0 17.175 0
132518 19.75 10.0 17.175 0
132548 19.75 10.0 17.175 0
132619 19.75 10.0 17.175 0
132649 19.75 10.0 17.175 0
132719 19.75 10.0 17.175 0
132750 19.75 10.0 17.175 0
132821 19.75 10.0 17.175 0
132851 19.75 10.0 17.175 0
132921 19.75 10.0 17.175 0
132952 19.75 10.0 17.175 0
133022 19.75 10.0 17.175 0
133053 19.75 10.0 17.175 0
133124 19.75 10.0 17.175 0
133154 19.75 10.0 17.175 0
133225 19.75 10.0 17.175 0
133255 19.75 10.0 17.175 0
133326 19.75 10.0 17.175 0
133357 19.75 10.0 17.175 0
133427 19.75 10.0 17.175 0
133458 19.75 10.0 17.175 0
133529 19.75 10.0 17.175 0
133559 19.75 10.0 17.175 0
133629 19.75 10.0 17.175 0
133700 19.75 10.0 17.175 0
133730 19.75 10.0 17.175 0
133800 19.75 10.0 17.175 0
133830 19.75 10.0 17.175 0
133900 19.75 10.0 17.175 0
133930 19.75 10.0 17.175 0
134001 19.75 10.0 17.175 0
134031 19.75 10.0 17.175 0
134102 19.75 10.0 17.175 0
134132 19.75 10.0 17.175 0
134203 19.75 10.0 17.175 0
134233 19.75 10.0 17.175 0
134303 19.75 10.0 17.175 0
134333 19.75 10.0 17.175 0
134404 19.75 10.0 17.175 0
134434 19.75 10.0 17.175 0
134504 19.75 10.0 17.175 0
134534 19.75 10.0 17.175 0
134604 19.75 10.0 17.175 0
134635 19.75 10.0 17.175 0
134705 19.75 10.0 17.175 0
134735 19.75 10.0 17.175 0
134805 19.75 10.0 17.175 0
134835 19.75 10.0 17.175 0
134906 19.75 10.0 17.175 0
134936 19.75 10.0 17.175 0
135006 19.75 10.0 17.175 0
135036 19.75 10.0 17.175 0
135107 19.75 10.0 17.175 0
135137 19.75 10.0 17.175 0
135207 19.75 10.0 17.175 0
135237 19.75 10.0 17.175 0
135307 19.75 10.0 17.175 0
135338 19.75 10.0 17.175 0
135408 19.75 10.0 17.175 0
135439 19.75 10.0 17.175 0
135509 19.75 10.0 17.175 0
135539 19.75 10.0 17.175 0
135610 19.75 10.0 17.175 0
135640 19.75 10.0 17.175 0
135710 19.75 10.0 17.175 0
135741 19.75 10.0 17.175 0
135812 19.75 10.0 17.175 0
135842 19.75 10.0 17.175 0
135912 19.75 10.0 17.175 0
135942 19.75 10.0 17.175 0
140013 19.75 10.0 17.175 0
140044 19.75 10.0 17.175 0
140114 19.75 10.0 17.175 0
140144 19.75 10.0 17.175 0
140216 19.75 10.0 17.175 0
140247 19.75 10.0 17.175 0
140317 19.75 10.0 17.175 0
140347 19.75 10.0 17.175 0
140417 19.75 10.0 17.175 0
140448 19.75 10.0 17.175 0
140519 19.75 10.0 17.175 0
140549 19.75 10.0 17.175 0
140620 19.75 10.0 17.175 0
140650 19.75 10.0 17.175 0
140720 19.75 10.0 17.175 0
140750 19.75 10.0 17.175 0
140820 19.75 10.0 17.175 0
140851 19.75 10.0 17.175 0
140921 19.75 10.0 17.175 0
140951 19.75 10.0 17.175 0
141022 19.75 10.0 17.175 0
141052 19.75 10.0 17.175 0
141123 19.75 10.0 17.175 0
141153 19.75 10.0 17.175 0
141223 19.75 10.0 17.175 0
141253 19.75 10.0 17.175 0
141324 19.75 10.0 17.175 0
141354 19.75 10.0 17.175 0
141424 19.75 10.0 17.175 0
141455 19.75 10.0 17.175 0
141525 19.75 10.0 17.175 0
141555 19.75 10.0 17.175 0
141625 19.75 10.0 17.175 0
141655 19.75 10.0 17.175 0
141726 19.75 10.0 17.175 0
141757 19.75 10.0 17.175 0
141827 19.75 10.0 17.175 0
141857 19.75 10.0 17.175 0
141927 19.75 10.0 17.175 0
141958 19.75 10.0 17.175 0
142028 19.75 10.0 17.175 0
142058 19.75 10.0 17.175 0
142129 19.75 10.0 17.175 0
142159 19.75 10.0 17.175 0
142229 19.75 10.0 17.175 0
142300 19.75 10.0 17.175 0
142330 19.75 10.0 17.175 0
142400 19.75 10.0 17.175 0
142431 19.75 10.0 17.175 0
142501 19.75 10.0 17.175 0
142531 19.75 10.0 17.175 0
142601 19.75 10.0 17.175 0
142631 19.75 10.0 17.175 0
142701 19.75 10.0 17.175 0
142731 19.812 10.0 17.175 0
142802 19.812 10.0 17.175 0
142832 19.812 10.0 17.175 0
142903 19.812 10.0 17.175 0
142933 19.812 10.0 17.175 0
143003 19.75 10.0 17.175 0
143034 19.75 10.0 17.175 0
143104 19.75 10.0 17.175 0
143135 19.75 10.0 17.175 0
143205 19.75 10.0 17.175 0
143236 19.75 10.0 17.175 0
143306 19.75 10.0 17.175 0
143337 19.75 10.0 17.175 0
143407 19.75 10.0 17.175 0
143437 19.75 10.0 17.175 0
143508 19.75 10.0 17.175 0
143538 19.75 10.0 17.175 0
143608 19.75 10.0 17.175 0
143638 19.75 10.0 17.175 0
143709 19.75 10.0 17.175 0
143739 19.75 10.0 17.175 0
143810 19.75 10.0 17.175 0
143840 19.75 10.0 17.175 0
143911 19.75 10.0 17.175 0
143941 19.75 10.0 17.175 0
144012 19.75 10.0 17.175 0
144042 19.75 10.0 17.175 0
144112 19.75 10.0 17.175 0
144142 19.75 10.0 17.175 0
144213 19.75 10.0 17.175 0
144243 19.75 10.0 17.175 0
144313 19.75 10.0 17.175 0
144344 19.75 10.0 17.175 0
144414 19.75 10.0 17.175 0
144444 19.75 10.0 17.175 0
144515 19.75 10.0 17.175 0
144545 19.75 10.0 17.175 0
144616 19.75 10.0 17.175 0
144646 19.75 10.0 17.175 0
144716 19.75 10.0 17.175 0
144746 19.75 10.0 17.175 0
144817 19.75 10.0 17.175 0
144847 19.75 10.0 17.175 0
144918 19.75 10.0 17.175 0
144948 19.75 10.0 17.175 0
145019 19.75 10.0 17.175 0
145050 19.75 10.0 17.175 0
145120 19.75 10.0 17.175 0
145151 19.75 10.0 17.175 0
145224 19.75 10.0 17.175 0
145254 19.75 10.0 17.175 0
145324 19.75 10.0 17.175 0
145354 19.75 10.0 17.175 0
145425 19.75 10.0 17.175 0
145455 19.75 10.0 17.175 0
145525 19.75 10.0 17.175 0
145555 19.75 10.0 17.175 0
145625 19.75 10.0 17.175 0
145655 19.75 10.0 17.175 0
145726 19.75 10.0 17.175 0
145756 19.75 10.0 17.175 0
145827 19.75 10.0 17.175 0
145857 19.75 10.0 17.175 0
145927 19.75 10.0 17.175 0
145958 19.75 10.0 17.175 0
150028 19.75 10.0 17.175 0
150059 19.75 10.0 17.175 0
150129 19.75 10.0 17.175 0
150200 19.75 10.0 17.175 0
150230 19.75 10.0 17.175 0
150300 19.75 10.0 17.175 0
150331 19.75 10.0 17.175 0
150401 19.75 10.0 17.175 0
150431 19.75 10.0 17.175 0
150502 19.75 10.0 17.175 0
150532 19.75 10.0 17.175 0
150603 19.75 10.0 17.175 0
150633 19.75 10.0 17.175 0
150703 19.75 10.0 17.175 0
150733 19.75 10.0 17.175 0
150803 19.75 10.0 17.175 0
150833 19.75 10.0 17.175 0
150904 19.75 10.0 17.175 0
150935 19.75 10.0 17.175 0
151005 19.75 10.0 17.175 0
151035 19.75 10.0 17.175 0
151105 19.75 10.0 17.175 0
151135 19.75 10.0 17.175 0
151206 19.75 10.0 17.175 0
151236 19.75 10.0 17.175 0
151307 19.75 10.0 17.175 0
151337 19.75 10.0 17.175 0
151407 19.75 10.0 17.175 0
151438 19.75 10.0 17.175 0
151508 19.75 10.0 17.175 0
151538 19.75 10.0 17.175 0
151609 19.75 10.0 17.175 0
151639 19.75 10.0 17.175 0
151710 19.75 10.0 17.175 0
151740 19.75 10.0 17.175 0
151811 19.75 10.0 17.175 0
151841 19.75 10.0 17.175 0
151912 19.75 10.0 17.175 0
151943 19.75 10.0 17.175 0
152014 19.75 10.0 17.175 0
152044 19.75 10.0 17.175 0
152115 19.75 10.0 17.175 0
152145 19.75 10.0 17.175 0
152216 19.75 10.0 17.175 0
152246 19.812 10.0 17.175 0
152317 19.812 10.0 17.175 0
152347 19.812 10.0 17.175 0
152417 19.812 10.0 17.175 0
152448 19.812 10.0 17.175 0
152518 19.812 10.0 17.175 0
152548 19.812 10.0 17.175 0
152619 19.812 10.0 17.175 0
152649 19.812 10.0 17.175 0
152720 19.812 10.0 17.175 0
152750 19.812 10.0 17.175 0
152820 19.812 10.0 17.175 0
152850 19.812 10.0 17.175 0
152921 19.812 10.0 17.175 0
152951 19.812 10.0 17.175 0
153021 19.812 10.0 17.175 0
153051 19.812 10.0 17.175 0
153122 19.812 10.0 17.175 0
153153 19.812 10.0 17.175 0
153223 19.812 10.0 17.175 0
153253 19.812 10.0 17.175 0
153323 19.812 10.0 17.175 0
153354 19.812 10.0 17.175 0
153425 19.812 10.0 17.175 0
153455 19.812 10.0 17.175 0
153525 19.75 10.0 17.175 0
153555 19.75 10.0 17.175 0
153625 19.75 10.0 17.175 0
153656 19.75 10.0 17.175 0
153728 19.75 10.0 17.175 0
153759 19.75 10.0 17.175 0
153829 19.75 10.0 17.175 0
153900 19.75 10.0 17.175 0
153930 19.75 10.0 17.175 0
154000 19.812 10.0 17.175 0
154030 19.812 10.0 17.175 0
154101 19.812 10.0 17.175 0
154131 19.812 10.0 17.175 0
154201 19.812 10.0 17.175 0
154231 19.812 10.0 17.175 0
154301 19.812 10.0 17.175 0
154332 19.812 10.0 17.175 0
154403 19.812 10.0 17.175 0
154433 19.812 10.0 17.175 0
154503 19.812 10.0 17.175 0
154533 19.812 10.0 17.175 0
154604 19.812 10.0 17.175 0
154634 19.812 10.0 17.175 0
154705 19.812 10.0 17.175 0
154735 19.812 10.0 17.175 0
154805 19.812 10.0 17.175 0
154836 19.812 10.0 17.175 0
154906 19.812 10.0 17.175 0
154936 19.812 10.0 17.175 0
155007 19.75 10.0 17.175 0
155037 19.75 10.0 17.175 0
155107 19.75 10.0 17.175 0
155138 19.75 10.0 17.175 0
155208 19.75 10.0 17.175 0
155238 19.75 10.0 17.175 0
155309 19.75 10.0 17.175 0
155339 19.75 10.0 17.175 0
155409 19.75 10.0 17.175 0
155440 19.75 10.0 17.175 0
155510 19.75 10.0 17.175 0
155540 19.75 10.0 17.175 0
155610 19.75 10.0 17.175 0
155641 19.75 10.0 17.175 0
155711 19.75 10.0 17.175 0
155741 19.812 10.0 17.175 0
155811 19.812 10.0 17.175 0
155842 19.812 10.0 17.175 0
155912 19.812 10.0 17.175 0
155942 19.812 10.0 17.175 0
160012 19.812 10.0 17.175 0
160043 19.812 10.0 17.175 0
160113 19.812 10.0 17.175 0
160144 19.812 10.0 17.175 0
160214 19.812 10.0 17.175 0
160244 19.75 10.0 17.175 0
160314 19.75 10.0 17.175 0
160344 19.75 10.0 17.175 0
160415 19.75 10.0 17.175 0
160445 19.75 10.0 17.175 0
160515 19.812 10.0 17.175 0
160545 19.812 10.0 17.175 0
160616 19.812 10.0 17.175 0
160647 19.812 10.0 17.175 0
160717 19.812 10.0 17.175 0
160747 19.812 10.0 17.175 0
160817 19.812 10.0 17.175 0
160848 19.812 10.0 17.175 0
160918 19.812 10.0 17.175 0
160948 19.812 10.0 17.175 0
161019 19.812 10.0 17.175 0
161049 19.812 10.0 17.175 0
161119 19.812 10.0 17.175 0
161150 19.812 10.0 17.175 0
161220 19.812 10.0 17.175 0
161251 19.812 10.0 17.175 0
161321 19.812 10.0 17.175 0
161351 19.812 10.0 17.175 0
161421 19.812 10.0 17.175 0
161452 19.812 10.0 17.175 0
161523 19.812 10.0 17.175 0
161553 19.812 10.0 17.175 0
161623 19.812 10.0 17.175 0
161654 19.812 10.0 17.175 0
161724 19.812 10.0 17.175 0
161754 19.812 10.0 17.175 0
161824 19.812 10.0 17.175 0
161855 19.812 10.0 17.175 0
161925 19.812 10.0 17.175 0
161955 19.812 10.0 17.175 0
162026 19.812 10.0 17.175 0
162056 19.812 10.0 17.175 0
162126 19.812 10.0 17.175 0
162157 19.812 10.0 17.175 0
162228 19.812 10.0 17.175 0
162258 19.812 10.0 17.175 0
162329 19.812 10.0 17.175 0
162400 19.812 10.0 17.175 0
162430 19.812 10.0 17.175 0
162500 19.812 10.0 17.175 0
162531 19.812 10.0 17.175 0
162601 19.812 10.0 17.175 0
162631 19.812 10.0 17.175 0
162701 19.812 10.0 17.175 0
162731 19.812 10.0 17.175 0
162801 19.812 10.0 17.175 0
162832 19.812 10.0 17.175 0
162902 19.812 10.0 17.175 0
162933 19.812 10.0 17.175 0
163003 19.812 10.0 17.175 0
163034 19.812 10.0 17.175 0
163104 19.812 10.0 17.175 0
163135 19.812 10.0 17.175 0
163205 19.812 10.0 17.175 0
163237 19.812 10.0 17.175 0
163308 19.812 10.0 17.175 0
163339 19.812 10.0 17.175 0
163410 19.812 10.0 17.175 0
163440 19.812 10.0 17.175 0
163510 19.812 10.0 17.175 0
163540 19.812 10.0 17.175 0
163611 19.812 10.0 17.175 0
163641 19.812 10.0 17.175 0
163711 19.812 10.0 17.175 0
163741 19.812 10.0 17.175 0
163811 19.812 10.0 17.175 0
163842 19.812 10.0 17.175 0
163912 19.812 10.0 17.175 0
163943 19.812 10.0 17.175 0
164013 19.812 10.0 17.175 0
164043 19.812 10.0 17.175 0
164114 19.812 10.0 17.175 0
164144 19.812 10.0 17.175 0
164215 19.812 10.0 17.175 0
164245 19.812 10.0 17.175 0
164315 19.812 10.0 17.175 0
164346 19.812 10.0 17.175 0
164416 19.812 10.0 17.175 0
164446 19.812 10.0 17.175 0
164516 19.812 10.0 17.175 0
164547 19.812 10.0 17.175 0
164617 19.812 10.0 17.175 0
164648 19.812 10.0 17.175 0
164719 19.812 10.0 17.175 0
164749 19.812 10.0 17.175 0
164819 19.812 10.0 17.175 0
164849 19.812 10.0 17.175 0
164920 19.812 10.0 17.175 0
164950 19.812 10.0 17.175 0
165021 19.812 10.0 17.175 0
165051 19.812 10.0 17.175 0
165122 19.812 10.0 17.175 0
165153 19.812 10.0 17.175 0
165223 19.812 10.0 17.175 0
165254 19.812 10.0 17.175 0
165324 19.812 10.0 17.175 0
165354 19.812 10.0 17.175 0
165424 19.812 10.0 17.175 0
165455 19.812 10.0 17.175 0
165525 19.812 10.0 17.175 0
165555 19.812 10.0 17.175 0
165625 19.812 10.0 17.175 0
165655 19.812 10.0 17.175 0
165726 19.812 10.0 17.175 0
165756 19.812 10.0 17.175 0
165827 19.812 10.0 17.175 0
165857 19.812 10.0 17.175 0
165927 19.812 10.0 17.175 0
165958 19.812 10.0 17.175 0
170028 19.812 10.0 17.175 0
170059 19.812 10.0 17.175 0
170129 19.812 10.0 17.175 0
170200 19.812 10.0 17.175 0
170230 19.812 10.0 17.175 0
170301 19.812 10.0 17.175 0
170331 19.812 10.0 17.175 0
170402 19.812 10.0 17.175 0
170433 19.812 10.0 17.175 0
170503 19.812 10.0 17.175 0
170534 19.812 10.0 17.175 0
170604 19.812 10.0 17.175 0
170635 19.812 10.0 17.175 0
170705 19.812 10.0 17.175 0
170735 19.812 10.0 17.175 0
170806 19.812 10.0 17.175 0
170837 19.812 10.0 17.175 0
170907 19.812 10.0 17.175 0
170938 19.812 10.0 17.175 0
171008 19.812 10.0 17.175 0
171038 19.812 10.0 17.175 0
171109 19.812 10.0 17.175 0
171140 19.812 10.0 17.175 0
171210 19.812 10.0 17.175 0
171242 19.812 10.0 17.175 0
171313 19.812 10.0 17.175 0
171344 19.812 10.0 17.175 0
171414 19.812 10.0 17.175 0
171444 19.812 10.0 17.175 0
171515 19.812 10.0 17.175 0
171545 19.812 10.0 17.175 0
171615 19.812 10.0 17.175 0
171646 19.812 10.0 17.175 0
171716 19.812 10.0 17.175 0
171746 19.875 10.0 17.175 0
171817 19.875 10.0 17.175 0
171847 19.875 10.0 17.175 0
171917 19.875 10.0 17.175 0
171947 19.875 10.0 17.175 0
172018 19.875 10.0 17.175 0
172048 19.875 10.0 17.175 0
172118 19.875 10.0 17.175 0
172149 19.875 10.0 17.175 0
172219 19.875 10.0 17.175 0
172249 19.812 10.0 17.175 0
172319 19.812 10.0 17.175 0
172349 19.812 10.0 17.175 0
172420 19.812 10.0 17.175 0
172450 19.812 10.0 17.175 0
172521 19.875 10.0 17.175 0
172551 19.875 10.0 17.175 0
172622 19.875 10.0 17.175 0
172652 19.875 10.0 17.175 0
172722 19.875 10.0 17.175 0
172752 19.875 10.0 17.175 0
172823 19.875 10.0 17.175 0
172853 19.875 10.0 17.175 0
172923 19.875 10.0 17.175 0
172953 19.875 10.0 17.175 0
173024 19.875 10.0 17.175 0
173054 19.875 10.0 17.175 0
173124 19.875 10.0 17.175 0
173154 19.875 10.0 17.175 0
173225 19.875 10.0 17.175 0
173256 19.875 10.0 17.175 0
173326 19.875 10.0 17.175 0
173356 19.875 10.0 17.175 0
173427 19.875 10.0 17.175 0
173457 19.875 10.0 17.175 0
173527 19.875 10.0 17.175 0
173557 19.875 10.0 17.175 0
173627 19.875 10.0 17.175 0
173658 19.875 10.0 17.175 0
173728 19.875 10.0 17.175 0
173759 19.875 10.0 17.175 0
173829 19.875 10.0 17.175 0
173859 19.875 10.0 17.175 0
173930 19.875 10.0 17.175 0
174000 19.875 10.0 17.175 0
174030 19.875 10.0 17.175 0
174100 19.875 10.0 17.175 0
174130 19.875 10.0 17.175 0
174200 19.875 10.0 17.175 0
174231 19.875 10.0 17.175 0
174301 19.875 10.0 17.175 0
174331 19.875 10.0 17.175 0
174402 19.875 10.0 17.175 0
174432 19.875 10.0 17.175 0
174502 19.875 10.0 17.175 0
174532 19.875 10.0 17.175 0
174603 19.875 10.0 17.175 0
174633 19.875 10.0 17.175 0
174703 19.875 10.0 17.175 0
174734 19.875 10.0 17.175 0
174804 19.875 10.0 17.175 0
174834 19.875 10.0 17.175 0
174905 19.875 10.0 17.175 0
174935 19.875 10.0 17.175 0
175005 19.875 10.0 17.175 0
175036 19.875 10.0 17.175 0
175106 19.875 10.0 17.175 0
175137 19.875 10.0 17.175 0
175207 19.875 10.0 17.175 0
175237 19.875 10.0 17.175 0
175308 19.875 10.0 17.175 0
175339 19.875 10.0 17.175 0
175409 19.875 10.0 17.175 0
175440 19.875 10.0 17.175 0
175510 19.875 10.0 17.175 0
175541 19.937 10.0 17.175 0
175612 19.937 10.0 17.175 0
175642 19.937 10.0 17.175 0
175713 19.937 10.0 17.175 0
175743 19.937 10.0 17.175 0
175813 19.937 10.0 17.175 0
175844 19.937 10.0 17.175 0
175915 19.937 10.0 17.175 0
175945 19.937 10.0 17.175 0
180015 19.937 10.0 17.175 0
180045 19.875 10.0 17.175 0
180116 19.875 10.0 17.175 0
180146 19.875 10.0 17.175 0
180216 19.875 10.0 17.175 0
180249 19.875 10.0 17.175 0
180319 19.875 10.0 17.175 0
180349 19.875 10.0 17.175 0
180419 19.875 10.0 17.175 0
180450 19.875 10.0 17.175 0
180520 19.937 10.0 17.175 0
180551 19.937 10.0 17.175 0
180621 19.937 10.0 17.175 0
180651 19.937 10.0 17.175 0
180722 19.937 10.0 17.175 0
180754 19.937 10.0 17.175 0
180825 19.937 10.0 17.175 0
180855 19.937 10.0 17.175 0
180926 19.937 10.0 17.175 0
180957 19.937 10.0 17.175 0
181027 19.937 10.0 17.175 0
181057 19.937 10.0 17.175 0
181128 19.937 10.0 17.175 0
181158 19.937 10.0 17.175 0
181228 19.937 10.0 17.175 0
181259 19.937 10.0 17.175 0
181329 19.937 10.0 17.175 0
181359 19.937 10.0 17.175 0
181429 19.937 10.0 17.175 0
181500 19.937 10.0 17.175 0
181530 19.937 10.0 17.175 0
181601 19.937 10.0 17.175 0
181631 19.937 10.0 17.175 0
181702 19.937 10.0 17.175 0
181732 19.937 10.0 17.175 0
181802 19.937 10.0 17.175 0
181833 19.937 10.0 17.175 0
181903 19.937 10.0 17.175 0
181934 19.937 10.0 17.175 0
182005 19.937 10.0 17.175 0
182035 19.937 10.0 17.175 0
182106 19.937 10.0 17.175 0
182137 19.937 10.0 17.175 0
182207 19.937 10.0 17.175 0
182238 19.937 10.0 17.175 0
182308 19.937 10.0 17.175 0
182338 19.937 10.0 17.175 0
182408 19.937 10.0 17.175 0
182439 19.937 10.0 17.175 0
182509 19.937 10.0 17.175 0
182539 19.937 10.0 17.175 0
182609 19.937 10.0 17.175 0
182640 19.937 10.0 17.175 0
182710 19.937 10.0 17.175 0
182740 19.937 10.0 17.175 0
182811 19.937 10.0 17.175 0
182841 19.937 10.0 17.175 0
182912 19.937 10.0 17.175 0
182942 19.937 10.0 17.175 0
183013 19.937 10.0 17.175 0
183043 20.0 10.0 17.175 0
183113 20.0 10.0 17.175 0
183143 20.0 10.0 17.175 0
183213 20.0 10.0 17.175 0
183244 20.0 10.0 17.175 0
183314 19.937 10.0 17.175 0
183344 19.937 10.0 17.175 0
183415 19.937 10.0 17.175 0
183445 19.937 10.0 17.175 0
183516 19.937 10.0 17.175 0
183546 19.937 10.0 17.175 0
183616 19.937 10.0 17.175 0
183647 19.937 10.0 17.175 0
183717 19.937 10.0 17.175 0
183748 19.937 10.0 17.175 0
183818 19.937 10.0 17.175 0
183849 19.937 10.0 17.175 0
183920 19.937 10.0 17.175 0
183950 19.937 10.0 17.175 0
184021 19.937 10.0 17.175 0
184051 20.0 10.0 17.175 0
184121 20.0 10.0 17.175 0
184152 20.0 10.0 17.175 0
184223 20.0 10.0 17.175 0
184256 20.0 10.0 17.175 0
184327 20.0 10.0 17.175 0
184357 20.0 10.0 17.175 0
184428 20.0 10.0 17.237 0
184458 20.0 10.0 17.175 0
184528 20.0 10.0 17.175 0
184558 20.0 10.0 17.175 0
184629 20.0 10.0 17.175 0
184659 20.0 10.0 17.175 0
184729 20.0 10.0 17.175 0
184759 20.0 10.0 17.175 0
184830 20.0 10.0 17.175 0
184900 20.0 10.0 17.175 0
184930 20.0 10.0 17.175 0
185000 20.0 10.0 17.175 0
185031 20.0 10.0 17.175 0
185101 20.0 10.0 17.175 0
185132 20.0 10.0 17.175 0
185202 20.0 10.0 17.175 0
185232 20.0 10.0 17.237 0
185302 20.0 10.0 17.175 0
185332 20.0 10.0 17.175 0
185403 20.0 10.0 17.175 0
185434 20.0 10.0 17.175 0
185504 20.0 10.0 17.175 0
185534 20.0 10.0 17.175 0
185605 20.0 10.0 17.175 0
185635 20.0 10.0 17.175 0
185706 20.0 10.0 17.175 0
185737 20.0 10.0 17.237 0
185807 20.0 10.0 17.175 0
185838 20.0 10.0 17.175 0
185908 20.0 10.0 17.175 0
185939 20.0 10.0 17.175 0
190009 20.0 10.0 17.237 0
190039 20.0 10.0 17.175 0
190109 20.0 10.0 17.175 0
190140 20.0 10.0 17.237 0
190210 20.0 10.0 17.175 0
190241 20.0 10.0 17.237 0
190312 20.0 10.0 17.175 0
190342 20.0 10.0 17.175 0
190413 20.0 10.0 17.237 0
190444 20.0 10.0 17.237 0
190514 20.0 10.0 17.237 0
190544 20.0 10.0 17.175 0
190615 20.0 10.0 17.175 0
190645 20.0 10.0 17.237 0
190715 20.0 10.0 17.175 0
190746 20.0 10.0 17.237 0
190816 20.0 10.0 17.175 0
190846 20.0 10.0 17.175 0
190917 20.0 10.0 17.175 0
190947 20.0 10.0 17.175 0
191017 20.0 10.0 17.237 0
191048 20.0 10.0 17.175 0
191118 20.0 10.0 17.237 0
191148 20.0 10.0 17.175 0
191219 20.0 10.0 17.237 0
191249 20.0 10.0 17.237 0
191320 20.0 10.0 17.237 0
191351 20.0 10.0 17.175 0
191422 20.0 10.0 17.175 0
191452 20.0 10.0 17.237 0
191523 20.0 10.0 17.237 0
191553 20.0 10.0 17.237 0
191623 20.0 10.0 17.175 0
191653 20.0 10.0 17.237 0
191724 20.0 10.0 17.237 0
191754 20.0 10.0 17.237 0
191824 20.062 10.0 17.237 0
191855 20.062 10.0 17.237 0
191925 20.062 10.0 17.237 0
191956 20.062 10.0 17.237 0
192026 20.062 10.0 17.237 0
192057 20.0 10.0 17.175 0
192127 20.0 10.0 17.237 0
192157 20.0 10.0 17.175 0
192228 20.0 10.0 17.175 0
192258 20.0 10.0 17.237 0
192328 20.0 10.0 17.237 0
192358 20.0 10.0 17.237 0
192429 20.0 10.0 17.237 0
192459 20.0 10.0 17.237 0
192530 20.0 10.0 17.175 0
192600 20.0 10.0 17.237 0
192630 20.0 10.0 17.237 0
192700 20.0 10.0 17.237 0
192730 20.0 10.0 17.237 0
192803 20.0 10.0 17.237 0
192833 20.0 10.0 17.237 0
192904 20.0 10.0 17.237 0
192935 20.0 10.0 17.237 0
193006 20.0 10.0 17.237 0
193036 20.062 10.0 17.175 0
193107 20.062 10.0 17.237 0
193137 20.062 10.0 17.175 0
193208 20.062 10.0 17.237 0
193238 20.062 10.0 17.237 0
193309 20.0 10.0 17.237 0
193339 20.0 10.0 17.175 0
193410 20.0 10.0 17.237 0
193440 20.0 10.0 17.237 0
193511 20.0 10.0 17.237 0
193542 20.0 10.0 17.237 0
193612 20.0 10.0 17.237 0
193642 20.0 10.0 17.237 0
193713 20.0 10.0 17.237 0
193743 20.0 10.0 17.237 0
193814 20.0 10.0 17.237 0
193844 20.0 10.0 17.237 0
193915 20.0 10.0 17.237 0
193945 20.0 10.0 17.237 0
194015 20.0 10.0 17.237 0
194045 20.062 10.0 17.237 0
194116 20.062 10.0 17.237 0
194146 20.062 10.0 17.237 0
194216 20.062 10.0 17.237 0
194246 20.062 10.0 17.237 0
194317 20.0 10.0 17.175 0
194347 20.0 10.0 17.237 0
194417 20.0 10.0 17.237 0
194448 20.0 10.0 17.237 0
194518 20.0 10.0 17.237 0
194549 20.0 10.0 17.237 0
194619 20.0 10.0 17.237 0
194650 20.0 10.0 17.237 0
194720 20.0 10.0 17.237 0
194750 20.0 10.0 17.237 0
194821 20.062 10.0 17.237 0
194851 20.062 10.0 17.237 0
194921 20.062 10.0 17.175 0
194952 20.062 10.0 17.237 0
195022 20.062 10.0 17.237 0
195053 20.0 10.0 17.237 0
195123 20.0 10.0 17.237 0
195153 20.0 10.0 17.237 0
195224 20.0 10.0 17.237 0
195254 20.0 10.0 17.237 0
195325 20.0 10.0 17.237 0
195355 20.0 10.0 17.237 0
195425 20.0 10.0 17.237 0
195456 20.0 10.0 17.237 0
195526 20.0 10.0 17.237 0
195556 20.062 10.0 17.237 0
195626 20.062 10.0 17.237 0
195657 20.062 10.0 17.237 0
195727 20.062 10.0 17.237 0
195758 20.062 10.0 17.237 0
195828 20.0 10.0 17.237 0
195858 20.0 10.0 17.237 0
195929 20.0 10.0 17.237 0
195959 20.0 10.0 17.237 0
200030 20.0 10.0 17.237 0
200100 20.0 10.0 17.237 0
200130 20.0 10.0 17.237 0
200200 20.0 10.0 17.237 0
200230 20.0 10.0 17.237 0
200301 20.0 10.0 17.237 0
200331 20.0 10.0 17.237 0
200401 20.0 10.0 17.237 0
200431 20.0 10.0 17.237 0
200502 20.0 10.0 17.237 0
200533 20.0 10.0 17.237 0
200603 20.0 10.0 17.237 0
200633 20.0 10.0 17.237 0
200703 20.0 10.0 17.237 0
200733 20.0 10.0 17.237 0
200803 20.0 10.0 17.237 0
200834 20.0 10.0 17.237 0
200904 20.0 10.0 17.237 0
200935 20.0 10.0 17.237 0
201005 20.0 10.0 17.237 0
201035 20.0 10.0 17.237 0
201106 20.0 10.0 17.237 0
201136 20.0 10.0 17.237 0
201207 20.0 10.0 17.237 0
201237 20.0 10.0 17.237 0
201307 20.0 10.0 17.237 0
201337 20.0 10.0 17.237 0
201407 20.0 10.0 17.237 0
201438 20.0 10.0 17.237 0
201508 20.0 10.0 17.237 0
201540 20.0 10.0 17.237 0
201610 20.0 10.0 17.237 0
201641 20.0 10.0 17.237 0
201711 20.0 10.0 17.237 0
201742 20.0 10.0 17.237 0
201812 20.0 10.0 17.237 0
201842 20.0 10.0 17.237 0
201913 20.0 10.0 17.237 0
201943 20.0 10.0 17.237 0
202013 20.0 10.0 17.237 0
202044 20.0 10.0 17.237 0
202114 20.0 10.0 17.237 0
202144 20.0 10.0 17.237 0
202214 20.0 10.0 17.237 0
202244 20.0 10.0 17.237 0
202314 20.0 10.0 17.237 0
202344 20.0 10.0 17.237 0
202415 20.0 10.0 17.237 0
202446 20.0 10.0 17.237 0
202516 20.0 10.0 17.237 0
202547 20.0 10.0 17.237 0
202617 20.0 10.0 17.237 0
202647 20.0 10.0 17.237 0
202718 20.0 10.0 17.237 0
202749 20.0 10.0 17.237 0
202819 20.0 10.0 17.237 0
202849 20.0 10.0 17.237 0
202919 20.0 10.0 17.237 0
202950 20.0 10.0 17.237 0
203020 20.0 10.0 17.237 0
203050 20.0 10.0 17.237 0
203121 20.0 10.0 17.237 0
203151 20.0 10.0 17.237 0
203221 20.0 10.0 17.237 0
203251 20.0 10.0 17.237 0
203322 20.0 10.0 17.237 0
203352 20.0 10.0 17.237 0
203423 20.0 10.0 17.237 0
203453 20.0 10.0 17.237 0
203523 20.0 10.0 17.237 0
203554 20.0 10.0 17.237 0
203624 20.0 10.0 17.237 0
203655 20.0 10.0 17.237 0
203725 20.0 10.0 17.237 0
203755 20.0 10.0 17.237 0
203826 20.0 10.0 17.237 0
203857 20.0 10.0 17.237 0
203927 20.0 10.0 17.237 0
203958 20.0 10.0 17.237 0
204029 20.0 10.0 17.237 0
204059 20.0 10.0 17.237 0
204130 20.0 10.0 17.237 0
204201 20.0 10.0 17.237 0
204232 20.0 10.0 17.237 0
204302 20.0 10.0 17.237 0
204333 20.0 10.0 17.237 0
204404 20.0 10.0 17.237 0
204434 20.0 10.0 17.237 0
204505 20.0 10.0 17.237 0
204535 20.0 10.0 17.237 0
204605 20.0 10.0 17.237 0
204636 20.0 10.0 17.237 0
204706 20.0 10.0 17.237 0
204736 20.0 10.0 17.237 0
204807 20.0 10.0 17.237 0
204837 20.0 10.0 17.237 0
204908 20.0 10.0 17.237 0
204938 20.0 10.0 17.237 0
205009 20.0 10.0 17.237 0
205039 20.0 10.0 17.237 0
205110 19.937 10.0 17.237 0
205140 19.937 10.0 17.237 0
205210 19.937 10.0 17.237 0
205241 19.937 10.0 17.237 0
205311 19.937 10.0 17.237 0
205341 19.937 10.0 17.237 0
205411 19.937 10.0 17.237 0
205442 19.937 10.0 17.237 0
205512 19.937 10.0 17.237 0
205542 19.937 10.0 17.237 0
205613 19.937 10.0 17.237 0
205644 19.937 10.0 17.237 0
205714 19.937 10.0 17.237 0
205744 19.937 10.0 17.237 0
205816 20.0 10.0 17.237 0
205846 20.0 10.0 17.237 0
205916 20.0 10.0 17.237 0
205947 20.0 10.0 17.237 0
210017 20.0 10.0 17.237 0
210047 19.937 10.0 17.237 0
210117 19.937 10.0 17.237 0
210147 19.937 10.0 17.237 0
210218 19.937 10.0 17.237 0
210248 19.937 10.0 17.237 0
210318 19.937 10.0 17.237 0
210349 19.937 10.0 17.237 0
210419 19.937 10.0 17.237 0
210449 19.937 10.0 17.237 0
210519 19.937 10.0 17.237 0
210549 19.937 10.0 17.237 0
210620 19.937 10.0 17.237 0
210651 19.937 10.0 17.237 0
210722 19.937 10.0 17.237 0
210752 19.937 10.0 17.237 0
210822 19.937 10.0 17.237 0
210852 19.937 10.0 17.237 0
210922 19.937 10.0 17.237 0
210953 19.937 10.0 17.237 0
211023 19.937 10.0 17.237 0
211053 19.937 10.0 17.237 0
211123 19.937 10.0 17.237 0
211154 19.937 10.0 17.237 0
211224 19.937 10.0 17.237 0
211255 19.937 10.0 17.237 0
211325 20.0 10.0 17.237 0
211355 20.0 10.0 17.237 0
211425 20.0 10.0 17.237 0
211456 20.0 10.0 17.237 0
211527 20.0 10.0 17.237 0
211557 19.937 10.0 17.237 0
211627 19.937 10.0 17.237 0
211658 19.937 10.0 17.237 0
211728 19.937 10.0 17.237 0
211758 19.937 10.0 17.237 0
211829 19.937 10.0 17.237 0
211859 19.937 10.0 17.237 0
211929 19.937 10.0 17.237 0
212000 19.937 10.0 17.237 0
212030 19.937 10.0 17.237 0
212100 19.937 10.0 17.237 0
212131 19.937 10.0 17.237 0
212201 19.937 10.0 17.237 0
212232 19.937 10.0 17.237 0
212302 19.937 10.0 17.237 0
212332 20.0 10.0 17.237 0
212403 20.0 10.0 17.237 0
212433 20.0 10.0 17.237 0
212503 20.0 10.0 17.237 0
212534 20.0 10.0 17.237 0
212604 20.0 10.0 17.237 0
212634 20.0 10.0 17.237 0
212705 20.0 10.0 17.237 0
212736 20.0 10.0 17.237 0
212807 20.0 10.0 17.237 0
212837 19.937 10.0 17.237 0
212907 19.937 10.0 17.237 0
212938 19.937 10.0 17.237 0
213008 19.937 10.0 17.237 0
213039 19.937 10.0 17.237 0
213109 20.0 10.0 17.237 0
213139 20.0 10.0 17.237 0
213209 20.0 10.0 17.237 0
213240 20.0 10.0 17.237 0
213310 20.0 10.0 17.237 0
213341 20.0 10.0 17.237 0
213411 20.0 10.0 17.237 0
213441 20.0 10.0 17.237 0
213511 20.0 10.0 17.237 0
213541 20.0 10.0 17.237 0
213612 19.937 10.0 17.237 0
213642 19.937 10.0 17.237 0
213712 19.937 10.0 17.237 0
213742 19.937 10.0 17.237 0
213812 19.937 10.0 17.237 0
213843 19.937 10.0 17.237 0
213913 19.937 10.0 17.237 0
213944 19.937 10.0 17.237 0
214014 19.937 10.0 17.237 0
214044 19.937 10.0 17.237 0
214115 20.0 10.0 17.237 0
214145 20.0 10.0 17.175 0
214215 20.0 10.0 17.237 0
214246 20.0 10.0 17.237 0
214316 20.0 10.0 17.237 0
214346 20.0 10.0 17.237 0
214417 20.0 10.0 17.237 0
214447 20.0 10.0 17.237 0
214518 20.0 10.0 17.237 0
214549 20.0 10.0 17.237 0
214619 19.937 10.0 17.237 0
214649 19.937 10.0 17.237 0
214719 19.937 10.0 17.237 0
214749 19.937 10.0 17.237 0
214820 19.937 10.0 17.237 0
214850 20.0 10.0 17.237 0
214921 20.0 10.0 17.237 0
214951 20.0 10.0 17.237 0
215021 20.0 10.0 17.237 0
215051 20.0 10.0 17.237 0
215122 20.0 10.0 17.237 0
215153 20.0 10.0 17.237 0
215223 20.0 10.0 17.237 0
215254 20.0 10.0 17.237 0
215326 20.0 10.0 17.237 0
215357 20.0 10.0 17.237 0
215427 20.0 10.0 17.237 0
215458 20.0 10.0 17.237 0
215528 20.0 10.0 17.237 0
215559 20.0 10.0 17.237 0
215629 20.0 10.0 17.237 0
215659 20.0 10.0 17.237 0
215729 20.0 10.0 17.237 0
215759 20.0 10.0 17.237 0
215830 20.0 10.0 17.237 0
215900 20.0 10.0 17.237 0
215931 20.0 10.0 17.237 0
220001 20.0 10.0 17.237 0
220031 20.0 10.0 17.237 0
220101 20.0 10.0 17.237 0
220132 20.0 10.0 17.237 0
220202 20.0 10.0 17.237 0
220233 20.0 10.0 17.237 0
220303 20.0 10.0 17.237 0
220333 19.937 10.0 17.237 0
220403 19.937 10.0 17.237 0
220433 19.937 10.0 17.237 0
220504 19.937 10.0 17.237 0
220534 19.937 10.0 17.237 0
220604 20.0 10.0 17.237 0
220634 20.0 10.0 17.237 0
220705 20.0 10.0 17.237 0
220735 20.0 10.0 17.237 0
220805 20.0 10.0 17.237 0
220835 20.0 10.0 17.237 0
220906 20.0 10.0 17.237 0
220937 20.0 10.0 17.237 0
221007 20.0 10.0 17.237 0
221038 20.0 10.0 17.237 0
221109 20.0 10.0 17.237 0
221139 20.0 10.0 17.237 0
221209 20.0 10.0 17.237 0
221240 20.0 10.0 17.237 0
221311 20.0 10.0 17.237 0
221342 20.0 10.0 17.237 0
221412 20.0 10.0 17.237 0
221442 20.0 10.0 17.237 0
221513 20.0 10.0 17.237 0
221543 20.0 10.0 17.237 0
221613 20.0 10.0 17.237 0
221643 20.0 10.0 17.237 0
221714 20.0 10.0 17.237 0
221744 20.0 10.0 17.237 0
221814 20.0 10.0 17.237 0
221845 20.0 10.0 17.237 0
221915 20.0 10.0 17.237 0
221945 20.0 10.0 17.237 0
222016 20.0 10.0 17.237 0
222046 20.0 10.0 17.237 0
222117 19.937 10.0 17.237 0
222147 19.937 10.0 17.237 0
222217 19.937 10.0 17.237 0
222247 19.937 10.0 17.237 0
222317 19.937 10.0 17.237 0
222348 19.937 10.0 17.237 0
222418 19.937 10.0 17.237 0
222448 19.937 10.0 17.237 0
222519 19.937 10.0 17.237 0
222550 19.937 10.0 17.237 0
222620 19.937 10.0 17.237 0
222651 19.937 10.0 17.237 0
222721 19.937 10.0 17.237 0
222752 19.937 10.0 17.237 0
222822 19.937 10.0 17.237 0
222852 19.937 10.0 17.237 0
222922 19.937 10.0 17.237 0
222953 19.937 10.0 17.237 0
223023 19.937 10.0 17.237 0
223053 19.937 10.0 17.237 0
223124 19.937 10.0 17.237 0
223155 19.937 10.0 17.237 0
223225 19.937 10.0 17.237 0
223256 19.937 10.0 17.237 0
223326 19.937 10.0 17.237 0
223357 19.937 10.0 17.237 0
223427 19.937 10.0 17.237 0
223458 19.937 10.0 17.237 0
223529 19.937 10.0 17.237 0
223559 19.937 10.0 17.237 0
223629 19.937 10.0 17.237 0
223659 19.937 10.0 17.237 0
223730 19.937 10.0 17.237 0
223800 19.937 10.0 17.237 0
223832 19.937 10.0 17.237 0
223903 19.937 10.0 17.237 0
223934 19.937 10.0 17.237 0
224004 19.937 10.0 17.237 0
224035 19.937 10.0 17.237 0
224105 19.937 10.0 17.237 0
224135 19.937 10.0 17.237 0
224205 19.937 10.0 17.237 0
224236 19.937 10.0 17.237 0
224306 19.937 10.0 17.237 0
224337 19.937 10.0 17.237 0
224407 19.937 10.0 17.237 0
224437 19.937 10.0 17.237 0
224508 19.937 10.0 17.237 0
224538 19.937 10.0 17.237 0
224608 19.937 10.0 17.237 0
224639 19.937 10.0 17.237 0
224709 19.937 10.0 17.237 0
224739 19.937 10.0 17.237 0
224809 19.937 10.0 17.237 0
224839 19.937 10.0 17.237 0
224910 19.937 10.0 17.237 0
224940 19.937 10.0 17.237 0
225010 19.937 10.0 17.237 0
225041 19.937 10.0 17.237 0
225111 19.937 10.0 17.237 0
225141 19.937 10.0 17.237 0
225212 19.937 10.0 17.237 0
225242 19.937 10.0 17.237 0
225312 19.937 10.0 17.237 0
225343 19.937 10.0 17.237 0
225414 19.937 10.0 17.237 0
225444 19.937 10.0 17.237 0
225514 19.937 10.0 17.237 0
225544 19.937 10.0 17.237 0
225615 19.937 10.0 17.237 0
225645 19.937 10.0 17.237 0
225715 19.937 10.0 17.237 0
225746 19.937 10.0 17.237 0
225816 19.937 10.0 17.237 0
225846 19.937 10.0 17.237 0
225917 19.937 10.0 17.237 0
225947 19.937 10.0 17.237 0
230017 19.937 10.0 17.237 0
230048 19.937 10.0 17.237 0
230118 19.937 10.0 17.237 0
230148 19.937 10.0 17.237 0
230219 19.937 10.0 17.237 0
230249 19.937 10.0 17.237 0
230319 19.937 10.0 17.237 0
230350 19.937 10.0 17.237 0
230421 19.937 10.0 17.237 0
230451 19.937 10.0 17.237 0
230522 19.937 10.0 17.237 0
230553 19.937 10.0 17.237 0
230623 19.937 10.0 17.237 0
230653 19.937 10.0 17.237 0
230723 19.937 10.0 17.237 0
230753 19.937 10.0 17.237 0
230824 19.937 10.0 17.237 0
230854 19.937 10.0 17.237 0
230924 19.937 10.0 17.237 0
230955 19.937 10.0 17.237 0
231025 19.937 10.0 17.237 0
231055 19.937 10.0 17.237 0
231126 19.937 10.0 17.237 0
231156 19.937 10.0 17.237 0
231226 19.937 10.0 17.237 0
231256 19.937 10.0 17.237 0
231327 19.937 10.0 17.237 0
231357 19.937 10.0 17.237 0
231427 19.937 10.0 17.237 0
231458 19.937 10.0 17.237 0
231528 19.937 10.0 17.237 0
231558 19.937 10.0 17.237 0
231628 19.875 10.0 17.237 0
231659 19.875 10.0 17.237 0
231729 19.875 10.0 17.237 0
231759 19.875 10.0 17.237 0
231830 19.875 10.0 17.237 0
231900 19.937 10.0 17.237 0
231931 19.937 10.0 17.237 0
232002 19.937 10.0 17.237 0
232032 19.937 10.0 17.237 0
232102 19.937 10.0 17.237 0
232133 19.937 10.0 17.237 0
232203 19.937 10.0 17.237 0
232234 19.937 10.0 17.237 0
232304 19.937 10.0 17.237 0
232335 19.937 10.0 17.237 0
232405 19.875 10.0 17.237 0
232435 19.875 10.0 17.237 0
232506 19.875 10.0 17.237 0
232536 19.875 10.0 17.237 0
232609 19.937 10.0 17.237 0
232639 19.937 10.0 17.237 0
232709 19.937 10.0 17.237 0
232740 19.937 10.0 17.237 0
232810 19.937 10.0 17.237 0
232841 19.937 10.0 17.237 0
232911 19.937 10.0 17.237 0
232941 19.937 10.0 17.237 0
233011 19.937 10.0 17.237 0
233042 19.937 10.0 17.237 0
233112 19.875 10.0 17.237 0
233142 19.875 10.0 17.237 0
233212 19.875 10.0 17.237 0
233243 19.875 10.0 17.237 0
233313 19.875 10.0 17.237 0
233344 19.875 10.0 17.237 0
233415 19.875 10.0 17.237 0
233445 19.875 10.0 17.237 0
233516 19.875 10.0 17.237 0
233546 19.875 10.0 17.237 0
233617 19.875 10.0 17.237 0
233647 19.875 10.0 17.237 0
233717 19.875 10.0 17.237 0
233748 19.875 10.0 17.237 0
233818 19.875 10.0 17.237 0
233848 19.875 10.0 17.237 0
233918 19.875 10.0 17.237 0
233949 19.875 10.0 17.237 0
234019 19.875 10.0 17.237 0
234049 19.875 10.0 17.237 0
234119 19.875 10.0 17.237 0
234150 19.875 10.0 17.237 0
234220 19.875 10.0 17.237 0
234250 19.875 10.0 17.237 0
234320 19.875 10.0 17.237 0
234351 19.875 10.0 17.237 0
234421 19.875 10.0 17.237 0
234452 19.875 10.0 17.237 0
234522 19.875 10.0 17.237 0
234552 19.875 10.0 17.237 0
234623 19.875 10.0 17.237 0
234653 19.875 10.0 17.237 0
234723 19.875 10.0 17.237 0
234754 19.875 10.0 17.237 0
234824 19.875 10.0 17.237 0
234854 19.875 10.0 17.237 0
234925 19.875 10.0 17.237 0
234955 19.875 10.0 17.237 0
235025 19.875 10.0 17.237 0
235055 19.875 10.0 17.237 0
235126 19.875 10.0 17.237 0
235156 19.875 10.0 17.237 0
235226 19.875 10.0 17.237 0
235257 19.875 10.0 17.237 0
235327 19.875 10.0 17.237 0
235357 19.875 10.0 17.237 0
235427 19.875 10.0 17.237 0
235457 19.875 10.0 17.237 0
235527 19.875 10.0 17.237 0
235558 19.875 10.0 17.237 0
235628 19.875 10.0 17.237 0
235658 19.875 10.0 17.237 0
235728 19.875 10.0 17.237 0
235759 19.875 10.0 17.237 0
235829 19.875 10.0 17.237 0
235900 19.875 10.0 17.237 0
