235910 20.562 10.0 67.987 0
235941 20.562 10.0 67.925 0
000011 20.562 10.0 67.925 0
000042 20.562 10.0 67.925 0
000112 20.562 10.0 67.925 0
000142 20.562 10.0 67.925 0
000213 20.562 10.0 67.862 0
000243 20.562 10.0 67.862 0
000314 20.562 10.0 67.862 0
000347 20.562 10.0 67.862 0
000417 20.562 10.0 67.8 0
000447 20.562 10.0 67.8 0
000517 20.562 10.0 67.8 0
000548 20.562 10.0 67.8 0
000618 20.562 10.0 67.8 0
000648 20.562 10.0 67.737 0
000719 20.562 10.0 67.737 0
000750 20.562 10.0 67.737 0
000820 20.562 10.0 67.737 0
000850 20.5 10.0 67.675 0
000921 20.5 10.0 67.675 0
000952 20.5 10.0 67.675 0
001023 20.5 10.0 67.612 0
001053 20.5 10.0 67.612 0
001124 20.5 10.0 67.612 0
001155 20.5 10.0 67.612 0
001225 20.5 10.0 67.612 0
001255 20.5 10.0 67.55 0
001326 20.5 10.0 67.55 0
001356 20.5 10.0 67.55 0
001426 20.5 10.0 67.55 0
001457 20.5 10.0 67.487 0
001527 20.5 10.0 67.487 0
001558 20.5 10.0 67.487 0
001628 20.5 10.0 67.425 0
001659 20.5 10.0 67.425 0
001730 20.5 10.0 67.425 0
001801 20.5 10.0 67.362 0
001831 20.5 10.0 67.362 0
001901 20.5 10.0 67.362 0
001931 20.5 10.0 67.3 0
002002 20.5 10.0 67.3 0
002033 20.5 10.0 67.3 0
002103 20.5 10.0 67.237 0
002134 20.437 10.0 67.237 0
002204 20.437 10.0 67.237 0
002235 20.437 10.0 67.175 0
002306 20.437 10.0 67.175 0
002336 20.437 10.0 67.175 0
002407 20.437 10.0 67.175 0
002438 20.437 10.0 67.175 0
002508 20.437 10.0 67.237 0
002539 20.437 10.0 67.3 0
002609 20.437 10.0 67.3 0
002640 20.437 10.0 67.362 0
002710 20.437 10.0 67.362 0
002741 20.437 10.0 67.362 0
002811 20.437 10.0 67.362 0
002842 20.437 10.0 67.362 0
002912 20.437 10.0 67.362 0
002943 20.437 10.0 67.3 0
003014 20.437 10.0 67.3 0
003044 20.437 10.0 67.3 0
003114 20.437 10.0 67.3 0
003145 20.437 10.0 67.3 0
003215 20.437 10.0 67.237 0
003246 20.437 10.0 67.237 0
003317 20.437 10.0 67.237 0
003347 20.437 10.0 67.237 0
003418 20.437 10.0 67.237 0
003448 20.437 10.0 67.175 0
003519 20.437 10.0 67.175 0
003550 20.437 10.0 67.175 0
003622 20.375 10.0 67.175 0
003652 20.375 10.0 67.112 0
003723 20.375 10.0 67.112 0
003753 20.375 10.0 67.112 0
003824 20.375 10.0 67.05 0
003854 20.437 10.0 67.05 0
003925 20.437 10.0 67.05 0
003955 20.437 10.0 67.05 0
004025 20.437 10.0 66.987 0
004055 20.437 10.0 66.987 0
004126 20.375 10.0 66.925 0
004156 20.375 10.0 66.925 0
004227 20.375 10.0 66.925 0
004257 20.375 10.0 66.862 0
004328 20.375 10.0 66.862 0
004359 20.375 10.0 66.8 0
004429 20.375 10.0 66.8 0
004459 20.375 10.0 66.8 0
004530 20.375 10.0 66.737 0
004601 20.375 10.0 66.737 0
004632 20.375 10.0 66.737 0
004702 20.375 10.0 66.675 0
004733 20.375 10.0 66.675 0
004804 20.375 10.0 66.675 0
004834 20.375 10.0 66.612 0
004904 20.375 10.0 66.612 0
004934 20.375 10.0 66.612 0
005004 20.375 10.0 66.55 0
005035 20.375 10.0 66.55 0
005106 20.375 10.0 66.55 0
005136 20.375 10.0 66.487 0
005206 20.375 10.0 66.487 0
005237 20.375 10.0 66.487 0
005307 20.375 10.0 66.425 0
005338 20.375 10.0 66.425 0
005409 20.375 10.0 66.425 0
005439 20.375 10.0 66.362 0
005509 20.375 10.0 66.362 0
005540 20.375 10.0 66.3 0
005611 20.375 10.0 66.3 0
005641 20.375 10.0 66.3 0
005712 20.375 10.0 66.237 0
005743 20.375 10.0 66.237 0
005814 20.375 10.0 66.237 0
005844 20.375 10.0 66.175 0
005915 20.375 10.0 66.175 0
005945 20.375 10.0 66.112 0
010016 20.375 10.0 66.112 0
010046 20.375 10.0 66.112 0
010117 20.375 10.0 66.05 0
010147 20.375 10.0 66.05 0
010217 20.375 10.0 65.987 0
010248 20.375 10.0 65.987 0
010318 20.375 10.0 65.925 0
010348 20.375 10.0 65.862 0
010419 20.312 10.0 65.862 0
010449 20.312 10.0 65.8 0
010520 20.312 10.0 65.8 0
010550 20.312 10.0 65.737 0
010620 20.312 10.0 65.737 0
010651 20.375 10.0 65.675 0
010721 20.375 10.0 65.675 0
010751 20.375 10.0 65.612 0
010821 20.375 10.0 65.612 0
010852 20.375 10.0 65.55 0
010922 20.312 10.0 65.55 0
010952 20.312 10.0 65.487 0
011023 20.312 10.0 65.487 0
011053 20.312 10.0 65.487 0
011125 20.312 10.0 65.425 0
011156 20.312 10.0 65.425 0
011227 20.312 10.0 65.362 0
011257 20.312 10.0 65.362 0
011328 20.312 10.0 65.362 0
011359 20.312 10.0 65.3 0
011429 20.312 10.0 65.237 0
011500 20.312 10.0 65.237 0
011531 20.312 10.0 65.175 0
011601 20.312 10.0 65.175 0
011632 20.312 10.0 65.112 0
011703 20.312 10.0 65.112 0
011734 20.312 10.0 65.112 0
011804 20.312 10.0 65.05 0
011835 20.312 10.0 65.05 0
011905 20.312 10.0 64.987 0
011936 20.312 10.0 64.925 0
012007 20.312 10.0 64.925 0
012037 20.312 10.0 64.925 0
012108 20.312 10.0 64.862 0
012139 20.25 10.0 64.862 0
012209 20.25 10.0 64.8 0
012240 20.25 10.0 64.8 0
012310 20.25 10.0 64.737 0
012341 20.25 10.0 64.737 0
012411 20.312 10.0 64.675 0
012441 20.312 10.0 64.612 0
012512 20.312 10.0 64.55 0
012543 20.312 10.0 64.487 0
012613 20.312 10.0 64.487 0
012644 20.25 10.0 64.425 0
012715 20.25 10.0 64.425 0
012745 20.25 10.0 64.425 0
012816 20.25 10.0 64.425 0
012846 20.25 10.0 64.425 0
012917 20.25 10.0 64.362 0
012947 20.25 10.0 64.362 0
013017 20.25 10.0 64.362 0
013048 20.25 10.0 64.3 0
013118 20.25 10.0 64.3 0
013149 20.25 10.0 64.3 0
013220 20.25 10.0 64.237 0
013251 20.25 10.0 64.237 0
013321 20.25 10.0 64.237 0
013351 20.25 10.0 64.175 0
013422 20.312 10.0 64.175 0
013452 20.312 10.0 64.175 0
013523 20.312 10.0 64.112 0
013553 20.312 10.0 64.112 0
013624 20.312 10.0 64.05 0
013654 20.25 10.0 64.05 0
013725 20.25 10.0 63.987 0
013755 20.25 10.0 63.987 0
013826 20.25 10.0 63.987 0
013856 20.25 10.0 63.925 0
013927 20.25 10.0 63.925 0
013957 20.25 10.0 63.862 0
014028 20.25 10.0 63.862 0
014059 20.25 10.0 63.8 0
014130 20.25 10.0 63.8 0
014200 20.25 10.0 63.737 0
014231 20.25 10.0 63.737 0
014301 20.25 10.0 63.737 0
014331 20.25 10.0 63.675 0
014401 20.25 10.0 63.675 0
014432 20.25 10.0 63.612 0
014502 20.25 10.0 63.612 0
014532 20.25 10.0 63.55 0
014603 20.25 10.0 63.487 0
014634 20.25 10.0 63.425 0
014704 20.25 10.0 63.362 0
014735 20.25 10.0 63.3 0
014805 20.25 10.0 63.237 0
014835 20.25 10.0 63.175 0
014906 20.25 10.0 63.112 0
014937 20.25 10.0 63.05 0
015008 20.25 10.0 62.987 0
015038 20.25 10.0 62.987 0
015109 20.25 10.0 62.925 0
015140 20.25 10.0 62.925 0
015210 20.25 10.0 62.862 0
015241 20.25 10.0 62.8 0
015312 20.25 10.0 62.8 0
015342 20.25 10.0 62.737 0
015413 20.187 10.0 62.675 0
015443 20.187 10.0 62.675 0
015514 20.187 10.0 62.612 0
015544 20.187 10.0 62.612 0
015615 20.187 10.0 62.55 0
015646 20.187 10.0 62.55 0
015716 20.187 10.0 62.487 0
015747 20.187 10.0 62.487 0
015818 20.187 10.0 62.425 0
015848 20.187 10.0 62.425 0
015919 20.187 10.0 62.362 0
015950 20.187 10.0 62.3 0
020021 20.187 10.0 62.3 0
020051 20.187 10.0 62.237 0
020122 20.187 10.0 62.237 0
020152 20.187 10.0 62.175 0
020223 20.187 10.0 62.112 0
020253 20.187 10.0 62.112 0
020324 20.187 10.0 62.05 0
020355 20.187 10.0 62.05 0
020425 20.187 10.0 61.987 0
020456 20.187 10.0 61.987 0
020527 20.187 10.0 61.925 0
020557 20.187 10.0 61.862 0
020628 20.187 10.0 61.862 0
020659 20.187 10.0 61.8 0
020730 20.187 10.0 61.737 0
020800 20.187 10.0 61.612 0
020830 20.187 10.0 61.425 0
020901 20.187 10.0 61.3 0
020931 20.187 10.0 61.175 0
021002 20.187 10.0 61.05 0
021032 20.187 10.0 60.987 0
021103 20.187 10.0 60.925 0
021135 20.187 10.0 60.862 0
021205 20.187 10.0 60.8 0
021236 20.187 10.0 60.8 0
021306 20.187 10.0 60.737 0
021336 20.187 10.0 60.675 0
021407 20.187 10.0 60.675 0
021437 20.187 10.0 60.612 0
021508 20.187 10.0 60.55 0
021539 20.187 10.0 60.55 0
021609 20.187 10.0 60.487 0
021639 20.187 10.0 60.487 0
021710 20.187 10.0 60.425 0
021741 20.187 10.0 60.425 0
021812 20.187 10.0 60.362 0
021842 20.187 10.0 60.3 0
021913 20.187 10.0 60.237 0
021944 20.187 10.0 60.237 0
022015 20.187 10.0 60.175 0
022045 20.187 10.0 60.175 0
022116 20.187 10.0 60.112 0
022146 20.187 10.0 60.05 0
022217 20.187 10.0 60.05 0
022248 20.187 10.0 59.987 0
022318 20.187 10.0 59.987 0
022348 20.187 10.0 59.925 0
022419 20.187 10.0 59.862 0
022449 20.187 10.0 59.862 0
022520 20.187 10.0 59.8 0
022551 20.187 10.0 59.8 0
022621 20.187 10.0 59.737 0
022651 20.187 10.0 59.675 0
022722 20.187 10.0 59.675 0
022753 20.187 10.0 59.612 0
022824 20.187 10.0 59.55 0
022854 20.187 10.0 59.425 0
022924 20.187 10.0 59.3 0
022955 20.187 10.0 59.112 0
023026 20.187 10.0 58.987 0
023057 20.187 10.0 58.925 0
023127 20.187 10.0 58.862 0
023157 20.187 10.0 58.8 0
023228 20.187 10.0 58.737 0
023258 20.187 10.0 58.737 0
023328 20.187 10.0 58.675 0
023358 20.187 10.0 58.612 0
023429 20.187 10.0 58.612 0
023459 20.187 10.0 58.55 0
023530 20.187 10.0 58.55 0
023600 20.187 10.0 58.487 0
023630 20.187 10.0 58.425 0
023701 20.125 10.0 58.425 0
023731 20.125 10.0 58.362 0
023801 20.125 10.0 58.362 0
023831 20.125 10.0 58.3 0
023902 20.125 10.0 58.237 0
023933 20.125 10.0 58.237 0
024003 20.125 10.0 58.175 0
024034 20.125 10.0 58.175 0
024105 20.125 10.0 58.112 0
024138 20.125 10.0 58.112 0
024208 20.125 10.0 58.05 0
024238 20.125 10.0 58.05 0
024308 20.125 10.0 57.987 0
024339 20.125 10.0 57.925 0
024410 20.125 10.0 57.925 0
024441 20.125 10.0 57.862 0
024511 20.125 10.0 57.862 0
024542 20.125 10.0 57.8 0
024612 20.125 10.0 57.8 0
024643 20.125 10.0 57.737 0
024714 20.125 10.0 57.675 0
024744 20.125 10.0 57.612 0
024814 20.125 10.0 57.487 0
024844 20.125 10.0 57.362 0
024914 20.125 10.0 57.175 0
024945 20.125 10.0 56.925 0
025015 20.125 10.0 56.8 0
025046 20.125 10.0 56.675 0
025117 20.125 10.0 56.612 0
025148 20.125 10.0 56.55 0
025218 20.125 10.0 56.487 0
025249 20.125 10.0 56.55 0
025319 20.125 10.0 56.612 0
025350 20.125 10.0 56.8 0
025420 20.125 10.0 57.175 0
025451 20.125 10.0 57.8 0
025521 20.125 10.0 58.612 0
025552 20.125 10.0 59.675 0
025623 20.125 10.0 60.8 0
025653 20.125 10.0 61.925 0
025724 20.125 10.0 63.05 0
025755 20.125 10.0 64.112 0
025825 20.125 10.0 64.862 0
025856 20.125 10.0 65.487 0
025926 20.125 10.0 65.987 0
025956 20.125 10.0 66.3 0
030026 20.125 10.0 66.612 0
030056 20.125 10.0 66.8 0
030127 20.125 10.0 66.987 0
030158 20.125 10.0 67.175 0
030228 20.125 10.0 67.3 0
030259 20.125 10.0 67.425 0
030329 20.125 10.0 67.487 0
030400 20.125 10.0 67.612 0
030430 20.125 10.0 67.675 0
030500 20.125 10.0 67.737 0
030530 20.125 10.0 67.8 0
030600 20.125 10.0 67.862 0
030630 20.125 10.0 67.925 0
030701 20.125 10.0 67.987 0
030732 20.125 10.0 68.05 0
030802 20.125 10.0 68.05 0
030833 20.125 10.0 68.112 0
030904 20.125 10.0 68.175 0
030934 20.125 10.0 68.175 0
031005 20.125 10.0 68.175 0
031036 20.125 10.0 68.237 0
031106 20.125 10.0 68.237 0
031137 20.125 10.0 68.237 0
031207 20.125 10.0 68.237 0
031237 20.125 10.0 68.237 0
031308 20.125 10.0 68.237 0
031339 20.125 10.0 68.3 0
031409 20.125 10.0 68.3 0
031440 20.125 10.0 68.3 0
031510 20.125 10.0 68.3 0
031541 20.125 10.0 68.3 0
031612 20.125 10.0 68.3 0
031643 20.125 10.0 68.3 0
031713 20.125 10.0 68.3 0
031744 20.125 10.0 68.3 0
031814 20.125 10.0 68.3 0
031845 20.125 10.0 68.3 0
031915 20.062 10.0 68.3 0
031945 20.062 10.0 68.3 0
032015 20.062 10.0 68.3 0
032046 20.062 10.0 68.3 0
032116 20.062 10.0 68.3 0
032147 20.062 10.0 68.3 0
032218 20.062 10.0 68.3 0
032248 20.062 10.0 68.3 0
032319 20.062 10.0 68.3 0
032349 20.062 10.0 68.3 0
032420 20.062 10.0 68.237 0
032451 20.062 10.0 68.237 0
032521 20.062 10.0 68.237 0
032552 20.062 10.0 68.237 0
032623 20.062 10.0 68.237 0
032653 20.062 10.0 68.237 0
032724 20.062 10.0 68.237 0
032755 20.062 10.0 68.237 0
032825 20.062 10.0 68.175 0
032856 20.062 10.0 68.175 0
032927 20.062 10.0 68.175 0
032957 20.062 10.0 68.175 0
033027 20.062 10.0 68.175 0
033058 20.062 10.0 68.175 0
033128 20.062 10.0 68.112 0
033159 20.062 10.0 68.112 0
033229 20.062 10.0 68.112 0
033300 20.062 10.0 68.112 0
033330 20.062 10.0 68.05 0
033401 20.062 10.0 68.05 0
033431 20.062 10.0 68.05 0
033501 20.062 10.0 68.05 0
033531 20.062 10.0 68.05 0
033602 20.062 10.0 68.05 0
033633 20.062 10.0 67.987 0
033703 20.062 10.0 67.987 0
033734 20.062 10.0 67.987 0
033805 20.062 10.0 67.987 0
033835 20.062 10.0 67.987 0
033905 20.062 10.0 67.925 0
033936 20.062 10.0 67.925 0
034007 20.062 10.0 67.925 0
034038 20.062 10.0 67.925 0
034108 20.062 10.0 67.925 0
034138 20.062 10.0 67.862 0
034209 20.062 10.0 67.862 0
034240 20.062 10.0 67.862 0
034310 20.062 10.0 67.862 0
034341 20.062 10.0 67.8 0
034412 20.062 10.0 67.8 0
034443 20.062 10.0 67.8 0
034513 20.062 10.0 67.8 0
034544 20.062 10.0 67.737 0
034615 20.062 10.0 67.737 0
034648 20.062 10.0 67.737 0
034718 20.062 10.0 67.737 0
034748 20.062 10.0 67.675 0
034818 20.062 10.0 67.675 0
034849 20.062 10.0 67.675 0
034919 20.062 10.0 67.675 0
034950 20.062 10.0 67.675 0
035020 20.062 10.0 67.612 0
035051 20.062 10.0 67.612 0
035121 20.062 10.0 67.612 0
035152 20.062 10.0 67.55 0
035222 20.062 10.0 67.55 0
035253 20.062 10.0 67.55 0
035324 20.062 10.0 67.487 0
035354 20.062 10.0 67.487 0
035425 20.062 10.0 67.487 0
035455 20.062 10.0 67.425 0
035525 20.062 10.0 67.425 0
035556 20.062 10.0 67.425 0
035626 20.062 10.0 67.425 0
035657 20.062 10.0 67.362 0
035727 20.062 10.0 67.362 0
035758 20.062 10.0 67.362 0
035829 20.062 10.0 67.3 0
035859 20.062 10.0 67.3 0
035930 20.0 10.0 67.362 0
040001 20.0 10.0 67.425 0
040031 20.0 10.0 67.487 0
040102 20.0 10.0 67.55 0
040132 20.0 10.0 67.55 0
040203 20.062 10.0 67.55 0
040233 20.062 10.0 67.612 0
040304 20.062 10.0 67.55 0
040334 20.062 10.0 67.55 0
040405 20.062 10.0 67.55 0
040435 20.062 10.0 67.55 0
040506 20.062 10.0 67.55 0
040536 20.062 10.0 67.55 0
040607 20.062 10.0 67.487 0
040637 20.062 10.0 67.487 0
040708 20.0 10.0 67.487 0
040738 20.0 10.0 67.487 0
040809 20.0 10.0 67.487 0
040840 20.0 10.0 67.487 0
040911 20.0 10.0 67.425 0
040941 20.0 10.0 67.425 0
041012 20.0 10.0 67.425 0
041043 20.0 10.0 67.425 0
041113 20.0 10.0 67.425 0
041144 20.0 10.0 67.362 0
041214 20.062 10.0 67.362 0
041245 20.062 10.0 67.362 0
041315 20.062 10.0 67.3 0
041346 20.062 10.0 67.3 0
041417 20.062 10.0 67.3 0
041447 20.0 10.0 67.3 0
041518 20.0 10.0 67.237 0
041548 20.0 10.0 67.237 0
041618 20.0 10.0 67.237 0
041651 20.0 10.0 67.237 0
041721 20.0 10.0 67.175 0
041752 20.0 10.0 67.175 0
041822 20.0 10.0 67.112 0
041852 20.0 10.0 67.112 0
041923 20.0 10.0 67.112 0
041954 20.0 10.0 67.05 0
042024 20.0 10.0 67.05 0
042055 20.0 10.0 67.05 0
042125 20.0 10.0 66.987 0
042155 20.0 10.0 66.987 0
042226 20.0 10.0 66.987 0
042256 20.0 10.0 66.925 0
042327 20.0 10.0 66.925 0
042358 20.0 10.0 66.925 0
042428 20.062 10.0 66.862 0
042459 20.062 10.0 66.862 0
042529 20.062 10.0 66.862 0
042559 20.062 10.0 66.8 0
042630 20.062 10.0 66.8 0
042700 20.0 10.0 66.8 0
042731 20.0 10.0 66.737 0
042801 20.0 10.0 66.737 0
042832 20.0 10.0 66.737 0
042903 20.0 10.0 66.675 0
042933 20.0 10.0 66.675 0
043004 20.0 10.0 66.675 0
043035 20.0 10.0 66.612 0
043105 20.0 10.0 66.612 0
043136 20.0 10.0 66.55 0
043206 20.0 10.0 66.55 0
043236 20.0 10.0 66.55 0
043307 20.0 10.0 66.55 0
043337 20.0 10.0 66.487 0
043408 20.0 10.0 66.487 0
043439 20.0 10.0 66.425 0
043509 20.0 10.0 66.425 0
043540 20.0 10.0 66.425 0
043611 20.0 10.0 66.362 0
043641 20.0 10.0 66.362 0
043712 20.0 10.0 66.362 0
043742 20.0 10.0 66.3 0
043812 20.0 10.0 66.3 0
043843 20.0 10.0 66.237 0
043913 20.0 10.0 66.237 0
043944 20.0 10.0 66.237 0
044015 20.0 10.0 66.175 0
044045 20.0 10.0 66.175 0
044116 20.0 10.0 66.112 0
044146 20.0 10.0 66.05 0
044216 20.0 10.0 66.05 0
044247 20.0 10.0 65.987 0
044317 20.0 10.0 65.987 0
044348 20.0 10.0 65.925 0
044419 20.0 10.0 65.925 0
044449 20.0 10.0 65.862 0
044520 20.0 10.0 65.862 0
044550 20.0 10.0 65.8 0
044621 20.0 10.0 65.8 0
044652 20.0 10.0 65.8 0
044722 20.0 10.0 65.737 0
044753 20.0 10.0 65.737 0
044824 20.0 10.0 65.675 0
044855 20.0 10.0 65.675 0
044927 20.0 10.0 65.612 0
044957 20.0 10.0 65.612 0
045028 20.0 10.0 65.55 0
045059 20.0 10.0 65.55 0
045130 20.0 10.0 65.55 0
045200 20.0 10.0 65.487 0
045231 20.0 10.0 65.487 0
045301 20.0 10.0 65.425 0
045332 20.0 10.0 65.425 0
045402 20.0 10.0 65.425 0
045432 19.937 10.0 65.362 0
045502 19.937 10.0 65.362 0
045532 19.937 10.0 65.3 0
045603 19.937 10.0 65.3 0
045633 19.937 10.0 65.237 0
045703 19.937 10.0 65.237 0
045734 19.937 10.0 65.175 0
045804 19.937 10.0 65.175 0
045834 19.937 10.0 65.112 0
045905 19.937 10.0 65.112 0
045935 20.0 10.0 65.05 0
050005 20.0 10.0 65.05 0
050036 20.0 10.0 65.05 0
050106 20.0 10.0 65.05 0
050137 20.0 10.0 65.112 0
050208 20.0 10.0 65.112 0
050238 20.0 10.0 65.112 0
050309 20.0 10.0 65.175 0
050340 20.0 10.0 65.175 0
050410 20.0 10.0 65.112 0
050440 20.0 10.0 65.112 0
050511 20.0 10.0 65.112 0
050542 20.0 10.0 65.05 0
050612 20.0 10.0 65.05 0
050643 20.0 10.0 64.987 0
050714 19.937 10.0 64.987 0
050744 19.937 10.0 64.925 0
050815 19.937 10.0 64.925 0
050845 19.937 10.0 64.925 0
050916 19.937 10.0 64.862 0
050947 19.937 10.0 64.862 0
051017 19.937 10.0 64.8 0
051048 19.937 10.0 64.8 0
051119 19.937 10.0 64.737 0
051149 19.937 10.0 64.737 0
051220 19.937 10.0 64.675 0
051250 19.937 10.0 64.675 0
051321 19.937 10.0 64.675 0
051352 19.937 10.0 64.612 0
051422 19.937 10.0 64.612 0
051453 19.937 10.0 64.55 0
051523 19.937 10.0 64.55 0
051553 19.937 10.0 64.55 0
051624 19.937 10.0 64.487 0
051654 19.937 10.0 64.487 0
051725 19.937 10.0 64.425 0
051755 19.937 10.0 64.425 0
051826 19.937 10.0 64.425 0
051856 19.937 10.0 64.362 0
051926 19.937 10.0 64.362 0
051956 19.937 10.0 64.3 0
052027 19.937 10.0 64.3 0
052058 19.937 10.0 64.237 0
052129 19.937 10.0 64.237 0
052201 19.937 10.0 64.175 0
052232 19.937 10.0 64.175 0
052302 19.937 10.0 64.112 0
052333 19.937 10.0 64.112 0
052403 19.937 10.0 64.05 0
052434 19.937 10.0 64.05 0
052504 19.937 10.0 64.05 0
052535 19.937 10.0 63.987 0
052606 19.937 10.0 63.925 0
052636 19.937 10.0 63.862 0
052707 19.937 10.0 63.8 0
052737 19.937 10.0 63.737 0
052807 19.937 10.0 63.675 0
052838 19.937 10.0 63.612 0
052908 19.937 10.0 63.612 0
052938 19.937 10.0 63.55 0
053008 19.937 10.0 63.487 0
053039 19.937 10.0 63.487 0
053109 19.937 10.0 63.425 0
053140 19.937 10.0 63.425 0
053210 19.937 10.0 63.362 0
053240 19.937 10.0 63.362 0
053311 19.937 10.0 63.3 0
053341 19.937 10.0 63.3 0
053412 19.937 10.0 63.237 0
053442 19.937 10.0 63.237 0
053513 19.937 10.0 63.175 0
053544 19.937 10.0 63.175 0
053614 19.937 10.0 63.112 0
053644 19.937 10.0 63.05 0
053715 19.937 10.0 63.05 0
053746 19.937 10.0 62.987 0
053816 19.937 10.0 62.987 0
053846 19.937 10.0 62.925 0
053917 19.937 10.0 62.925 0
053947 19.937 10.0 62.862 0
054018 19.937 10.0 62.862 0
054048 19.937 10.0 62.8 0
054119 19.937 10.0 62.8 0
054149 19.937 10.0 62.737 0
054220 19.937 10.0 62.737 0
054251 19.937 10.0 62.675 0
054321 19.937 10.0 62.612 0
054352 19.937 10.0 62.612 0
054423 19.937 10.0 62.55 0
054453 19.937 10.0 62.55 0
054524 19.937 10.0 62.487 0
054555 19.937 10.0 62.487 0
054625 19.937 10.0 62.425 0
054656 19.937 10.0 62.425 0
054726 19.937 10.0 62.362 0
054757 19.937 10.0 62.237 0
054827 19.937 10.0 62.175 0
054858 19.937 10.0 62.05 0
054928 19.937 10.0 61.987 0
054958 19.937 10.0 61.862 0
055029 19.937 10.0 61.8 0
055100 19.937 10.0 61.737 0
055130 19.937 10.0 61.675 0
055201 19.937 10.0 61.675 0
055231 19.875 10.0 61.612 0
055302 19.875 10.0 61.55 0
055332 19.875 10.0 61.55 0
055403 19.875 10.0 61.487 0
055435 19.937 10.0 61.425 0
055506 19.937 10.0 61.425 0
055536 19.937 10.0 61.362 0
055606 19.937 10.0 61.362 0
055636 19.937 10.0 61.3 0
055707 19.937 10.0 61.237 0
055737 19.937 10.0 61.237 0
055808 19.937 10.0 61.175 0
055839 19.937 10.0 61.175 0
055909 19.937 10.0 61.112 0
055940 19.937 10.0 61.05 0
060010 19.937 10.0 61.05 0
060041 19.937 10.0 60.987 0
060112 19.937 10.0 60.987 0
060142 19.937 10.0 60.925 0
060213 19.937 10.0 60.925 0
060244 19.937 10.0 60.925 0
060315 19.937 10.0 60.862 0
060345 19.937 10.0 60.862 0
060416 19.937 10.0 60.862 0
060447 19.937 10.0 60.8 0
060517 19.937 10.0 60.8 0
060548 19.937 10.0 60.8 0
060619 19.937 10.0 60.737 0
060649 19.937 10.0 60.737 0
060720 20.0 10.0 60.737 0
060751 20.0 10.0 60.675 0
060822 20.0 10.0 60.675 0
060852 20.0 10.0 60.612 0
060922 20.0 10.0 60.55 0
060953 19.937 10.0 60.425 0
061023 19.937 10.0 60.362 0
061053 19.937 10.0 60.237 0
061124 19.937 10.0 60.175 0
061155 19.937 10.0 60.112 0
061225 19.937 10.0 60.05 0
061255 19.937 10.0 59.987 0
061326 19.937 10.0 59.987 0
061357 19.937 10.0 59.925 0
061427 19.937 10.0 59.862 0
061458 19.937 10.0 59.862 0
061528 19.937 10.0 59.8 0
061558 19.937 10.0 59.8 0
061629 19.937 10.0 59.737 0
061659 19.937 10.0 59.675 0
061730 19.937 10.0 59.675 0
061801 19.937 10.0 59.612 0
061832 19.937 10.0 59.612 0
061902 19.937 10.0 59.55 0
061932 19.937 10.0 59.55 0
062003 19.875 10.0 59.487 0
062033 19.875 10.0 59.425 0
062104 19.875 10.0 59.425 0
062134 19.875 10.0 59.362 0
062204 19.875 10.0 59.362 0
062234 19.875 10.0 59.3 0
062305 19.875 10.0 59.3 0
062336 19.875 10.0 59.237 0
062406 19.875 10.0 59.175 0
062439 19.937 10.0 59.175 0
062509 19.937 10.0 59.112 0
062540 19.937 10.0 59.112 0
062611 19.937 10.0 59.05 0
062641 19.937 10.0 59.05 0
062712 19.875 10.0 58.987 0
062742 19.875 10.0 58.987 0
062813 19.875 10.0 58.925 0
062844 19.875 10.0 58.862 0
062915 19.875 10.0 58.8 0
062945 19.937 10.0 58.675 0
063016 19.937 10.0 58.487 0
063047 19.937 10.0 58.3 0
063117 19.937 10.0 58.175 0
063148 19.937 10.0 58.05 0
063219 19.875 10.0 57.987 0
063250 19.875 10.0 57.925 0
063320 19.875 10.0 57.862 0
063351 19.875 10.0 57.8 0
063421 19.875 10.0 57.8 0
063452 19.875 10.0 57.737 0
063522 19.875 10.0 57.675 0
063553 19.875 10.0 57.675 0
063623 19.875 10.0 57.612 0
063654 19.875 10.0 57.55 0
063724 19.875 10.0 57.55 0
063754 19.875 10.0 57.487 0
063825 19.875 10.0 57.487 0
063856 19.875 10.0 57.425 0
063926 19.875 10.0 57.425 0
063957 19.875 10.0 57.362 0
064027 19.875 10.0 57.362 0
064057 19.875 10.0 57.3 0
064128 19.875 10.0 57.237 0
064158 19.875 10.0 57.237 0
064228 19.875 10.0 57.175 0
064258 19.875 10.0 57.175 0
064329 19.875 10.0 57.112 0
064359 19.875 10.0 57.112 0
064429 19.875 10.0 57.05 0
064459 19.875 10.0 57.05 0
064530 19.875 10.0 56.987 0
064601 19.875 10.0 56.987 0
064631 19.875 10.0 56.925 0
064702 19.875 10.0 56.925 0
064732 19.937 10.0 56.862 0
064803 19.937 10.0 56.8 0
064833 19.937 10.0 56.737 0
064904 19.937 10.0 56.737 0
064934 19.937 10.0 56.675 0
065005 19.875 10.0 56.675 0
065035 19.875 10.0 56.675 0
065106 19.875 10.0 56.737 0
065137 19.875 10.0 56.925 0
065207 19.875 10.0 57.3 0
065238 19.875 10.0 57.925 0
065308 19.875 10.0 58.737 0
065339 19.875 10.0 59.8 0
065409 19.875 10.0 60.925 0
065439 19.875 10.0 62.112 0
065509 19.875 10.0 63.3 0
065539 19.875 10.0 64.237 0
065610 19.875 10.0 64.987 0
065640 19.875 10.0 65.55 0
065711 19.875 10.0 65.987 0
065741 19.875 10.0 66.362 0
065812 19.875 10.0 66.675 0
065843 19.875 10.0 66.925 0
065913 19.875 10.0 67.112 0
065945 19.875 10.0 67.3 0
070015 19.875 10.0 67.425 0
070045 19.875 10.0 67.55 0
070116 19.875 10.0 67.612 0
070147 19.875 10.0 67.737 0
070217 19.875 10.0 67.8 0
070248 19.875 10.0 67.862 0
070318 19.875 10.0 67.925 0
070349 19.875 10.0 67.987 0
070420 19.875 10.0 68.05 0
070450 19.875 10.0 68.112 0
070521 19.875 10.0 68.175 0
070551 19.875 10.0 68.175 0
070621 19.875 10.0 68.237 0
070652 19.875 10.0 68.237 0
070722 19.937 10.0 68.3 0
070753 19.937 10.0 68.362 0
070823 19.937 10.0 68.425 0
070854 19.937 10.0 68.425 0
070925 19.937 10.0 68.487 0
070955 19.937 10.0 68.487 0
071025 19.937 10.0 68.487 0
071056 19.937 10.0 68.487 0
071126 19.937 10.0 68.487 0
071157 19.937 10.0 68.55 0
071227 19.937 10.0 68.55 0
071257 19.937 10.0 68.55 0
071328 19.937 10.0 68.55 0
071359 19.937 10.0 68.55 0
071429 19.937 10.0 68.55 0
071500 19.875 10.0 68.55 0
071530 19.875 10.0 68.55 0
071601 19.875 10.0 68.55 0
071631 19.875 10.0 68.55 0
071702 19.875 10.0 68.55 0
071733 19.875 10.0 68.55 0
071804 19.875 10.0 68.55 0
071834 19.875 10.0 68.55 0
071904 19.875 10.0 68.55 0
071935 19.875 10.0 68.487 0
072006 19.875 10.0 68.487 0
072036 19.875 10.0 68.487 0
072107 19.875 10.0 68.487 0
072137 19.875 10.0 68.487 0
072208 19.875 10.0 68.487 0
072239 19.875 10.0 68.487 0
072309 19.875 10.0 68.487 0
072340 19.875 10.0 68.487 0
072411 19.875 10.0 68.487 0
072442 19.875 10.0 68.425 0
072512 19.875 10.0 68.425 0
072543 19.875 10.0 68.425 0
072613 19.875 10.0 68.425 0
072644 19.875 10.0 68.425 0
072714 19.875 10.0 68.425 0
072744 19.937 10.0 68.362 0
072815 19.937 10.0 68.362 0
072845 19.937 10.0 68.362 0
072915 19.937 10.0 68.362 0
072945 19.937 10.0 68.362 0
073016 19.937 10.0 68.362 0
073047 19.937 10.0 68.3 0
073117 19.937 10.0 68.3 0
073148 19.937 10.0 68.3 0
073219 19.875 10.0 68.3 0
073250 19.875 10.0 68.237 0
073320 19.875 10.0 68.237 0
073351 19.875 10.0 68.237 0
073421 19.875 10.0 68.237 0
073452 19.875 10.0 68.175 0
073522 19.875 10.0 68.175 0
073552 19.875 10.0 68.175 0
073623 19.875 10.0 68.175 0
073654 19.875 10.0 68.175 0
073725 19.937 10.0 68.112 0
073755 19.937 10.0 68.112 0
073825 19.937 10.0 68.112 0
073856 19.937 10.0 68.112 0
073927 19.937 10.0 68.05 0
073957 19.875 10.0 68.05 0
074027 19.875 10.0 68.05 0
074057 19.875 10.0 68.05 0
074128 19.875 10.0 67.987 0
074159 19.875 10.0 67.987 0
074230 19.875 10.0 67.987 0
074300 19.875 10.0 67.925 0
074330 19.875 10.0 67.925 0
074400 19.875 10.0 67.925 0
074431 19.875 10.0 67.925 0
074502 19.812 10.0 67.862 0
074532 19.812 10.0 67.862 0
074603 19.812 10.0 67.862 0
074634 19.812 10.0 67.8 0
074704 19.812 10.0 67.8 0
074735 19.875 10.0 67.8 0
074806 19.875 10.0 67.8 0
074837 19.875 10.0 67.737 0
074907 19.875 10.0 67.737 0
074938 19.875 10.0 67.737 0
075009 19.875 10.0 67.675 0
075039 19.875 10.0 67.675 0
075110 19.875 10.0 67.675 0
075140 19.875 10.0 67.675 0
075211 19.875 10.0 67.612 0
075241 19.812 10.0 67.612 0
075312 19.812 10.0 67.612 0
075342 19.812 10.0 67.55 0
075413 19.812 10.0 67.55 0
075443 19.812 10.0 67.487 0
075514 19.812 10.0 67.487 0
075544 19.812 10.0 67.425 0
075615 19.812 10.0 67.425 0
075646 19.812 10.0 67.425 0
075716 19.812 10.0 67.487 0
075746 19.812 10.0 67.487 0
075817 19.812 10.0 67.55 0
075847 19.812 10.0 67.55 0
075918 19.812 10.0 67.612 0
075949 19.812 10.0 67.612 0
080019 19.812 10.0 67.55 0
080050 19.812 10.0 67.55 0
080120 19.812 10.0 67.55 0
080151 19.812 10.0 67.55 0
080224 19.812 10.0 67.55 0
080255 19.812 10.0 67.55 0
080325 19.812 10.0 67.487 0
080355 19.812 10.0 67.487 0
080426 19.812 10.0 67.487 0
080457 19.812 10.0 67.487 0
080527 19.812 10.0 67.425 0
080558 19.812 10.0 67.425 0
080628 19.812 10.0 67.425 0
080659 19.812 10.0 67.425 0
080729 19.812 10.0 67.362 0
080800 19.812 10.0 67.362 0
080830 19.812 10.0 67.362 0
080901 19.812 10.0 67.362 0
080931 19.812 10.0 67.3 0
081001 19.75 10.0 67.3 0
081031 19.75 10.0 67.3 0
081102 19.75 10.0 67.3 0
081133 19.75 10.0 67.237 0
081203 19.75 10.0 67.237 0
081234 19.75 10.0 67.237 0
081305 19.75 10.0 67.175 0
081335 19.75 10.0 67.175 0
081406 19.75 10.0 67.175 0
081436 19.75 10.0 67.175 0
081507 19.75 10.0 67.112 0
081538 19.75 10.0 67.112 0
081609 19.75 10.0 67.112 0
081639 19.75 10.0 67.05 0
081710 19.75 10.0 67.05 0
081740 19.75 10.0 66.987 0
081811 19.75 10.0 66.987 0
081842 19.75 10.0 66.987 0
081912 19.75 10.0 66.925 0
081943 19.75 10.0 66.925 0
082013 19.75 10.0 66.862 0
082044 19.75 10.0 66.862 0
082115 19.75 10.0 66.862 0
082145 19.75 10.0 66.8 0
082216 19.75 10.0 66.8 0
082247 19.687 10.0 66.8 0
082317 19.687 10.0 66.737 0
082348 19.687 10.0 66.737 0
082418 19.687 10.0 66.737 0
082449 19.687 10.0 66.675 0
082519 19.625 10.0 66.675 0
082550 19.625 10.0 66.675 0
082620 19.625 10.0 66.612 0
082650 19.625 10.0 66.612 0
082721 19.625 10.0 66.55 0
082751 19.625 10.0 66.55 0
082822 19.625 10.0 66.55 0
082852 19.625 10.0 66.487 0
082923 19.625 10.0 66.487 0
082954 19.625 10.0 66.487 0
083024 19.625 10.0 66.425 0
083054 19.625 10.0 66.425 0
083125 19.625 10.0 66.425 0
083155 19.625 10.0 66.362 0
083227 19.625 10.0 66.362 0
083258 19.625 10.0 66.362 0
083328 19.625 10.0 66.3 0
083359 19.625 10.0 66.3 0
083429 19.625 10.0 66.237 0
083500 19.687 10.0 66.237 0
083530 19.687 10.0 66.237 0
083601 19.687 10.0 66.175 0
083631 19.687 10.0 66.175 0
083702 19.687 10.0 66.175 0
083732 19.75 10.0 66.112 0
083803 19.75 10.0 66.05 0
083834 19.75 10.0 66.05 0
083904 19.75 10.0 65.987 0
083934 19.75 10.0 65.987 0
084005 19.75 10.0 65.925 0
084035 19.75 10.0 65.925 0
084106 19.75 10.0 65.862 0
084136 19.75 10.0 65.8 0
084207 19.75 10.0 65.8 0
084238 19.812 10.0 65.737 0
084308 19.812 10.0 65.737 0
084339 19.812 10.0 65.737 0
084409 19.812 10.0 65.675 0
084440 19.812 10.0 65.675 0
084510 19.875 10.0 65.612 0
084540 19.875 10.0 65.612 0
084611 19.875 10.0 65.55 0
084641 19.875 10.0 65.55 0
084712 19.875 10.0 65.487 0
084742 19.937 10.0 65.487 0
084812 19.937 10.0 65.487 0
084843 19.937 10.0 65.425 0
084913 19.937 10.0 65.425 0
084943 19.937 10.0 65.362 0
085014 19.937 10.0 65.362 0
085044 19.937 10.0 65.3 0
085115 19.937 10.0 65.3 0
085145 19.937 10.0 65.237 0
085217 19.937 10.0 65.237 0
085247 20.0 10.0 65.175 0
085317 20.0 10.0 65.175 0
085348 20.0 10.0 65.175 0
085418 20.0 10.0 65.112 0
085449 20.0 10.0 65.05 0
085520 20.062 10.0 65.05 0
085551 20.062 10.0 64.987 0
085621 20.062 10.0 64.987 0
085652 20.062 10.0 64.987 0
085722 20.062 10.0 64.925 0
085753 20.062 10.0 64.925 0
085824 20.062 10.0 64.862 0
085855 20.062 10.0 64.862 0
085925 20.062 10.0 64.862 0
085956 20.062 10.0 64.862 0
090026 20.125 10.0 64.862 0
090057 20.125 10.0 64.862 0
090128 20.125 10.0 64.862 0
090158 20.125 10.0 64.8 0
090228 20.125 10.0 64.8 0
090259 20.125 10.0 64.737 0
090329 20.125 10.0 64.737 0
090400 20.125 10.0 64.675 0
090430 20.125 10.0 64.675 0
090502 20.125 10.0 64.675 0
090533 20.125 10.0 64.612 0
090604 20.125 10.0 64.55 0
090634 20.125 10.0 64.55 0
090705 20.125 10.0 64.55 0
090735 20.062 10.0 64.487 0
090806 20.062 10.0 64.487 0
090837 20.062 10.0 64.425 0
090907 20.062 10.0 64.425 0
090938 20.062 10.0 64.362 0
091008 20.125 10.0 64.362 0
091038 20.125 10.0 64.3 0
091109 20.125 10.0 64.3 0
091139 20.125 10.0 64.237 0
091210 20.125 10.0 64.237 0
091240 20.187 10.0 64.175 0
091310 20.187 10.0 64.175 0
091341 20.187 10.0 64.112 0
091411 20.187 10.0 64.112 0
091442 20.187 10.0 64.05 0
091512 20.125 10.0 64.05 0
091543 20.125 10.0 63.987 0
091613 20.125 10.0 63.987 0
091644 20.125 10.0 63.925 0
091714 20.125 10.0 63.925 0
091745 20.187 10.0 63.862 0
091816 20.187 10.0 63.862 0
091847 20.187 10.0 63.8 0
091917 20.187 10.0 63.8 0
091947 20.187 10.0 63.8 0
092018 20.187 10.0 63.737 0
092048 20.187 10.0 63.737 0
092118 20.187 10.0 63.675 0
092149 20.187 10.0 63.675 0
092219 20.187 10.0 63.612 0
092249 20.25 10.0 63.55 0
092320 20.25 10.0 63.487 0
092350 20.25 10.0 63.362 0
092421 20.25 10.0 63.3 0
092452 20.25 10.0 63.237 0
092522 20.25 10.0 63.175 0
092553 20.25 10.0 63.175 0
092624 20.25 10.0 63.112 0
092654 20.25 10.0 63.05 0
092725 20.25 10.0 62.987 0
092755 20.25 10.0 62.987 0
092825 20.25 10.0 62.925 0
092856 20.25 10.0 62.925 0
092926 20.25 10.0 62.862 0
092956 20.25 10.0 62.862 0
093027 20.312 10.0 62.8 0
093057 20.312 10.0 62.737 0
093127 20.312 10.0 62.737 0
093158 20.312 10.0 62.675 0
093228 20.312 10.0 62.675 0
093259 20.312 10.0 62.612 0
093329 20.312 10.0 62.612 0
093359 20.312 10.0 62.55 0
093430 20.312 10.0 62.55 0
093501 20.312 10.0 62.487 0
093531 20.375 10.0 62.487 0
093602 20.375 10.0 62.425 0
093632 20.375 10.0 62.362 0
093702 20.375 10.0 62.362 0
093733 20.375 10.0 62.3 0
093804 20.375 10.0 62.3 0
093835 20.375 10.0 62.237 0
093905 20.375 10.0 62.175 0
093935 20.375 10.0 62.175 0
094007 20.375 10.0 62.112 0
094037 20.375 10.0 62.112 0
094108 20.375 10.0 62.05 0
094138 20.375 10.0 62.05 0
094208 20.375 10.0 61.987 0
094239 20.375 10.0 61.987 0
094310 20.375 10.0 61.925 0
094340 20.375 10.0 61.8 0
094411 20.375 10.0 61.737 0
094441 20.375 10.0 61.55 0
094512 20.437 10.0 61.487 0
094542 20.437 10.0 61.362 0
094613 20.437 10.0 61.3 0
094643 20.437 10.0 61.237 0
094713 20.437 10.0 61.175 0
094743 20.437 10.0 61.112 0
094814 20.437 10.0 61.05 0
094844 20.437 10.0 61.05 0
094915 20.437 10.0 60.987 0
094945 20.437 10.0 60.925 0
095016 20.437 10.0 60.925 0
095047 20.437 10.0 60.862 0
095117 20.437 10.0 60.8 0
095148 20.437 10.0 60.8 0
095218 20.437 10.0 60.737 0
095249 20.437 10.0 60.737 0
095319 20.437 10.0 60.675 0
095349 20.437 10.0 60.675 0
095420 20.437 10.0 60.612 0
095450 20.437 10.0 60.55 0
095521 20.437 10.0 60.55 0
095552 20.437 10.0 60.487 0
095622 20.437 10.0 60.487 0
095653 20.437 10.0 60.425 0
095723 20.437 10.0 60.425 0
095753 20.5 10.0 60.362 0
095824 20.5 10.0 60.3 0
095855 20.5 10.0 60.3 0
095925 20.5 10.0 60.237 0
095956 20.5 10.0 60.237 0
100026 20.5 10.0 60.175 0
100056 20.5 10.0 60.175 0
100128 20.5 10.0 60.175 0
100159 20.5 10.0 60.112 0
100229 20.5 10.0 60.112 0
100259 20.5 10.0 60.05 0
100330 20.5 10.0 60.05 0
100400 20.5 10.0 59.987 0
100430 20.5 10.0 59.925 0
100501 20.5 10.0 59.8 0
100531 20.562 10.0 59.612 0
100601 20.562 10.0 59.55 0
100631 20.562 10.0 59.487 0
100702 20.562 10.0 59.425 0
100732 20.562 10.0 59.362 0
100803 20.562 10.0 59.3 0
100833 20.562 10.0 59.237 0
100903 20.562 10.0 59.175 0
100934 20.562 10.0 59.175 0
101004 20.562 10.0 59.112 0
101035 20.5 10.0 59.112 0
101105 20.5 10.0 59.05 0
101135 20.5 10.0 58.987 0
101206 20.5 10.0 58.987 0
101236 20.5 10.0 58.925 0
101307 20.562 10.0 58.925 0
101337 20.562 10.0 58.862 0
101407 20.562 10.0 58.8 0
101438 20.562 10.0 58.8 0
101509 20.562 10.0 58.737 0
101539 20.562 10.0 58.737 0
101610 20.562 10.0 58.675 0
101641 20.562 10.0 58.612 0
101711 20.562 10.0 58.612 0
101743 20.562 10.0 58.55 0
101814 20.562 10.0 58.55 0
101844 20.562 10.0 58.487 0
101914 20.562 10.0 58.487 0
101944 20.562 10.0 58.425 0
102015 20.562 10.0 58.362 0
102045 20.562 10.0 58.362 0
102116 20.562 10.0 58.3 0
102147 20.562 10.0 58.3 0
102217 20.562 10.0 58.237 0
102248 20.562 10.0 58.175 0
102318 20.562 10.0 58.112 0
102348 20.562 10.0 58.05 0
102419 20.562 10.0 57.862 0
102449 20.562 10.0 57.675 0
102520 20.562 10.0 57.425 0
102550 20.562 10.0 57.3 0
102620 20.562 10.0 57.175 0
102651 20.562 10.0 57.05 0
102721 20.562 10.0 56.987 0
102752 20.562 10.0 56.925 0
102822 20.562 10.0 56.925 0
102852 20.562 10.0 56.925 0
102923 20.562 10.0 56.862 0
102954 20.562 10.0 56.925 0
103024 20.562 10.0 56.987 0
103055 20.562 10.0 57.05 0
103125 20.562 10.0 57.3 0
103156 20.562 10.0 57.737 0
103226 20.562 10.0 58.425 0
103257 20.562 10.0 59.425 0
103328 20.562 10.0 60.487 0
103358 20.562 10.0 61.487 0
103429 20.562 10.0 62.612 0
103459 20.562 10.0 63.612 0
103529 20.562 10.0 64.425 0
103600 20.562 10.0 65.112 0
103630 20.562 10.0 65.675 0
103701 20.562 10.0 66.05 0
103731 20.562 10.0 66.362 0
103801 20.562 10.0 66.612 0
103831 20.562 10.0 66.8 0
103902 20.562 10.0 66.987 0
103932 20.562 10.0 67.112 0
104003 20.562 10.0 67.237 0
104033 20.562 10.0 67.3 0
104104 20.562 10.0 67.425 0
104135 20.562 10.0 67.487 0
104205 20.562 10.0 67.55 0
104235 20.562 10.0 67.612 0
104305 20.562 10.0 67.675 0
104336 20.562 10.0 67.737 0
104407 20.562 10.0 67.8 0
104437 20.562 10.0 67.8 0
104508 20.562 10.0 67.862 0
104539 20.562 10.0 67.925 0
104610 20.562 10.0 67.925 0
104640 20.562 10.0 67.987 0
104710 20.562 10.0 67.987 0
104740 20.562 10.0 67.987 0
104811 20.562 10.0 67.987 0
104841 20.562 10.0 67.987 0
104911 20.562 10.0 67.987 0
104941 20.562 10.0 68.05 0
105012 20.562 10.0 68.05 0
105042 20.562 10.0 68.05 0
105113 20.562 10.0 68.05 0
105144 20.562 10.0 68.05 0
105214 20.562 10.0 68.05 0
105247 20.562 10.0 68.05 0
105317 20.562 10.0 68.05 0
105348 20.562 10.0 68.05 0
105418 20.562 10.0 68.05 0
105448 20.562 10.0 68.05 0
105519 20.562 10.0 68.05 0
105550 20.562 10.0 68.05 0
105620 20.562 10.0 68.112 0
105650 20.562 10.0 68.05 0
105721 20.562 10.0 68.05 0
105751 20.562 10.0 68.05 0
105822 20.562 10.0 68.05 0
105852 20.562 10.0 68.05 0
105922 20.562 10.0 68.05 0
105953 20.562 10.0 68.05 0
110023 20.5 10.0 68.05 0
110054 20.5 10.0 68.05 0
110124 20.5 10.0 68.05 0
110155 20.5 10.0 68.05 0
110226 20.5 10.0 67.987 0
110256 20.5 10.0 67.987 0
110327 20.5 10.0 67.987 0
110357 20.5 10.0 67.987 0
110428 20.5 10.0 67.987 0
110459 20.5 10.0 67.987 0
110530 20.5 10.0 67.987 0
110600 20.5 10.0 67.987 0
110631 20.5 10.0 67.987 0
110702 20.5 10.0 67.987 0
110733 20.5 10.0 67.925 0
110803 20.5 10.0 67.925 0
110833 20.5 10.0 67.925 0
110904 20.5 10.0 67.925 0
110935 20.5 10.0 67.925 0
111005 20.5 10.0 67.862 0
111035 20.437 10.0 67.862 0
111106 20.437 10.0 67.862 0
111136 20.437 10.0 67.862 0
111206 20.437 10.0 67.862 0
111237 20.437 10.0 67.862 0
111308 20.5 10.0 67.8 0
111338 20.5 10.0 67.8 0
111408 20.5 10.0 67.8 0
111438 20.5 10.0 67.8 0
111508 20.5 10.0 67.8 0
111539 20.5 10.0 67.8 0
111610 20.5 10.0 67.737 0
111641 20.5 10.0 67.737 0
111711 20.5 10.0 67.737 0
111742 20.5 10.0 67.737 0
111812 20.5 10.0 67.737 0
111842 20.5 10.0 67.675 0
111912 20.5 10.0 67.675 0
111943 20.5 10.0 67.675 0
112013 20.5 10.0 67.675 0
112044 20.5 10.0 67.675 0
112114 20.5 10.0 67.612 0
112145 20.5 10.0 67.612 0
112215 20.5 10.0 67.612 0
112246 20.5 10.0 67.612 0
112316 20.5 10.0 67.612 0
112347 20.5 10.0 67.55 0
112418 20.5 10.0 67.55 0
112448 20.5 10.0 67.55 0
112518 20.5 10.0 67.55 0
112549 20.562 10.0 67.487 0
112619 20.562 10.0 67.487 0
112650 20.562 10.0 67.487 0
112721 20.562 10.0 67.487 0
112753 20.562 10.0 67.425 0
112824 20.562 10.0 67.425 0
112854 20.562 10.0 67.425 0
112925 20.562 10.0 67.425 0
112956 20.562 10.0 67.362 0
113026 20.562 10.0 67.362 0
113056 20.562 10.0 67.362 0
113127 20.562 10.0 67.3 0
113157 20.562 10.0 67.3 0
113228 20.562 10.0 67.3 0
113259 20.625 10.0 67.3 0
113329 20.625 10.0 67.237 0
113400 20.625 10.0 67.237 0
113430 20.625 10.0 67.237 0
113501 20.625 10.0 67.237 0
113531 20.687 10.0 67.175 0
113601 20.687 10.0 67.175 0
113631 20.687 10.0 67.237 0
113702 20.687 10.0 67.237 0
113732 20.687 10.0 67.3 0
113803 20.625 10.0 67.3 0
113834 20.625 10.0 67.362 0
113904 20.625 10.0 67.362 0
113934 20.625 10.0 67.362 0
114005 20.625 10.0 67.362 0
114035 20.625 10.0 67.362 0
114105 20.625 10.0 67.3 0
114136 20.625 10.0 67.3 0
114207 20.625 10.0 67.3 0
114237 20.625 10.0 67.3 0
114308 20.625 10.0 67.237 0
114338 20.625 10.0 67.237 0
114408 20.625 10.0 67.237 0
114438 20.625 10.0 67.237 0
114508 20.625 10.0 67.237 0
114539 20.562 10.0 67.237 0
114610 20.562 10.0 67.175 0
114640 20.562 10.0 67.175 0
114711 20.562 10.0 67.175 0
114742 20.562 10.0 67.175 0
114812 20.562 10.0 67.175 0
114842 20.562 10.0 67.112 0
114913 20.562 10.0 67.112 0
114943 20.562 10.0 67.112 0
115014 20.562 10.0 67.05 0
115044 20.562 10.0 67.05 0
115115 20.562 10.0 67.05 0
115145 20.562 10.0 67.05 0
115216 20.562 10.0 67.05 0
115247 20.562 10.0 66.987 0
115317 20.5 10.0 66.987 0
115348 20.5 10.0 66.987 0
115419 20.5 10.0 66.925 0
115449 20.5 10.0 66.925 0
115520 20.5 10.0 66.925 0
115551 20.5 10.0 66.862 0
115621 20.5 10.0 66.862 0
115652 20.5 10.0 66.8 0
115722 20.5 10.0 66.8 0
115753 20.5 10.0 66.8 0
115823 20.5 10.0 66.737 0
115853 20.5 10.0 66.737 0
115924 20.5 10.0 66.737 0
115954 20.5 10.0 66.737 0
120025 20.5 10.0 66.675 0
120056 20.5 10.0 66.675 0
120126 20.5 10.0 66.675 0
120157 20.5 10.0 66.612 0
120227 20.5 10.0 66.612 0
120259 20.5 10.0 66.55 0
120330 20.5 10.0 66.55 0
120400 20.5 10.0 66.55 0
120430 20.5 10.0 66.55 0
120501 20.5 10.0 66.487 0
120532 20.5 10.0 66.487 0
120603 20.5 10.0 66.487 0
120633 20.5 10.0 66.425 0
120704 20.5 10.0 66.425 0
120734 20.5 10.0 66.425 0
120805 20.5 10.0 66.362 0
120836 20.5 10.0 66.362 0
120906 20.5 10.0 66.3 0
120937 20.5 10.0 66.3 0
121007 20.5 10.0 66.3 0
121037 20.5 10.0 66.237 0
121108 20.5 10.0 66.237 0
121138 20.5 10.0 66.237 0
121209 20.5 10.0 66.175 0
121240 20.5 10.0 66.175 0
121310 20.437 10.0 66.175 0
121340 20.437 10.0 66.112 0
121410 20.437 10.0 66.112 0
121441 20.437 10.0 66.05 0
121511 20.437 10.0 66.05 0
121542 20.437 10.0 66.05 0
121612 20.437 10.0 65.987 0
121642 20.437 10.0 65.987 0
121713 20.437 10.0 65.925 0
121743 20.437 10.0 65.925 0
121813 20.375 10.0 65.862 0
121843 20.375 10.0 65.862 0
121914 20.375 10.0 65.8 0
121945 20.375 10.0 65.737 0
122016 20.375 10.0 65.737 0
122046 20.437 10.0 65.737 0
122117 20.437 10.0 65.675 0
122147 20.437 10.0 65.675 0
122218 20.437 10.0 65.612 0
122249 20.437 10.0 65.612 0
122319 20.375 10.0 65.55 0
122350 20.375 10.0 65.55 0
122420 20.375 10.0 65.55 0
122451 20.375 10.0 65.487 0
122522 20.375 10.0 65.487 0
122552 20.437 10.0 65.425 0
122623 20.437 10.0 65.425 0
122654 20.437 10.0 65.425 0
122724 20.437 10.0 65.362 0
122755 20.437 10.0 65.362 0
122825 20.375 10.0 65.3 0
122856 20.375 10.0 65.3 0
122926 20.375 10.0 65.237 0
122957 20.375 10.0 65.237 0
123028 20.375 10.0 65.175 0
123058 20.375 10.0 65.175 0
123129 20.375 10.0 65.175 0
123159 20.375 10.0 65.112 0
123230 20.375 10.0 65.112 0
123302 20.375 10.0 65.05 0
123332 20.375 10.0 65.05 0
123403 20.375 10.0 64.987 0
123433 20.375 10.0 64.987 0
123503 20.375 10.0 64.925 0
123534 20.375 10.0 64.925 0
123605 20.375 10.0 64.925 0
123635 20.375 10.0 64.862 0
123705 20.375 10.0 64.862 0
123735 20.375 10.0 64.8 0
123806 20.375 10.0 64.8 0
123836 20.375 10.0 64.8 0
123906 20.375 10.0 64.862 0
123937 20.375 10.0 64.862 0
124008 20.375 10.0 64.862 0
124039 20.375 10.0 64.862 0
124109 20.375 10.0 64.8 0
124140 20.375 10.0 64.8 0
124210 20.375 10.0 64.8 0
124240 20.375 10.0 64.737 0
124310 20.312 10.0 64.737 0
124340 20.312 10.0 64.675 0
124410 20.312 10.0 64.675 0
124441 20.312 10.0 64.675 0
124512 20.312 10.0 64.612 0
124542 20.312 10.0 64.612 0
124613 20.312 10.0 64.55 0
124643 20.312 10.0 64.55 0
124713 20.312 10.0 64.55 0
124744 20.312 10.0 64.487 0
124814 20.375 10.0 64.487 0
124845 20.375 10.0 64.425 0
124916 20.375 10.0 64.425 0
124946 20.375 10.0 64.425 0
125016 20.375 10.0 64.362 0
125047 20.375 10.0 64.362 0
125117 20.375 10.0 64.3 0
125148 20.375 10.0 64.3 0
125218 20.375 10.0 64.237 0
125249 20.375 10.0 64.237 0
125319 20.437 10.0 64.175 0
125350 20.437 10.0 64.175 0
125421 20.437 10.0 64.175 0
125451 20.437 10.0 64.112 0
125522 20.437 10.0 64.112 0
125553 20.437 10.0 64.05 0
125623 20.437 10.0 64.05 0
125653 20.437 10.0 63.987 0
125724 20.437 10.0 63.987 0
125754 20.437 10.0 63.925 0
125825 20.5 10.0 63.925 0
125855 20.5 10.0 63.925 0
125926 20.5 10.0 63.862 0
125956 20.5 10.0 63.862 0
130026 20.5 10.0 63.8 0
130057 20.5 10.0 63.8 0
130127 20.5 10.0 63.737 0
130158 20.5 10.0 63.675 0
130228 20.5 10.0 63.612 0
130259 20.5 10.0 63.55 0
130330 20.5 10.0 63.487 0
130400 20.5 10.0 63.487 0
130430 20.5 10.0 63.425 0
130501 20.5 10.0 63.362 0
130531 20.5 10.0 63.362 0
130601 20.5 10.0 63.3 0
130631 20.5 10.0 63.237 0
130701 20.5 10.0 63.237 0
130731 20.5 10.0 63.175 0
130802 20.5 10.0 63.175 0
130832 20.5 10.0 63.112 0
130903 20.5 10.0 63.112 0
130933 20.5 10.0 63.05 0
131004 20.5 10.0 63.05 0
131034 20.5 10.0 62.987 0
131105 20.562 10.0 62.987 0
131136 20.562 10.0 62.925 0
131206 20.562 10.0 62.925 0
131236 20.562 10.0 62.862 0
131309 20.562 10.0 62.862 0
131339 20.562 10.0 62.8 0
131409 20.562 10.0 62.8 0
131440 20.562 10.0 62.737 0
131510 20.562 10.0 62.737 0
131541 20.562 10.0 62.675 0
131611 20.562 10.0 62.675 0
131642 20.562 10.0 62.612 0
131713 20.562 10.0 62.612 0
131743 20.562 10.0 62.55 0
131814 20.562 10.0 62.55 0
131844 20.562 10.0 62.487 0
131914 20.562 10.0 62.487 0
131945 20.562 10.0 62.425 0
132015 20.562 10.0 62.425 0
132045 20.562 10.0 62.362 0
132115 20.562 10.0 62.3 0
132146 20.562 10.0 62.3 0
132216 20.562 10.0 62.237 0
132246 20.562 10.0 62.237 0
132317 20.562 10.0 62.112 0
132348 20.562 10.0 62.05 0
132419 20.562 10.0 61.925 0
132449 20.562 10.0 61.862 0
132520 20.562 10.0 61.737 0
132551 20.562 10.0 61.737 0
132621 20.562 10.0 61.675 0
132652 20.562 10.0 61.612 0
132722 20.562 10.0 61.55 0
132752 20.562 10.0 61.55 0
132822 20.562 10.0 61.487 0
132852 20.562 10.0 61.425 0
132923 20.562 10.0 61.425 0
132953 20.562 10.0 61.362 0
133023 20.562 10.0 61.362 0
133053 20.562 10.0 61.3 0
133123 20.562 10.0 61.3 0
133154 20.562 10.0 61.237 0
133224 20.562 10.0 61.237 0
133254 20.562 10.0 61.175 0
133325 20.562 10.0 61.112 0
133355 20.562 10.0 61.112 0
133426 20.562 10.0 61.05 0
133456 20.562 10.0 61.05 0
133527 20.562 10.0 60.987 0
133557 20.562 10.0 60.987 0
133628 20.562 10.0 60.925 0
133658 20.562 10.0 60.862 0
133728 20.562 10.0 60.862 0
133759 20.562 10.0 60.8 0
133829 20.562 10.0 60.8 0
133900 20.562 10.0 60.737 0
133930 20.562 10.0 60.737 0
134001 20.562 10.0 60.675 0
134032 20.562 10.0 60.675 0
134102 20.562 10.0 60.675 0
134132 20.562 10.0 60.675 0
134202 20.562 10.0 60.612 0
134233 20.562 10.0 60.612 0
134303 20.562 10.0 60.612 0
134334 20.5 10.0 60.55 0
134404 20.5 10.0 60.55 0
134434 20.5 10.0 60.487 0
134505 20.5 10.0 60.425 0
134536 20.5 10.0 60.3 0
134606 20.562 10.0 60.237 0
134636 20.562 10.0 60.175 0
134707 20.562 10.0 60.112 0
134738 20.562 10.0 60.05 0
134808 20.562 10.0 59.987 0
134838 20.562 10.0 59.925 0
134909 20.562 10.0 59.925 0
134939 20.562 10.0 59.862 0
135010 20.562 10.0 59.862 0
135040 20.562 10.0 59.8 0
135111 20.562 10.0 59.737 0
135141 20.562 10.0 59.737 0
135211 20.562 10.0 59.675 0
135242 20.562 10.0 59.675 0
135315 20.562 10.0 59.612 0
135345 20.562 10.0 59.55 0
135415 20.562 10.0 59.55 0
135445 20.562 10.0 59.487 0
135516 20.562 10.0 59.487 0
135546 20.562 10.0 59.425 0
135617 20.562 10.0 59.425 0
135647 20.562 10.0 59.362 0
135717 20.562 10.0 59.3 0
135747 20.562 10.0 59.3 0
135818 20.625 10.0 59.237 0
135848 20.625 10.0 59.237 0
135919 20.625 10.0 59.175 0
135949 20.625 10.0 59.175 0
140020 20.625 10.0 59.112 0
140051 20.562 10.0 59.112 0
140121 20.562 10.0 59.05 0
140151 20.562 10.0 59.05 0
140221 20.562 10.0 58.987 0
140252 20.562 10.0 58.925 0
140322 20.562 10.0 58.925 0
140353 20.562 10.0 58.862 0
140423 20.562 10.0 58.862 0
140454 20.562 10.0 58.8 0
140524 20.562 10.0 58.675 0
140555 20.562 10.0 58.55 0
140625 20.562 10.0 58.362 0
140655 20.562 10.0 58.237 0
140726 20.562 10.0 58.112 0
140756 20.562 10.0 58.05 0
140826 20.562 10.0 57.987 0
140857 20.562 10.0 57.925 0
140927 20.562 10.0 57.862 0
140958 20.562 10.0 57.8 0
141028 20.562 10.0 57.8 0
141059 20.562 10.0 57.737 0
141130 20.562 10.0 57.675 0
141200 20.562 10.0 57.675 0
141231 20.562 10.0 57.612 0
141301 20.562 10.0 57.612 0
141332 20.562 10.0 57.55 0
141402 20.562 10.0 57.487 0
141433 20.562 10.0 57.487 0
141503 20.562 10.0 57.425 0
141534 20.562 10.0 57.425 0
141604 20.562 10.0 57.362 0
141635 20.562 10.0 57.362 0
141706 20.562 10.0 57.3 0
141736 20.562 10.0 57.3 0
141807 20.562 10.0 57.237 0
141838 20.562 10.0 57.237 0
141908 20.562 10.0 57.175 0
141939 20.562 10.0 57.112 0
142009 20.562 10.0 57.112 0
142040 20.562 10.0 57.05 0
142110 20.562 10.0 57.05 0
142140 20.562 10.0 56.987 0
142210 20.562 10.0 56.987 0
142241 20.562 10.0 56.925 0
142311 20.562 10.0 56.925 0
142342 20.562 10.0 56.862 0
142413 20.562 10.0 56.862 0
142443 20.562 10.0 56.8 0
142514 20.562 10.0 56.8 0
142544 20.562 10.0 56.737 0
142615 20.562 10.0 56.737 0
142645 20.562 10.0 56.8 0
142716 20.562 10.0 56.925 0
142746 20.562 10.0 57.175 0
142818 20.562 10.0 57.675 0
142849 20.562 10.0 58.425 0
142920 20.562 10.0 59.362 0
142951 20.562 10.0 60.425 0
143021 20.562 10.0 61.612 0
143051 20.562 10.0 62.737 0
143122 20.562 10.0 63.737 0
143153 20.562 10.0 64.487 0
143224 20.562 10.0 65.112 0
143254 20.562 10.0 65.55 0
143325 20.562 10.0 65.925 0
143355 20.562 10.0 66.237 0
143426 20.562 10.0 66.487 0
143456 20.562 10.0 66.675 0
143527 20.562 10.0 66.8 0
143557 20.562 10.0 66.987 0
143627 20.562 10.0 67.112 0
143658 20.562 10.0 67.175 0
143729 20.562 10.0 67.3 0
143759 20.562 10.0 67.362 0
143830 20.562 10.0 67.425 0
143900 20.562 10.0 67.487 0
143930 20.562 10.0 67.55 0
144001 20.562 10.0 67.55 0
144032 20.562 10.0 67.612 0
144102 20.562 10.0 67.675 0
144132 20.562 10.0 67.737 0
144203 20.562 10.0 67.737 0
144234 20.562 10.0 67.8 0
144304 20.562 10.0 67.8 0
144335 20.562 10.0 67.862 0
144405 20.562 10.0 67.925 0
144436 20.562 10.0 67.925 0
144506 20.562 10.0 67.987 0
144537 20.562 10.0 67.987 0
144608 20.562 10.0 68.05 0
144638 20.562 10.0 68.05 0
144709 20.562 10.0 68.05 0
144740 20.562 10.0 68.05 0
144810 20.562 10.0 68.05 0
144840 20.562 10.0 68.05 0
144911 20.562 10.0 68.05 0
144942 20.562 10.0 68.05 0
145012 20.562 10.0 68.05 0
145043 20.562 10.0 68.05 0
145114 20.562 10.0 68.05 0
145144 20.562 10.0 68.05 0
145214 20.562 10.0 68.05 0
145245 20.562 10.0 68.05 0
145315 20.562 10.0 68.05 0
145346 20.625 10.0 68.05 0
145416 20.625 10.0 68.05 0
145446 20.625 10.0 68.05 0
145517 20.625 10.0 67.987 0
145547 20.625 10.0 68.05 0
145618 20.625 10.0 67.987 0
145649 20.625 10.0 67.987 0
145719 20.625 10.0 67.987 0
145750 20.625 10.0 67.987 0
145823 20.625 10.0 67.987 0
145854 20.625 10.0 67.987 0
145924 20.625 10.0 67.987 0
145954 20.625 10.0 67.987 0
150025 20.625 10.0 67.987 0
150055 20.625 10.0 67.925 0
150125 20.625 10.0 67.925 0
150156 20.625 10.0 67.925 0
150226 20.625 10.0 67.925 0
150256 20.625 10.0 67.925 0
150327 20.625 10.0 67.925 0
150357 20.625 10.0 67.862 0
150427 20.625 10.0 67.862 0
150458 20.625 10.0 67.862 0
150528 20.625 10.0 67.862 0
150559 20.687 10.0 67.862 0
150629 20.687 10.0 67.8 0
150659 20.687 10.0 67.8 0
150729 20.687 10.0 67.8 0
150759 20.687 10.0 67.8 0
150829 20.625 10.0 67.8 0
150900 20.625 10.0 67.737 0
150931 20.625 10.0 67.737 0
151002 20.625 10.0 67.737 0
151032 20.625 10.0 67.675 0
151103 20.687 10.0 67.675 0
151133 20.687 10.0 67.675 0
151203 20.687 10.0 67.675 0
151234 20.687 10.0 67.675 0
151304 20.687 10.0 67.612 0
151335 20.625 10.0 67.612 0
151405 20.625 10.0 67.612 0
151436 20.625 10.0 67.612 0
151507 20.625 10.0 67.55 0
151537 20.625 10.0 67.55 0
151608 20.625 10.0 67.55 0
151639 20.625 10.0 67.55 0
151709 20.625 10.0 67.487 0
151740 20.625 10.0 67.487 0
151811 20.625 10.0 67.487 0
151841 20.375 10.0 67.425 0
151911 20.375 10.0 67.425 0
151942 20.375 10.0 67.425 0
152012 20.375 10.0 67.425 0
152042 20.375 10.0 67.362 0
152113 20.312 10.0 67.362 0
152143 20.312 10.0 67.362 0
152214 20.312 10.0 67.3 0
152244 20.312 10.0 67.3 0
152314 20.312 10.0 67.3 0
152345 20.312 10.0 67.3 0
152416 20.312 10.0 67.237 0
152447 20.312 10.0 67.237 0
152517 20.312 10.0 67.237 0
152547 20.312 10.0 67.237 0
152618 20.375 10.0 67.175 0
152649 20.375 10.0 67.175 0
152719 20.375 10.0 67.112 0
152750 20.375 10.0 67.112 0
152820 20.375 10.0 67.112 0
152850 20.5 10.0 67.112 0
152921 20.5 10.0 67.05 0
152952 20.5 10.0 67.05 0
153022 20.5 10.0 66.987 0
153053 20.5 10.0 66.987 0
153124 20.562 10.0 66.987 0
153154 20.562 10.0 66.987 0
153224 20.562 10.0 66.987 0
153255 20.562 10.0 66.987 0
153325 20.562 10.0 67.05 0
153356 20.625 10.0 67.05 0
153426 20.625 10.0 67.112 0
153457 20.625 10.0 67.112 0
153527 20.625 10.0 67.112 0
153600 20.625 10.0 67.112 0
153630 20.625 10.0 67.112 0
153701 20.625 10.0 67.112 0
153732 20.625 10.0 67.112 0
153802 20.625 10.0 67.05 0
153832 20.625 10.0 67.05 0
153903 20.625 10.0 67.05 0
153934 20.625 10.0 66.987 0
154004 20.625 10.0 66.987 0
154035 20.625 10.0 66.987 0
154105 20.75 10.0 66.987 0
154136 20.75 10.0 66.987 0
154206 20.75 10.0 66.925 0
154236 20.75 10.0 66.925 0
154307 20.75 10.0 66.925 0
154338 20.687 10.0 66.862 0
154408 20.687 10.0 66.862 0
154438 20.687 10.0 66.862 0
154509 20.687 10.0 66.862 0
154539 20.687 10.0 66.8 0
154609 20.687 10.0 66.8 0
154639 20.687 10.0 66.8 0
154710 20.687 10.0 66.8 0
154741 20.687 10.0 66.737 0
154811 20.687 10.0 66.737 0
154841 20.75 10.0 66.737 0
154912 20.75 10.0 66.675 0
154943 20.75 10.0 66.675 0
155014 20.75 10.0 66.675 0
155044 20.75 10.0 66.675 0
155114 20.687 10.0 66.612 0
155145 20.687 10.0 66.612 0
155216 20.687 10.0 66.612 0
155246 20.687 10.0 66.55 0
155317 20.687 10.0 66.55 0
155348 20.687 10.0 66.55 0
155418 20.687 10.0 66.55 0
155449 20.687 10.0 66.487 0
155519 20.687 10.0 66.487 0
155549 20.687 10.0 66.487 0
155619 20.75 10.0 66.425 0
155650 20.75 10.0 66.425 0
155720 20.75 10.0 66.362 0
155750 20.75 10.0 66.362 0
155821 20.75 10.0 66.362 0
155851 20.687 10.0 66.3 0
155922 20.687 10.0 66.3 0
155952 20.687 10.0 66.237 0
160023 20.687 10.0 66.237 0
160053 20.687 10.0 66.237 0
160124 20.687 10.0 66.175 0
160154 20.687 10.0 66.175 0
160225 20.687 10.0 66.175 0
160255 20.687 10.0 66.112 0
160326 20.687 10.0 66.112 0
160357 20.75 10.0 66.112 0
160427 20.75 10.0 66.05 0
160458 20.75 10.0 66.05 0
160528 20.75 10.0 66.05 0
160559 20.75 10.0 65.987 0
160629 20.625 10.0 65.987 0
160700 20.625 10.0 65.987 0
160731 20.625 10.0 65.925 0
160801 20.625 10.0 65.925 0
160831 20.625 10.0 65.925 0
160902 20.687 10.0 65.862 0
160933 20.687 10.0 65.862 0
161003 20.687 10.0 65.8 0
161033 20.687 10.0 65.8 0
161105 20.687 10.0 65.8 0
161135 20.687 10.0 65.737 0
161206 20.687 10.0 65.737 0
161236 20.687 10.0 65.675 0
161307 20.687 10.0 65.675 0
161337 20.812 10.0 65.675 0
161408 20.812 10.0 65.612 0
161439 20.812 10.0 65.612 0
161509 20.812 10.0 65.612 0
161540 20.812 10.0 65.55 0
161611 20.687 10.0 65.55 0
161641 20.687 10.0 65.55 0
161712 20.687 10.0 65.487 0
161743 20.687 10.0 65.487 0
161814 20.687 10.0 65.425 0
161844 20.75 10.0 65.425 0
161914 20.75 10.0 65.362 0
161945 20.75 10.0 65.362 0
162015 20.75 10.0 65.3 0
162046 20.75 10.0 65.3 0
162117 20.562 10.0 65.237 0
162147 20.562 10.0 65.175 0
162218 20.562 10.0 65.175 0
162249 20.562 10.0 65.112 0
162319 20.562 10.0 65.112 0
162350 20.562 10.0 65.05 0
162420 20.562 10.0 65.05 0
162450 20.562 10.0 64.987 0
162520 20.562 10.0 64.987 0
162551 20.562 10.0 64.925 0
162621 20.125 10.0 64.925 0
162652 20.125 10.0 64.925 0
162722 20.125 10.0 64.862 0
162753 20.125 10.0 64.862 0
162824 20.125 10.0 64.8 0
162854 20.25 10.0 64.8 0
162924 20.25 10.0 64.737 0
162955 20.25 10.0 64.737 0
163026 20.25 10.0 64.675 0
163057 20.25 10.0 64.675 0
163127 20.375 10.0 64.675 0
163158 20.375 10.0 64.612 0
163228 20.375 10.0 64.612 0
163259 20.375 10.0 64.55 0
163329 20.375 10.0 64.55 0
163400 20.375 10.0 64.487 0
163431 20.375 10.0 64.487 0
163501 20.375 10.0 64.487 0
163532 20.375 10.0 64.487 0
163602 20.375 10.0 64.487 0
163633 20.5 10.0 64.487 0
163703 20.5 10.0 64.487 0
163733 20.5 10.0 64.487 0
163804 20.5 10.0 64.487 0
163835 20.5 10.0 64.425 0
163905 20.687 10.0 64.425 0
163935 20.687 10.0 64.425 0
164006 20.687 10.0 64.425 0
164036 20.687 10.0 64.362 0
164109 20.75 10.0 64.362 0
164139 20.75 10.0 64.3 0
164210 20.75 10.0 64.3 0
164240 20.75 10.0 64.237 0
164311 20.75 10.0 64.175 0
164342 20.812 10.0 64.112 0
164412 20.812 10.0 64.112 0
164443 20.812 10.0 64.05 0
164513 20.812 10.0 63.987 0
164544 20.812 10.0 63.987 0
164614 20.812 10.0 63.925 0
164644 20.812 10.0 63.925 0
164715 20.812 10.0 63.862 0
164746 20.812 10.0 63.862 0
164816 20.812 10.0 63.8 0
164846 20.812 10.0 63.8 0
164916 20.812 10.0 63.737 0
164947 20.812 10.0 63.737 0
165017 20.812 10.0 63.675 0
165048 20.812 10.0 63.675 0
165118 20.687 10.0 63.612 0
165149 20.687 10.0 63.612 0
165219 20.687 10.0 63.55 0
165250 20.687 10.0 63.55 0
165321 20.687 10.0 63.55 0
165351 20.812 10.0 63.487 0
165422 20.812 10.0 63.487 0
165453 20.812 10.0 63.425 0
165524 20.812 10.0 63.425 0
165554 20.812 10.0 63.362 0
165625 20.562 10.0 63.3 0
165655 20.562 10.0 63.3 0
165726 20.562 10.0 63.237 0
165756 20.562 10.0 63.237 0
165827 20.562 10.0 63.237 0
165857 20.687 10.0 63.175 0
165927 20.687 10.0 63.175 0
165958 20.687 10.0 63.112 0
170028 20.687 10.0 63.112 0
170058 20.687 10.0 63.05 0
170129 20.625 10.0 63.05 0
170159 20.625 10.0 62.987 0
170230 20.625 10.0 62.987 0
170301 20.625 10.0 62.925 0
170332 20.625 10.0 62.862 0
170402 20.437 10.0 62.737 0
170432 20.437 10.0 62.675 0
170503 20.437 10.0 62.612 0
170533 20.437 10.0 62.55 0
170604 20.437 10.0 62.487 0
170635 20.25 10.0 62.425 0
170705 20.25 10.0 62.362 0
170736 20.25 10.0 62.3 0
170806 20.25 10.0 62.3 0
170837 20.25 10.0 62.237 0
170908 20.062 10.0 62.237 0
170938 20.062 10.0 62.175 0
171008 20.062 10.0 62.175 0
171038 20.062 10.0 62.112 0
171108 20.062 10.0 62.05 0
171139 20.25 10.0 62.05 0
171210 20.25 10.0 61.987 0
171240 20.25 10.0 61.987 0
171310 20.25 10.0 61.925 0
171341 20.25 10.0 61.925 0
171411 20.437 10.0 61.862 0
171441 20.437 10.0 61.8 0
171512 20.437 10.0 61.8 0
171542 20.437 10.0 61.737 0
171615 20.75 10.0 61.737 0
171645 20.75 10.0 61.675 0
171716 20.75 10.0 61.675 0
171747 20.75 10.0 61.612 0
171818 20.75 10.0 61.612 0
171848 20.812 10.0 61.55 0
171919 20.812 10.0 61.487 0
171950 20.812 10.0 61.487 0
172020 20.812 10.0 61.425 0
172050 20.812 10.0 61.425 0
172121 20.937 10.0 61.362 0
172151 20.937 10.0 61.362 0
172221 20.937 10.0 61.3 0
172252 20.937 10.0 61.3 0
172322 20.937 10.0 61.237 0
172352 20.875 10.0 61.112 0
172422 20.875 10.0 61.05 0
172453 20.875 10.0 60.862 0
172523 20.875 10.0 60.737 0
172554 20.875 10.0 60.612 0
172624 20.937 10.0 60.55 0
172654 20.937 10.0 60.487 0
172725 20.937 10.0 60.425 0
172755 20.937 10.0 60.362 0
172825 20.937 10.0 60.3 0
172855 21.0 10.0 60.237 0
172925 21.0 10.0 60.237 0
172956 21.0 10.0 60.175 0
173027 21.0 10.0 60.175 0
173057 21.0 10.0 60.112 0
173128 21.0 10.0 60.05 0
173158 21.0 10.0 60.05 0
173228 21.0 10.0 59.987 0
173258 21.0 10.0 59.987 0
173329 21.0 10.0 59.925 0
173400 21.0 10.0 59.862 0
173430 21.0 10.0 59.862 0
173501 21.0 10.0 59.8 0
173532 21.0 10.0 59.8 0
173602 21.0 10.0 59.737 0
173632 20.937 10.0 59.675 0
173703 20.937 10.0 59.675 0
173733 20.937 10.0 59.612 0
173804 20.937 10.0 59.612 0
173835 20.937 10.0 59.55 0
173906 20.937 10.0 59.487 0
173936 20.937 10.0 59.487 0
174006 20.937 10.0 59.425 0
174037 20.937 10.0 59.425 0
174107 20.937 10.0 59.362 0
174138 20.875 10.0 59.3 0
174209 20.875 10.0 59.3 0
174239 20.875 10.0 59.237 0
174309 20.875 10.0 59.237 0
174340 20.875 10.0 59.175 0
174411 20.875 10.0 59.05 0
174441 20.875 10.0 58.925 0
174512 20.875 10.0 58.737 0
174543 20.875 10.0 58.487 0
174613 20.875 10.0 58.3 0
174644 20.812 10.0 58.175 0
174715 20.812 10.0 58.05 0
174745 20.812 10.0 57.987 0
174815 20.812 10.0 57.925 0
174846 20.812 10.0 57.862 0
174916 20.812 10.0 57.8 0
174946 20.812 10.0 57.737 0
175017 20.812 10.0 57.675 0
175047 20.812 10.0 57.675 0
175117 20.812 10.0 57.612 0
175148 20.687 10.0 57.612 0
175218 20.687 10.0 57.55 0
175249 20.687 10.0 57.487 0
175319 20.687 10.0 57.487 0
175351 20.687 10.0 57.425 0
175421 20.687 10.0 57.425 0
175452 20.687 10.0 57.362 0
175523 20.687 10.0 57.3 0
175553 20.687 10.0 57.3 0
175624 20.687 10.0 57.237 0
175655 20.687 10.0 57.175 0
175725 20.687 10.0 57.175 0
175755 20.687 10.0 57.112 0
175826 20.687 10.0 57.112 0
175857 20.687 10.0 57.05 0
175927 20.687 10.0 56.987 0
175958 20.687 10.0 56.987 0
180029 20.687 10.0 56.925 0
180059 20.687 10.0 56.925 0
180130 20.687 10.0 56.862 0
180200 20.687 10.0 56.8 0
180231 20.687 10.0 56.8 0
180301 20.687 10.0 56.737 0
180331 20.687 10.0 56.612 0
180402 20.75 10.0 56.487 0
180432 20.75 10.0 56.237 0
180503 20.75 10.0 55.987 0
180534 20.75 10.0 55.675 0
180604 20.75 10.0 55.425 0
180635 20.75 10.0 55.237 0
180706 20.75 10.0 55.175 0
180736 20.75 10.0 55.05 0
180807 20.75 10.0 54.987 0
180838 20.75 10.0 54.925 0
180909 20.75 10.0 54.862 0
180939 20.75 10.0 54.862 0
181010 20.75 10.0 54.8 0
181040 20.75 10.0 54.737 0
181111 20.75 10.0 54.737 0
181142 20.75 10.0 54.675 0
181212 20.75 10.0 54.675 0
181242 20.75 10.0 54.612 0
181312 20.75 10.0 54.55 0
181343 20.75 10.0 54.55 0
181413 20.75 10.0 54.487 0
181444 20.75 10.0 54.487 0
181515 20.75 10.0 54.425 0
181546 20.75 10.0 54.425 0
181616 20.75 10.0 54.362 0
181646 20.75 10.0 54.362 0
181716 20.75 10.0 54.3 0
181746 20.75 10.0 54.237 0
181817 20.75 10.0 54.237 0
181847 20.75 10.0 54.175 0
181918 20.75 10.0 54.175 0
181948 20.75 10.0 54.112 0
182019 20.75 10.0 54.112 0
182049 20.75 10.0 54.05 0
182120 20.75 10.0 53.987 0
182151 20.75 10.0 53.925 0
182221 20.75 10.0 53.737 0
182252 20.75 10.0 53.487 0
182322 20.75 10.0 53.237 0
182354 20.75 10.0 52.925 0
182425 20.75 10.0 52.55 0
182456 20.75 10.0 52.3 0
182527 20.75 10.0 52.05 0
182557 20.75 10.0 51.862 0
182628 20.75 10.0 51.737 0
182658 20.75 10.0 51.675 0
182728 20.75 10.0 51.612 0
182759 20.75 10.0 51.55 0
182829 20.75 10.0 51.55 0
182900 20.687 10.0 51.487 0
182931 20.687 10.0 51.487 0
183001 20.687 10.0 51.425 0
183032 20.687 10.0 51.425 0
183102 20.687 10.0 51.362 0
183133 20.625 10.0 51.362 0
183204 20.625 10.0 51.3 0
183234 20.625 10.0 51.237 0
183305 20.625 10.0 51.237 0
183335 20.625 10.0 51.237 0
183406 20.625 10.0 51.175 0
183437 20.625 10.0 51.175 0
183508 20.625 10.0 51.112 0
183538 20.625 10.0 51.112 0
183608 20.625 10.0 51.05 0
183639 20.625 10.0 51.05 0
183710 20.625 10.0 50.987 0
183740 20.625 10.0 50.925 0
183811 20.625 10.0 50.862 0
183841 20.625 10.0 50.675 0
183911 20.625 10.0 50.487 0
183942 20.625 10.0 50.237 0
184013 20.625 10.0 49.925 0
184043 20.625 10.0 49.675 0
184114 20.625 10.0 49.362 0
184145 20.625 10.0 49.05 0
184215 20.625 10.0 48.737 0
184246 20.625 10.0 48.425 0
184316 20.625 10.0 48.112 0
184347 20.625 10.0 47.8 0
184418 20.625 10.0 47.487 0
184449 20.625 10.0 47.237 0
184519 20.625 10.0 46.925 0
184550 20.625 10.0 46.675 0
184620 20.625 10.0 46.425 0
184650 20.687 10.0 46.175 0
184721 20.687 10.0 45.987 0
184751 20.687 10.0 45.862 0
184821 20.687 10.0 45.737 0
184852 20.687 10.0 45.612 0
184922 20.687 10.0 45.55 0
184953 20.687 10.0 45.487 0
185023 20.687 10.0 45.425 0
185053 20.687 10.0 45.362 0
185124 20.687 10.0 45.3 0
185155 20.75 10.0 45.237 0
185225 20.75 10.0 45.237 0
185256 20.75 10.0 45.237 0
185327 20.75 10.0 45.175 0
185359 20.75 10.0 45.175 0
185429 20.75 10.0 45.175 0
185500 20.75 10.0 45.112 0
185530 20.75 10.0 45.112 0
185600 20.75 10.0 45.112 0
185631 20.75 10.0 45.112 0
185701 20.75 10.0 45.05 0
185732 20.75 10.0 45.05 0
185802 20.75 10.0 45.05 0
185832 20.75 10.0 45.05 0
185903 20.75 10.0 45.05 0
185933 20.75 10.0 44.987 0
190003 20.75 10.0 44.987 0
190034 20.75 10.0 44.987 0
190105 20.75 10.0 44.925 0
190135 20.812 10.0 44.925 0
190206 20.812 10.0 44.925 0
190236 20.812 10.0 44.862 0
190306 20.812 10.0 44.862 0
190336 20.812 10.0 44.8 0
190407 20.812 10.0 44.8 0
190437 20.812 10.0 44.737 0
190507 20.812 10.0 44.737 0
190537 20.812 10.0 44.675 0
190607 20.812 10.0 44.675 0
190637 20.812 10.0 44.612 0
190708 20.812 10.0 44.55 0
190738 20.812 10.0 44.55 0
190808 20.812 10.0 44.487 0
190838 20.812 10.0 44.425 0
190909 20.812 10.0 44.425 0
190940 20.812 10.0 44.362 0
191010 20.812 10.0 44.362 0
191041 20.812 10.0 44.3 0
191111 20.812 10.0 44.3 0
191142 20.812 10.0 44.237 0
191213 20.812 10.0 44.175 0
191243 20.812 10.0 44.175 0
191314 20.812 10.0 44.175 0
191345 20.812 10.0 44.112 0
191416 20.812 10.0 44.112 0
191446 20.812 10.0 44.05 0
191517 20.812 10.0 44.05 0
191548 20.812 10.0 44.05 0
191618 20.812 10.0 43.987 0
191648 20.875 10.0 43.987 0
191719 20.875 10.0 43.925 0
191749 20.875 10.0 43.925 0
191820 20.875 10.0 43.925 0
191850 20.875 10.0 43.862 0
191921 20.812 10.0 43.862 0
191952 20.812 10.0 43.862 0
192022 20.812 10.0 43.8 0
192053 20.812 10.0 43.8 0
192123 20.812 10.0 43.737 0
192154 20.812 10.0 43.737 0
192224 20.812 10.0 43.737 0
192254 20.812 10.0 43.675 0
192325 20.812 10.0 43.675 0
192355 20.812 10.0 43.612 0
192425 20.875 10.0 43.612 0
192456 20.875 10.0 43.55 0
192526 20.875 10.0 43.55 0
192557 20.875 10.0 43.55 0
192627 20.875 10.0 43.487 0
192658 20.812 10.0 43.487 0
192729 20.812 10.0 43.425 0
192800 20.812 10.0 43.425 0
192830 20.812 10.0 43.425 0
192900 20.812 10.0 43.362 0
192931 20.812 10.0 43.362 0
193001 20.812 10.0 43.3 0
193032 20.812 10.0 43.3 0
193103 20.812 10.0 43.237 0
193134 20.812 10.0 43.237 0
193204 20.812 10.0 43.237 0
193234 20.812 10.0 43.175 0
193305 20.812 10.0 43.175 0
193336 20.812 10.0 43.175 0
193406 20.812 10.0 43.112 0
193437 20.812 10.0 43.112 0
193508 20.812 10.0 43.05 0
193538 20.812 10.0 43.05 0
193609 20.812 10.0 43.05 0
193639 20.812 10.0 42.987 0
193710 20.812 10.0 42.987 0
193740 20.812 10.0 42.925 0
193811 20.812 10.0 42.925 0
193841 20.812 10.0 42.925 0
193912 20.75 10.0 42.862 0
193942 20.75 10.0 42.862 0
194013 20.75 10.0 42.862 0
194043 20.75 10.0 42.8 0
194113 20.75 10.0 42.8 0
194144 20.812 10.0 42.737 0
194214 20.812 10.0 42.737 0
194245 20.812 10.0 42.737 0
194315 20.812 10.0 42.675 0
194345 20.812 10.0 42.675 0
194415 20.75 10.0 42.675 0
194445 20.75 10.0 42.612 0
194516 20.75 10.0 42.612 0
194546 20.75 10.0 42.612 0
194617 20.75 10.0 42.55 0
194648 20.75 10.0 42.55 0
194718 20.75 10.0 42.487 0
194749 20.75 10.0 42.487 0
194819 20.75 10.0 42.487 0
194849 20.75 10.0 42.425 0
194920 20.75 10.0 42.425 0
194951 20.75 10.0 42.425 0
195021 20.75 10.0 42.362 0
195052 20.75 10.0 42.362 0
195123 20.75 10.0 42.3 0
195153 20.812 10.0 42.3 0
195223 20.812 10.0 42.3 0
195254 20.812 10.0 42.237 0
195325 20.812 10.0 42.237 0
195355 20.812 10.0 42.237 0
195426 20.812 10.0 42.175 0
195457 20.812 10.0 42.175 0
195527 20.812 10.0 42.175 0
195557 20.812 10.0 42.112 0
195628 20.812 10.0 42.112 0
195658 20.812 10.0 42.112 0
195729 20.812 10.0 42.05 0
195800 20.812 10.0 42.05 0
195830 20.812 10.0 42.05 0
195901 20.812 10.0 41.987 0
195932 20.875 10.0 41.987 0
200003 20.875 10.0 41.987 0
200033 20.875 10.0 41.925 0
200104 20.875 10.0 41.925 0
200137 20.812 10.0 41.925 0
200208 20.812 10.0 41.862 0
200238 20.812 10.0 41.862 0
200308 20.812 10.0 41.862 0
200338 20.812 10.0 41.8 0
200409 20.875 10.0 41.8 0
200439 20.875 10.0 41.737 0
200509 20.875 10.0 41.737 0
200540 20.875 10.0 41.737 0
200610 20.875 10.0 41.675 0
200641 20.875 10.0 41.675 0
200712 20.875 10.0 41.675 0
200742 20.875 10.0 41.612 0
200813 20.875 10.0 41.612 0
200844 20.875 10.0 41.612 0
200915 20.875 10.0 41.55 0
200945 20.875 10.0 41.55 0
201016 20.875 10.0 41.55 0
201046 20.875 10.0 41.487 0
201116 20.875 10.0 41.487 0
201146 20.875 10.0 41.487 0
201217 20.875 10.0 41.425 0
201247 20.875 10.0 41.425 0
201318 20.875 10.0 41.425 0
201349 20.875 10.0 41.362 0
201419 20.937 10.0 41.362 0
201450 20.937 10.0 41.362 0
201521 20.937 10.0 41.3 0
201552 20.937 10.0 41.3 0
201622 20.937 10.0 41.3 0
201653 20.937 10.0 41.237 0
201723 20.937 10.0 41.237 0
201754 20.937 10.0 41.237 0
201825 20.937 10.0 41.175 0
201855 20.937 10.0 41.175 0
201926 20.937 10.0 41.175 0
201957 20.937 10.0 41.112 0
202027 20.937 10.0 41.112 0
202057 20.937 10.0 41.112 0
202128 20.937 10.0 41.112 0
202159 20.937 10.0 41.05 0
202229 20.937 10.0 41.05 0
202259 20.937 10.0 41.05 0
202330 20.937 10.0 40.987 0
202401 20.937 10.0 40.987 0
202431 20.875 10.0 40.987 0
202501 20.875 10.0 40.925 0
202532 20.875 10.0 40.925 0
202603 20.875 10.0 40.925 0
202634 20.875 10.0 40.862 0
202704 20.937 10.0 40.862 0
202734 20.937 10.0 40.862 0
202805 20.937 10.0 40.8 0
202835 20.937 10.0 40.8 0
202905 20.937 10.0 40.8 0
202936 20.937 10.0 40.8 0
203006 20.937 10.0 40.737 0
203037 20.937 10.0 40.737 0
203107 20.937 10.0 40.737 0
203138 20.937 10.0 40.675 0
203208 20.937 10.0 40.675 0
203238 20.937 10.0 40.675 0
203309 20.937 10.0 40.612 0
203339 20.937 10.0 40.612 0
203412 20.937 10.0 40.612 0
203443 20.937 10.0 40.55 0
203513 20.937 10.0 40.55 0
203543 20.937 10.0 40.55 0
203613 20.937 10.0 40.487 0
203644 20.937 10.0 40.487 0
203714 20.937 10.0 40.487 0
203744 20.937 10.0 40.425 0
203815 20.937 10.0 40.425 0
203845 20.937 10.0 40.425 0
203915 20.937 10.0 40.362 0
203946 20.937 10.0 40.362 0
204017 20.937 10.0 40.362 0
204047 20.937 10.0 40.362 0
204118 20.937 10.0 40.3 0
204149 20.937 10.0 40.3 0
204219 20.937 10.0 40.3 0
204249 20.937 10.0 40.3 0
204319 20.937 10.0 40.237 0
204349 20.937 10.0 40.237 0
204420 20.937 10.0 40.237 0
204450 20.937 10.0 40.175 0
204521 20.937 10.0 40.175 0
204551 20.937 10.0 40.175 0
204622 20.937 10.0 40.112 0
204653 20.937 10.0 40.112 0
204724 20.937 10.0 40.112 0
204754 20.937 10.0 40.112 0
204824 20.937 10.0 40.05 0
204856 20.937 10.0 40.05 0
204927 20.937 10.0 40.05 0
204957 20.937 10.0 39.987 0
205028 20.937 10.0 39.987 0
205058 20.937 10.0 39.987 0
205128 20.937 10.0 39.987 0
205159 21.0 10.0 39.925 0
205229 21.0 10.0 39.925 0
205259 21.0 10.0 39.925 0
205329 21.0 10.0 39.862 0
205400 21.0 10.0 39.862 0
205431 21.0 10.0 39.862 0
205501 21.0 10.0 39.862 0
205531 21.0 10.0 39.8 0
205602 21.0 10.0 39.8 0
205633 21.0 10.0 39.8 0
205704 21.0 10.0 39.737 0
205734 21.0 10.0 39.737 0
205804 21.0 10.0 39.737 0
205835 21.0 10.0 39.737 0
205905 21.0 10.0 39.675 0
205936 21.0 10.0 39.675 0
210006 21.0 10.0 39.675 0
210037 21.0 10.0 39.675 0
210107 21.0 10.0 39.612 0
210138 21.0 10.0 39.612 0
210208 21.0 10.0 39.612 0
210238 21.0 10.0 39.612 0
210309 21.0 10.0 39.55 0
210339 21.0 10.0 39.55 0
210410 21.0 10.0 39.55 0
210440 20.937 10.0 39.487 0
210510 20.937 10.0 39.487 0
210541 20.937 10.0 39.487 0
210611 20.937 10.0 39.425 0
210642 20.937 10.0 39.425 0
210712 20.937 10.0 39.425 0
210743 20.937 10.0 39.425 0
210813 20.937 10.0 39.362 0
210844 20.937 10.0 39.362 0
210916 20.937 10.0 39.362 0
210947 20.937 10.0 39.362 0
211017 20.937 10.0 39.3 0
211048 20.937 10.0 39.3 0
211119 20.937 10.0 39.3 0
211149 20.937 10.0 39.3 0
211220 20.937 10.0 39.237 0
211250 20.937 10.0 39.237 0
211320 20.937 10.0 39.237 0
211351 20.937 10.0 39.175 0
211421 20.875 10.0 39.175 0
211451 20.875 10.0 39.175 0
211522 20.875 10.0 39.175 0
211553 20.875 10.0 39.112 0
211623 20.875 10.0 39.112 0
211654 20.875 10.0 39.112 0
211724 20.875 10.0 39.05 0
211754 20.875 10.0 39.05 0
211825 20.875 10.0 39.05 0
211856 20.875 10.0 39.05 0
211926 20.812 10.0 38.987 0
211956 20.812 10.0 38.987 0
212027 20.812 10.0 38.987 0
212058 20.812 10.0 38.987 0
212128 20.812 10.0 38.925 0
212159 20.812 10.0 38.925 0
212229 20.812 10.0 38.925 0
212259 20.812 10.0 38.925 0
212330 20.812 10.0 38.862 0
212401 20.812 10.0 38.862 0
212431 20.812 10.0 38.862 0
212502 20.812 10.0 38.8 0
212532 20.812 10.0 38.8 0
212602 20.812 10.0 38.8 0
212633 20.812 10.0 38.8 0
212704 20.75 10.0 38.737 0
212734 20.75 10.0 38.737 0
212805 20.75 10.0 38.737 0
212836 20.75 10.0 38.737 0
212906 20.75 10.0 38.675 0
212937 20.75 10.0 38.675 0
213008 20.75 10.0 38.675 0
213039 20.75 10.0 38.675 0
213109 20.75 10.0 38.675 0
213140 20.75 10.0 38.675 0
213210 20.687 10.0 38.675 0
213241 20.687 10.0 38.675 0
213312 20.687 10.0 38.675 0
213342 20.687 10.0 38.612 0
213413 20.687 10.0 38.612 0
213443 20.687 10.0 38.612 0
213513 20.687 10.0 38.612 0
213544 20.687 10.0 38.612 0
213614 20.687 10.0 38.612 0
213645 20.687 10.0 38.612 0
213715 20.687 10.0 38.612 0
213746 20.687 10.0 38.612 0
213816 20.687 10.0 38.612 0
213846 20.687 10.0 38.612 0
213917 20.687 10.0 38.612 0
213947 20.625 10.0 38.55 0
214017 20.625 10.0 38.55 0
214048 20.625 10.0 38.55 0
214119 20.625 10.0 38.55 0
214150 20.625 10.0 38.55 0
214221 20.625 10.0 38.55 0
214252 20.625 10.0 38.55 0
214323 20.625 10.0 38.487 0
214353 20.625 10.0 38.487 0
214423 20.625 10.0 38.487 0
214454 20.625 10.0 38.487 0
214524 20.625 10.0 38.425 0
214554 20.625 10.0 38.425 0
214625 20.625 10.0 38.425 0
214655 20.625 10.0 38.425 0
214726 20.625 10.0 38.362 0
214756 20.625 10.0 38.362 0
214826 20.625 10.0 38.362 0
214857 20.625 10.0 38.362 0
214927 20.625 10.0 38.362 0
214958 20.625 10.0 38.3 0
215028 20.625 10.0 38.3 0
215059 20.625 10.0 38.3 0
215130 20.625 10.0 38.3 0
215200 20.625 10.0 38.3 0
215231 20.625 10.0 38.3 0
215302 20.625 10.0 38.3 0
215332 20.625 10.0 38.3 0
215403 20.625 10.0 38.3 0
215434 20.625 10.0 38.3 0
215504 20.625 10.0 38.3 0
215535 20.625 10.0 38.3 0
215606 20.625 10.0 38.237 0
215636 20.625 10.0 38.237 0
215706 20.562 10.0 38.237 0
215737 20.562 10.0 38.237 0
215807 20.562 10.0 38.237 0
215838 20.562 10.0 38.237 0
215908 20.562 10.0 38.237 0
215938 20.562 10.0 38.237 0
220009 20.562 10.0 38.237 0
220039 20.562 10.0 38.237 0
220110 20.562 10.0 38.237 0
220141 20.562 10.0 38.175 0
220211 20.562 10.0 38.175 0
220242 20.562 10.0 38.175 0
220312 20.562 10.0 38.175 0
220343 20.562 10.0 38.175 0
220414 20.562 10.0 38.175 0
220444 20.562 10.0 38.175 0
220514 20.562 10.0 38.112 0
220545 20.562 10.0 38.112 0
220616 20.562 10.0 38.112 0
220647 20.562 10.0 38.112 0
220717 20.562 10.0 38.112 0
220748 20.562 10.0 38.05 0
220818 20.562 10.0 38.05 0
220849 20.562 10.0 37.987 0
220919 20.562 10.0 37.987 0
220950 20.562 10.0 37.987 0
221021 20.562 10.0 37.987 0
221051 20.562 10.0 37.987 0
221122 20.562 10.0 37.987 0
221155 20.562 10.0 37.987 0
221225 20.562 10.0 37.987 0
221256 20.562 10.0 37.987 0
221327 20.562 10.0 37.925 0
221358 20.562 10.0 37.925 0
221428 20.562 10.0 37.925 0
221459 20.562 10.0 37.925 0
221530 20.562 10.0 37.925 0
221600 20.562 10.0 37.925 0
221631 20.562 10.0 37.925 0
221702 20.5 10.0 37.925 0
221732 20.5 10.0 37.925 0
221803 20.5 10.0 37.925 0
221834 20.5 10.0 37.925 0
221905 20.5 10.0 37.925 0
221935 20.5 10.0 37.862 0
222006 20.5 10.0 37.862 0
222036 20.5 10.0 37.862 0
222107 20.5 10.0 37.862 0
222138 20.5 10.0 37.862 0
222208 20.437 10.0 37.862 0
222239 20.437 10.0 37.862 0
222310 20.437 10.0 37.8 0
222340 20.437 10.0 37.8 0
222411 20.437 10.0 37.8 0
222442 20.437 10.0 37.8 0
222512 20.437 10.0 37.8 0
222543 20.437 10.0 37.737 0
222614 20.437 10.0 37.737 0
222644 20.437 10.0 37.737 0
222715 20.437 10.0 37.737 0
222746 20.437 10.0 37.737 0
222816 20.437 10.0 37.737 0
222847 20.437 10.0 37.737 0
222918 20.437 10.0 37.737 0
222948 20.437 10.0 37.737 0
223018 20.437 10.0 37.737 0
223049 20.437 10.0 37.737 0
223119 20.437 10.0 37.675 0
223150 20.437 10.0 37.675 0
223220 20.437 10.0 37.675 0
223251 20.437 10.0 37.675 0
223322 20.437 10.0 37.675 0
223352 20.437 10.0 37.675 0
223423 20.437 10.0 37.675 0
223454 20.437 10.0 37.675 0
223524 20.437 10.0 37.612 0
223554 20.437 10.0 37.612 0
223625 20.437 10.0 37.612 0
223656 20.437 10.0 37.612 0
223726 20.375 10.0 37.612 0
223757 20.375 10.0 37.612 0
223827 20.375 10.0 37.612 0
223858 20.375 10.0 37.612 0
223930 20.437 10.0 37.612 0
224001 20.437 10.0 37.612 0
224031 20.437 10.0 37.612 0
224102 20.437 10.0 37.55 0
224132 20.437 10.0 37.55 0
224203 20.437 10.0 37.55 0
224233 20.437 10.0 37.55 0
224303 20.437 10.0 37.487 0
224333 20.437 10.0 37.487 0
224404 20.437 10.0 37.487 0
224434 20.375 10.0 37.487 0
224505 20.375 10.0 37.487 0
224536 20.375 10.0 37.487 0
224606 20.375 10.0 37.55 0
224637 20.375 10.0 37.55 0
224707 20.375 10.0 37.55 0
224738 20.375 10.0 37.55 0
224809 20.375 10.0 37.487 0
224839 20.375 10.0 37.487 0
224910 20.375 10.0 37.487 0
224940 20.375 10.0 37.487 0
225011 20.375 10.0 37.487 0
225041 20.375 10.0 37.487 0
225112 20.375 10.0 37.425 0
225142 20.375 10.0 37.425 0
225212 20.375 10.0 37.425 0
225243 20.375 10.0 37.425 0
225313 20.375 10.0 37.425 0
225344 20.375 10.0 37.425 0
225415 20.375 10.0 37.425 0
225445 20.312 10.0 37.425 0
225516 20.312 10.0 37.425 0
225547 20.312 10.0 37.425 0
225617 20.312 10.0 37.425 0
225648 20.312 10.0 37.425 0
225719 20.312 10.0 37.425 0
225749 20.312 10.0 37.425 0
225820 20.312 10.0 37.362 0
225851 20.312 10.0 37.362 0
225922 20.312 10.0 37.362 0
225952 20.312 10.0 37.362 0
230022 20.312 10.0 37.362 0
230053 20.312 10.0 37.362 0
230124 20.312 10.0 37.362 0
230154 20.312 10.0 37.362 0
230225 20.312 10.0 37.362 0
230255 20.312 10.0 37.362 0
230326 20.312 10.0 37.362 0
230356 20.312 10.0 37.362 0
230427 20.312 10.0 37.362 0
230457 20.312 10.0 37.362 0
230528 20.312 10.0 37.362 0
230558 20.312 10.0 37.362 0
230628 20.312 10.0 37.362 0
230659 20.312 10.0 37.362 0
230730 20.312 10.0 37.362 0
230801 20.312 10.0 37.3 0
230831 20.312 10.0 37.3 0
230902 20.312 10.0 37.3 0
230934 20.25 10.0 37.3 0
231005 20.25 10.0 37.3 0
231036 20.25 10.0 37.3 0
231106 20.25 10.0 37.3 0
231137 20.25 10.0 37.3 0
231208 20.187 10.0 37.3 0
231239 20.187 10.0 37.3 0
231309 20.187 10.0 37.3 0
231340 20.187 10.0 37.3 0
231410 20.187 10.0 37.237 0
231441 20.187 10.0 37.237 0
231512 20.187 10.0 37.237 0
231542 20.187 10.0 37.237 0
231613 20.187 10.0 37.237 0
231644 20.187 10.0 37.237 0
231715 20.125 10.0 37.237 0
231745 20.125 10.0 37.175 0
231816 20.125 10.0 37.175 0
231847 20.125 10.0 37.175 0
231917 20.125 10.0 37.112 0
231948 20.125 10.0 37.112 0
232019 20.125 10.0 37.112 0
232050 20.125 10.0 37.05 0
232120 20.125 10.0 37.05 0
232151 20.125 10.0 36.987 0
232221 20.125 10.0 36.925 0
232252 20.125 10.0 36.862 0
232322 20.125 10.0 36.862 0
232352 20.125 10.0 36.737 0
232422 20.125 10.0 36.675 0
232453 20.125 10.0 36.612 0
232523 20.125 10.0 36.55 0
232554 20.125 10.0 36.487 0
232625 20.125 10.0 36.362 0
232655 20.125 10.0 36.3 0
232726 20.125 10.0 36.175 0
232757 20.125 10.0 36.112 0
232827 20.125 10.0 36.05 0
232857 20.125 10.0 35.925 0
232928 20.125 10.0 35.862 0
232959 20.125 10.0 35.8 0
233029 20.125 10.0 35.737 0
233100 20.125 10.0 35.675 0
233131 20.125 10.0 35.675 0
233201 20.125 10.0 35.612 0
233232 20.062 10.0 35.612 0
233302 20.062 10.0 35.55 0
233332 20.062 10.0 35.55 0
233403 20.062 10.0 35.55 0
233434 20.062 10.0 35.55 0
233504 20.062 10.0 35.487 0
233535 20.062 10.0 35.487 0
233606 20.062 10.0 35.487 0
233636 20.062 10.0 35.487 0
233708 20.062 10.0 35.487 0
233738 20.062 10.0 35.487 0
233809 20.062 10.0 35.487 0
233839 20.062 10.0 35.425 0
233910 20.062 10.0 35.425 0
233940 20.062 10.0 35.425 0
234010 20.062 10.0 35.425 0
234040 20.062 10.0 35.425 0
234110 20.062 10.0 35.425 0
234141 20.062 10.0 35.425 0
234212 20.062 10.0 35.362 0
234242 20.062 10.0 35.362 0
234312 20.062 10.0 35.362 0
234343 20.062 10.0 35.362 0
234413 20.062 10.0 35.362 0
234444 20.0 10.0 35.3 0
234515 20.0 10.0 35.3 0
234545 20.0 10.0 35.3 0
234616 20.0 10.0 35.3 0
234647 20.0 10.0 35.3 0
234717 20.0 10.0 35.3 0
234748 20.0 10.0 35.237 0
234818 20.0 10.0 35.237 0
234849 20.0 10.0 35.237 0
234920 20.0 10.0 35.237 0
234950 20.0 10.0 35.237 0
235020 20.0 10.0 35.237 0
235051 20.0 10.0 35.237 0
235121 20.0 10.0 35.237 0
235151 20.0 10.0 35.237 0
235222 20.0 10.0 35.237 0
235252 20.0 10.0 35.237 0
235323 20.0 10.0 35.175 0
235353 20.0 10.0 35.237 0
235423 20.0 10.0 35.237 0
235454 20.0 10.0 35.237 0
235524 20.0 10.0 35.237 0
235555 20.0 10.0 35.237 0
235626 20.0 10.0 35.237 0
235656 20.0 10.0 35.237 0
235726 19.937 10.0 35.237 0
235757 19.937 10.0 35.237 0
235827 19.937 10.0 35.237 0
235858 19.937 10.0 35.237 0
