235928 19.062 10.0 16.925 0
235958 19.0 10.0 16.925 0
000029 19.0 10.0 16.925 0
000059 19.0 10.0 16.925 0
000130 19.0 10.0 16.925 0
000200 19.0 10.0 16.925 0
000231 18.937 10.0 16.925 0
000302 18.937 10.0 16.925 0
000333 18.937 10.0 16.925 0
000403 18.937 10.0 16.925 0
000434 18.937 10.0 16.925 0
000505 18.937 10.0 16.925 0
000535 18.937 10.0 16.925 0
000605 18.937 10.0 16.925 0
000636 18.937 10.0 16.925 0
000706 18.937 10.0 16.925 0
000736 18.875 10.0 16.925 0
000807 18.875 10.0 16.925 0
000837 18.875 10.0 16.925 0
000908 18.875 10.0 16.925 0
000938 18.875 10.0 16.925 0
001008 18.812 10.0 16.925 0
001038 18.812 10.0 16.925 0
001109 18.812 10.0 16.925 0
001139 18.812 10.0 16.925 0
001209 18.812 10.0 16.925 0
001240 18.812 10.0 16.925 0
001311 18.812 10.0 16.925 0
001341 18.812 10.0 16.925 0
001412 18.812 10.0 16.925 0
001443 18.812 10.0 16.925 0
001513 18.812 10.0 16.925 0
001544 18.812 10.0 16.925 0
001614 18.812 10.0 16.925 0
001645 18.812 10.0 16.925 0
001715 18.812 10.0 16.925 0
001745 18.75 10.0 16.925 0
001816 18.75 10.0 16.925 0
001846 18.75 10.0 16.925 0
001916 18.75 10.0 16.925 0
001947 18.75 10.0 16.925 0
002017 18.75 10.0 16.925 0
002048 18.75 10.0 16.925 0
002119 18.75 10.0 16.925 0
002150 18.75 10.0 16.925 0
002221 18.75 10.0 16.925 0
002251 18.75 10.0 16.925 0
002321 18.75 10.0 16.925 0
002352 18.75 10.0 16.925 0
002423 18.75 10.0 16.925 0
002455 18.687 10.0 16.925 0
002526 18.687 10.0 16.925 0
002556 18.687 10.0 16.925 0
002627 18.687 10.0 16.925 0
002657 18.687 10.0 16.925 0
002727 18.687 10.0 16.925 0
002758 18.687 10.0 16.925 0
002828 18.687 10.0 16.925 0
002859 18.687 10.0 16.925 0
002930 18.687 10.0 16.925 0
003000 18.75 10.0 16.925 0
003031 18.75 10.0 16.925 0
003102 18.75 10.0 16.925 0
003132 18.75 10.0 16.925 0
003203 18.75 10.0 16.925 0
003234 18.687 10.0 16.925 0
003304 18.687 10.0 16.925 0
003335 18.687 10.0 16.925 0
003406 18.687 10.0 16.925 0
003436 18.687 10.0 16.925 0
003507 18.687 10.0 16.925 0
003538 18.687 10.0 16.925 0
003608 18.687 10.0 16.925 0
003639 18.687 10.0 16.925 0
003710 18.687 10.0 16.925 0
003740 18.687 10.0 16.925 0
003811 18.687 10.0 16.925 0
003841 18.687 10.0 16.925 0
003911 18.687 10.0 16.925 0
003942 18.687 10.0 16.925 0
004012 18.687 10.0 16.925 0
004043 18.687 10.0 16.925 0
004113 18.687 10.0 16.925 0
004143 18.687 10.0 16.925 0
004213 18.687 10.0 16.925 0
004244 18.687 10.0 16.925 0
004314 18.687 10.0 16.925 0
004345 18.687 10.0 16.925 0
004415 18.687 10.0 16.925 0
004446 18.687 10.0 16.925 0
004517 18.625 10.0 16.925 0
004547 18.625 10.0 16.925 0
004617 18.625 10.0 16.925 0
004647 18.625 10.0 16.925 0
004717 18.625 10.0 16.925 0
004748 18.625 10.0 16.925 0
004819 18.625 10.0 16.925 0
004849 18.625 10.0 16.925 0
004920 18.625 10.0 16.925 0
004950 18.625 10.0 16.925 0
005021 18.625 10.0 16.925 0
005051 18.625 10.0 16.925 0
005121 18.625 10.0 16.925 0
005152 18.625 10.0 16.925 0
005222 18.625 10.0 16.925 0
005253 18.625 10.0 16.925 0
005323 18.625 10.0 16.925 0
005353 18.625 10.0 16.925 0
005424 18.625 10.0 16.925 0
005454 18.625 10.0 16.925 0
005525 18.625 10.0 16.925 0
005555 18.625 10.0 16.925 0
005626 18.625 10.0 16.925 0
005656 18.625 10.0 16.925 0
005727 18.625 10.0 16.925 0
005757 18.562 10.0 16.925 0
005827 18.562 10.0 16.925 0
005858 18.562 10.0 16.925 0
005928 18.562 10.0 16.925 0
005958 18.562 10.0 16.925 0
010028 18.562 10.0 16.925 0
010059 18.562 10.0 16.925 0
010129 18.562 10.0 16.925 0
010200 18.562 10.0 16.925 0
010232 18.562 10.0 16.925 0
010302 18.562 10.0 16.925 0
010333 18.562 10.0 16.925 0
010403 18.562 10.0 16.925 0
010434 18.562 10.0 16.925 0
010504 18.562 10.0 16.925 0
010534 18.562 10.0 16.925 0
010605 18.562 10.0 16.925 0
010635 18.562 10.0 16.925 0
010706 18.562 10.0 16.925 0
010736 18.562 10.0 16.925 0
010806 18.562 10.0 16.925 0
010837 18.562 10.0 16.925 0
010907 18.562 10.0 16.925 0
010938 18.562 10.0 16.925 0
011008 18.562 10.0 16.925 0
011038 18.562 10.0 16.925 0
011109 18.562 10.0 16.925 0
011139 18.562 10.0 16.925 0
011210 18.562 10.0 16.925 0
011240 18.562 10.0 16.925 0
011311 18.562 10.0 16.925 0
011341 18.562 10.0 16.925 0
011412 18.562 10.0 16.925 0
011442 18.562 10.0 16.925 0
011512 18.562 10.0 16.925 0
011542 18.562 10.0 16.925 0
011612 18.562 10.0 16.925 0
011643 18.562 10.0 16.925 0
011713 18.562 10.0 16.925 0
011744 18.562 10.0 16.925 0
011814 18.562 10.0 16.925 0
011845 18.562 10.0 16.925 0
011915 18.562 10.0 16.925 0
011946 18.562 10.0 16.925 0
012017 18.562 10.0 16.925 0
012047 18.562 10.0 16.925 0
012118 18.562 10.0 16.925 0
012148 18.562 10.0 16.925 0
012219 18.562 10.0 16.925 0
012250 18.5 10.0 16.925 0
012320 18.5 10.0 16.925 0
012351 18.5 10.0 16.925 0
012422 18.5 10.0 16.925 0
012452 18.5 10.0 16.925 0
012522 18.5 10.0 16.925 0
012553 18.5 10.0 16.925 0
012623 18.5 10.0 16.925 0
012653 18.5 10.0 16.925 0
012724 18.5 10.0 16.925 0
012754 18.5 10.0 16.925 0
012825 18.5 10.0 16.925 0
012855 18.5 10.0 16.925 0
012926 18.5 10.0 16.925 0
012957 18.5 10.0 16.925 0
013027 18.5 10.0 16.925 0
013058 18.5 10.0 16.925 0
013128 18.5 10.0 16.925 0
013159 18.5 10.0 16.925 0
013230 18.5 10.0 16.925 0
013300 18.5 10.0 16.925 0
013331 18.5 10.0 16.925 0
013402 18.5 10.0 16.925 0
013432 18.5 10.0 16.925 0
013503 18.5 10.0 16.925 0
013533 18.5 10.0 16.925 0
013604 18.5 10.0 16.925 0
013634 18.5 10.0 16.925 0
013704 18.5 10.0 16.925 0
013737 18.5 10.0 16.925 0
013807 18.5 10.0 16.925 0
013838 18.5 10.0 16.925 0
013908 18.5 10.0 16.925 0
013938 18.5 10.0 16.925 0
014009 18.5 10.0 16.925 0
014039 18.5 10.0 16.925 0
014109 18.5 10.0 16.925 0
014140 18.5 10.0 16.925 0
014210 18.5 10.0 16.925 0
014240 18.5 10.0 16.925 0
014310 18.5 10.0 16.925 0
014340 18.5 10.0 16.925 0
014411 18.5 10.0 16.925 0
014442 18.5 10.0 16.925 0
014512 18.5 10.0 16.925 0
014543 18.5 10.0 16.925 0
014613 18.5 10.0 16.925 0
014644 18.5 10.0 16.925 0
014714 18.5 10.0 16.925 0
014745 18.437 10.0 16.925 0
014816 18.437 10.0 16.925 0
014846 18.437 10.0 16.925 0
014917 18.437 10.0 16.925 0
014947 18.437 10.0 16.925 0
015018 18.5 10.0 16.925 0
015048 18.5 10.0 16.925 0
015119 18.5 10.0 16.925 0
015149 18.5 10.0 16.925 0
015220 18.5 10.0 16.925 0
015251 18.5 10.0 16.925 0
015321 18.5 10.0 16.925 0
015352 18.5 10.0 16.925 0
015423 18.5 10.0 16.925 0
015453 18.5 10.0 16.925 0
015524 18.5 10.0 16.925 0
015554 18.5 10.0 16.925 0
015625 18.5 10.0 16.925 0
015656 18.5 10.0 16.925 0
015727 18.5 10.0 16.925 0
015757 18.437 10.0 16.925 0
015828 18.437 10.0 16.925 0
015858 18.437 10.0 16.925 0
015929 18.437 10.0 16.925 0
020000 18.437 10.0 16.925 0
020030 18.437 10.0 16.925 0
020100 18.437 10.0 16.925 0
020130 18.437 10.0 16.925 0
020201 18.437 10.0 16.925 0
020231 18.437 10.0 16.925 0
020302 18.437 10.0 16.925 0
020332 18.437 10.0 16.925 0
020403 18.437 10.0 16.925 0
020433 18.437 10.0 16.925 0
020503 18.437 10.0 16.925 0
020534 18.437 10.0 16.925 0
020604 18.437 10.0 16.925 0
020635 18.437 10.0 16.925 0
020705 18.437 10.0 16.925 0
020736 18.437 10.0 16.925 0
020806 18.437 10.0 16.925 0
020836 18.437 10.0 16.925 0
020907 18.437 10.0 16.925 0
020938 18.437 10.0 16.925 0
021011 18.437 10.0 16.925 0
021041 18.437 10.0 16.925 0
021112 18.437 10.0 16.925 0
021142 18.437 10.0 16.925 0
021212 18.437 10.0 16.925 0
021243 18.437 10.0 16.925 0
021313 18.437 10.0 16.925 0
021343 18.437 10.0 16.925 0
021414 18.437 10.0 16.925 0
021444 18.437 10.0 16.925 0
021514 18.437 10.0 16.925 0
021545 18.437 10.0 16.925 0
021615 18.437 10.0 16.925 0
021645 18.437 10.0 16.925 0
021715 18.437 10.0 16.925 0
021746 18.437 10.0 16.925 0
021816 18.437 10.0 16.925 0
021846 18.437 10.0 16.925 0
021917 18.437 10.0 16.925 0
021947 18.437 10.0 16.925 0
022017 18.437 10.0 16.925 0
022048 18.437 10.0 16.925 0
022118 18.437 10.0 16.925 0
022148 18.437 10.0 16.925 0
022218 18.437 10.0 16.925 0
022249 18.437 10.0 16.925 0
022320 18.437 10.0 16.925 0
022350 18.437 10.0 16.925 0
022421 18.437 10.0 16.925 0
022451 18.437 10.0 16.925 0
022521 18.437 10.0 16.925 0
022552 18.437 10.0 16.925 0
022622 18.437 10.0 16.925 0
022653 18.437 10.0 16.925 0
022724 18.437 10.0 16.925 0
022754 18.437 10.0 16.925 0
022825 18.437 10.0 16.925 0
022855 18.437 10.0 16.925 0
022926 18.437 10.0 16.925 0
022956 18.437 10.0 16.925 0
023026 18.437 10.0 16.925 0
023057 18.437 10.0 16.925 0
023127 18.437 10.0 16.925 0
023158 18.437 10.0 16.925 0
023229 18.437 10.0 16.925 0
023259 18.437 10.0 16.925 0
023329 18.437 10.0 16.925 0
023400 18.437 10.0 16.925 0
023430 18.437 10.0 16.925 0
023500 18.437 10.0 16.925 0
023530 18.437 10.0 16.925 0
023601 18.437 10.0 16.925 0
023632 18.437 10.0 16.925 0
023703 18.437 10.0 16.925 0
023733 18.437 10.0 16.925 0
023804 18.437 10.0 16.925 0
023834 18.437 10.0 16.925 0
023904 18.437 10.0 16.925 0
023935 18.437 10.0 16.925 0
024005 18.437 10.0 16.925 0
024036 18.437 10.0 16.925 0
024107 18.437 10.0 16.925 0
024138 18.437 10.0 16.925 0
024208 18.437 10.0 16.925 0
024239 18.437 10.0 16.925 0
024310 18.437 10.0 16.925 0
024340 18.437 10.0 16.925 0
024410 18.437 10.0 16.925 0
024441 18.437 10.0 16.925 0
024511 18.437 10.0 16.925 0
024542 18.437 10.0 16.925 0
024612 18.437 10.0 16.925 0
024643 18.437 10.0 16.925 0
024713 18.437 10.0 16.925 0
024746 18.437 10.0 16.925 0
024816 18.437 10.0 16.925 0
024847 18.437 10.0 16.925 0
024918 18.437 10.0 16.925 0
024949 18.437 10.0 16.925 0
025019 18.375 10.0 16.925 0
025049 18.375 10.0 16.925 0
025120 18.375 10.0 16.925 0
025150 18.375 10.0 16.925 0
025220 18.375 10.0 16.925 0
025251 18.375 10.0 16.925 0
025321 18.375 10.0 16.925 0
025352 18.375 10.0 16.925 0
025422 18.375 10.0 16.925 0
025453 18.375 10.0 16.925 0
025524 18.375 10.0 16.925 0
025555 18.375 10.0 16.925 0
025625 18.375 10.0 16.925 0
025656 18.375 10.0 16.925 0
025726 18.375 10.0 16.925 0
025757 18.375 10.0 16.925 0
025827 18.375 10.0 16.925 0
025858 18.375 10.0 16.925 0
025928 18.375 10.0 16.925 0
025959 18.375 10.0 16.925 0
030029 18.375 10.0 16.925 0
030100 18.375 10.0 16.925 0
030130 18.375 10.0 16.925 0
030201 18.375 10.0 16.925 0
030232 18.375 10.0 16.925 0
030303 18.375 10.0 16.925 0
030333 18.375 10.0 16.925 0
030404 18.375 10.0 16.925 0
030434 18.375 10.0 16.925 0
030504 18.375 10.0 16.925 0
030535 18.375 10.0 16.925 0
030606 18.375 10.0 16.925 0
030636 18.375 10.0 16.925 0
030706 18.375 10.0 16.925 0
030737 18.375 10.0 16.925 0
030808 18.375 10.0 16.925 0
030838 18.375 10.0 16.925 0
030908 18.375 10.0 16.925 0
030939 18.375 10.0 16.925 0
031009 18.375 10.0 16.925 0
031039 18.375 10.0 16.925 0
031110 18.375 10.0 16.925 0
031140 18.375 10.0 16.925 0
031211 18.375 10.0 16.925 0
031241 18.375 10.0 16.925 0
031311 18.375 10.0 16.925 0
031342 18.375 10.0 16.925 0
031412 18.375 10.0 16.925 0
031442 18.375 10.0 16.925 0
031513 18.375 10.0 16.925 0
031543 18.375 10.0 16.925 0
031614 18.375 10.0 16.925 0
031645 18.375 10.0 16.925 0
031715 18.375 10.0 16.925 0
031746 18.375 10.0 16.925 0
031816 18.375 10.0 16.925 0
031846 18.375 10.0 16.925 0
031917 18.375 10.0 16.925 0
031948 18.375 10.0 16.925 0
032018 18.375 10.0 16.925 0
032049 18.375 10.0 16.925 0
032120 18.375 10.0 16.925 0
032150 18.375 10.0 16.925 0
032221 18.375 10.0 16.925 0
032252 18.312 10.0 16.925 0
032323 18.312 10.0 16.925 0
032354 18.312 10.0 16.925 0
032424 18.312 10.0 16.925 0
032455 18.312 10.0 16.925 0
032525 18.312 10.0 16.925 0
032556 18.312 10.0 16.925 0
032627 18.312 10.0 16.925 0
032657 18.312 10.0 16.925 0
032728 18.312 10.0 16.925 0
032758 18.375 10.0 16.925 0
032828 18.375 10.0 16.925 0
032859 18.375 10.0 16.925 0
032930 18.375 10.0 16.925 0
033001 18.375 10.0 16.925 0
033031 18.312 10.0 16.925 0
033102 18.312 10.0 16.925 0
033133 18.312 10.0 16.925 0
033203 18.312 10.0 16.925 0
033234 18.312 10.0 16.925 0
033304 18.312 10.0 16.925 0
033335 18.312 10.0 16.925 0
033406 18.312 10.0 16.925 0
033436 18.312 10.0 16.925 0
033507 18.312 10.0 16.925 0
033537 18.312 10.0 16.925 0
033608 18.312 10.0 16.925 0
033638 18.312 10.0 16.925 0
033709 18.312 10.0 16.925 0
033739 18.312 10.0 16.925 0
033810 18.312 10.0 16.925 0
033841 18.312 10.0 16.925 0
033911 18.312 10.0 16.925 0
033942 18.312 10.0 16.925 0
034012 18.312 10.0 16.925 0
034042 18.312 10.0 16.925 0
034113 18.312 10.0 16.925 0
034143 18.312 10.0 16.925 0
034214 18.312 10.0 16.925 0
034245 18.312 10.0 16.925 0
034315 18.312 10.0 16.925 0
034346 18.312 10.0 16.925 0
034417 18.312 10.0 16.925 0
034447 18.312 10.0 16.925 0
034518 18.312 10.0 16.925 0
034549 18.312 10.0 16.925 0
034620 18.312 10.0 16.925 0
034650 18.312 10.0 16.925 0
034721 18.312 10.0 16.925 0
034751 18.312 10.0 16.925 0
034822 18.312 10.0 16.925 0
034852 18.312 10.0 16.925 0
034922 18.312 10.0 16.925 0
034953 18.312 10.0 16.925 0
035023 18.312 10.0 16.925 0
035054 18.312 10.0 16.925 0
035124 18.312 10.0 16.925 0
035154 18.312 10.0 16.925 0
035225 18.312 10.0 16.925 0
035258 18.312 10.0 16.862 0
035328 18.312 10.0 16.925 0
035359 18.312 10.0 16.925 0
035429 18.312 10.0 16.925 0
035500 18.312 10.0 16.925 0
035530 18.312 10.0 16.925 0
035600 18.312 10.0 16.925 0
035631 18.312 10.0 16.925 0
035702 18.312 10.0 16.925 0
035732 18.312 10.0 16.925 0
035803 18.312 10.0 16.925 0
035834 18.312 10.0 16.862 0
035904 18.312 10.0 16.925 0
035935 18.312 10.0 16.925 0
040005 18.312 10.0 16.925 0
040035 18.312 10.0 16.925 0
040105 18.312 10.0 16.862 0
040135 18.312 10.0 16.925 0
040206 18.312 10.0 16.925 0
040236 18.312 10.0 16.925 0
040307 18.25 10.0 16.862 0
040338 18.25 10.0 16.925 0
040408 18.25 10.0 16.925 0
040438 18.25 10.0 16.925 0
040509 18.25 10.0 16.925 0
040539 18.25 10.0 16.862 0
040609 18.25 10.0 16.925 0
040640 18.25 10.0 16.862 0
040710 18.25 10.0 16.925 0
040741 18.25 10.0 16.925 0
040811 18.312 10.0 16.862 0
040842 18.312 10.0 16.925 0
040913 18.312 10.0 16.925 0
040943 18.312 10.0 16.862 0
041014 18.312 10.0 16.925 0
041044 18.312 10.0 16.925 0
041114 18.312 10.0 16.925 0
041145 18.312 10.0 16.925 0
041215 18.312 10.0 16.862 0
041245 18.312 10.0 16.925 0
041316 18.25 10.0 16.862 0
041346 18.25 10.0 16.925 0
041416 18.25 10.0 16.862 0
041447 18.25 10.0 16.925 0
041517 18.25 10.0 16.862 0
041548 18.25 10.0 16.925 0
041619 18.25 10.0 16.862 0
041649 18.25 10.0 16.925 0
041720 18.25 10.0 16.862 0
041750 18.25 10.0 16.925 0
041821 18.25 10.0 16.925 0
041852 18.25 10.0 16.862 0
041922 18.25 10.0 16.862 0
041952 18.25 10.0 16.925 0
042023 18.25 10.0 16.925 0
042053 18.25 10.0 16.925 0
042124 18.25 10.0 16.925 0
042155 18.25 10.0 16.862 0
042225 18.25 10.0 16.925 0
042256 18.25 10.0 16.925 0
042327 18.25 10.0 16.862 0
042357 18.25 10.0 16.862 0
042428 18.25 10.0 16.862 0
042459 18.25 10.0 16.925 0
042529 18.25 10.0 16.925 0
042600 18.25 10.0 16.925 0
042630 18.25 10.0 16.925 0
042701 18.25 10.0 16.862 0
042732 18.25 10.0 16.862 0
042803 18.25 10.0 16.862 0
042834 18.25 10.0 16.862 0
042904 18.25 10.0 16.925 0
042935 18.25 10.0 16.862 0
043005 18.25 10.0 16.862 0
043036 18.25 10.0 16.862 0
043106 18.25 10.0 16.925 0
043136 18.25 10.0 16.862 0
043207 18.25 10.0 16.862 0
043237 18.25 10.0 16.862 0
043307 18.25 10.0 16.925 0
043338 18.25 10.0 16.925 0
043408 18.25 10.0 16.925 0
043439 18.25 10.0 16.925 0
043510 18.25 10.0 16.925 0
043540 18.25 10.0 16.925 0
043610 18.25 10.0 16.862 0
043641 18.25 10.0 16.862 0
043711 18.25 10.0 16.925 0
043741 18.25 10.0 16.862 0
043812 18.25 10.0 16.862 0
043842 18.25 10.0 16.862 0
043913 18.25 10.0 16.862 0
043944 18.25 10.0 16.862 0
044015 18.25 10.0 16.862 0
044045 18.25 10.0 16.862 0
044116 18.25 10.0 16.862 0
044147 18.25 10.0 16.925 0
044217 18.25 10.0 16.925 0
044248 18.25 10.0 16.862 0
044319 18.187 10.0 16.862 0
044349 18.187 10.0 16.862 0
044420 18.187 10.0 16.862 0
044450 18.187 10.0 16.862 0
044520 18.187 10.0 16.925 0
044550 18.187 10.0 16.862 0
044621 18.187 10.0 16.862 0
044652 18.187 10.0 16.862 0
044722 18.187 10.0 16.862 0
044752 18.187 10.0 16.862 0
044822 18.25 10.0 16.862 0
044853 18.25 10.0 16.925 0
044924 18.25 10.0 16.862 0
044955 18.25 10.0 16.862 0
045025 18.25 10.0 16.862 0
045055 18.187 10.0 16.862 0
045126 18.187 10.0 16.862 0
045156 18.187 10.0 16.862 0
045226 18.187 10.0 16.862 0
045257 18.187 10.0 16.862 0
045328 18.187 10.0 16.862 0
045359 18.187 10.0 16.862 0
045429 18.187 10.0 16.862 0
045500 18.187 10.0 16.862 0
045530 18.187 10.0 16.862 0
045600 18.187 10.0 16.862 0
045630 18.187 10.0 16.862 0
045701 18.187 10.0 16.862 0
045732 18.187 10.0 16.862 0
045803 18.187 10.0 16.862 0
045833 18.187 10.0 16.862 0
045903 18.187 10.0 16.862 0
045934 18.187 10.0 16.862 0
050004 18.187 10.0 16.862 0
050034 18.187 10.0 16.862 0
050105 18.187 10.0 16.862 0
050135 18.187 10.0 16.862 0
050205 18.187 10.0 16.862 0
050236 18.187 10.0 16.862 0
050308 18.187 10.0 16.862 0
050338 18.187 10.0 16.862 0
050409 18.187 10.0 16.862 0
050439 18.187 10.0 16.862 0
050509 18.187 10.0 16.862 0
050539 18.187 10.0 16.862 0
050609 18.187 10.0 16.862 0
050639 18.187 10.0 16.862 0
050709 18.187 10.0 16.862 0
050740 18.187 10.0 16.862 0
050811 18.187 10.0 16.862 0
050842 18.187 10.0 16.862 0
050912 18.187 10.0 16.925 0
050942 18.187 10.0 16.862 0
051013 18.187 10.0 16.862 0
051043 18.187 10.0 16.862 0
051114 18.187 10.0 16.862 0
051144 18.187 10.0 16.862 0
051215 18.187 10.0 16.862 0
051245 18.187 10.0 16.862 0
051316 18.187 10.0 16.862 0
051347 18.187 10.0 16.862 0
051417 18.187 10.0 16.862 0
051448 18.187 10.0 16.862 0
051519 18.187 10.0 16.862 0
051549 18.187 10.0 16.862 0
051620 18.187 10.0 16.862 0
051651 18.187 10.0 16.862 0
051722 18.187 10.0 16.862 0
051752 18.187 10.0 16.862 0
051823 18.187 10.0 16.862 0
051854 18.187 10.0 16.862 0
051924 18.187 10.0 16.862 0
051954 18.187 10.0 16.862 0
052025 18.187 10.0 16.862 0
052056 18.125 10.0 16.862 0
052126 18.125 10.0 16.862 0
052157 18.125 10.0 16.862 0
052228 18.125 10.0 16.862 0
052258 18.125 10.0 16.862 0
052329 18.125 10.0 16.862 0
052359 18.125 10.0 16.862 0
052429 18.125 10.0 16.862 0
052500 18.125 10.0 16.862 0
052531 18.125 10.0 16.862 0
052602 18.125 10.0 16.862 0
052632 18.125 10.0 16.862 0
052703 18.125 10.0 16.862 0
052733 18.125 10.0 16.862 0
052803 18.125 10.0 16.862 0
052833 18.125 10.0 16.862 0
052904 18.125 10.0 16.862 0
052935 18.125 10.0 16.862 0
053005 18.125 10.0 16.862 0
053035 18.125 10.0 16.862 0
053106 18.125 10.0 16.862 0
053136 18.125 10.0 16.862 0
053206 18.125 10.0 16.862 0
053237 18.125 10.0 16.862 0
053308 18.125 10.0 16.862 0
053339 18.125 10.0 16.862 0
053409 18.125 10.0 16.862 0
053440 18.125 10.0 16.862 0
053510 18.125 10.0 16.862 0
053543 18.125 10.0 16.862 0
053614 18.125 10.0 16.862 0
053644 18.125 10.0 16.862 0
053715 18.125 10.0 16.862 0
053746 18.125 10.0 16.862 0
053816 18.125 10.0 16.862 0
053846 18.125 10.0 16.862 0
053917 18.125 10.0 16.862 0
053948 18.125 10.0 16.862 0
054018 18.125 10.0 16.862 0
054048 18.125 10.0 16.862 0
054119 18.125 10.0 16.862 0
054149 18.125 10.0 16.862 0
054220 18.125 10.0 16.862 0
054250 18.125 10.0 16.862 0
054321 18.125 10.0 16.862 0
054351 18.125 10.0 16.862 0
054422 18.125 10.0 16.862 0
054452 18.125 10.0 16.862 0
054522 18.125 10.0 16.862 0
054552 18.125 10.0 16.862 0
054623 18.125 10.0 16.862 0
054654 18.125 10.0 16.862 0
054725 18.125 10.0 16.862 0
054755 18.125 10.0 16.862 0
054825 18.125 10.0 16.862 0
054856 18.125 10.0 16.862 0
054926 18.125 10.0 16.862 0
054957 18.125 10.0 16.862 0
055027 18.125 10.0 16.862 0
055058 18.125 10.0 16.862 0
055128 18.125 10.0 16.862 0
055159 18.125 10.0 16.862 0
055229 18.125 10.0 16.862 0
055300 18.125 10.0 16.862 0
055331 18.062 10.0 16.862 0
055401 18.062 10.0 16.862 0
055431 18.062 10.0 16.862 0
055502 18.062 10.0 16.862 0
055533 18.062 10.0 16.862 0
055603 18.062 10.0 16.862 0
055634 18.062 10.0 16.862 0
055704 18.062 10.0 16.862 0
055735 18.062 10.0 16.862 0
055805 18.062 10.0 16.862 0
055836 18.062 10.0 16.862 0
055906 18.062 10.0 16.862 0
055936 18.062 10.0 16.862 0
060007 18.062 10.0 16.862 0
060037 18.062 10.0 16.862 0
060107 18.062 10.0 16.862 0
060138 18.062 10.0 16.862 0
060208 18.062 10.0 16.862 0
060238 18.062 10.0 16.862 0
060309 18.062 10.0 16.862 0
060339 18.062 10.0 16.862 0
060409 18.062 10.0 16.862 0
060439 18.062 10.0 16.862 0
060509 18.062 10.0 16.862 0
060540 18.062 10.0 16.862 0
060610 18.062 10.0 16.862 0
060640 18.062 10.0 16.862 0
060711 18.062 10.0 16.862 0
060742 18.062 10.0 16.862 0
060812 18.062 10.0 16.862 0
060843 18.062 10.0 16.862 0
060913 18.062 10.0 16.862 0
060944 18.062 10.0 16.862 0
061015 18.062 10.0 16.862 0
061045 18.062 10.0 16.862 0
061116 18.062 10.0 16.862 0
061146 18.062 10.0 16.862 0
061216 18.062 10.0 16.862 0
061247 18.062 10.0 16.862 0
061320 18.062 10.0 16.862 0
061351 18.062 10.0 16.862 0
061421 18.062 10.0 16.862 0
061452 18.062 10.0 16.862 0
061523 18.062 10.0 16.862 0
061553 18.062 10.0 16.862 0
061624 18.062 10.0 16.862 0
061654 18.062 10.0 16.862 0
061725 18.062 10.0 16.862 0
061756 18.062 10.0 16.862 0
061826 18.0 10.0 16.862 0
061856 18.0 10.0 16.862 0
061927 18.0 10.0 16.862 0
061958 18.0 10.0 16.862 0
062028 18.0 10.0 16.862 0
062059 18.0 10.0 16.862 0
062129 18.0 10.0 16.862 0
062200 18.0 10.0 16.862 0
062231 18.0 10.0 16.862 0
062301 18.0 10.0 16.862 0
062332 18.0 10.0 16.862 0
062402 18.0 10.0 16.862 0
062433 18.0 10.0 16.862 0
062504 18.0 10.0 16.862 0
062534 18.0 10.0 16.862 0
062605 18.062 10.0 16.862 0
062635 18.062 10.0 16.862 0
062705 18.062 10.0 16.862 0
062735 18.062 10.0 16.862 0
062806 18.062 10.0 16.862 0
062837 18.0 10.0 16.862 0
062908 18.0 10.0 16.862 0
062938 18.0 10.0 16.862 0
063009 18.0 10.0 16.862 0
063039 18.0 10.0 16.862 0
063110 18.0 10.0 16.862 0
063141 18.0 10.0 16.862 0
063211 18.0 10.0 16.862 0
063242 18.0 10.0 16.862 0
063313 18.0 10.0 16.862 0
063343 18.0 10.0 16.862 0
063413 18.0 10.0 16.862 0
063444 18.0 10.0 16.862 0
063514 18.0 10.0 16.862 0
063544 18.0 10.0 16.862 0
063614 18.0 10.0 16.862 0
063645 18.0 10.0 16.862 0
063715 18.0 10.0 16.862 0
063746 18.0 10.0 16.862 0
063816 18.0 10.0 16.862 0
063847 18.0 10.0 16.862 0
063918 18.0 10.0 16.862 0
063949 18.0 10.0 16.862 0
064019 18.0 10.0 16.862 0
064049 18.0 10.0 16.862 0
064120 18.0 10.0 16.862 0
064151 18.0 10.0 16.862 0
064221 18.0 10.0 16.862 0
064252 18.0 10.0 16.862 0
064324 18.0 10.0 16.862 0
064355 18.0 10.0 16.862 0
064426 18.0 10.0 16.862 0
064456 18.0 10.0 16.862 0
064527 18.0 10.0 16.862 0
064557 18.0 10.0 16.862 0
064628 18.0 10.0 16.862 0
064659 18.0 10.0 16.862 0
064729 18.0 10.0 16.862 0
064800 18.0 10.0 16.862 0
064830 18.0 10.0 16.862 0
064901 18.0 10.0 16.862 0
064931 18.0 10.0 16.862 0
065002 18.0 10.0 16.862 0
065032 18.0 10.0 16.862 0
065102 18.0 10.0 16.862 0
065133 18.0 10.0 16.862 0
065203 18.0 10.0 16.862 0
065234 18.0 10.0 16.862 0
065304 18.0 10.0 16.862 0
065335 17.937 10.0 16.862 0
065405 17.937 10.0 16.862 0
065435 17.937 10.0 16.862 0
065505 17.937 10.0 16.862 0
065536 17.937 10.0 16.862 0
065607 17.937 10.0 16.862 0
065637 17.937 10.0 16.862 0
065707 17.937 10.0 16.862 0
065738 17.937 10.0 16.862 0
065808 17.937 10.0 16.862 0
065838 17.937 10.0 16.862 0
065909 17.937 10.0 16.862 0
065939 17.937 10.0 16.862 0
070009 17.937 10.0 16.862 0
070040 17.937 10.0 16.862 0
070110 17.937 10.0 16.862 0
070141 17.937 10.0 16.862 0
070212 17.937 10.0 16.862 0
070243 17.937 10.0 16.862 0
070313 17.937 10.0 16.862 0
070344 17.937 10.0 16.862 0
070415 17.937 10.0 16.862 0
070445 17.937 10.0 16.862 0
070515 17.937 10.0 16.862 0
070546 17.937 10.0 16.862 0
070616 17.937 10.0 16.862 0
070647 17.937 10.0 16.862 0
070718 17.937 10.0 16.862 0
070748 17.937 10.0 16.862 0
070818 17.937 10.0 16.862 0
070849 17.937 10.0 16.862 0
070919 17.937 10.0 16.862 0
070950 17.937 10.0 16.862 0
071020 17.937 10.0 16.862 0
071051 17.937 10.0 16.862 0
071121 17.937 10.0 16.862 0
071151 17.937 10.0 16.862 0
071221 17.937 10.0 16.862 0
071251 17.937 10.0 16.862 0
071322 17.937 10.0 16.862 0
071353 17.937 10.0 16.862 0
071423 17.937 10.0 16.862 0
071454 17.937 10.0 16.862 0
071524 17.937 10.0 16.862 0
071555 17.937 10.0 16.862 0
071625 17.937 10.0 16.862 0
071655 17.937 10.0 16.862 0
071725 17.937 10.0 16.862 0
071756 17.937 10.0 16.862 0
071826 17.937 10.0 16.862 0
071857 17.937 10.0 16.862 0
071927 17.937 10.0 16.862 0
071958 17.937 10.0 16.862 0
072029 17.937 10.0 16.862 0
072100 17.937 10.0 16.862 0
072130 17.937 10.0 16.862 0
072201 17.937 10.0 16.862 0
072231 17.937 10.0 16.862 0
072302 17.937 10.0 16.862 0
072333 17.937 10.0 16.862 0
072404 17.937 10.0 16.862 0
072434 17.937 10.0 16.862 0
072504 17.937 10.0 16.862 0
072534 17.937 10.0 16.862 0
072604 17.937 10.0 16.862 0
072634 17.937 10.0 16.862 0
072705 17.937 10.0 16.862 0
072735 17.937 10.0 16.862 0
072805 17.937 10.0 16.862 0
072835 17.937 10.0 16.862 0
072905 17.937 10.0 16.862 0
072935 17.937 10.0 16.862 0
073006 17.937 10.0 16.862 0
073036 17.937 10.0 16.862 0
073106 17.937 10.0 16.862 0
073136 17.937 10.0 16.862 0
073206 17.937 10.0 16.862 0
073237 17.937 10.0 16.862 0
073308 17.937 10.0 16.862 0
073338 17.937 10.0 16.862 0
073409 17.937 10.0 16.862 0
073439 17.937 10.0 16.862 0
073509 17.937 10.0 16.862 0
073540 17.937 10.0 16.862 0
073610 17.937 10.0 16.862 0
073641 17.937 10.0 16.862 0
073712 17.937 10.0 16.862 0
073743 17.937 10.0 16.862 0
073813 17.937 10.0 16.862 0
073844 17.875 10.0 16.862 0
073914 17.875 10.0 16.862 0
073945 17.875 10.0 16.862 0
074015 17.875 10.0 16.862 0
074045 17.875 10.0 16.862 0
074115 17.875 10.0 16.862 0
074146 17.875 10.0 16.862 0
074216 17.875 10.0 16.862 0
074247 17.875 10.0 16.862 0
074317 17.875 10.0 16.862 0
074347 17.937 10.0 16.862 0
074418 17.937 10.0 16.862 0
074448 17.937 10.0 16.862 0
074519 17.937 10.0 16.862 0
074549 17.937 10.0 16.862 0
074620 17.875 10.0 16.862 0
074650 17.875 10.0 16.862 0
074721 17.875 10.0 16.862 0
074752 17.875 10.0 16.862 0
074822 17.875 10.0 16.862 0
074853 17.937 10.0 16.862 0
074924 17.937 10.0 16.862 0
074954 17.937 10.0 16.862 0
075024 17.937 10.0 16.862 0
075055 17.937 10.0 16.862 0
075125 17.875 10.0 16.862 0
075155 17.875 10.0 16.862 0
075226 17.875 10.0 16.862 0
075257 17.875 10.0 16.862 0
075327 17.875 10.0 16.862 0
075358 17.875 10.0 16.862 0
075429 17.875 10.0 16.862 0
075500 17.875 10.0 16.862 0
075530 17.875 10.0 16.862 0
075600 17.875 10.0 16.862 0
075631 17.937 10.0 16.862 0
075701 17.937 10.0 16.862 0
075731 17.937 10.0 16.862 0
075802 17.937 10.0 16.862 0
075835 17.937 10.0 16.862 0
075905 17.937 10.0 16.862 0
075935 17.937 10.0 16.862 0
080006 17.937 10.0 16.862 0
080036 17.937 10.0 16.862 0
080107 17.937 10.0 16.862 0
080138 17.937 10.0 16.862 0
080209 17.937 10.0 16.862 0
080239 17.937 10.0 16.862 0
080309 17.937 10.0 16.862 0
080339 17.937 10.0 16.862 0
080410 17.937 10.0 16.862 0
080440 17.937 10.0 16.862 0
080510 17.937 10.0 16.862 0
080541 17.937 10.0 16.862 0
080611 17.937 10.0 16.862 0
080642 17.937 10.0 16.862 0
080712 17.937 10.0 16.862 0
080743 17.937 10.0 16.862 0
080813 17.937 10.0 16.862 0
080843 17.875 10.0 16.862 0
080914 17.875 10.0 16.862 0
080944 17.875 10.0 16.862 0
081015 17.875 10.0 16.862 0
081045 17.875 10.0 16.862 0
081115 17.937 10.0 16.862 0
081146 17.937 10.0 16.862 0
081217 17.937 10.0 16.862 0
081248 17.937 10.0 16.862 0
081318 17.937 10.0 16.862 0
081349 17.875 10.0 16.862 0
081419 17.875 10.0 16.862 0
081450 17.875 10.0 16.862 0
081521 17.875 10.0 16.862 0
081551 17.875 10.0 16.862 0
081621 17.875 10.0 16.862 0
081651 17.875 10.0 16.862 0
081722 17.875 10.0 16.862 0
081752 17.875 10.0 16.862 0
081823 17.875 10.0 16.862 0
081853 17.875 10.0 16.862 0
081924 17.875 10.0 16.862 0
081954 17.875 10.0 16.862 0
082025 17.875 10.0 16.862 0
082056 17.875 10.0 16.862 0
082126 17.875 10.0 16.862 0
082157 17.875 10.0 16.862 0
082227 17.875 10.0 16.862 0
082258 17.875 10.0 16.862 0
082329 17.875 10.0 16.862 0
082359 17.875 10.0 16.862 0
082430 17.875 10.0 16.862 0
082501 17.875 10.0 16.862 0
082532 17.875 10.0 16.862 0
082603 17.875 10.0 16.862 0
082633 17.875 10.0 16.862 0
082703 17.875 10.0 16.862 0
082734 17.875 10.0 16.862 0
082804 17.875 10.0 16.862 0
082834 17.875 10.0 16.862 0
082905 17.875 10.0 16.862 0
082936 17.875 10.0 16.862 0
083006 17.875 10.0 16.862 0
083037 17.875 10.0 16.862 0
083109 17.875 10.0 16.862 0
083139 17.875 10.0 16.862 0
083210 17.875 10.0 16.862 0
083240 17.875 10.0 16.862 0
083310 17.875 10.0 16.862 0
083341 17.875 10.0 16.862 0
083412 17.875 10.0 16.862 0
083442 17.875 10.0 16.862 0
083512 17.875 10.0 16.862 0
083543 17.875 10.0 16.862 0
083614 17.875 10.0 16.8 0
083645 17.875 10.0 16.862 0
083715 17.875 10.0 16.862 0
083746 17.875 10.0 16.862 0
083816 17.875 10.0 16.8 0
083847 17.875 10.0 16.862 0
083917 17.875 10.0 16.862 0
083948 17.875 10.0 16.862 0
084018 17.875 10.0 16.862 0
084048 17.875 10.0 16.862 0
084118 17.875 10.0 16.862 0
084148 17.875 10.0 16.862 0
084219 17.875 10.0 16.862 0
084250 17.875 10.0 16.862 0
084320 17.875 10.0 16.862 0
084350 17.875 10.0 16.862 0
084421 17.875 10.0 16.862 0
084451 17.875 10.0 16.862 0
084522 17.875 10.0 16.862 0
084552 17.875 10.0 16.862 0
084623 17.875 10.0 16.8 0
084653 17.875 10.0 16.862 0
084724 17.875 10.0 16.862 0
084754 17.875 10.0 16.862 0
084824 17.875 10.0 16.862 0
084855 17.812 10.0 16.862 0
084926 17.812 10.0 16.862 0
084956 17.812 10.0 16.862 0
085026 17.812 10.0 16.862 0
085056 17.812 10.0 16.862 0
085127 17.812 10.0 16.862 0
085158 17.812 10.0 16.8 0
085229 17.812 10.0 16.8 0
085259 17.812 10.0 16.8 0
085330 17.812 10.0 16.862 0
085401 17.812 10.0 16.862 0
085431 17.812 10.0 16.8 0
085502 17.812 10.0 16.862 0
085533 17.812 10.0 16.862 0
085603 17.812 10.0 16.8 0
085634 17.812 10.0 16.862 0
085704 17.812 10.0 16.862 0
085734 17.812 10.0 16.8 0
085805 17.812 10.0 16.8 0
085835 17.812 10.0 16.862 0
085905 17.812 10.0 16.8 0
085936 17.812 10.0 16.862 0
090006 17.812 10.0 16.862 0
090037 17.812 10.0 16.862 0
090108 17.812 10.0 16.862 0
090138 17.812 10.0 16.862 0
090209 17.812 10.0 16.8 0
090240 17.812 10.0 16.8 0
090310 17.812 10.0 16.8 0
090341 17.812 10.0 16.862 0
090412 17.812 10.0 16.862 0
090442 17.812 10.0 16.862 0
090513 17.812 10.0 16.8 0
090543 17.812 10.0 16.862 0
090615 17.812 10.0 16.8 0
090646 17.812 10.0 16.862 0
090716 17.812 10.0 16.8 0
090746 17.812 10.0 16.8 0
090816 17.812 10.0 16.8 0
090846 17.812 10.0 16.8 0
090917 17.812 10.0 16.8 0
090947 17.812 10.0 16.8 0
091018 17.812 10.0 16.8 0
091048 17.812 10.0 16.862 0
091119 17.812 10.0 16.8 0
091150 17.812 10.0 16.862 0
091220 17.812 10.0 16.8 0
091251 17.812 10.0 16.8 0
091322 17.812 10.0 16.8 0
091352 17.812 10.0 16.8 0
091423 17.812 10.0 16.862 0
091454 17.812 10.0 16.8 0
091524 17.812 10.0 16.8 0
091555 17.812 10.0 16.8 0
091626 17.812 10.0 16.8 0
091656 17.812 10.0 16.8 0
091727 17.812 10.0 16.8 0
091757 17.812 10.0 16.8 0
091827 17.812 10.0 16.8 0
091858 17.812 10.0 16.8 0
091928 17.812 10.0 16.8 0
091959 17.812 10.0 16.8 0
092029 17.812 10.0 16.8 0
092059 17.812 10.0 16.862 0
092130 17.75 10.0 16.8 0
092201 17.75 10.0 16.8 0
092231 17.75 10.0 16.8 0
092302 17.75 10.0 16.8 0
092332 17.75 10.0 16.8 0
092403 17.75 10.0 16.8 0
092433 17.75 10.0 16.8 0
092504 17.75 10.0 16.8 0
092534 17.75 10.0 16.8 0
092605 17.75 10.0 16.8 0
092636 17.75 10.0 16.8 0
092706 17.75 10.0 16.862 0
092737 17.75 10.0 16.8 0
092808 17.75 10.0 16.862 0
092838 17.75 10.0 16.8 0
092909 17.75 10.0 16.8 0
092939 17.75 10.0 16.8 0
093009 17.75 10.0 16.8 0
093039 17.75 10.0 16.8 0
093110 17.75 10.0 16.862 0
093140 17.75 10.0 16.862 0
093211 17.75 10.0 16.8 0
093242 17.75 10.0 16.8 0
093312 17.75 10.0 16.8 0
093342 17.75 10.0 16.8 0
093413 17.75 10.0 16.8 0
093444 17.75 10.0 16.8 0
093514 17.75 10.0 16.8 0
093544 17.75 10.0 16.8 0
093614 17.75 10.0 16.8 0
093645 17.75 10.0 16.8 0
093716 17.75 10.0 16.8 0
093746 17.75 10.0 16.8 0
093817 17.75 10.0 16.8 0
093847 17.75 10.0 16.8 0
093917 17.75 10.0 16.8 0
093948 17.75 10.0 16.8 0
094019 17.75 10.0 16.8 0
094050 17.75 10.0 16.8 0
094120 17.75 10.0 16.8 0
094151 17.75 10.0 16.8 0
094221 17.75 10.0 16.8 0
094252 17.75 10.0 16.862 0
094323 17.75 10.0 16.8 0
094353 17.687 10.0 16.8 0
094424 17.687 10.0 16.8 0
094455 17.687 10.0 16.8 0
094525 17.687 10.0 16.8 0
094555 17.687 10.0 16.8 0
094626 17.687 10.0 16.8 0
094656 17.687 10.0 16.8 0
094726 17.687 10.0 16.8 0
094757 17.687 10.0 16.8 0
094828 17.687 10.0 16.8 0
094859 17.687 10.0 16.8 0
094929 17.687 10.0 16.8 0
094959 17.687 10.0 16.8 0
095030 17.687 10.0 16.8 0
095100 17.687 10.0 16.8 0
095131 17.687 10.0 16.8 0
095201 17.687 10.0 16.8 0
095232 17.687 10.0 16.8 0
095302 17.687 10.0 16.8 0
095332 17.687 10.0 16.8 0
095403 17.625 10.0 16.8 0
095434 17.625 10.0 16.8 0
095504 17.625 10.0 16.8 0
095535 17.625 10.0 16.8 0
095605 17.625 10.0 16.8 0
095636 17.625 10.0 16.8 0
095707 17.625 10.0 16.8 0
095737 17.625 10.0 16.8 0
095808 17.625 10.0 16.8 0
095838 17.625 10.0 16.8 0
095909 17.625 10.0 16.8 0
095940 17.625 10.0 16.8 0
100010 17.625 10.0 16.8 0
100041 17.625 10.0 16.8 0
100112 17.625 10.0 16.8 0
100142 17.625 10.0 16.8 0
100213 17.625 10.0 16.8 0
100243 17.625 10.0 16.8 0
100314 17.625 10.0 16.8 0
100344 17.625 10.0 16.8 0
100414 17.625 10.0 16.8 0
100444 17.625 10.0 16.8 0
100514 17.625 10.0 16.8 0
100545 17.625 10.0 16.8 0
100615 17.625 10.0 16.8 0
100645 17.562 10.0 16.8 0
100716 17.562 10.0 16.8 0
100746 17.562 10.0 16.8 0
100817 17.562 10.0 16.8 0
100847 17.562 10.0 16.8 0
100917 17.625 10.0 16.8 0
100948 17.625 10.0 16.8 0
101018 17.625 10.0 16.8 0
101048 17.625 10.0 16.8 0
101119 17.625 10.0 16.8 0
101150 17.625 10.0 16.8 0
101221 17.625 10.0 16.8 0
101251 17.625 10.0 16.8 0
101321 17.625 10.0 16.8 0
101354 17.625 10.0 16.8 0
101424 17.625 10.0 16.8 0
101455 17.625 10.0 16.8 0
101526 17.625 10.0 16.8 0
101556 17.625 10.0 16.8 0
101627 17.562 10.0 16.8 0
101657 17.562 10.0 16.8 0
101728 17.562 10.0 16.8 0
101758 17.562 10.0 16.8 0
101829 17.562 10.0 16.8 0
101859 17.562 10.0 16.8 0
101930 17.562 10.0 16.8 0
102001 17.562 10.0 16.8 0
102031 17.562 10.0 16.8 0
102101 17.562 10.0 16.8 0
102132 17.625 10.0 16.8 0
102202 17.625 10.0 16.8 0
102233 17.625 10.0 16.8 0
102304 17.625 10.0 16.8 0
102334 17.625 10.0 16.8 0
102405 17.625 10.0 16.8 0
102435 17.625 10.0 16.8 0
102506 17.625 10.0 16.8 0
102537 17.625 10.0 16.8 0
102607 17.625 10.0 16.8 0
102638 17.687 10.0 16.8 0
102709 17.687 10.0 16.8 0
102739 17.687 10.0 16.8 0
102810 17.687 10.0 16.8 0
102841 17.687 10.0 16.8 0
102911 17.625 10.0 16.8 0
102942 17.625 10.0 16.8 0
103012 17.625 10.0 16.8 0
103043 17.625 10.0 16.8 0
103113 17.625 10.0 16.8 0
103143 17.625 10.0 16.8 0
103214 17.625 10.0 16.8 0
103244 17.625 10.0 16.8 0
103315 17.625 10.0 16.8 0
103345 17.625 10.0 16.8 0
103416 17.687 10.0 16.8 0
103446 17.687 10.0 16.8 0
103517 17.687 10.0 16.8 0
103548 17.687 10.0 16.8 0
103619 17.687 10.0 16.8 0
103649 17.625 10.0 16.8 0
103720 17.625 10.0 16.8 0
103751 17.625 10.0 16.8 0
103821 17.625 10.0 16.8 0
103852 17.625 10.0 16.8 0
103922 17.625 10.0 16.8 0
103953 17.625 10.0 16.8 0
104023 17.625 10.0 16.8 0
104053 17.625 10.0 16.8 0
104123 17.625 10.0 16.8 0
104154 17.625 10.0 16.8 0
104225 17.625 10.0 16.8 0
104255 17.625 10.0 16.8 0
104325 17.625 10.0 16.8 0
104358 17.625 10.0 16.8 0
104428 17.625 10.0 16.8 0
104458 17.625 10.0 16.8 0
104529 17.625 10.0 16.8 0
104559 17.625 10.0 16.8 0
104629 17.625 10.0 16.8 0
104700 17.625 10.0 16.8 0
104731 17.625 10.0 16.8 0
104801 17.625 10.0 16.8 0
104832 17.625 10.0 16.8 0
104903 17.625 10.0 16.8 0
104933 17.625 10.0 16.8 0
105003 17.625 10.0 16.8 0
105034 17.625 10.0 16.8 0
105104 17.625 10.0 16.8 0
105135 17.625 10.0 16.8 0
105205 17.625 10.0 16.8 0
105236 17.625 10.0 16.8 0
105307 17.625 10.0 16.8 0
105337 17.625 10.0 16.8 0
105408 17.625 10.0 16.8 0
105438 17.625 10.0 16.8 0
105509 17.625 10.0 16.8 0
105540 17.625 10.0 16.8 0
105611 17.625 10.0 16.8 0
105641 17.625 10.0 16.8 0
105712 17.625 10.0 16.8 0
105743 17.625 10.0 16.8 0
105813 17.625 10.0 16.8 0
105844 17.625 10.0 16.8 0
105914 17.625 10.0 16.8 0
105945 17.625 10.0 16.8 0
110016 17.625 10.0 16.8 0
110047 17.625 10.0 16.8 0
110117 17.625 10.0 16.8 0
110147 17.625 10.0 16.8 0
110218 17.625 10.0 16.8 0
110248 17.625 10.0 16.8 0
110318 17.625 10.0 16.8 0
110348 17.625 10.0 16.8 0
110419 17.625 10.0 16.8 0
110449 17.625 10.0 16.8 0
110519 17.625 10.0 16.8 0
110549 17.625 10.0 16.8 0
110620 17.625 10.0 16.8 0
110651 17.625 10.0 16.8 0
110722 17.625 10.0 16.8 0
110752 17.625 10.0 16.8 0
110822 17.625 10.0 16.8 0
110852 17.625 10.0 16.8 0
110923 17.625 10.0 16.8 0
110953 17.625 10.0 16.8 0
111023 17.625 10.0 16.8 0
111054 17.625 10.0 16.8 0
111125 17.625 10.0 16.8 0
111156 17.625 10.0 16.8 0
111226 17.625 10.0 16.8 0
111256 17.625 10.0 16.8 0
111327 17.625 10.0 16.8 0
111357 17.625 10.0 16.8 0
111428 17.625 10.0 16.8 0
111458 17.625 10.0 16.8 0
111528 17.625 10.0 16.8 0
111559 17.625 10.0 16.8 0
111631 17.562 10.0 16.8 0
111702 17.562 10.0 16.8 0
111732 17.562 10.0 16.8 0
111802 17.562 10.0 16.8 0
111833 17.562 10.0 16.8 0
111903 17.625 10.0 16.8 0
111934 17.625 10.0 16.8 0
112005 17.625 10.0 16.8 0
112035 17.625 10.0 16.8 0
112105 17.625 10.0 16.8 0
112135 17.562 10.0 16.8 0
112205 17.562 10.0 16.8 0
112236 17.562 10.0 16.8 0
112306 17.562 10.0 16.8 0
112338 17.562 10.0 16.8 0
112408 17.562 10.0 16.8 0
112438 17.562 10.0 16.8 0
112509 17.562 10.0 16.8 0
112540 17.562 10.0 16.8 0
112610 17.562 10.0 16.8 0
112640 17.562 10.0 16.8 0
112711 17.562 10.0 16.8 0
112742 17.562 10.0 16.8 0
112812 17.562 10.0 16.8 0
112843 17.562 10.0 16.8 0
112914 17.562 10.0 16.8 0
112944 17.562 10.0 16.8 0
113015 17.562 10.0 16.8 0
113045 17.562 10.0 16.8 0
113116 17.562 10.0 16.8 0
113146 17.562 10.0 16.8 0
113217 17.562 10.0 16.8 0
113248 17.562 10.0 16.8 0
113318 17.562 10.0 16.8 0
113349 17.562 10.0 16.8 0
113419 17.562 10.0 16.8 0
113449 17.562 10.0 16.8 0
113519 17.562 10.0 16.8 0
113550 17.562 10.0 16.8 0
113620 17.562 10.0 16.8 0
113650 17.562 10.0 16.8 0
113721 17.562 10.0 16.8 0
113752 17.562 10.0 16.8 0
113822 17.562 10.0 16.8 0
113853 17.562 10.0 16.8 0
113924 17.562 10.0 16.8 0
113954 17.562 10.0 16.8 0
114025 17.562 10.0 16.8 0
114055 17.562 10.0 16.8 0
114125 17.562 10.0 16.8 0
114156 17.625 10.0 16.8 0
114226 17.625 10.0 16.8 0
114257 17.625 10.0 16.8 0
114327 17.625 10.0 16.8 0
114357 17.625 10.0 16.8 0
114427 17.625 10.0 16.8 0
114458 17.625 10.0 16.8 0
114529 17.625 10.0 16.8 0
114600 17.625 10.0 16.8 0
114630 17.625 10.0 16.8 0
114700 17.625 10.0 16.8 0
114730 17.625 10.0 16.8 0
114800 17.625 10.0 16.8 0
114831 17.625 10.0 16.8 0
114902 17.625 10.0 16.8 0
114933 17.625 10.0 16.8 0
115003 17.625 10.0 16.8 0
115034 17.625 10.0 16.8 0
115105 17.625 10.0 16.8 0
115136 17.625 10.0 16.8 0
115207 17.625 10.0 16.8 0
115237 17.625 10.0 16.8 0
115307 17.625 10.0 16.8 0
115338 17.625 10.0 16.8 0
115408 17.625 10.0 16.8 0
115439 17.625 10.0 16.8 0
115509 17.625 10.0 16.8 0
115539 17.625 10.0 16.8 0
115609 17.625 10.0 16.8 0
115640 17.625 10.0 16.8 0
115711 17.625 10.0 16.8 0
115741 17.625 10.0 16.8 0
115811 17.625 10.0 16.8 0
115842 17.625 10.0 16.8 0
115912 17.625 10.0 16.8 0
115942 17.625 10.0 16.8 0
120013 17.625 10.0 16.8 0
120043 17.625 10.0 16.8 0
120114 17.625 10.0 16.8 0
120144 17.625 10.0 16.8 0
120215 17.625 10.0 16.8 0
120245 17.625 10.0 16.8 0
120316 17.625 10.0 16.8 0
120347 17.625 10.0 16.8 0
120417 17.625 10.0 16.8 0
120448 17.625 10.0 16.8 0
120519 17.625 10.0 16.8 0
120549 17.625 10.0 16.8 0
120620 17.625 10.0 16.8 0
120650 17.625 10.0 16.8 0
120720 17.625 10.0 16.8 0
120750 17.625 10.0 16.8 0
120821 17.625 10.0 16.8 0
120851 17.625 10.0 16.8 0
120922 17.625 10.0 16.8 0
120952 17.625 10.0 16.8 0
121023 17.625 10.0 16.8 0
121053 17.625 10.0 16.8 0
121124 17.625 10.0 16.8 0
121154 17.625 10.0 16.8 0
121225 17.625 10.0 16.8 0
121256 17.625 10.0 16.8 0
121326 17.625 10.0 16.8 0
121357 17.625 10.0 16.8 0
121427 17.625 10.0 16.8 0
121458 17.625 10.0 16.8 0
121528 17.625 10.0 16.8 0
121559 17.625 10.0 16.8 0
121630 17.625 10.0 16.8 0
121700 17.687 10.0 16.8 0
121731 17.687 10.0 16.8 0
121801 17.687 10.0 16.8 0
121831 17.687 10.0 16.8 0
121901 17.687 10.0 16.8 0
121932 17.625 10.0 16.8 0
122002 17.625 10.0 16.8 0
122033 17.625 10.0 16.8 0
122103 17.625 10.0 16.8 0
122134 17.625 10.0 16.8 0
122204 17.625 10.0 16.8 0
122234 17.625 10.0 16.8 0
122305 17.625 10.0 16.8 0
122336 17.625 10.0 16.8 0
122407 17.625 10.0 16.8 0
122437 17.625 10.0 16.737 0
122508 17.625 10.0 16.8 0
122538 17.625 10.0 16.8 0
122608 17.625 10.0 16.8 0
122641 17.625 10.0 16.737 0
122712 17.625 10.0 16.8 0
122743 17.625 10.0 16.8 0
122814 17.625 10.0 16.8 0
122844 17.625 10.0 16.8 0
122914 17.625 10.0 16.8 0
122944 17.625 10.0 16.8 0
123015 17.625 10.0 16.8 0
123045 17.625 10.0 16.8 0
123116 17.625 10.0 16.8 0
123146 17.625 10.0 16.8 0
123216 17.625 10.0 16.8 0
123247 17.625 10.0 16.8 0
123318 17.625 10.0 16.8 0
123348 17.625 10.0 16.8 0
123419 17.625 10.0 16.8 0
123449 17.625 10.0 16.8 0
123520 17.625 10.0 16.8 0
123550 17.625 10.0 16.8 0
123621 17.625 10.0 16.8 0
123652 17.625 10.0 16.8 0
123722 17.625 10.0 16.8 0
123753 17.625 10.0 16.8 0
123824 17.625 10.0 16.8 0
123854 17.625 10.0 16.8 0
123925 17.625 10.0 16.8 0
123956 17.625 10.0 16.8 0
124026 17.625 10.0 16.8 0
124057 17.625 10.0 16.8 0
124127 17.625 10.0 16.737 0
124157 17.625 10.0 16.8 0
124228 17.625 10.0 16.8 0
124258 17.625 10.0 16.737 0
124328 17.625 10.0 16.8 0
124359 17.625 10.0 16.8 0
124430 17.625 10.0 16.8 0
124500 17.625 10.0 16.8 0
124530 17.625 10.0 16.8 0
124601 17.625 10.0 16.8 0
124632 17.625 10.0 16.8 0
124702 17.562 10.0 16.737 0
124732 17.562 10.0 16.8 0
124803 17.562 10.0 16.8 0
124833 17.562 10.0 16.8 0
124904 17.562 10.0 16.8 0
124934 17.562 10.0 16.8 0
125004 17.562 10.0 16.8 0
125034 17.562 10.0 16.737 0
125105 17.562 10.0 16.8 0
125135 17.562 10.0 16.8 0
125205 17.562 10.0 16.737 0
125236 17.562 10.0 16.8 0
125306 17.562 10.0 16.8 0
125336 17.562 10.0 16.737 0
125407 17.562 10.0 16.8 0
125437 17.625 10.0 16.8 0
125507 17.625 10.0 16.8 0
125538 17.625 10.0 16.737 0
125609 17.625 10.0 16.8 0
125639 17.625 10.0 16.8 0
125710 17.625 10.0 16.737 0
125740 17.625 10.0 16.737 0
125811 17.625 10.0 16.8 0
125841 17.625 10.0 16.737 0
125912 17.625 10.0 16.8 0
125943 17.625 10.0 16.737 0
130013 17.625 10.0 16.737 0
130043 17.625 10.0 16.737 0
130114 17.625 10.0 16.737 0
130147 17.562 10.0 16.737 0
130217 17.562 10.0 16.737 0
130248 17.562 10.0 16.8 0
130319 17.562 10.0 16.8 0
130349 17.562 10.0 16.737 0
130419 17.562 10.0 16.8 0
130450 17.562 10.0 16.8 0
130520 17.562 10.0 16.737 0
130551 17.562 10.0 16.8 0
130621 17.562 10.0 16.737 0
130651 17.562 10.0 16.737 0
130721 17.562 10.0 16.737 0
130751 17.562 10.0 16.737 0
130822 17.562 10.0 16.737 0
130852 17.562 10.0 16.737 0
130923 17.625 10.0 16.8 0
130953 17.625 10.0 16.737 0
131024 17.625 10.0 16.8 0
131054 17.625 10.0 16.737 0
131125 17.625 10.0 16.8 0
131155 17.562 10.0 16.737 0
131225 17.562 10.0 16.8 0
131256 17.562 10.0 16.8 0
131326 17.562 10.0 16.737 0
131356 17.562 10.0 16.737 0
131426 17.562 10.0 16.8 0
131457 17.562 10.0 16.737 0
131528 17.562 10.0 16.737 0
131559 17.562 10.0 16.737 0
131629 17.562 10.0 16.737 0
131659 17.562 10.0 16.737 0
131730 17.562 10.0 16.8 0
131800 17.562 10.0 16.8 0
131830 17.562 10.0 16.737 0
131900 17.562 10.0 16.8 0
131931 17.562 10.0 16.737 0
132001 17.562 10.0 16.8 0
132031 17.562 10.0 16.8 0
132102 17.562 10.0 16.737 0
132132 17.562 10.0 16.8 0
132203 17.562 10.0 16.737 0
132233 17.562 10.0 16.737 0
132303 17.562 10.0 16.737 0
132334 17.562 10.0 16.8 0
132405 17.562 10.0 16.737 0
132435 17.562 10.0 16.8 0
132506 17.562 10.0 16.737 0
132537 17.562 10.0 16.8 0
132607 17.562 10.0 16.8 0
132638 17.562 10.0 16.737 0
132708 17.562 10.0 16.737 0
132739 17.562 10.0 16.8 0
132809 17.562 10.0 16.737 0
132839 17.562 10.0 16.737 0
132909 17.562 10.0 16.8 0
132939 17.562 10.0 16.737 0
133010 17.562 10.0 16.737 0
133041 17.562 10.0 16.737 0
133111 17.562 10.0 16.737 0
133142 17.562 10.0 16.8 0
133212 17.625 10.0 16.737 0
133243 17.625 10.0 16.737 0
133314 17.625 10.0 16.737 0
133345 17.625 10.0 16.737 0
133415 17.625 10.0 16.737 0
133446 17.625 10.0 16.737 0
133517 17.625 10.0 16.737 0
133547 17.625 10.0 16.737 0
133618 17.625 10.0 16.737 0
133648 17.625 10.0 16.737 0
133719 17.625 10.0 16.737 0
133750 17.625 10.0 16.737 0
133820 17.625 10.0 16.737 0
133851 17.625 10.0 16.737 0
133922 17.625 10.0 16.737 0
133952 17.625 10.0 16.737 0
134023 17.625 10.0 16.737 0
134053 17.625 10.0 16.737 0
134124 17.625 10.0 16.8 0
134154 17.625 10.0 16.737 0
134225 17.625 10.0 16.737 0
134255 17.625 10.0 16.737 0
134326 17.625 10.0 16.737 0
134357 17.625 10.0 16.737 0
134427 17.625 10.0 16.737 0
134458 17.625 10.0 16.737 0
134528 17.625 10.0 16.737 0
134558 17.625 10.0 16.737 0
134629 17.625 10.0 16.737 0
134659 17.625 10.0 16.737 0
134729 17.625 10.0 16.737 0
134800 17.625 10.0 16.737 0
134831 17.625 10.0 16.737 0
134901 17.625 10.0 16.737 0
134932 17.687 10.0 16.737 0
135002 17.687 10.0 16.737 0
135032 17.687 10.0 16.8 0
135103 17.687 10.0 16.737 0
135133 17.687 10.0 16.737 0
135203 17.687 10.0 16.737 0
135233 17.687 10.0 16.737 0
135304 17.687 10.0 16.737 0
135334 17.687 10.0 16.737 0
135405 17.687 10.0 16.737 0
135435 17.625 10.0 16.737 0
135506 17.625 10.0 16.737 0
135536 17.625 10.0 16.737 0
135607 17.625 10.0 16.737 0
135637 17.625 10.0 16.737 0
135707 17.625 10.0 16.737 0
135737 17.625 10.0 16.737 0
135807 17.625 10.0 16.737 0
135838 17.625 10.0 16.737 0
135909 17.625 10.0 16.737 0
135940 17.625 10.0 16.737 0
140010 17.625 10.0 16.737 0
140040 17.625 10.0 16.737 0
140110 17.625 10.0 16.737 0
140140 17.625 10.0 16.737 0
140211 17.625 10.0 16.737 0
140241 17.625 10.0 16.737 0
140312 17.625 10.0 16.737 0
140342 17.625 10.0 16.737 0
140412 17.625 10.0 16.737 0
140443 17.625 10.0 16.737 0
140513 17.625 10.0 16.737 0
140544 17.625 10.0 16.737 0
140614 17.625 10.0 16.737 0
140645 17.625 10.0 16.737 0
140715 17.625 10.0 16.737 0
140746 17.625 10.0 16.737 0
140816 17.625 10.0 16.737 0
140847 17.625 10.0 16.737 0
140917 17.625 10.0 16.737 0
140947 17.687 10.0 16.737 0
141018 17.687 10.0 16.737 0
141049 17.687 10.0 16.737 0
141119 17.687 10.0 16.737 0
141150 17.687 10.0 16.737 0
141220 17.687 10.0 16.737 0
141251 17.687 10.0 16.737 0
141321 17.687 10.0 16.737 0
141352 17.687 10.0 16.737 0
141422 17.687 10.0 16.737 0
141453 17.687 10.0 16.737 0
141523 17.687 10.0 16.737 0
141554 17.687 10.0 16.737 0
141624 17.687 10.0 16.737 0
141657 17.687 10.0 16.737 0
141727 17.687 10.0 16.737 0
141758 17.687 10.0 16.737 0
141829 17.687 10.0 16.737 0
141859 17.687 10.0 16.737 0
141930 17.687 10.0 16.737 0
142000 17.687 10.0 16.737 0
142030 17.687 10.0 16.737 0
142101 17.687 10.0 16.737 0
142132 17.687 10.0 16.737 0
142202 17.687 10.0 16.737 0
142233 17.687 10.0 16.737 0
142304 17.687 10.0 16.737 0
142334 17.687 10.0 16.737 0
142404 17.687 10.0 16.737 0
142434 17.687 10.0 16.737 0
142504 17.687 10.0 16.737 0
142535 17.687 10.0 16.737 0
142606 17.687 10.0 16.737 0
142636 17.687 10.0 16.737 0
142706 17.75 10.0 16.737 0
142736 17.75 10.0 16.737 0
142807 17.75 10.0 16.737 0
142837 17.75 10.0 16.737 0
142907 17.75 10.0 16.737 0
142938 17.75 10.0 16.737 0
143008 17.75 10.0 16.737 0
143039 17.75 10.0 16.737 0
143110 17.75 10.0 16.737 0
143140 17.75 10.0 16.737 0
143211 17.75 10.0 16.737 0
143241 17.75 10.0 16.737 0
143312 17.75 10.0 16.737 0
143343 17.75 10.0 16.737 0
143413 17.75 10.0 16.737 0
143443 17.812 10.0 16.737 0
143514 17.812 10.0 16.737 0
143545 17.812 10.0 16.737 0
143615 17.812 10.0 16.737 0
143646 17.812 10.0 16.737 0
143717 17.812 10.0 16.737 0
143747 17.812 10.0 16.737 0
143818 17.812 10.0 16.737 0
143848 17.812 10.0 16.737 0
143919 17.812 10.0 16.737 0
143949 17.812 10.0 16.737 0
144019 17.812 10.0 16.737 0
144049 17.812 10.0 16.737 0
144120 17.812 10.0 16.737 0
144150 17.812 10.0 16.737 0
144221 17.875 10.0 16.737 0
144251 17.875 10.0 16.737 0
144322 17.875 10.0 16.737 0
144352 17.875 10.0 16.737 0
144423 17.875 10.0 16.737 0
144453 17.812 10.0 16.737 0
144523 17.812 10.0 16.737 0
144554 17.812 10.0 16.737 0
144624 17.812 10.0 16.737 0
144654 17.812 10.0 16.737 0
144725 17.812 10.0 16.737 0
144755 17.812 10.0 16.737 0
144825 17.812 10.0 16.737 0
144856 17.812 10.0 16.737 0
144926 17.812 10.0 16.737 0
144956 17.812 10.0 16.737 0
145027 17.812 10.0 16.737 0
145057 17.812 10.0 16.737 0
145128 17.812 10.0 16.737 0
145159 17.812 10.0 16.737 0
145229 17.875 10.0 16.737 0
145259 17.875 10.0 16.737 0
145330 17.875 10.0 16.737 0
145400 17.875 10.0 16.737 0
145433 17.875 10.0 16.737 0
145503 17.875 10.0 16.737 0
145534 17.875 10.0 16.737 0
145605 17.875 10.0 16.737 0
145635 17.875 10.0 16.737 0
145706 17.937 10.0 16.737 0
145736 17.937 10.0 16.737 0
145807 17.937 10.0 16.737 0
145838 17.937 10.0 16.737 0
145908 17.937 10.0 16.737 0
145939 17.937 10.0 16.737 0
150010 17.937 10.0 16.737 0
150040 17.937 10.0 16.737 0
150111 17.937 10.0 16.737 0
150142 17.937 10.0 16.737 0
150212 18.0 10.0 16.737 0
150242 18.0 10.0 16.737 0
150313 18.0 10.0 16.737 0
150343 18.0 10.0 16.737 0
150414 18.0 10.0 16.737 0
150444 18.0 10.0 16.737 0
150514 18.0 10.0 16.737 0
150544 18.0 10.0 16.737 0
150615 18.0 10.0 16.737 0
150646 18.0 10.0 16.737 0
150716 18.0 10.0 16.737 0
150746 18.0 10.0 16.737 0
150817 18.0 10.0 16.737 0
150847 18.0 10.0 16.737 0
150918 18.0 10.0 16.737 0
150948 18.062 10.0 16.737 0
151018 18.062 10.0 16.737 0
151049 18.062 10.0 16.737 0
151119 18.062 10.0 16.737 0
151150 18.062 10.0 16.737 0
151220 18.062 10.0 16.737 0
151250 18.062 10.0 16.737 0
151321 18.062 10.0 16.737 0
151351 18.062 10.0 16.737 0
151422 18.062 10.0 16.737 0
151452 18.125 10.0 16.737 0
151522 18.125 10.0 16.737 0
151552 18.125 10.0 16.737 0
151623 18.125 10.0 16.737 0
151654 18.125 10.0 16.737 0
151724 18.187 10.0 16.737 0
151754 18.187 10.0 16.737 0
151824 18.187 10.0 16.737 0
151855 18.187 10.0 16.737 0
151926 18.187 10.0 16.737 0
151956 18.187 10.0 16.737 0
152027 18.187 10.0 16.737 0
152057 18.187 10.0 16.737 0
152128 18.187 10.0 16.737 0
152159 18.187 10.0 16.737 0
152229 18.187 10.0 16.737 0
152300 18.187 10.0 16.737 0
152330 18.187 10.0 16.737 0
152401 18.187 10.0 16.737 0
152431 18.187 10.0 16.737 0
152501 18.25 10.0 16.737 0
152532 18.25 10.0 16.737 0
152602 18.25 10.0 16.737 0
152633 18.25 10.0 16.737 0
152704 18.25 10.0 16.737 0
152734 18.187 10.0 16.737 0
152805 18.187 10.0 16.737 0
152835 18.187 10.0 16.737 0
152906 18.187 10.0 16.737 0
152938 18.187 10.0 16.737 0
153009 18.187 10.0 16.737 0
153039 18.187 10.0 16.737 0
153110 18.187 10.0 16.737 0
153141 18.187 10.0 16.737 0
153211 18.25 10.0 16.737 0
153242 18.25 10.0 16.737 0
153313 18.25 10.0 16.737 0
153343 18.25 10.0 16.737 0
153414 18.25 10.0 16.737 0
153444 18.25 10.0 16.737 0
153515 18.25 10.0 16.737 0
153546 18.25 10.0 16.737 0
153616 18.25 10.0 16.737 0
153647 18.25 10.0 16.737 0
153717 18.25 10.0 16.737 0
153748 18.25 10.0 16.737 0
153818 18.25 10.0 16.737 0
153849 18.25 10.0 16.737 0
153919 18.25 10.0 16.737 0
153949 18.312 10.0 16.737 0
154020 18.312 10.0 16.737 0
154050 18.312 10.0 16.737 0
154121 18.312 10.0 16.737 0
154152 18.312 10.0 16.737 0
154222 18.312 10.0 16.737 0
154253 18.312 10.0 16.737 0
154323 18.312 10.0 16.737 0
154354 18.312 10.0 16.737 0
154424 18.312 10.0 16.737 0
154455 18.375 10.0 16.737 0
154526 18.375 10.0 16.737 0
154556 18.375 10.0 16.737 0
154627 18.375 10.0 16.737 0
154657 18.375 10.0 16.737 0
154728 18.437 10.0 16.737 0
154759 18.437 10.0 16.737 0
154829 18.437 10.0 16.737 0
154900 18.437 10.0 16.737 0
154931 18.437 10.0 16.737 0
155001 18.437 10.0 16.737 0
155032 18.437 10.0 16.737 0
155102 18.437 10.0 16.737 0
155132 18.437 10.0 16.737 0
155203 18.437 10.0 16.737 0
155234 18.437 10.0 16.737 0
155304 18.437 10.0 16.737 0
155334 18.437 10.0 16.737 0
155404 18.437 10.0 16.737 0
155435 18.437 10.0 16.737 0
155506 18.5 10.0 16.737 0
155537 18.5 10.0 16.737 0
155607 18.5 10.0 16.737 0
155637 18.5 10.0 16.737 0
155707 18.5 10.0 16.737 0
155737 18.5 10.0 16.737 0
155808 18.5 10.0 16.737 0
155839 18.5 10.0 16.737 0
155910 18.5 10.0 16.737 0
155942 18.5 10.0 16.737 0
160012 18.5 10.0 16.737 0
160043 18.5 10.0 16.737 0
160114 18.5 10.0 16.737 0
160144 18.5 10.0 16.737 0
160215 18.5 10.0 16.737 0
160246 18.5 10.0 16.737 0
160316 18.5 10.0 16.737 0
160346 18.5 10.0 16.737 0
160416 18.5 10.0 16.737 0
160447 18.5 10.0 16.737 0
160517 18.5 10.0 16.737 0
160547 18.5 10.0 16.737 0
160617 18.5 10.0 16.737 0
160648 18.5 10.0 16.737 0
160718 18.562 10.0 16.737 0
160749 18.562 10.0 16.737 0
160819 18.562 10.0 16.737 0
160850 18.562 10.0 16.737 0
160920 18.562 10.0 16.737 0
160951 18.625 10.0 16.737 0
161021 18.625 10.0 16.737 0
161051 18.625 10.0 16.737 0
161121 18.625 10.0 16.737 0
161152 18.625 10.0 16.737 0
161222 18.625 10.0 16.737 0
161252 18.625 10.0 16.737 0
161322 18.625 10.0 16.737 0
161353 18.625 10.0 16.737 0
161423 18.625 10.0 16.737 0
161453 18.625 10.0 16.737 0
161523 18.625 10.0 16.737 0
161554 18.625 10.0 16.737 0
161625 18.625 10.0 16.737 0
161655 18.625 10.0 16.737 0
161726 18.687 10.0 16.737 0
161757 18.687 10.0 16.737 0
161827 18.687 10.0 16.737 0
161858 18.687 10.0 16.737 0
161929 18.687 10.0 16.737 0
161959 18.687 10.0 16.737 0
162030 18.687 10.0 16.737 0
162100 18.687 10.0 16.737 0
162131 18.687 10.0 16.737 0
162201 18.687 10.0 16.737 0
162232 18.687 10.0 16.737 0
162302 18.687 10.0 16.737 0
162332 18.687 10.0 16.737 0
162403 18.687 10.0 16.737 0
162434 18.687 10.0 16.737 0
162504 18.687 10.0 16.737 0
162534 18.687 10.0 16.737 0
162605 18.687 10.0 16.737 0
162636 18.687 10.0 16.737 0
162706 18.687 10.0 16.737 0
162736 18.75 10.0 16.737 0
162807 18.75 10.0 16.737 0
162838 18.75 10.0 16.737 0
162908 18.75 10.0 16.737 0
162938 18.75 10.0 16.737 0
163009 18.812 10.0 16.737 0
163039 18.812 10.0 16.737 0
163110 18.812 10.0 16.737 0
163140 18.812 10.0 16.737 0
163211 18.812 10.0 16.737 0
163241 18.812 10.0 16.737 0
163312 18.812 10.0 16.737 0
163342 18.812 10.0 16.737 0
163413 18.812 10.0 16.737 0
163443 18.812 10.0 16.737 0
163513 18.812 10.0 16.737 0
163543 18.812 10.0 16.737 0
163614 18.812 10.0 16.737 0
163644 18.812 10.0 16.737 0
163717 18.937 10.0 16.737 0
163748 18.937 10.0 16.737 0
163818 18.937 10.0 16.737 0
163849 18.937 10.0 16.737 0
163920 18.937 10.0 16.737 0
163950 18.937 10.0 16.737 0
164021 18.937 10.0 16.737 0
164052 18.937 10.0 16.737 0
164122 18.937 10.0 16.737 0
164152 18.937 10.0 16.737 0
164223 18.937 10.0 16.737 0
164253 18.937 10.0 16.737 0
164324 18.937 10.0 16.737 0
164355 18.937 10.0 16.737 0
164426 18.937 10.0 16.737 0
164456 18.937 10.0 16.737 0
164527 18.937 10.0 16.737 0
164558 18.937 10.0 16.737 0
164628 18.937 10.0 16.737 0
164659 18.937 10.0 16.737 0
164730 19.062 10.0 16.737 0
164800 19.062 10.0 16.737 0
164830 19.062 10.0 16.737 0
164900 19.062 10.0 16.737 0
164931 19.062 10.0 16.737 0
165001 19.062 10.0 16.737 0
165031 19.062 10.0 16.737 0
165102 19.062 10.0 16.737 0
165132 19.062 10.0 16.737 0
165202 19.062 10.0 16.737 0
165233 19.125 10.0 16.737 0
165303 19.125 10.0 16.737 0
165334 19.125 10.0 16.737 0
165404 19.125 10.0 16.737 0
165435 19.125 10.0 16.737 0
165505 19.125 10.0 16.737 0
165535 19.125 10.0 16.737 0
165605 19.125 10.0 16.737 0
165636 19.125 10.0 16.737 0
165706 19.125 10.0 16.737 0
165737 19.187 10.0 16.737 0
165807 19.187 10.0 16.737 0
165838 19.187 10.0 16.737 0
165908 19.187 10.0 16.737 0
165938 19.187 10.0 16.737 0
170009 19.187 10.0 16.737 0
170039 19.187 10.0 16.737 0
170110 19.187 10.0 16.737 0
170140 19.187 10.0 16.737 0
170211 19.187 10.0 16.737 0
170241 19.187 10.0 16.737 0
170311 19.187 10.0 16.737 0
170342 19.187 10.0 16.737 0
170413 19.187 10.0 16.737 0
170443 19.187 10.0 16.737 0
170514 19.375 10.0 16.737 0
170545 19.375 10.0 16.737 0
170616 19.375 10.0 16.737 0
170646 19.375 10.0 16.737 0
170717 19.375 10.0 16.737 0
170747 19.375 10.0 16.737 0
170818 19.375 10.0 16.737 0
170848 19.375 10.0 16.737 0
170919 19.375 10.0 16.737 0
170952 19.375 10.0 16.737 0
171022 19.375 10.0 16.737 0
171053 19.375 10.0 16.737 0
171123 19.375 10.0 16.737 0
171154 19.375 10.0 16.737 0
171225 19.5 10.0 16.737 0
171255 19.5 10.0 16.737 0
171326 19.5 10.0 16.737 0
171356 19.5 10.0 16.737 0
171426 19.5 10.0 16.737 0
171457 19.562 10.0 16.737 0
171527 19.562 10.0 16.737 0
171557 19.562 10.0 16.737 0
171628 19.562 10.0 16.737 0
171659 19.562 10.0 16.737 0
171729 19.625 10.0 16.737 0
171800 19.625 10.0 16.737 0
171830 19.625 10.0 16.737 0
171901 19.625 10.0 16.737 0
171931 19.625 10.0 16.737 0
172002 19.562 10.0 16.737 0
172032 19.562 10.0 16.737 0
172102 19.562 10.0 16.737 0
172133 19.562 10.0 16.737 0
172204 19.562 10.0 16.737 0
172235 19.562 10.0 16.737 0
172305 19.562 10.0 16.737 0
172336 19.562 10.0 16.737 0
172407 19.562 10.0 16.737 0
172437 19.562 10.0 16.737 0
172507 19.625 10.0 16.737 0
172537 19.625 10.0 16.737 0
172608 19.625 10.0 16.737 0
172638 19.625 10.0 16.737 0
172708 19.625 10.0 16.737 0
172738 19.625 10.0 16.737 0
172808 19.625 10.0 16.737 0
172839 19.625 10.0 16.737 0
172910 19.625 10.0 16.737 0
172940 19.625 10.0 16.737 0
173011 19.625 10.0 16.737 0
173042 19.625 10.0 16.737 0
173112 19.625 10.0 16.737 0
173142 19.625 10.0 16.737 0
173213 19.625 10.0 16.737 0
173244 19.562 10.0 16.737 0
173314 19.562 10.0 16.737 0
173344 19.562 10.0 16.737 0
173415 19.562 10.0 16.737 0
173446 19.562 10.0 16.737 0
173517 19.5 10.0 16.737 0
173547 19.5 10.0 16.737 0
173618 19.5 10.0 16.737 0
173648 19.5 10.0 16.737 0
173719 19.5 10.0 16.737 0
173749 19.5 10.0 16.737 0
173820 19.5 10.0 16.737 0
173851 19.5 10.0 16.737 0
173921 19.5 10.0 16.737 0
173952 19.5 10.0 16.737 0
174022 19.5 10.0 16.737 0
174053 19.5 10.0 16.737 0
174123 19.5 10.0 16.737 0
174154 19.5 10.0 16.737 0
174227 19.5 10.0 16.737 0
174258 19.5 10.0 16.737 0
174328 19.5 10.0 16.737 0
174359 19.5 10.0 16.737 0
174429 19.5 10.0 16.737 0
174459 19.562 10.0 16.737 0
174530 19.562 10.0 16.737 0
174601 19.562 10.0 16.737 0
174631 19.562 10.0 16.737 0
174702 19.562 10.0 16.737 0
174732 19.562 10.0 16.737 0
174803 19.562 10.0 16.737 0
174833 19.562 10.0 16.737 0
174904 19.562 10.0 16.737 0
174934 19.562 10.0 16.737 0
175004 19.625 10.0 16.737 0
175035 19.625 10.0 16.737 0
175105 19.625 10.0 16.737 0
175135 19.625 10.0 16.737 0
175206 19.625 10.0 16.737 0
175236 19.687 10.0 16.737 0
175307 19.687 10.0 16.737 0
175337 19.687 10.0 16.737 0
175408 19.687 10.0 16.737 0
175438 19.687 10.0 16.737 0
175509 19.75 10.0 16.737 0
175540 19.75 10.0 16.737 0
175610 19.75 10.0 16.737 0
175640 19.75 10.0 16.737 0
175711 19.75 10.0 16.737 0
175741 19.687 10.0 16.737 0
175812 19.687 10.0 16.737 0
175843 19.687 10.0 16.737 0
175913 19.687 10.0 16.737 0
175944 19.687 10.0 16.737 0
180014 19.812 10.0 16.737 0
180044 19.812 10.0 16.737 0
180115 19.812 10.0 16.737 0
180145 19.812 10.0 16.737 0
180215 19.812 10.0 16.737 0
180246 19.937 10.0 16.737 0
180317 19.937 10.0 16.737 0
180347 19.937 10.0 16.737 0
180417 19.937 10.0 16.737 0
180448 19.937 10.0 16.737 0
180518 20.125 10.0 16.737 0
180549 20.125 10.0 16.737 0
180619 20.125 10.0 16.737 0
180649 20.125 10.0 16.737 0
180719 20.125 10.0 16.737 0
180750 20.0 10.0 16.737 0
180820 20.0 10.0 16.737 0
180851 20.0 10.0 16.737 0
180922 20.0 10.0 16.737 0
180952 20.0 10.0 16.737 0
181023 20.062 10.0 16.737 0
181053 20.062 10.0 16.737 0
181123 20.062 10.0 16.737 0
181154 20.062 10.0 16.737 0
181224 20.062 10.0 16.737 0
181255 20.187 10.0 16.737 0
181325 20.187 10.0 16.737 0
181355 20.187 10.0 16.737 0
181426 20.187 10.0 16.737 0
181456 20.187 10.0 16.737 0
181527 20.187 10.0 16.737 0
181557 20.187 10.0 16.737 0
181627 20.187 10.0 16.737 0
181658 20.187 10.0 16.737 0
181728 20.187 10.0 16.737 0
181758 20.187 10.0 16.737 0
181829 20.187 10.0 16.737 0
181900 20.187 10.0 16.737 0
181930 20.187 10.0 16.737 0
182002 20.125 10.0 16.737 0
182033 20.125 10.0 16.737 0
182103 20.125 10.0 16.737 0
182134 20.125 10.0 16.737 0
182205 20.125 10.0 16.737 0
182235 20.062 10.0 16.737 0
182305 20.062 10.0 16.737 0
182335 20.062 10.0 16.737 0
182406 20.062 10.0 16.737 0
182437 20.062 10.0 16.737 0
182507 20.062 10.0 16.737 0
182538 20.062 10.0 16.737 0
182608 20.062 10.0 16.737 0
182639 20.062 10.0 16.737 0
182709 20.062 10.0 16.737 0
182740 20.0 10.0 16.737 0
182810 20.0 10.0 16.737 0
182840 20.0 10.0 16.737 0
182911 20.0 10.0 16.737 0
182941 20.0 10.0 16.737 0
183011 19.937 10.0 16.737 0
183042 19.937 10.0 16.737 0
183113 19.937 10.0 16.737 0
183143 19.937 10.0 16.737 0
183214 19.937 10.0 16.737 0
183245 20.0 10.0 16.737 0
183315 20.0 10.0 16.737 0
183346 20.0 10.0 16.737 0
183416 20.0 10.0 16.737 0
183447 20.0 10.0 16.737 0
183518 19.937 10.0 16.737 0
183548 19.937 10.0 16.737 0
183619 19.937 10.0 16.737 0
183649 19.937 10.0 16.737 0
183720 19.937 10.0 16.737 0
183751 19.875 10.0 16.737 0
183822 19.875 10.0 16.737 0
183852 19.875 10.0 16.737 0
183922 19.875 10.0 16.737 0
183953 19.875 10.0 16.737 0
184023 19.875 10.0 16.737 0
184054 19.875 10.0 16.737 0
184124 19.875 10.0 16.737 0
184154 19.875 10.0 16.737 0
184225 19.875 10.0 16.737 0
184255 19.875 10.0 16.737 0
184326 19.875 10.0 16.737 0
184356 19.875 10.0 16.737 0
184426 19.875 10.0 16.737 0
184457 19.875 10.0 16.737 0
184528 19.875 10.0 16.737 0
184558 19.875 10.0 16.737 0
184629 19.875 10.0 16.737 0
184700 19.875 10.0 16.737 0
184730 19.875 10.0 16.737 0
184801 19.875 10.0 16.737 0
184832 19.875 10.0 16.737 0
184903 19.875 10.0 16.737 0
184933 19.875 10.0 16.737 0
185005 19.812 10.0 16.737 0
185036 19.812 10.0 16.737 0
185106 19.812 10.0 16.737 0
185137 19.812 10.0 16.737 0
185207 19.812 10.0 16.737 0
185238 19.75 10.0 16.737 0
185308 19.75 10.0 16.737 0
185339 19.75 10.0 16.737 0
185409 19.75 10.0 16.737 0
185440 19.75 10.0 16.737 0
185510 19.75 10.0 16.737 0
185541 19.75 10.0 16.737 0
185611 19.75 10.0 16.737 0
185642 19.75 10.0 16.737 0
185712 19.75 10.0 16.737 0
185742 19.812 10.0 16.737 0
185813 19.812 10.0 16.737 0
185844 19.812 10.0 16.737 0
185915 19.812 10.0 16.737 0
185945 19.812 10.0 16.737 0
190015 19.812 10.0 16.737 0
190046 19.812 10.0 16.737 0
190116 19.812 10.0 16.737 0
190147 19.812 10.0 16.737 0
190217 19.812 10.0 16.737 0
190248 19.75 10.0 16.737 0
190318 19.75 10.0 16.737 0
190349 19.75 10.0 16.737 0
190420 19.75 10.0 16.737 0
190450 19.75 10.0 16.737 0
190520 19.687 10.0 16.737 0
190550 19.687 10.0 16.737 0
190621 19.687 10.0 16.737 0
190651 19.687 10.0 16.737 0
190721 19.687 10.0 16.737 0
190752 19.625 10.0 16.737 0
190822 19.625 10.0 16.675 0
190852 19.625 10.0 16.737 0
190923 19.625 10.0 16.737 0
190954 19.625 10.0 16.737 0
191024 19.625 10.0 16.737 0
191055 19.625 10.0 16.737 0
191125 19.625 10.0 16.737 0
191156 19.625 10.0 16.737 0
191226 19.625 10.0 16.737 0
191256 19.562 10.0 16.737 0
191327 19.562 10.0 16.737 0
191357 19.562 10.0 16.737 0
191428 19.562 10.0 16.737 0
191458 19.562 10.0 16.737 0
191528 19.562 10.0 16.737 0
191559 19.562 10.0 16.737 0
191629 19.562 10.0 16.737 0
191659 19.562 10.0 16.737 0
191729 19.562 10.0 16.737 0
191800 19.562 10.0 16.737 0
191831 19.562 10.0 16.737 0
191901 19.562 10.0 16.675 0
191932 19.562 10.0 16.737 0
192002 19.562 10.0 16.737 0
192032 19.562 10.0 16.737 0
192102 19.562 10.0 16.737 0
192132 19.562 10.0 16.737 0
192203 19.562 10.0 16.737 0
192233 19.562 10.0 16.737 0
192304 19.562 10.0 16.737 0
192334 19.562 10.0 16.737 0
192404 19.562 10.0 16.737 0
192435 19.562 10.0 16.737 0
192505 19.562 10.0 16.737 0
192536 19.562 10.0 16.737 0
192606 19.562 10.0 16.737 0
192637 19.562 10.0 16.737 0
192708 19.562 10.0 16.737 0
192740 19.562 10.0 16.737 0
192811 19.562 10.0 16.737 0
192841 19.562 10.0 16.737 0
192912 19.562 10.0 16.737 0
192942 19.562 10.0 16.737 0
193013 19.562 10.0 16.737 0
193043 19.562 10.0 16.737 0
193113 19.562 10.0 16.737 0
193143 19.562 10.0 16.737 0
193214 19.562 10.0 16.737 0
193245 19.5 10.0 16.737 0
193316 19.5 10.0 16.737 0
193346 19.5 10.0 16.737 0
193416 19.5 10.0 16.737 0
193447 19.5 10.0 16.737 0
193517 19.5 10.0 16.737 0
193547 19.5 10.0 16.737 0
193618 19.5 10.0 16.737 0
193648 19.5 10.0 16.737 0
193718 19.5 10.0 16.737 0
193748 19.437 10.0 16.675 0
193819 19.437 10.0 16.737 0
193849 19.437 10.0 16.737 0
193919 19.437 10.0 16.737 0
193950 19.437 10.0 16.737 0
194020 19.375 10.0 16.737 0
194051 19.375 10.0 16.737 0
194121 19.375 10.0 16.737 0
194151 19.375 10.0 16.737 0
194221 19.375 10.0 16.737 0
194251 19.312 10.0 16.737 0
194321 19.312 10.0 16.737 0
194352 19.312 10.0 16.737 0
194423 19.312 10.0 16.737 0
194453 19.312 10.0 16.737 0
194524 19.25 10.0 16.737 0
194554 19.25 10.0 16.737 0
194624 19.25 10.0 16.737 0
194655 19.25 10.0 16.737 0
194726 19.25 10.0 16.737 0
194756 19.187 10.0 16.737 0
194827 19.187 10.0 16.737 0
194857 19.187 10.0 16.737 0
194928 19.187 10.0 16.737 0
194958 19.187 10.0 16.737 0
195029 19.125 10.0 16.737 0
195059 19.125 10.0 16.737 0
195129 19.125 10.0 16.737 0
195200 19.125 10.0 16.737 0
195230 19.125 10.0 16.737 0
195301 19.062 10.0 16.675 0
195331 19.062 10.0 16.737 0
195401 19.062 10.0 16.737 0
195431 19.062 10.0 16.737 0
195502 19.062 10.0 16.737 0
195532 19.062 10.0 16.737 0
195602 19.062 10.0 16.737 0
195633 19.062 10.0 16.737 0
195703 19.062 10.0 16.737 0
195734 19.062 10.0 16.737 0
195804 19.0 10.0 16.737 0
195835 19.0 10.0 16.675 0
195906 19.0 10.0 16.737 0
195936 19.0 10.0 16.737 0
200007 19.0 10.0 16.737 0
200037 19.0 10.0 16.737 0
200107 19.0 10.0 16.737 0
200137 19.0 10.0 16.737 0
200207 19.0 10.0 16.737 0
200237 19.0 10.0 16.737 0
200308 19.0 10.0 16.737 0
200339 19.0 10.0 16.675 0
200409 19.0 10.0 16.737 0
200440 19.0 10.0 16.737 0
200511 19.0 10.0 16.737 0
200542 18.937 10.0 16.737 0
200612 18.937 10.0 16.737 0
200642 18.937 10.0 16.737 0
200713 18.937 10.0 16.737 0
200745 18.875 10.0 16.737 0
200815 18.875 10.0 16.737 0
200846 18.875 10.0 16.737 0
200916 18.875 10.0 16.737 0
200947 18.875 10.0 16.737 0
201017 18.875 10.0 16.675 0
201048 18.875 10.0 16.737 0
201118 18.875 10.0 16.737 0
201148 18.875 10.0 16.737 0
201219 18.875 10.0 16.737 0
201250 18.812 10.0 16.737 0
201321 18.812 10.0 16.675 0
201351 18.812 10.0 16.737 0
201422 18.812 10.0 16.737 0
201453 18.812 10.0 16.737 0
201523 18.812 10.0 16.737 0
201554 18.812 10.0 16.737 0
201624 18.812 10.0 16.675 0
201655 18.812 10.0 16.737 0
201726 18.812 10.0 16.737 0
201757 18.812 10.0 16.737 0
201827 18.812 10.0 16.737 0
201857 18.812 10.0 16.737 0
201928 18.812 10.0 16.737 0
201958 18.812 10.0 16.737 0
202028 18.875 10.0 16.737 0
202059 18.875 10.0 16.737 0
202129 18.875 10.0 16.737 0
202159 18.875 10.0 16.737 0
202230 18.875 10.0 16.737 0
202300 18.812 10.0 16.737 0
202330 18.812 10.0 16.737 0
202400 18.812 10.0 16.737 0
202431 18.812 10.0 16.737 0
202501 18.812 10.0 16.737 0
202532 18.812 10.0 16.737 0
202602 18.812 10.0 16.737 0
202633 18.812 10.0 16.737 0
202703 18.812 10.0 16.737 0
202733 18.812 10.0 16.737 0
202803 18.812 10.0 16.737 0
202833 18.812 10.0 16.737 0
202903 18.812 10.0 16.737 0
202933 18.812 10.0 16.737 0
203004 18.812 10.0 16.737 0
203034 18.812 10.0 16.675 0
203104 18.812 10.0 16.737 0
203135 18.812 10.0 16.737 0
203205 18.812 10.0 16.737 0
203235 18.812 10.0 16.675 0
203306 18.75 10.0 16.737 0
203336 18.75 10.0 16.737 0
203407 18.75 10.0 16.737 0
203437 18.75 10.0 16.737 0
203507 18.75 10.0 16.737 0
203537 18.75 10.0 16.737 0
203607 18.75 10.0 16.675 0
203638 18.75 10.0 16.675 0
203708 18.75 10.0 16.737 0
203738 18.75 10.0 16.675 0
203809 18.812 10.0 16.737 0
203839 18.812 10.0 16.675 0
203910 18.812 10.0 16.737 0
203940 18.812 10.0 16.675 0
204010 18.812 10.0 16.737 0
204041 18.812 10.0 16.737 0
204112 18.812 10.0 16.737 0
204142 18.812 10.0 16.675 0
204212 18.812 10.0 16.737 0
204242 18.812 10.0 16.737 0
204313 18.812 10.0 16.737 0
204344 18.812 10.0 16.737 0
204414 18.812 10.0 16.675 0
204445 18.812 10.0 16.675 0
204515 18.812 10.0 16.737 0
204546 18.812 10.0 16.675 0
204616 18.812 10.0 16.675 0
204646 18.812 10.0 16.737 0
204717 18.812 10.0 16.737 0
204750 18.75 10.0 16.737 0
204821 18.75 10.0 16.737 0
204851 18.75 10.0 16.675 0
204922 18.75 10.0 16.737 0
204952 18.75 10.0 16.675 0
205023 18.75 10.0 16.675 0
205054 18.75 10.0 16.737 0
205124 18.75 10.0 16.737 0
205155 18.75 10.0 16.675 0
205225 18.75 10.0 16.675 0
205256 18.75 10.0 16.675 0
205327 18.75 10.0 16.737 0
205357 18.75 10.0 16.675 0
205428 18.75 10.0 16.675 0
205459 18.75 10.0 16.675 0
205529 18.75 10.0 16.675 0
205559 18.75 10.0 16.675 0
205630 18.75 10.0 16.675 0
205701 18.75 10.0 16.675 0
205731 18.75 10.0 16.737 0
205802 18.812 10.0 16.675 0
205833 18.812 10.0 16.675 0
205904 18.812 10.0 16.675 0
205934 18.812 10.0 16.737 0
210005 18.812 10.0 16.675 0
210036 18.875 10.0 16.675 0
210106 18.875 10.0 16.737 0
210137 18.875 10.0 16.675 0
210207 18.875 10.0 16.737 0
210237 18.875 10.0 16.675 0
210308 18.875 10.0 16.737 0
210338 18.875 10.0 16.675 0
210409 18.875 10.0 16.737 0
210440 18.875 10.0 16.675 0
210510 18.875 10.0 16.737 0
210541 18.875 10.0 16.675 0
210612 18.875 10.0 16.675 0
210642 18.875 10.0 16.737 0
210712 18.875 10.0 16.675 0
210743 18.875 10.0 16.737 0
210814 18.937 10.0 16.675 0
210844 18.937 10.0 16.675 0
210914 18.937 10.0 16.737 0
210944 18.937 10.0 16.675 0
211015 18.937 10.0 16.675 0
211045 18.937 10.0 16.737 0
211115 18.937 10.0 16.675 0
211145 18.937 10.0 16.737 0
211216 18.937 10.0 16.675 0
211246 18.937 10.0 16.675 0
211316 18.937 10.0 16.675 0
211346 18.937 10.0 16.675 0
211416 18.937 10.0 16.675 0
211446 18.937 10.0 16.675 0
211516 18.937 10.0 16.737 0
211546 19.0 10.0 16.737 0
211617 19.0 10.0 16.675 0
211647 19.0 10.0 16.675 0
211717 19.0 10.0 16.675 0
211748 19.0 10.0 16.675 0
211818 19.0 10.0 16.675 0
211849 19.0 10.0 16.675 0
211919 19.0 10.0 16.737 0
211950 19.0 10.0 16.737 0
212020 19.0 10.0 16.675 0
212050 19.062 10.0 16.675 0
212121 19.062 10.0 16.737 0
212151 19.062 10.0 16.675 0
212222 19.062 10.0 16.737 0
212252 19.062 10.0 16.737 0
212322 19.125 10.0 16.737 0
212353 19.125 10.0 16.737 0
212424 19.125 10.0 16.737 0
212454 19.125 10.0 16.675 0
212524 19.125 10.0 16.737 0
212555 19.187 10.0 16.675 0
212626 19.187 10.0 16.675 0
212656 19.187 10.0 16.675 0
212727 19.187 10.0 16.675 0
212758 19.25 10.0 16.675 0
212828 19.25 10.0 16.675 0
212859 19.25 10.0 16.675 0
212929 19.25 10.0 16.675 0
212959 19.25 10.0 16.675 0
213030 19.312 10.0 16.675 0
213100 19.312 10.0 16.737 0
213130 19.312 10.0 16.737 0
213200 19.312 10.0 16.675 0
213230 19.312 10.0 16.675 0
213301 19.375 10.0 16.675 0
213331 19.375 10.0 16.675 0
213401 19.375 10.0 16.675 0
213431 19.375 10.0 16.675 0
213502 19.375 10.0 16.675 0
213532 19.437 10.0 16.675 0
213603 19.437 10.0 16.675 0
213633 19.437 10.0 16.675 0
213704 19.437 10.0 16.675 0
213735 19.437 10.0 16.737 0
213805 19.5 10.0 16.675 0
213836 19.5 10.0 16.675 0
213907 19.5 10.0 16.675 0
213937 19.5 10.0 16.675 0
214008 19.5 10.0 16.675 0
214038 19.5 10.0 16.675 0
214109 19.5 10.0 16.675 0
214139 19.5 10.0 16.675 0
214210 19.5 10.0 16.675 0
214241 19.5 10.0 16.675 0
214311 19.5 10.0 16.675 0
214342 19.5 10.0 16.675 0
214413 19.5 10.0 16.675 0
214443 19.5 10.0 16.675 0
214513 19.5 10.0 16.675 0
214544 19.5 10.0 16.675 0
214615 19.5 10.0 16.675 0
214646 19.5 10.0 16.675 0
214716 19.5 10.0 16.675 0
214747 19.5 10.0 16.675 0
214817 19.562 10.0 16.675 0
214847 19.562 10.0 16.675 0
214917 19.562 10.0 16.675 0
214947 19.562 10.0 16.675 0
215018 19.562 10.0 16.675 0
215048 19.562 10.0 16.675 0
215119 19.562 10.0 16.675 0
215150 19.562 10.0 16.675 0
215220 19.562 10.0 16.675 0
215251 19.562 10.0 16.675 0
215322 19.562 10.0 16.675 0
215352 19.562 10.0 16.675 0
215423 19.562 10.0 16.675 0
215453 19.562 10.0 16.675 0
215524 19.562 10.0 16.675 0
215554 19.625 10.0 16.675 0
215625 19.625 10.0 16.675 0
215656 19.625 10.0 16.675 0
215726 19.625 10.0 16.675 0
215757 19.625 10.0 16.675 0
215827 19.625 10.0 16.675 0
215858 19.625 10.0 16.675 0
215929 19.625 10.0 16.675 0
215959 19.625 10.0 16.675 0
220032 19.687 10.0 16.675 0
220103 19.687 10.0 16.675 0
220133 19.687 10.0 16.675 0
220204 19.687 10.0 16.675 0
220235 19.687 10.0 16.675 0
220305 19.687 10.0 16.675 0
220336 19.687 10.0 16.675 0
220406 19.687 10.0 16.675 0
220436 19.687 10.0 16.675 0
220507 19.687 10.0 16.675 0
220537 19.687 10.0 16.675 0
220607 19.687 10.0 16.675 0
220638 19.687 10.0 16.675 0
220709 19.687 10.0 16.675 0
220739 19.687 10.0 16.675 0
220809 19.625 10.0 16.675 0
220840 19.625 10.0 16.675 0
220911 19.625 10.0 16.675 0
220941 19.625 10.0 16.675 0
221011 19.625 10.0 16.675 0
221042 19.562 10.0 16.675 0
221112 19.562 10.0 16.675 0
221142 19.562 10.0 16.675 0
221213 19.562 10.0 16.675 0
221243 19.562 10.0 16.675 0
221314 19.562 10.0 16.675 0
221345 19.562 10.0 16.675 0
221415 19.562 10.0 16.675 0
221446 19.562 10.0 16.675 0
221517 19.562 10.0 16.675 0
221547 19.5 10.0 16.675 0
221618 19.5 10.0 16.675 0
221649 19.5 10.0 16.675 0
221719 19.5 10.0 16.675 0
221749 19.5 10.0 16.675 0
221820 19.5 10.0 16.675 0
221850 19.5 10.0 16.675 0
221921 19.5 10.0 16.675 0
221952 19.5 10.0 16.675 0
222022 19.5 10.0 16.675 0
222053 19.562 10.0 16.675 0
222123 19.562 10.0 16.675 0
222154 19.562 10.0 16.675 0
222224 19.562 10.0 16.675 0
222254 19.562 10.0 16.675 0
222324 19.562 10.0 16.675 0
222355 19.562 10.0 16.675 0
222426 19.562 10.0 16.675 0
222456 19.562 10.0 16.675 0
222527 19.562 10.0 16.675 0
222558 19.5 10.0 16.675 0
222629 19.5 10.0 16.675 0
222659 19.5 10.0 16.675 0
222730 19.5 10.0 16.675 0
222801 19.5 10.0 16.675 0
222832 19.5 10.0 16.675 0
222903 19.5 10.0 16.675 0
222934 19.5 10.0 16.675 0
223004 19.5 10.0 16.675 0
223036 19.5 10.0 16.675 0
223106 19.5 10.0 16.675 0
223136 19.5 10.0 16.675 0
223206 19.5 10.0 16.675 0
223237 19.5 10.0 16.675 0
223308 19.5 10.0 16.675 0
223338 19.5 10.0 16.675 0
223409 19.5 10.0 16.675 0
223439 19.5 10.0 16.675 0
223510 19.5 10.0 16.675 0
223541 19.5 10.0 16.675 0
223612 19.5 10.0 16.675 0
223642 19.5 10.0 16.675 0
223713 19.5 10.0 16.675 0
223743 19.5 10.0 16.675 0
223813 19.5 10.0 16.675 0
223844 19.5 10.0 16.675 0
223915 19.5 10.0 16.675 0
223946 19.5 10.0 16.675 0
224016 19.5 10.0 16.675 0
224047 19.5 10.0 16.675 0
224117 19.5 10.0 16.675 0
224147 19.5 10.0 16.675 0
224218 19.5 10.0 16.675 0
224249 19.5 10.0 16.675 0
224319 19.5 10.0 16.675 0
224350 19.5 10.0 16.675 0
224420 19.5 10.0 16.675 0
224451 19.5 10.0 16.675 0
224521 19.5 10.0 16.675 0
224551 19.5 10.0 16.675 0
224622 19.5 10.0 16.675 0
224653 19.5 10.0 16.675 0
224723 19.5 10.0 16.675 0
224754 19.5 10.0 16.675 0
224824 19.437 10.0 16.675 0
224854 19.437 10.0 16.675 0
224925 19.437 10.0 16.675 0
224955 19.437 10.0 16.675 0
225025 19.437 10.0 16.675 0
225056 19.437 10.0 16.675 0
225127 19.437 10.0 16.675 0
225157 19.437 10.0 16.675 0
225227 19.437 10.0 16.675 0
225258 19.437 10.0 16.675 0
225328 19.375 10.0 16.675 0
225359 19.375 10.0 16.675 0
225430 19.375 10.0 16.675 0
225500 19.375 10.0 16.675 0
225531 19.375 10.0 16.675 0
225601 19.375 10.0 16.675 0
225631 19.375 10.0 16.675 0
225702 19.375 10.0 16.675 0
225733 19.375 10.0 16.675 0
225803 19.375 10.0 16.675 0
225833 19.312 10.0 16.675 0
225903 19.312 10.0 16.675 0
225934 19.312 10.0 16.675 0
230004 19.312 10.0 16.675 0
230034 19.312 10.0 16.675 0
230105 19.312 10.0 16.675 0
230135 19.312 10.0 16.675 0
230206 19.312 10.0 16.675 0
230237 19.312 10.0 16.675 0
230310 19.312 10.0 16.675 0
230340 19.312 10.0 16.675 0
230411 19.312 10.0 16.675 0
230442 19.312 10.0 16.675 0
230512 19.312 10.0 16.675 0
230543 19.25 10.0 16.675 0
230614 19.25 10.0 16.675 0
230644 19.25 10.0 16.675 0
230715 19.25 10.0 16.675 0
230746 19.25 10.0 16.675 0
230816 19.25 10.0 16.675 0
230847 19.25 10.0 16.675 0
230917 19.25 10.0 16.675 0
230948 19.25 10.0 16.675 0
231018 19.25 10.0 16.675 0
231048 19.25 10.0 16.675 0
231119 19.25 10.0 16.675 0
231149 19.25 10.0 16.675 0
231220 19.25 10.0 16.675 0
231250 19.25 10.0 16.675 0
231321 19.187 10.0 16.675 0
231351 19.187 10.0 16.675 0
231422 19.187 10.0 16.675 0
231452 19.187 10.0 16.675 0
231523 19.187 10.0 16.675 0
231553 19.25 10.0 16.675 0
231624 19.25 10.0 16.675 0
231655 19.25 10.0 16.675 0
231726 19.25 10.0 16.675 0
231756 19.25 10.0 16.675 0
231826 19.25 10.0 16.675 0
231857 19.25 10.0 16.675 0
231927 19.25 10.0 16.675 0
231957 19.25 10.0 16.675 0
232028 19.25 10.0 16.675 0
232058 19.25 10.0 16.675 0
232129 19.25 10.0 16.675 0
232159 19.25 10.0 16.675 0
232230 19.25 10.0 16.675 0
232300 19.25 10.0 16.675 0
232331 19.25 10.0 16.675 0
232401 19.25 10.0 16.675 0
232431 19.25 10.0 16.675 0
232502 19.25 10.0 16.675 0
232532 19.25 10.0 16.675 0
232603 19.25 10.0 16.675 0
232633 19.25 10.0 16.675 0
232704 19.25 10.0 16.675 0
232735 19.25 10.0 16.675 0
232805 19.25 10.0 16.675 0
232836 19.25 10.0 16.675 0
232907 19.25 10.0 16.675 0
232937 19.25 10.0 16.675 0
233008 19.25 10.0 16.675 0
233038 19.25 10.0 16.675 0
233108 19.25 10.0 16.675 0
233138 19.25 10.0 16.675 0
233209 19.25 10.0 16.675 0
233239 19.25 10.0 16.675 0
233310 19.25 10.0 16.675 0
233340 19.25 10.0 16.675 0
233410 19.25 10.0 16.675 0
233441 19.25 10.0 16.675 0
233512 19.25 10.0 16.675 0
233543 19.187 10.0 16.675 0
233614 19.187 10.0 16.675 0
233644 19.187 10.0 16.675 0
233714 19.187 10.0 16.675 0
233744 19.187 10.0 16.675 0
233815 19.187 10.0 16.675 0
233845 19.187 10.0 16.675 0
233915 19.187 10.0 16.675 0
233946 19.187 10.0 16.675 0
234017 19.187 10.0 16.675 0
234047 19.125 10.0 16.675 0
234117 19.125 10.0 16.675 0
234147 19.125 10.0 16.675 0
234218 19.125 10.0 16.675 0
234248 19.125 10.0 16.675 0
234318 19.125 10.0 16.675 0
234349 19.125 10.0 16.675 0
234420 19.125 10.0 16.675 0
234450 19.125 10.0 16.675 0
234520 19.125 10.0 16.675 0
234550 19.062 10.0 16.675 0
234621 19.062 10.0 16.675 0
234652 19.062 10.0 16.675 0
234722 19.062 10.0 16.675 0
234753 19.062 10.0 16.675 0
234823 19.062 10.0 16.675 0
234853 19.062 10.0 16.675 0
234924 19.062 10.0 16.675 0
234955 19.062 10.0 16.675 0
235026 19.062 10.0 16.675 0
235056 19.0 10.0 16.675 0
235126 19.0 10.0 16.675 0
235156 19.0 10.0 16.675 0
235227 19.0 10.0 16.675 0
235257 19.0 10.0 16.675 0
235327 18.937 10.0 16.675 0
235358 18.937 10.0 16.675 0
235428 18.937 10.0 16.675 0
235458 18.937 10.0 16.675 0
235528 18.937 10.0 16.675 0
235559 18.875 10.0 16.675 0
235629 18.875 10.0 16.675 0
235700 18.875 10.0 16.675 0
235730 18.875 10.0 16.675 0
235800 18.875 10.0 16.675 0
235831 18.875 10.0 16.675 0
235901 18.875 10.0 16.675 0
