235918 19.0 10.0 30.237 0
235948 19.0 10.0 30.237 0
000019 19.0 10.0 30.237 0
000049 19.0 10.0 30.237 0
000120 19.0 10.0 30.237 0
000151 19.0 10.0 30.175 0
000221 19.0 10.0 30.175 0
000252 19.0 10.0 30.175 0
000323 19.0 10.0 30.175 0
000353 19.0 10.0 30.175 0
000424 19.0 10.0 30.175 0
000454 19.0 10.0 30.175 0
000525 19.0 10.0 30.175 0
000555 19.0 10.0 30.175 0
000626 19.0 10.0 30.175 0
000657 19.0 10.0 30.175 0
000728 19.0 10.0 30.112 0
000758 19.0 10.0 30.112 0
000829 19.0 10.0 30.112 0
000859 19.0 10.0 30.112 0
000930 19.0 10.0 30.112 0
001000 19.0 10.0 30.112 0
001031 19.0 10.0 30.112 0
001102 19.0 10.0 30.112 0
001132 19.0 10.0 30.112 0
001203 19.0 10.0 30.112 0
001233 19.0 10.0 30.112 0
001304 19.0 10.0 30.05 0
001335 19.0 10.0 30.05 0
001406 19.0 10.0 30.05 0
001436 19.0 10.0 30.05 0
001506 19.0 10.0 30.05 0
001537 19.0 10.0 30.05 0
001608 19.0 10.0 30.05 0
001638 19.0 10.0 30.05 0
001709 19.0 10.0 30.05 0
001740 19.0 10.0 29.987 0
001810 19.0 10.0 29.987 0
001841 19.0 10.0 29.987 0
001913 19.0 10.0 29.987 0
001944 19.0 10.0 29.987 0
002015 19.0 10.0 29.987 0
002045 19.0 10.0 29.987 0
002115 19.0 10.0 29.987 0
002145 19.0 10.0 29.987 0
002215 19.0 10.0 29.925 0
002246 19.0 10.0 29.925 0
002316 19.0 10.0 29.925 0
002346 19.0 10.0 29.925 0
002417 18.937 10.0 29.925 0
002447 18.937 10.0 29.925 0
002517 18.937 10.0 29.925 0
002548 18.937 10.0 29.925 0
002618 18.937 10.0 29.925 0
002648 18.937 10.0 29.925 0
002719 18.937 10.0 29.925 0
002749 18.937 10.0 29.862 0
002820 18.937 10.0 29.862 0
002851 18.937 10.0 29.862 0
002921 18.937 10.0 29.862 0
002951 18.937 10.0 29.862 0
003022 18.937 10.0 29.862 0
003052 18.937 10.0 29.862 0
003123 18.937 10.0 29.862 0
003154 18.937 10.0 29.862 0
003224 18.937 10.0 29.862 0
003255 18.937 10.0 29.862 0
003326 18.937 10.0 29.8 0
003356 18.937 10.0 29.8 0
003427 18.937 10.0 29.8 0
003457 18.937 10.0 29.8 0
003528 18.937 10.0 29.8 0
003558 18.937 10.0 29.8 0
003629 18.937 10.0 29.8 0
003700 18.937 10.0 29.8 0
003730 18.937 10.0 29.8 0
003801 18.937 10.0 29.8 0
003831 18.937 10.0 29.737 0
003902 18.937 10.0 29.737 0
003932 18.937 10.0 29.737 0
004003 18.937 10.0 29.737 0
004033 18.937 10.0 29.737 0
004104 18.937 10.0 29.737 0
004135 18.937 10.0 29.737 0
004205 18.937 10.0 29.737 0
004236 18.937 10.0 29.737 0
004306 18.937 10.0 29.737 0
004337 18.937 10.0 29.737 0
004407 18.937 10.0 29.675 0
004437 18.875 10.0 29.675 0
004508 18.875 10.0 29.675 0
004538 18.875 10.0 29.675 0
004609 18.875 10.0 29.675 0
004639 18.875 10.0 29.675 0
004710 18.937 10.0 29.675 0
004740 18.937 10.0 29.675 0
004811 18.937 10.0 29.675 0
004841 18.937 10.0 29.612 0
004911 18.937 10.0 29.612 0
004942 18.937 10.0 29.612 0
005013 18.937 10.0 29.612 0
005044 18.937 10.0 29.612 0
005114 18.937 10.0 29.612 0
005147 18.937 10.0 29.612 0
005218 18.937 10.0 29.612 0
005248 18.937 10.0 29.612 0
005318 18.937 10.0 29.55 0
005348 18.937 10.0 29.55 0
005419 18.875 10.0 29.55 0
005449 18.875 10.0 29.55 0
005519 18.875 10.0 29.55 0
005550 18.875 10.0 29.55 0
005621 18.875 10.0 29.55 0
005651 18.937 10.0 29.55 0
005722 18.937 10.0 29.55 0
005753 18.937 10.0 29.55 0
005823 18.937 10.0 29.55 0
005854 18.937 10.0 29.55 0
005925 18.875 10.0 29.487 0
005955 18.875 10.0 29.487 0
010026 18.875 10.0 29.487 0
010057 18.875 10.0 29.487 0
010127 18.875 10.0 29.487 0
010158 18.875 10.0 29.487 0
010228 18.875 10.0 29.487 0
010258 18.875 10.0 29.487 0
010329 18.875 10.0 29.487 0
010359 18.875 10.0 29.487 0
010430 18.875 10.0 29.487 0
010500 18.875 10.0 29.425 0
010530 18.875 10.0 29.425 0
010600 18.875 10.0 29.425 0
010631 18.875 10.0 29.425 0
010701 18.875 10.0 29.425 0
010732 18.875 10.0 29.425 0
010802 18.875 10.0 29.425 0
010832 18.875 10.0 29.425 0
010903 18.875 10.0 29.425 0
010933 18.875 10.0 29.425 0
011003 18.875 10.0 29.425 0
011033 18.875 10.0 29.362 0
011103 18.875 10.0 29.362 0
011133 18.875 10.0 29.362 0
011204 18.875 10.0 29.362 0
011235 18.875 10.0 29.362 0
011305 18.875 10.0 29.362 0
011336 18.875 10.0 29.362 0
011406 18.875 10.0 29.362 0
011437 18.875 10.0 29.362 0
011507 18.875 10.0 29.362 0
011538 18.875 10.0 29.3 0
011608 18.875 10.0 29.3 0
011639 18.875 10.0 29.3 0
011709 18.875 10.0 29.3 0
011740 18.875 10.0 29.3 0
011811 18.875 10.0 29.3 0
011842 18.875 10.0 29.3 0
011912 18.875 10.0 29.3 0
011943 18.875 10.0 29.3 0
012014 18.875 10.0 29.3 0
012044 18.875 10.0 29.237 0
012114 18.875 10.0 29.3 0
012144 18.875 10.0 29.237 0
012215 18.875 10.0 29.237 0
012246 18.875 10.0 29.237 0
012316 18.875 10.0 29.237 0
012347 18.875 10.0 29.237 0
012418 18.875 10.0 29.237 0
012448 18.875 10.0 29.237 0
012519 18.875 10.0 29.237 0
012550 18.875 10.0 29.237 0
012620 18.875 10.0 29.237 0
012653 18.875 10.0 29.175 0
012724 18.875 10.0 29.175 0
012754 18.875 10.0 29.175 0
012825 18.875 10.0 29.175 0
012856 18.875 10.0 29.175 0
012926 18.812 10.0 29.175 0
012956 18.812 10.0 29.175 0
013027 18.812 10.0 29.175 0
013057 18.812 10.0 29.175 0
013128 18.812 10.0 29.175 0
013158 18.812 10.0 29.112 0
013229 18.812 10.0 29.112 0
013300 18.812 10.0 29.112 0
013331 18.812 10.0 29.112 0
013401 18.812 10.0 29.112 0
013431 18.812 10.0 29.112 0
013502 18.812 10.0 29.112 0
013533 18.812 10.0 29.112 0
013603 18.812 10.0 29.112 0
013634 18.812 10.0 29.112 0
013705 18.812 10.0 29.112 0
013735 18.812 10.0 29.05 0
013806 18.812 10.0 29.05 0
013836 18.812 10.0 29.05 0
013907 18.812 10.0 29.05 0
013937 18.875 10.0 29.05 0
014008 18.875 10.0 29.05 0
014038 18.875 10.0 29.05 0
014109 18.875 10.0 29.05 0
014140 18.875 10.0 29.05 0
014210 18.812 10.0 29.05 0
014241 18.812 10.0 28.987 0
014311 18.812 10.0 28.987 0
014342 18.812 10.0 28.987 0
014413 18.812 10.0 28.987 0
014444 18.875 10.0 28.987 0
014514 18.875 10.0 28.987 0
014545 18.875 10.0 28.987 0
014615 18.875 10.0 28.987 0
014646 18.875 10.0 28.987 0
014717 18.812 10.0 28.987 0
014747 18.812 10.0 28.925 0
014817 18.812 10.0 28.925 0
014847 18.812 10.0 28.925 0
014918 18.812 10.0 28.925 0
014948 18.812 10.0 28.925 0
015018 18.812 10.0 28.925 0
015049 18.812 10.0 28.925 0
015120 18.812 10.0 28.925 0
015151 18.812 10.0 28.925 0
015221 18.812 10.0 28.925 0
015251 18.812 10.0 28.925 0
015322 18.812 10.0 28.925 0
015352 18.812 10.0 28.925 0
015423 18.812 10.0 28.862 0
015453 18.812 10.0 28.862 0
015524 18.812 10.0 28.862 0
015555 18.812 10.0 28.862 0
015625 18.812 10.0 28.862 0
015658 18.812 10.0 28.862 0
015729 18.812 10.0 28.862 0
015800 18.812 10.0 28.862 0
015830 18.812 10.0 28.862 0
015901 18.812 10.0 28.862 0
015931 18.812 10.0 28.8 0
020001 18.812 10.0 28.8 0
020032 18.812 10.0 28.8 0
020102 18.812 10.0 28.8 0
020133 18.812 10.0 28.8 0
020203 18.812 10.0 28.8 0
020234 18.812 10.0 28.8 0
020305 18.812 10.0 28.8 0
020335 18.812 10.0 28.8 0
020406 18.812 10.0 28.8 0
020436 18.812 10.0 28.8 0
020507 18.812 10.0 28.8 0
020538 18.812 10.0 28.737 0
020608 18.812 10.0 28.737 0
020639 18.812 10.0 28.737 0
020709 18.812 10.0 28.737 0
020740 18.812 10.0 28.737 0
020811 18.812 10.0 28.737 0
020841 18.812 10.0 28.737 0
020912 18.812 10.0 28.737 0
020942 18.812 10.0 28.737 0
021013 18.812 10.0 28.737 0
021044 18.812 10.0 28.675 0
021114 18.812 10.0 28.675 0
021145 18.812 10.0 28.675 0
021215 18.812 10.0 28.675 0
021246 18.812 10.0 28.675 0
021317 18.812 10.0 28.675 0
021347 18.812 10.0 28.675 0
021417 18.812 10.0 28.675 0
021448 18.812 10.0 28.675 0
021518 18.812 10.0 28.675 0
021548 18.812 10.0 28.675 0
021619 18.812 10.0 28.612 0
021649 18.812 10.0 28.612 0
021720 18.812 10.0 28.612 0
021750 18.812 10.0 28.612 0
021820 18.812 10.0 28.612 0
021850 18.812 10.0 28.612 0
021921 18.812 10.0 28.612 0
021951 18.812 10.0 28.612 0
022022 18.812 10.0 28.612 0
022052 18.812 10.0 28.612 0
022123 18.812 10.0 28.612 0
022153 18.812 10.0 28.612 0
022224 18.812 10.0 28.55 0
022255 18.812 10.0 28.55 0
022325 18.812 10.0 28.55 0
022355 18.812 10.0 28.55 0
022426 18.812 10.0 28.55 0
022457 18.812 10.0 28.55 0
022527 18.812 10.0 28.55 0
022557 18.812 10.0 28.55 0
022628 18.812 10.0 28.55 0
022659 18.812 10.0 28.55 0
022730 18.75 10.0 28.55 0
022800 18.75 10.0 28.487 0
022831 18.75 10.0 28.487 0
022901 18.75 10.0 28.487 0
022933 18.812 10.0 28.487 0
023004 18.812 10.0 28.487 0
023034 18.812 10.0 28.487 0
023104 18.812 10.0 28.487 0
023135 18.812 10.0 28.487 0
023205 18.812 10.0 28.487 0
023236 18.812 10.0 28.487 0
023306 18.812 10.0 28.487 0
023337 18.812 10.0 28.425 0
023407 18.812 10.0 28.425 0
023438 18.75 10.0 28.425 0
023508 18.75 10.0 28.425 0
023539 18.75 10.0 28.425 0
023609 18.75 10.0 28.425 0
023640 18.75 10.0 28.425 0
023710 18.75 10.0 28.425 0
023741 18.75 10.0 28.425 0
023811 18.75 10.0 28.425 0
023842 18.75 10.0 28.425 0
023912 18.75 10.0 28.425 0
023943 18.75 10.0 28.362 0
024014 18.75 10.0 28.362 0
024044 18.75 10.0 28.362 0
024115 18.75 10.0 28.362 0
024145 18.75 10.0 28.362 0
024215 18.75 10.0 28.362 0
024246 18.75 10.0 28.362 0
024316 18.75 10.0 28.362 0
024346 18.75 10.0 28.362 0
024417 18.75 10.0 28.362 0
024447 18.75 10.0 28.362 0
024517 18.75 10.0 28.3 0
024548 18.75 10.0 28.3 0
024619 18.75 10.0 28.3 0
024649 18.75 10.0 28.3 0
024719 18.75 10.0 28.3 0
024750 18.75 10.0 28.3 0
024820 18.75 10.0 28.3 0
024850 18.75 10.0 28.3 0
024921 18.75 10.0 28.3 0
024951 18.75 10.0 28.3 0
025022 18.75 10.0 28.3 0
025053 18.75 10.0 28.237 0
025123 18.75 10.0 28.3 0
025154 18.75 10.0 28.237 0
025225 18.75 10.0 28.237 0
025255 18.75 10.0 28.237 0
025326 18.75 10.0 28.237 0
025357 18.75 10.0 28.237 0
025427 18.75 10.0 28.237 0
025458 18.75 10.0 28.237 0
025528 18.75 10.0 28.237 0
025558 18.75 10.0 28.237 0
025629 18.75 10.0 28.175 0
025659 18.75 10.0 28.175 0
025730 18.75 10.0 28.175 0
025800 18.75 10.0 28.175 0
025831 18.75 10.0 28.175 0
025902 18.75 10.0 28.175 0
025932 18.75 10.0 28.175 0
030003 18.75 10.0 28.175 0
030033 18.75 10.0 28.175 0
030104 18.75 10.0 28.175 0
030134 18.75 10.0 28.175 0
030205 18.75 10.0 28.112 0
030235 18.75 10.0 28.175 0
030306 18.75 10.0 28.112 0
030337 18.75 10.0 28.112 0
030407 18.75 10.0 28.112 0
030439 18.75 10.0 28.112 0
030509 18.75 10.0 28.112 0
030540 18.75 10.0 28.112 0
030611 18.75 10.0 28.112 0
030641 18.75 10.0 28.112 0
030712 18.75 10.0 28.112 0
030742 18.75 10.0 28.112 0
030813 18.75 10.0 28.05 0
030843 18.75 10.0 28.112 0
030914 18.75 10.0 28.05 0
030944 18.75 10.0 28.05 0
031015 18.75 10.0 28.05 0
031045 18.75 10.0 28.05 0
031116 18.75 10.0 28.05 0
031147 18.75 10.0 28.05 0
031217 18.75 10.0 28.05 0
031248 18.75 10.0 28.05 0
031319 18.75 10.0 28.05 0
031350 18.75 10.0 28.05 0
031420 18.75 10.0 28.05 0
031451 18.75 10.0 27.987 0
031522 18.75 10.0 27.987 0
031553 18.75 10.0 27.987 0
031623 18.75 10.0 27.987 0
031653 18.75 10.0 27.987 0
031723 18.75 10.0 27.987 0
031754 18.75 10.0 27.987 0
031825 18.75 10.0 27.987 0
031855 18.75 10.0 27.987 0
031926 18.75 10.0 27.987 0
031956 18.75 10.0 27.987 0
032026 18.75 10.0 27.987 0
032057 18.75 10.0 27.925 0
032127 18.75 10.0 27.925 0
032157 18.75 10.0 27.925 0
032227 18.687 10.0 27.925 0
032258 18.687 10.0 27.925 0
032329 18.687 10.0 27.925 0
032400 18.687 10.0 27.925 0
032430 18.687 10.0 27.925 0
032500 18.75 10.0 27.925 0
032530 18.75 10.0 27.925 0
032601 18.75 10.0 27.925 0
032632 18.75 10.0 27.925 0
032702 18.75 10.0 27.862 0
032732 18.75 10.0 27.862 0
032803 18.75 10.0 27.862 0
032833 18.75 10.0 27.862 0
032903 18.75 10.0 27.862 0
032934 18.75 10.0 27.862 0
033004 18.687 10.0 27.862 0
033035 18.687 10.0 27.862 0
033105 18.687 10.0 27.862 0
033136 18.687 10.0 27.862 0
033207 18.687 10.0 27.862 0
033237 18.687 10.0 27.8 0
033307 18.687 10.0 27.8 0
033338 18.687 10.0 27.8 0
033409 18.687 10.0 27.8 0
033440 18.687 10.0 27.8 0
033510 18.687 10.0 27.8 0
033540 18.687 10.0 27.8 0
033611 18.687 10.0 27.8 0
033641 18.687 10.0 27.8 0
033713 18.687 10.0 27.8 0
033743 18.687 10.0 27.8 0
033814 18.687 10.0 27.8 0
033845 18.687 10.0 27.737 0
033915 18.687 10.0 27.737 0
033946 18.687 10.0 27.737 0
034017 18.687 10.0 27.737 0
034047 18.687 10.0 27.737 0
034118 18.687 10.0 27.737 0
034148 18.687 10.0 27.737 0
034219 18.687 10.0 27.737 0
034250 18.687 10.0 27.737 0
034320 18.687 10.0 27.737 0
034351 18.687 10.0 27.737 0
034421 18.687 10.0 27.737 0
034452 18.687 10.0 27.737 0
034523 18.687 10.0 27.737 0
034553 18.687 10.0 27.675 0
034624 18.687 10.0 27.675 0
034655 18.687 10.0 27.675 0
034726 18.687 10.0 27.675 0
034756 18.687 10.0 27.675 0
034827 18.687 10.0 27.675 0
034858 18.687 10.0 27.675 0
034928 18.687 10.0 27.675 0
034958 18.687 10.0 27.675 0
035028 18.687 10.0 27.675 0
035058 18.687 10.0 27.675 0
035129 18.687 10.0 27.675 0
035200 18.687 10.0 27.612 0
035230 18.687 10.0 27.612 0
035301 18.687 10.0 27.612 0
035331 18.687 10.0 27.612 0
035402 18.687 10.0 27.612 0
035433 18.687 10.0 27.612 0
035503 18.687 10.0 27.612 0
035534 18.687 10.0 27.612 0
035604 18.687 10.0 27.612 0
035635 18.687 10.0 27.612 0
035705 18.687 10.0 27.612 0
035736 18.687 10.0 27.612 0
035807 18.687 10.0 27.55 0
035837 18.687 10.0 27.55 0
035908 18.687 10.0 27.55 0
035938 18.687 10.0 27.55 0
040008 18.687 10.0 27.55 0
040039 18.687 10.0 27.55 0
040110 18.687 10.0 27.55 0
040140 18.687 10.0 27.55 0
040211 18.687 10.0 27.55 0
040241 18.625 10.0 27.55 0
040312 18.625 10.0 27.55 0
040343 18.625 10.0 27.55 0
040413 18.625 10.0 27.487 0
040444 18.625 10.0 27.487 0
040514 18.625 10.0 27.487 0
040544 18.625 10.0 27.487 0
040615 18.625 10.0 27.487 0
040646 18.625 10.0 27.487 0
040718 18.625 10.0 27.487 0
040748 18.625 10.0 27.487 0
040819 18.625 10.0 27.487 0
040850 18.625 10.0 27.487 0
040920 18.625 10.0 27.487 0
040950 18.687 10.0 27.487 0
041020 18.687 10.0 27.425 0
041051 18.687 10.0 27.425 0
041122 18.687 10.0 27.425 0
041152 18.687 10.0 27.425 0
041223 18.625 10.0 27.425 0
041254 18.625 10.0 27.425 0
041325 18.625 10.0 27.425 0
041355 18.625 10.0 27.425 0
041426 18.625 10.0 27.425 0
041456 18.625 10.0 27.425 0
041527 18.625 10.0 27.425 0
041558 18.625 10.0 27.425 0
041629 18.625 10.0 27.362 0
041659 18.625 10.0 27.362 0
041729 18.625 10.0 27.362 0
041800 18.625 10.0 27.362 0
041830 18.625 10.0 27.362 0
041901 18.625 10.0 27.362 0
041931 18.625 10.0 27.362 0
042001 18.625 10.0 27.362 0
042031 18.625 10.0 27.362 0
042102 18.625 10.0 27.362 0
042133 18.625 10.0 27.362 0
042203 18.625 10.0 27.362 0
042234 18.625 10.0 27.3 0
042304 18.625 10.0 27.3 0
042334 18.625 10.0 27.3 0
042405 18.625 10.0 27.3 0
042436 18.625 10.0 27.3 0
042506 18.625 10.0 27.3 0
042536 18.625 10.0 27.3 0
042606 18.625 10.0 27.3 0
042637 18.625 10.0 27.3 0
042707 18.625 10.0 27.3 0
042738 18.625 10.0 27.3 0
042808 18.625 10.0 27.3 0
042838 18.625 10.0 27.3 0
042909 18.625 10.0 27.237 0
042940 18.625 10.0 27.237 0
043010 18.625 10.0 27.237 0
043041 18.625 10.0 27.237 0
043111 18.625 10.0 27.237 0
043142 18.625 10.0 27.237 0
043212 18.625 10.0 27.237 0
043242 18.625 10.0 27.237 0
043313 18.625 10.0 27.237 0
043343 18.625 10.0 27.237 0
043413 18.625 10.0 27.237 0
043443 18.625 10.0 27.237 0
043513 18.625 10.0 27.237 0
043544 18.625 10.0 27.175 0
043614 18.625 10.0 27.175 0
043645 18.625 10.0 27.175 0
043716 18.625 10.0 27.175 0
043746 18.625 10.0 27.175 0
043817 18.625 10.0 27.175 0
043847 18.625 10.0 27.175 0
043917 18.625 10.0 27.175 0
043948 18.625 10.0 27.175 0
044018 18.625 10.0 27.175 0
044048 18.625 10.0 27.175 0
044119 18.625 10.0 27.175 0
044150 18.625 10.0 27.112 0
044222 18.625 10.0 27.112 0
044253 18.625 10.0 27.112 0
044323 18.625 10.0 27.112 0
044354 18.625 10.0 27.112 0
044424 18.625 10.0 27.112 0
044455 18.625 10.0 27.112 0
044525 18.625 10.0 27.112 0
044556 18.625 10.0 27.112 0
044626 18.625 10.0 27.112 0
044656 18.625 10.0 27.112 0
044726 18.562 10.0 27.112 0
044757 18.562 10.0 27.112 0
044827 18.562 10.0 27.05 0
044858 18.562 10.0 27.05 0
044929 18.562 10.0 27.05 0
044959 18.625 10.0 27.05 0
045030 18.625 10.0 27.05 0
045101 18.625 10.0 27.05 0
045131 18.625 10.0 27.05 0
045202 18.625 10.0 27.05 0
045233 18.625 10.0 27.05 0
045304 18.625 10.0 27.05 0
045334 18.625 10.0 27.05 0
045405 18.625 10.0 27.05 0
045435 18.625 10.0 27.05 0
045505 18.625 10.0 26.987 0
045536 18.625 10.0 26.987 0
045606 18.625 10.0 26.987 0
045637 18.625 10.0 26.987 0
045708 18.625 10.0 26.987 0
045738 18.562 10.0 26.987 0
045808 18.562 10.0 26.987 0
045838 18.562 10.0 26.987 0
045908 18.562 10.0 26.987 0
045939 18.562 10.0 26.987 0
050009 18.562 10.0 26.987 0
050039 18.562 10.0 26.987 0
050110 18.562 10.0 26.925 0
050140 18.562 10.0 26.925 0
050210 18.562 10.0 26.925 0
050241 18.562 10.0 26.925 0
050312 18.562 10.0 26.925 0
050342 18.562 10.0 26.925 0
050412 18.562 10.0 26.925 0
050442 18.562 10.0 26.925 0
050513 18.562 10.0 26.925 0
050544 18.562 10.0 26.925 0
050615 18.562 10.0 26.925 0
050645 18.562 10.0 26.925 0
050716 18.562 10.0 26.925 0
050746 18.562 10.0 26.862 0
050817 18.562 10.0 26.862 0
050847 18.562 10.0 26.862 0
050918 18.562 10.0 26.862 0
050949 18.562 10.0 26.862 0
051019 18.562 10.0 26.862 0
051049 18.562 10.0 26.862 0
051120 18.562 10.0 26.862 0
051151 18.562 10.0 26.862 0
051221 18.562 10.0 26.862 0
051252 18.562 10.0 26.862 0
051322 18.562 10.0 26.862 0
051353 18.562 10.0 26.862 0
051424 18.562 10.0 26.862 0
051456 18.562 10.0 26.8 0
051527 18.562 10.0 26.8 0
051558 18.562 10.0 26.8 0
051629 18.562 10.0 26.8 0
051659 18.562 10.0 26.8 0
051730 18.562 10.0 26.8 0
051801 18.562 10.0 26.8 0
051831 18.562 10.0 26.8 0
051901 18.562 10.0 26.8 0
051932 18.562 10.0 26.8 0
052003 18.562 10.0 26.8 0
052033 18.562 10.0 26.8 0
052104 18.562 10.0 26.737 0
052134 18.562 10.0 26.737 0
052205 18.562 10.0 26.737 0
052236 18.562 10.0 26.737 0
052306 18.562 10.0 26.737 0
052337 18.562 10.0 26.737 0
052408 18.562 10.0 26.737 0
052438 18.562 10.0 26.737 0
052509 18.562 10.0 26.737 0
052539 18.562 10.0 26.737 0
052609 18.562 10.0 26.737 0
052640 18.562 10.0 26.737 0
052711 18.562 10.0 26.737 0
052741 18.5 10.0 26.737 0
052812 18.5 10.0 26.675 0
052843 18.5 10.0 26.675 0
052913 18.5 10.0 26.675 0
052944 18.5 10.0 26.675 0
053015 18.5 10.0 26.675 0
053045 18.5 10.0 26.675 0
053116 18.5 10.0 26.675 0
053147 18.5 10.0 26.675 0
053217 18.5 10.0 26.675 0
053248 18.562 10.0 26.675 0
053318 18.562 10.0 26.675 0
053349 18.562 10.0 26.675 0
053420 18.562 10.0 26.675 0
053450 18.562 10.0 26.612 0
053521 18.5 10.0 26.612 0
053552 18.5 10.0 26.612 0
053623 18.5 10.0 26.612 0
053653 18.5 10.0 26.612 0
053724 18.5 10.0 26.612 0
053754 18.5 10.0 26.612 0
053824 18.5 10.0 26.612 0
053855 18.5 10.0 26.612 0
053926 18.5 10.0 26.612 0
053956 18.5 10.0 26.612 0
054026 18.562 10.0 26.612 0
054057 18.562 10.0 26.612 0
054127 18.562 10.0 26.612 0
054157 18.562 10.0 26.55 0
054230 18.5 10.0 26.55 0
054301 18.5 10.0 26.55 0
054331 18.5 10.0 26.55 0
054402 18.5 10.0 26.55 0
054433 18.5 10.0 26.55 0
054503 18.5 10.0 26.55 0
054533 18.5 10.0 26.55 0
054603 18.5 10.0 26.55 0
054634 18.5 10.0 26.55 0
054705 18.5 10.0 26.55 0
054736 18.5 10.0 26.55 0
054806 18.5 10.0 26.55 0
054836 18.5 10.0 26.487 0
054907 18.5 10.0 26.487 0
054937 18.5 10.0 26.487 0
055008 18.5 10.0 26.487 0
055038 18.5 10.0 26.487 0
055108 18.5 10.0 26.487 0
055139 18.5 10.0 26.487 0
055209 18.5 10.0 26.487 0
055239 18.5 10.0 26.487 0
055310 18.5 10.0 26.487 0
055341 18.5 10.0 26.487 0
055411 18.5 10.0 26.487 0
055442 18.5 10.0 26.487 0
055513 18.5 10.0 26.487 0
055543 18.5 10.0 26.425 0
055613 18.5 10.0 26.425 0
055644 18.5 10.0 26.425 0
055715 18.5 10.0 26.425 0
055745 18.5 10.0 26.425 0
055815 18.5 10.0 26.425 0
055845 18.5 10.0 26.425 0
055916 18.5 10.0 26.425 0
055946 18.5 10.0 26.425 0
060017 18.5 10.0 26.425 0
060047 18.5 10.0 26.425 0
060117 18.5 10.0 26.425 0
060148 18.5 10.0 26.425 0
060218 18.5 10.0 26.362 0
060248 18.5 10.0 26.362 0
060318 18.5 10.0 26.362 0
060349 18.5 10.0 26.362 0
060420 18.5 10.0 26.362 0
060450 18.5 10.0 26.362 0
060521 18.5 10.0 26.362 0
060551 18.5 10.0 26.362 0
060622 18.5 10.0 26.362 0
060653 18.5 10.0 26.362 0
060723 18.5 10.0 26.362 0
060754 18.5 10.0 26.362 0
060824 18.5 10.0 26.362 0
060855 18.5 10.0 26.362 0
060925 18.5 10.0 26.3 0
060956 18.5 10.0 26.362 0
061027 18.5 10.0 26.3 0
061057 18.5 10.0 26.3 0
061128 18.5 10.0 26.3 0
061159 18.5 10.0 26.3 0
061229 18.5 10.0 26.3 0
061300 18.5 10.0 26.3 0
061331 18.5 10.0 26.3 0
061402 18.5 10.0 26.3 0
061432 18.5 10.0 26.3 0
061504 18.5 10.0 26.3 0
061535 18.5 10.0 26.3 0
061606 18.5 10.0 26.3 0
061636 18.5 10.0 26.3 0
061706 18.5 10.0 26.237 0
061737 18.5 10.0 26.237 0
061808 18.5 10.0 26.237 0
061839 18.5 10.0 26.237 0
061909 18.5 10.0 26.237 0
061939 18.5 10.0 26.237 0
062010 18.5 10.0 26.237 0
062040 18.5 10.0 26.237 0
062111 18.5 10.0 26.237 0
062141 18.5 10.0 26.237 0
062212 18.5 10.0 26.237 0
062242 18.5 10.0 26.175 0
062312 18.5 10.0 26.237 0
062342 18.5 10.0 26.237 0
062412 18.5 10.0 26.175 0
062443 18.5 10.0 26.175 0
062513 18.5 10.0 26.175 0
062544 18.5 10.0 26.175 0
062615 18.5 10.0 26.175 0
062645 18.5 10.0 26.175 0
062716 18.5 10.0 26.175 0
062747 18.5 10.0 26.175 0
062817 18.5 10.0 26.175 0
062847 18.5 10.0 26.175 0
062918 18.5 10.0 26.175 0
062948 18.5 10.0 26.175 0
063019 18.5 10.0 26.175 0
063049 18.5 10.0 26.175 0
063120 18.5 10.0 26.112 0
063150 18.5 10.0 26.112 0
063221 18.5 10.0 26.112 0
063251 18.5 10.0 26.112 0
063322 18.5 10.0 26.112 0
063353 18.5 10.0 26.112 0
063423 18.5 10.0 26.112 0
063453 18.5 10.0 26.112 0
063524 18.5 10.0 26.112 0
063554 18.5 10.0 26.112 0
063625 18.5 10.0 26.112 0
063656 18.5 10.0 26.112 0
063726 18.5 10.0 26.112 0
063757 18.562 10.0 26.112 0
063827 18.562 10.0 26.112 0
063858 18.562 10.0 26.05 0
063928 18.562 10.0 26.05 0
063959 18.562 10.0 26.05 0
064029 18.562 10.0 26.05 0
064100 18.562 10.0 26.05 0
064130 18.562 10.0 26.05 0
064200 18.562 10.0 26.05 0
064230 18.562 10.0 26.05 0
064301 18.562 10.0 26.05 0
064331 18.562 10.0 26.05 0
064402 18.562 10.0 26.05 0
064432 18.562 10.0 26.05 0
064502 18.562 10.0 25.987 0
064533 18.625 10.0 25.987 0
064604 18.625 10.0 25.987 0
064634 18.625 10.0 25.987 0
064705 18.625 10.0 25.987 0
064735 18.625 10.0 25.987 0
064805 18.625 10.0 25.987 0
064835 18.625 10.0 25.987 0
064905 18.625 10.0 25.987 0
064936 18.625 10.0 25.987 0
065009 18.562 10.0 25.987 0
065040 18.562 10.0 25.987 0
065110 18.562 10.0 25.987 0
065141 18.562 10.0 25.925 0
065212 18.562 10.0 25.987 0
065242 18.5 10.0 25.925 0
065313 18.5 10.0 25.925 0
065343 18.5 10.0 25.925 0
065414 18.5 10.0 25.925 0
065444 18.5 10.0 25.925 0
065515 18.5 10.0 25.925 0
065545 18.5 10.0 25.925 0
065615 18.5 10.0 25.925 0
065646 18.5 10.0 25.925 0
065717 18.5 10.0 25.925 0
065747 18.437 10.0 25.925 0
065817 18.437 10.0 25.925 0
065848 18.437 10.0 25.925 0
065919 18.437 10.0 25.925 0
065949 18.437 10.0 25.925 0
070019 18.437 10.0 25.925 0
070050 18.437 10.0 25.862 0
070121 18.437 10.0 25.862 0
070151 18.437 10.0 25.862 0
070222 18.437 10.0 25.862 0
070252 18.437 10.0 25.862 0
070323 18.437 10.0 25.862 0
070354 18.437 10.0 25.862 0
070424 18.437 10.0 25.862 0
070455 18.437 10.0 25.862 0
070525 18.437 10.0 25.862 0
070555 18.437 10.0 25.862 0
070626 18.437 10.0 25.862 0
070657 18.437 10.0 25.862 0
070728 18.437 10.0 25.862 0
070758 18.437 10.0 25.8 0
070829 18.437 10.0 25.8 0
070859 18.437 10.0 25.8 0
070930 18.437 10.0 25.8 0
071001 18.437 10.0 25.8 0
071031 18.437 10.0 25.8 0
071102 18.437 10.0 25.8 0
071132 18.437 10.0 25.8 0
071203 18.437 10.0 25.8 0
071233 18.437 10.0 25.8 0
071303 18.437 10.0 25.8 0
071334 18.437 10.0 25.8 0
071404 18.437 10.0 25.737 0
071434 18.437 10.0 25.737 0
071504 18.437 10.0 25.737 0
071535 18.437 10.0 25.737 0
071605 18.437 10.0 25.737 0
071635 18.437 10.0 25.737 0
071705 18.437 10.0 25.737 0
071736 18.437 10.0 25.737 0
071807 18.437 10.0 25.737 0
071838 18.437 10.0 25.737 0
071908 18.437 10.0 25.737 0
071938 18.437 10.0 25.737 0
072009 18.437 10.0 25.737 0
072039 18.437 10.0 25.737 0
072110 18.437 10.0 25.737 0
072140 18.437 10.0 25.737 0
072211 18.437 10.0 25.737 0
072243 18.437 10.0 25.675 0
072313 18.437 10.0 25.675 0
072344 18.437 10.0 25.675 0
072414 18.437 10.0 25.675 0
072445 18.437 10.0 25.675 0
072516 18.437 10.0 25.675 0
072546 18.437 10.0 25.675 0
072617 18.437 10.0 25.675 0
072648 18.437 10.0 25.675 0
072718 18.437 10.0 25.675 0
072749 18.437 10.0 25.675 0
072819 18.437 10.0 25.675 0
072850 18.437 10.0 25.675 0
072921 18.437 10.0 25.675 0
072952 18.437 10.0 25.612 0
073022 18.5 10.0 25.612 0
073052 18.5 10.0 25.612 0
073123 18.5 10.0 25.612 0
073153 18.5 10.0 25.612 0
073223 18.5 10.0 25.612 0
073253 18.437 10.0 25.612 0
073324 18.437 10.0 25.612 0
073354 18.437 10.0 25.612 0
073424 18.437 10.0 25.612 0
073454 18.437 10.0 25.612 0
073525 18.437 10.0 25.612 0
073555 18.437 10.0 25.612 0
073625 18.437 10.0 25.612 0
073657 18.437 10.0 25.612 0
073727 18.437 10.0 25.55 0
073757 18.437 10.0 25.55 0
073828 18.437 10.0 25.55 0
073859 18.437 10.0 25.55 0
073929 18.437 10.0 25.55 0
074000 18.437 10.0 25.55 0
074030 18.437 10.0 25.55 0
074100 18.437 10.0 25.55 0
074131 18.437 10.0 25.55 0
074202 18.437 10.0 25.55 0
074232 18.437 10.0 25.55 0
074303 18.437 10.0 25.55 0
074334 18.437 10.0 25.55 0
074404 18.437 10.0 25.55 0
074435 18.437 10.0 25.55 0
074505 18.437 10.0 25.487 0
074536 18.437 10.0 25.487 0
074607 18.437 10.0 25.487 0
074638 18.437 10.0 25.487 0
074708 18.437 10.0 25.487 0
074738 18.437 10.0 25.487 0
074809 18.437 10.0 25.487 0
074839 18.437 10.0 25.487 0
074909 18.437 10.0 25.487 0
074940 18.437 10.0 25.487 0
075010 18.437 10.0 25.487 0
075040 18.375 10.0 25.487 0
075111 18.375 10.0 25.487 0
075141 18.375 10.0 25.487 0
075212 18.375 10.0 25.487 0
075243 18.375 10.0 25.487 0
075313 18.437 10.0 25.425 0
075344 18.437 10.0 25.425 0
075414 18.437 10.0 25.425 0
075445 18.437 10.0 25.425 0
075518 18.437 10.0 25.425 0
075548 18.437 10.0 25.425 0
075619 18.437 10.0 25.425 0
075649 18.437 10.0 25.425 0
075720 18.437 10.0 25.425 0
075750 18.437 10.0 25.425 0
075821 18.437 10.0 25.425 0
075851 18.437 10.0 25.425 0
075922 18.437 10.0 25.425 0
075953 18.437 10.0 25.425 0
080023 18.375 10.0 25.362 0
080054 18.375 10.0 25.362 0
080124 18.375 10.0 25.362 0
080155 18.375 10.0 25.362 0
080226 18.375 10.0 25.362 0
080256 18.312 10.0 25.362 0
080327 18.312 10.0 25.362 0
080358 18.312 10.0 25.362 0
080428 18.312 10.0 25.362 0
080458 18.312 10.0 25.362 0
080528 18.312 10.0 25.362 0
080559 18.312 10.0 25.362 0
080630 18.312 10.0 25.362 0
080700 18.312 10.0 25.362 0
080730 18.312 10.0 25.362 0
080801 18.312 10.0 25.362 0
080832 18.312 10.0 25.3 0
080902 18.312 10.0 25.3 0
080933 18.312 10.0 25.3 0
081003 18.312 10.0 25.3 0
081033 18.375 10.0 25.3 0
081104 18.375 10.0 25.3 0
081134 18.375 10.0 25.3 0
081204 18.375 10.0 25.3 0
081235 18.375 10.0 25.3 0
081305 18.312 10.0 25.3 0
081336 18.312 10.0 25.3 0
081406 18.312 10.0 25.3 0
081437 18.312 10.0 25.3 0
081508 18.312 10.0 25.3 0
081539 18.312 10.0 25.237 0
081609 18.312 10.0 25.3 0
081640 18.312 10.0 25.237 0
081711 18.312 10.0 25.237 0
081741 18.312 10.0 25.237 0
081811 18.312 10.0 25.237 0
081842 18.312 10.0 25.237 0
081912 18.312 10.0 25.237 0
081942 18.312 10.0 25.237 0
082013 18.312 10.0 25.237 0
082043 18.312 10.0 25.237 0
082114 18.312 10.0 25.237 0
082144 18.312 10.0 25.237 0
082215 18.312 10.0 25.237 0
082246 18.312 10.0 25.237 0
082316 18.312 10.0 25.237 0
082347 18.312 10.0 25.237 0
082417 18.312 10.0 25.175 0
082447 18.312 10.0 25.175 0
082518 18.312 10.0 25.175 0
082549 18.312 10.0 25.175 0
082619 18.312 10.0 25.175 0
082650 18.312 10.0 25.175 0
082720 18.312 10.0 25.175 0
082752 18.312 10.0 25.175 0
082823 18.312 10.0 25.175 0
082853 18.312 10.0 25.175 0
082923 18.312 10.0 25.175 0
082953 18.312 10.0 25.175 0
083024 18.312 10.0 25.175 0
083054 18.312 10.0 25.175 0
083125 18.312 10.0 25.175 0
083155 18.312 10.0 25.175 0
083225 18.312 10.0 25.112 0
083255 18.312 10.0 25.112 0
083326 18.312 10.0 25.112 0
083356 18.312 10.0 25.112 0
083427 18.312 10.0 25.112 0
083458 18.312 10.0 25.112 0
083529 18.312 10.0 25.112 0
083559 18.312 10.0 25.112 0
083629 18.312 10.0 25.112 0
083700 18.312 10.0 25.112 0
083731 18.312 10.0 25.112 0
083801 18.25 10.0 25.112 0
083832 18.25 10.0 25.112 0
083903 18.25 10.0 25.112 0
083933 18.25 10.0 25.112 0
084003 18.25 10.0 25.05 0
084034 18.25 10.0 25.112 0
084104 18.25 10.0 25.112 0
084135 18.25 10.0 25.05 0
084206 18.25 10.0 25.05 0
084236 18.25 10.0 25.05 0
084307 18.312 10.0 25.05 0
084337 18.312 10.0 25.05 0
084408 18.312 10.0 25.05 0
084438 18.312 10.0 25.05 0
084508 18.312 10.0 25.05 0
084539 18.312 10.0 25.05 0
084610 18.312 10.0 25.05 0
084640 18.312 10.0 25.05 0
084711 18.312 10.0 25.05 0
084741 18.312 10.0 25.05 0
084812 18.312 10.0 25.05 0
084843 18.312 10.0 24.987 0
084913 18.312 10.0 24.987 0
084944 18.312 10.0 24.987 0
085015 18.312 10.0 24.987 0
085045 18.312 10.0 24.987 0
085115 18.312 10.0 24.987 0
085146 18.312 10.0 24.987 0
085216 18.312 10.0 24.987 0
085246 18.312 10.0 24.987 0
085317 18.312 10.0 24.987 0
085348 18.312 10.0 24.987 0
085419 18.312 10.0 24.987 0
085449 18.312 10.0 24.987 0
085519 18.312 10.0 24.987 0
085549 18.25 10.0 24.987 0
085620 18.25 10.0 24.925 0
085650 18.25 10.0 24.987 0
085720 18.25 10.0 24.925 0
085750 18.25 10.0 24.925 0
085821 18.25 10.0 24.925 0
085851 18.25 10.0 24.925 0
085922 18.25 10.0 24.925 0
085952 18.25 10.0 24.925 0
090023 18.25 10.0 24.925 0
090053 18.312 10.0 24.925 0
090123 18.312 10.0 24.925 0
090153 18.312 10.0 24.925 0
090224 18.312 10.0 24.925 0
090255 18.312 10.0 24.925 0
090325 18.25 10.0 24.925 0
090356 18.25 10.0 24.925 0
090426 18.25 10.0 24.925 0
090456 18.25 10.0 24.925 0
090528 18.25 10.0 24.862 0
090559 18.25 10.0 24.862 0
090630 18.25 10.0 24.862 0
090701 18.25 10.0 24.862 0
090731 18.25 10.0 24.862 0
090802 18.312 10.0 24.862 0
090832 18.312 10.0 24.862 0
090902 18.312 10.0 24.862 0
090933 18.312 10.0 24.862 0
091003 18.312 10.0 24.862 0
091034 18.25 10.0 24.862 0
091105 18.25 10.0 24.862 0
091136 18.25 10.0 24.862 0
091206 18.25 10.0 24.862 0
091236 18.25 10.0 24.862 0
091307 18.25 10.0 24.862 0
091338 18.25 10.0 24.862 0
091408 18.25 10.0 24.8 0
091439 18.25 10.0 24.8 0
091509 18.25 10.0 24.8 0
091539 18.25 10.0 24.8 0
091609 18.25 10.0 24.8 0
091639 18.25 10.0 24.8 0
091710 18.25 10.0 24.8 0
091741 18.25 10.0 24.8 0
091811 18.25 10.0 24.8 0
091842 18.25 10.0 24.8 0
091913 18.25 10.0 24.8 0
091943 18.25 10.0 24.8 0
092014 18.25 10.0 24.8 0
092044 18.25 10.0 24.8 0
092114 18.25 10.0 24.8 0
092145 18.25 10.0 24.8 0
092216 18.25 10.0 24.737 0
092246 18.25 10.0 24.8 0
092317 18.25 10.0 24.737 0
092347 18.25 10.0 24.737 0
092418 18.25 10.0 24.737 0
092448 18.25 10.0 24.737 0
092519 18.25 10.0 24.737 0
092549 18.312 10.0 24.737 0
092619 18.312 10.0 24.737 0
092650 18.312 10.0 24.737 0
092721 18.312 10.0 24.737 0
092751 18.312 10.0 24.737 0
092822 18.312 10.0 24.737 0
092852 18.312 10.0 24.737 0
092922 18.312 10.0 24.737 0
092952 18.312 10.0 24.737 0
093023 18.312 10.0 24.737 0
093053 18.25 10.0 24.737 0
093124 18.25 10.0 24.675 0
093154 18.25 10.0 24.675 0
093225 18.25 10.0 24.675 0
093256 18.25 10.0 24.675 0
093326 18.312 10.0 24.675 0
093356 18.312 10.0 24.675 0
093427 18.312 10.0 24.675 0
093457 18.312 10.0 24.675 0
093528 18.312 10.0 24.675 0
093558 18.312 10.0 24.675 0
093628 18.312 10.0 24.675 0
093659 18.312 10.0 24.675 0
093729 18.312 10.0 24.675 0
093802 18.312 10.0 24.675 0
093832 18.312 10.0 24.675 0
093902 18.312 10.0 24.675 0
093933 18.312 10.0 24.612 0
094003 18.312 10.0 24.675 0
094034 18.312 10.0 24.612 0
094104 18.312 10.0 24.612 0
094135 18.312 10.0 24.612 0
094205 18.312 10.0 24.612 0
094235 18.312 10.0 24.612 0
094305 18.312 10.0 24.612 0
094336 18.312 10.0 24.612 0
094406 18.312 10.0 24.612 0
094437 18.312 10.0 24.612 0
094508 18.312 10.0 24.612 0
094538 18.312 10.0 24.612 0
094608 18.312 10.0 24.612 0
094639 18.312 10.0 24.612 0
094710 18.312 10.0 24.612 0
094740 18.312 10.0 24.612 0
094811 18.312 10.0 24.612 0
094842 18.312 10.0 24.55 0
094912 18.312 10.0 24.55 0
094943 18.312 10.0 24.55 0
095013 18.312 10.0 24.55 0
095044 18.312 10.0 24.55 0
095115 18.312 10.0 24.55 0
095145 18.312 10.0 24.55 0
095216 18.312 10.0 24.55 0
095247 18.312 10.0 24.55 0
095317 18.312 10.0 24.55 0
095348 18.312 10.0 24.55 0
095419 18.312 10.0 24.55 0
095449 18.312 10.0 24.55 0
095520 18.312 10.0 24.55 0
095550 18.312 10.0 24.55 0
095621 18.312 10.0 24.55 0
095651 18.312 10.0 24.55 0
095722 18.312 10.0 24.55 0
095752 18.312 10.0 24.487 0
095823 18.375 10.0 24.487 0
095853 18.375 10.0 24.487 0
095924 18.375 10.0 24.487 0
095954 18.375 10.0 24.487 0
100025 18.375 10.0 24.487 0
100055 18.312 10.0 24.487 0
100126 18.312 10.0 24.487 0
100156 18.312 10.0 24.487 0
100227 18.312 10.0 24.487 0
100258 18.312 10.0 24.487 0
100328 18.312 10.0 24.487 0
100359 18.312 10.0 24.487 0
100430 18.312 10.0 24.487 0
100501 18.312 10.0 24.487 0
100531 18.312 10.0 24.487 0
100601 18.312 10.0 24.487 0
100631 18.312 10.0 24.487 0
100702 18.312 10.0 24.425 0
100732 18.312 10.0 24.425 0
100805 18.375 10.0 24.425 0
100836 18.375 10.0 24.425 0
100906 18.375 10.0 24.425 0
100937 18.375 10.0 24.425 0
101008 18.375 10.0 24.425 0
101039 18.312 10.0 24.425 0
101109 18.312 10.0 24.425 0
101140 18.312 10.0 24.425 0
101210 18.312 10.0 24.425 0
101241 18.312 10.0 24.425 0
101312 18.375 10.0 24.425 0
101342 18.375 10.0 24.425 0
101413 18.375 10.0 24.425 0
101443 18.375 10.0 24.425 0
101514 18.375 10.0 24.362 0
101544 18.375 10.0 24.425 0
101615 18.375 10.0 24.362 0
101646 18.375 10.0 24.362 0
101716 18.375 10.0 24.362 0
101747 18.375 10.0 24.362 0
101818 18.375 10.0 24.362 0
101848 18.375 10.0 24.362 0
101919 18.375 10.0 24.362 0
101949 18.375 10.0 24.362 0
102019 18.375 10.0 24.362 0
102050 18.375 10.0 24.362 0
102120 18.375 10.0 24.362 0
102150 18.375 10.0 24.362 0
102221 18.375 10.0 24.362 0
102251 18.375 10.0 24.362 0
102321 18.375 10.0 24.362 0
102351 18.375 10.0 24.362 0
102422 18.375 10.0 24.362 0
102453 18.375 10.0 24.3 0
102523 18.375 10.0 24.3 0
102553 18.375 10.0 24.3 0
102624 18.375 10.0 24.3 0
102655 18.375 10.0 24.3 0
102725 18.375 10.0 24.3 0
102755 18.375 10.0 24.3 0
102825 18.375 10.0 24.3 0
102855 18.375 10.0 24.3 0
102926 18.375 10.0 24.3 0
102957 18.375 10.0 24.3 0
103027 18.375 10.0 24.3 0
103057 18.375 10.0 24.3 0
103128 18.375 10.0 24.3 0
103159 18.375 10.0 24.3 0
103229 18.375 10.0 24.3 0
103300 18.375 10.0 24.3 0
103330 18.375 10.0 24.3 0
103401 18.375 10.0 24.3 0
103432 18.375 10.0 24.3 0
103503 18.375 10.0 24.237 0
103533 18.375 10.0 24.237 0
103603 18.375 10.0 24.237 0
103634 18.375 10.0 24.237 0
103704 18.375 10.0 24.237 0
103734 18.375 10.0 24.237 0
103805 18.375 10.0 24.237 0
103835 18.375 10.0 24.237 0
103905 18.375 10.0 24.237 0
103936 18.375 10.0 24.237 0
104006 18.375 10.0 24.237 0
104039 18.375 10.0 24.237 0
104110 18.375 10.0 24.237 0
104140 18.375 10.0 24.237 0
104211 18.375 10.0 24.237 0
104241 18.375 10.0 24.237 0
104311 18.375 10.0 24.175 0
104342 18.375 10.0 24.175 0
104413 18.375 10.0 24.175 0
104443 18.375 10.0 24.175 0
104514 18.375 10.0 24.175 0
104544 18.375 10.0 24.175 0
104614 18.375 10.0 24.175 0
104644 18.375 10.0 24.175 0
104714 18.375 10.0 24.175 0
104745 18.375 10.0 24.175 0
104815 18.375 10.0 24.175 0
104845 18.375 10.0 24.175 0
104916 18.375 10.0 24.175 0
104947 18.375 10.0 24.175 0
105017 18.375 10.0 24.175 0
105047 18.375 10.0 24.175 0
105118 18.375 10.0 24.175 0
105149 18.375 10.0 24.175 0
105219 18.375 10.0 24.175 0
105250 18.375 10.0 24.112 0
105321 18.375 10.0 24.112 0
105351 18.375 10.0 24.175 0
105422 18.375 10.0 24.112 0
105452 18.375 10.0 24.112 0
105523 18.375 10.0 24.112 0
105553 18.375 10.0 24.112 0
105623 18.375 10.0 24.112 0
105653 18.375 10.0 24.112 0
105724 18.375 10.0 24.112 0
105754 18.375 10.0 24.112 0
105825 18.375 10.0 24.112 0
105856 18.375 10.0 24.112 0
105926 18.375 10.0 24.112 0
105956 18.375 10.0 24.112 0
110027 18.375 10.0 24.112 0
110058 18.375 10.0 24.112 0
110129 18.375 10.0 24.112 0
110159 18.375 10.0 24.112 0
110230 18.375 10.0 24.112 0
110300 18.375 10.0 24.112 0
110331 18.375 10.0 24.112 0
110402 18.375 10.0 24.05 0
110432 18.375 10.0 24.05 0
110503 18.375 10.0 24.05 0
110533 18.375 10.0 24.05 0
110603 18.375 10.0 24.05 0
110634 18.375 10.0 24.05 0
110704 18.375 10.0 24.05 0
110734 18.375 10.0 24.05 0
110804 18.375 10.0 24.05 0
110835 18.375 10.0 24.05 0
110906 18.375 10.0 24.05 0
110936 18.375 10.0 24.05 0
111006 18.375 10.0 24.05 0
111037 18.375 10.0 24.05 0
111107 18.375 10.0 24.05 0
111137 18.375 10.0 24.05 0
111208 18.375 10.0 23.987 0
111238 18.375 10.0 23.987 0
111309 18.375 10.0 23.987 0
111339 18.375 10.0 24.05 0
111410 18.375 10.0 23.987 0
111440 18.375 10.0 23.987 0
111511 18.375 10.0 23.987 0
111544 18.375 10.0 23.987 0
111614 18.375 10.0 23.987 0
111645 18.375 10.0 23.987 0
111715 18.375 10.0 23.987 0
111746 18.375 10.0 23.987 0
111816 18.375 10.0 23.987 0
111847 18.375 10.0 23.987 0
111918 18.375 10.0 23.987 0
111948 18.375 10.0 23.987 0
112019 18.375 10.0 23.987 0
112049 18.375 10.0 23.987 0
112120 18.375 10.0 23.987 0
112150 18.375 10.0 23.987 0
112221 18.375 10.0 23.925 0
112251 18.375 10.0 23.925 0
112322 18.375 10.0 23.925 0
112353 18.375 10.0 23.925 0
112424 18.375 10.0 23.925 0
112454 18.375 10.0 23.925 0
112525 18.375 10.0 23.925 0
112555 18.375 10.0 23.925 0
112626 18.375 10.0 23.925 0
112656 18.375 10.0 23.925 0
112727 18.375 10.0 23.925 0
112758 18.375 10.0 23.925 0
112828 18.375 10.0 23.925 0
112859 18.375 10.0 23.925 0
112929 18.375 10.0 23.925 0
113000 18.375 10.0 23.925 0
113030 18.375 10.0 23.925 0
113100 18.375 10.0 23.862 0
113131 18.375 10.0 23.925 0
113201 18.375 10.0 23.862 0
113232 18.375 10.0 23.862 0
113302 18.375 10.0 23.862 0
113333 18.375 10.0 23.862 0
113403 18.375 10.0 23.862 0
113433 18.375 10.0 23.862 0
113504 18.375 10.0 23.862 0
113534 18.375 10.0 23.862 0
113605 18.375 10.0 23.862 0
113635 18.375 10.0 23.862 0
113706 18.375 10.0 23.862 0
113736 18.375 10.0 23.862 0
113807 18.375 10.0 23.862 0
113837 18.375 10.0 23.862 0
113907 18.375 10.0 23.862 0
113938 18.375 10.0 23.862 0
114008 18.375 10.0 23.862 0
114038 18.375 10.0 23.862 0
114109 18.375 10.0 23.862 0
114139 18.375 10.0 23.8 0
114210 18.375 10.0 23.8 0
114241 18.375 10.0 23.862 0
114311 18.375 10.0 23.8 0
114342 18.437 10.0 23.8 0
114412 18.437 10.0 23.8 0
114443 18.437 10.0 23.8 0
114513 18.437 10.0 23.8 0
114544 18.437 10.0 23.8 0
114614 18.375 10.0 23.8 0
114644 18.375 10.0 23.8 0
114715 18.375 10.0 23.8 0
114745 18.375 10.0 23.8 0
114818 18.375 10.0 23.8 0
114848 18.375 10.0 23.8 0
114919 18.375 10.0 23.8 0
114949 18.375 10.0 23.8 0
115019 18.375 10.0 23.8 0
115049 18.375 10.0 23.737 0
115120 18.375 10.0 23.8 0
115150 18.375 10.0 23.737 0
115220 18.375 10.0 23.8 0
115251 18.375 10.0 23.737 0
115321 18.375 10.0 23.737 0
115352 18.375 10.0 23.737 0
115423 18.375 10.0 23.737 0
115453 18.375 10.0 23.737 0
115524 18.375 10.0 23.737 0
115555 18.375 10.0 23.737 0
115625 18.375 10.0 23.737 0
115656 18.375 10.0 23.737 0
115727 18.375 10.0 23.737 0
115757 18.375 10.0 23.737 0
115827 18.437 10.0 23.737 0
115858 18.437 10.0 23.737 0
115928 18.437 10.0 23.737 0
115959 18.437 10.0 23.737 0
120030 18.437 10.0 23.737 0
120100 18.375 10.0 23.737 0
120130 18.375 10.0 23.737 0
120201 18.375 10.0 23.675 0
120231 18.375 10.0 23.737 0
120301 18.375 10.0 23.675 0
120332 18.375 10.0 23.675 0
120402 18.375 10.0 23.675 0
120433 18.375 10.0 23.675 0
120503 18.375 10.0 23.675 0
120534 18.375 10.0 23.675 0
120604 18.375 10.0 23.675 0
120634 18.375 10.0 23.675 0
120705 18.375 10.0 23.675 0
120735 18.375 10.0 23.675 0
120806 18.375 10.0 23.675 0
120837 18.375 10.0 23.675 0
120908 18.375 10.0 23.675 0
120938 18.375 10.0 23.675 0
121008 18.375 10.0 23.675 0
121039 18.375 10.0 23.675 0
121109 18.375 10.0 23.675 0
121140 18.375 10.0 23.675 0
121211 18.375 10.0 23.675 0
121242 18.375 10.0 23.675 0
121312 18.375 10.0 23.675 0
121342 18.375 10.0 23.612 0
121413 18.375 10.0 23.612 0
121444 18.375 10.0 23.612 0
121514 18.375 10.0 23.612 0
121544 18.375 10.0 23.612 0
121614 18.375 10.0 23.612 0
121645 18.375 10.0 23.612 0
121715 18.375 10.0 23.612 0
121746 18.375 10.0 23.612 0
121816 18.375 10.0 23.612 0
121847 18.375 10.0 23.612 0
121917 18.375 10.0 23.612 0
121948 18.375 10.0 23.612 0
122018 18.375 10.0 23.612 0
122049 18.375 10.0 23.612 0
122119 18.375 10.0 23.612 0
122149 18.375 10.0 23.612 0
122220 18.375 10.0 23.612 0
122250 18.375 10.0 23.612 0
122321 18.375 10.0 23.612 0
122351 18.375 10.0 23.55 0
122422 18.375 10.0 23.55 0
122453 18.375 10.0 23.55 0
122523 18.375 10.0 23.55 0
122555 18.437 10.0 23.55 0
122626 18.437 10.0 23.55 0
122656 18.437 10.0 23.55 0
122726 18.437 10.0 23.55 0
122757 18.437 10.0 23.55 0
122827 18.437 10.0 23.55 0
122858 18.437 10.0 23.55 0
122929 18.437 10.0 23.55 0
122959 18.437 10.0 23.55 0
123030 18.437 10.0 23.55 0
123100 18.437 10.0 23.55 0
123131 18.437 10.0 23.55 0
123201 18.437 10.0 23.55 0
123232 18.437 10.0 23.55 0
123302 18.437 10.0 23.55 0
123333 18.437 10.0 23.487 0
123403 18.437 10.0 23.55 0
123434 18.437 10.0 23.55 0
123505 18.437 10.0 23.487 0
123535 18.437 10.0 23.487 0
123606 18.375 10.0 23.487 0
123636 18.375 10.0 23.487 0
123707 18.375 10.0 23.487 0
123737 18.375 10.0 23.487 0
123808 18.375 10.0 23.487 0
123839 18.437 10.0 23.487 0
123909 18.437 10.0 23.487 0
123939 18.437 10.0 23.487 0
124010 18.437 10.0 23.487 0
124040 18.437 10.0 23.487 0
124111 18.437 10.0 23.487 0
124142 18.437 10.0 23.487 0
124212 18.437 10.0 23.487 0
124243 18.437 10.0 23.487 0
124314 18.437 10.0 23.425 0
124344 18.375 10.0 23.487 0
124415 18.375 10.0 23.487 0
124445 18.375 10.0 23.487 0
124515 18.375 10.0 23.425 0
124546 18.375 10.0 23.425 0
124616 18.375 10.0 23.425 0
124646 18.375 10.0 23.425 0
124717 18.375 10.0 23.425 0
124747 18.375 10.0 23.425 0
124818 18.375 10.0 23.425 0
124848 18.375 10.0 23.425 0
124919 18.375 10.0 23.425 0
124949 18.375 10.0 23.425 0
125019 18.375 10.0 23.425 0
125050 18.375 10.0 23.425 0
125121 18.375 10.0 23.425 0
125151 18.375 10.0 23.425 0
125222 18.375 10.0 23.425 0
125253 18.375 10.0 23.425 0
125323 18.375 10.0 23.425 0
125354 18.375 10.0 23.425 0
125425 18.375 10.0 23.425 0
125456 18.375 10.0 23.425 0
125526 18.375 10.0 23.425 0
125559 18.375 10.0 23.362 0
125629 18.375 10.0 23.362 0
125700 18.375 10.0 23.362 0
125731 18.375 10.0 23.362 0
125802 18.375 10.0 23.362 0
125832 18.375 10.0 23.362 0
125902 18.375 10.0 23.362 0
125933 18.375 10.0 23.362 0
130003 18.375 10.0 23.362 0
130034 18.375 10.0 23.362 0
130104 18.375 10.0 23.362 0
130135 18.375 10.0 23.362 0
130205 18.375 10.0 23.362 0
130235 18.375 10.0 23.362 0
130306 18.375 10.0 23.362 0
130336 18.375 10.0 23.362 0
130407 18.375 10.0 23.362 0
130438 18.375 10.0 23.362 0
130508 18.375 10.0 23.362 0
130539 18.375 10.0 23.362 0
130609 18.375 10.0 23.362 0
130640 18.375 10.0 23.3 0
130710 18.375 10.0 23.3 0
130741 18.375 10.0 23.3 0
130812 18.375 10.0 23.3 0
130842 18.375 10.0 23.3 0
130913 18.375 10.0 23.3 0
130943 18.375 10.0 23.3 0
131014 18.375 10.0 23.3 0
131044 18.375 10.0 23.3 0
131115 18.375 10.0 23.3 0
131146 18.375 10.0 23.3 0
131216 18.375 10.0 23.3 0
131247 18.375 10.0 23.3 0
131318 18.375 10.0 23.3 0
131349 18.437 10.0 23.3 0
131419 18.437 10.0 23.3 0
131449 18.437 10.0 23.3 0
131519 18.437 10.0 23.3 0
131550 18.437 10.0 23.3 0
131621 18.437 10.0 23.3 0
131651 18.437 10.0 23.3 0
131721 18.437 10.0 23.3 0
131752 18.437 10.0 23.237 0
131822 18.437 10.0 23.237 0
131852 18.437 10.0 23.237 0
131923 18.437 10.0 23.237 0
131954 18.437 10.0 23.237 0
132024 18.437 10.0 23.237 0
132055 18.437 10.0 23.237 0
132125 18.437 10.0 23.237 0
132155 18.437 10.0 23.237 0
132226 18.437 10.0 23.237 0
132256 18.437 10.0 23.237 0
132327 18.437 10.0 23.237 0
132358 18.437 10.0 23.237 0
132428 18.437 10.0 23.237 0
132458 18.437 10.0 23.237 0
132529 18.437 10.0 23.237 0
132559 18.437 10.0 23.237 0
132630 18.437 10.0 23.237 0
132701 18.437 10.0 23.237 0
132731 18.437 10.0 23.237 0
132801 18.437 10.0 23.237 0
132834 18.437 10.0 23.175 0
132904 18.437 10.0 23.175 0
132934 18.437 10.0 23.175 0
133004 18.437 10.0 23.175 0
133035 18.437 10.0 23.175 0
133105 18.437 10.0 23.175 0
133135 18.437 10.0 23.175 0
133206 18.437 10.0 23.175 0
133236 18.437 10.0 23.175 0
133307 18.437 10.0 23.175 0
133337 18.5 10.0 23.175 0
133408 18.5 10.0 23.175 0
133438 18.5 10.0 23.175 0
133509 18.5 10.0 23.175 0
133540 18.5 10.0 23.175 0
133610 18.5 10.0 23.175 0
133641 18.5 10.0 23.175 0
133711 18.5 10.0 23.175 0
133742 18.5 10.0 23.175 0
133812 18.5 10.0 23.175 0
133842 18.5 10.0 23.175 0
133913 18.5 10.0 23.175 0
133944 18.5 10.0 23.112 0
134014 18.5 10.0 23.175 0
134045 18.5 10.0 23.175 0
134115 18.5 10.0 23.112 0
134146 18.5 10.0 23.112 0
134217 18.5 10.0 23.112 0
134247 18.5 10.0 23.112 0
134317 18.5 10.0 23.112 0
134348 18.5 10.0 23.112 0
134418 18.5 10.0 23.112 0
134449 18.5 10.0 23.112 0
134519 18.5 10.0 23.112 0
134549 18.5 10.0 23.112 0
134620 18.5 10.0 23.112 0
134650 18.5 10.0 23.112 0
134721 18.5 10.0 23.112 0
134751 18.5 10.0 23.112 0
134822 18.5 10.0 23.112 0
134852 18.5 10.0 23.112 0
134923 18.5 10.0 23.112 0
134954 18.5 10.0 23.112 0
135024 18.5 10.0 23.05 0
135054 18.5 10.0 23.112 0
135125 18.5 10.0 23.112 0
135155 18.5 10.0 23.05 0
135225 18.5 10.0 23.05 0
135256 18.5 10.0 23.05 0
135326 18.5 10.0 23.05 0
135356 18.5 10.0 23.05 0
135427 18.5 10.0 23.05 0
135457 18.5 10.0 23.05 0
135527 18.5 10.0 23.05 0
135558 18.5 10.0 23.05 0
135628 18.5 10.0 23.05 0
135659 18.5 10.0 23.05 0
135729 18.5 10.0 23.05 0
135800 18.5 10.0 23.05 0
135830 18.5 10.0 23.05 0
135900 18.5 10.0 23.05 0
135931 18.5 10.0 23.05 0
140001 18.5 10.0 23.05 0
140031 18.5 10.0 23.05 0
140102 18.5 10.0 23.05 0
140132 18.5 10.0 23.05 0
140202 18.5 10.0 23.05 0
140233 18.5 10.0 22.987 0
140303 18.5 10.0 22.987 0
140334 18.5 10.0 22.987 0
140404 18.5 10.0 22.987 0
140435 18.5 10.0 22.987 0
140505 18.5 10.0 22.987 0
140535 18.5 10.0 22.987 0
140608 18.562 10.0 22.987 0
140638 18.562 10.0 22.987 0
140709 18.562 10.0 22.987 0
140739 18.562 10.0 22.987 0
140810 18.562 10.0 22.987 0
140840 18.562 10.0 22.987 0
140910 18.562 10.0 22.987 0
140941 18.562 10.0 22.987 0
141011 18.562 10.0 22.987 0
141042 18.562 10.0 22.987 0
141112 18.562 10.0 22.987 0
141143 18.562 10.0 22.987 0
141214 18.562 10.0 22.987 0
141244 18.562 10.0 22.987 0
141315 18.562 10.0 22.987 0
141345 18.562 10.0 22.987 0
141416 18.562 10.0 22.925 0
141446 18.562 10.0 22.925 0
141517 18.562 10.0 22.925 0
141548 18.562 10.0 22.925 0
141618 18.562 10.0 22.925 0
141649 18.562 10.0 22.925 0
141719 18.562 10.0 22.925 0
141750 18.562 10.0 22.925 0
141821 18.562 10.0 22.925 0
141851 18.562 10.0 22.925 0
141922 18.562 10.0 22.925 0
141952 18.562 10.0 22.925 0
142023 18.562 10.0 22.925 0
142053 18.562 10.0 22.925 0
142124 18.562 10.0 22.925 0
142154 18.562 10.0 22.925 0
142224 18.562 10.0 22.925 0
142255 18.562 10.0 22.925 0
142325 18.562 10.0 22.925 0
142356 18.562 10.0 22.925 0
142426 18.562 10.0 22.925 0
142457 18.562 10.0 22.925 0
142528 18.562 10.0 22.925 0
142558 18.562 10.0 22.862 0
142628 18.562 10.0 22.925 0
142659 18.562 10.0 22.862 0
142729 18.562 10.0 22.862 0
142800 18.562 10.0 22.862 0
142830 18.562 10.0 22.862 0
142901 18.625 10.0 22.862 0
142931 18.625 10.0 22.862 0
143002 18.625 10.0 22.862 0
143033 18.625 10.0 22.862 0
143103 18.625 10.0 22.862 0
143134 18.687 10.0 22.862 0
143205 18.687 10.0 22.862 0
143235 18.687 10.0 22.862 0
143306 18.687 10.0 22.862 0
143337 18.687 10.0 22.862 0
143407 18.75 10.0 22.862 0
143438 18.75 10.0 22.862 0
143508 18.75 10.0 22.862 0
143538 18.75 10.0 22.862 0
143611 18.812 10.0 22.862 0
143642 18.812 10.0 22.862 0
143712 18.812 10.0 22.8 0
143743 18.812 10.0 22.862 0
143814 18.812 10.0 22.8 0
143845 19.0 10.0 22.8 0
143915 19.0 10.0 22.8 0
143946 19.0 10.0 22.8 0
144016 19.0 10.0 22.8 0
144047 19.0 10.0 22.8 0
144118 19.062 10.0 22.8 0
144148 19.062 10.0 22.8 0
144218 19.062 10.0 22.8 0
144249 19.062 10.0 22.8 0
144320 19.062 10.0 22.8 0
144350 19.062 10.0 22.8 0
144421 19.062 10.0 22.8 0
144451 19.062 10.0 22.8 0
144522 19.062 10.0 22.8 0
144553 19.062 10.0 22.8 0
144624 19.0 10.0 22.8 0
144654 19.0 10.0 22.8 0
144725 19.0 10.0 22.8 0
144756 19.0 10.0 22.8 0
144826 19.0 10.0 22.8 0
144856 19.0 10.0 22.8 0
144927 19.0 10.0 22.8 0
144958 19.0 10.0 22.737 0
145028 19.0 10.0 22.8 0
145059 19.0 10.0 22.737 0
145129 19.062 10.0 22.737 0
145200 19.062 10.0 22.737 0
145231 19.062 10.0 22.737 0
145302 19.062 10.0 22.737 0
145332 19.062 10.0 22.737 0
145403 19.125 10.0 22.737 0
145433 19.125 10.0 22.737 0
145503 19.125 10.0 22.737 0
145533 19.125 10.0 22.737 0
145604 19.125 10.0 22.737 0
145634 19.125 10.0 22.737 0
145705 19.125 10.0 22.737 0
145735 19.125 10.0 22.737 0
145805 19.125 10.0 22.737 0
145836 19.125 10.0 22.737 0
145907 19.187 10.0 22.737 0
145938 19.187 10.0 22.737 0
150008 19.187 10.0 22.737 0
150039 19.187 10.0 22.737 0
150109 19.187 10.0 22.737 0
150139 19.125 10.0 22.737 0
150210 19.125 10.0 22.737 0
150241 19.125 10.0 22.675 0
150311 19.125 10.0 22.737 0
150341 19.125 10.0 22.675 0
150412 19.125 10.0 22.675 0
150442 19.125 10.0 22.675 0
150513 19.125 10.0 22.675 0
150544 19.125 10.0 22.675 0
150616 19.25 10.0 22.675 0
150647 19.25 10.0 22.675 0
150718 19.25 10.0 22.675 0
150748 19.25 10.0 22.675 0
150818 19.25 10.0 22.675 0
150849 19.187 10.0 22.675 0
150920 19.187 10.0 22.675 0
150951 19.187 10.0 22.675 0
151021 19.187 10.0 22.675 0
151052 19.187 10.0 22.675 0
151123 19.25 10.0 22.675 0
151154 19.25 10.0 22.675 0
151224 19.25 10.0 22.675 0
151255 19.25 10.0 22.675 0
151326 19.25 10.0 22.612 0
151356 19.25 10.0 22.675 0
151427 19.25 10.0 22.675 0
151458 19.25 10.0 22.675 0
151528 19.25 10.0 22.612 0
151559 19.25 10.0 22.612 0
151630 19.312 10.0 22.612 0
151700 19.312 10.0 22.612 0
151731 19.312 10.0 22.612 0
151801 19.312 10.0 22.612 0
151832 19.312 10.0 22.612 0
151902 19.375 10.0 22.612 0
151933 19.375 10.0 22.612 0
152003 19.375 10.0 22.612 0
152034 19.375 10.0 22.612 0
152104 19.375 10.0 22.612 0
152134 19.437 10.0 22.612 0
152205 19.437 10.0 22.612 0
152235 19.437 10.0 22.612 0
152306 19.437 10.0 22.612 0
152336 19.437 10.0 22.612 0
152406 19.5 10.0 22.612 0
152437 19.5 10.0 22.612 0
152508 19.5 10.0 22.612 0
152538 19.5 10.0 22.612 0
152609 19.5 10.0 22.612 0
152639 19.5 10.0 22.55 0
152709 19.5 10.0 22.55 0
152740 19.5 10.0 22.55 0
152811 19.5 10.0 22.55 0
152841 19.5 10.0 22.55 0
152912 19.437 10.0 22.55 0
152943 19.437 10.0 22.55 0
153013 19.437 10.0 22.55 0
153043 19.437 10.0 22.55 0
153114 19.437 10.0 22.55 0
153144 19.5 10.0 22.55 0
153214 19.5 10.0 22.55 0
153245 19.5 10.0 22.55 0
153315 19.5 10.0 22.55 0
153346 19.5 10.0 22.55 0
153416 19.437 10.0 22.55 0
153447 19.437 10.0 22.55 0
153517 19.437 10.0 22.55 0
153548 19.437 10.0 22.55 0
153620 19.437 10.0 22.55 0
153651 19.437 10.0 22.55 0
153722 19.437 10.0 22.55 0
153752 19.437 10.0 22.55 0
153823 19.437 10.0 22.55 0
153853 19.375 10.0 22.55 0
153924 19.375 10.0 22.55 0
153955 19.375 10.0 22.55 0
154025 19.375 10.0 22.487 0
154056 19.375 10.0 22.487 0
154126 19.375 10.0 22.487 0
154157 19.375 10.0 22.487 0
154228 19.375 10.0 22.487 0
154258 19.375 10.0 22.487 0
154329 19.375 10.0 22.487 0
154359 19.5 10.0 22.487 0
154430 19.5 10.0 22.487 0
154500 19.5 10.0 22.487 0
154531 19.5 10.0 22.487 0
154602 19.5 10.0 22.487 0
154632 19.562 10.0 22.487 0
154703 19.562 10.0 22.487 0
154733 19.562 10.0 22.487 0
154804 19.562 10.0 22.487 0
154834 19.562 10.0 22.487 0
154905 19.5 10.0 22.487 0
154935 19.5 10.0 22.487 0
155005 19.5 10.0 22.487 0
155036 19.5 10.0 22.487 0
155106 19.5 10.0 22.487 0
155136 19.437 10.0 22.487 0
155207 19.437 10.0 22.487 0
155238 19.437 10.0 22.487 0
155308 19.437 10.0 22.425 0
155339 19.437 10.0 22.487 0
155410 19.5 10.0 22.425 0
155440 19.5 10.0 22.425 0
155510 19.5 10.0 22.425 0
155541 19.5 10.0 22.425 0
155611 19.5 10.0 22.425 0
155642 19.562 10.0 22.425 0
155712 19.562 10.0 22.425 0
155743 19.562 10.0 22.425 0
155814 19.562 10.0 22.425 0
155844 19.562 10.0 22.425 0
155915 19.5 10.0 22.425 0
155946 19.5 10.0 22.425 0
160017 19.5 10.0 22.425 0
160047 19.5 10.0 22.425 0
160118 19.5 10.0 22.425 0
160148 19.312 10.0 22.425 0
160218 19.312 10.0 22.425 0
160249 19.312 10.0 22.425 0
160320 19.312 10.0 22.425 0
160350 19.312 10.0 22.425 0
160420 19.25 10.0 22.425 0
160450 19.25 10.0 22.425 0
160520 19.25 10.0 22.425 0
160551 19.25 10.0 22.425 0
160621 19.25 10.0 22.362 0
160652 19.187 10.0 22.362 0
160722 19.187 10.0 22.362 0
160753 19.187 10.0 22.362 0
160824 19.187 10.0 22.362 0
160855 19.187 10.0 22.362 0
160925 19.187 10.0 22.362 0
160956 19.187 10.0 22.362 0
161026 19.187 10.0 22.362 0
161056 19.187 10.0 22.362 0
161126 19.125 10.0 22.362 0
161157 19.125 10.0 22.362 0
161227 19.125 10.0 22.362 0
161258 19.125 10.0 22.362 0
161328 19.125 10.0 22.362 0
161358 19.125 10.0 22.362 0
161428 19.125 10.0 22.362 0
161459 19.125 10.0 22.362 0
161530 19.125 10.0 22.362 0
161600 19.125 10.0 22.362 0
161630 19.125 10.0 22.362 0
161701 19.125 10.0 22.362 0
161731 19.125 10.0 22.362 0
161801 19.125 10.0 22.362 0
161831 19.125 10.0 22.3 0
161901 19.125 10.0 22.362 0
161931 19.125 10.0 22.362 0
162002 19.125 10.0 22.3 0
162033 19.125 10.0 22.3 0
162103 19.125 10.0 22.3 0
162133 19.187 10.0 22.3 0
162203 19.187 10.0 22.3 0
162234 19.187 10.0 22.3 0
162305 19.187 10.0 22.3 0
162335 19.187 10.0 22.3 0
162406 19.187 10.0 22.3 0
162436 19.187 10.0 22.3 0
162507 19.187 10.0 22.3 0
162538 19.187 10.0 22.3 0
162608 19.187 10.0 22.3 0
162639 19.187 10.0 22.3 0
162709 19.187 10.0 22.3 0
162739 19.187 10.0 22.3 0
162809 19.187 10.0 22.3 0
162840 19.187 10.0 22.3 0
162910 19.187 10.0 22.3 0
162941 19.187 10.0 22.3 0
163011 19.187 10.0 22.3 0
163041 19.187 10.0 22.3 0
163112 19.187 10.0 22.3 0
163142 19.187 10.0 22.237 0
163212 19.187 10.0 22.3 0
163242 19.187 10.0 22.237 0
163313 19.187 10.0 22.237 0
163343 19.187 10.0 22.237 0
163413 19.187 10.0 22.237 0
163444 19.187 10.0 22.237 0
163514 19.187 10.0 22.237 0
163545 19.187 10.0 22.237 0
163615 19.187 10.0 22.237 0
163645 19.187 10.0 22.237 0
163715 19.187 10.0 22.237 0
163745 19.187 10.0 22.237 0
163815 19.187 10.0 22.237 0
163846 19.187 10.0 22.237 0
163916 19.187 10.0 22.237 0
163947 19.187 10.0 22.237 0
164017 19.187 10.0 22.237 0
164048 19.187 10.0 22.237 0
164118 19.187 10.0 22.237 0
164149 19.25 10.0 22.237 0
164219 19.25 10.0 22.237 0
164250 19.25 10.0 22.237 0
164321 19.25 10.0 22.237 0
164351 19.25 10.0 22.237 0
164422 19.187 10.0 22.237 0
164452 19.187 10.0 22.237 0
164523 19.187 10.0 22.175 0
164553 19.187 10.0 22.237 0
164624 19.187 10.0 22.237 0
164655 19.187 10.0 22.175 0
164726 19.187 10.0 22.175 0
164756 19.187 10.0 22.175 0
164826 19.187 10.0 22.175 0
164856 19.187 10.0 22.175 0
164927 19.25 10.0 22.175 0
164957 19.25 10.0 22.175 0
165027 19.25 10.0 22.175 0
165058 19.25 10.0 22.175 0
165130 19.25 10.0 22.175 0
165201 19.25 10.0 22.175 0
165231 19.25 10.0 22.175 0
165301 19.25 10.0 22.175 0
165332 19.25 10.0 22.175 0
165403 19.312 10.0 22.175 0
165433 19.312 10.0 22.175 0
165504 19.312 10.0 22.175 0
165534 19.312 10.0 22.175 0
165605 19.312 10.0 22.175 0
165635 19.312 10.0 22.175 0
165706 19.312 10.0 22.175 0
165736 19.312 10.0 22.175 0
165807 19.312 10.0 22.175 0
165838 19.312 10.0 22.175 0
165908 19.375 10.0 22.175 0
165939 19.375 10.0 22.175 0
170009 19.375 10.0 22.175 0
170039 19.375 10.0 22.112 0
170110 19.375 10.0 22.112 0
170141 19.437 10.0 22.112 0
170212 19.437 10.0 22.112 0
170242 19.437 10.0 22.112 0
170313 19.437 10.0 22.112 0
170344 19.437 10.0 22.112 0
170414 19.437 10.0 22.112 0
170445 19.437 10.0 22.112 0
170516 19.437 10.0 22.112 0
170546 19.437 10.0 22.112 0
170617 19.437 10.0 22.112 0
170647 19.437 10.0 22.112 0
170717 19.437 10.0 22.112 0
170748 19.437 10.0 22.112 0
170818 19.437 10.0 22.112 0
170848 19.437 10.0 22.112 0
170919 19.5 10.0 22.112 0
170950 19.5 10.0 22.112 0
171020 19.5 10.0 22.112 0
171051 19.5 10.0 22.112 0
171121 19.5 10.0 22.112 0
171152 19.5 10.0 22.112 0
171223 19.5 10.0 22.112 0
171253 19.5 10.0 22.112 0
171324 19.5 10.0 22.112 0
171354 19.5 10.0 22.112 0
171425 19.5 10.0 22.112 0
171456 19.5 10.0 22.05 0
171526 19.5 10.0 22.05 0
171557 19.5 10.0 22.05 0
171628 19.5 10.0 22.05 0
171658 19.437 10.0 22.05 0
171729 19.437 10.0 22.05 0
171800 19.437 10.0 22.05 0
171830 19.437 10.0 22.05 0
171900 19.437 10.0 22.05 0
171931 19.437 10.0 22.05 0
172001 19.437 10.0 22.05 0
172031 19.437 10.0 22.05 0
172102 19.437 10.0 22.05 0
172134 19.375 10.0 22.05 0
172205 19.375 10.0 22.05 0
172235 19.375 10.0 22.05 0
172305 19.375 10.0 22.05 0
172335 19.375 10.0 22.05 0
172406 19.375 10.0 22.05 0
172436 19.375 10.0 22.05 0
172506 19.375 10.0 22.05 0
172537 19.375 10.0 22.05 0
172607 19.375 10.0 22.05 0
172638 19.312 10.0 22.05 0
172708 19.312 10.0 22.05 0
172739 19.312 10.0 22.05 0
172810 19.312 10.0 22.05 0
172840 19.312 10.0 22.05 0
172911 19.312 10.0 21.987 0
172941 19.312 10.0 21.987 0
173012 19.312 10.0 21.987 0
173042 19.312 10.0 21.987 0
173113 19.312 10.0 21.987 0
173144 19.312 10.0 21.987 0
173214 19.312 10.0 21.987 0
173244 19.312 10.0 21.987 0
173314 19.312 10.0 21.987 0
173345 19.312 10.0 21.987 0
173415 19.25 10.0 21.987 0
173446 19.25 10.0 21.987 0
173516 19.25 10.0 21.987 0
173546 19.25 10.0 21.987 0
173617 19.25 10.0 21.987 0
173647 19.25 10.0 21.987 0
173718 19.25 10.0 21.987 0
173749 19.25 10.0 21.987 0
173819 19.25 10.0 21.987 0
173850 19.25 10.0 21.987 0
173920 19.312 10.0 21.987 0
173950 19.312 10.0 21.987 0
174020 19.312 10.0 21.987 0
174050 19.312 10.0 21.987 0
174121 19.312 10.0 21.987 0
174151 19.375 10.0 21.987 0
174221 19.375 10.0 21.987 0
174252 19.375 10.0 21.987 0
174322 19.375 10.0 21.925 0
174353 19.375 10.0 21.987 0
174424 19.375 10.0 21.925 0
174454 19.375 10.0 21.925 0
174524 19.375 10.0 21.925 0
174555 19.375 10.0 21.925 0
174625 19.375 10.0 21.925 0
174656 19.375 10.0 21.925 0
174726 19.375 10.0 21.925 0
174756 19.375 10.0 21.925 0
174827 19.375 10.0 21.925 0
174858 19.375 10.0 21.925 0
174928 19.375 10.0 21.925 0
174959 19.375 10.0 21.925 0
175030 19.375 10.0 21.925 0
175100 19.375 10.0 21.925 0
175131 19.375 10.0 21.925 0
175201 19.375 10.0 21.925 0
175232 19.375 10.0 21.925 0
175303 19.375 10.0 21.925 0
175333 19.375 10.0 21.925 0
175404 19.375 10.0 21.925 0
175435 19.375 10.0 21.925 0
175505 19.375 10.0 21.925 0
175536 19.375 10.0 21.925 0
175606 19.375 10.0 21.925 0
175639 19.437 10.0 21.925 0
175709 19.437 10.0 21.925 0
175739 19.437 10.0 21.925 0
175810 19.437 10.0 21.862 0
175840 19.437 10.0 21.925 0
175911 19.5 10.0 21.925 0
175941 19.5 10.0 21.862 0
180011 19.5 10.0 21.862 0
180042 19.5 10.0 21.862 0
180113 19.5 10.0 21.862 0
180143 19.625 10.0 21.862 0
180214 19.625 10.0 21.862 0
180245 19.625 10.0 21.862 0
180315 19.625 10.0 21.862 0
180346 19.625 10.0 21.862 0
180416 19.625 10.0 21.862 0
180447 19.625 10.0 21.862 0
180518 19.625 10.0 21.862 0
180548 19.625 10.0 21.862 0
180619 19.625 10.0 21.862 0
180650 19.75 10.0 21.862 0
180720 19.75 10.0 21.862 0
180751 19.75 10.0 21.862 0
180822 19.75 10.0 21.862 0
180852 19.75 10.0 21.862 0
180922 19.812 10.0 21.862 0
180953 19.812 10.0 21.862 0
181023 19.812 10.0 21.862 0
181054 19.812 10.0 21.862 0
181125 19.812 10.0 21.862 0
181155 19.875 10.0 21.862 0
181225 19.875 10.0 21.862 0
181255 19.875 10.0 21.862 0
181326 19.875 10.0 21.862 0
181357 19.875 10.0 21.862 0
181427 19.937 10.0 21.862 0
181458 19.937 10.0 21.8 0
181528 19.937 10.0 21.8 0
181559 19.937 10.0 21.8 0
181630 19.937 10.0 21.8 0
181701 19.937 10.0 21.8 0
181731 19.937 10.0 21.8 0
181802 19.937 10.0 21.8 0
181832 19.937 10.0 21.8 0
181902 19.937 10.0 21.8 0
181933 20.0 10.0 21.8 0
182003 20.0 10.0 21.8 0
182034 20.0 10.0 21.8 0
182104 20.0 10.0 21.8 0
182134 20.0 10.0 21.8 0
182204 20.0 10.0 21.8 0
182235 20.0 10.0 21.8 0
182306 20.0 10.0 21.8 0
182336 20.0 10.0 21.8 0
182407 20.0 10.0 21.8 0
182438 20.0 10.0 21.8 0
182509 20.0 10.0 21.8 0
182539 20.0 10.0 21.8 0
182610 20.0 10.0 21.8 0
182642 20.0 10.0 21.8 0
182712 20.0 10.0 21.8 0
182742 20.0 10.0 21.8 0
182813 20.0 10.0 21.8 0
182843 20.0 10.0 21.8 0
182913 20.062 10.0 21.737 0
182944 20.062 10.0 21.737 0
183014 20.062 10.0 21.737 0
183044 20.062 10.0 21.737 0
183115 20.062 10.0 21.737 0
183145 20.125 10.0 21.737 0
183216 20.125 10.0 21.737 0
183246 20.125 10.0 21.737 0
183316 20.125 10.0 21.737 0
183347 20.125 10.0 21.737 0
183418 20.25 10.0 21.737 0
183448 20.25 10.0 21.737 0
183518 20.25 10.0 21.737 0
183549 20.25 10.0 21.737 0
183619 20.25 10.0 21.737 0
183650 20.25 10.0 21.737 0
183721 20.25 10.0 21.737 0
183751 20.25 10.0 21.737 0
183821 20.25 10.0 21.737 0
183852 20.25 10.0 21.737 0
183922 20.312 10.0 21.737 0
183953 20.312 10.0 21.737 0
184023 20.312 10.0 21.737 0
184054 20.312 10.0 21.737 0
184124 20.312 10.0 21.737 0
184155 20.375 10.0 21.737 0
184225 20.375 10.0 21.737 0
184256 20.375 10.0 21.737 0
184327 20.375 10.0 21.737 0
184357 20.375 10.0 21.675 0
184427 20.375 10.0 21.737 0
184458 20.375 10.0 21.737 0
184529 20.375 10.0 21.737 0
184600 20.375 10.0 21.675 0
184630 20.375 10.0 21.675 0
184701 20.375 10.0 21.675 0
184731 20.375 10.0 21.675 0
184801 20.375 10.0 21.675 0
184831 20.375 10.0 21.675 0
184902 20.375 10.0 21.675 0
184933 20.437 10.0 21.675 0
185003 20.437 10.0 21.675 0
185034 20.437 10.0 21.675 0
185105 20.437 10.0 21.675 0
185135 20.437 10.0 21.675 0
185206 20.5 10.0 21.675 0
185236 20.5 10.0 21.675 0
185307 20.5 10.0 21.675 0
185337 20.5 10.0 21.675 0
185407 20.5 10.0 21.675 0
185438 20.562 10.0 21.675 0
185509 20.562 10.0 21.675 0
185539 20.562 10.0 21.675 0
185610 20.562 10.0 21.675 0
185641 20.562 10.0 21.675 0
185711 20.562 10.0 21.675 0
185742 20.562 10.0 21.675 0
185812 20.562 10.0 21.675 0
185842 20.562 10.0 21.675 0
185913 20.562 10.0 21.675 0
185944 20.5 10.0 21.675 0
190014 20.5 10.0 21.675 0
190044 20.5 10.0 21.675 0
190115 20.5 10.0 21.612 0
190147 20.5 10.0 21.612 0
190218 20.5 10.0 21.612 0
190248 20.5 10.0 21.612 0
190318 20.5 10.0 21.612 0
190348 20.5 10.0 21.612 0
190419 20.562 10.0 21.612 0
190450 20.562 10.0 21.612 0
190520 20.562 10.0 21.612 0
190550 20.562 10.0 21.612 0
190621 20.562 10.0 21.612 0
190651 20.5 10.0 21.612 0
190722 20.5 10.0 21.612 0
190752 20.5 10.0 21.612 0
190823 20.5 10.0 21.612 0
190853 20.5 10.0 21.612 0
190924 20.5 10.0 21.612 0
190955 20.5 10.0 21.612 0
191025 20.5 10.0 21.612 0
191055 20.5 10.0 21.612 0
191125 20.5 10.0 21.612 0
191155 20.437 10.0 21.612 0
191226 20.437 10.0 21.612 0
191257 20.437 10.0 21.612 0
191327 20.437 10.0 21.612 0
191358 20.437 10.0 21.612 0
191429 20.437 10.0 21.612 0
191459 20.437 10.0 21.612 0
191529 20.437 10.0 21.612 0
191600 20.437 10.0 21.612 0
191630 20.437 10.0 21.612 0
191701 20.437 10.0 21.612 0
191732 20.437 10.0 21.55 0
191802 20.437 10.0 21.55 0
191833 20.437 10.0 21.55 0
191904 20.437 10.0 21.55 0
191934 20.5 10.0 21.55 0
192004 20.5 10.0 21.55 0
192034 20.5 10.0 21.55 0
192104 20.5 10.0 21.55 0
192134 20.5 10.0 21.55 0
192205 20.5 10.0 21.55 0
192235 20.5 10.0 21.55 0
192306 20.5 10.0 21.55 0
192337 20.5 10.0 21.55 0
192407 20.5 10.0 21.55 0
192438 20.5 10.0 21.55 0
192509 20.5 10.0 21.55 0
192539 20.5 10.0 21.55 0
192610 20.5 10.0 21.55 0
192640 20.5 10.0 21.55 0
192711 20.5 10.0 21.55 0
192741 20.5 10.0 21.55 0
192812 20.5 10.0 21.55 0
192842 20.5 10.0 21.55 0
192912 20.5 10.0 21.55 0
192943 20.437 10.0 21.55 0
193013 20.437 10.0 21.55 0
193044 20.437 10.0 21.55 0
193114 20.437 10.0 21.55 0
193145 20.437 10.0 21.55 0
193215 20.437 10.0 21.55 0
193246 20.437 10.0 21.55 0
193316 20.437 10.0 21.487 0
193347 20.437 10.0 21.487 0
193417 20.437 10.0 21.487 0
193447 20.437 10.0 21.487 0
193518 20.437 10.0 21.487 0
193548 20.437 10.0 21.487 0
193619 20.437 10.0 21.487 0
193651 20.437 10.0 21.487 0
193722 20.437 10.0 21.487 0
193753 20.437 10.0 21.487 0
193824 20.437 10.0 21.487 0
193854 20.437 10.0 21.487 0
193925 20.375 10.0 21.487 0
193955 20.375 10.0 21.487 0
194026 20.375 10.0 21.487 0
194057 20.375 10.0 21.487 0
194127 20.375 10.0 21.487 0
194157 20.312 10.0 21.487 0
194228 20.312 10.0 21.487 0
194259 20.312 10.0 21.487 0
194330 20.312 10.0 21.487 0
194400 20.312 10.0 21.487 0
194430 20.312 10.0 21.487 0
194501 20.312 10.0 21.487 0
194531 20.312 10.0 21.487 0
194601 20.312 10.0 21.487 0
194632 20.312 10.0 21.487 0
194702 20.25 10.0 21.487 0
194733 20.25 10.0 21.487 0
194803 20.25 10.0 21.487 0
194834 20.25 10.0 21.487 0
194904 20.25 10.0 21.487 0
194935 20.25 10.0 21.425 0
195005 20.25 10.0 21.487 0
195035 20.25 10.0 21.487 0
195106 20.25 10.0 21.425 0
195136 20.25 10.0 21.425 0
195206 20.25 10.0 21.425 0
195237 20.25 10.0 21.425 0
195308 20.25 10.0 21.425 0
195338 20.25 10.0 21.425 0
195409 20.25 10.0 21.425 0
195439 20.25 10.0 21.425 0
195509 20.25 10.0 21.425 0
195540 20.25 10.0 21.425 0
195611 20.25 10.0 21.425 0
195642 20.25 10.0 21.425 0
195712 20.25 10.0 21.425 0
195743 20.25 10.0 21.425 0
195814 20.25 10.0 21.425 0
195844 20.25 10.0 21.425 0
195915 20.25 10.0 21.425 0
195946 20.187 10.0 21.425 0
200016 20.187 10.0 21.425 0
200047 20.187 10.0 21.425 0
200117 20.187 10.0 21.425 0
200148 20.187 10.0 21.425 0
200218 20.187 10.0 21.425 0
200249 20.187 10.0 21.425 0
200319 20.187 10.0 21.425 0
200349 20.187 10.0 21.425 0
200419 20.187 10.0 21.425 0
200450 20.187 10.0 21.425 0
200520 20.187 10.0 21.425 0
200551 20.187 10.0 21.425 0
200622 20.187 10.0 21.425 0
200652 20.187 10.0 21.362 0
200723 20.187 10.0 21.425 0
200754 20.187 10.0 21.425 0
200825 20.187 10.0 21.362 0
200855 20.187 10.0 21.362 0
200926 20.25 10.0 21.362 0
200957 20.25 10.0 21.362 0
201027 20.25 10.0 21.425 0
201058 20.25 10.0 21.362 0
201128 20.25 10.0 21.362 0
201159 20.25 10.0 21.362 0
201229 20.25 10.0 21.362 0
201300 20.25 10.0 21.362 0
201330 20.25 10.0 21.362 0
201400 20.25 10.0 21.362 0
201431 20.25 10.0 21.362 0
201501 20.25 10.0 21.362 0
201532 20.25 10.0 21.362 0
201603 20.25 10.0 21.362 0
201633 20.25 10.0 21.362 0
201704 20.25 10.0 21.362 0
201734 20.25 10.0 21.362 0
201805 20.25 10.0 21.362 0
201835 20.25 10.0 21.362 0
201906 20.25 10.0 21.362 0
201936 20.25 10.0 21.362 0
202006 20.25 10.0 21.362 0
202037 20.25 10.0 21.362 0
202108 20.25 10.0 21.362 0
202139 20.25 10.0 21.362 0
202209 20.312 10.0 21.362 0
202240 20.312 10.0 21.362 0
202311 20.312 10.0 21.362 0
202341 20.312 10.0 21.362 0
202412 20.312 10.0 21.362 0
202442 20.312 10.0 21.3 0
202513 20.312 10.0 21.362 0
202543 20.312 10.0 21.362 0
202614 20.312 10.0 21.3 0
202645 20.312 10.0 21.3 0
202715 20.312 10.0 21.3 0
202746 20.312 10.0 21.3 0
202816 20.312 10.0 21.3 0
202847 20.312 10.0 21.3 0
202917 20.312 10.0 21.3 0
202947 20.312 10.0 21.3 0
203018 20.312 10.0 21.3 0
203048 20.312 10.0 21.3 0
203119 20.312 10.0 21.3 0
203149 20.312 10.0 21.3 0
203220 20.312 10.0 21.3 0
203250 20.312 10.0 21.3 0
203321 20.312 10.0 21.3 0
203351 20.312 10.0 21.3 0
203421 20.312 10.0 21.3 0
203451 20.375 10.0 21.3 0
203521 20.375 10.0 21.3 0
203552 20.375 10.0 21.3 0
203623 20.375 10.0 21.3 0
203653 20.375 10.0 21.3 0
203723 20.312 10.0 21.3 0
203753 20.312 10.0 21.3 0
203824 20.312 10.0 21.3 0
203855 20.312 10.0 21.3 0
203925 20.312 10.0 21.3 0
203956 20.312 10.0 21.3 0
204026 20.312 10.0 21.3 0
204057 20.312 10.0 21.3 0
204128 20.312 10.0 21.3 0
204201 20.312 10.0 21.237 0
204231 20.312 10.0 21.3 0
204302 20.312 10.0 21.237 0
204332 20.312 10.0 21.237 0
204402 20.312 10.0 21.237 0
204433 20.312 10.0 21.237 0
204504 20.312 10.0 21.237 0
204534 20.312 10.0 21.237 0
204605 20.312 10.0 21.237 0
204636 20.312 10.0 21.237 0
204706 20.312 10.0 21.237 0
204737 20.312 10.0 21.237 0
204808 20.312 10.0 21.237 0
204838 20.312 10.0 21.237 0
204909 20.312 10.0 21.237 0
204940 20.312 10.0 21.237 0
205010 20.312 10.0 21.237 0
205041 20.312 10.0 21.237 0
205111 20.312 10.0 21.237 0
205142 20.312 10.0 21.237 0
205213 20.375 10.0 21.237 0
205243 20.375 10.0 21.237 0
205314 20.375 10.0 21.237 0
205345 20.375 10.0 21.237 0
205416 20.375 10.0 21.237 0
205446 20.375 10.0 21.237 0
205516 20.375 10.0 21.237 0
205546 20.375 10.0 21.237 0
205617 20.375 10.0 21.237 0
205647 20.375 10.0 21.237 0
205718 20.375 10.0 21.237 0
205748 20.375 10.0 21.237 0
205819 20.375 10.0 21.237 0
205849 20.375 10.0 21.237 0
205920 20.375 10.0 21.175 0
205951 20.375 10.0 21.237 0
210021 20.375 10.0 21.237 0
210052 20.375 10.0 21.237 0
210123 20.375 10.0 21.237 0
210154 20.375 10.0 21.175 0
210224 20.375 10.0 21.175 0
210255 20.375 10.0 21.175 0
210326 20.375 10.0 21.175 0
210356 20.375 10.0 21.175 0
210427 20.375 10.0 21.175 0
210457 20.375 10.0 21.175 0
210527 20.375 10.0 21.175 0
210557 20.375 10.0 21.175 0
210628 20.375 10.0 21.175 0
210658 20.375 10.0 21.175 0
210729 20.375 10.0 21.175 0
210759 20.375 10.0 21.175 0
210829 20.375 10.0 21.175 0
210859 20.375 10.0 21.175 0
210930 20.375 10.0 21.175 0
211000 20.375 10.0 21.175 0
211030 20.375 10.0 21.175 0
211101 20.375 10.0 21.175 0
211131 20.375 10.0 21.175 0
211202 20.375 10.0 21.175 0
211232 20.375 10.0 21.175 0
211303 20.375 10.0 21.175 0
211333 20.375 10.0 21.175 0
211404 20.375 10.0 21.175 0
211436 20.437 10.0 21.175 0
211506 20.437 10.0 21.175 0
211537 20.437 10.0 21.175 0
211607 20.437 10.0 21.175 0
211638 20.437 10.0 21.175 0
211708 20.437 10.0 21.175 0
211739 20.437 10.0 21.175 0
211809 20.437 10.0 21.175 0
211840 20.437 10.0 21.175 0
211911 20.437 10.0 21.175 0
211941 20.437 10.0 21.112 0
212012 20.437 10.0 21.112 0
212042 20.437 10.0 21.112 0
212113 20.437 10.0 21.112 0
212144 20.437 10.0 21.112 0
212215 20.437 10.0 21.112 0
212245 20.437 10.0 21.112 0
212316 20.437 10.0 21.112 0
212347 20.437 10.0 21.112 0
212417 20.437 10.0 21.112 0
212448 20.437 10.0 21.112 0
212518 20.437 10.0 21.112 0
212548 20.437 10.0 21.112 0
212619 20.437 10.0 21.112 0
212650 20.437 10.0 21.112 0
212720 20.437 10.0 21.112 0
212751 20.437 10.0 21.112 0
212821 20.437 10.0 21.112 0
212851 20.437 10.0 21.112 0
212921 20.437 10.0 21.112 0
212952 20.437 10.0 21.112 0
213023 20.437 10.0 21.112 0
213054 20.437 10.0 21.112 0
213124 20.437 10.0 21.112 0
213155 20.437 10.0 21.112 0
213225 20.437 10.0 21.112 0
213256 20.437 10.0 21.112 0
213327 20.437 10.0 21.112 0
213357 20.437 10.0 21.112 0
213427 20.437 10.0 21.112 0
213458 20.437 10.0 21.112 0
213528 20.437 10.0 21.112 0
213558 20.437 10.0 21.112 0
213629 20.437 10.0 21.112 0
213659 20.437 10.0 21.112 0
213730 20.437 10.0 21.05 0
213801 20.437 10.0 21.112 0
213831 20.437 10.0 21.112 0
213901 20.437 10.0 21.05 0
213931 20.437 10.0 21.05 0
214001 20.437 10.0 21.05 0
214031 20.437 10.0 21.05 0
214102 20.437 10.0 21.05 0
214133 20.437 10.0 21.05 0
214203 20.437 10.0 21.05 0
214234 20.437 10.0 21.05 0
214304 20.437 10.0 21.05 0
214335 20.437 10.0 21.05 0
214406 20.437 10.0 21.05 0
214436 20.437 10.0 21.05 0
214507 20.5 10.0 21.05 0
214538 20.5 10.0 21.05 0
214608 20.5 10.0 21.05 0
214639 20.5 10.0 21.05 0
214710 20.437 10.0 21.05 0
214741 20.437 10.0 21.05 0
214812 20.437 10.0 21.05 0
214842 20.437 10.0 21.05 0
214912 20.437 10.0 21.05 0
214943 20.437 10.0 21.05 0
215013 20.437 10.0 21.05 0
215043 20.437 10.0 21.05 0
215114 20.437 10.0 21.05 0
215144 20.437 10.0 21.05 0
215214 20.437 10.0 21.05 0
215244 20.437 10.0 21.05 0
215314 20.437 10.0 21.05 0
215345 20.437 10.0 21.05 0
215415 20.437 10.0 21.05 0
215446 20.5 10.0 21.05 0
215516 20.5 10.0 21.05 0
215547 20.5 10.0 21.05 0
215617 20.5 10.0 21.05 0
215648 20.5 10.0 21.05 0
215718 20.5 10.0 21.05 0
215748 20.5 10.0 21.05 0
215819 20.5 10.0 20.987 0
215850 20.5 10.0 20.987 0
215920 20.5 10.0 20.987 0
215951 20.5 10.0 20.987 0
220022 20.5 10.0 20.987 0
220052 20.5 10.0 20.987 0
220123 20.5 10.0 20.987 0
220153 20.5 10.0 20.987 0
220223 20.437 10.0 20.987 0
220254 20.437 10.0 20.987 0
220325 20.437 10.0 20.987 0
220355 20.437 10.0 20.987 0
220426 20.437 10.0 20.987 0
220456 20.437 10.0 20.987 0
220527 20.437 10.0 20.987 0
220558 20.437 10.0 20.987 0
220628 20.437 10.0 20.987 0
220658 20.437 10.0 20.987 0
220729 20.437 10.0 20.987 0
220759 20.437 10.0 20.987 0
220829 20.437 10.0 20.987 0
220900 20.437 10.0 20.987 0
220930 20.437 10.0 20.987 0
221001 20.5 10.0 20.987 0
221032 20.5 10.0 20.987 0
221103 20.5 10.0 20.987 0
221133 20.5 10.0 20.987 0
221203 20.5 10.0 20.987 0
221234 20.562 10.0 20.987 0
221304 20.562 10.0 20.987 0
221335 20.562 10.0 20.987 0
221405 20.562 10.0 20.987 0
221436 20.562 10.0 20.987 0
221506 20.625 10.0 20.987 0
221537 20.625 10.0 20.987 0
221607 20.625 10.0 20.987 0
221638 20.625 10.0 20.925 0
221708 20.625 10.0 20.987 0
221739 20.625 10.0 20.925 0
221809 20.625 10.0 20.925 0
221839 20.625 10.0 20.925 0
221909 20.625 10.0 20.925 0
221940 20.625 10.0 20.925 0
222010 20.625 10.0 20.925 0
222041 20.625 10.0 20.925 0
222111 20.625 10.0 20.925 0
222141 20.625 10.0 20.925 0
222214 20.562 10.0 20.925 0
222244 20.562 10.0 20.925 0
222315 20.562 10.0 20.925 0
222346 20.562 10.0 20.925 0
222416 20.562 10.0 20.925 0
222447 20.562 10.0 20.925 0
222517 20.562 10.0 20.925 0
222548 20.562 10.0 20.925 0
222619 20.562 10.0 20.925 0
222649 20.562 10.0 20.925 0
222719 20.5 10.0 20.925 0
222750 20.5 10.0 20.925 0
222820 20.5 10.0 20.925 0
222851 20.5 10.0 20.925 0
222921 20.5 10.0 20.925 0
222951 20.437 10.0 20.925 0
223022 20.437 10.0 20.925 0
223053 20.437 10.0 20.925 0
223123 20.437 10.0 20.925 0
223154 20.437 10.0 20.925 0
223224 20.437 10.0 20.925 0
223254 20.437 10.0 20.925 0
223325 20.437 10.0 20.925 0
223356 20.437 10.0 20.925 0
223426 20.437 10.0 20.925 0
223456 20.375 10.0 20.925 0
223526 20.375 10.0 20.925 0
223556 20.375 10.0 20.862 0
223627 20.375 10.0 20.925 0
223657 20.375 10.0 20.862 0
223728 20.375 10.0 20.862 0
223758 20.375 10.0 20.862 0
223829 20.375 10.0 20.862 0
223900 20.375 10.0 20.862 0
223930 20.375 10.0 20.862 0
224000 20.312 10.0 20.862 0
224031 20.312 10.0 20.862 0
224101 20.312 10.0 20.862 0
224132 20.312 10.0 20.862 0
224202 20.312 10.0 20.862 0
224233 20.312 10.0 20.862 0
224304 20.312 10.0 20.862 0
224334 20.312 10.0 20.862 0
224404 20.312 10.0 20.862 0
224434 20.312 10.0 20.862 0
224505 20.312 10.0 20.862 0
224535 20.312 10.0 20.862 0
224605 20.312 10.0 20.862 0
224636 20.312 10.0 20.862 0
224706 20.312 10.0 20.862 0
224736 20.312 10.0 20.862 0
224806 20.312 10.0 20.862 0
224837 20.312 10.0 20.862 0
224908 20.312 10.0 20.862 0
224938 20.312 10.0 20.862 0
225009 20.25 10.0 20.862 0
225039 20.25 10.0 20.862 0
225110 20.25 10.0 20.862 0
225141 20.25 10.0 20.862 0
225211 20.25 10.0 20.862 0
225241 20.25 10.0 20.862 0
225311 20.25 10.0 20.862 0
225342 20.25 10.0 20.862 0
225413 20.25 10.0 20.862 0
225443 20.25 10.0 20.862 0
225514 20.25 10.0 20.862 0
225544 20.25 10.0 20.862 0
225614 20.25 10.0 20.862 0
225645 20.25 10.0 20.8 0
225715 20.25 10.0 20.862 0
225746 20.25 10.0 20.862 0
225817 20.25 10.0 20.8 0
225847 20.25 10.0 20.8 0
225918 20.25 10.0 20.8 0
225949 20.187 10.0 20.8 0
230020 20.187 10.0 20.8 0
230050 20.187 10.0 20.8 0
230120 20.187 10.0 20.8 0
230150 20.187 10.0 20.8 0
230221 20.187 10.0 20.8 0
230251 20.187 10.0 20.8 0
230322 20.187 10.0 20.8 0
230352 20.187 10.0 20.8 0
230423 20.187 10.0 20.8 0
230453 20.125 10.0 20.8 0
230523 20.125 10.0 20.8 0
230554 20.125 10.0 20.8 0
230624 20.125 10.0 20.8 0
230655 20.125 10.0 20.8 0
230726 20.125 10.0 20.8 0
230757 20.125 10.0 20.8 0
230827 20.125 10.0 20.8 0
230857 20.125 10.0 20.8 0
230928 20.125 10.0 20.8 0
230958 20.125 10.0 20.8 0
231029 20.125 10.0 20.8 0
231100 20.125 10.0 20.8 0
231130 20.125 10.0 20.8 0
231201 20.125 10.0 20.8 0
231232 20.125 10.0 20.8 0
231302 20.125 10.0 20.8 0
231333 20.125 10.0 20.8 0
231403 20.125 10.0 20.8 0
231434 20.125 10.0 20.8 0
231505 20.062 10.0 20.8 0
231535 20.062 10.0 20.8 0
231606 20.062 10.0 20.8 0
231636 20.062 10.0 20.737 0
231707 20.062 10.0 20.8 0
231737 20.062 10.0 20.8 0
231808 20.062 10.0 20.737 0
231839 20.062 10.0 20.737 0
231909 20.062 10.0 20.8 0
231940 20.062 10.0 20.737 0
232010 20.062 10.0 20.737 0
232041 20.062 10.0 20.737 0
232111 20.062 10.0 20.737 0
232141 20.062 10.0 20.737 0
232212 20.062 10.0 20.737 0
232242 20.0 10.0 20.737 0
232313 20.0 10.0 20.737 0
232343 20.0 10.0 20.737 0
232414 20.0 10.0 20.737 0
232444 20.0 10.0 20.737 0
232514 20.0 10.0 20.737 0
232545 20.0 10.0 20.737 0
232616 20.0 10.0 20.737 0
232646 20.0 10.0 20.737 0
232716 20.0 10.0 20.737 0
232747 20.0 10.0 20.737 0
232817 20.0 10.0 20.737 0
232848 20.0 10.0 20.737 0
232919 20.0 10.0 20.737 0
232950 20.0 10.0 20.737 0
233020 19.937 10.0 20.737 0
233050 19.937 10.0 20.737 0
233121 19.937 10.0 20.737 0
233151 19.937 10.0 20.737 0
233224 19.937 10.0 20.737 0
233254 19.937 10.0 20.737 0
233325 19.937 10.0 20.737 0
233356 19.937 10.0 20.737 0
233426 19.937 10.0 20.737 0
233456 19.875 10.0 20.737 0
233526 19.875 10.0 20.737 0
233556 19.875 10.0 20.737 0
233627 19.875 10.0 20.737 0
233658 19.875 10.0 20.737 0
233729 19.875 10.0 20.737 0
233759 19.875 10.0 20.737 0
233829 19.875 10.0 20.675 0
233900 19.875 10.0 20.675 0
233931 19.875 10.0 20.675 0
234001 19.875 10.0 20.675 0
234032 19.875 10.0 20.675 0
234102 19.875 10.0 20.675 0
234133 19.875 10.0 20.675 0
234203 19.875 10.0 20.675 0
234233 19.812 10.0 20.675 0
234303 19.812 10.0 20.675 0
234334 19.812 10.0 20.675 0
234405 19.812 10.0 20.675 0
234435 19.812 10.0 20.675 0
234506 19.812 10.0 20.675 0
234536 19.812 10.0 20.675 0
234607 19.812 10.0 20.675 0
234637 19.812 10.0 20.675 0
234708 19.812 10.0 20.675 0
234739 19.812 10.0 20.675 0
234809 19.812 10.0 20.675 0
234839 19.812 10.0 20.675 0
234910 19.812 10.0 20.675 0
234940 19.812 10.0 20.675 0
235011 19.75 10.0 20.675 0
235041 19.75 10.0 20.675 0
235112 19.75 10.0 20.675 0
235143 19.75 10.0 20.675 0
235213 19.75 10.0 20.675 0
235244 19.75 10.0 20.675 0
235315 19.75 10.0 20.675 0
235345 19.75 10.0 20.675 0
235416 19.75 10.0 20.675 0
235446 19.75 10.0 20.675 0
235517 19.75 10.0 20.675 0
235547 19.75 10.0 20.675 0
235617 19.75 10.0 20.675 0
235648 19.75 10.0 20.675 0
235718 19.75 10.0 20.675 0
235749 19.687 10.0 20.675 0
235820 19.687 10.0 20.675 0
235850 19.687 10.0 20.675 0
