235927 19.437 10.0 64.612 0
235957 19.437 10.0 64.612 0
000028 19.437 10.0 64.675 0
000058 19.375 10.0 64.675 0
000129 19.375 10.0 64.737 0
000159 19.375 10.0 64.737 0
000229 19.375 10.0 64.675 0
000259 19.375 10.0 64.675 0
000329 19.312 10.0 64.737 0
000400 19.312 10.0 64.675 0
000431 19.312 10.0 64.737 0
000501 19.312 10.0 64.737 0
000531 19.312 10.0 64.675 0
000601 19.187 10.0 64.737 0
000631 19.187 10.0 64.737 0
000702 19.187 10.0 64.737 0
000732 19.187 10.0 64.737 0
000803 19.187 10.0 64.55 0
000834 19.0 10.0 64.675 0
000904 19.0 10.0 64.55 0
000934 19.0 10.0 64.675 0
001005 19.0 10.0 64.675 0
001035 19.0 10.0 64.675 0
001106 18.875 10.0 64.675 0
001137 18.875 10.0 64.675 0
001207 18.875 10.0 64.612 0
001238 18.875 10.0 64.675 0
001309 18.875 10.0 64.675 0
001339 18.75 10.0 64.737 0
001410 18.75 10.0 64.8 0
001440 18.75 10.0 64.862 0
001510 18.75 10.0 64.862 0
001541 18.75 10.0 64.862 0
001612 18.687 10.0 64.925 0
001643 18.687 10.0 64.862 0
001713 18.687 10.0 64.8 0
001744 18.687 10.0 64.8 0
001814 18.687 10.0 64.8 0
001844 18.625 10.0 64.8 0
001915 18.625 10.0 64.8 0
001946 18.625 10.0 64.8 0
002016 18.625 10.0 64.8 0
002046 18.625 10.0 64.8 0
002117 18.562 10.0 64.737 0
002147 18.562 10.0 64.737 0
002218 18.562 10.0 64.675 0
002248 18.562 10.0 64.675 0
002319 18.562 10.0 64.675 0
002349 18.5 10.0 64.675 0
002420 18.5 10.0 64.675 0
002450 18.5 10.0 64.612 0
002521 18.5 10.0 64.612 0
002551 18.5 10.0 64.55 0
002621 18.375 10.0 64.55 0
002651 18.375 10.0 64.55 0
002722 18.375 10.0 64.55 0
002753 18.375 10.0 64.55 0
002823 18.375 10.0 64.487 0
002853 18.375 10.0 64.487 0
002924 18.375 10.0 64.487 0
002955 18.375 10.0 64.487 0
003025 18.375 10.0 64.425 0
003056 18.375 10.0 64.425 0
003126 18.312 10.0 64.425 0
003157 18.312 10.0 64.425 0
003227 18.312 10.0 64.425 0
003258 18.312 10.0 64.362 0
003329 18.312 10.0 64.362 0
003359 18.25 10.0 64.362 0
003430 18.25 10.0 64.362 0
003501 18.25 10.0 64.3 0
003531 18.25 10.0 64.3 0
003602 18.25 10.0 64.237 0
003633 18.25 10.0 64.175 0
003704 18.25 10.0 64.112 0
003734 18.25 10.0 64.05 0
003805 18.25 10.0 64.05 0
003835 18.187 10.0 63.987 0
003906 18.187 10.0 63.925 0
003937 18.187 10.0 63.925 0
004007 18.187 10.0 63.862 0
004038 18.187 10.0 63.862 0
004108 18.125 10.0 63.8 0
004139 18.125 10.0 63.8 0
004209 18.125 10.0 63.737 0
004239 18.125 10.0 63.675 0
004310 18.125 10.0 63.675 0
004341 18.125 10.0 63.675 0
004412 18.125 10.0 63.612 0
004442 18.125 10.0 63.55 0
004513 18.125 10.0 63.55 0
004543 18.125 10.0 63.487 0
004613 18.062 10.0 63.487 0
004644 18.062 10.0 63.425 0
004714 18.062 10.0 63.362 0
004744 18.062 10.0 63.362 0
004815 18.062 10.0 63.3 0
004846 18.0 10.0 63.3 0
004916 18.0 10.0 63.237 0
004947 18.0 10.0 63.112 0
005018 18.0 10.0 62.987 0
005048 18.0 10.0 62.8 0
005119 18.0 10.0 62.487 0
005149 18.0 10.0 62.175 0
005220 18.0 10.0 61.925 0
005250 18.0 10.0 61.737 0
005320 18.0 10.0 61.612 0
005351 17.937 10.0 61.55 0
005421 17.937 10.0 61.425 0
005452 17.937 10.0 61.362 0
005522 17.937 10.0 61.3 0
005552 17.937 10.0 61.237 0
005623 17.937 10.0 61.175 0
005653 17.937 10.0 61.175 0
005724 17.937 10.0 61.112 0
005754 17.937 10.0 61.05 0
005825 17.937 10.0 60.987 0
005855 17.875 10.0 60.925 0
005926 17.875 10.0 60.925 0
005956 17.875 10.0 60.862 0
010027 17.875 10.0 60.8 0
010057 17.875 10.0 60.737 0
010128 17.812 10.0 60.737 0
010158 17.812 10.0 60.675 0
010229 17.812 10.0 60.675 0
010259 17.812 10.0 60.612 0
010329 17.812 10.0 60.612 0
010359 17.812 10.0 60.55 0
010430 17.812 10.0 60.55 0
010501 17.812 10.0 60.425 0
010531 17.812 10.0 60.3 0
010602 17.812 10.0 60.05 0
010632 17.812 10.0 59.737 0
010702 17.812 10.0 59.362 0
010732 17.812 10.0 58.925 0
010803 17.812 10.0 58.612 0
010833 17.812 10.0 58.425 0
010903 17.75 10.0 58.3 0
010934 17.75 10.0 58.175 0
011005 17.75 10.0 58.112 0
011035 17.75 10.0 58.05 0
011108 17.687 10.0 57.987 0
011139 17.687 10.0 57.987 0
011209 17.687 10.0 57.925 0
011240 17.687 10.0 57.925 0
011310 17.687 10.0 57.862 0
011340 17.687 10.0 57.862 0
011411 17.687 10.0 57.8 0
011442 17.687 10.0 57.8 0
011512 17.687 10.0 57.8 0
011542 17.687 10.0 57.737 0
011612 17.687 10.0 57.737 0
011643 17.687 10.0 57.737 0
011713 17.687 10.0 57.675 0
011744 17.687 10.0 57.675 0
011815 17.687 10.0 57.612 0
011845 17.625 10.0 57.612 0
011915 17.625 10.0 57.612 0
011945 17.625 10.0 57.55 0
012016 17.625 10.0 57.55 0
012047 17.625 10.0 57.487 0
012117 17.625 10.0 57.425 0
012147 17.625 10.0 57.425 0
012218 17.625 10.0 57.362 0
012248 17.625 10.0 57.3 0
012319 17.625 10.0 57.237 0
012349 17.562 10.0 57.237 0
012419 17.562 10.0 57.237 0
012450 17.562 10.0 57.175 0
012521 17.562 10.0 57.175 0
012551 17.562 10.0 57.112 0
012621 17.562 10.0 57.112 0
012651 17.562 10.0 57.112 0
012722 17.562 10.0 57.05 0
012752 17.562 10.0 57.05 0
012822 17.562 10.0 57.112 0
012852 17.562 10.0 57.175 0
012923 17.562 10.0 57.362 0
012953 17.562 10.0 57.612 0
013023 17.562 10.0 57.987 0
013053 17.562 10.0 58.487 0
013123 17.5 10.0 59.112 0
013153 17.5 10.0 59.925 0
013224 17.5 10.0 60.8 0
013254 17.5 10.0 61.862 0
013324 17.5 10.0 62.925 0
013354 17.5 10.0 63.675 0
013425 17.5 10.0 63.987 0
013456 17.5 10.0 64.425 0
013526 17.5 10.0 64.737 0
013557 17.5 10.0 64.987 0
013627 17.437 10.0 65.3 0
013658 17.437 10.0 65.487 0
013728 17.437 10.0 65.612 0
013758 17.437 10.0 65.737 0
013828 17.437 10.0 65.862 0
013858 17.437 10.0 65.925 0
013929 17.437 10.0 65.987 0
014000 17.437 10.0 65.987 0
014030 17.437 10.0 66.112 0
014100 17.437 10.0 65.925 0
014130 17.437 10.0 65.987 0
014201 17.437 10.0 66.05 0
014231 17.437 10.0 66.05 0
014301 17.437 10.0 66.05 0
014332 17.437 10.0 66.05 0
014402 17.375 10.0 66.3 0
014433 17.375 10.0 66.175 0
014504 17.375 10.0 66.237 0
014534 17.375 10.0 66.237 0
014604 17.375 10.0 66.3 0
014635 17.375 10.0 66.425 0
014705 17.375 10.0 66.487 0
014735 17.375 10.0 66.55 0
014806 17.375 10.0 66.55 0
014836 17.375 10.0 66.487 0
014906 17.312 10.0 66.55 0
014937 17.312 10.0 66.612 0
015007 17.312 10.0 66.675 0
015037 17.312 10.0 66.8 0
015108 17.312 10.0 66.675 0
015138 17.312 10.0 66.675 0
015208 17.312 10.0 66.8 0
015238 17.312 10.0 66.862 0
015309 17.312 10.0 66.675 0
015339 17.312 10.0 66.675 0
015409 17.25 10.0 66.8 0
015440 17.25 10.0 66.675 0
015511 17.25 10.0 66.737 0
015542 17.25 10.0 66.862 0
015613 17.312 10.0 66.862 0
015644 17.312 10.0 66.862 0
015714 17.312 10.0 66.925 0
015744 17.312 10.0 66.925 0
015814 17.312 10.0 66.925 0
015844 17.25 10.0 66.925 0
015915 17.25 10.0 66.925 0
015945 17.25 10.0 66.925 0
020016 17.25 10.0 66.925 0
020046 17.25 10.0 66.925 0
020116 17.25 10.0 66.862 0
020147 17.25 10.0 66.925 0
020217 17.25 10.0 66.862 0
020248 17.25 10.0 66.862 0
020318 17.25 10.0 66.862 0
020348 17.187 10.0 66.862 0
020419 17.187 10.0 66.862 0
020449 17.187 10.0 66.862 0
020520 17.187 10.0 66.862 0
020550 17.187 10.0 66.862 0
020620 17.187 10.0 66.862 0
020650 17.187 10.0 66.8 0
020721 17.187 10.0 66.8 0
020751 17.187 10.0 66.8 0
020821 17.187 10.0 66.8 0
020851 17.187 10.0 66.8 0
020922 17.187 10.0 66.8 0
020952 17.187 10.0 66.737 0
021023 17.187 10.0 66.737 0
021053 17.187 10.0 66.737 0
021123 17.187 10.0 66.737 0
021154 17.187 10.0 66.675 0
021224 17.187 10.0 66.675 0
021255 17.187 10.0 66.675 0
021325 17.187 10.0 66.675 0
021355 17.125 10.0 66.55 0
021426 17.125 10.0 66.612 0
021457 17.125 10.0 66.612 0
021527 17.125 10.0 66.612 0
021558 17.125 10.0 66.612 0
021629 17.125 10.0 66.612 0
021700 17.125 10.0 66.612 0
021730 17.125 10.0 66.55 0
021800 17.125 10.0 66.55 0
021831 17.125 10.0 66.55 0
021902 17.062 10.0 66.55 0
021932 17.062 10.0 66.55 0
022002 17.062 10.0 66.487 0
022033 17.062 10.0 66.487 0
022103 17.062 10.0 66.487 0
022133 17.062 10.0 66.487 0
022204 17.062 10.0 66.425 0
022234 17.062 10.0 66.425 0
022304 17.062 10.0 66.237 0
022335 17.062 10.0 66.362 0
022405 17.062 10.0 66.362 0
022436 17.062 10.0 66.362 0
022506 17.062 10.0 66.362 0
022537 17.062 10.0 66.362 0
022608 17.062 10.0 66.362 0
022638 17.062 10.0 66.3 0
022708 17.062 10.0 66.3 0
022739 17.062 10.0 66.3 0
022810 17.062 10.0 66.3 0
022840 17.062 10.0 66.175 0
022911 17.0 10.0 66.05 0
022942 17.0 10.0 66.05 0
023012 17.0 10.0 66.112 0
023043 17.0 10.0 66.112 0
023113 17.0 10.0 66.112 0
023144 17.0 10.0 66.112 0
023214 17.0 10.0 66.112 0
023244 17.0 10.0 66.112 0
023314 17.0 10.0 66.05 0
023347 17.0 10.0 66.05 0
023417 17.0 10.0 66.05 0
023448 17.0 10.0 66.112 0
023518 17.0 10.0 66.175 0
023549 17.0 10.0 66.3 0
023619 16.937 10.0 66.362 0
023649 16.937 10.0 66.425 0
023719 16.937 10.0 66.487 0
023750 16.937 10.0 66.55 0
023820 16.937 10.0 66.55 0
023850 16.937 10.0 66.612 0
023921 16.937 10.0 66.675 0
023951 16.937 10.0 66.675 0
024022 16.937 10.0 66.675 0
024053 16.937 10.0 66.737 0
024124 16.937 10.0 66.737 0
024154 16.937 10.0 66.737 0
024225 16.937 10.0 66.737 0
024255 16.937 10.0 66.737 0
024325 16.937 10.0 66.737 0
024355 16.937 10.0 66.737 0
024425 16.937 10.0 66.737 0
024456 16.937 10.0 66.737 0
024526 16.937 10.0 66.737 0
024556 16.937 10.0 66.737 0
024627 16.937 10.0 66.675 0
024657 16.937 10.0 66.612 0
024728 16.937 10.0 66.675 0
024759 16.937 10.0 66.612 0
024829 16.937 10.0 66.612 0
024859 16.937 10.0 66.487 0
024929 16.937 10.0 66.55 0
024959 16.937 10.0 66.612 0
025030 16.937 10.0 66.612 0
025100 16.937 10.0 66.612 0
025130 16.875 10.0 66.612 0
025201 16.875 10.0 66.55 0
025231 16.875 10.0 66.55 0
025302 16.875 10.0 66.55 0
025332 16.875 10.0 66.55 0
025403 16.875 10.0 66.55 0
025433 16.875 10.0 66.55 0
025503 16.875 10.0 66.55 0
025533 16.875 10.0 66.487 0
025603 16.875 10.0 66.487 0
025634 16.875 10.0 66.487 0
025704 16.875 10.0 66.487 0
025734 16.875 10.0 66.487 0
025805 16.875 10.0 66.487 0
025835 16.875 10.0 66.425 0
025905 16.875 10.0 66.425 0
025935 16.875 10.0 66.425 0
030005 16.875 10.0 66.362 0
030036 16.875 10.0 66.362 0
030106 16.875 10.0 66.362 0
030137 16.812 10.0 66.362 0
030207 16.812 10.0 66.362 0
030238 16.812 10.0 66.3 0
030309 16.812 10.0 66.3 0
030340 16.812 10.0 66.3 0
030410 16.812 10.0 66.237 0
030440 16.812 10.0 66.05 0
030511 16.812 10.0 65.987 0
030541 16.812 10.0 66.112 0
030611 16.812 10.0 65.987 0
030642 16.812 10.0 65.987 0
030712 16.812 10.0 65.925 0
030743 16.812 10.0 65.925 0
030813 16.812 10.0 66.05 0
030843 16.812 10.0 66.05 0
030914 16.75 10.0 65.987 0
030944 16.75 10.0 65.987 0
031015 16.75 10.0 65.925 0
031045 16.75 10.0 65.987 0
031116 16.75 10.0 65.862 0
031146 16.75 10.0 65.8 0
031217 16.75 10.0 65.737 0
031247 16.75 10.0 65.862 0
031318 16.75 10.0 65.925 0
031348 16.75 10.0 65.925 0
031419 16.75 10.0 65.925 0
031450 16.75 10.0 65.925 0
031520 16.75 10.0 65.862 0
031550 16.75 10.0 65.862 0
031623 16.75 10.0 65.862 0
031654 16.75 10.0 65.8 0
031724 16.75 10.0 65.8 0
031754 16.75 10.0 65.8 0
031825 16.75 10.0 65.8 0
031855 16.687 10.0 65.737 0
031926 16.687 10.0 65.737 0
031956 16.687 10.0 65.737 0
032026 16.687 10.0 65.675 0
032057 16.687 10.0 65.675 0
032127 16.687 10.0 65.612 0
032157 16.687 10.0 65.612 0
032228 16.687 10.0 65.55 0
032258 16.687 10.0 65.55 0
032328 16.687 10.0 65.487 0
032359 16.687 10.0 65.3 0
032429 16.687 10.0 65.425 0
032500 16.687 10.0 65.3 0
032530 16.687 10.0 65.425 0
032600 16.687 10.0 65.425 0
032630 16.687 10.0 65.362 0
032701 16.687 10.0 65.362 0
032731 16.687 10.0 65.3 0
032801 16.687 10.0 65.3 0
032831 16.687 10.0 65.3 0
032902 16.625 10.0 65.237 0
032932 16.625 10.0 65.237 0
033002 16.625 10.0 65.237 0
033033 16.625 10.0 65.175 0
033103 16.625 10.0 65.175 0
033134 16.625 10.0 65.175 0
033205 16.625 10.0 65.112 0
033235 16.625 10.0 65.112 0
033306 16.625 10.0 65.05 0
033336 16.625 10.0 64.925 0
033406 16.625 10.0 64.987 0
033436 16.625 10.0 64.987 0
033507 16.625 10.0 64.987 0
033537 16.625 10.0 64.987 0
033608 16.625 10.0 64.987 0
033638 16.625 10.0 64.987 0
033709 16.625 10.0 65.112 0
033739 16.625 10.0 65.175 0
033810 16.625 10.0 65.237 0
033840 16.625 10.0 65.237 0
033911 16.625 10.0 65.237 0
033941 16.625 10.0 65.237 0
034011 16.625 10.0 65.175 0
034041 16.625 10.0 65.175 0
034111 16.625 10.0 65.175 0
034142 16.562 10.0 65.175 0
034212 16.562 10.0 65.175 0
034243 16.562 10.0 65.175 0
034313 16.562 10.0 65.175 0
034344 16.562 10.0 65.112 0
034414 16.562 10.0 65.112 0
034444 16.562 10.0 65.112 0
034515 16.562 10.0 65.112 0
034546 16.562 10.0 65.112 0
034616 16.562 10.0 65.112 0
034647 16.562 10.0 65.05 0
034717 16.562 10.0 65.05 0
034747 16.562 10.0 65.05 0
034818 16.562 10.0 65.05 0
034849 16.562 10.0 64.987 0
034919 16.562 10.0 64.987 0
034950 16.562 10.0 64.987 0
035020 16.562 10.0 64.987 0
035050 16.562 10.0 64.987 0
035120 16.562 10.0 64.925 0
035151 16.5 10.0 64.925 0
035221 16.5 10.0 64.925 0
035251 16.5 10.0 64.925 0
035322 16.5 10.0 64.862 0
035352 16.5 10.0 64.862 0
035423 16.5 10.0 64.862 0
035453 16.5 10.0 64.862 0
035524 16.5 10.0 64.8 0
035554 16.5 10.0 64.8 0
035624 16.5 10.0 64.737 0
035655 16.5 10.0 64.737 0
035726 16.5 10.0 64.675 0
035756 16.5 10.0 64.612 0
035826 16.5 10.0 64.612 0
035856 16.5 10.0 64.55 0
035927 16.5 10.0 64.55 0
035957 16.5 10.0 64.487 0
040028 16.5 10.0 64.487 0
040058 16.5 10.0 64.487 0
040130 16.5 10.0 64.425 0
040201 16.5 10.0 64.425 0
040231 16.5 10.0 64.425 0
040302 16.5 10.0 64.362 0
040333 16.5 10.0 64.362 0
040403 16.5 10.0 64.3 0
040433 16.5 10.0 64.3 0
040504 16.5 10.0 64.237 0
040535 16.5 10.0 64.237 0
040605 16.5 10.0 64.175 0
040636 16.5 10.0 64.175 0
040707 16.5 10.0 64.175 0
040737 16.5 10.0 64.112 0
040807 16.5 10.0 64.112 0
040838 16.5 10.0 64.05 0
040908 16.437 10.0 64.05 0
040938 16.437 10.0 64.05 0
041009 16.437 10.0 63.987 0
041039 16.437 10.0 63.987 0
041110 16.437 10.0 63.987 0
041140 16.437 10.0 63.925 0
041211 16.437 10.0 63.925 0
041241 16.437 10.0 63.862 0
041312 16.437 10.0 63.8 0
041343 16.437 10.0 63.8 0
041413 16.437 10.0 63.737 0
041444 16.437 10.0 63.675 0
041514 16.437 10.0 63.612 0
041544 16.437 10.0 63.612 0
041615 16.437 10.0 63.55 0
041646 16.437 10.0 63.55 0
041717 16.437 10.0 63.487 0
041747 16.437 10.0 63.487 0
041817 16.437 10.0 63.425 0
041847 16.437 10.0 63.425 0
041918 16.375 10.0 63.362 0
041948 16.375 10.0 63.362 0
042019 16.375 10.0 63.3 0
042049 16.375 10.0 63.3 0
042120 16.375 10.0 63.237 0
042150 16.375 10.0 63.237 0
042220 16.375 10.0 63.175 0
042251 16.375 10.0 63.175 0
042321 16.375 10.0 63.175 0
042352 16.375 10.0 63.112 0
042423 16.375 10.0 63.112 0
042454 16.375 10.0 63.05 0
042524 16.375 10.0 63.05 0
042554 16.375 10.0 62.987 0
042624 16.375 10.0 62.987 0
042655 16.375 10.0 62.987 0
042725 16.375 10.0 62.925 0
042756 16.375 10.0 62.925 0
042826 16.375 10.0 62.862 0
042857 16.375 10.0 62.862 0
042927 16.375 10.0 62.8 0
042958 16.375 10.0 62.737 0
043029 16.375 10.0 62.737 0
043059 16.375 10.0 62.675 0
043129 16.375 10.0 62.612 0
043200 16.312 10.0 62.55 0
043230 16.312 10.0 62.487 0
043300 16.312 10.0 62.425 0
043331 16.312 10.0 62.425 0
043401 16.312 10.0 62.362 0
043432 16.312 10.0 62.362 0
043502 16.312 10.0 62.3 0
043533 16.312 10.0 62.3 0
043603 16.312 10.0 62.237 0
043635 16.312 10.0 62.237 0
043706 16.312 10.0 62.175 0
043736 16.312 10.0 62.175 0
043807 16.312 10.0 62.175 0
043838 16.312 10.0 62.237 0
043908 16.312 10.0 62.3 0
043938 16.312 10.0 62.3 0
044008 16.312 10.0 62.3 0
044039 16.312 10.0 62.362 0
044109 16.312 10.0 62.237 0
044140 16.312 10.0 62.362 0
044211 16.312 10.0 62.362 0
044241 16.312 10.0 62.362 0
044311 16.312 10.0 62.362 0
044342 16.312 10.0 62.362 0
044412 16.312 10.0 62.3 0
044442 16.312 10.0 62.3 0
044512 16.312 10.0 62.3 0
044543 16.312 10.0 62.3 0
044613 16.312 10.0 62.3 0
044643 16.312 10.0 62.3 0
044713 16.312 10.0 62.3 0
044744 16.312 10.0 62.3 0
044814 16.312 10.0 62.237 0
044845 16.312 10.0 62.237 0
044915 16.25 10.0 62.175 0
044946 16.25 10.0 62.175 0
045017 16.25 10.0 62.112 0
045047 16.25 10.0 62.112 0
045118 16.25 10.0 62.112 0
045148 16.25 10.0 62.05 0
045219 16.25 10.0 62.05 0
045249 16.25 10.0 62.05 0
045319 16.25 10.0 61.987 0
045350 16.25 10.0 61.987 0
045420 16.25 10.0 61.925 0
045451 16.25 10.0 61.925 0
045522 16.25 10.0 61.925 0
045552 16.25 10.0 61.862 0
045622 16.25 10.0 61.862 0
045652 16.25 10.0 61.8 0
045722 16.25 10.0 61.8 0
045752 16.25 10.0 61.8 0
045822 16.25 10.0 61.8 0
045853 16.25 10.0 61.737 0
045923 16.25 10.0 61.675 0
045954 16.25 10.0 61.612 0
050025 16.25 10.0 61.55 0
050055 16.25 10.0 61.612 0
050125 16.25 10.0 61.612 0
050155 16.187 10.0 61.612 0
050225 16.187 10.0 61.55 0
050256 16.187 10.0 61.55 0
050326 16.187 10.0 61.487 0
050357 16.187 10.0 61.487 0
050427 16.187 10.0 61.425 0
050458 16.187 10.0 61.362 0
050528 16.187 10.0 61.3 0
050559 16.187 10.0 61.237 0
050629 16.187 10.0 61.237 0
050700 16.187 10.0 61.175 0
050731 16.187 10.0 61.175 0
050801 16.187 10.0 61.112 0
050831 16.187 10.0 61.05 0
050902 16.187 10.0 61.05 0
050932 16.187 10.0 61.05 0
051003 16.187 10.0 60.987 0
051033 16.187 10.0 60.987 0
051104 16.187 10.0 60.925 0
051134 16.187 10.0 60.925 0
051204 16.187 10.0 60.862 0
051235 16.187 10.0 60.8 0
051305 16.187 10.0 60.8 0
051335 16.187 10.0 60.8 0
051406 16.187 10.0 60.612 0
051437 16.187 10.0 60.55 0
051507 16.187 10.0 60.487 0
051538 16.187 10.0 60.487 0
051608 16.187 10.0 60.425 0
051639 16.187 10.0 60.425 0
051709 16.125 10.0 60.362 0
051740 16.125 10.0 60.362 0
051811 16.125 10.0 60.362 0
051841 16.125 10.0 60.3 0
051913 16.125 10.0 60.3 0
051943 16.125 10.0 60.237 0
052013 16.125 10.0 60.175 0
052044 16.125 10.0 60.175 0
052114 16.125 10.0 60.112 0
052145 16.125 10.0 60.05 0
052215 16.125 10.0 60.05 0
052245 16.125 10.0 59.987 0
052316 16.125 10.0 59.987 0
052347 16.125 10.0 59.925 0
052417 16.125 10.0 59.925 0
052448 16.125 10.0 59.862 0
052518 16.125 10.0 59.862 0
052548 16.125 10.0 59.8 0
052619 16.125 10.0 59.8 0
052649 16.125 10.0 59.737 0
052720 16.125 10.0 59.737 0
052751 16.125 10.0 59.737 0
052821 16.125 10.0 59.675 0
052852 16.125 10.0 59.675 0
052922 16.062 10.0 59.612 0
052952 16.062 10.0 59.612 0
053022 16.062 10.0 59.612 0
053053 16.062 10.0 59.55 0
053123 16.062 10.0 59.55 0
053153 16.062 10.0 59.487 0
053224 16.062 10.0 59.487 0
053255 16.062 10.0 59.487 0
053325 16.062 10.0 59.425 0
053356 16.062 10.0 59.425 0
053426 16.062 10.0 59.362 0
053457 16.062 10.0 59.362 0
053527 16.062 10.0 59.3 0
053557 16.062 10.0 59.237 0
053627 16.062 10.0 59.175 0
053658 16.062 10.0 59.112 0
053729 16.062 10.0 59.112 0
053800 16.062 10.0 59.05 0
053830 16.062 10.0 58.987 0
053900 16.062 10.0 58.987 0
053930 16.062 10.0 58.987 0
054001 16.062 10.0 59.05 0
054032 16.062 10.0 59.05 0
054102 16.062 10.0 59.112 0
054132 16.062 10.0 59.175 0
054202 16.062 10.0 59.175 0
054233 16.062 10.0 59.237 0
054303 16.062 10.0 59.237 0
054334 16.062 10.0 59.237 0
054405 16.062 10.0 59.237 0
054435 16.062 10.0 59.237 0
054506 16.062 10.0 59.237 0
054536 16.062 10.0 59.3 0
054607 16.062 10.0 59.3 0
054637 16.062 10.0 59.3 0
054707 16.0 10.0 59.3 0
054737 16.0 10.0 59.3 0
054808 16.0 10.0 59.3 0
054838 16.0 10.0 59.3 0
054908 16.0 10.0 59.237 0
054939 16.0 10.0 59.237 0
055009 16.0 10.0 59.237 0
055040 16.0 10.0 59.237 0
055110 16.0 10.0 59.175 0
055141 16.0 10.0 59.175 0
055211 16.0 10.0 59.112 0
055241 16.0 10.0 59.112 0
055311 16.0 10.0 59.05 0
055341 16.0 10.0 58.987 0
055412 16.0 10.0 58.987 0
055442 16.0 10.0 58.925 0
055512 16.0 10.0 58.925 0
055542 16.0 10.0 58.925 0
055613 16.0 10.0 58.862 0
055643 16.0 10.0 58.862 0
055714 16.0 10.0 58.8 0
055744 16.0 10.0 58.8 0
055814 16.0 10.0 58.8 0
055844 16.0 10.0 58.737 0
055914 16.0 10.0 58.737 0
055945 15.937 10.0 58.675 0
060015 15.937 10.0 58.675 0
060046 15.937 10.0 58.675 0
060117 15.937 10.0 58.612 0
060150 15.937 10.0 58.612 0
060221 15.937 10.0 58.55 0
060251 15.937 10.0 58.55 0
060322 15.937 10.0 58.55 0
060352 15.937 10.0 58.487 0
060422 15.937 10.0 58.487 0
060452 15.937 10.0 58.425 0
060523 15.937 10.0 58.425 0
060553 15.937 10.0 58.362 0
060624 15.937 10.0 58.362 0
060655 15.937 10.0 58.3 0
060725 15.937 10.0 58.237 0
060756 15.937 10.0 58.175 0
060827 15.937 10.0 58.112 0
060857 15.937 10.0 58.05 0
060928 15.937 10.0 58.05 0
060958 15.937 10.0 57.987 0
061029 15.937 10.0 57.987 0
061059 15.937 10.0 57.925 0
061130 15.937 10.0 57.925 0
061200 15.937 10.0 57.862 0
061230 15.937 10.0 57.862 0
061301 15.937 10.0 57.862 0
061331 15.937 10.0 57.8 0
061401 15.937 10.0 57.8 0
061432 15.875 10.0 57.737 0
061502 15.875 10.0 57.737 0
061532 15.875 10.0 57.737 0
061603 15.875 10.0 57.675 0
061633 15.875 10.0 57.675 0
061703 15.875 10.0 57.675 0
061734 15.875 10.0 57.612 0
061805 15.875 10.0 57.612 0
061835 15.875 10.0 57.55 0
061905 15.875 10.0 57.55 0
061936 15.875 10.0 57.55 0
062006 15.875 10.0 57.487 0
062036 15.875 10.0 57.487 0
062107 15.875 10.0 57.487 0
062137 15.875 10.0 57.425 0
062207 15.875 10.0 57.362 0
062238 15.875 10.0 57.3 0
062309 15.875 10.0 57.3 0
062339 15.875 10.0 57.237 0
062410 15.875 10.0 57.362 0
062441 15.875 10.0 57.362 0
062511 15.875 10.0 57.362 0
062541 15.875 10.0 57.362 0
062612 15.875 10.0 57.3 0
062642 15.875 10.0 57.3 0
062713 15.812 10.0 57.3 0
062743 15.812 10.0 57.3 0
062814 15.812 10.0 57.237 0
062844 15.812 10.0 57.237 0
062914 15.812 10.0 57.175 0
062945 15.875 10.0 57.175 0
063015 15.875 10.0 57.175 0
063046 15.875 10.0 57.112 0
063116 15.875 10.0 57.112 0
063147 15.875 10.0 57.112 0
063217 15.812 10.0 57.05 0
063247 15.812 10.0 57.05 0
063318 15.812 10.0 57.05 0
063349 15.812 10.0 57.05 0
063419 15.812 10.0 57.112 0
063450 15.812 10.0 57.3 0
063520 15.812 10.0 57.612 0
063551 15.812 10.0 57.925 0
063622 15.812 10.0 58.3 0
063655 15.812 10.0 58.675 0
063725 15.812 10.0 59.3 0
063755 15.812 10.0 59.862 0
063826 15.812 10.0 60.612 0
063856 15.812 10.0 61.55 0
063926 15.812 10.0 62.362 0
063957 15.812 10.0 63.175 0
064027 15.812 10.0 63.737 0
064058 15.812 10.0 64.237 0
064128 15.812 10.0 64.612 0
064158 15.812 10.0 64.925 0
064228 15.812 10.0 65.237 0
064259 15.812 10.0 65.425 0
064329 15.812 10.0 65.612 0
064400 15.812 10.0 65.8 0
064431 15.812 10.0 65.925 0
064501 15.812 10.0 66.05 0
064531 15.812 10.0 66.175 0
064602 15.812 10.0 66.237 0
064632 15.812 10.0 66.3 0
064703 15.812 10.0 66.425 0
064733 15.812 10.0 66.487 0
064803 15.812 10.0 66.55 0
064834 15.812 10.0 66.612 0
064904 15.812 10.0 66.675 0
064934 15.75 10.0 66.737 0
065004 15.75 10.0 66.8 0
065035 15.75 10.0 66.8 0
065105 15.75 10.0 66.862 0
065136 15.75 10.0 66.925 0
065206 15.75 10.0 66.925 0
065236 15.75 10.0 66.987 0
065306 15.75 10.0 66.987 0
065336 15.75 10.0 67.05 0
065407 15.75 10.0 67.05 0
065438 15.75 10.0 67.05 0
065508 15.75 10.0 67.05 0
065538 15.75 10.0 67.112 0
065609 15.75 10.0 67.112 0
065639 15.75 10.0 67.112 0
065709 15.75 10.0 67.112 0
065739 15.75 10.0 67.112 0
065809 15.75 10.0 67.112 0
065839 15.75 10.0 67.112 0
065909 15.75 10.0 67.112 0
065940 15.687 10.0 67.112 0
070010 15.687 10.0 67.175 0
070040 15.687 10.0 67.175 0
070110 15.687 10.0 67.175 0
070140 15.687 10.0 67.175 0
070211 15.75 10.0 67.175 0
070241 15.75 10.0 67.175 0
070311 15.75 10.0 67.175 0
070341 15.75 10.0 67.175 0
070412 15.75 10.0 67.175 0
070442 15.687 10.0 67.175 0
070513 15.687 10.0 67.175 0
070543 15.687 10.0 67.175 0
070614 15.687 10.0 67.175 0
070645 15.687 10.0 67.175 0
070716 15.687 10.0 67.175 0
070746 15.687 10.0 67.175 0
070816 15.687 10.0 67.175 0
070846 15.687 10.0 67.175 0
070916 15.687 10.0 67.175 0
070946 15.687 10.0 67.175 0
071017 15.687 10.0 67.175 0
071048 15.687 10.0 67.175 0
071118 15.687 10.0 67.237 0
071148 15.687 10.0 67.175 0
071219 15.687 10.0 67.175 0
071250 15.687 10.0 67.175 0
071320 15.687 10.0 67.237 0
071351 15.687 10.0 67.175 0
071421 15.687 10.0 67.175 0
071451 15.687 10.0 67.175 0
071522 15.687 10.0 67.175 0
071552 15.687 10.0 67.175 0
071622 15.687 10.0 67.175 0
071653 15.687 10.0 67.175 0
071723 15.687 10.0 67.175 0
071754 15.687 10.0 67.175 0
071824 15.687 10.0 67.112 0
071855 15.687 10.0 67.112 0
071925 15.687 10.0 67.112 0
071955 15.687 10.0 66.987 0
072025 15.687 10.0 66.862 0
072056 15.687 10.0 66.862 0
072126 15.687 10.0 66.862 0
072156 15.687 10.0 66.8 0
072226 15.687 10.0 66.8 0
072257 15.687 10.0 66.8 0
072327 15.687 10.0 66.8 0
072357 15.687 10.0 66.8 0
072427 15.687 10.0 66.8 0
072458 15.687 10.0 66.737 0
072528 15.687 10.0 66.737 0
072559 15.687 10.0 66.737 0
072629 15.687 10.0 66.737 0
072659 15.687 10.0 66.737 0
072729 15.687 10.0 66.675 0
072759 15.687 10.0 66.675 0
072830 15.687 10.0 66.675 0
072901 15.687 10.0 66.612 0
072931 15.687 10.0 66.612 0
073001 15.687 10.0 66.612 0
073031 15.687 10.0 66.55 0
073101 15.687 10.0 66.55 0
073131 15.687 10.0 66.55 0
073204 15.687 10.0 66.55 0
073234 15.687 10.0 66.487 0
073305 15.687 10.0 66.487 0
073335 15.687 10.0 66.487 0
073406 15.687 10.0 66.487 0
073437 15.687 10.0 66.425 0
073507 15.687 10.0 66.425 0
073538 15.687 10.0 66.425 0
073608 15.687 10.0 66.425 0
073639 15.687 10.0 66.362 0
073710 15.687 10.0 66.362 0
073741 15.687 10.0 66.362 0
073811 15.687 10.0 66.3 0
073842 15.687 10.0 66.3 0
073913 15.687 10.0 66.3 0
073943 15.687 10.0 66.3 0
074014 15.687 10.0 66.237 0
074045 15.687 10.0 66.237 0
074115 15.687 10.0 66.3 0
074146 15.687 10.0 66.425 0
074216 15.625 10.0 66.487 0
074247 15.625 10.0 66.55 0
074317 15.625 10.0 66.55 0
074347 15.625 10.0 66.612 0
074417 15.625 10.0 66.612 0
074447 15.687 10.0 66.612 0
074517 15.687 10.0 66.675 0
074548 15.687 10.0 66.675 0
074619 15.687 10.0 66.675 0
074649 15.687 10.0 66.737 0
074719 15.687 10.0 66.737 0
074750 15.687 10.0 66.737 0
074820 15.687 10.0 66.737 0
074851 15.687 10.0 66.737 0
074922 15.687 10.0 66.737 0
074952 16.187 10.0 66.737 0
075022 16.187 10.0 66.737 0
075052 16.187 10.0 66.737 0
075123 16.187 10.0 66.862 0
075153 16.187 10.0 66.925 0
075224 16.937 10.0 66.925 0
075254 16.937 10.0 66.862 0
075324 16.937 10.0 66.8 0
075355 16.937 10.0 66.8 0
075425 16.937 10.0 66.8 0
075456 16.75 10.0 66.8 0
075526 16.75 10.0 66.862 0
075557 16.75 10.0 66.862 0
075627 16.75 10.0 66.862 0
075658 16.75 10.0 66.862 0
075729 16.5 10.0 66.862 0
075759 16.5 10.0 66.8 0
075830 16.5 10.0 66.8 0
075900 16.5 10.0 66.8 0
075931 16.5 10.0 66.737 0
080001 16.437 10.0 66.737 0
080032 16.437 10.0 66.737 0
080103 16.437 10.0 66.737 0
080133 16.437 10.0 66.737 0
080203 16.437 10.0 66.55 0
080234 16.437 10.0 66.55 0
080304 16.437 10.0 66.675 0
080335 16.437 10.0 66.612 0
080405 16.437 10.0 66.612 0
080438 16.375 10.0 66.55 0
080508 16.375 10.0 66.425 0
080539 16.375 10.0 66.487 0
080610 16.375 10.0 66.487 0
080640 16.375 10.0 66.487 0
080711 16.375 10.0 66.487 0
080741 16.375 10.0 66.425 0
080811 16.375 10.0 66.425 0
080841 16.375 10.0 66.362 0
080911 16.375 10.0 66.362 0
080942 16.375 10.0 66.362 0
081012 16.375 10.0 66.3 0
081042 16.375 10.0 66.3 0
081113 16.375 10.0 66.3 0
081143 16.375 10.0 66.175 0
081213 16.375 10.0 66.237 0
081243 16.375 10.0 66.112 0
081314 16.375 10.0 66.175 0
081345 16.375 10.0 66.175 0
081415 16.375 10.0 65.987 0
081445 16.5 10.0 65.987 0
081515 16.5 10.0 66.05 0
081546 16.5 10.0 66.05 0
081616 16.5 10.0 66.05 0
081647 16.5 10.0 66.05 0
081717 16.437 10.0 66.05 0
081748 16.437 10.0 65.987 0
081818 16.437 10.0 65.987 0
081849 16.437 10.0 65.925 0
081919 16.437 10.0 65.925 0
081950 16.5 10.0 65.925 0
082020 16.5 10.0 65.862 0
082050 16.5 10.0 65.862 0
082121 16.5 10.0 65.675 0
082151 16.5 10.0 65.612 0
082222 16.5 10.0 65.55 0
082252 16.5 10.0 65.675 0
082323 16.5 10.0 65.55 0
082353 16.5 10.0 65.55 0
082424 16.5 10.0 65.612 0
082454 16.562 10.0 65.55 0
082524 16.562 10.0 65.362 0
082555 16.562 10.0 65.237 0
082625 16.562 10.0 65.237 0
082656 16.562 10.0 65.175 0
082727 16.625 10.0 65.175 0
082757 16.625 10.0 65.175 0
082827 16.625 10.0 65.112 0
082858 16.625 10.0 65.112 0
082928 16.625 10.0 65.05 0
082959 16.625 10.0 65.05 0
083029 16.625 10.0 64.987 0
083100 16.625 10.0 64.987 0
083130 16.625 10.0 64.925 0
083201 16.625 10.0 64.925 0
083231 16.625 10.0 64.862 0
083302 16.625 10.0 64.862 0
083332 16.625 10.0 64.8 0
083402 16.625 10.0 64.8 0
083433 16.625 10.0 64.737 0
083503 16.687 10.0 64.737 0
083533 16.687 10.0 64.737 0
083604 16.687 10.0 64.675 0
083635 16.687 10.0 64.675 0
083706 16.687 10.0 64.612 0
083736 16.687 10.0 64.612 0
083807 16.687 10.0 64.55 0
083837 16.687 10.0 64.55 0
083908 16.687 10.0 64.487 0
083939 16.687 10.0 64.425 0
084009 16.687 10.0 64.362 0
084040 16.687 10.0 64.3 0
084110 16.687 10.0 64.237 0
084141 16.687 10.0 64.237 0
084214 16.75 10.0 64.175 0
084244 16.75 10.0 64.175 0
084314 16.75 10.0 64.175 0
084345 16.75 10.0 64.237 0
084415 16.75 10.0 64.237 0
084446 16.75 10.0 64.237 0
084516 16.75 10.0 64.237 0
084546 16.75 10.0 64.237 0
084616 16.75 10.0 64.237 0
084646 16.75 10.0 64.237 0
084717 16.75 10.0 64.175 0
084748 16.75 10.0 64.175 0
084818 16.75 10.0 64.175 0
084849 16.75 10.0 64.175 0
084919 16.75 10.0 64.112 0
084949 16.812 10.0 64.112 0
085019 16.812 10.0 64.112 0
085049 16.812 10.0 64.05 0
085119 16.812 10.0 64.05 0
085150 16.812 10.0 63.987 0
085221 16.812 10.0 63.987 0
085252 16.812 10.0 63.987 0
085322 16.812 10.0 63.925 0
085353 16.812 10.0 63.925 0
085423 16.812 10.0 63.925 0
085454 16.812 10.0 63.862 0
085524 16.812 10.0 63.862 0
085554 16.812 10.0 63.862 0
085624 16.812 10.0 63.8 0
085654 16.812 10.0 63.8 0
085725 16.812 10.0 63.737 0
085755 16.812 10.0 63.675 0
085825 16.812 10.0 63.612 0
085855 16.812 10.0 63.55 0
085926 16.812 10.0 63.55 0
085957 16.812 10.0 63.487 0
090027 16.812 10.0 63.487 0
090058 16.812 10.0 63.425 0
090128 16.812 10.0 63.362 0
090159 16.812 10.0 63.362 0
090229 16.812 10.0 63.3 0
090300 16.812 10.0 63.3 0
090330 16.812 10.0 63.237 0
090401 16.812 10.0 63.237 0
090432 16.812 10.0 63.175 0
090503 16.812 10.0 63.175 0
090533 16.812 10.0 63.112 0
090603 16.812 10.0 63.112 0
090634 16.812 10.0 63.05 0
090705 16.812 10.0 63.05 0
090735 16.875 10.0 62.987 0
090806 16.875 10.0 62.987 0
090837 16.875 10.0 62.925 0
090907 16.875 10.0 62.925 0
090937 16.875 10.0 62.862 0
091007 16.812 10.0 62.862 0
091038 16.812 10.0 62.8 0
091108 16.812 10.0 62.8 0
091138 16.812 10.0 62.737 0
091209 16.812 10.0 62.737 0
091239 16.812 10.0 62.675 0
091309 16.812 10.0 62.675 0
091339 16.812 10.0 62.612 0
091409 16.812 10.0 62.487 0
091440 16.812 10.0 62.425 0
091510 16.937 10.0 62.3 0
091541 16.937 10.0 62.237 0
091612 16.937 10.0 62.175 0
091642 16.937 10.0 62.112 0
091713 16.937 10.0 62.05 0
091743 16.937 10.0 61.987 0
091814 16.937 10.0 61.987 0
091844 16.937 10.0 61.925 0
091915 16.937 10.0 61.862 0
091945 16.937 10.0 61.862 0
092015 16.937 10.0 61.8 0
092045 16.937 10.0 61.8 0
092116 16.937 10.0 61.737 0
092147 16.937 10.0 61.675 0
092219 17.0 10.0 61.675 0
092249 17.0 10.0 61.612 0
092320 17.0 10.0 61.612 0
092351 17.0 10.0 61.55 0
092421 17.0 10.0 61.55 0
092452 17.062 10.0 61.487 0
092522 17.062 10.0 61.425 0
092553 17.062 10.0 61.425 0
092623 17.062 10.0 61.362 0
092654 17.062 10.0 61.3 0
092725 17.187 10.0 61.3 0
092755 17.187 10.0 61.237 0
092825 17.187 10.0 61.237 0
092855 17.187 10.0 61.175 0
092925 17.187 10.0 61.175 0
092956 17.312 10.0 61.112 0
093026 17.312 10.0 60.987 0
093056 17.312 10.0 60.925 0
093126 17.312 10.0 60.737 0
093157 17.312 10.0 60.612 0
093227 17.375 10.0 60.487 0
093258 17.375 10.0 60.362 0
093328 17.375 10.0 60.3 0
093359 17.375 10.0 60.237 0
093429 17.375 10.0 60.237 0
093459 17.437 10.0 60.175 0
093530 17.437 10.0 60.112 0
093600 17.437 10.0 60.05 0
093630 17.437 10.0 59.987 0
093701 17.437 10.0 59.987 0
093731 17.5 10.0 59.925 0
093801 17.5 10.0 59.925 0
093832 17.5 10.0 59.862 0
093902 17.5 10.0 59.8 0
093932 17.5 10.0 59.8 0
094003 17.5 10.0 59.737 0
094033 17.5 10.0 59.737 0
094104 17.5 10.0 59.675 0
094134 17.5 10.0 59.612 0
094205 17.5 10.0 59.55 0
094235 17.5 10.0 59.55 0
094306 17.5 10.0 59.487 0
094336 17.5 10.0 59.487 0
094407 17.5 10.0 59.425 0
094437 17.5 10.0 59.425 0
094508 17.5 10.0 59.425 0
094538 17.5 10.0 59.425 0
094608 17.5 10.0 59.362 0
094639 17.5 10.0 59.3 0
094709 17.5 10.0 59.237 0
094739 17.625 10.0 59.175 0
094809 17.625 10.0 58.987 0
094840 17.625 10.0 58.8 0
094911 17.625 10.0 58.612 0
094941 17.625 10.0 58.3 0
095012 17.687 10.0 58.05 0
095042 17.687 10.0 57.737 0
095112 17.687 10.0 57.487 0
095143 17.687 10.0 57.175 0
095214 17.687 10.0 56.862 0
095245 17.687 10.0 56.55 0
095315 17.687 10.0 56.3 0
095345 17.687 10.0 56.112 0
095416 17.687 10.0 55.925 0
095446 17.687 10.0 55.925 0
095516 17.562 10.0 55.925 0
095547 17.562 10.0 56.05 0
095617 17.562 10.0 56.3 0
095648 17.562 10.0 56.8 0
095718 17.562 10.0 57.487 0
095748 17.625 10.0 58.237 0
095819 17.625 10.0 59.175 0
095849 17.625 10.0 60.175 0
095920 17.625 10.0 61.175 0
095950 17.625 10.0 62.3 0
100021 17.625 10.0 63.175 0
100051 17.625 10.0 63.925 0
100121 17.625 10.0 64.487 0
100152 17.625 10.0 64.925 0
100222 17.625 10.0 65.3 0
100253 17.687 10.0 65.612 0
100323 17.687 10.0 65.925 0
100354 17.687 10.0 66.112 0
100425 17.687 10.0 66.362 0
100456 17.687 10.0 66.487 0
100526 17.687 10.0 66.612 0
100557 17.687 10.0 66.737 0
100627 17.687 10.0 66.862 0
100658 17.687 10.0 66.925 0
100729 17.625 10.0 66.987 0
100759 17.625 10.0 67.05 0
100829 17.625 10.0 67.112 0
100900 17.625 10.0 67.237 0
100930 17.625 10.0 67.3 0
101001 17.687 10.0 67.362 0
101032 17.687 10.0 67.425 0
101103 17.687 10.0 67.425 0
101133 17.687 10.0 67.487 0
101204 17.687 10.0 67.487 0
101234 17.687 10.0 67.487 0
101305 17.687 10.0 67.55 0
101335 17.687 10.0 67.55 0
101406 17.687 10.0 67.55 0
101436 17.687 10.0 67.55 0
101507 17.75 10.0 67.55 0
101537 17.75 10.0 67.55 0
101608 17.75 10.0 67.55 0
101638 17.75 10.0 67.612 0
101709 17.75 10.0 67.675 0
101739 17.687 10.0 67.675 0
101809 17.687 10.0 67.675 0
101840 17.687 10.0 67.675 0
101910 17.687 10.0 67.675 0
101941 17.687 10.0 67.675 0
102012 17.75 10.0 67.737 0
102042 17.75 10.0 67.737 0
102112 17.75 10.0 67.737 0
102142 17.75 10.0 67.737 0
102213 17.75 10.0 67.737 0
102243 17.75 10.0 67.737 0
102314 17.75 10.0 67.675 0
102344 17.75 10.0 67.675 0
102415 17.75 10.0 67.737 0
102446 17.75 10.0 67.737 0
102516 17.75 10.0 67.737 0
102546 17.75 10.0 67.737 0
102616 17.75 10.0 67.737 0
102647 17.75 10.0 67.737 0
102717 17.75 10.0 67.737 0
102747 17.75 10.0 67.737 0
102818 17.75 10.0 67.737 0
102848 17.75 10.0 67.737 0
102918 17.75 10.0 67.737 0
102948 17.75 10.0 67.737 0
103019 17.687 10.0 67.737 0
103049 17.687 10.0 67.737 0
103119 17.687 10.0 67.737 0
103150 17.687 10.0 67.737 0
103221 17.687 10.0 67.675 0
103251 17.562 10.0 67.675 0
103321 17.562 10.0 67.675 0
103352 17.562 10.0 67.675 0
103422 17.562 10.0 67.675 0
103453 17.562 10.0 67.612 0
103524 17.562 10.0 67.612 0
103554 17.562 10.0 67.612 0
103625 17.562 10.0 67.612 0
103656 17.562 10.0 67.612 0
103726 17.562 10.0 67.55 0
103757 17.625 10.0 67.55 0
103828 17.625 10.0 67.55 0
103858 17.625 10.0 67.55 0
103928 17.625 10.0 67.55 0
104000 17.562 10.0 67.487 0
104031 17.562 10.0 67.487 0
104102 17.562 10.0 67.487 0
104133 17.562 10.0 67.487 0
104203 17.562 10.0 67.425 0
104234 17.625 10.0 67.425 0
104304 17.625 10.0 67.425 0
104334 17.625 10.0 67.362 0
104405 17.625 10.0 67.362 0
104435 17.625 10.0 67.362 0
104505 17.625 10.0 67.3 0
104535 17.625 10.0 67.3 0
104605 17.625 10.0 67.237 0
104636 17.625 10.0 67.237 0
104706 17.625 10.0 67.175 0
104737 17.625 10.0 67.175 0
104808 17.625 10.0 67.112 0
104838 17.625 10.0 67.112 0
104909 17.625 10.0 67.05 0
104939 17.625 10.0 67.05 0
105009 17.687 10.0 66.987 0
105039 17.687 10.0 66.987 0
105110 17.687 10.0 66.925 0
105141 17.687 10.0 66.925 0
105211 17.687 10.0 66.862 0
105241 17.5 10.0 66.862 0
105312 17.5 10.0 66.8 0
105343 17.5 10.0 66.8 0
105413 17.5 10.0 66.737 0
105443 17.5 10.0 66.737 0
105513 17.437 10.0 66.737 0
105543 17.437 10.0 66.737 0
105614 17.437 10.0 66.675 0
105645 17.437 10.0 66.675 0
105715 17.437 10.0 66.675 0
105745 17.562 10.0 66.612 0
105816 17.562 10.0 66.612 0
105846 17.562 10.0 66.55 0
105917 17.562 10.0 66.487 0
105947 17.562 10.0 66.487 0
110018 17.5 10.0 66.425 0
110048 17.5 10.0 66.362 0
110119 17.5 10.0 66.3 0
110149 17.5 10.0 66.237 0
110219 17.5 10.0 66.237 0
110249 17.437 10.0 66.237 0
110319 17.437 10.0 66.237 0
110350 17.437 10.0 66.175 0
110420 17.437 10.0 66.237 0
110450 17.437 10.0 66.237 0
110521 17.437 10.0 66.175 0
110551 17.437 10.0 66.237 0
110621 17.437 10.0 66.175 0
110651 17.437 10.0 66.175 0
110722 17.437 10.0 66.175 0
110752 17.437 10.0 66.175 0
110822 17.437 10.0 66.175 0
110852 17.437 10.0 66.112 0
110922 17.437 10.0 66.112 0
110953 17.437 10.0 66.112 0
111023 17.562 10.0 66.112 0
111054 17.562 10.0 66.05 0
111124 17.562 10.0 66.05 0
111155 17.562 10.0 66.05 0
111226 17.562 10.0 65.987 0
111256 17.562 10.0 65.987 0
111326 17.562 10.0 65.925 0
111357 17.562 10.0 65.925 0
111427 17.562 10.0 65.925 0
111458 17.562 10.0 65.862 0
111529 17.625 10.0 65.862 0
111559 17.625 10.0 65.8 0
111630 17.625 10.0 65.675 0
111700 17.625 10.0 65.55 0
111731 17.625 10.0 65.425 0
111801 17.687 10.0 65.3 0
111832 17.687 10.0 65.237 0
111902 17.687 10.0 65.175 0
111933 17.687 10.0 65.112 0
112003 17.687 10.0 65.05 0
112034 17.625 10.0 64.987 0
112105 17.625 10.0 64.925 0
112135 17.625 10.0 64.862 0
112206 17.625 10.0 64.8 0
112237 17.562 10.0 64.737 0
112307 17.562 10.0 64.737 0
112337 17.562 10.0 64.675 0
112407 17.562 10.0 64.612 0
112438 17.562 10.0 64.612 0
112509 17.437 10.0 64.55 0
112540 17.437 10.0 64.487 0
112610 17.437 10.0 64.425 0
112641 17.437 10.0 64.425 0
112712 17.437 10.0 64.362 0
112742 17.437 10.0 64.3 0
112813 17.437 10.0 64.237 0
112843 17.437 10.0 64.237 0
112913 17.437 10.0 64.175 0
112944 17.437 10.0 64.112 0
113014 17.437 10.0 64.112 0
113045 17.437 10.0 64.05 0
113115 17.437 10.0 63.987 0
113145 17.437 10.0 63.862 0
113215 17.437 10.0 63.737 0
113245 17.375 10.0 63.487 0
113315 17.375 10.0 63.175 0
113345 17.375 10.0 62.8 0
113416 17.375 10.0 62.487 0
113446 17.375 10.0 62.237 0
113517 17.312 10.0 62.112 0
113548 17.312 10.0 61.987 0
113619 17.312 10.0 61.925 0
113649 17.312 10.0 61.8 0
113720 17.312 10.0 61.737 0
113751 17.25 10.0 61.737 0
113821 17.25 10.0 61.675 0
113851 17.25 10.0 61.612 0
113922 17.25 10.0 61.55 0
113952 17.25 10.0 61.487 0
114023 17.187 10.0 61.487 0
114053 17.187 10.0 61.425 0
114124 17.187 10.0 61.362 0
114155 17.187 10.0 61.3 0
114225 17.187 10.0 61.237 0
114256 17.187 10.0 61.237 0
114326 17.187 10.0 61.175 0
114357 17.187 10.0 61.112 0
114428 17.187 10.0 61.05 0
114458 17.187 10.0 60.987 0
114529 17.187 10.0 60.987 0
114600 17.187 10.0 60.925 0
114630 17.187 10.0 60.862 0
114701 17.187 10.0 60.8 0
114731 17.187 10.0 60.737 0
114801 17.187 10.0 60.612 0
114832 17.187 10.0 60.362 0
114903 17.187 10.0 60.112 0
114933 17.187 10.0 59.862 0
115004 17.187 10.0 59.55 0
115034 17.187 10.0 59.3 0
115104 17.187 10.0 59.112 0
115134 17.187 10.0 58.987 0
115205 17.187 10.0 58.862 0
115235 17.187 10.0 58.8 0
115306 17.187 10.0 58.737 0
115336 17.187 10.0 58.675 0
115407 17.187 10.0 58.612 0
115437 17.187 10.0 58.612 0
115508 17.187 10.0 58.55 0
115539 17.25 10.0 58.55 0
115609 17.25 10.0 58.487 0
115639 17.25 10.0 58.425 0
115710 17.25 10.0 58.425 0
115742 17.312 10.0 58.362 0
115812 17.312 10.0 58.362 0
115843 17.312 10.0 58.3 0
115913 17.312 10.0 58.3 0
115943 17.312 10.0 58.237 0
120014 17.312 10.0 58.175 0
120044 17.312 10.0 58.175 0
120115 17.312 10.0 58.112 0
120145 17.312 10.0 58.112 0
120215 17.312 10.0 58.05 0
120246 17.25 10.0 57.987 0
120316 17.25 10.0 57.925 0
120346 17.25 10.0 57.862 0
120417 17.25 10.0 57.862 0
120447 17.25 10.0 57.8 0
120518 17.437 10.0 57.675 0
120548 17.437 10.0 57.612 0
120618 17.437 10.0 57.487 0
120648 17.437 10.0 57.487 0
120719 17.437 10.0 57.425 0
120749 17.5 10.0 57.362 0
120819 17.5 10.0 57.3 0
120850 17.5 10.0 57.3 0
120921 17.5 10.0 57.237 0
120952 17.5 10.0 57.237 0
121022 17.562 10.0 57.175 0
121053 17.562 10.0 57.175 0
121123 17.562 10.0 57.175 0
121154 17.562 10.0 57.112 0
121224 17.562 10.0 57.112 0
121254 17.625 10.0 57.05 0
121325 17.625 10.0 57.05 0
121355 17.625 10.0 57.05 0
121426 17.625 10.0 57.05 0
121456 17.625 10.0 56.987 0
121527 17.687 10.0 56.987 0
121558 17.687 10.0 56.987 0
121628 17.687 10.0 56.925 0
121659 17.687 10.0 56.925 0
121729 17.687 10.0 56.862 0
121759 17.687 10.0 56.8 0
121830 17.687 10.0 56.737 0
121900 17.687 10.0 56.612 0
121931 17.687 10.0 56.487 0
122002 17.687 10.0 56.362 0
122032 17.625 10.0 56.362 0
122102 17.625 10.0 56.425 0
122133 17.625 10.0 56.612 0
122203 17.625 10.0 56.987 0
122233 17.625 10.0 57.612 0
122304 17.687 10.0 58.425 0
122334 17.687 10.0 59.237 0
122405 17.687 10.0 60.3 0
122435 17.687 10.0 61.425 0
122505 17.687 10.0 62.362 0
122536 17.75 10.0 63.175 0
122606 17.75 10.0 63.862 0
122636 17.75 10.0 64.425 0
122707 17.75 10.0 64.925 0
122737 17.75 10.0 65.362 0
122807 17.687 10.0 65.612 0
122838 17.687 10.0 65.862 0
122908 17.687 10.0 66.112 0
122939 17.687 10.0 66.3 0
123009 17.687 10.0 66.425 0
123039 17.687 10.0 66.612 0
123110 17.687 10.0 66.737 0
123141 17.687 10.0 66.8 0
123211 17.687 10.0 66.925 0
123242 17.687 10.0 66.987 0
123312 17.625 10.0 67.05 0
123343 17.625 10.0 67.112 0
123414 17.625 10.0 67.175 0
123445 17.625 10.0 67.237 0
123518 17.625 10.0 67.237 0
123548 17.625 10.0 67.237 0
123619 17.625 10.0 67.3 0
123649 17.625 10.0 67.3 0
123719 17.625 10.0 67.3 0
123749 17.625 10.0 67.3 0
123819 17.625 10.0 67.362 0
123850 17.625 10.0 67.362 0
123921 17.625 10.0 67.362 0
123951 17.625 10.0 67.425 0
124021 17.687 10.0 67.425 0
124051 17.687 10.0 67.425 0
124122 17.687 10.0 67.425 0
124152 17.687 10.0 67.425 0
124223 17.687 10.0 67.425 0
124254 17.687 10.0 67.425 0
124324 17.687 10.0 67.425 0
124355 17.687 10.0 67.425 0
124425 17.687 10.0 67.425 0
124456 17.687 10.0 67.425 0
124526 17.75 10.0 67.425 0
124557 17.75 10.0 67.425 0
124627 17.75 10.0 67.425 0
124658 17.75 10.0 67.425 0
124728 17.75 10.0 67.425 0
124759 17.812 10.0 67.425 0
124829 17.812 10.0 -0.2 0
124901 17.812 10.0 -0.2 0
124931 17.812 10.0 -0.2 0
125002 17.812 10.0 -0.2 0
125032 17.937 10.0 80 50
125102 17.937 10.0 80 50
125132 17.937 10.0 80 50
125202 17.937 10.0 80 50
125232 17.937 10.0 80 50
125303 17.937 10.0 80 50
125333 17.937 10.0 80 50
125403 17.937 10.0 80 50
125433 17.937 10.0 80 50
125504 17.937 10.0 80 50
125534 18.125 10.0 80 50
125604 18.125 10.0 80 50
125634 18.125 10.0 80 50
125705 18.125 10.0 80 50
125735 18.125 10.0 80 50
125805 18.375 10.0 80 50
125835 18.375 10.0 80 50
125906 18.375 10.0 80 50
125936 18.375 10.0 80 50
130006 18.375 10.0 80 50
130036 18.687 10.0 80 50
130107 18.687 10.0 80 50
130137 18.687 10.0 80 50
130207 18.687 10.0 80 50
130237 18.687 10.0 80 50
130308 18.937 10.0 80 50
130338 18.937 10.0 80 50
130408 18.937 10.0 80 50
130438 18.937 10.0 80 50
130508 18.937 10.0 80 50
130539 19.187 10.0 80 50
130609 19.187 10.0 80 50
130639 19.187 10.0 80 50
130710 19.187 10.0 80 50
130740 19.187 10.0 80 50
130810 19.375 10.0 80 50
130840 19.375 10.0 80 50
130911 19.375 10.0 80 50
130941 19.375 10.0 80 50
131011 19.375 10.0 80 50
131041 19.437 10.0 80 50
131112 19.437 10.0 80 50
131142 19.437 10.0 80 50
131212 19.437 10.0 80 50
131242 19.437 10.0 80 50
131312 19.5 10.0 80 50
131342 19.5 10.0 80 50
131413 19.5 10.0 80 50
131443 19.5 10.0 80 50
131513 19.5 10.0 80 50
131543 19.562 10.0 56.8 0
131614 19.562 10.0 57.55 0
131644 19.562 10.0 58.3 0
131714 19.562 10.0 59.112 0
131745 19.562 10.0 60.05 0
131816 19.625 10.0 61.112 0
131847 19.625 10.0 62.3 0
131918 19.625 10.0 63.175 0
131948 19.625 10.0 63.925 0
132018 19.625 10.0 64.55 0
132049 19.75 10.0 65.112 0
132120 19.75 10.0 65.55 0
132150 19.75 10.0 65.925 0
132221 19.75 10.0 66.237 0
132253 19.687 10.0 66.487 0
132324 19.687 10.0 66.675 0
132354 19.687 10.0 66.862 0
132425 19.687 10.0 67.05 0
132456 19.687 10.0 67.175 0
132526 19.625 10.0 67.362 0
132556 19.625 10.0 67.425 0
132627 19.625 10.0 67.55 0
132657 19.625 10.0 67.612 0
132728 19.625 10.0 67.675 0
132759 19.562 10.0 67.8 0
132829 19.562 10.0 67.862 0
132900 19.562 10.0 67.925 0
132931 19.562 10.0 67.987 0
133001 19.562 10.0 67.987 0
133031 19.562 10.0 68.05 0
133102 19.562 10.0 68.05 0
133133 19.562 10.0 68.112 0
133204 19.562 10.0 68.112 0
133234 19.562 10.0 68.175 0
133305 19.437 10.0 68.175 0
133335 19.437 10.0 68.175 0
133405 19.437 10.0 68.175 0
133436 19.437 10.0 68.237 0
133506 19.437 10.0 68.237 0
133536 19.375 10.0 68.237 0
133607 19.375 10.0 68.3 0
133637 19.375 10.0 68.3 0
133708 19.375 10.0 68.3 0
133738 19.375 10.0 68.3 0
133809 19.375 10.0 68.3 0
133839 19.375 10.0 68.362 0
133910 19.375 10.0 68.362 0
133940 19.375 10.0 68.362 0
134011 19.375 10.0 68.362 0
134041 19.312 10.0 68.362 0
134112 19.312 10.0 68.362 0
134142 19.312 10.0 68.362 0
134213 19.312 10.0 68.362 0
134243 19.312 10.0 68.425 0
134314 19.312 10.0 68.425 0
134345 19.312 10.0 68.425 0
134415 19.312 10.0 68.425 0
134446 19.312 10.0 68.425 0
134516 19.312 10.0 68.425 0
134547 19.312 10.0 68.487 0
134617 19.312 10.0 68.487 0
134647 19.312 10.0 68.487 0
134718 19.312 10.0 68.487 0
134748 19.312 10.0 68.487 0
134819 19.312 10.0 68.55 0
134849 19.312 10.0 68.55 0
134920 19.312 10.0 68.487 0
134950 19.312 10.0 68.487 0
135021 19.312 10.0 68.487 0
135052 19.25 10.0 68.487 0
135123 19.25 10.0 68.487 0
135153 19.25 10.0 68.487 0
135224 19.25 10.0 68.487 0
135256 19.187 10.0 68.487 0
135327 19.187 10.0 68.487 0
135358 19.187 10.0 68.487 0
135428 19.187 10.0 68.487 0
135459 19.187 10.0 68.487 0
135529 19.187 10.0 68.487 0
135559 19.187 10.0 68.487 0
135630 19.187 10.0 68.487 0
135700 19.187 10.0 68.487 0
135731 19.187 10.0 68.487 0
135801 19.125 10.0 68.487 0
135831 19.125 10.0 68.487 0
135901 19.125 10.0 68.425 0
135931 19.125 10.0 68.425 0
140002 19.125 10.0 68.425 0
140032 19.062 10.0 68.425 0
140102 19.062 10.0 68.425 0
140133 19.062 10.0 68.425 0
140203 19.062 10.0 68.362 0
140234 19.062 10.0 68.362 0
140304 18.937 10.0 68.362 0
140334 18.937 10.0 68.362 0
140405 18.937 10.0 68.3 0
140435 18.937 10.0 68.3 0
140505 18.937 10.0 68.3 0
140536 18.937 10.0 68.3 0
140607 18.937 10.0 68.3 0
140638 18.937 10.0 68.237 0
140708 18.937 10.0 68.237 0
140739 18.937 10.0 68.175 0
140809 18.875 10.0 68.175 0
140840 18.875 10.0 68.175 0
140910 18.875 10.0 68.175 0
140940 18.875 10.0 68.112 0
141011 18.875 10.0 68.112 0
141041 18.75 10.0 68.112 0
141112 18.75 10.0 68.112 0
141143 18.75 10.0 68.05 0
141213 18.75 10.0 68.05 0
141244 18.75 10.0 68.05 0
141314 18.687 10.0 67.987 0
141345 18.687 10.0 67.987 0
141415 18.687 10.0 67.987 0
141446 18.687 10.0 67.925 0
141517 18.687 10.0 67.925 0
141547 18.562 10.0 67.925 0
141617 18.562 10.0 67.925 0
141647 18.562 10.0 67.862 0
141718 18.562 10.0 67.862 0
141749 18.562 10.0 67.8 0
141819 18.437 10.0 67.8 0
141849 18.437 10.0 67.8 0
141920 18.437 10.0 67.8 0
141951 18.437 10.0 67.737 0
142021 18.437 10.0 67.737 0
142052 18.437 10.0 67.8 0
142123 18.437 10.0 67.925 0
142153 18.437 10.0 67.987 0
142224 18.437 10.0 68.05 0
142254 18.437 10.0 68.05 0
142324 18.375 10.0 68.112 0
142354 18.375 10.0 68.112 0
142425 18.375 10.0 68.175 0
142456 18.375 10.0 68.175 0
142526 18.375 10.0 68.175 0
142556 18.375 10.0 68.237 0
142627 18.375 10.0 68.237 0
142657 18.375 10.0 68.237 0
142727 18.375 10.0 68.237 0
142800 18.312 10.0 68.237 0
142830 18.312 10.0 68.237 0
142901 18.312 10.0 68.237 0
142931 18.312 10.0 68.237 0
143001 18.312 10.0 68.237 0
143031 18.187 10.0 68.175 0
143102 18.187 10.0 68.175 0
143132 18.187 10.0 68.175 0
143203 18.187 10.0 68.175 0
143233 18.187 10.0 68.175 0
143304 18.062 10.0 68.175 0
143334 18.062 10.0 68.175 0
143404 18.062 10.0 68.112 0
143435 18.062 10.0 68.112 0
143505 18.062 10.0 68.112 0
143536 18.062 10.0 68.112 0
143606 18.062 10.0 68.112 0
143637 18.062 10.0 68.05 0
143708 18.062 10.0 68.05 0
143739 18.062 10.0 68.05 0
143809 18.062 10.0 68.05 0
143840 18.062 10.0 67.987 0
143911 18.062 10.0 67.987 0
143942 18.062 10.0 67.987 0
144012 18.062 10.0 67.987 0
144042 18.0 10.0 67.925 0
144112 18.0 10.0 67.925 0
144143 18.0 10.0 67.925 0
144214 18.0 10.0 67.925 0
144244 18.0 10.0 67.925 0
144314 17.875 10.0 67.862 0
144345 17.875 10.0 67.8 0
144416 17.875 10.0 67.8 0
144446 17.875 10.0 67.8 0
144516 17.875 10.0 67.737 0
144547 17.75 10.0 67.737 0
144617 17.75 10.0 67.675 0
144648 17.75 10.0 67.675 0
144718 17.75 10.0 67.675 0
144748 17.75 10.0 67.612 0
144819 17.75 10.0 67.612 0
144849 17.75 10.0 67.612 0
144920 17.75 10.0 67.55 0
144950 17.75 10.0 67.55 0
145020 17.75 10.0 67.55 0
145051 17.687 10.0 67.487 0
145121 17.687 10.0 67.487 0
145152 17.687 10.0 67.487 0
145223 17.687 10.0 67.425 0
145253 17.687 10.0 67.425 0
145323 17.625 10.0 67.425 0
145354 17.625 10.0 67.362 0
145425 17.625 10.0 67.362 0
145455 17.625 10.0 67.3 0
145526 17.625 10.0 67.3 0
145557 17.625 10.0 67.3 0
145627 17.625 10.0 67.237 0
145657 17.625 10.0 67.237 0
145728 17.625 10.0 67.175 0
145758 17.625 10.0 67.175 0
145828 17.625 10.0 67.175 0
145859 17.625 10.0 67.112 0
145930 17.625 10.0 67.112 0
150001 17.625 10.0 67.05 0
150031 17.625 10.0 67.05 0
150101 17.625 10.0 66.987 0
150132 17.625 10.0 66.987 0
150202 17.625 10.0 66.925 0
150233 17.625 10.0 66.862 0
150305 17.625 10.0 66.862 0
150335 17.625 10.0 66.8 0
150406 17.625 10.0 66.8 0
150436 17.625 10.0 66.737 0
150507 17.625 10.0 66.737 0
150537 17.625 10.0 66.675 0
150608 17.625 10.0 66.675 0
150638 17.625 10.0 66.675 0
150709 17.625 10.0 66.612 0
150739 17.625 10.0 66.612 0
150809 17.562 10.0 66.55 0
150840 17.562 10.0 66.55 0
150911 17.562 10.0 66.487 0
150941 17.562 10.0 66.487 0
151012 17.562 10.0 66.425 0
151043 17.562 10.0 66.425 0
151113 17.562 10.0 66.362 0
151143 17.562 10.0 66.362 0
151214 17.562 10.0 66.3 0
151244 17.562 10.0 66.3 0
151314 17.562 10.0 66.237 0
151345 17.562 10.0 66.237 0
151415 17.562 10.0 66.175 0
151445 17.562 10.0 66.175 0
151516 17.562 10.0 66.175 0
151546 17.562 10.0 66.112 0
151617 17.562 10.0 66.112 0
151647 17.562 10.0 66.05 0
151717 17.562 10.0 66.05 0
151748 17.562 10.0 65.987 0
151818 17.562 10.0 65.987 0
151848 17.562 10.0 65.925 0
151919 17.562 10.0 65.925 0
151950 17.562 10.0 65.862 0
152020 17.562 10.0 65.8 0
152050 17.562 10.0 65.737 0
152121 17.562 10.0 65.675 0
152152 17.562 10.0 65.675 0
152222 17.562 10.0 65.675 0
152253 17.562 10.0 65.675 0
152323 17.625 10.0 65.675 0
152354 17.625 10.0 65.737 0
152424 17.625 10.0 65.737 0
152454 17.625 10.0 65.737 0
152524 17.625 10.0 65.737 0
152554 17.625 10.0 65.737 0
152624 17.625 10.0 65.737 0
152655 17.625 10.0 65.737 0
152725 17.625 10.0 65.737 0
152755 17.625 10.0 65.737 0
152825 17.625 10.0 65.675 0
152856 17.625 10.0 65.675 0
152926 17.625 10.0 65.675 0
152957 17.625 10.0 65.675 0
153027 17.625 10.0 65.612 0
153058 17.625 10.0 65.612 0
153128 17.625 10.0 65.612 0
153158 17.625 10.0 65.612 0
153229 17.625 10.0 65.55 0
153300 17.625 10.0 65.55 0
153330 17.625 10.0 65.55 0
153401 17.625 10.0 65.55 0
153431 17.625 10.0 65.487 0
153502 17.625 10.0 65.487 0
153533 17.625 10.0 65.487 0
153603 17.562 10.0 65.487 0
153634 17.562 10.0 65.425 0
153705 17.562 10.0 65.425 0
153735 17.562 10.0 65.362 0
153806 17.562 10.0 65.362 0
153837 17.625 10.0 65.3 0
153908 17.625 10.0 65.237 0
153938 17.625 10.0 65.175 0
154009 17.625 10.0 65.175 0
154041 17.625 10.0 65.112 0
154111 17.625 10.0 65.05 0
154141 17.625 10.0 65.05 0
154212 17.625 10.0 64.987 0
154242 17.625 10.0 64.925 0
154313 17.625 10.0 64.925 0
154343 17.625 10.0 64.925 0
154413 17.625 10.0 64.862 0
154444 17.625 10.0 64.8 0
154515 17.625 10.0 64.8 0
154546 17.687 10.0 64.737 0
154616 17.687 10.0 64.737 0
154646 17.687 10.0 64.675 0
154716 17.687 10.0 64.675 0
154747 17.687 10.0 64.612 0
154818 17.687 10.0 64.612 0
154848 17.687 10.0 64.55 0
154918 17.687 10.0 64.55 0
154949 17.687 10.0 64.487 0
155019 17.687 10.0 64.487 0
155049 17.687 10.0 64.425 0
155120 17.687 10.0 64.362 0
155150 17.687 10.0 64.362 0
155221 17.687 10.0 64.3 0
155252 17.687 10.0 64.3 0
155323 17.625 10.0 64.237 0
155353 17.625 10.0 64.237 0
155423 17.625 10.0 64.175 0
155454 17.625 10.0 64.175 0
155525 17.625 10.0 64.112 0
155555 17.625 10.0 64.05 0
155626 17.625 10.0 63.925 0
155656 17.625 10.0 63.862 0
155727 17.625 10.0 63.737 0
155757 17.625 10.0 63.675 0
155827 17.625 10.0 63.612 0
155858 17.625 10.0 63.55 0
155929 17.625 10.0 63.487 0
155959 17.625 10.0 63.425 0
160030 17.625 10.0 63.425 0
160100 17.5 10.0 63.362 0
160130 17.5 10.0 63.3 0
160201 17.5 10.0 63.237 0
160231 17.5 10.0 63.237 0
160302 17.5 10.0 63.175 0
160333 17.562 10.0 63.175 0
160403 17.562 10.0 63.112 0
160433 17.562 10.0 63.112 0
160504 17.562 10.0 63.05 0
160534 17.562 10.0 62.987 0
160605 17.5 10.0 62.987 0
160636 17.5 21.0 62.925 0
160706 17.5 21.0 62.862 50
160737 17.5 21.0 62.8 50
160807 17.5 21.0 62.612 50
160838 17.562 21.0 62.362 50
160909 17.562 21.0 62.05 50
160939 17.562 21.0 61.737 50
161011 17.562 21.0 61.237 50
161043 17.625 21.0 60.8 50
161114 17.625 21.0 60.3 50
161144 17.625 21.0 59.737 0
161215 17.625 21.0 59.3 0
161245 17.625 21.0 58.925 0
161316 17.875 21.0 58.487 0
161346 17.875 21.0 58.112 0
161417 17.875 21.0 57.675 0
161447 17.875 21.0 57.362 0
161518 17.875 21.0 57.112 0
161548 18.187 21.0 56.925 0
161618 18.187 21.0 56.8 0
161649 18.187 21.0 56.675 0
161720 18.187 21.0 56.675 0
161750 18.187 21.0 56.675 0
161821 18.375 21.0 56.8 0
161851 18.375 21.0 57.05 0
161922 18.375 21.0 57.362 0
161952 18.375 21.0 57.737 0
162022 18.375 21.0 58.112 0
162053 18.437 21.0 58.612 0
162123 18.437 21.0 59.05 0
162154 18.437 21.0 59.55 0
162225 18.437 21.0 60.112 50
162255 18.437 21.0 60.55 50
162326 18.5 21.0 61.05 50
162356 18.5 21.0 61.425 50
162427 18.5 21.0 61.675 50
162457 18.5 21.0 61.862 50
162528 18.5 21.0 61.987 50
162558 18.625 21.0 62.05 50
162629 18.625 21.0 61.987 50
162700 18.625 21.0 61.8 50
162730 18.625 21.0 61.55 50
162800 18.625 21.0 61.175 50
162831 18.75 21.0 60.8 50
162901 18.75 21.0 60.487 50
162931 18.75 21.0 60.175 50
163002 18.75 21.0 59.8 0
163032 18.75 21.0 59.55 0
163102 18.937 21.0 59.3 0
163132 18.937 21.0 59.175 0
163203 18.937 21.0 59.112 0
163233 18.937 21.0 58.987 0
163303 18.937 21.0 58.987 0
163334 19.187 21.0 58.925 0
163405 19.187 21.0 58.925 0
163435 19.187 21.0 58.862 0
163506 19.187 21.0 58.862 0
163536 19.187 21.0 58.862 0
163607 19.375 21.0 58.8 0
163637 19.375 21.0 58.8 0
163707 19.375 21.0 58.8 0
163738 19.375 21.0 58.737 0
163808 19.375 21.0 58.737 0
163839 19.375 21.0 58.737 0
163909 19.375 21.0 58.737 0
163940 19.375 21.0 58.737 0
164011 19.375 21.0 58.675 0
164041 19.375 21.0 58.675 0
164112 19.375 21.0 58.675 0
164142 19.375 21.0 58.675 0
164213 19.375 21.0 58.612 0
164244 19.375 21.0 58.612 0
164317 19.375 21.0 58.487 0
164347 19.375 21.0 58.237 0
164418 19.375 21.0 57.8 0
164448 19.375 21.0 57.175 0
164519 19.375 21.0 56.425 0
164549 19.25 21.0 55.862 0
164619 19.25 21.0 55.425 0
164650 19.25 21.0 55.175 0
164720 19.25 21.0 55.112 0
164751 19.25 21.0 55.362 0
164821 19.125 21.0 55.862 0
164851 19.125 21.0 56.55 0
164922 19.125 21.0 57.362 0
164953 19.125 21.0 58.175 0
165024 19.125 21.0 59.05 0
165055 19.125 21.0 59.987 0
165125 19.125 21.0 60.862 50
165155 19.125 21.0 61.737 50
165226 19.125 21.0 62.487 50
165257 19.125 21.0 62.925 50
165328 19.125 21.0 63.3 50
165358 19.125 21.0 63.55 50
165428 19.125 21.0 63.8 50
165459 19.125 21.0 63.987 50
165530 19.125 21.0 64.112 50
165600 19.187 21.0 64.112 50
165631 19.187 21.0 64.112 50
165702 19.187 21.0 63.925 50
165732 19.187 21.0 63.55 50
165803 19.187 21.0 62.737 50
165833 19.312 21.0 61.362 50
165904 19.312 21.0 59.675 0
165934 19.312 21.0 57.925 0
170004 19.312 21.0 56.425 0
170035 19.312 21.0 55.112 0
170106 19.5 21.0 54.05 0
170136 19.5 21.0 53.05 0
170207 19.5 21.0 52.237 0
170238 19.5 21.0 51.55 0
170308 19.5 21.0 51.487 0
170339 19.625 21.0 51.8 0
170409 19.625 21.0 52.425 0
170440 19.625 21.0 53.362 0
170510 19.625 21.0 54.487 0
170541 19.625 21.0 55.55 0
170612 19.625 21.0 56.55 0
170642 19.625 21.0 57.675 50
170713 19.625 21.0 58.8 50
170744 19.625 21.0 59.925 50
170814 19.625 21.0 60.862 50
170844 19.687 21.0 61.675 50
170915 19.687 21.0 62.362 50
170946 19.687 21.0 62.862 50
171016 19.687 21.0 63.237 50
171046 19.687 21.0 63.55 50
171116 19.687 21.0 63.862 50
171147 19.687 21.0 64.112 50
171218 19.687 21.0 64.3 50
171248 19.687 21.0 64.425 50
171321 19.75 21.0 64.55 50
171351 19.75 21.0 64.612 50
171421 19.75 21.0 64.675 50
171451 19.75 21.0 64.737 50
171522 19.75 21.0 64.8 50
171552 19.812 21.0 64.675 50
171623 19.812 21.0 64.487 50
171653 19.812 21.0 64.3 50
171723 19.812 21.0 64.112 50
171753 19.812 21.0 63.862 50
171823 19.875 21.0 63.487 50
171854 19.875 21.0 63.05 50
171924 19.875 21.0 62.612 50
171954 19.875 21.0 62.05 50
172025 19.875 21.0 61.487 50
172055 19.937 21.0 60.862 50
172125 19.937 21.0 60.175 50
172155 19.937 21.0 59.55 50
172226 19.937 21.0 58.987 50
172256 19.937 21.0 58.487 50
172326 20.062 21.0 57.987 50
172356 20.062 21.0 57.612 50
172427 20.062 21.0 57.3 50
172457 20.062 21.0 56.987 50
172527 20.062 21.0 56.8 50
172558 20.062 21.0 56.675 50
172628 20.062 21.0 56.612 50
172658 20.062 21.0 56.55 50
172728 20.062 21.0 56.612 50
172758 20.062 21.0 56.737 50
172829 20.062 21.0 56.987 50
172859 20.062 21.0 57.237 50
172929 20.062 21.0 57.8 50
173000 20.062 21.0 58.487 50
173030 20.062 21.0 59.237 50
173100 20.0 21.0 60.05 50
173131 20.0 21.0 60.925 50
173201 20.0 21.0 61.862 50
173231 20.0 21.0 62.55 50
173301 20.0 21.0 63.175 50
173332 20.0 21.0 63.675 50
173402 20.0 21.0 64.05 50
173433 20.0 21.0 64.3 50
173503 20.0 21.0 64.55 50
173533 20.0 21.0 64.737 50
173603 19.937 21.0 64.862 50
173633 19.937 21.0 65.05 50
173704 19.937 21.0 65.175 50
173734 19.937 21.0 65.237 50
173804 19.937 21.0 65.362 50
173834 19.937 21.0 65.425 50
173904 19.937 21.0 65.487 50
173935 19.937 21.0 65.55 50
174005 19.937 21.0 65.612 50
174036 19.937 21.0 65.55 50
174106 19.937 21.0 65.487 50
174136 19.937 21.0 65.362 50
174207 19.937 21.0 65.175 50
174237 19.937 21.0 64.8 50
174307 19.937 21.0 64.425 50
174338 19.937 21.0 63.925 50
174408 19.937 21.0 63.362 50
174439 19.937 21.0 62.8 50
174510 19.937 21.0 62.175 50
174540 19.937 21.0 61.55 50
174610 19.937 21.0 60.987 50
174640 19.937 21.0 60.487 50
174711 19.937 21.0 59.987 50
174742 19.937 21.0 59.55 50
174812 19.937 21.0 59.112 50
174842 19.937 21.0 58.737 50
174912 19.937 21.0 58.425 50
174942 19.937 21.0 58.112 50
175013 19.937 21.0 57.862 50
175043 19.937 21.0 57.612 50
175113 20.0 21.0 57.487 50
175144 20.0 21.0 57.3 50
175214 20.0 21.0 57.237 50
175244 20.0 21.0 57.175 50
175315 20.0 21.0 57.112 50
175345 20.062 21.0 57.05 50
175415 20.062 21.0 57.05 50
175446 20.062 21.0 56.987 50
175516 20.062 21.0 56.987 50
175546 20.062 21.0 56.987 50
175617 20.062 21.0 56.925 50
175647 20.062 21.0 56.925 50
175718 20.062 21.0 56.925 50
175748 20.062 21.0 56.987 50
175818 20.062 21.0 57.112 50
175849 20.062 21.0 57.3 50
175920 20.062 21.0 57.487 50
175950 20.062 21.0 57.675 50
180021 20.062 21.0 57.987 50
180051 20.062 21.0 58.55 50
180121 20.125 21.0 59.237 50
180152 20.125 21.0 59.925 50
180222 20.125 21.0 60.737 50
180253 20.125 21.0 61.612 50
180324 20.125 21.0 62.425 50
180354 20.125 21.0 62.925 50
180424 20.125 21.0 63.425 50
180454 20.125 21.0 63.737 50
180525 20.125 21.0 64.05 50
180555 20.125 21.0 64.237 50
180626 20.125 21.0 64.425 50
180656 20.125 21.0 64.612 50
180726 20.125 21.0 64.737 50
180756 20.125 21.0 64.8 50
180829 20.125 21.0 64.925 50
180900 20.125 21.0 64.987 50
180930 20.125 21.0 65.05 50
181000 20.125 21.0 65.112 50
181031 20.125 21.0 65.175 50
181101 20.125 21.0 65.175 50
181131 20.125 21.0 65.112 50
181201 20.125 21.0 65.112 50
181232 20.125 21.0 65.05 50
181302 20.125 21.0 64.925 50
181332 20.187 21.0 64.612 50
181402 20.187 21.0 64.175 50
181432 20.187 21.0 63.612 50
181502 20.187 21.0 62.925 50
181533 20.187 21.0 62.3 50
181603 20.25 21.0 61.612 50
181634 20.25 21.0 60.925 50
181704 20.25 21.0 60.3 50
181735 20.25 21.0 59.737 50
181805 20.25 21.0 59.237 50
181835 20.25 21.0 58.8 50
181906 20.25 21.0 58.425 50
181936 20.25 21.0 58.05 50
182006 20.25 21.0 57.737 50
182036 20.25 21.0 57.487 50
182107 20.25 21.0 57.237 50
182137 20.25 21.0 57.05 50
182207 20.25 21.0 56.862 50
182238 20.25 21.0 56.737 50
182309 20.25 21.0 56.675 50
182339 20.25 21.0 56.612 50
182410 20.25 21.0 56.612 50
182441 20.25 21.0 56.737 50
182511 20.25 21.0 56.925 50
182541 20.25 21.0 57.425 50
182611 20.187 21.0 58.112 50
182642 20.187 21.0 58.862 50
182712 20.187 21.0 59.675 50
182742 20.187 21.0 60.612 50
182812 20.187 21.0 61.487 50
182843 20.125 21.0 62.3 50
182914 20.125 21.0 62.987 50
182944 20.125 21.0 63.487 50
183014 20.125 21.0 63.925 50
183044 20.125 21.0 64.175 50
183115 20.125 21.0 64.362 50
183145 20.125 21.0 64.487 50
183215 20.125 21.0 64.612 50
183245 20.125 21.0 64.675 50
183316 20.125 21.0 64.8 50
183347 20.062 21.0 64.862 50
183417 20.062 21.0 64.925 50
183447 20.062 21.0 64.987 50
183518 20.062 21.0 64.987 50
183548 20.062 21.0 64.987 50
183618 20.0 21.0 64.925 50
183648 20.0 21.0 64.862 50
183719 20.0 21.0 64.737 50
183749 20.0 21.0 64.612 50
183820 20.0 21.0 64.362 50
183850 20.0 21.0 63.925 50
183921 20.0 21.0 63.425 50
183952 20.0 21.0 62.737 50
184022 20.0 21.0 62.05 50
184053 20.0 21.0 61.362 50
184123 19.937 21.0 60.737 50
184153 19.937 21.0 60.112 50
184224 19.937 21.0 59.55 50
184255 19.937 21.0 59.175 50
184325 19.937 21.0 58.8 50
184356 19.937 21.0 58.487 50
184426 19.937 21.0 58.175 50
184457 19.937 21.0 57.925 50
184527 19.937 21.0 57.612 50
184557 19.937 21.0 57.55 50
184628 19.875 21.0 57.425 50
184658 19.875 21.0 57.237 50
184728 19.875 21.0 57.237 50
184759 19.875 21.0 57.175 50
184829 19.875 21.0 57.05 50
184859 19.812 21.0 56.987 50
184930 19.812 21.0 56.925 50
185000 19.812 21.0 56.862 50
185031 19.812 21.0 56.8 50
185101 19.812 21.0 56.8 50
185131 19.937 21.0 56.8 50
185202 19.937 21.0 56.862 50
185232 19.937 21.0 56.987 50
185302 19.937 21.0 57.175 50
185332 19.937 21.0 57.3 50
185402 19.937 21.0 57.487 50
185433 19.937 21.0 57.925 50
185503 19.937 21.0 58.487 50
185534 19.937 21.0 59.112 50
185604 19.937 21.0 59.737 50
185634 19.937 21.0 60.425 50
185705 19.937 21.0 61.112 50
185736 19.937 21.0 61.675 50
185806 19.937 21.0 62.175 50
185836 19.937 21.0 62.487 50
185906 20.0 21.0 62.737 50
185936 20.0 21.0 62.987 50
190007 20.0 21.0 63.175 50
190037 20.0 21.0 63.3 50
190110 20.0 21.0 63.425 50
190140 20.0 21.0 63.487 50
190211 20.0 21.0 63.487 50
190241 20.0 21.0 63.425 50
190312 20.0 21.0 63.3 50
190343 20.25 21.0 63.05 50
190413 20.25 21.0 62.675 50
190443 20.25 21.0 62.175 50
190513 20.25 21.0 61.55 50
190543 20.25 21.0 60.8 50
190614 20.437 21.0 60.05 50
190644 20.437 21.0 59.237 50
190714 20.437 21.0 58.55 50
190744 20.437 21.0 57.8 50
190815 20.437 21.0 57.175 50
190845 20.5 21.0 56.612 50
190916 20.5 21.0 56.05 50
190946 20.5 21.0 55.612 50
191016 20.5 21.0 55.3 50
191047 20.5 21.0 55.05 50
191117 20.562 21.0 54.862 50
191147 20.562 21.0 54.925 50
191218 20.562 21.0 55.3 50
191248 20.562 21.0 55.925 50
191319 20.562 21.0 56.675 50
191349 20.562 21.0 57.487 50
191419 20.562 21.0 58.175 50
191449 20.562 21.0 58.987 50
191520 20.562 21.0 59.737 50
191550 20.562 21.0 60.487 50
191620 20.625 21.0 61.175 50
191651 20.625 21.0 61.925 50
191721 20.625 21.0 62.425 50
191752 20.625 21.0 62.862 50
191823 20.625 21.0 63.175 50
191853 20.625 21.0 63.425 50
191924 20.625 21.0 63.612 50
191954 20.625 21.0 63.737 50
192024 20.625 21.0 63.925 50
192055 20.625 21.0 64.05 50
192126 20.687 21.0 64.112 50
192156 20.687 21.0 64.237 50
192227 20.687 21.0 64.3 50
192257 20.687 21.0 64.362 50
192327 20.687 21.0 64.362 50
192357 20.687 21.0 64.425 50
192427 20.687 21.0 64.425 50
192458 20.687 21.0 64.362 50
192528 20.687 21.0 64.362 50
192559 20.687 21.0 64.3 50
192630 20.75 21.0 64.237 50
192700 20.75 21.0 64.112 50
192730 20.75 21.0 63.925 50
192800 20.75 21.0 63.737 50
192830 20.75 21.0 63.425 50
192900 20.875 21.0 62.987 50
192931 20.875 21.0 62.362 50
193001 20.875 21.0 61.612 50
193032 20.875 21.0 60.8 50
193102 20.875 21.0 60.175 50
193132 20.812 21.0 59.612 50
193203 20.812 21.0 59.237 50
193234 20.812 21.0 58.862 50
193305 20.812 21.0 58.612 50
193335 20.812 21.0 58.425 50
193406 20.937 21.0 58.3 50
193436 20.937 21.0 58.112 50
193507 20.937 21.0 57.987 50
193538 20.937 21.0 57.925 50
193609 20.937 21.0 57.8 50
193639 20.937 21.0 57.737 50
193710 20.937 21.0 57.675 50
193741 20.937 21.0 57.675 50
193812 20.937 21.0 57.612 50
193842 20.937 21.0 57.612 50
193912 21.0 21.0 57.612 50
193942 21.0 21.0 57.612 50
194013 21.0 21.0 57.612 50
194043 21.0 21.0 57.612 50
194113 21.0 21.0 57.612 50
194143 20.937 21.0 57.675 50
194214 20.937 21.0 57.675 50
194244 20.937 21.0 57.675 50
194314 20.937 21.0 57.675 50
194347 21.125 21.0 57.612 50
194418 21.125 21.0 57.55 0
194448 21.125 21.0 57.487 0
194519 21.125 21.0 57.425 0
194550 21.125 21.0 57.362 0
194620 21.187 21.0 57.3 0
194650 21.187 21.5 57.3 0
194721 21.187 21.5 57.237 0
194752 21.187 21.5 57.237 0
194823 21.187 21.5 57.237 0
194853 21.125 21.5 57.175 0
194924 21.125 21.5 57.175 0
194955 21.125 21.5 57.175 0
195025 21.125 21.5 57.175 0
195056 21.125 21.5 57.175 0
195126 21.062 21.5 57.175 0
195156 21.062 21.5 57.175 0
195227 21.062 21.5 57.175 0
195257 21.062 21.5 57.237 0
195328 21.062 21.5 57.237 0
195359 21.062 21.5 57.237 0
195430 21.062 21.5 57.237 0
195500 21.062 21.5 57.237 0
195531 21.062 21.5 57.175 0
195601 21.062 21.5 57.112 0
195631 21.062 21.5 57.05 0
195702 21.062 21.5 56.987 0
195733 21.062 21.5 56.925 0
195803 21.062 21.5 56.987 0
195834 21.062 21.5 57.237 0
195904 21.0 21.5 57.612 0
195934 21.0 21.5 58.05 0
200005 21.0 21.5 58.55 0
200036 21.0 21.5 59.05 0
200106 21.0 21.5 59.612 0
200137 20.937 21.5 60.237 50
200208 20.937 21.5 60.8 50
200238 20.937 21.5 61.362 50
200309 20.937 21.5 61.925 50
200339 20.937 21.5 62.3 50
200410 20.937 21.5 62.612 50
200440 20.937 21.5 62.925 50
200511 20.937 21.5 63.112 50
200542 20.937 21.5 63.237 50
200613 20.937 21.5 63.362 50
200643 21.062 21.5 63.487 50
200713 21.062 21.5 63.612 50
200744 21.062 21.5 63.675 50
200815 21.062 21.5 63.8 50
200846 21.062 21.5 63.862 50
200916 21.187 21.5 63.925 50
200946 21.187 21.5 63.925 50
201017 21.187 21.5 63.987 50
201048 21.187 21.5 63.987 50
201121 21.5 21.5 63.925 50
201151 21.5 21.5 63.862 50
201221 21.5 21.5 63.55 50
201252 21.5 21.5 62.925 50
201322 21.5 21.5 61.862 50
201353 21.687 21.5 60.612 0
201424 21.687 21.5 59.425 0
201454 21.687 21.5 58.675 0
201525 21.687 21.5 58.175 0
201556 21.687 21.5 57.862 0
201627 21.812 21.5 57.612 0
201657 21.812 21.5 57.487 0
201728 21.812 21.5 57.425 0
201759 21.812 21.5 57.425 0
201829 21.812 21.5 57.487 0
201859 21.875 21.5 57.737 0
201930 21.875 21.5 58.175 0
202000 21.875 21.5 58.862 0
202031 21.875 21.5 59.612 0
202102 21.875 21.5 60.425 0
202132 22.0 21.5 61.425 0
202202 22.0 21.5 62.362 0
202233 22.0 21.5 63.237 0
202303 22.0 21.5 64.05 0
202334 22.0 21.5 64.737 0
202404 21.875 21.5 65.362 0
202435 21.875 21.5 65.925 0
202505 21.875 21.5 66.362 0
202536 21.875 21.5 66.862 0
202606 21.875 21.5 67.237 0
202636 21.812 21.5 67.612 0
202707 21.812 21.5 67.987 0
202737 21.812 21.5 68.3 0
202807 21.812 21.5 68.612 0
202838 21.812 21.5 68.925 0
202908 21.687 21.5 69.112 0
202939 21.687 21.5 69.3 0
203009 21.687 21.5 69.487 0
203039 21.687 21.5 69.8 0
203110 21.687 21.5 70.112 50
203140 21.5 21.5 70.362 50
203210 21.5 21.5 70.55 50
203241 21.5 21.5 70.8 50
203311 21.5 21.5 70.987 50
203342 21.5 21.5 71.112 50
203413 21.5 21.5 71.237 50
203443 21.5 21.5 71.362 50
203513 21.5 21.5 71.425 50
203543 21.5 21.5 71.425 50
203614 21.5 21.5 71.487 50
203644 21.437 21.5 71.55 50
203715 21.437 21.5 71.612 50
203745 21.437 21.5 71.675 50
203816 21.437 21.5 71.675 50
203847 21.437 21.5 71.675 50
203917 21.75 21.5 71.675 50
203947 21.75 21.5 71.675 50
204018 21.75 21.5 71.612 50
204048 21.75 21.5 71.55 50
204118 21.75 21.5 71.362 50
204149 21.937 21.5 71.112 50
204219 21.937 21.5 70.425 50
204249 21.937 21.5 69.05 0
204320 21.937 21.5 67.362 0
204350 21.937 21.5 65.862 0
204421 22.125 21.5 64.737 0
204451 22.125 21.5 64.05 0
204522 22.125 21.5 63.612 0
204552 22.125 21.5 63.3 0
204625 22.125 21.5 63.112 0
204656 22.125 21.5 62.987 0
204726 22.125 21.5 62.925 0
204757 22.125 21.5 62.8 0
204827 22.125 21.5 62.737 0
204857 22.125 21.5 62.675 0
204928 22.125 21.5 62.612 0
204958 22.125 21.5 62.55 0
205029 22.125 21.5 62.425 0
205059 22.125 21.5 62.362 0
205129 22.062 21.5 62.3 0
205200 22.062 21.5 62.237 0
205231 22.062 21.5 62.112 0
205302 22.062 21.5 62.05 0
205332 22.062 21.5 61.925 0
205403 22.0 21.5 61.862 0
205433 22.0 21.5 61.737 0
205504 22.0 21.5 61.612 0
205535 22.0 21.5 61.55 0
205605 22.0 21.5 61.487 0
205636 22.0 21.5 61.362 0
205706 22.0 21.5 61.3 0
205736 22.0 21.5 61.112 0
205807 22.0 21.5 61.05 0
205837 22.0 21.5 60.925 0
205908 21.875 21.5 60.862 0
205938 21.875 21.5 60.8 0
210009 21.875 21.5 60.8 0
210039 21.875 21.5 60.675 0
210110 21.875 21.5 60.675 0
210140 21.687 21.5 60.612 0
210211 21.687 21.5 60.675 0
210241 21.687 21.5 60.737 0
210311 21.687 21.5 60.8 0
210342 21.687 21.5 60.862 0
210412 21.562 21.5 60.925 0
210442 21.562 21.5 60.987 0
210513 21.562 21.5 61.05 0
210543 21.562 21.5 61.112 0
210613 21.562 21.5 61.175 0
210643 21.375 21.5 61.237 50
210714 21.375 21.5 61.362 50
210744 21.375 21.5 61.425 50
210815 21.375 21.5 61.55 50
210846 21.375 21.5 61.612 50
210916 21.437 21.5 61.675 50
210946 21.437 21.5 61.737 50
211017 21.437 21.5 61.737 50
211047 21.437 21.5 61.737 50
211118 21.437 21.5 61.8 50
211148 21.562 21.5 61.8 0
211219 21.562 21.5 61.862 0
211249 21.562 21.5 61.862 0
211320 21.562 21.5 61.862 0
211350 21.562 21.5 61.925 0
211420 21.625 21.5 61.925 0
211451 21.625 21.5 61.925 0
211521 21.625 21.5 61.925 0
211552 21.625 21.5 61.987 0
211623 21.625 21.5 61.987 0
211653 21.75 21.5 61.987 0
211724 21.75 21.5 61.987 0
211755 21.75 21.5 61.987 0
211825 21.75 21.5 61.987 0
211858 21.875 21.5 61.987 0
211928 21.875 21.5 61.987 0
211959 21.875 21.5 61.987 0
212030 21.875 21.5 61.987 0
212100 21.875 21.5 61.987 0
212131 21.875 21.5 61.987 0
212202 21.875 21.5 61.987 0
212232 21.875 21.5 61.987 0
212303 21.875 21.5 61.987 0
212333 21.875 21.5 62.05 0
212404 21.812 21.5 62.112 0
212435 21.812 21.5 62.237 0
212505 21.812 21.5 62.362 0
212536 21.812 21.5 62.487 0
212607 21.812 21.5 62.487 0
212637 21.687 21.5 62.55 0
212707 21.687 21.5 62.55 0
212737 21.687 21.5 62.612 0
212808 21.687 21.5 62.675 0
212839 21.687 21.5 62.675 0
212909 21.625 21.5 62.675 0
212940 21.625 21.5 62.737 0
213011 21.625 21.5 62.737 0
213041 21.625 21.5 62.737 0
213112 21.625 21.5 62.737 0
213143 21.562 21.5 62.737 0
213213 21.562 21.5 62.675 0
213243 21.562 21.5 62.675 0
213313 21.562 21.5 62.612 0
213344 21.562 21.5 62.612 0
213414 21.375 21.5 62.612 50
213445 21.375 21.5 62.55 50
213516 21.375 21.5 62.55 50
213546 21.375 21.5 62.425 50
213617 21.375 21.5 62.3 50
213647 21.312 21.5 62.112 50
213718 21.312 21.5 61.925 50
213749 21.312 21.5 61.8 50
213819 21.312 21.5 61.612 50
213849 21.312 21.5 61.55 50
213919 21.312 21.5 61.425 50
213949 21.312 21.5 61.362 50
214020 21.312 21.5 61.3 50
214051 21.312 21.5 61.237 50
214121 21.312 21.5 61.175 50
214151 21.562 21.5 61.112 0
214222 21.562 21.5 61.112 0
214252 21.562 21.5 61.05 0
214323 21.562 21.5 60.987 0
214353 21.562 21.5 60.987 0
214424 21.875 21.5 60.987 0
214454 21.875 21.5 60.925 0
214524 21.875 21.5 60.862 0
214555 21.875 21.5 60.8 0
214626 21.875 21.5 60.8 0
214656 21.937 21.5 60.737 0
214727 21.937 21.5 60.737 0
214757 21.937 21.5 60.675 0
214827 21.937 21.5 60.612 0
214858 21.937 21.5 60.612 0
214928 21.875 21.5 60.612 0
214959 21.875 21.5 60.55 0
215029 21.875 21.5 60.55 0
215100 21.875 21.5 60.55 0
215132 21.812 21.5 60.487 0
215203 21.812 21.5 60.487 0
215233 21.812 21.5 60.425 0
215304 21.812 21.5 60.425 0
215335 21.812 21.5 60.425 0
215405 21.812 21.5 60.362 0
215435 21.812 21.5 60.362 0
215506 21.812 21.5 60.362 0
215536 21.812 21.5 60.3 0
215606 21.812 21.5 60.3 0
215636 21.625 21.5 60.3 0
215706 21.625 21.5 60.3 0
215736 21.625 21.5 60.237 0
215807 21.625 21.5 60.175 0
215838 21.625 21.5 60.112 0
215908 21.625 21.5 59.925 0
215938 21.625 21.5 59.675 0
220008 21.625 21.5 59.425 0
220038 21.625 21.5 59.237 0
220109 21.625 21.5 59.112 0
220139 21.437 21.5 59.05 0
220210 21.437 21.5 58.925 0
220240 21.437 21.5 58.862 0
220310 21.437 21.5 58.8 0
220340 21.437 21.5 58.737 0
220410 21.25 21.5 58.675 0
220441 21.25 21.5 58.675 0
220511 21.25 21.5 58.612 0
220542 21.25 21.5 58.55 0
220612 21.25 21.5 58.487 0
220642 21.125 21.5 58.425 0
220713 21.125 21.5 58.425 0
220744 21.125 21.5 58.362 0
220814 21.125 21.5 58.3 0
220845 21.125 21.5 58.237 0
220915 21.0 21.5 58.237 0
220946 21.0 21.5 58.175 0
221016 21.0 21.5 58.112 0
221047 21.0 21.5 58.112 0
221117 21.0 21.5 57.987 0
221148 20.937 21.5 57.612 0
221219 20.937 21.5 57.237 0
221249 20.937 21.5 56.862 0
221319 20.937 21.5 56.487 0
221350 20.937 21.5 56.237 0
221420 20.937 21.5 56.237 0
221451 20.937 21.5 56.487 0
221521 20.937 21.5 57.05 0
221552 20.937 21.5 57.862 0
221623 20.937 21.5 58.925 0
221653 20.812 21.5 60.175 50
221724 20.812 21.5 61.487 50
221754 20.812 21.5 62.8 50
221825 20.812 21.5 63.925 50
221855 20.812 21.5 64.8 50
221925 20.812 21.5 65.425 50
221955 20.812 21.5 65.925 50
222026 20.812 21.5 66.3 50
222057 20.812 21.5 66.55 50
222127 20.812 21.5 66.737 50
222157 20.937 21.5 66.862 50
222228 20.937 21.5 66.925 50
222258 20.937 21.5 67.05 50
222328 20.937 21.5 67.112 50
222358 20.937 21.5 67.237 50
222429 21.25 21.5 67.237 50
222500 21.25 21.5 67.3 50
222530 21.25 21.5 67.237 50
222601 21.25 21.5 67.237 50
222631 21.25 21.5 67.112 50
222702 21.687 21.5 67.05 0
222732 21.687 21.5 66.925 0
222802 21.687 21.5 66.862 0
222833 21.687 21.5 66.737 0
222904 21.687 21.5 66.675 0
222934 22.062 21.5 66.675 0
223004 22.062 21.5 66.612 0
223034 22.062 21.5 66.55 0
223105 22.062 21.5 66.487 0
223135 22.062 21.5 66.425 0
223205 22.187 21.5 66.425 0
223236 22.187 21.5 66.362 0
223307 22.187 21.5 66.3 0
223338 22.187 21.5 66.3 0
223409 22.187 21.5 66.237 0
223440 22.187 21.5 66.175 0
223510 22.187 21.5 66.112 0
223541 22.187 21.5 66.112 0
223611 22.187 21.5 66.05 0
223641 22.125 21.5 65.987 0
223712 22.125 21.5 65.987 0
223742 22.125 21.5 65.925 0
223813 22.125 21.5 65.925 0
223843 22.125 21.5 65.862 0
223914 22.125 21.5 65.8 0
223944 22.125 21.5 65.737 0
224015 22.125 21.5 65.737 0
224046 22.125 21.5 65.675 0
224116 22.125 21.5 65.612 0
224146 22.062 21.5 65.425 0
224217 22.062 21.5 65.05 0
224248 22.062 21.5 64.55 0
224319 22.062 21.5 64.112 0
224349 22.062 21.5 63.8 0
224420 21.937 21.5 63.487 0
224450 21.937 21.5 63.362 0
224521 21.937 21.5 63.237 0
224552 21.937 21.5 63.175 0
224622 21.937 21.5 63.05 0
224652 21.687 21.5 62.987 0
224723 21.687 21.5 62.925 0
224753 21.687 21.5 62.862 0
224824 21.687 21.5 62.737 0
224854 21.687 21.5 62.675 0
224925 21.625 21.5 62.612 0
224955 21.625 21.5 62.55 0
225026 21.625 21.5 62.487 0
225056 21.625 21.5 62.425 0
225127 21.625 21.5 62.3 0
225157 21.437 21.5 62.175 50
225227 21.437 21.5 61.612 50
225258 21.437 21.5 60.8 50
225329 21.437 21.5 60.175 50
225359 21.437 21.5 59.675 0
225429 21.312 21.5 59.3 0
225459 21.312 21.5 59.05 0
225530 21.312 21.5 58.925 0
225600 21.312 21.5 58.8 0
225630 21.312 21.5 58.737 0
225701 21.437 21.5 58.675 0
225731 21.437 21.5 58.675 0
225802 21.437 21.5 58.612 0
225833 21.437 21.5 58.612 0
225903 21.437 21.5 58.612 0
225934 21.312 21.5 58.612 0
230005 21.312 10.0 58.612 0
230036 21.312 10.0 58.612 0
230107 21.312 10.0 58.612 0
230138 21.312 10.0 58.612 0
230208 21.25 10.0 58.612 0
230239 21.25 10.0 58.675 0
230310 21.25 10.0 58.675 0
230340 21.25 10.0 58.675 0
230412 21.25 10.0 58.675 0
230443 21.25 10.0 58.675 0
230513 21.25 10.0 58.737 0
230543 21.25 10.0 58.737 0
230614 21.25 10.0 58.737 0
230645 21.0 10.0 58.8 0
230715 21.0 10.0 58.8 0
230745 21.0 10.0 58.8 0
230816 21.0 10.0 58.862 0
230846 21.0 10.0 58.862 0
230917 20.75 10.0 58.925 0
230948 20.75 10.0 58.925 0
231018 20.75 10.0 58.925 0
231048 20.75 10.0 58.987 0
231118 20.75 10.0 59.112 0
231149 20.625 10.0 59.175 0
231219 20.625 10.0 59.237 0
231249 20.625 10.0 59.3 0
231320 20.625 10.0 59.3 0
231351 20.625 10.0 59.362 0
231421 20.5 10.0 59.362 0
231452 20.5 10.0 59.425 0
231522 20.5 10.0 59.425 0
231552 20.5 10.0 59.425 0
231623 20.5 10.0 59.487 0
231653 20.437 10.0 59.487 0
231724 20.437 10.0 59.55 0
231755 20.437 10.0 59.55 0
231826 20.437 10.0 59.55 0
231856 20.437 10.0 59.612 0
231926 20.437 10.0 59.675 0
231957 20.437 10.0 59.925 0
232027 20.437 10.0 60.175 0
232057 20.437 10.0 60.487 0
232128 20.437 10.0 60.8 0
232158 20.375 10.0 61.05 0
232228 20.375 10.0 61.3 0
232259 20.375 10.0 61.487 0
232329 20.375 10.0 61.737 0
232359 20.375 10.0 61.987 0
232429 20.375 10.0 62.112 0
232500 20.375 10.0 62.362 0
232530 20.375 10.0 62.487 0
232600 20.375 10.0 62.675 0
232631 20.375 10.0 62.8 0
232701 20.312 10.0 62.925 0
232731 20.312 10.0 62.987 0
232802 20.312 10.0 63.05 0
232832 20.312 10.0 63.112 0
232902 20.312 10.0 63.175 0
232932 20.312 10.0 63.175 0
233002 20.312 10.0 63.237 0
233033 20.312 10.0 63.3 0
233103 20.312 10.0 63.3 0
233134 20.312 10.0 63.362 0
233204 20.25 10.0 63.425 0
233234 20.25 10.0 63.487 0
233305 20.25 10.0 63.55 0
233336 20.25 10.0 63.612 0
233407 20.25 10.0 63.675 0
233438 20.187 10.0 63.8 0
233508 20.187 10.0 63.862 0
233539 20.187 10.0 63.925 0
233609 20.187 10.0 63.987 0
233639 20.187 10.0 64.112 0
233709 20.125 10.0 64.175 0
233740 20.125 10.0 64.237 0
233810 20.125 10.0 64.3 0
233841 20.125 10.0 64.362 0
233912 20.125 10.0 64.425 0
233942 20.187 10.0 64.55 0
234013 20.187 10.0 64.612 0
234043 20.187 10.0 64.737 0
234113 20.187 21.0 64.8 0
234146 20.125 21.0 64.862 50
234217 20.125 21.0 64.925 50
234248 20.125 21.0 64.862 50
234318 20.125 21.0 64.987 50
234349 20.125 21.0 65.05 50
234420 20.125 21.0 65.05 50
234450 20.125 21.0 65.05 50
234521 20.125 21.0 65.05 50
234552 20.125 21.0 65.112 50
234622 20.125 21.0 65.112 50
234652 20.0 21.0 65.112 50
234722 20.0 21.0 65.112 50
234753 20.0 21.0 65.05 50
234823 20.0 21.0 65.05 50
234854 20.0 21.0 64.987 50
234924 19.937 21.0 64.925 50
234955 19.937 21.0 64.8 50
235025 19.937 21.0 64.55 50
235055 19.937 16.0 64.05 50
235125 19.937 16.0 63.3 0
235156 19.875 16.0 62.8 0
235226 19.875 16.0 62.425 0
235256 19.875 16.0 62.175 0
235326 19.875 16.0 62.05 0
235357 19.875 16.0 61.925 0
235428 19.875 16.0 61.8 0
235458 19.875 16.0 61.675 0
235529 19.875 16.0 61.612 0
235559 19.875 16.0 61.425 0
235629 19.875 16.0 60.862 0
235700 19.75 16.0 60.05 0
235730 19.75 16.0 59.175 0
235800 19.75 16.0 58.487 0
235831 19.75 16.0 58.05 0
235901 19.75 16.0 57.737 0
