235903 18.875 10.0 69.05 0
235933 18.875 10.0 68.987 0
000003 18.875 10.0 68.925 0
000033 18.875 10.0 68.862 0
000104 18.937 10.0 68.737 0
000134 18.937 10.0 68.425 0
000204 18.937 10.0 67.925 0
000234 18.937 10.0 67.362 0
000304 18.937 10.0 66.987 0
000334 18.937 10.0 66.737 0
000404 18.937 10.0 66.55 0
000434 18.937 10.0 66.425 0
000505 18.937 10.0 66.3 0
000535 18.937 10.0 66.175 0
000605 18.937 10.0 66.112 0
000635 18.937 10.0 65.987 0
000705 18.937 10.0 65.862 0
000735 18.937 10.0 65.8 0
000806 18.937 10.0 65.737 0
000836 18.937 10.0 65.612 0
000906 18.937 10.0 65.55 0
000937 18.937 10.0 65.425 0
001007 18.937 10.0 65.362 0
001038 18.937 10.0 65.3 0
001108 18.875 10.0 65.175 0
001138 18.875 10.0 65.112 0
001209 18.875 10.0 65.05 0
001239 18.875 10.0 64.987 0
001309 18.875 10.0 64.862 0
001339 18.875 10.0 64.8 0
001409 18.875 10.0 64.675 0
001439 18.875 10.0 64.612 0
001510 18.875 10.0 64.55 0
001540 18.875 10.0 64.425 0
001610 18.812 10.0 64.362 0
001640 18.812 10.0 64.3 0
001710 18.812 10.0 64.175 0
001741 18.812 10.0 64.112 0
001812 18.812 10.0 64.05 0
001842 18.75 10.0 63.925 0
001913 18.75 10.0 63.862 0
001943 18.75 10.0 63.8 0
002013 18.75 10.0 63.675 0
002044 18.75 10.0 63.612 0
002114 18.687 10.0 63.55 0
002144 18.687 10.0 63.487 0
002214 18.687 10.0 63.362 0
002245 18.687 10.0 63.3 0
002315 18.687 10.0 63.237 0
002345 18.625 10.0 63.112 0
002415 18.625 10.0 63.05 0
002446 18.625 10.0 62.862 0
002516 18.625 10.0 62.237 0
002547 18.625 10.0 61.3 0
002617 18.562 10.0 60.112 0
002648 18.562 10.0 59.175 0
002718 18.562 10.0 58.612 0
002748 18.562 10.0 58.175 0
002819 18.562 10.0 57.925 0
002849 18.5 10.0 57.737 0
002919 18.5 10.0 57.612 0
002949 18.5 10.0 57.487 0
003020 18.5 10.0 57.425 0
003051 18.5 10.0 57.362 0
003121 18.5 10.0 57.3 0
003151 18.5 10.0 57.237 0
003222 18.5 10.0 57.237 0
003252 18.5 10.0 57.175 0
003323 18.5 10.0 57.237 0
003353 18.437 10.0 57.362 0
003423 18.437 10.0 57.675 0
003454 18.437 10.0 58.237 0
003525 18.437 10.0 59.05 0
003555 18.437 10.0 60.112 0
003626 18.437 10.0 61.05 0
003656 18.437 10.0 61.987 0
003726 18.437 10.0 62.987 0
003756 18.437 10.0 63.8 0
003827 18.437 10.0 64.487 0
003857 18.437 10.0 65.05 0
003927 18.437 10.0 65.487 0
003957 18.437 10.0 65.8 0
004028 18.437 10.0 66.112 0
004058 18.437 10.0 66.362 0
004128 18.312 10.0 66.55 0
004158 18.312 10.0 66.737 0
004229 18.312 10.0 66.925 0
004259 18.312 10.0 67.05 0
004329 18.312 10.0 67.175 0
004359 18.25 10.0 67.3 0
004429 18.25 10.0 67.362 0
004500 18.25 10.0 67.487 0
004530 18.25 10.0 67.612 0
004600 18.25 10.0 67.675 0
004630 18.25 10.0 67.8 0
004701 18.25 10.0 67.862 0
004731 18.25 10.0 67.987 0
004802 18.25 10.0 68.05 0
004834 18.25 10.0 68.175 0
004905 18.25 10.0 68.237 0
004935 18.25 10.0 68.3 0
005006 18.25 10.0 68.362 0
005036 18.25 10.0 68.362 0
005106 18.187 10.0 68.425 0
005137 18.187 10.0 68.487 0
005207 18.187 10.0 68.55 0
005237 18.187 10.0 68.55 0
005308 18.187 10.0 68.612 0
005338 18.187 10.0 68.675 0
005408 18.187 10.0 68.737 0
005439 18.187 10.0 68.8 0
005509 18.187 10.0 68.8 0
005540 18.187 10.0 68.8 0
005610 18.125 10.0 68.862 0
005640 18.125 10.0 68.862 0
005711 18.125 10.0 68.925 0
005741 18.125 10.0 68.987 0
005811 18.125 10.0 68.987 0
005842 18.062 10.0 69.05 0
005912 18.062 10.0 69.112 0
005942 18.062 10.0 69.112 0
010012 18.062 10.0 69.175 0
010042 18.062 10.0 69.175 0
010112 18.062 10.0 69.237 0
010143 18.062 10.0 69.3 0
010213 18.062 10.0 69.3 0
010243 18.062 10.0 69.3 0
010314 18.062 10.0 69.362 0
010344 18.0 10.0 69.425 0
010414 18.0 10.0 69.425 0
010445 18.0 10.0 69.487 0
010515 18.0 10.0 69.487 0
010545 18.0 10.0 69.55 0
010616 18.0 10.0 69.612 0
010646 18.0 10.0 69.612 0
010716 18.0 10.0 69.675 0
010747 18.0 10.0 69.737 0
010817 18.0 10.0 69.737 0
010847 17.937 10.0 69.8 0
010917 17.937 10.0 69.8 0
010948 17.937 10.0 69.862 0
011018 17.937 10.0 69.862 0
011048 17.937 10.0 69.925 0
011119 17.937 10.0 69.925 0
011149 17.937 10.0 69.987 0
011219 17.937 10.0 69.987 0
011250 17.937 10.0 70.05 50
011320 17.937 10.0 70.05 50
011350 17.937 10.0 70.05 50
011420 17.937 10.0 70.05 50
011450 17.937 10.0 70.05 50
011521 17.937 10.0 70.05 50
011551 17.937 10.0 70.05 50
011621 17.937 10.0 70.05 50
011651 17.937 10.0 70.05 50
011721 17.937 10.0 70.05 50
011752 17.937 10.0 69.987 0
011822 17.937 10.0 69.987 0
011852 17.937 10.0 69.987 0
011922 17.937 10.0 69.925 0
011952 17.937 10.0 69.925 0
012023 17.937 10.0 69.862 0
012053 17.937 10.0 69.862 0
012123 18.0 10.0 69.862 0
012153 18.0 10.0 69.862 0
012223 18.0 10.0 69.8 0
012253 18.0 10.0 69.8 0
012323 18.0 10.0 69.8 0
012354 18.062 10.0 69.737 0
012424 18.062 10.0 69.737 0
012454 18.062 10.0 69.737 0
012524 18.062 10.0 69.737 0
012554 18.062 10.0 69.675 0
012624 18.125 10.0 69.675 0
012655 18.125 10.0 69.675 0
012725 18.125 10.0 69.675 0
012756 18.125 10.0 69.612 0
012827 18.125 10.0 69.612 0
012857 18.125 10.0 69.612 0
012927 18.125 10.0 69.55 0
012957 18.125 10.0 69.55 0
013027 18.125 10.0 69.487 0
013058 18.125 10.0 69.487 0
013128 18.125 10.0 69.487 0
013158 18.125 10.0 69.425 0
013228 18.125 10.0 69.425 0
013258 18.125 10.0 69.425 0
013328 18.125 10.0 69.362 0
013359 18.125 10.0 69.362 0
013429 18.125 10.0 69.362 0
013459 18.125 10.0 69.3 0
013529 18.125 10.0 69.3 0
013559 18.125 10.0 69.237 0
013629 18.062 10.0 69.237 0
013700 18.062 10.0 69.175 0
013730 18.062 10.0 69.112 0
013800 18.062 10.0 69.112 0
013831 18.062 10.0 69.05 0
013901 18.062 10.0 69.05 0
013931 18.062 10.0 68.987 0
014002 18.062 10.0 69.05 0
014032 18.062 10.0 69.05 0
014103 18.062 10.0 69.05 0
014133 18.062 10.0 69.05 0
014204 18.062 10.0 69.05 0
014234 18.062 10.0 68.987 0
014304 18.062 10.0 68.987 0
014335 18.062 10.0 68.925 0
014405 18.0 10.0 68.925 0
014435 18.0 10.0 68.925 0
014505 18.0 10.0 68.862 0
014535 18.0 10.0 68.862 0
014606 18.0 10.0 68.8 0
014636 17.937 10.0 68.8 0
014706 17.937 10.0 68.8 0
014737 17.937 10.0 68.737 0
014807 17.937 10.0 68.737 0
014837 17.937 10.0 68.675 0
014908 17.937 10.0 68.675 0
014938 17.937 10.0 68.612 0
015009 17.937 10.0 68.612 0
015039 17.937 10.0 68.55 0
015111 17.937 10.0 68.55 0
015141 17.937 10.0 68.487 0
015211 17.937 10.0 68.487 0
015242 17.937 10.0 68.487 0
015312 17.937 10.0 68.425 0
015342 17.875 10.0 68.425 0
015412 17.875 10.0 68.362 0
015443 17.875 10.0 68.3 0
015513 17.875 10.0 68.3 0
015544 17.875 10.0 68.237 0
015614 17.875 10.0 68.237 0
015644 17.875 10.0 68.175 0
015715 17.875 10.0 68.175 0
015745 17.875 10.0 68.112 0
015815 17.875 10.0 68.112 0
015845 17.812 10.0 68.05 0
015915 17.812 10.0 67.987 0
015945 17.812 10.0 67.925 0
020016 17.812 10.0 67.862 0
020046 17.812 10.0 67.737 0
020117 17.812 10.0 67.612 0
020147 17.812 10.0 67.55 0
020218 17.812 10.0 67.487 0
020249 17.812 10.0 67.425 0
020319 17.812 10.0 67.362 0
020349 17.812 10.0 67.3 0
020420 17.812 10.0 67.237 0
020451 17.812 10.0 67.237 0
020521 17.812 10.0 67.175 0
020552 17.812 10.0 67.112 0
020622 17.75 10.0 67.05 0
020652 17.75 10.0 66.987 0
020722 17.75 10.0 66.987 0
020753 17.75 10.0 66.925 0
020823 17.75 10.0 66.862 0
020853 17.75 10.0 66.8 0
020924 17.75 10.0 66.737 0
020954 17.75 10.0 66.737 0
021024 17.75 10.0 66.675 0
021054 17.75 10.0 66.612 0
021125 17.75 10.0 66.55 0
021155 17.75 10.0 66.55 0
021225 17.75 10.0 66.487 0
021255 17.75 10.0 66.425 0
021325 17.75 10.0 66.362 0
021355 17.687 10.0 66.3 0
021426 17.687 10.0 66.237 0
021456 17.687 10.0 66.237 0
021527 17.687 10.0 66.175 0
021557 17.687 10.0 66.112 0
021627 17.687 10.0 66.05 0
021658 17.687 10.0 65.987 0
021728 17.687 10.0 65.987 0
021759 17.687 10.0 65.925 0
021829 17.687 10.0 65.862 0
021859 17.625 10.0 65.8 0
021929 17.625 10.0 65.737 0
021959 17.625 10.0 65.675 0
022030 17.625 10.0 65.675 0
022101 17.625 10.0 65.612 0
022131 17.625 10.0 65.55 0
022201 17.625 10.0 65.487 0
022232 17.625 10.0 65.425 0
022303 17.625 10.0 65.3 0
022333 17.625 10.0 65.112 0
022404 17.625 10.0 64.8 0
022435 17.625 10.0 64.55 0
022505 17.625 10.0 64.425 0
022536 17.625 10.0 64.237 0
022606 17.625 10.0 64.175 0
022636 17.562 10.0 64.05 0
022706 17.562 10.0 63.987 0
022737 17.562 10.0 63.925 0
022808 17.562 10.0 63.862 0
022838 17.562 10.0 63.8 0
022908 17.562 10.0 63.737 0
022939 17.562 10.0 63.675 0
023009 17.562 10.0 63.612 0
023039 17.562 10.0 63.55 0
023110 17.562 10.0 63.55 0
023140 17.5 10.0 63.487 0
023210 17.5 10.0 63.425 0
023240 17.5 10.0 63.362 0
023311 17.5 10.0 63.237 0
023342 17.5 10.0 63.237 0
023413 17.5 10.0 63.237 0
023443 17.5 10.0 63.175 0
023513 17.5 10.0 63.112 0
023544 17.5 10.0 63.05 0
023614 17.5 10.0 62.925 0
023644 17.5 10.0 62.862 0
023715 17.5 10.0 62.8 0
023745 17.5 10.0 62.737 0
023815 17.5 10.0 62.675 0
023846 17.5 10.0 62.675 0
023916 17.437 10.0 62.612 0
023947 17.437 10.0 62.55 0
024018 17.437 10.0 62.487 0
024048 17.437 10.0 62.425 0
024119 17.437 10.0 62.425 0
024150 17.437 10.0 62.425 0
024220 17.437 10.0 62.362 0
024250 17.437 10.0 62.362 0
024321 17.437 10.0 62.3 0
024351 17.437 10.0 62.237 0
024421 17.437 10.0 62.237 0
024451 17.437 10.0 62.175 0
024521 17.437 10.0 62.112 0
024551 17.437 10.0 61.987 0
024622 17.437 10.0 61.8 0
024653 17.437 10.0 61.487 0
024723 17.437 10.0 61.3 0
024753 17.437 10.0 61.112 0
024823 17.437 10.0 60.987 0
024854 17.375 10.0 60.925 0
024924 17.375 10.0 60.862 0
024954 17.375 10.0 60.8 0
025024 17.375 10.0 60.737 0
025054 17.375 10.0 60.675 0
025125 17.375 10.0 60.612 0
025155 17.375 10.0 60.55 0
025225 17.375 10.0 60.55 0
025255 17.375 10.0 60.487 0
025325 17.375 10.0 60.425 0
025356 17.375 10.0 60.362 0
025426 17.375 10.0 60.3 0
025456 17.375 10.0 60.237 0
025527 17.375 10.0 60.175 0
025557 17.375 10.0 60.175 0
025628 17.375 10.0 60.112 0
025658 17.375 10.0 60.05 0
025729 17.375 10.0 59.987 0
025800 17.375 10.0 59.987 0
025830 17.375 10.0 59.925 0
025900 17.312 10.0 59.862 0
025931 17.312 10.0 59.862 0
030001 17.312 10.0 59.8 0
030031 17.312 10.0 59.8 0
030102 17.312 10.0 59.737 0
030132 17.312 10.0 59.675 0
030203 17.312 10.0 59.675 0
030233 17.312 10.0 59.612 0
030303 17.312 10.0 59.55 0
030333 17.312 10.0 59.55 0
030403 17.312 10.0 59.487 0
030433 17.312 10.0 59.487 0
030503 17.312 10.0 59.425 0
030534 17.312 10.0 59.425 0
030604 17.312 10.0 59.425 0
030635 17.312 10.0 59.425 0
030705 17.312 10.0 59.362 0
030735 17.312 10.0 59.3 0
030806 17.312 10.0 59.237 0
030836 17.312 10.0 59.112 0
030906 17.25 10.0 59.05 0
030937 17.25 10.0 58.987 0
031007 17.25 10.0 58.925 0
031037 17.25 10.0 58.862 0
031107 17.25 10.0 58.8 0
031137 17.25 10.0 58.8 0
031208 17.25 10.0 58.737 0
031238 17.25 10.0 58.737 0
031308 17.25 10.0 58.737 0
031339 17.25 10.0 58.675 0
031409 17.25 10.0 58.675 0
031440 17.25 10.0 58.612 0
031510 17.25 10.0 58.612 0
031541 17.25 10.0 58.612 0
031611 17.25 10.0 58.55 0
031641 17.187 10.0 58.55 0
031712 17.187 10.0 58.55 0
031743 17.187 10.0 58.487 0
031813 17.187 10.0 58.487 0
031844 17.187 10.0 58.487 0
031914 17.187 10.0 58.487 0
031945 17.187 10.0 58.487 0
032015 17.187 10.0 58.425 0
032045 17.187 10.0 58.425 0
032115 17.187 10.0 58.425 0
032145 17.187 10.0 58.425 0
032215 17.187 10.0 58.425 0
032246 17.187 10.0 58.362 0
032317 17.187 10.0 58.362 0
032348 17.187 10.0 58.362 0
032418 17.125 10.0 58.362 0
032448 17.125 10.0 58.362 0
032518 17.125 10.0 58.3 0
032548 17.125 10.0 58.3 0
032618 17.125 10.0 58.3 0
032649 17.125 10.0 58.3 0
032719 17.125 10.0 58.3 0
032749 17.125 10.0 58.3 0
032819 17.125 10.0 58.3 0
032850 17.125 10.0 58.237 0
032921 17.125 10.0 58.237 0
032951 17.125 10.0 58.237 0
033022 17.125 10.0 58.237 0
033052 17.125 10.0 58.237 0
033122 17.125 10.0 58.175 0
033153 17.125 10.0 58.175 0
033224 17.125 10.0 58.175 0
033254 17.125 10.0 58.175 0
033325 17.125 10.0 58.175 0
033357 17.125 10.0 58.112 0
033428 17.125 10.0 58.112 0
033458 17.125 10.0 58.112 0
033528 17.125 10.0 58.112 0
033559 17.125 10.0 58.112 0
033629 17.125 10.0 58.05 0
033659 17.125 10.0 58.05 0
033730 17.125 10.0 58.05 0
033800 17.125 10.0 58.05 0
033831 17.125 10.0 58.05 0
033901 17.062 10.0 57.987 0
033931 17.062 10.0 57.987 0
034002 17.062 10.0 57.987 0
034032 17.062 10.0 57.925 0
034102 17.062 10.0 57.925 0
034132 17.062 10.0 57.925 0
034203 17.062 10.0 57.987 0
034233 17.062 10.0 58.05 0
034303 17.062 10.0 58.112 0
034333 17.062 10.0 58.237 0
034403 17.062 10.0 58.237 0
034433 17.062 10.0 58.3 0
034503 17.062 10.0 58.362 0
034534 17.062 10.0 58.362 0
034604 17.062 10.0 58.425 0
034634 17.0 10.0 58.425 0
034705 17.0 10.0 58.425 0
034735 17.0 10.0 58.425 0
034806 17.0 10.0 58.425 0
034836 17.0 10.0 58.425 0
034906 17.0 10.0 58.425 0
034937 17.0 10.0 58.425 0
035007 17.0 10.0 58.425 0
035038 17.0 10.0 58.425 0
035108 17.0 10.0 58.425 0
035138 17.0 10.0 58.425 0
035209 17.0 10.0 58.425 0
035239 17.0 10.0 58.425 0
035309 17.0 10.0 58.425 0
035339 17.0 10.0 58.425 0
035409 17.0 10.0 58.425 0
035439 17.0 10.0 58.425 0
035510 17.0 10.0 58.425 0
035540 17.0 10.0 58.425 0
035611 17.0 10.0 58.425 0
035641 16.937 10.0 58.425 0
035712 16.937 10.0 58.425 0
035743 16.937 10.0 58.425 0
035813 16.937 10.0 58.425 0
035843 16.937 10.0 58.425 0
035913 16.937 10.0 58.425 0
035944 16.937 10.0 58.362 0
040014 16.937 10.0 58.362 0
040044 16.937 10.0 58.362 0
040114 16.937 10.0 58.362 0
040144 16.937 10.0 58.362 0
040215 16.937 10.0 58.362 0
040245 16.937 10.0 58.362 0
040316 16.937 10.0 58.362 0
040346 16.937 10.0 58.362 0
040417 16.937 10.0 58.362 0
040447 16.937 10.0 58.362 0
040518 16.937 10.0 58.3 0
040549 16.937 10.0 58.3 0
040619 16.937 10.0 58.3 0
040649 16.937 10.0 58.3 0
040719 16.937 10.0 58.3 0
040750 16.937 10.0 58.3 0
040820 16.937 10.0 58.3 0
040850 16.937 10.0 58.3 0
040920 16.937 10.0 58.3 0
040950 16.937 10.0 58.237 0
041020 16.937 10.0 58.237 0
041051 16.937 10.0 58.237 0
041121 16.937 10.0 58.237 0
041151 16.875 10.0 58.237 0
041221 16.875 10.0 58.175 0
041251 16.875 10.0 58.175 0
041321 16.875 10.0 58.175 0
041352 16.875 10.0 58.175 0
041422 16.875 10.0 58.175 0
041452 16.875 10.0 58.175 0
041523 16.875 10.0 58.175 0
041553 16.875 10.0 58.112 0
041624 16.875 10.0 58.112 0
041654 16.875 10.0 58.112 0
041724 16.875 10.0 58.112 0
041754 16.875 10.0 58.05 0
041824 16.875 10.0 58.05 0
041854 16.875 10.0 58.05 0
041925 16.875 10.0 58.05 0
041955 16.875 10.0 58.05 0
042026 16.875 10.0 58.05 0
042057 16.875 10.0 58.05 0
042127 16.875 10.0 57.987 0
042157 16.875 10.0 57.987 0
042227 16.875 10.0 57.987 0
042258 16.875 10.0 57.987 0
042329 16.875 10.0 57.987 0
042359 16.875 10.0 57.925 0
042430 16.875 10.0 57.925 0
042500 16.875 10.0 57.925 0
042531 16.875 10.0 57.925 0
042601 16.875 10.0 57.925 0
042631 16.875 10.0 57.862 0
042701 16.812 10.0 57.862 0
042732 16.812 10.0 57.862 0
042803 16.812 10.0 57.862 0
042833 16.812 10.0 57.8 0
042904 16.812 10.0 57.8 0
042935 16.812 10.0 57.8 0
043005 16.812 10.0 57.8 0
043036 16.812 10.0 57.737 0
043106 16.812 10.0 57.737 0
043137 16.812 10.0 57.737 0
043207 16.812 10.0 57.675 0
043237 16.812 10.0 57.675 0
043308 16.812 10.0 57.675 0
043338 16.812 10.0 57.675 0
043409 16.812 10.0 57.612 0
043439 16.812 10.0 57.612 0
043510 16.812 10.0 57.612 0
043540 16.812 10.0 57.55 0
043610 16.812 10.0 57.55 0
043641 16.75 10.0 57.55 0
043711 16.75 10.0 57.55 0
043741 16.75 10.0 57.487 0
043811 16.75 10.0 57.487 0
043841 16.75 10.0 57.487 0
043911 16.812 10.0 57.487 0
043942 16.812 10.0 57.425 0
044012 16.812 10.0 57.425 0
044043 16.812 10.0 57.425 0
044113 16.812 10.0 57.425 0
044143 16.75 10.0 57.362 0
044214 16.75 10.0 57.362 0
044244 16.75 10.0 57.362 0
044315 16.75 10.0 57.362 0
044345 16.75 10.0 57.425 0
044416 16.75 10.0 57.487 0
044446 16.75 10.0 57.55 0
044516 16.75 10.0 57.55 0
044547 16.75 10.0 57.612 0
044617 16.75 10.0 57.675 0
044647 16.75 10.0 57.675 0
044718 16.75 10.0 57.675 0
044748 16.75 10.0 57.675 0
044818 16.75 10.0 57.675 0
044849 16.75 10.0 57.675 0
044920 16.75 10.0 57.675 0
044951 16.75 10.0 57.675 0
045021 16.75 10.0 57.675 0
045051 16.75 10.0 57.675 0
045122 16.75 10.0 57.675 0
045152 16.687 10.0 57.675 0
045222 16.687 10.0 57.612 0
045253 16.687 10.0 57.612 0
045323 16.687 10.0 57.612 0
045353 16.687 10.0 57.612 0
045423 16.687 10.0 57.55 0
045453 16.687 10.0 57.55 0
045524 16.687 10.0 57.55 0
045554 16.687 10.0 57.55 0
045624 16.687 10.0 57.487 0
045654 16.687 10.0 57.487 0
045724 16.687 10.0 57.487 0
045755 16.687 10.0 57.487 0
045825 16.687 10.0 57.425 0
045856 16.687 10.0 57.425 0
045926 16.687 10.0 57.425 0
045957 16.687 10.0 57.425 0
050027 16.687 10.0 57.425 0
050057 16.687 10.0 57.425 0
050127 16.687 10.0 57.362 0
050157 16.687 10.0 57.362 0
050227 16.687 10.0 57.362 0
050258 16.687 10.0 57.362 0
050329 16.687 10.0 57.362 0
050359 16.687 10.0 57.3 0
050429 16.687 10.0 57.3 0
050500 16.687 10.0 57.3 0
050530 16.687 10.0 57.3 0
050601 16.687 10.0 57.3 0
050631 16.687 10.0 57.237 0
050701 16.625 10.0 57.237 0
050732 16.625 10.0 57.237 0
050803 16.625 10.0 57.237 0
050834 16.625 10.0 57.237 0
050904 16.625 10.0 57.175 0
050934 16.687 10.0 57.175 0
051004 16.687 10.0 57.175 0
051035 16.687 10.0 57.175 0
051105 16.687 10.0 57.175 0
051135 16.687 10.0 57.112 0
051205 16.625 10.0 57.112 0
051235 16.625 10.0 57.05 0
051306 16.625 10.0 57.05 0
051336 16.625 10.0 57.05 0
051406 16.625 10.0 56.987 0
051437 16.625 10.0 56.987 0
051507 16.625 10.0 56.987 0
051538 16.625 10.0 56.987 0
051608 16.625 10.0 56.925 0
051640 16.625 10.0 56.925 0
051711 16.625 10.0 56.925 0
051742 16.625 10.0 56.925 0
051812 16.625 10.0 56.925 0
051843 16.625 10.0 56.987 0
051913 16.625 10.0 57.112 0
051944 16.625 10.0 57.362 0
052014 16.625 10.0 57.675 0
052044 16.625 10.0 58.05 0
052114 16.625 10.0 58.612 0
052144 16.625 10.0 59.362 0
052215 16.625 10.0 60.237 0
052246 16.625 10.0 61.237 0
052316 16.625 10.0 62.237 0
052347 16.625 10.0 63.175 0
052417 16.625 10.0 63.925 0
052447 16.625 10.0 64.55 0
052517 16.625 10.0 64.987 0
052547 16.625 10.0 65.3 0
052618 16.625 10.0 65.55 0
052648 16.562 10.0 65.737 0
052718 16.562 10.0 65.925 0
052749 16.562 10.0 66.05 0
052819 16.562 10.0 66.175 0
052849 16.562 10.0 66.237 0
052920 16.562 10.0 66.3 0
052951 16.562 10.0 66.425 0
053021 16.562 10.0 66.487 0
053051 16.562 10.0 66.55 0
053122 16.562 10.0 66.612 0
053152 16.562 10.0 66.675 0
053223 16.562 10.0 66.737 0
053253 16.562 10.0 66.8 0
053324 16.562 10.0 66.8 0
053354 16.562 10.0 66.862 0
053424 16.562 10.0 66.862 0
053454 16.562 10.0 66.925 0
053524 16.562 10.0 66.925 0
053554 16.562 10.0 66.925 0
053625 16.562 10.0 66.925 0
053655 16.562 10.0 66.987 0
053726 16.562 10.0 66.987 0
053756 16.562 10.0 66.987 0
053826 16.562 10.0 66.987 0
053856 16.562 10.0 66.987 0
053926 16.5 10.0 66.987 0
053956 16.5 10.0 66.987 0
054027 16.5 10.0 66.987 0
054058 16.5 10.0 66.987 0
054128 16.5 10.0 67.05 0
054158 16.5 10.0 67.05 0
054229 16.5 10.0 67.05 0
054259 16.5 10.0 67.05 0
054330 16.5 10.0 67.05 0
054400 16.5 10.0 67.05 0
054430 16.5 10.0 67.05 0
054500 16.5 10.0 67.05 0
054530 16.5 10.0 67.05 0
054600 16.5 10.0 67.05 0
054631 16.5 10.0 67.05 0
054701 16.5 10.0 67.05 0
054731 16.5 10.0 67.112 0
054801 16.5 10.0 67.112 0
054832 16.5 10.0 67.112 0
054902 16.5 10.0 67.112 0
054932 16.5 10.0 67.112 0
055003 16.5 10.0 67.112 0
055033 16.5 10.0 67.112 0
055103 16.5 10.0 67.112 0
055134 16.5 10.0 67.112 0
055204 16.5 10.0 67.112 0
055234 16.5 10.0 67.112 0
055305 16.5 10.0 67.112 0
055335 16.5 10.0 67.112 0
055405 16.5 10.0 67.112 0
055435 16.437 10.0 67.112 0
055505 16.437 10.0 67.112 0
055535 16.437 10.0 67.112 0
055606 16.437 10.0 67.112 0
055636 16.437 10.0 67.175 0
055707 16.437 10.0 67.175 0
055738 16.437 10.0 67.112 0
055808 16.437 10.0 67.112 0
055838 16.437 10.0 67.112 0
055908 16.437 10.0 67.112 0
055938 16.437 10.0 67.112 0
060008 16.437 10.0 67.112 0
060039 16.437 10.0 67.112 0
060109 16.437 10.0 67.112 0
060140 16.437 10.0 67.112 0
060210 16.437 10.0 67.112 0
060240 16.437 10.0 67.112 0
060310 16.437 10.0 67.112 0
060341 16.437 10.0 67.112 0
060411 16.437 10.0 67.112 0
060442 16.437 10.0 67.112 0
060513 16.437 10.0 67.112 0
060543 16.437 10.0 67.112 0
060613 16.437 10.0 67.112 0
060644 16.437 10.0 67.112 0
060714 16.437 10.0 67.112 0
060745 16.437 10.0 67.05 0
060816 16.437 10.0 67.05 0
060847 16.437 10.0 67.05 0
060920 16.437 10.0 67.05 0
060950 16.437 10.0 67.05 0
061021 16.437 10.0 67.05 0
061051 16.437 10.0 66.987 0
061121 16.437 10.0 66.987 0
061152 16.375 10.0 66.987 0
061222 16.375 10.0 66.987 0
061252 16.375 10.0 66.987 0
061323 16.375 10.0 66.987 0
061353 16.375 10.0 66.987 0
061423 16.375 10.0 66.987 0
061454 16.375 10.0 66.925 0
061524 16.375 10.0 66.925 0
061555 16.375 10.0 66.925 0
061625 16.375 10.0 66.925 0
061656 16.375 10.0 66.925 0
061727 16.375 10.0 66.862 0
061757 16.375 10.0 66.862 0
061828 16.375 10.0 66.862 0
061858 16.375 10.0 66.862 0
061928 16.375 10.0 66.862 0
061959 16.375 10.0 66.8 0
062029 16.375 10.0 66.8 0
062059 16.375 10.0 66.8 0
062130 16.375 10.0 66.737 0
062200 16.375 10.0 66.737 0
062230 16.375 10.0 66.737 0
062301 16.375 10.0 66.737 0
062331 16.375 10.0 66.737 0
062401 16.375 10.0 66.737 0
062431 16.375 10.0 66.675 0
062501 16.375 10.0 66.737 0
062531 16.375 10.0 66.8 0
062602 16.375 10.0 66.862 0
062632 16.375 10.0 66.987 0
062702 16.375 10.0 67.05 0
062733 16.375 10.0 67.05 0
062803 16.375 10.0 67.112 0
062834 16.375 10.0 67.112 0
062904 16.375 10.0 67.175 0
062934 16.375 10.0 67.175 0
063005 16.375 10.0 67.175 0
063035 16.375 10.0 67.175 0
063106 16.375 10.0 67.237 0
063136 16.375 10.0 67.237 0
063207 16.312 10.0 67.237 0
063237 16.312 10.0 67.237 0
063307 16.312 10.0 67.237 0
063338 16.312 10.0 67.237 0
063409 16.312 10.0 67.237 0
063439 16.312 10.0 67.3 0
063510 16.312 10.0 67.3 0
063540 16.312 10.0 67.3 0
063611 16.312 10.0 67.3 0
063641 16.312 10.0 67.3 0
063711 16.312 10.0 67.3 0
063742 16.312 10.0 67.237 0
063812 16.312 10.0 67.237 0
063843 16.312 10.0 67.237 0
063913 16.312 10.0 67.175 0
063944 16.312 10.0 67.175 0
064014 16.312 10.0 67.175 0
064044 16.312 10.0 67.175 0
064114 16.312 10.0 67.112 0
064145 16.312 10.0 67.112 0
064215 16.312 10.0 67.175 0
064245 16.312 10.0 67.175 0
064316 16.312 10.0 67.175 0
064346 16.312 10.0 67.175 0
064417 16.312 10.0 67.175 0
064448 16.25 10.0 67.112 0
064518 16.25 10.0 67.112 0
064548 16.25 10.0 67.112 0
064618 16.25 10.0 67.112 0
064649 16.25 10.0 67.05 0
064719 16.312 10.0 67.05 0
064749 16.312 10.0 66.987 0
064820 16.312 10.0 66.987 0
064850 16.312 10.0 67.05 0
064920 16.312 10.0 67.05 0
064950 16.25 10.0 67.05 0
065020 16.25 10.0 66.925 0
065051 16.25 10.0 66.925 0
065121 16.25 10.0 66.925 0
065152 16.25 10.0 66.925 0
065222 16.25 10.0 66.925 0
065252 16.25 10.0 66.925 0
065323 16.25 10.0 66.925 0
065354 16.25 10.0 66.925 0
065426 16.312 10.0 66.862 0
065456 16.312 10.0 66.862 0
065527 16.312 10.0 66.862 0
065557 16.312 10.0 66.862 0
065627 16.312 10.0 66.862 0
065658 16.312 10.0 66.8 0
065728 16.312 10.0 66.8 0
065759 16.312 10.0 66.8 0
065830 16.312 10.0 66.8 0
065900 16.312 10.0 66.8 0
065930 16.375 10.0 66.737 0
070001 16.375 10.0 66.737 0
070032 16.375 10.0 66.737 0
070102 16.375 10.0 66.737 0
070132 16.375 10.0 66.675 0
070203 16.375 10.0 66.675 0
070234 16.375 10.0 66.675 0
070304 16.375 10.0 66.675 0
070334 16.375 10.0 66.675 0
070404 16.375 10.0 66.675 0
070434 16.437 10.0 66.612 0
070504 16.437 10.0 66.612 0
070535 16.437 10.0 66.612 0
070605 16.437 10.0 66.55 0
070635 16.437 10.0 66.55 0
070706 16.5 10.0 66.55 0
070736 16.5 10.0 66.487 0
070807 16.5 10.0 66.487 0
070837 16.5 10.0 66.425 0
070908 16.5 10.0 66.425 0
070938 16.5 10.0 66.362 0
071008 16.5 10.0 66.362 0
071038 16.5 10.0 66.362 0
071108 16.5 10.0 66.3 0
071138 16.5 10.0 66.3 0
071208 16.562 10.0 66.3 0
071239 16.562 10.0 66.3 0
071309 16.562 10.0 66.237 0
071339 16.562 10.0 66.237 0
071410 16.562 10.0 66.237 0
071440 16.625 10.0 66.175 0
071511 16.625 10.0 66.175 0
071541 16.625 10.0 66.175 0
071611 16.625 10.0 66.175 0
071641 16.625 10.0 66.175 0
071712 16.687 10.0 66.175 0
071742 16.687 10.0 66.175 0
071812 16.687 10.0 66.175 0
071842 16.687 10.0 66.175 0
071913 16.687 10.0 66.112 0
071943 16.687 10.0 66.112 0
072013 16.687 10.0 66.05 0
072044 16.687 10.0 65.987 0
072115 16.687 10.0 66.05 0
072145 16.687 10.0 66.05 0
072215 16.75 10.0 65.987 0
072246 16.75 10.0 65.987 0
072317 16.75 10.0 65.987 0
072348 16.75 10.0 65.987 0
072418 16.75 10.0 65.925 0
072448 16.75 10.0 65.925 0
072518 16.75 10.0 65.925 0
072548 16.75 10.0 65.862 0
072618 16.75 10.0 65.862 0
072649 16.75 10.0 65.925 0
072719 16.812 10.0 65.987 0
072749 16.812 10.0 65.987 0
072820 16.812 10.0 66.05 0
072850 16.812 10.0 66.112 0
072921 16.812 10.0 66.05 0
072951 16.812 10.0 65.987 0
073021 16.812 10.0 65.987 0
073051 16.812 18.0 65.987 0
073122 16.812 18.0 65.987 50
073152 16.812 18.0 65.987 50
073222 16.812 18.0 65.987 50
073253 16.812 18.0 65.987 50
073323 16.812 18.0 65.925 50
073353 16.812 18.0 65.862 50
073423 16.812 18.0 65.8 50
073454 16.812 18.0 65.737 50
073524 16.812 18.0 65.612 50
073554 16.812 18.0 65.487 50
073625 16.812 18.0 65.3 50
073655 16.812 18.0 65.112 50
073726 16.937 18.0 64.737 50
073756 16.937 18.0 64.3 50
073826 16.937 18.0 63.737 50
073857 16.937 18.0 63.05 50
073927 16.937 18.0 62.237 50
073958 17.25 18.0 61.175 50
074028 17.25 18.0 59.737 0
074058 17.25 18.0 58.3 0
074129 17.25 18.0 57.362 0
074200 17.25 18.0 56.737 0
074230 17.5 18.0 56.3 0
074300 17.5 18.0 56.05 0
074330 17.5 18.0 55.862 0
074400 17.5 18.0 55.737 0
074432 17.625 18.0 55.675 0
074503 17.625 18.0 55.612 0
074533 17.625 18.0 55.612 0
074603 17.625 18.0 55.55 0
074633 17.625 18.0 55.55 0
074703 17.75 18.0 55.55 0
074734 17.75 18.0 55.55 0
074804 17.75 18.0 55.55 0
074835 17.75 18.0 55.55 0
074905 17.75 18.0 55.612 0
074936 17.75 18.0 55.675 0
075006 17.75 18.0 55.925 0
075037 17.75 18.0 56.487 0
075107 17.75 18.0 57.237 0
075137 17.75 18.0 58.05 0
075208 17.75 18.0 58.987 0
075238 17.75 18.0 59.862 0
075308 17.75 18.0 60.862 50
075339 17.75 18.0 61.862 50
075409 17.75 18.0 62.737 50
075439 17.812 18.0 63.487 50
075509 17.812 18.0 63.987 50
075539 17.812 18.0 64.362 50
075609 17.812 18.0 64.612 50
075639 17.812 18.0 64.8 50
075710 17.937 18.0 64.925 50
075740 17.937 18.0 65.05 50
075811 17.937 18.0 65.112 50
075841 17.937 18.0 65.175 50
075912 17.937 18.0 65.237 50
075942 18.125 18.0 65.237 0
080013 18.125 18.0 65.237 0
080044 18.125 18.0 65.237 0
080114 18.125 18.0 65.237 0
080144 18.125 18.0 65.237 0
080215 18.25 18.0 65.175 0
080245 18.25 18.0 65.175 0
080315 18.25 18.0 65.175 0
080346 18.25 18.0 65.175 0
080417 18.25 18.0 65.175 0
080447 18.375 18.0 65.175 0
080517 18.375 18.0 65.175 0
080548 18.375 18.0 65.175 0
080618 18.375 18.0 65.175 0
080649 18.375 18.0 65.112 0
080720 18.437 18.0 65.112 0
080750 18.437 18.0 65.112 0
080821 18.437 18.0 65.112 0
080851 18.437 18.0 65.112 0
080922 18.437 18.0 65.112 0
080952 18.437 18.0 65.05 0
081022 18.437 18.0 65.05 0
081053 18.437 18.0 65.05 0
081123 18.437 18.0 65.05 0
081154 18.437 18.0 64.987 0
081224 18.5 18.0 64.987 0
081255 18.5 18.0 64.987 0
081326 18.5 18.0 64.925 0
081357 18.5 18.0 64.925 0
081427 18.5 18.0 64.925 0
081458 18.5 18.0 64.862 0
081528 18.5 18.0 64.862 0
081558 18.5 18.0 64.862 0
081628 18.5 18.0 64.8 0
081658 18.5 18.0 64.8 0
081728 18.5 18.0 64.675 0
081758 18.5 18.0 64.675 0
081829 18.5 18.0 64.612 0
081859 18.5 18.0 64.612 0
081929 18.5 18.0 64.55 0
082000 18.5 18.0 64.55 0
082030 18.5 18.0 64.55 0
082100 18.5 18.0 64.55 0
082130 18.5 18.0 64.487 0
082201 18.5 18.0 64.487 0
082231 18.562 18.0 64.487 0
082301 18.562 18.0 64.425 0
082332 18.562 18.0 64.425 0
082403 18.562 18.0 64.362 0
082433 18.562 18.0 64.362 0
082503 18.562 18.0 64.3 0
082534 18.562 18.0 64.3 0
082604 18.562 18.0 64.3 0
082634 18.562 18.0 64.237 0
082705 18.562 18.0 64.237 0
082735 18.562 18.0 64.175 0
082806 18.562 18.0 64.175 0
082836 18.562 18.0 64.112 0
082906 18.562 18.0 64.112 0
082938 18.562 18.0 64.05 0
083008 18.625 18.0 64.05 0
083038 18.625 18.0 63.987 0
083109 18.625 18.0 63.925 0
083139 18.625 18.0 63.925 0
083209 18.625 18.0 63.8 0
083240 18.562 18.0 63.737 0
083310 18.562 18.0 63.612 0
083340 18.562 18.0 63.55 0
083411 18.562 18.0 63.487 0
083444 18.5 18.0 63.425 0
083514 18.5 18.0 63.425 0
083545 18.5 18.0 63.362 0
083615 18.5 18.0 63.3 0
083645 18.5 18.0 63.237 0
083715 18.5 18.0 63.175 0
083746 18.5 18.0 63.175 0
083816 18.5 18.0 63.112 0
083847 18.5 18.0 63.05 0
083917 18.5 18.0 63.05 0
083947 18.437 18.0 62.987 0
084018 18.437 18.0 62.925 0
084048 18.437 18.0 62.925 0
084118 18.437 18.0 62.862 0
084148 18.437 18.0 62.8 0
084218 18.437 18.0 62.8 0
084248 18.437 18.0 62.737 0
084319 18.437 18.0 62.675 0
084350 18.437 18.0 62.612 0
084420 18.437 18.0 62.612 0
084450 18.437 18.0 62.55 0
084520 18.437 18.0 62.487 0
084551 18.437 18.0 62.487 0
084621 18.437 18.0 62.425 0
084651 18.437 18.0 62.362 0
084721 18.437 18.0 62.362 0
084752 18.437 18.0 62.3 0
084823 18.437 18.0 62.237 0
084853 18.437 18.0 62.237 0
084924 18.437 18.0 62.175 0
084954 18.437 18.0 62.112 0
085024 18.437 18.0 62.05 0
085054 18.437 18.0 62.05 0
085125 18.437 18.0 61.987 0
085155 18.437 18.0 61.925 0
085225 18.437 18.0 61.925 0
085256 18.437 18.0 61.8 0
085326 18.437 18.0 61.737 0
085356 18.437 18.0 61.55 0
085427 18.437 18.0 61.3 0
085458 18.375 18.0 61.05 0
085528 18.375 18.0 60.925 0
085559 18.375 18.0 60.8 0
085629 18.375 18.0 60.737 0
085659 18.375 18.0 60.675 0
085729 18.437 18.0 60.612 0
085759 18.437 18.0 60.55 0
085830 18.437 18.0 60.55 0
085900 18.437 18.0 60.487 0
085930 18.437 18.0 60.425 0
090000 18.562 18.0 60.425 0
090031 18.562 18.0 60.362 0
090101 18.562 18.0 60.362 0
090131 18.562 18.0 60.3 0
090202 18.562 18.0 60.3 0
090233 18.625 18.0 60.237 0
090303 18.625 18.0 60.175 0
090333 18.625 18.0 60.175 0
090404 18.625 18.0 60.112 0
090434 18.625 18.0 60.112 0
090504 18.625 18.0 60.05 0
090535 18.625 18.0 59.987 0
090605 18.625 18.0 59.987 0
090636 18.625 18.0 59.925 0
090707 18.625 18.0 59.925 0
090737 18.562 18.0 59.862 0
090807 18.562 18.0 59.862 0
090837 18.562 18.0 59.8 0
090907 18.562 18.0 59.737 0
090938 18.562 18.0 59.737 0
091008 18.562 18.0 59.675 0
091039 18.562 18.0 59.675 0
091110 18.562 18.0 59.612 0
091140 18.562 18.0 59.55 0
091210 18.562 18.0 59.55 0
091240 18.5 18.0 59.55 0
091310 18.5 18.0 59.487 0
091340 18.5 18.0 59.425 0
091411 18.5 18.0 59.425 0
091441 18.5 18.0 59.362 0
091511 18.5 18.0 59.237 0
091541 18.5 18.0 59.112 0
091612 18.5 18.0 58.925 0
091642 18.5 18.0 58.8 0
091712 18.5 18.0 58.737 0
091742 18.437 18.0 58.675 0
091813 18.437 18.0 58.612 0
091844 18.437 18.0 58.55 0
091914 18.437 18.0 58.487 0
091944 18.437 18.0 58.425 0
092014 18.5 18.0 58.425 0
092045 18.5 18.0 58.362 0
092116 18.5 18.0 58.3 0
092146 18.5 18.0 58.3 0
092216 18.5 18.0 58.237 0
092246 18.5 18.0 58.237 0
092316 18.5 18.0 58.175 0
092347 18.5 18.0 58.175 0
092417 18.5 18.0 58.112 0
092450 18.437 18.0 58.05 0
092520 18.437 18.0 58.05 0
092550 18.437 18.0 57.987 0
092621 18.437 18.0 57.987 0
092651 18.437 18.0 57.925 0
092721 18.375 18.0 57.925 0
092752 18.375 18.0 57.862 0
092822 18.375 18.0 57.862 0
092852 18.375 18.0 57.8 0
092922 18.375 18.0 57.8 0
092952 18.562 18.0 57.737 0
093023 18.562 18.0 57.737 0
093053 18.562 18.0 57.675 0
093124 18.562 18.0 57.675 0
093155 18.562 18.0 57.675 0
093225 18.562 18.0 57.612 0
093256 18.562 18.0 57.612 0
093326 18.562 18.0 57.55 0
093356 18.562 18.0 57.55 0
093426 18.562 18.0 57.487 0
093456 18.625 18.0 57.487 0
093527 18.625 18.0 57.425 0
093558 18.625 18.0 57.425 0
093628 18.625 18.0 57.362 0
093658 18.625 18.0 57.3 0
093728 18.625 18.0 57.3 0
093759 18.625 18.0 57.3 0
093829 18.625 18.0 57.237 0
093859 18.625 18.0 57.237 0
093930 18.625 18.0 57.175 0
094000 18.625 18.0 57.175 0
094031 18.625 18.0 57.175 0
094101 18.625 18.0 57.112 0
094132 18.625 18.0 57.112 0
094202 18.625 18.0 57.112 0
094232 18.562 18.0 57.112 0
094302 18.562 18.0 57.05 0
094333 18.562 18.0 57.05 0
094403 18.562 18.0 57.05 0
094433 18.562 18.0 56.987 0
094503 18.687 18.0 56.987 0
094533 18.687 18.0 56.987 0
094604 18.687 18.0 56.987 0
094634 18.687 18.0 56.987 0
094704 18.687 18.0 56.987 0
094734 18.562 18.0 56.925 0
094804 18.562 18.0 56.987 0
094834 18.562 18.0 56.987 0
094905 18.562 18.0 57.112 0
094935 18.562 18.0 57.362 0
095006 18.5 18.0 57.612 0
095036 18.5 18.0 57.925 0
095106 18.5 18.0 58.425 0
095137 18.5 18.0 59.175 0
095207 18.5 18.0 60.05 0
095238 18.437 18.0 61.05 0
095308 18.437 18.0 61.987 0
095339 18.437 18.0 62.987 0
095409 18.437 18.0 63.737 0
095439 18.437 18.0 64.3 0
095509 18.375 18.0 64.8 0
095540 18.375 18.0 65.112 0
095611 18.375 18.0 65.362 0
095641 18.375 18.0 65.55 0
095711 18.375 18.0 65.675 0
095742 18.312 18.0 65.737 0
095812 18.312 18.0 65.8 0
095843 18.312 18.0 65.862 0
095913 18.312 18.0 65.925 0
095944 18.312 18.0 65.925 0
100014 18.375 18.0 65.987 0
100045 18.375 18.0 65.987 0
100116 18.375 18.0 65.987 0
100146 18.375 18.0 66.05 0
100216 18.375 18.0 66.05 0
100246 18.312 18.0 66.05 0
100317 18.312 18.0 66.05 0
100347 18.312 18.0 66.112 0
100417 18.312 18.0 66.112 0
100448 18.312 18.0 66.112 0
100519 18.375 18.0 66.112 0
100549 18.375 18.0 66.175 0
100619 18.375 18.0 66.175 0
100650 18.375 18.0 66.175 0
100720 18.375 18.0 66.175 0
100750 18.312 18.0 66.175 0
100820 18.312 18.0 66.175 0
100851 18.312 18.0 66.175 0
100921 18.312 18.0 66.175 0
100952 18.312 18.0 66.175 0
101022 18.312 18.0 66.175 0
101052 18.312 18.0 66.237 0
101123 18.312 18.0 66.237 0
101153 18.312 18.0 66.237 0
101224 18.312 18.0 66.237 0
101254 18.25 18.0 66.237 0
101325 18.25 18.0 66.237 0
101355 18.25 18.0 66.237 0
101425 18.25 18.0 66.237 0
101456 18.25 18.0 66.237 0
101526 18.312 18.0 66.237 0
101556 18.312 18.0 66.237 0
101626 18.312 18.0 66.237 0
101656 18.312 18.0 66.237 0
101728 18.312 18.0 66.237 0
101759 18.312 18.0 66.237 0
101829 18.312 18.0 66.237 0
101900 18.312 18.0 66.237 0
101930 18.312 18.0 66.237 0
102000 18.375 18.0 66.175 0
102031 18.375 18.0 66.175 0
102101 18.375 18.0 66.237 0
102131 18.375 18.0 66.175 0
102202 18.375 18.0 66.175 0
102233 18.375 18.0 66.175 0
102303 18.375 18.0 66.175 0
102333 18.375 18.0 66.175 0
102403 18.375 18.0 66.175 0
102434 18.375 18.0 66.175 0
102504 18.312 18.0 66.175 0
102534 18.312 18.0 66.112 0
102605 18.312 18.0 66.112 0
102636 18.312 18.0 66.112 0
102706 18.312 18.0 66.112 0
102736 18.312 18.0 66.112 0
102807 18.312 18.0 66.112 0
102837 18.312 18.0 66.112 0
102907 18.312 18.0 66.05 0
102937 18.312 18.0 66.05 0
103007 18.25 18.0 66.05 0
103038 18.25 18.0 66.05 0
103109 18.25 18.0 66.05 0
103139 18.25 18.0 65.987 0
103210 18.25 18.0 65.987 0
103240 18.312 18.0 65.987 0
103310 18.312 18.0 65.987 0
103341 18.312 18.0 65.987 0
103411 18.312 18.0 65.925 0
103442 18.312 18.0 65.925 0
103512 18.375 18.0 65.925 0
103542 18.375 18.0 65.925 0
103613 18.375 18.0 65.925 0
103643 18.375 18.0 65.925 0
103713 18.375 18.0 65.862 0
103744 18.375 18.0 65.862 0
103814 18.375 18.0 65.862 0
103845 18.375 18.0 65.862 0
103915 18.375 18.0 65.8 0
103945 18.375 18.0 65.8 0
104015 18.312 18.0 65.8 0
104046 18.312 18.0 65.8 0
104117 18.312 18.0 65.737 0
104148 18.312 18.0 65.737 0
104218 18.312 18.0 65.737 0
104249 18.312 18.0 65.675 0
104319 18.312 18.0 65.675 0
104350 18.312 18.0 65.675 0
104420 18.312 18.0 65.675 0
104450 18.312 18.0 65.612 0
104521 18.312 18.0 65.612 0
104551 18.312 18.0 65.612 0
104622 18.312 18.0 65.612 0
104652 18.312 18.0 65.55 0
104722 18.312 18.0 65.55 0
104753 18.312 18.0 65.55 0
104823 18.312 18.0 65.55 0
104853 18.312 18.0 65.487 0
104924 18.312 18.0 65.487 0
104954 18.312 18.0 65.487 0
105024 18.375 18.0 65.425 0
105055 18.375 18.0 65.425 0
105125 18.375 18.0 65.425 0
105156 18.375 18.0 65.425 0
105226 18.375 18.0 65.362 0
105256 18.375 18.0 65.362 0
105326 18.375 18.0 65.362 0
105357 18.375 18.0 65.3 0
105427 18.375 18.0 65.3 0
105457 18.375 18.0 65.3 0
105528 18.375 18.0 65.425 0
105558 18.375 18.0 65.487 0
105629 18.375 18.0 65.55 0
105700 18.375 18.0 65.612 0
105731 18.375 18.0 65.675 0
105801 18.375 18.0 65.675 0
105831 18.375 18.0 65.737 0
105902 18.375 18.0 65.737 0
105932 18.375 18.0 65.737 0
110002 18.375 18.0 65.737 0
110033 18.312 18.0 65.737 0
110103 18.312 18.0 65.737 0
110134 18.312 18.0 65.737 0
110204 18.312 18.0 65.737 0
110237 18.375 18.0 65.737 0
110307 18.375 18.0 65.737 0
110338 18.375 18.0 65.737 0
110408 18.375 18.0 65.737 0
110438 18.375 18.0 65.737 0
110509 18.375 18.0 65.737 0
110539 18.375 18.0 65.675 0
110609 18.375 18.0 65.675 0
110640 18.375 18.0 65.675 0
110710 18.375 18.0 65.675 0
110740 18.437 18.0 65.675 0
110811 18.437 18.0 65.612 0
110841 18.437 18.0 65.612 0
110911 18.437 18.0 65.612 0
110943 18.437 18.0 65.612 0
111013 18.5 18.0 65.612 0
111043 18.5 18.0 65.612 0
111113 18.5 18.0 65.55 0
111143 18.5 18.0 65.55 0
111213 18.5 18.0 65.55 0
111244 18.5 18.0 65.487 0
111314 18.5 18.0 65.487 0
111344 18.5 18.0 65.487 0
111415 18.5 18.0 65.487 0
111445 18.5 18.0 65.487 0
111516 18.5 18.0 65.487 0
111547 18.5 18.0 65.425 0
111618 18.5 18.0 65.425 0
111648 18.5 18.0 65.425 0
111719 18.5 18.0 65.362 0
111749 18.5 18.0 65.362 0
111819 18.5 18.0 65.362 0
111849 18.5 18.0 65.362 0
111920 18.5 18.0 65.3 0
111951 18.5 18.0 65.3 0
112021 18.437 18.0 65.3 0
112052 18.437 18.0 65.3 0
112122 18.437 18.0 65.237 0
112153 18.437 18.0 65.237 0
112223 18.437 18.0 65.237 0
112253 18.5 18.0 65.237 0
112324 18.5 18.0 65.175 0
112355 18.5 18.0 65.175 0
112425 18.5 18.0 65.175 0
112455 18.5 18.0 65.112 0
112525 18.5 18.0 65.112 0
112556 18.5 18.0 65.05 0
112626 18.5 18.0 65.05 0
112657 18.5 18.0 65.05 0
112728 18.5 18.0 64.987 0
112758 18.5 18.0 64.987 0
112829 18.5 18.0 64.925 0
112859 18.5 18.0 64.925 0
112930 18.5 18.0 64.925 0
113000 18.5 18.0 64.862 0
113030 18.5 18.0 64.862 0
113100 18.5 18.0 64.862 0
113131 18.5 18.0 64.8 0
113201 18.5 18.0 64.8 0
113231 18.5 18.0 64.8 0
113302 18.5 18.0 64.737 0
113332 18.5 18.0 64.737 0
113403 18.5 18.0 64.737 0
113433 18.5 18.0 64.675 0
113504 18.5 18.0 64.675 0
113535 18.5 18.0 64.612 0
113605 18.5 18.0 64.612 0
113636 18.5 18.0 64.612 0
113706 18.5 18.0 64.55 0
113736 18.5 18.0 64.55 0
113806 18.562 18.0 64.55 0
113837 18.562 18.0 64.487 0
113907 18.562 18.0 64.487 0
113937 18.562 18.0 64.425 0
114008 18.562 18.0 64.425 0
114038 18.562 18.0 64.425 0
114109 18.562 18.0 64.425 0
114139 18.562 18.0 64.362 0
114209 18.562 18.0 64.362 0
114239 18.562 18.0 64.3 0
114309 18.625 18.0 64.3 0
114340 18.625 18.0 64.3 0
114411 18.625 18.0 64.237 0
114441 18.625 18.0 64.237 0
114513 18.625 18.0 64.237 0
114543 18.625 18.0 64.175 0
114614 18.625 18.0 64.175 0
114644 18.625 18.0 64.112 0
114714 18.625 18.0 64.112 0
114745 18.687 18.0 64.112 0
114816 18.687 18.0 64.05 0
114846 18.687 18.0 64.05 0
114917 18.687 18.0 63.987 0
114947 18.687 18.0 63.925 0
115018 18.687 18.0 63.925 0
115048 18.687 18.0 63.925 0
115118 18.687 18.0 63.862 0
115148 18.687 18.0 63.8 0
115219 18.687 18.0 63.8 0
115249 18.687 18.0 63.8 0
115320 18.687 18.0 63.737 0
115350 18.687 18.0 63.737 0
115421 18.687 18.0 63.675 0
115451 18.687 18.0 63.675 0
115521 18.625 18.0 63.675 0
115552 18.625 18.0 63.612 0
115622 18.625 18.0 63.612 0
115652 18.625 18.0 63.612 0
115723 18.625 18.0 63.675 0
115753 18.687 18.0 63.737 0
115823 18.687 18.0 63.8 0
115854 18.687 18.0 63.8 0
115924 18.687 18.0 63.8 0
115955 18.687 18.0 63.862 0
120025 18.625 18.0 63.862 0
120055 18.625 18.0 63.862 0
120125 18.625 18.0 63.862 0
120155 18.625 18.0 63.862 0
120225 18.625 18.0 63.862 0
120256 18.5 18.0 63.862 0
120326 18.5 18.0 63.862 0
120356 18.5 18.0 63.862 0
120427 18.5 18.0 63.862 0
120457 18.5 18.0 63.862 0
120527 18.437 18.0 63.862 0
120557 18.437 18.0 63.8 0
120628 18.437 18.0 63.8 0
120658 18.437 18.0 63.8 0
120728 18.437 18.0 63.8 0
120758 18.312 18.0 63.8 0
120828 18.312 18.0 63.8 0
120858 18.312 18.0 63.737 0
120928 18.312 18.0 63.737 0
120958 18.312 18.0 63.737 0
121029 18.25 18.0 63.737 0
121059 18.25 18.0 63.675 0
121129 18.25 18.0 63.675 0
121159 18.25 18.0 63.675 0
121229 18.25 18.0 63.612 0
121300 18.25 18.0 63.612 0
121330 18.25 18.0 63.55 0
121400 18.25 18.0 63.55 0
121430 18.25 18.0 63.487 0
121500 18.25 18.0 63.487 0
121530 18.187 18.0 63.487 0
121601 18.187 18.0 63.425 0
121631 18.187 18.0 63.425 0
121701 18.187 18.0 63.425 0
121731 18.187 18.0 63.362 0
121801 18.187 18.0 63.362 0
121831 18.187 18.0 63.3 0
121902 18.187 18.0 63.3 0
121932 18.187 18.0 63.3 0
122002 18.187 18.0 63.237 0
122032 18.187 18.0 63.237 0
122102 18.187 18.0 63.237 0
122132 18.187 18.0 63.175 0
122203 18.187 18.0 63.112 0
122233 18.187 18.0 63.112 0
122303 18.125 18.0 63.112 0
122334 18.125 18.0 63.112 0
122404 18.125 18.0 63.05 0
122434 18.125 18.0 63.05 0
122505 18.125 18.0 62.987 0
122535 18.062 18.0 62.987 0
122605 18.062 18.0 62.987 0
122636 18.062 18.0 62.925 0
122706 18.062 18.0 62.925 0
122737 18.062 18.0 62.862 0
122807 18.062 18.0 62.862 0
122838 18.062 18.0 62.862 0
122908 18.062 18.0 62.8 0
122938 18.062 18.0 62.8 0
123008 18.062 18.0 62.737 0
123039 17.937 18.0 62.737 50
123109 17.937 18.0 62.675 50
123139 17.937 18.0 62.675 50
123209 17.937 18.0 62.612 50
123240 17.937 18.0 62.487 50
123310 17.937 18.0 62.362 50
123340 17.937 18.0 62.175 50
123410 17.937 18.0 61.925 50
123440 17.937 18.0 61.612 50
123510 17.937 18.0 61.3 50
123540 17.937 18.0 60.925 50
123611 17.937 18.0 60.55 50
123642 17.937 18.0 60.112 50
123712 17.937 18.0 59.675 0
123742 17.937 18.0 59.3 0
123813 18.062 18.0 59.05 0
123843 18.062 18.0 58.862 0
123914 18.062 18.0 58.737 0
123944 18.062 18.0 58.675 0
124014 18.062 18.0 58.55 0
124044 18.312 18.0 58.487 0
124114 18.312 18.0 58.487 0
124145 18.312 18.0 58.425 0
124215 18.312 18.0 58.362 0
124245 18.312 18.0 58.3 0
124316 18.5 18.0 58.3 0
124346 18.5 18.0 58.237 0
124417 18.5 18.0 58.175 0
124447 18.5 18.0 58.175 0
124517 18.5 18.0 58.112 0
124547 18.625 18.0 58.05 0
124617 18.625 18.0 58.05 0
124648 18.625 18.0 57.987 0
124719 18.625 18.0 57.925 0
124749 18.625 18.0 57.862 0
124820 18.687 18.0 57.862 0
124850 18.687 18.0 57.8 0
124920 18.687 18.0 57.8 0
124951 18.687 18.0 57.737 0
125021 18.687 18.0 57.675 0
125051 18.687 18.0 57.612 0
125122 18.687 18.0 57.55 0
125153 18.687 18.0 57.55 0
125223 18.687 18.0 57.487 0
125255 18.812 18.0 57.425 0
125326 18.812 18.0 57.425 0
125357 18.812 18.0 57.362 0
125427 18.812 18.0 57.3 0
125458 18.812 18.0 57.237 0
125528 18.812 18.0 57.112 0
125558 18.812 18.0 -0.2 0
125629 18.812 18.0 56.55 0
125659 18.812 18.0 56.112 0
125730 18.812 18.0 55.862 0
125800 18.812 18.0 55.675 0
125831 18.812 18.0 55.55 0
125902 18.812 18.0 55.487 0
125932 18.812 18.0 55.425 0
130002 18.812 18.0 55.425 0
130032 18.812 18.0 55.487 0
130103 18.812 18.0 55.55 0
130133 18.812 18.0 55.612 0
130203 18.812 18.0 55.737 0
130234 18.812 18.0 55.8 0
130304 18.875 18.0 55.925 0
130334 18.875 18.0 56.112 0
130405 18.875 18.0 56.237 0
130436 18.875 18.0 56.425 0
130506 18.875 18.0 56.612 0
130536 18.812 18.0 56.925 0
130607 18.812 18.0 57.55 0
130637 18.812 18.0 58.425 0
130707 18.812 18.0 59.3 0
130737 18.812 18.0 60.3 0
130808 18.812 18.0 61.425 0
130838 18.812 18.0 62.612 0
130908 18.812 18.0 63.612 0
130939 18.812 18.0 64.362 0
131010 18.812 18.0 64.987 0
131041 18.812 18.0 65.487 0
131111 18.812 18.0 65.862 0
131142 18.812 18.0 66.175 0
131212 18.812 18.0 66.362 0
131243 18.812 18.0 66.55 0
131313 18.812 18.0 66.675 0
131343 18.812 18.0 66.8 0
131414 18.812 18.0 66.925 0
131445 18.812 18.0 66.987 0
131515 18.812 18.0 67.05 0
131545 18.812 18.0 67.112 0
131616 18.812 18.0 67.237 0
131647 18.812 18.0 67.3 0
131718 18.812 18.0 67.362 0
131748 18.812 18.0 67.362 0
131818 18.75 18.0 67.425 0
131848 18.75 18.0 67.487 0
131918 18.75 18.0 67.487 0
131949 18.75 18.0 67.55 0
132020 18.75 18.0 67.55 0
132050 18.687 18.0 67.55 0
132120 18.687 18.0 67.55 0
132150 18.687 18.0 67.612 0
132221 18.687 18.0 67.612 0
132251 18.687 18.0 67.612 0
132322 18.625 18.0 67.612 0
132352 18.625 18.0 67.612 0
132423 18.625 18.0 67.612 0
132453 18.625 18.0 67.675 0
132523 18.625 18.0 67.675 0
132554 18.625 18.0 67.675 0
132624 18.625 18.0 67.675 0
132655 18.625 18.0 67.675 0
132725 18.625 18.0 67.675 0
132755 18.625 18.0 67.675 0
132826 18.562 18.0 67.675 0
132856 18.562 18.0 67.737 0
132927 18.562 18.0 67.737 0
132957 18.562 18.0 67.737 0
133030 18.5 18.0 67.737 0
133100 18.5 18.0 67.737 0
133131 18.5 18.0 67.675 0
133201 18.5 18.0 67.737 0
133231 18.5 18.0 67.737 0
133302 18.5 18.0 67.737 0
133332 18.5 18.0 67.737 0
133402 18.5 18.0 67.737 0
133433 18.5 18.0 67.737 0
133503 18.5 18.0 67.737 0
133534 18.5 18.0 67.737 0
133605 18.5 18.0 67.737 0
133635 18.5 18.0 67.737 0
133706 18.5 18.0 67.737 0
133736 18.5 18.0 67.737 0
133807 18.5 18.0 67.737 0
133838 18.5 18.0 67.737 0
133908 18.5 18.0 67.737 0
133939 18.5 18.0 67.737 0
134009 18.5 18.0 67.737 0
134040 18.437 18.0 67.737 0
134110 18.437 18.0 67.737 0
134140 18.437 18.0 67.737 0
134210 18.437 18.0 67.737 0
134241 18.437 18.0 67.737 0
134311 18.437 18.0 67.737 0
134341 18.437 18.0 67.737 0
134411 18.437 18.0 67.737 0
134441 18.437 18.0 67.737 0
134511 18.437 18.0 67.737 0
134542 18.437 18.0 67.737 0
134612 18.437 18.0 67.737 0
134642 18.437 18.0 67.737 0
134713 18.437 18.0 67.737 0
134743 18.437 18.0 67.737 0
134813 18.437 18.0 67.675 0
134843 18.437 18.0 67.675 0
134913 18.437 18.0 67.675 0
134944 18.437 18.0 67.675 0
135015 18.437 18.0 67.675 0
135045 18.437 18.0 67.675 0
135116 18.437 18.0 67.675 0
135146 18.437 18.0 67.675 0
135216 18.437 18.0 67.612 0
135246 18.437 18.0 67.612 0
135316 18.437 18.0 67.612 0
135347 18.437 18.0 67.612 0
135417 18.437 18.0 67.612 0
135448 18.437 18.0 67.55 0
135518 18.437 18.0 67.55 0
135548 18.437 18.0 67.55 0
135618 18.437 18.0 67.55 0
135648 18.437 18.0 67.55 0
135719 18.437 18.0 67.487 0
135749 18.437 18.0 67.487 0
135820 18.437 18.0 67.487 0
135850 18.437 18.0 67.487 0
135920 18.437 18.0 67.487 0
135951 18.437 18.0 67.487 0
140022 18.437 18.0 67.425 0
140052 18.5 18.0 67.425 0
140122 18.5 18.0 67.425 0
140153 18.5 18.0 67.362 0
140223 18.5 18.0 67.362 0
140254 18.5 18.0 67.362 0
140325 18.5 18.0 67.362 0
140355 18.5 18.0 67.3 0
140425 18.5 18.0 67.3 0
140455 18.5 18.0 67.3 0
140525 18.5 18.0 67.3 0
140556 18.5 18.0 67.237 0
140627 18.5 18.0 67.237 0
140657 18.5 18.0 67.237 0
140727 18.5 18.0 67.237 0
140757 18.5 18.0 67.175 0
140828 18.5 18.0 67.175 0
140858 18.5 18.0 67.175 0
140929 18.5 18.0 67.112 0
140959 18.5 18.0 67.112 0
141029 18.5 18.0 67.175 0
141100 18.562 18.0 67.175 0
141130 18.562 18.0 67.3 0
141200 18.562 18.0 67.3 0
141231 18.562 18.0 67.362 0
141301 18.562 18.0 67.425 0
141331 18.562 18.0 67.425 0
141402 18.562 18.0 67.425 0
141432 18.562 18.0 67.425 0
141502 18.562 18.0 67.425 0
141533 18.562 18.0 67.425 0
141603 18.562 18.0 67.425 0
141633 18.562 18.0 67.425 0
141703 18.562 18.0 67.362 0
141734 18.562 18.0 67.425 0
141804 18.562 18.0 67.362 0
141834 18.625 18.0 67.362 0
141905 18.625 18.0 67.362 0
141935 18.625 18.0 67.362 0
142005 18.625 18.0 67.362 0
142037 18.625 18.0 67.362 0
142108 18.625 18.0 67.362 0
142138 18.625 18.0 67.362 0
142208 18.625 18.0 67.3 0
142238 18.625 18.0 67.3 0
142308 18.625 18.0 67.3 0
142339 18.625 18.0 67.3 0
142409 18.625 18.0 67.3 0
142439 18.625 18.0 67.3 0
142509 18.625 18.0 67.3 0
142540 18.687 18.0 67.237 0
142610 18.687 18.0 67.237 0
142641 18.687 18.0 67.237 0
142711 18.687 18.0 67.237 0
142741 18.687 18.0 67.175 0
142812 18.687 18.0 67.175 0
142842 18.687 18.0 67.175 0
142913 18.687 18.0 67.175 0
142944 18.687 18.0 67.112 0
143014 18.687 18.0 67.112 0
143044 18.687 18.0 67.112 0
143115 18.687 18.0 67.112 0
143145 18.687 18.0 67.05 0
143215 18.687 18.0 67.05 0
143246 18.687 18.0 67.05 0
143316 18.687 18.0 66.987 0
143347 18.687 18.0 66.987 0
143417 18.687 18.0 66.987 0
143447 18.687 18.0 66.987 0
143517 18.687 18.0 66.987 0
143547 18.687 18.0 66.925 0
143618 18.687 18.0 66.925 0
143648 18.687 18.0 66.925 0
143718 18.687 18.0 66.925 0
143749 18.687 18.0 66.862 0
143819 18.687 18.0 66.862 0
143849 18.687 18.0 66.862 0
143920 18.687 18.0 66.8 0
143951 18.687 18.0 66.8 0
144021 18.687 18.0 66.8 0
144051 18.75 18.0 66.8 0
144122 18.75 18.0 66.737 0
144153 18.75 18.0 66.737 0
144223 18.75 18.0 66.737 0
144253 18.75 18.0 66.675 0
144324 18.812 18.0 66.675 0
144354 18.812 18.0 66.675 0
144425 18.812 18.0 66.612 0
144455 18.812 18.0 66.612 0
144526 18.812 18.0 66.612 0
144556 18.937 18.0 66.612 0
144627 18.937 18.0 66.55 0
144657 18.937 18.0 66.55 0
144728 18.937 18.0 66.487 0
144758 18.937 18.0 66.487 0
144828 19.0 18.0 66.487 0
144859 19.0 18.0 66.425 0
144929 19.0 18.0 66.425 0
144959 19.0 18.0 66.425 0
145029 19.0 18.0 66.362 0
145059 19.0 18.0 66.362 0
145130 19.0 18.0 66.3 0
145200 19.0 18.0 66.3 0
145230 19.0 18.0 66.237 0
145301 19.0 18.0 66.237 0
145331 19.062 18.0 66.237 0
145402 19.062 18.0 66.175 0
145432 19.062 18.0 66.175 0
145502 19.062 18.0 66.112 0
145532 19.062 18.0 66.112 0
145602 19.062 18.0 66.112 0
145633 19.062 18.0 66.05 0
145704 19.062 18.0 66.05 0
145734 19.062 18.0 66.05 0
145805 19.062 18.0 65.987 0
145835 19.062 18.0 65.987 0
145906 19.062 18.0 65.925 0
145936 19.062 18.0 65.925 0
150006 19.062 18.0 65.925 0
150036 19.062 18.0 65.862 0
150106 19.062 18.0 65.862 0
150136 19.062 18.0 65.8 0
150206 19.062 18.0 65.737 0
150237 19.062 18.0 65.737 0
150307 19.062 18.0 65.737 0
150337 19.125 18.0 65.675 0
150408 19.125 18.0 65.675 0
150439 19.125 18.0 65.612 0
150509 19.125 18.0 65.612 0
150540 19.125 18.0 65.612 0
150610 19.125 18.0 65.55 0
150641 19.125 18.0 65.55 0
150712 19.125 18.0 65.55 0
150742 19.125 18.0 65.55 0
150813 19.125 18.0 65.487 0
150843 19.125 18.0 65.487 0
150913 19.125 18.0 65.425 0
150944 19.125 18.0 65.425 0
151015 19.125 18.0 65.425 0
151047 19.062 18.0 65.362 0
151118 19.062 18.0 65.3 0
151148 19.062 18.0 65.3 0
151219 19.062 18.0 65.3 0
151250 19.062 18.0 65.362 0
151320 19.062 18.0 65.425 0
151350 19.062 18.0 65.487 0
151421 19.062 18.0 65.487 0
151452 19.062 18.0 65.487 0
151522 19.062 18.0 65.487 0
151552 19.062 18.0 65.487 0
151623 19.062 18.0 65.487 0
151654 19.062 18.0 65.487 0
151724 19.062 18.0 65.487 0
151754 19.062 18.0 65.487 0
151825 19.187 18.0 65.487 0
151855 19.187 18.0 65.487 0
151925 19.187 18.0 65.487 0
151956 19.187 18.0 65.425 0
152027 19.187 18.0 65.425 0
152057 19.187 18.0 65.425 0
152128 19.187 18.0 65.425 0
152158 19.187 18.0 65.425 0
152229 19.187 18.0 65.362 0
152259 19.187 18.0 65.362 0
152329 19.25 18.0 65.3 0
152359 19.25 18.0 65.3 0
152429 19.25 18.0 65.3 0
152500 19.25 18.0 65.237 0
152530 19.25 18.0 65.237 0
152600 19.187 18.0 65.237 0
152631 19.187 18.0 65.237 0
152701 19.187 18.0 65.175 0
152732 19.187 18.0 65.237 0
152803 19.187 18.0 65.237 0
152833 19.25 18.0 65.175 0
152904 19.25 18.0 65.175 0
152934 19.25 18.0 65.175 0
153004 19.25 18.0 65.112 0
153035 19.25 18.0 65.112 0
153105 19.187 18.0 65.112 0
153135 19.187 18.0 65.112 0
153206 19.187 18.0 65.05 0
153236 19.187 18.0 65.05 0
153306 19.187 18.0 64.987 0
153336 19.125 18.0 64.987 0
153406 19.125 18.0 64.925 0
153437 19.125 18.0 64.925 0
153508 19.125 18.0 64.925 0
153538 19.125 18.0 64.862 0
153608 19.25 18.0 64.862 0
153638 19.25 18.0 64.8 0
153709 19.25 18.0 64.8 0
153739 19.25 18.0 64.737 0
153810 19.25 18.0 64.675 0
153840 19.312 18.0 64.675 0
153910 19.312 18.0 64.675 0
153940 19.312 18.0 64.612 0
154011 19.312 18.0 64.612 0
154042 19.312 18.0 64.55 0
154112 19.312 18.0 64.55 0
154143 19.312 18.0 64.487 0
154213 19.312 18.0 64.487 0
154243 19.312 18.0 64.487 0
154313 19.312 18.0 64.425 0
154344 19.312 18.0 64.425 0
154414 19.312 18.0 64.425 0
154444 19.312 18.0 64.362 0
154514 19.312 18.0 64.362 0
154545 19.312 18.0 64.3 0
154615 19.312 18.0 64.3 0
154646 19.312 18.0 64.237 0
154717 19.312 18.0 64.237 0
154747 19.312 18.0 64.237 0
154818 19.312 18.0 64.175 0
154848 19.312 18.0 64.175 0
154919 19.312 18.0 64.112 0
154950 19.312 18.0 64.112 0
155020 19.312 18.0 64.05 0
155050 19.312 18.0 64.05 0
155121 19.25 18.0 64.05 0
155151 19.25 18.0 63.987 0
155222 19.25 18.0 63.987 0
155252 19.25 18.0 63.925 0
155324 19.312 18.0 63.925 0
155354 19.312 18.0 63.862 0
155424 19.312 18.0 63.862 0
155454 19.312 18.0 63.8 0
155525 19.312 18.0 63.8 0
155555 19.25 18.0 63.8 0
155626 19.25 18.0 63.737 0
155656 19.25 18.0 63.737 0
155726 19.25 18.0 63.675 0
155757 19.25 18.0 63.675 0
155828 19.25 18.0 63.612 0
155858 19.25 18.0 63.612 0
155928 19.25 18.0 63.55 0
155959 19.25 18.0 63.55 0
160030 19.25 18.0 63.487 0
160100 19.312 18.0 63.425 0
160130 19.312 18.0 63.362 0
160201 19.312 18.0 63.362 0
160232 19.312 18.0 63.3 0
160303 19.312 18.0 63.3 0
160333 19.312 18.0 63.237 0
160404 19.312 18.0 63.175 0
160434 19.312 18.0 63.175 0
160504 19.312 18.0 63.175 0
160535 19.312 18.0 63.112 0
160605 19.312 18.0 63.112 0
160635 19.312 18.0 63.05 0
160705 19.312 18.0 63.05 0
160736 19.312 18.0 62.925 0
160806 19.312 18.0 62.925 0
160836 19.25 18.0 62.925 0
160906 19.25 18.0 62.925 0
160937 19.25 18.0 62.862 0
161007 19.25 18.0 62.862 0
161037 19.25 18.0 62.8 0
161108 19.187 18.0 62.8 0
161138 19.187 18.0 62.737 0
161208 19.187 18.0 62.737 0
161239 19.187 18.0 62.675 0
161309 19.187 18.0 62.675 0
161340 19.125 18.0 62.675 0
161411 19.125 18.0 62.675 0
161441 19.125 18.0 62.675 0
161511 19.125 18.0 62.675 0
161542 19.125 18.0 62.675 0
161612 19.0 18.0 62.675 0
161643 19.0 18.0 62.737 0
161713 19.0 18.0 62.737 0
161743 19.0 18.0 62.737 0
161813 19.0 18.0 62.675 0
161843 19.0 18.0 62.675 0
161914 19.0 18.0 62.675 0
161944 19.0 18.0 62.675 0
162015 19.0 18.0 62.612 0
162045 19.0 18.0 62.612 0
162116 18.937 18.0 62.612 0
162146 18.937 18.0 62.612 0
162217 18.937 18.0 62.55 0
162248 18.937 18.0 62.55 0
162318 18.937 18.0 62.487 0
162348 18.937 18.0 62.425 0
162419 18.937 18.0 62.425 0
162449 18.937 18.0 62.362 0
162519 18.937 18.0 62.362 0
162550 18.937 18.0 62.3 0
162620 18.937 18.0 62.3 0
162650 18.937 18.0 62.237 0
162721 18.937 18.0 62.237 0
162751 18.937 18.0 62.175 0
162821 18.937 18.0 62.175 0
162852 18.937 18.0 62.175 0
162922 18.937 18.0 62.112 0
162953 18.937 18.0 62.112 0
163023 18.937 18.0 62.05 0
163053 18.937 18.0 62.05 0
163123 18.875 18.0 61.987 0
163153 18.875 18.0 61.987 0
163224 18.875 18.0 61.925 0
163254 18.875 18.0 61.862 0
163324 18.875 18.0 61.862 0
163354 18.875 18.0 61.862 0
163425 18.875 18.0 61.862 0
163455 18.875 18.0 61.8 0
163525 18.875 18.0 61.8 0
163556 18.875 18.0 61.737 0
163626 18.875 18.0 61.737 0
163656 18.875 18.0 61.675 0
163726 18.875 18.0 61.675 0
163756 18.875 18.0 61.675 0
163826 18.875 18.0 61.612 0
163857 18.937 18.0 61.612 0
163928 18.937 18.0 61.55 0
163958 18.937 18.0 61.55 0
164028 18.937 18.0 61.487 0
164058 18.937 18.0 61.487 0
164129 19.0 18.0 61.425 0
164159 19.0 18.0 61.425 0
164229 19.0 18.0 61.425 0
164259 19.0 18.0 61.362 0
164331 18.937 18.0 61.3 0
164402 18.937 18.0 61.3 0
164432 18.937 18.0 61.237 0
164502 18.937 18.0 61.175 0
164532 18.937 18.0 61.175 0
164603 18.875 18.0 61.112 0
164634 18.875 18.0 61.05 0
164704 18.875 18.0 60.987 0
164735 18.875 18.0 60.925 0
164805 18.875 18.0 60.925 0
164836 18.812 18.0 60.862 0
164906 18.812 18.0 60.8 0
164936 18.812 18.0 60.8 0
165006 18.812 18.0 60.8 0
165036 18.812 18.0 60.737 0
165106 18.812 18.0 60.675 0
165137 18.812 18.0 60.675 0
165207 18.812 18.0 60.612 0
165237 18.812 18.0 60.612 0
165308 18.812 18.0 60.55 0
165338 18.75 18.0 60.55 0
165409 18.75 18.0 60.487 0
165439 18.75 18.0 60.487 0
165510 18.75 18.0 60.425 0
165540 18.75 18.0 60.425 0
165610 18.687 18.0 60.362 0
165640 18.687 18.0 60.362 0
165711 18.687 18.0 60.3 0
165742 18.687 18.0 60.3 0
165813 18.687 18.0 60.237 0
165843 18.687 18.0 60.237 0
165913 18.687 18.0 60.175 0
165943 18.687 18.0 60.175 0
170013 18.687 18.0 60.175 0
170043 18.687 18.0 60.112 0
170114 18.687 18.0 60.112 0
170144 18.687 18.0 60.05 0
170214 18.687 18.0 60.05 0
170245 18.687 18.0 59.987 0
170315 18.687 18.0 59.987 0
170345 18.625 18.0 59.925 0
170416 18.625 18.0 59.925 0
170446 18.625 18.0 59.862 0
170517 18.625 18.0 59.862 0
170547 18.625 18.0 59.8 0
170617 18.625 18.0 59.8 0
170647 18.625 18.0 59.737 0
170717 18.625 18.0 59.675 0
170748 18.625 18.0 59.55 0
170818 18.625 18.0 59.487 0
170848 18.562 18.0 59.425 0
170918 18.562 18.0 59.362 0
170949 18.562 18.0 59.362 0
171020 18.562 18.0 59.3 0
171050 18.562 18.0 59.237 0
171120 18.5 18.0 59.237 0
171150 18.5 18.0 59.175 0
171221 18.5 18.0 59.112 0
171251 18.5 18.0 59.112 0
171322 18.5 18.0 59.05 0
171352 18.5 18.0 59.05 0
171422 18.5 18.0 58.987 0
171452 18.5 18.0 58.987 0
171523 18.5 18.0 58.987 0
171553 18.5 18.0 58.987 0
171624 18.5 18.0 58.987 0
171654 18.5 18.0 58.987 0
171724 18.5 18.0 58.925 0
171755 18.5 18.0 58.925 0
171826 18.5 18.0 58.925 0
171856 18.5 18.0 58.925 0
171926 18.5 18.0 58.925 0
171957 18.5 18.0 58.862 0
172027 18.5 18.0 58.862 0
172057 18.5 18.0 58.862 0
172127 18.5 18.0 58.8 0
172157 18.5 18.0 58.8 0
172228 18.5 18.0 58.8 0
172259 18.5 18.0 58.8 0
172329 18.5 18.0 58.737 0
172359 18.5 18.0 58.737 0
172430 18.5 18.0 58.675 0
172500 18.5 18.0 58.675 0
172531 18.5 18.0 58.675 0
172601 18.5 18.0 58.675 0
172631 18.437 18.0 58.612 0
172701 18.437 18.0 58.612 0
172731 18.437 18.0 58.55 0
172802 18.437 18.0 58.55 0
172832 18.437 18.0 58.487 0
172902 18.437 18.0 58.425 0
172933 18.437 18.0 58.362 0
173003 18.437 18.0 58.362 0
173034 18.437 18.0 58.3 0
173104 18.437 18.0 58.237 0
173134 18.5 18.0 58.175 0
173205 18.5 18.0 58.175 0
173235 18.5 18.0 58.112 0
173306 18.5 18.0 58.112 0
173338 18.5 18.0 58.05 0
173409 18.5 18.0 58.05 0
173439 18.5 18.0 57.987 0
173509 18.5 18.0 57.987 0
173539 18.5 18.0 57.925 0
173609 18.5 18.0 57.862 0
173640 18.5 18.0 57.862 0
173710 18.5 18.0 57.8 0
173740 18.5 18.0 57.8 0
173810 18.5 18.0 57.8 0
173841 18.437 18.0 57.737 0
173911 18.437 18.0 57.737 0
173942 18.437 18.0 57.675 0
174012 18.437 18.0 57.675 0
174043 18.437 18.0 57.612 0
174113 18.437 18.0 57.612 0
174143 18.437 18.0 57.55 0
174213 18.437 18.0 57.487 0
174244 18.437 18.0 57.487 0
174315 18.437 18.0 57.487 0
174346 18.437 18.0 57.425 0
174416 18.437 18.0 57.425 0
174446 18.437 18.0 57.362 0
174516 18.437 18.0 57.362 0
174546 18.437 18.0 57.175 0
174617 18.437 18.0 57.237 0
174647 18.437 18.0 57.237 0
174718 18.437 18.0 57.237 0
174748 18.437 18.0 57.175 0
174819 18.437 18.0 57.175 0
174849 18.375 18.0 57.112 0
174920 18.375 18.0 57.05 0
174950 18.375 18.0 57.05 0
175020 18.375 18.0 56.925 0
175050 18.375 18.0 56.862 0
175121 18.437 18.0 56.8 0
175151 18.437 18.0 56.737 0
175222 18.437 18.0 56.737 0
175252 18.437 18.0 56.737 0
175322 18.437 18.0 56.8 0
175353 18.437 18.0 56.925 0
175423 18.437 18.0 57.175 0
175453 18.437 18.0 57.55 0
175523 18.437 18.0 57.987 0
175553 18.437 18.0 58.675 0
175623 18.5 18.0 59.487 0
175654 18.5 18.0 60.487 0
175724 18.5 18.0 61.612 0
175754 18.5 18.0 62.675 0
175825 18.5 18.0 63.675 0
175855 18.5 18.0 64.425 0
175925 18.5 18.0 64.987 0
175955 18.5 18.0 65.362 0
180025 18.5 18.0 65.675 0
180055 18.5 18.0 65.925 0
180126 18.562 18.0 66.112 0
180157 18.562 18.0 66.3 0
180227 18.562 18.0 66.425 0
180258 18.562 18.0 66.487 0
180328 18.562 18.0 66.612 0
180358 18.625 18.0 66.612 0
180428 18.625 18.0 66.737 0
180459 18.625 18.0 66.8 0
180530 18.625 18.0 66.862 0
180600 18.625 18.0 66.925 0
180630 18.625 18.0 66.987 0
180700 18.625 18.0 67.05 0
180730 18.625 18.0 67.112 0
180800 18.625 18.0 67.112 0
180830 18.625 18.0 67.175 0
180900 18.687 18.0 67.175 0
180930 18.687 18.0 67.237 0
181001 18.687 18.0 67.237 0
181031 18.687 18.0 67.3 0
181101 18.687 18.0 67.362 0
181131 18.687 18.0 67.362 0
181201 18.687 18.0 67.425 0
181231 18.687 18.0 67.425 0
181302 18.687 18.0 67.425 0
181332 18.687 18.0 67.425 0
181403 18.875 18.0 67.425 0
181433 18.875 18.0 67.425 0
181503 18.875 18.0 67.425 0
181534 18.875 18.0 67.425 0
181604 18.875 18.0 67.425 0
181634 18.812 18.0 67.425 0
181704 18.812 18.0 67.425 0
181735 18.812 18.0 67.425 0
181805 18.812 18.0 67.425 0
181835 18.812 18.0 67.425 0
181905 18.937 18.0 67.425 0
181935 18.937 18.0 67.487 0
182006 18.937 18.0 67.487 0
182036 18.937 18.0 67.425 0
182106 18.937 18.0 67.487 0
182137 19.187 18.0 67.487 0
182207 19.187 18.0 67.487 0
182237 19.187 18.0 67.487 0
182307 19.187 18.0 67.487 0
182338 19.187 18.0 67.487 0
182408 19.187 18.0 67.487 0
182438 19.187 18.0 67.487 0
182508 19.187 18.0 67.487 0
182538 19.187 18.0 67.487 0
182609 19.187 18.0 67.487 0
182639 19.125 18.0 67.487 0
182710 19.125 18.0 67.425 0
182740 19.125 18.0 67.425 0
182810 19.125 18.0 67.425 0
182841 19.125 18.0 67.425 0
182911 19.062 18.0 67.425 0
182942 19.062 18.0 67.425 0
183012 19.062 18.0 67.425 0
183043 19.062 18.0 67.425 0
183113 19.062 18.0 67.425 0
183143 19.0 18.0 67.425 0
183214 19.0 18.0 67.362 0
183244 19.0 18.0 67.362 0
183314 19.0 18.0 67.362 0
183345 19.0 18.0 67.362 0
183415 18.937 18.0 67.362 0
183446 18.937 18.0 67.3 0
183516 18.937 18.0 67.3 0
183546 18.937 18.0 67.3 0
183619 18.937 18.0 67.3 0
183650 18.937 18.0 67.3 0
183720 18.937 18.0 67.3 0
183751 18.937 18.0 67.3 0
183822 18.937 18.0 67.237 0
183852 19.062 18.0 67.3 0
183922 19.062 18.0 67.237 0
183953 19.062 18.0 67.237 0
184023 19.062 18.0 67.175 0
184053 19.062 18.0 67.175 0
184124 19.187 18.0 67.175 0
184154 19.187 18.0 67.175 0
184224 19.187 18.0 67.175 0
184255 19.187 18.0 67.175 0
184325 19.187 18.0 67.112 0
184355 19.187 18.0 67.112 0
184426 19.187 18.0 67.112 0
184456 19.187 18.0 67.112 0
184526 19.187 18.0 67.112 0
184556 19.187 18.0 67.05 0
184627 19.187 18.0 66.987 0
184657 19.187 18.0 66.987 0
184728 19.187 18.0 66.987 0
184758 19.187 18.0 66.987 0
184829 19.187 18.0 67.05 0
184859 19.312 18.0 66.925 0
184929 19.312 18.0 66.987 0
184959 19.312 18.0 66.925 0
185029 19.312 18.0 66.925 0
185100 19.312 18.0 66.925 0
185130 19.25 18.0 66.925 0
185201 19.25 18.0 66.925 0
185232 19.25 18.0 66.925 0
185302 19.25 18.0 66.925 0
185332 19.25 18.0 66.925 0
185402 19.25 18.0 66.862 0
185432 19.25 18.0 66.8 0
185503 19.25 18.0 66.8 0
185533 19.25 18.0 66.862 0
185604 19.25 18.0 66.8 0
185634 19.312 18.0 66.8 0
185705 19.312 18.0 66.737 0
185735 19.312 18.0 66.737 0
185805 19.312 18.0 66.737 0
185835 19.312 18.0 66.737 0
185905 19.187 18.0 66.675 0
185936 19.187 18.0 66.675 0
190007 19.187 18.0 66.737 0
190037 19.187 18.0 66.8 0
190108 19.187 18.0 66.862 0
190138 19.062 18.0 66.925 0
190208 19.062 18.0 66.987 0
190239 19.062 18.0 66.987 0
190309 19.062 18.0 66.987 0
190340 19.062 18.0 66.987 0
190411 19.062 18.0 66.987 0
190441 19.062 18.0 66.987 0
190511 19.062 18.0 66.987 0
190542 19.062 18.0 66.925 0
190612 19.062 18.0 66.925 0
190642 19.062 18.0 66.862 0
190712 19.062 18.0 66.862 0
190743 19.062 18.0 66.8 0
190813 19.062 18.0 66.8 0
190844 19.062 18.0 66.8 0
190914 19.062 18.0 66.8 0
190944 19.062 18.0 66.8 0
191014 19.062 18.0 66.8 0
191045 19.062 18.0 66.737 0
191115 19.062 18.0 66.737 0
191146 19.125 18.0 66.737 0
191216 19.125 18.0 66.737 0
191247 19.125 18.0 66.737 0
191317 19.125 18.0 66.675 0
191348 19.125 18.0 66.675 0
191418 19.187 18.0 66.675 0
191448 19.187 18.0 66.675 0
191519 19.187 18.0 66.612 0
191549 19.187 18.0 66.612 0
191620 19.187 18.0 66.612 0
191650 19.312 18.0 66.612 0
191720 19.312 18.0 66.55 0
191750 19.312 18.0 66.55 0
191821 19.312 18.0 66.55 0
191851 19.312 18.0 66.55 0
191922 19.312 18.0 66.55 0
191952 19.312 18.0 66.487 0
192022 19.312 18.0 66.487 0
192053 19.312 18.0 66.487 0
192124 19.312 18.0 66.487 0
192154 19.312 18.0 66.425 0
192224 19.312 18.0 66.425 0
192254 19.312 18.0 66.425 0
192325 19.312 18.0 66.425 0
192355 19.312 18.0 66.362 0
192425 19.25 18.0 66.362 0
192456 19.25 18.0 66.362 0
192526 19.25 18.0 66.3 0
192557 19.25 18.0 66.3 0
192629 19.187 18.0 66.3 0
192659 19.187 18.0 66.3 0
192730 19.187 18.0 66.237 0
192800 19.187 18.0 66.237 0
192830 19.187 18.0 66.237 0
192900 19.187 18.0 66.175 0
192930 19.187 18.0 66.175 0
193000 19.187 18.0 66.175 0
193031 19.187 18.0 66.175 0
193102 19.187 18.0 66.112 0
193132 19.187 18.0 66.112 0
193202 19.187 18.0 66.112 0
193232 19.187 18.0 66.05 0
193302 19.187 18.0 66.05 0
193333 19.187 18.0 66.05 0
193403 19.125 18.0 65.987 0
193433 19.125 18.0 65.987 0
193503 19.125 18.0 65.987 0
193534 19.125 18.0 65.925 0
193604 19.125 18.0 65.925 0
193634 19.062 18.0 65.925 0
193705 19.062 18.0 65.862 0
193736 19.062 18.0 65.862 0
193807 19.062 18.0 65.862 0
193837 19.062 18.0 65.8 0
193908 19.062 18.0 65.8 0
193938 19.062 18.0 65.8 0
194008 19.062 18.0 65.8 0
194039 19.062 18.0 65.737 0
194109 19.062 18.0 65.737 0
194139 19.062 18.0 65.675 0
194210 19.062 18.0 65.612 0
194240 19.062 18.0 65.55 0
194311 19.062 18.0 65.55 0
194341 19.062 18.0 65.55 0
194412 19.0 18.0 65.55 0
194442 19.0 18.0 65.487 0
194512 19.0 18.0 65.487 0
194543 19.0 18.0 65.425 0
194613 19.0 18.0 65.425 0
194643 19.0 18.0 65.362 0
194713 19.0 18.0 65.362 0
194744 19.0 18.0 65.3 0
194814 19.0 18.0 65.3 0
194844 19.0 18.0 65.3 0
194914 19.0 18.0 65.237 0
194944 19.0 18.0 65.237 0
195015 19.0 18.0 65.175 0
195046 19.0 18.0 65.175 0
195116 19.0 18.0 65.175 0
195147 18.937 18.0 65.175 0
195217 18.937 18.0 65.112 0
195247 18.937 18.0 65.112 0
195317 18.937 18.0 65.05 0
195348 18.937 18.0 65.05 0
195418 19.0 18.0 64.987 0
195448 19.0 18.0 64.987 0
195519 19.0 18.0 64.987 0
195549 19.0 18.0 64.925 0
195619 19.0 18.0 64.925 0
195650 19.0 18.0 64.862 0
195721 19.0 18.0 64.862 0
195751 19.0 18.0 64.862 0
195821 19.0 18.0 64.862 0
195851 19.0 18.0 64.8 0
195922 19.0 18.0 64.8 0
195952 19.0 18.0 64.8 0
200023 19.0 18.0 64.737 0
200053 19.0 18.0 64.737 0
200124 19.0 18.0 64.737 0
200154 19.0 18.0 64.8 0
200224 19.0 18.0 64.862 0
200255 19.0 18.0 64.862 0
200325 19.0 18.0 64.925 0
200356 19.0 18.0 64.925 0
200426 18.937 18.0 64.925 0
200457 18.937 18.0 64.925 0
200527 18.937 18.0 64.925 0
200558 18.937 18.0 64.925 0
200628 18.937 18.0 64.925 0
200659 18.937 18.0 64.925 0
200730 18.937 18.0 64.925 0
200801 18.937 18.0 64.862 0
200831 18.937 18.0 64.862 0
200901 18.937 18.0 64.862 0
200931 18.875 18.0 64.8 0
201002 18.875 18.0 64.8 0
201032 18.875 18.0 64.8 0
201102 18.875 18.0 64.737 0
201132 18.875 18.0 64.737 0
201202 18.812 18.0 64.737 0
201232 18.812 18.0 64.675 0
201302 18.812 18.0 64.675 0
201333 18.812 18.0 64.675 0
201403 18.812 18.0 64.612 0
201433 18.812 18.0 64.612 0
201504 18.812 18.0 64.612 0
201534 18.812 18.0 64.55 0
201604 18.812 18.0 64.55 0
201634 18.812 18.0 64.55 0
201704 18.812 18.0 64.487 0
201735 18.812 18.0 64.487 0
201806 18.812 18.0 64.487 0
201836 18.812 18.0 64.425 0
201908 18.812 18.0 64.425 0
201939 18.812 18.0 64.425 0
202009 18.812 18.0 64.362 0
202040 18.812 18.0 64.362 0
202110 18.812 18.0 64.3 0
202140 18.812 18.0 64.3 0
202210 18.812 18.0 64.3 0
202241 18.812 18.0 64.237 0
202311 18.812 18.0 64.237 0
202341 18.812 18.0 64.237 0
202412 18.812 18.0 64.175 0
202442 18.812 18.0 64.175 0
202512 18.812 18.0 64.175 0
202542 18.812 18.0 64.112 0
202613 18.812 18.0 64.112 0
202643 18.812 18.0 64.05 0
202713 18.812 18.0 64.05 0
202744 18.812 18.0 64.05 0
202814 18.812 18.0 63.987 0
202845 18.812 18.0 63.925 0
202915 18.812 18.0 63.925 0
202946 18.812 18.0 63.862 0
203016 18.812 18.0 63.8 0
203047 18.812 18.0 63.675 0
203118 18.812 18.0 63.612 0
203148 18.75 18.0 63.487 0
203219 18.75 18.0 63.362 0
203249 18.75 18.0 63.175 0
203320 18.75 18.0 62.987 0
203350 18.75 18.0 62.8 0
203420 18.75 18.0 62.612 0
203450 18.75 18.0 62.362 0
203521 18.75 18.0 62.112 0
203551 18.75 18.0 61.925 0
203621 18.75 18.0 61.8 0
203651 18.75 18.0 61.675 0
203721 18.75 18.0 61.612 0
203752 18.75 18.0 61.55 0
203822 18.75 18.0 61.487 0
203852 18.75 18.0 61.425 0
203923 18.75 18.0 61.425 0
203953 18.75 18.0 61.362 0
204024 18.75 18.0 61.3 0
204054 18.75 18.0 61.3 0
204125 18.75 18.0 61.237 0
204155 18.812 18.0 61.175 0
204226 18.812 18.0 61.112 0
204256 18.812 18.0 61.112 0
204326 18.812 18.0 61.05 0
204357 18.812 18.0 60.987 0
204427 18.812 18.0 60.987 0
204457 18.812 18.0 60.925 0
204527 18.812 18.0 60.925 0
204558 18.812 18.0 60.862 0
204628 18.812 18.0 60.8 0
204658 18.937 18.0 60.737 0
204728 18.937 18.0 60.737 0
204759 18.937 18.0 60.675 0
204829 18.937 18.0 60.612 0
204859 18.937 18.0 60.55 0
204930 18.937 18.0 60.425 0
205001 18.937 18.0 60.175 0
205031 18.937 18.0 59.925 0
205101 18.937 18.0 59.612 0
205132 18.937 18.0 59.237 0
205202 18.937 18.0 58.8 0
205232 18.937 18.0 58.3 0
205303 18.937 18.0 57.8 0
205334 18.937 18.0 57.425 0
205404 18.937 18.0 57.112 0
205434 19.0 18.0 56.987 0
205505 19.0 18.0 56.8 0
205536 19.0 18.0 56.737 0
205606 19.0 18.0 56.675 0
205637 19.0 18.0 56.612 0
205708 19.0 18.0 56.55 0
205738 19.0 18.0 56.55 0
205808 19.0 18.0 56.55 0
205838 19.0 18.0 56.55 0
205909 19.0 18.0 56.612 0
205939 19.125 18.0 56.675 0
210009 19.125 18.0 56.8 0
210040 19.125 18.0 56.925 0
210111 19.125 18.0 57.175 0
210141 19.125 18.0 57.737 0
210211 19.187 18.0 58.55 0
210242 19.187 18.0 59.55 0
210312 19.187 18.0 60.55 0
210342 19.187 18.0 61.675 0
210415 19.187 18.0 62.8 0
210445 19.187 18.0 63.862 0
210515 19.187 18.0 64.55 0
210546 19.187 18.0 65.05 0
210616 19.187 18.0 65.487 0
210647 19.187 18.0 65.8 0
210717 19.187 18.0 66.05 0
210747 19.187 18.0 66.237 0
210817 19.187 18.0 66.425 0
210847 19.187 18.0 66.55 0
210917 19.187 18.0 66.675 0
210947 19.187 18.0 66.737 0
211018 19.187 18.0 66.8 0
211048 19.187 18.0 66.8 0
211118 19.187 18.0 66.862 0
211149 19.187 18.0 66.925 0
211219 19.187 18.0 66.925 0
211250 19.187 18.0 66.987 0
211320 19.187 18.0 66.987 0
211350 19.187 18.0 66.987 0
211421 19.187 18.0 66.987 0
211451 19.187 18.0 67.05 0
211521 19.187 18.0 67.05 0
211552 19.187 18.0 67.05 0
211622 19.187 18.0 67.05 0
211653 19.25 18.0 67.05 0
211723 19.25 18.0 67.112 0
211754 19.25 18.0 67.112 0
211824 19.25 18.0 67.112 0
211854 19.25 18.0 67.112 0
211924 19.25 18.0 67.112 0
211954 19.25 18.0 67.112 0
212024 19.25 18.0 67.112 0
212054 19.25 18.0 67.175 0
212125 19.25 18.0 67.175 0
212155 19.25 18.0 67.175 0
212225 19.25 18.0 67.175 0
212255 19.25 18.0 67.175 0
212326 19.25 18.0 67.175 0
212357 19.25 18.0 67.175 0
212427 19.187 18.0 67.175 0
212457 19.187 18.0 67.175 0
212528 19.187 18.0 67.112 0
212558 19.187 18.0 67.112 0
212629 19.187 18.0 67.112 0
212659 19.062 18.0 67.112 0
212729 19.062 18.0 67.112 0
212759 19.062 18.0 67.112 0
212830 19.062 18.0 67.112 0
212901 19.062 18.0 67.112 0
212931 19.062 18.0 67.112 0
213002 19.062 18.0 67.05 0
213032 19.062 18.0 67.05 0
213102 19.062 18.0 67.05 0
213133 19.062 18.0 67.05 0
213203 19.062 18.0 66.987 0
213233 19.062 18.0 66.987 0
213303 19.062 18.0 66.987 0
213334 19.062 18.0 66.987 0
213404 19.062 18.0 66.987 0
213434 19.0 18.0 66.987 0
213504 19.0 18.0 66.987 0
213534 19.0 18.0 66.987 0
213605 19.0 18.0 66.925 0
213636 19.0 18.0 66.925 0
213706 19.0 18.0 66.925 0
213737 19.0 18.0 66.925 0
213808 19.0 18.0 66.925 0
213838 19.0 18.0 66.862 0
213908 19.0 18.0 66.862 0
213938 18.875 18.0 66.862 0
214008 18.875 18.0 66.862 0
214039 18.875 18.0 66.862 0
214109 18.875 18.0 66.8 0
214139 18.875 18.0 66.8 0
214210 18.875 18.0 66.8 0
214240 18.875 18.0 66.8 0
214311 18.875 18.0 66.737 0
214342 18.875 18.0 66.737 0
214412 18.875 18.0 66.737 0
214442 18.75 18.0 66.737 0
214513 18.75 18.0 66.737 0
214543 18.75 18.0 66.675 0
214613 18.75 18.0 66.675 0
214643 18.75 18.0 66.675 0
214713 18.687 18.0 66.675 0
214743 18.687 18.0 66.612 0
214814 18.687 18.0 66.612 0
214844 18.687 18.0 66.612 0
214914 18.687 18.0 66.612 0
214944 18.687 18.0 66.55 0
215015 18.687 18.0 66.55 0
215045 18.687 18.0 66.55 0
215116 18.687 18.0 66.487 0
215146 18.687 18.0 66.487 0
215216 18.562 18.0 66.487 0
215247 18.562 18.0 66.425 0
215318 18.562 18.0 66.425 0
215348 18.562 18.0 66.425 0
215418 18.562 18.0 66.362 0
215448 18.562 18.0 66.362 0
215519 18.562 18.0 66.362 0
215549 18.562 18.0 66.362 0
215619 18.562 18.0 66.3 0
215649 18.562 18.0 66.3 0
215719 18.562 18.0 66.3 0
215750 18.562 18.0 66.237 0
215821 18.562 18.0 66.237 0
215851 18.562 18.0 66.237 0
215921 18.562 18.0 66.237 0
215952 18.5 18.0 66.175 0
220022 18.5 18.0 66.175 0
220052 18.5 18.0 66.112 0
220122 18.5 18.0 66.112 0
220155 18.5 18.0 66.112 0
220226 18.5 18.0 66.05 0
220256 18.5 18.0 66.05 0
220326 18.5 18.0 66.05 0
220356 18.5 18.0 65.987 0
220426 18.5 18.0 65.987 0
220456 18.5 18.0 65.987 0
220527 18.5 18.0 65.925 0
220557 18.5 18.0 65.987 0
220627 18.5 18.0 65.987 0
220658 18.562 18.0 66.05 0
220728 18.562 18.0 66.05 0
220759 18.562 18.0 66.112 0
220829 18.562 18.0 66.112 0
220859 18.562 18.0 66.112 0
220929 18.562 18.0 66.112 0
220959 18.562 18.0 66.112 0
221029 18.562 18.0 66.112 0
221059 18.562 18.0 66.05 0
221130 18.562 18.0 66.05 0
221200 18.562 18.0 66.05 0
221230 18.562 18.0 66.05 0
221300 18.562 18.0 65.987 0
221331 18.562 18.0 65.987 0
221401 18.562 18.0 65.987 0
221431 18.5 18.0 65.925 0
221501 18.5 18.0 65.925 0
221531 18.5 18.0 65.925 0
221602 18.5 18.0 65.925 0
221632 18.5 18.0 65.862 0
221703 18.562 18.0 65.862 0
221733 18.562 18.0 65.862 0
221803 18.562 18.0 65.8 0
221834 18.562 18.0 65.8 0
221904 18.562 18.0 65.8 0
221935 18.562 18.0 65.737 0
222005 18.562 18.0 65.737 0
222036 18.562 18.0 65.737 0
222106 18.562 18.0 65.737 0
222136 18.562 18.0 65.675 0
222206 18.562 18.0 65.675 0
222236 18.562 18.0 65.612 0
222306 18.562 18.0 65.612 0
222337 18.562 18.0 65.612 0
222407 18.562 18.0 65.55 0
222437 18.562 18.0 65.55 0
222508 18.562 18.0 65.55 0
222538 18.562 18.0 65.55 0
222608 18.562 18.0 65.487 0
222639 18.562 18.0 65.487 0
222709 18.562 18.0 65.487 0
222739 18.562 18.0 65.425 0
222810 18.562 18.0 65.425 0
222840 18.562 18.0 65.425 0
222910 18.562 18.0 65.362 0
222940 18.562 18.0 65.362 0
223011 18.562 18.0 65.362 0
223041 18.562 18.0 65.3 0
223112 18.562 18.0 65.237 0
223142 18.562 18.0 65.237 0
223212 18.562 18.0 65.175 0
223242 18.562 18.0 65.175 0
223313 18.562 18.0 65.112 0
223343 18.562 18.0 65.112 0
223413 18.562 18.0 65.05 0
223443 18.562 18.0 65.05 0
223513 18.562 18.0 64.987 0
223544 18.562 18.0 64.987 0
223614 18.562 18.0 64.925 0
223645 18.562 18.0 64.925 0
223715 18.562 18.0 64.925 0
223745 18.562 18.0 64.862 0
223815 18.562 18.0 64.8 0
223846 18.562 18.0 64.8 0
223916 18.562 18.0 64.8 0
223946 18.5 18.0 64.737 0
224016 18.5 18.0 64.737 0
224046 18.5 18.0 64.675 0
224116 18.5 18.0 64.675 0
224146 18.5 18.0 64.675 0
224217 18.5 18.0 64.612 0
224247 18.5 18.0 64.612 0
224317 18.5 18.0 64.55 0
224348 18.5 18.0 64.55 0
224419 18.5 18.0 64.487 0
224450 18.437 18.0 64.487 0
224520 18.437 18.0 64.425 0
224550 18.437 18.0 64.362 0
224620 18.437 18.0 64.362 0
224651 18.437 18.0 64.3 0
224721 18.437 18.0 64.3 0
224752 18.437 18.0 64.3 0
224822 18.437 18.0 64.237 0
224852 18.437 18.0 64.237 0
224923 18.437 18.0 64.175 0
224954 18.375 18.0 64.175 0
225024 18.375 18.0 64.112 0
225054 18.375 18.0 64.05 0
225124 18.375 18.0 63.987 0
225154 18.375 18.0 63.925 0
225225 18.375 18.0 63.862 0
225255 18.375 18.0 63.8 0
225325 18.375 18.0 63.737 0
225355 18.375 18.0 63.737 0
225425 18.375 18.0 63.675 0
225455 18.312 18.0 63.612 0
225525 18.312 18.0 63.612 0
225556 18.312 18.0 63.55 0
225626 18.312 18.0 63.487 0
225657 18.312 18.0 63.487 0
225727 18.312 18.0 63.425 0
225757 18.312 18.0 63.425 0
225827 18.312 18.0 63.362 0
225857 18.312 18.0 63.3 0
225927 18.312 18.0 63.3 0
225958 18.312 18.0 63.237 0
230028 18.312 10.0 63.237 0
230058 18.312 10.0 63.175 0
230129 18.312 10.0 63.112 0
230159 18.312 10.0 63.112 0
230230 18.25 10.0 63.112 0
230300 18.25 10.0 63.05 0
230330 18.25 10.0 62.987 0
230400 18.25 10.0 62.987 0
230430 18.25 10.0 62.925 0
230500 18.187 10.0 62.925 0
230531 18.187 10.0 62.862 0
230601 18.187 10.0 62.8 0
230631 18.187 10.0 62.8 0
230701 18.187 10.0 62.737 0
230731 18.25 10.0 62.737 0
230802 18.25 10.0 62.737 0
230832 18.25 10.0 62.737 0
230902 18.25 10.0 62.737 0
230935 18.187 10.0 62.737 0
231005 18.187 10.0 62.737 0
231035 18.187 10.0 62.737 0
231105 18.187 10.0 62.737 0
231135 18.187 10.0 62.675 0
231205 18.187 10.0 62.612 0
231236 18.187 10.0 62.55 0
231306 18.187 10.0 62.487 0
231336 18.187 10.0 62.487 0
231406 18.187 10.0 62.425 0
231436 18.062 10.0 62.362 0
231506 18.062 10.0 62.362 0
231536 18.062 10.0 62.3 0
231607 18.062 10.0 62.237 0
231637 18.062 10.0 62.237 0
231707 18.0 10.0 62.175 0
231738 18.0 10.0 62.175 0
231808 18.0 10.0 62.112 0
231838 18.0 10.0 62.112 0
231908 18.0 10.0 62.05 0
231938 17.937 10.0 61.987 0
232008 17.937 10.0 61.987 0
232039 17.937 10.0 61.987 0
232109 17.937 10.0 61.925 0
232139 17.937 10.0 61.862 0
232209 17.875 10.0 61.862 0
232239 17.875 10.0 61.8 0
232309 17.875 10.0 61.8 0
232339 17.875 10.0 61.737 0
232411 17.875 10.0 61.737 0
232441 17.875 10.0 61.675 0
232511 17.875 10.0 61.675 0
232541 17.875 10.0 61.612 0
232611 17.875 10.0 61.55 0
232642 17.875 10.0 61.55 0
232712 17.812 10.0 61.487 0
232742 17.812 10.0 61.487 0
232813 17.812 10.0 61.425 0
232843 17.812 10.0 61.425 0
232914 17.812 10.0 61.362 0
232944 17.75 10.0 61.362 0
233014 17.75 10.0 61.3 0
233044 17.75 10.0 61.3 0
233115 17.75 10.0 61.237 0
233145 17.75 10.0 61.175 0
233215 17.687 10.0 61.05 0
233245 17.687 10.0 60.862 0
233315 17.687 10.0 60.675 0
233346 17.687 10.0 60.487 0
233416 17.687 10.0 60.3 0
233446 17.687 10.0 60.112 0
233516 17.687 10.0 60.05 0
233547 17.687 10.0 59.925 0
233618 17.687 10.0 59.862 0
233648 17.687 10.0 59.8 0
233718 17.625 10.0 59.737 0
233749 17.625 10.0 59.737 0
233819 17.625 10.0 59.675 0
233849 17.625 10.0 59.675 0
233919 17.625 10.0 59.612 0
233949 17.625 10.0 59.55 0
234020 17.625 10.0 59.55 0
234050 17.625 10.0 59.487 0
234120 17.625 10.0 59.425 0
234150 17.625 10.0 59.362 0
234220 17.562 10.0 59.362 0
234250 17.562 10.0 59.3 0
234321 17.562 10.0 59.237 0
234351 17.562 10.0 59.175 0
234421 17.562 10.0 59.175 0
234451 17.562 10.0 59.112 0
234522 17.562 10.0 59.05 0
234552 17.562 10.0 59.05 0
234622 17.562 10.0 58.987 0
234653 17.562 10.0 58.925 0
234723 17.562 10.0 58.925 0
234753 17.562 10.0 58.862 0
234824 17.562 10.0 58.862 0
234854 17.562 10.0 58.8 0
234924 17.562 10.0 58.737 0
234955 17.437 10.0 58.612 0
235025 17.437 10.0 58.425 0
235056 17.437 10.0 58.175 0
235126 17.437 10.0 57.925 0
235157 17.437 10.0 57.612 0
235227 17.5 10.0 57.362 0
235257 17.5 10.0 57.175 0
235328 17.5 10.0 57.05 0
235358 17.5 10.0 56.925 0
235429 17.5 10.0 56.862 0
235459 17.437 10.0 56.8 0
235529 17.437 10.0 56.8 0
235600 17.437 10.0 56.737 0
235630 17.437 10.0 56.737 0
235700 17.437 10.0 56.8 0
235731 17.437 10.0 56.862 0
235801 17.437 10.0 57.05 0
235831 17.437 10.0 57.237 0
235901 17.437 10.0 57.612 0
