235930 17.562 10.0 67.675 0
000000 17.5 10.0 67.675 0
000031 17.5 10.0 67.612 0
000101 17.5 10.0 67.612 0
000131 17.5 10.0 67.612 0
000202 17.5 10.0 67.55 0
000232 17.5 10.0 67.55 0
000302 17.5 10.0 67.55 0
000333 17.5 10.0 67.487 0
000403 17.5 10.0 67.487 0
000434 17.5 10.0 67.487 0
000504 17.5 10.0 67.487 0
000534 17.5 10.0 67.487 0
000605 17.5 10.0 67.55 0
000636 17.5 10.0 67.737 0
000708 17.437 10.0 67.862 0
000739 17.437 10.0 67.925 0
000809 17.437 10.0 67.987 0
000839 17.437 10.0 68.05 0
000910 17.437 10.0 68.112 0
000940 17.437 10.0 68.112 0
001010 17.437 10.0 68.112 0
001041 17.437 10.0 68.175 0
001111 17.437 10.0 68.175 0
001141 17.437 10.0 68.175 0
001211 17.437 10.0 68.175 0
001241 17.437 10.0 68.237 0
001312 17.437 10.0 68.237 0
001343 17.437 10.0 68.237 0
001414 17.437 10.0 68.237 0
001444 17.437 10.0 68.237 0
001514 17.437 10.0 68.237 0
001545 17.437 10.0 68.237 0
001615 17.437 10.0 68.175 0
001645 17.437 10.0 68.175 0
001715 17.375 10.0 68.175 0
001746 17.375 10.0 68.175 0
001817 17.375 10.0 68.175 0
001848 17.375 10.0 68.175 0
001918 17.375 10.0 68.112 0
001948 17.375 10.0 68.112 0
002018 17.375 10.0 68.112 0
002048 17.375 10.0 67.925 0
002118 17.375 10.0 68.05 0
002149 17.375 10.0 68.05 0
002220 17.312 10.0 68.05 0
002250 17.312 10.0 68.05 0
002320 17.312 10.0 68.05 0
002350 17.312 10.0 68.05 0
002421 17.312 10.0 68.05 0
002451 17.312 10.0 67.987 0
002521 17.312 10.0 67.987 0
002551 17.312 10.0 67.987 0
002621 17.312 10.0 67.987 0
002652 17.312 10.0 67.987 0
002723 17.312 10.0 67.925 0
002753 17.312 10.0 67.925 0
002823 17.312 10.0 67.925 0
002853 17.312 10.0 67.925 0
002924 17.312 10.0 67.925 0
002955 17.312 10.0 67.862 0
003025 17.312 10.0 67.862 0
003055 17.312 10.0 67.862 0
003126 17.312 10.0 67.8 0
003156 17.312 10.0 67.8 0
003227 17.25 10.0 67.8 0
003257 17.25 10.0 67.8 0
003327 17.25 10.0 67.8 0
003358 17.25 10.0 67.737 0
003428 17.25 10.0 67.737 0
003459 17.25 10.0 67.737 0
003529 17.25 10.0 67.737 0
003600 17.25 10.0 67.675 0
003630 17.25 10.0 67.675 0
003700 17.25 10.0 67.675 0
003730 17.25 10.0 67.675 0
003800 17.25 10.0 67.612 0
003831 17.25 10.0 67.612 0
003902 17.25 10.0 67.612 0
003932 17.25 10.0 67.612 0
004003 17.25 10.0 67.55 0
004033 17.25 10.0 67.55 0
004103 17.25 10.0 67.55 0
004133 17.25 10.0 67.55 0
004203 17.25 10.0 67.487 0
004234 17.187 10.0 67.487 0
004304 17.187 10.0 67.487 0
004334 17.187 10.0 67.487 0
004405 17.187 10.0 67.425 0
004435 17.187 10.0 67.425 0
004506 17.187 10.0 67.425 0
004536 17.187 10.0 67.362 0
004606 17.187 10.0 67.362 0
004637 17.187 10.0 67.362 0
004707 17.187 10.0 67.362 0
004737 17.187 10.0 67.3 0
004808 17.187 10.0 67.3 0
004838 17.187 10.0 67.3 0
004909 17.187 10.0 67.237 0
004939 17.187 10.0 67.237 0
005009 17.125 10.0 67.237 0
005040 17.125 10.0 67.175 0
005110 17.125 10.0 67.175 0
005141 17.125 10.0 67.175 0
005211 17.125 10.0 67.175 0
005242 17.125 10.0 67.112 0
005312 17.125 10.0 67.112 0
005342 17.125 10.0 67.112 0
005413 17.125 10.0 67.05 0
005445 17.125 10.0 67.05 0
005516 17.125 10.0 66.987 0
005547 17.125 10.0 66.987 0
005617 17.125 10.0 66.987 0
005647 17.125 10.0 66.987 0
005717 17.125 10.0 66.925 0
005747 17.125 10.0 66.925 0
005818 17.125 10.0 66.925 0
005849 17.125 10.0 66.862 0
005920 17.125 10.0 66.862 0
005951 17.125 10.0 66.8 0
010021 17.125 10.0 66.8 0
010051 17.125 10.0 66.8 0
010122 17.125 10.0 66.8 0
010152 17.125 10.0 66.737 0
010222 17.062 10.0 66.737 0
010253 17.062 10.0 66.737 0
010323 17.062 10.0 66.675 0
010354 17.062 10.0 66.675 0
010424 17.062 10.0 66.612 0
010454 17.062 10.0 66.612 0
010525 17.062 10.0 66.612 0
010555 17.062 10.0 66.55 0
010625 17.062 10.0 66.55 0
010656 17.062 10.0 66.55 0
010726 17.062 10.0 66.55 0
010757 17.062 10.0 66.55 0
010827 17.062 10.0 66.612 0
010858 17.062 10.0 66.675 0
010929 17.062 10.0 66.737 0
010959 17.062 10.0 66.737 0
011029 17.062 10.0 66.737 0
011059 17.062 10.0 66.8 0
011130 17.062 10.0 66.8 0
011200 17.062 10.0 66.8 0
011230 17.062 10.0 66.8 0
011300 17.062 10.0 66.8 0
011331 17.062 10.0 66.737 0
011401 17.062 10.0 66.737 0
011431 17.062 10.0 66.737 0
011501 17.0 10.0 66.737 0
011532 17.0 10.0 66.737 0
011602 17.0 10.0 66.737 0
011633 17.0 10.0 66.675 0
011703 17.0 10.0 66.675 0
011734 17.0 10.0 66.675 0
011804 17.0 10.0 66.675 0
011835 17.0 10.0 66.675 0
011906 17.0 10.0 66.612 0
011936 17.0 10.0 66.612 0
012006 17.0 10.0 66.612 0
012036 17.0 10.0 66.55 0
012106 17.0 10.0 66.55 0
012137 17.0 10.0 66.55 0
012208 17.0 10.0 66.487 0
012238 17.0 10.0 66.487 0
012309 17.0 10.0 66.487 0
012340 17.0 10.0 66.487 0
012410 17.0 10.0 66.425 0
012441 17.0 10.0 66.425 0
012511 17.0 10.0 66.425 0
012541 17.0 10.0 66.362 0
012611 17.0 10.0 66.362 0
012641 17.0 10.0 66.362 0
012712 17.0 10.0 66.362 0
012743 17.0 10.0 66.3 0
012813 17.0 10.0 66.3 0
012844 17.0 10.0 66.3 0
012914 17.0 10.0 66.237 0
012945 17.0 10.0 66.237 0
013015 17.0 10.0 66.175 0
013046 17.0 10.0 66.175 0
013116 17.0 10.0 -0.2 0
013147 17.0 10.0 -0.2 0
013217 17.0 10.0 -0.2 0
013247 17.0 10.0 -0.2 0
013318 17.0 10.0 -0.2 0
013348 17.0 10.0 66.05 0
013419 17.0 10.0 65.987 0
013449 17.0 10.0 65.925 0
013519 17.0 10.0 65.925 0
013549 17.0 10.0 65.925 0
013620 17.0 10.0 65.862 0
013650 17.0 10.0 65.862 0
013723 17.0 10.0 65.862 0
013753 17.0 10.0 65.8 0
013824 17.0 10.0 65.8 0
013854 17.0 10.0 65.8 0
013924 17.0 10.0 65.737 0
013955 16.937 10.0 65.737 0
014025 16.937 10.0 65.737 0
014056 16.937 10.0 65.675 0
014126 16.937 10.0 65.675 0
014156 16.937 10.0 65.612 0
014227 16.937 10.0 65.612 0
014257 16.937 10.0 65.612 0
014327 16.937 10.0 65.55 0
014357 16.937 10.0 65.55 0
014428 16.937 10.0 65.487 0
014459 16.937 10.0 65.487 0
014529 16.937 10.0 65.487 0
014559 16.937 10.0 65.425 0
014630 16.937 10.0 65.425 0
014700 16.937 10.0 65.362 0
014730 16.875 10.0 65.362 0
014801 16.875 10.0 65.3 0
014831 16.875 10.0 65.3 0
014902 16.875 10.0 65.3 0
014932 16.875 10.0 65.237 0
015003 16.937 10.0 65.237 0
015033 16.937 10.0 65.175 0
015104 16.937 10.0 65.175 0
015134 16.937 10.0 65.175 0
015205 16.937 10.0 65.112 0
015235 16.875 10.0 65.112 0
015306 16.875 10.0 65.05 0
015336 16.875 10.0 65.05 0
015407 16.875 10.0 65.05 0
015437 16.875 10.0 64.987 0
015508 16.875 10.0 64.987 0
015538 16.875 10.0 64.925 0
015608 16.875 10.0 64.925 0
015639 16.875 10.0 64.925 0
015709 16.875 10.0 64.862 0
015739 16.875 10.0 64.8 0
015810 16.875 10.0 64.737 0
015841 16.875 10.0 64.737 0
015911 16.875 10.0 64.675 0
015941 16.875 10.0 64.675 0
020012 16.875 10.0 64.612 0
020042 16.875 10.0 64.612 0
020112 16.875 10.0 64.55 0
020142 16.875 10.0 64.55 0
020213 16.875 10.0 64.487 0
020243 16.875 10.0 64.487 0
020313 16.875 10.0 64.425 0
020344 16.875 10.0 64.425 0
020414 16.875 10.0 64.362 0
020445 16.875 10.0 64.362 0
020515 16.875 10.0 64.3 0
020545 16.875 10.0 64.3 0
020616 16.875 10.0 64.237 0
020647 16.875 10.0 64.237 0
020717 16.875 10.0 64.175 0
020748 16.875 10.0 64.175 0
020818 16.875 10.0 64.175 0
020849 16.875 10.0 64.112 0
020919 16.875 10.0 64.112 0
020949 16.875 10.0 64.112 0
021020 16.875 10.0 64.112 0
021051 16.875 10.0 64.175 0
021121 16.875 10.0 64.175 0
021151 16.875 10.0 64.175 0
021222 16.875 10.0 64.175 0
021252 16.812 10.0 64.175 0
021322 16.812 10.0 64.175 0
021353 16.812 10.0 64.175 0
021423 16.812 10.0 64.175 0
021454 16.812 10.0 64.175 0
021524 16.812 10.0 64.175 0
021554 16.812 10.0 64.175 0
021625 16.812 10.0 64.175 0
021655 16.812 10.0 64.112 0
021726 16.812 10.0 64.112 0
021756 16.812 10.0 64.112 0
021826 16.812 10.0 64.112 0
021857 16.812 10.0 64.05 0
021927 16.812 10.0 64.05 0
022000 16.812 10.0 64.05 0
022030 16.812 10.0 63.987 0
022101 16.812 10.0 63.987 0
022132 16.812 10.0 63.987 0
022203 16.812 10.0 63.925 0
022233 16.75 10.0 63.925 0
022303 16.75 10.0 63.862 0
022334 16.75 10.0 63.8 0
022404 16.75 10.0 63.8 0
022434 16.75 10.0 63.8 0
022504 16.75 10.0 63.737 0
022534 16.75 10.0 63.737 0
022605 16.75 10.0 63.675 0
022636 16.75 10.0 63.675 0
022706 16.75 10.0 63.612 0
022736 16.75 10.0 63.612 0
022807 16.75 10.0 63.612 0
022837 16.75 10.0 63.55 0
022908 16.75 10.0 63.55 0
022938 16.75 10.0 63.487 0
023008 16.75 10.0 63.487 0
023039 16.75 10.0 63.487 0
023110 16.75 10.0 63.425 0
023140 16.75 10.0 63.425 0
023210 16.75 10.0 63.362 0
023240 16.75 10.0 63.362 0
023311 16.75 10.0 63.362 0
023341 16.75 10.0 63.3 0
023411 16.75 10.0 63.3 0
023442 16.75 10.0 63.237 0
023512 16.75 10.0 63.237 0
023542 16.75 10.0 63.175 0
023612 16.75 10.0 63.175 0
023643 16.75 10.0 63.175 0
023713 16.75 10.0 63.112 0
023744 16.75 10.0 63.112 0
023814 16.75 10.0 63.05 0
023844 16.75 10.0 63.05 0
023914 16.75 10.0 62.987 0
023945 16.75 10.0 62.987 0
024015 16.75 10.0 62.987 0
024045 16.75 10.0 62.925 0
024116 16.75 10.0 62.925 0
024146 16.75 10.0 62.862 0
024217 16.75 10.0 62.862 0
024247 16.75 10.0 62.8 0
024317 16.75 10.0 62.8 0
024347 16.75 10.0 62.8 0
024418 16.75 10.0 62.737 0
024448 16.75 10.0 62.737 0
024518 16.687 10.0 62.675 0
024549 16.687 10.0 62.612 0
024619 16.687 10.0 62.55 0
024650 16.687 10.0 62.487 0
024720 16.687 10.0 62.487 0
024750 16.687 10.0 62.425 0
024821 16.687 10.0 62.425 0
024851 16.687 10.0 62.362 0
024921 16.687 10.0 62.3 0
024951 16.687 10.0 62.3 0
025022 16.687 10.0 62.237 0
025052 16.687 10.0 62.237 0
025123 16.687 10.0 62.237 0
025154 16.687 10.0 62.175 0
025224 16.687 10.0 62.175 0
025254 16.687 10.0 62.112 0
025325 16.687 10.0 62.112 0
025355 16.687 10.0 62.05 0
025425 16.687 10.0 62.05 0
025456 16.687 10.0 61.987 0
025527 16.687 10.0 61.987 0
025557 16.687 10.0 61.925 0
025627 16.687 10.0 61.925 0
025658 16.687 10.0 61.862 0
025728 16.687 10.0 61.862 0
025758 16.625 10.0 61.862 0
025828 16.625 10.0 61.8 0
025859 16.625 10.0 61.8 0
025929 16.625 10.0 61.737 0
025959 16.625 10.0 61.737 0
030029 16.687 10.0 61.675 0
030059 16.687 10.0 61.675 0
030129 16.687 10.0 61.612 0
030159 16.687 10.0 61.612 0
030230 16.687 10.0 61.55 0
030300 16.625 10.0 61.55 0
030330 16.625 10.0 61.487 0
030400 16.625 10.0 61.487 0
030430 16.625 10.0 61.425 0
030500 16.625 10.0 61.425 0
030531 16.625 10.0 61.362 0
030601 16.625 10.0 61.362 0
030632 16.625 10.0 61.3 0
030702 16.625 10.0 61.3 0
030732 16.625 10.0 61.237 0
030803 16.625 10.0 61.237 0
030833 16.625 10.0 61.175 0
030904 16.625 10.0 61.112 0
030934 16.625 10.0 61.05 0
031005 16.625 10.0 60.987 0
031035 16.625 10.0 60.925 0
031105 16.625 10.0 60.925 0
031136 16.625 10.0 60.862 0
031206 16.625 10.0 60.862 0
031239 16.625 10.0 60.862 0
031309 16.625 10.0 60.8 0
031339 16.625 10.0 60.8 0
031410 16.625 10.0 60.8 0
031441 16.625 10.0 60.737 0
031511 16.625 10.0 60.737 0
031542 16.625 10.0 60.737 0
031612 16.625 10.0 60.737 0
031642 16.625 10.0 60.675 0
031713 16.625 10.0 60.675 0
031743 16.625 10.0 60.675 0
031814 16.625 10.0 60.612 0
031844 16.625 10.0 60.612 0
031914 16.625 10.0 60.612 0
031945 16.625 10.0 60.55 0
032015 16.625 10.0 60.55 0
032046 16.625 10.0 60.487 0
032116 16.625 10.0 60.487 0
032146 16.625 10.0 60.487 0
032217 16.625 10.0 60.425 0
032248 16.562 10.0 60.425 0
032318 16.562 10.0 60.425 0
032348 16.562 10.0 60.362 0
032418 16.562 10.0 60.362 0
032449 16.562 10.0 60.3 0
032519 16.625 10.0 60.3 0
032550 16.625 10.0 60.3 0
032620 16.625 10.0 60.3 0
032651 16.625 10.0 60.237 0
032721 16.625 10.0 60.237 0
032751 16.562 10.0 60.175 0
032822 16.562 10.0 60.175 0
032852 16.562 10.0 60.112 0
032923 16.562 10.0 60.112 0
032953 16.562 10.0 60.112 0
033023 16.562 10.0 60.05 0
033053 16.562 10.0 60.05 0
033123 16.562 10.0 59.987 0
033154 16.562 10.0 59.987 0
033224 16.562 10.0 59.925 0
033254 16.562 10.0 59.862 0
033324 16.562 10.0 59.8 0
033355 16.562 10.0 59.737 0
033425 16.562 10.0 59.737 0
033456 16.562 10.0 59.675 0
033526 16.562 10.0 59.675 0
033556 16.562 10.0 59.612 0
033627 16.562 10.0 59.612 0
033657 16.562 10.0 59.55 0
033727 16.562 10.0 59.55 0
033757 16.562 10.0 59.487 0
033828 16.562 10.0 59.487 0
033858 16.562 10.0 59.425 0
033929 16.562 10.0 59.425 0
034000 16.562 10.0 59.362 0
034030 16.562 10.0 59.362 0
034100 16.562 10.0 59.3 0
034131 16.562 10.0 59.3 0
034202 16.562 10.0 59.237 0
034232 16.562 10.0 59.237 0
034303 16.562 10.0 59.175 0
034333 16.562 10.0 59.175 0
034404 16.562 10.0 59.175 0
034434 16.562 10.0 59.112 0
034505 16.562 10.0 59.112 0
034535 16.562 10.0 59.05 0
034605 16.562 10.0 59.05 0
034635 16.562 10.0 59.05 0
034706 16.562 10.0 58.987 0
034737 16.562 10.0 58.987 0
034807 16.5 10.0 58.925 0
034837 16.5 10.0 58.925 0
034908 16.5 10.0 58.862 0
034938 16.5 10.0 58.862 0
035008 16.5 10.0 58.8 0
035038 16.562 10.0 58.8 0
035109 16.562 10.0 58.8 0
035140 16.562 10.0 58.737 0
035210 16.562 10.0 58.737 0
035240 16.562 10.0 58.675 0
035311 16.562 10.0 58.675 0
035342 16.562 10.0 58.612 0
035412 16.562 10.0 58.612 0
035443 16.562 10.0 58.55 0
035515 16.5 10.0 58.487 0
035546 16.5 10.0 58.425 0
035616 16.5 10.0 58.362 0
035647 16.5 10.0 58.3 0
035717 16.5 10.0 58.237 0
035747 16.5 10.0 58.175 0
035818 16.5 10.0 58.175 0
035848 16.5 10.0 58.112 0
035919 16.5 10.0 58.05 0
035950 16.5 10.0 58.05 0
040021 16.5 10.0 57.987 0
040051 16.5 10.0 57.987 0
040122 16.5 10.0 57.925 0
040152 16.5 10.0 57.925 0
040223 16.5 10.0 57.862 0
040253 16.5 10.0 57.862 0
040323 16.5 10.0 57.862 0
040354 16.5 10.0 57.8 0
040425 16.5 10.0 57.8 0
040456 16.5 10.0 57.737 0
040526 16.5 10.0 57.737 0
040556 16.5 10.0 57.675 0
040627 16.5 10.0 57.675 0
040658 16.5 10.0 57.612 0
040728 16.5 10.0 57.612 0
040759 16.5 10.0 57.55 0
040829 16.5 10.0 57.55 0
040900 16.5 10.0 57.487 0
040930 16.5 10.0 57.487 0
041000 16.5 10.0 57.425 0
041031 16.5 10.0 57.425 0
041101 16.5 10.0 57.362 0
041132 16.5 10.0 57.362 0
041203 16.5 10.0 57.362 0
041234 16.5 10.0 57.362 0
041304 16.5 10.0 57.362 0
041334 16.5 10.0 57.362 0
041404 16.5 10.0 57.362 0
041435 16.5 10.0 57.362 0
041505 16.5 10.0 57.362 0
041535 16.5 10.0 57.362 0
041605 16.5 10.0 57.362 0
041636 16.5 10.0 57.3 0
041706 16.5 10.0 57.3 0
041737 16.5 10.0 57.3 0
041808 16.437 10.0 57.237 0
041839 16.437 10.0 57.237 0
041909 16.437 10.0 57.175 0
041939 16.437 10.0 57.112 0
042010 16.437 10.0 57.112 0
042040 16.5 10.0 57.05 0
042110 16.5 10.0 57.05 0
042141 16.5 10.0 56.987 0
042211 16.5 10.0 56.987 0
042241 16.5 10.0 56.987 0
042312 16.437 10.0 56.925 0
042342 16.437 10.0 56.925 0
042412 16.437 10.0 56.862 0
042442 16.437 10.0 56.862 0
042513 16.437 10.0 56.862 0
042543 16.437 10.0 56.8 0
042613 16.437 10.0 56.8 0
042644 16.437 10.0 56.925 0
042714 16.437 10.0 57.112 0
042745 16.437 10.0 57.487 0
042815 16.437 10.0 58.112 0
042845 16.437 10.0 58.987 0
042916 16.437 10.0 59.987 0
042946 16.437 10.0 61.05 0
043017 16.437 10.0 62.112 0
043047 16.437 10.0 63.112 0
043117 16.437 10.0 63.987 0
043147 16.437 10.0 64.612 0
043217 16.437 10.0 65.175 0
043248 16.437 10.0 65.55 0
043318 16.437 10.0 65.862 0
043349 16.437 10.0 66.112 0
043419 16.437 10.0 66.3 0
043450 16.437 10.0 66.487 0
043522 16.437 10.0 66.612 0
043552 16.437 10.0 66.737 0
043622 16.437 10.0 66.862 0
043652 16.437 10.0 66.925 0
043723 16.437 10.0 67.05 0
043753 16.437 10.0 67.112 0
043823 16.437 10.0 67.175 0
043854 16.437 10.0 67.237 0
043924 16.437 10.0 67.3 0
043954 16.437 10.0 67.362 0
044025 16.437 10.0 67.425 0
044055 16.437 10.0 67.487 0
044126 16.437 10.0 67.487 0
044156 16.437 10.0 67.55 0
044226 16.437 10.0 67.55 0
044257 16.375 10.0 67.55 0
044327 16.375 10.0 67.55 0
044358 16.375 10.0 67.612 0
044429 16.375 10.0 67.612 0
044459 16.375 10.0 67.612 0
044529 16.375 10.0 67.612 0
044559 16.375 10.0 67.612 0
044630 16.375 10.0 67.612 0
044700 16.375 10.0 67.612 0
044731 16.375 10.0 67.612 0
044801 16.375 10.0 67.675 0
044831 16.375 10.0 67.675 0
044902 16.375 10.0 67.675 0
044933 16.375 10.0 67.55 0
045003 16.375 10.0 67.612 0
045033 16.375 10.0 67.612 0
045104 16.375 10.0 67.675 0
045134 16.375 10.0 67.675 0
045205 16.375 10.0 67.675 0
045235 16.375 10.0 67.675 0
045305 16.375 10.0 67.675 0
045336 16.375 10.0 67.675 0
045406 16.375 10.0 67.675 0
045436 16.375 10.0 67.675 0
045507 16.375 10.0 67.675 0
045538 16.375 10.0 67.612 0
045608 16.375 10.0 67.612 0
045639 16.375 10.0 67.612 0
045709 16.375 10.0 67.612 0
045740 16.375 10.0 67.612 0
045810 16.375 10.0 67.612 0
045840 16.375 10.0 67.612 0
045911 16.375 10.0 67.612 0
045941 16.375 10.0 67.612 0
050012 16.375 10.0 67.612 0
050042 16.375 10.0 67.612 0
050113 16.375 10.0 67.612 0
050143 16.375 10.0 67.55 0
050213 16.375 10.0 67.55 0
050244 16.375 10.0 67.55 0
050314 16.375 10.0 67.55 0
050345 16.375 10.0 67.55 0
050415 16.375 10.0 67.55 0
050445 16.375 10.0 67.55 0
050516 16.375 10.0 67.55 0
050546 16.375 10.0 67.55 0
050616 16.375 10.0 67.487 0
050646 16.375 10.0 67.487 0
050717 16.375 10.0 67.487 0
050748 16.375 10.0 67.487 0
050818 16.375 10.0 67.487 0
050848 16.375 10.0 67.487 0
050919 16.375 10.0 67.487 0
050949 16.375 10.0 67.425 0
051020 16.375 10.0 67.425 0
051051 16.375 10.0 67.425 0
051121 16.375 10.0 67.425 0
051151 16.375 10.0 67.425 0
051222 16.375 10.0 67.362 0
051253 16.375 10.0 67.362 0
051323 16.312 10.0 67.362 0
051354 16.312 10.0 67.362 0
051424 16.312 10.0 67.3 0
051455 16.312 10.0 67.3 0
051525 16.312 10.0 67.3 0
051555 16.312 10.0 67.3 0
051625 16.312 10.0 67.3 0
051656 16.312 10.0 67.3 0
051727 16.312 10.0 67.237 0
051757 16.312 10.0 67.237 0
051827 16.312 10.0 67.237 0
051858 16.312 10.0 67.237 0
051928 16.312 10.0 67.175 0
051958 16.312 10.0 67.175 0
052031 16.312 10.0 67.175 0
052101 16.312 10.0 67.175 0
052131 16.312 10.0 67.175 0
052202 16.312 10.0 67.112 0
052233 16.312 10.0 67.112 0
052303 16.312 10.0 67.112 0
052333 16.312 10.0 67.112 0
052404 16.312 10.0 67.05 0
052434 16.312 10.0 67.05 0
052504 16.312 10.0 67.05 0
052534 16.312 10.0 67.05 0
052604 16.312 10.0 66.987 0
052635 16.312 10.0 66.987 0
052705 16.312 10.0 66.987 0
052735 16.312 10.0 66.987 0
052806 16.312 10.0 66.925 0
052836 16.312 10.0 66.925 0
052906 16.312 10.0 66.925 0
052937 16.312 10.0 66.925 0
053007 16.312 10.0 66.925 0
053037 16.312 10.0 66.862 0
053107 16.312 10.0 66.862 0
053138 16.312 10.0 66.862 0
053209 16.312 10.0 66.8 0
053239 16.312 10.0 66.862 0
053310 16.25 10.0 66.925 0
053340 16.25 10.0 66.987 0
053410 16.25 10.0 67.05 0
053441 16.25 10.0 67.112 0
053511 16.25 10.0 67.112 0
053541 16.25 10.0 67.112 0
053612 16.25 10.0 67.112 0
053643 16.25 10.0 67.175 0
053714 16.25 10.0 67.112 0
053744 16.25 10.0 67.112 0
053815 16.25 10.0 67.112 0
053846 16.25 10.0 67.112 0
053916 16.25 10.0 67.112 0
053947 16.25 10.0 67.112 0
054017 16.25 10.0 67.112 0
054047 16.25 10.0 67.05 0
054117 16.25 10.0 67.05 0
054148 16.25 10.0 67.05 0
054218 16.25 10.0 67.05 0
054249 16.25 10.0 67.05 0
054319 16.25 10.0 66.987 0
054349 16.25 10.0 66.987 0
054420 16.25 10.0 66.987 0
054451 16.25 10.0 66.987 0
054522 16.25 10.0 66.987 0
054552 16.25 10.0 66.987 0
054623 16.25 10.0 66.925 0
054653 16.25 10.0 66.925 0
054724 16.25 10.0 66.925 0
054754 16.25 10.0 66.925 0
054824 16.25 10.0 66.862 0
054855 16.25 10.0 66.862 0
054925 16.25 10.0 66.862 0
054955 16.25 10.0 66.8 0
055026 16.25 10.0 66.8 0
055057 16.25 10.0 66.8 0
055127 16.25 10.0 66.8 0
055158 16.25 10.0 66.737 0
055228 16.25 10.0 66.737 0
055259 16.25 10.0 66.737 0
055329 16.25 10.0 66.737 0
055400 16.25 10.0 66.737 0
055430 16.25 10.0 66.675 0
055501 16.25 10.0 66.675 0
055531 16.25 10.0 66.675 0
055602 16.25 10.0 66.675 0
055632 16.25 10.0 66.612 0
055702 16.25 10.0 66.612 0
055733 16.25 10.0 66.55 0
055803 16.25 10.0 66.55 0
055833 16.25 10.0 66.55 0
055903 16.25 10.0 66.487 0
055933 16.25 10.0 66.487 0
060003 16.25 10.0 66.487 0
060034 16.25 10.0 66.425 0
060104 16.25 10.0 66.425 0
060135 16.25 10.0 66.425 0
060205 16.25 10.0 66.362 0
060235 16.25 10.0 66.362 0
060305 16.25 10.0 66.362 0
060335 16.25 10.0 66.362 0
060406 16.25 10.0 66.362 0
060436 16.25 10.0 66.3 0
060506 16.25 10.0 66.3 0
060539 16.187 10.0 66.237 0
060609 16.187 10.0 66.237 0
060640 16.187 10.0 66.237 0
060710 16.187 10.0 66.237 0
060740 16.187 10.0 66.175 0
060811 16.187 10.0 66.175 0
060842 16.187 10.0 66.175 0
060913 16.187 10.0 66.112 0
060943 16.187 10.0 66.112 0
061014 16.187 10.0 66.112 0
061044 16.187 10.0 66.05 0
061114 16.187 10.0 66.05 0
061145 16.187 10.0 66.05 0
061216 16.187 10.0 65.987 0
061246 16.187 10.0 65.987 0
061317 16.187 10.0 65.925 0
061347 16.187 10.0 65.925 0
061417 16.187 10.0 65.925 0
061448 16.187 10.0 65.862 0
061519 16.187 10.0 65.862 0
061549 16.187 10.0 65.862 0
061619 16.187 10.0 65.8 0
061650 16.187 10.0 65.8 0
061720 16.187 10.0 65.8 0
061751 16.187 10.0 65.737 0
061821 16.187 10.0 65.737 0
061851 16.187 10.0 65.737 0
061922 16.187 10.0 65.675 0
061952 16.187 10.0 65.675 0
062022 16.187 10.0 65.612 0
062052 16.187 10.0 65.612 0
062123 16.187 10.0 65.55 0
062154 16.187 10.0 65.55 0
062224 16.187 10.0 65.487 0
062254 16.187 10.0 65.487 0
062325 16.187 10.0 65.487 0
062356 16.187 10.0 65.425 0
062426 16.187 10.0 65.425 0
062457 16.187 10.0 65.362 0
062527 16.187 10.0 65.362 0
062557 16.187 10.0 65.362 0
062628 16.187 10.0 65.3 0
062658 16.187 10.0 65.3 0
062728 16.187 10.0 65.237 0
062759 16.187 10.0 65.237 0
062829 16.187 10.0 65.237 0
062859 16.187 10.0 65.175 0
062930 16.187 10.0 65.175 0
063000 16.187 10.0 65.175 0
063030 16.187 10.0 65.112 0
063100 16.187 10.0 65.112 0
063131 16.187 10.0 65.05 0
063202 16.187 10.0 65.05 0
063232 16.187 10.0 65.05 0
063302 16.187 10.0 64.987 0
063332 16.187 10.0 64.987 0
063402 16.187 10.0 64.987 0
063433 16.187 10.0 64.987 0
063503 16.187 10.0 64.987 0
063534 16.187 10.0 65.05 0
063604 16.125 10.0 65.05 0
063635 16.125 10.0 65.112 0
063706 16.125 10.0 65.112 0
063736 16.125 10.0 65.112 0
063806 16.125 10.0 65.112 0
063836 16.125 10.0 65.112 0
063907 16.125 10.0 65.112 0
063938 16.125 10.0 65.112 0
064008 16.125 10.0 65.112 0
064038 16.125 10.0 65.112 0
064109 16.125 10.0 65.112 0
064139 16.125 10.0 65.05 0
064210 16.125 10.0 65.05 0
064240 16.125 10.0 65.05 0
064310 16.125 10.0 65.05 0
064341 16.125 10.0 65.05 0
064411 16.125 10.0 64.987 0
064441 16.125 10.0 64.987 0
064512 16.125 10.0 64.987 0
064545 16.125 10.0 64.987 0
064616 16.125 10.0 64.925 0
064646 16.125 10.0 64.925 0
064716 16.125 10.0 64.925 0
064747 16.125 10.0 64.862 0
064817 16.125 10.0 64.862 0
064848 16.125 10.0 64.8 0
064919 16.125 10.0 64.8 0
064949 16.125 10.0 64.8 0
065019 16.125 10.0 64.8 0
065050 16.125 10.0 64.737 0
065120 16.125 10.0 64.737 0
065151 16.125 10.0 64.675 0
065222 16.125 10.0 64.675 0
065252 16.125 10.0 64.675 0
065322 16.125 10.0 64.612 0
065352 16.125 10.0 64.612 0
065423 16.125 10.0 64.612 0
065453 16.125 10.0 64.55 0
065524 16.125 10.0 64.55 0
065554 16.125 10.0 64.55 0
065624 16.125 10.0 64.487 0
065654 16.125 10.0 64.487 0
065725 16.125 10.0 64.487 0
065756 16.125 10.0 64.425 0
065826 16.125 10.0 64.425 0
065856 16.125 10.0 64.425 0
065927 16.125 10.0 64.362 0
065958 16.125 10.0 64.362 0
070028 16.125 10.0 64.362 0
070059 16.125 10.0 64.3 0
070129 16.125 10.0 64.3 0
070159 16.125 10.0 64.3 0
070230 16.125 10.0 64.237 0
070301 16.125 10.0 64.237 0
070331 16.125 10.0 64.175 0
070401 16.125 10.0 64.175 0
070432 16.125 10.0 64.175 0
070502 16.125 10.0 64.112 0
070533 16.125 10.0 64.112 0
070603 16.125 10.0 64.05 0
070634 16.125 10.0 64.05 0
070705 16.125 10.0 64.05 0
070735 16.125 10.0 63.987 0
070805 16.125 10.0 63.987 0
070836 16.125 10.0 63.987 0
070907 16.125 10.0 63.925 0
070938 16.125 10.0 63.925 0
071008 16.125 10.0 63.862 0
071038 16.125 10.0 63.862 0
071109 16.062 10.0 63.8 0
071139 16.062 10.0 63.8 0
071210 16.062 10.0 63.737 0
071240 16.062 10.0 63.675 0
071310 16.062 10.0 63.675 0
071340 16.125 10.0 63.675 0
071410 16.125 10.0 63.612 0
071440 16.125 10.0 63.612 0
071510 16.125 10.0 63.55 0
071541 16.125 10.0 63.55 0
071611 16.125 10.0 63.55 0
071642 16.125 10.0 63.487 0
071712 16.125 10.0 63.487 0
071743 16.125 10.0 63.425 0
071813 16.125 10.0 63.425 0
071843 16.125 10.0 63.362 0
071914 16.125 10.0 63.362 0
071945 16.125 10.0 63.362 0
072015 16.125 10.0 63.3 0
072046 16.125 10.0 63.3 0
072116 16.062 10.0 63.237 0
072147 16.062 10.0 63.237 0
072217 16.062 10.0 63.237 0
072247 16.062 10.0 63.175 0
072317 16.062 10.0 63.175 0
072348 16.125 10.0 63.112 0
072418 16.125 10.0 63.112 0
072448 16.125 10.0 63.05 0
072518 16.125 10.0 63.05 0
072549 16.125 10.0 63.05 0
072619 16.187 10.0 62.987 0
072650 16.187 10.0 62.987 0
072720 16.187 10.0 62.925 0
072751 16.187 10.0 62.925 0
072824 16.187 10.0 62.862 0
072854 16.187 10.0 62.862 0
072925 16.187 10.0 62.8 0
072955 16.187 10.0 62.8 0
073026 16.187 10.0 62.8 0
073056 16.187 10.0 62.737 0
073127 16.187 10.0 62.737 0
073157 16.187 10.0 62.675 0
073228 16.187 10.0 62.675 0
073258 16.187 10.0 62.612 0
073328 16.187 10.0 62.612 0
073359 16.187 10.0 62.55 0
073429 16.187 10.0 62.487 0
073459 16.187 10.0 62.425 0
073530 16.187 10.0 62.425 0
073600 16.187 10.0 62.425 0
073631 16.187 10.0 62.362 0
073701 16.187 10.0 62.362 0
073731 16.187 10.0 62.362 0
073802 16.187 10.0 62.362 0
073832 16.187 10.0 62.362 0
073903 16.187 10.0 62.362 0
073933 16.187 10.0 62.362 0
074004 16.187 10.0 62.362 0
074035 16.187 10.0 62.362 0
074105 16.187 10.0 62.3 0
074136 16.187 10.0 62.3 0
074206 16.187 10.0 62.3 0
074237 16.187 10.0 62.3 0
074308 16.187 10.0 62.237 0
074338 16.187 10.0 62.237 0
074409 16.187 10.0 62.237 0
074439 16.187 10.0 62.175 0
074510 16.187 10.0 62.175 0
074540 16.187 10.0 62.175 0
074610 16.187 10.0 62.175 0
074641 16.187 10.0 62.112 0
074711 16.187 10.0 62.112 0
074741 16.187 10.0 62.112 0
074811 16.187 10.0 62.05 0
074841 16.187 10.0 62.05 0
074912 16.187 10.0 62.05 0
074943 16.187 10.0 61.987 0
075013 16.187 10.0 61.987 0
075043 16.187 10.0 61.925 0
075114 16.187 10.0 61.925 0
075145 16.187 10.0 61.925 0
075215 16.187 10.0 61.862 0
075246 16.187 10.0 61.862 0
075316 16.187 10.0 61.862 0
075347 16.187 10.0 61.8 0
075417 16.187 10.0 61.8 0
075447 16.187 10.0 61.8 0
075518 16.187 10.0 61.737 0
075548 16.187 10.0 61.737 0
075618 16.187 10.0 61.675 0
075649 16.187 10.0 61.675 0
075719 16.187 10.0 61.612 0
075750 16.187 10.0 61.55 0
075821 16.187 10.0 61.55 0
075851 16.187 10.0 61.487 0
075922 16.187 10.0 61.425 0
075953 16.187 10.0 61.425 0
080023 16.187 10.0 61.362 0
080053 16.187 10.0 61.362 0
080124 16.187 10.0 61.3 0
080154 16.187 10.0 61.3 0
080224 16.187 10.0 61.3 0
080255 16.187 10.0 61.237 0
080325 16.187 10.0 61.237 0
080355 16.125 10.0 61.175 0
080426 16.125 10.0 61.175 0
080456 16.125 10.0 61.175 0
080526 16.125 10.0 61.112 0
080556 16.125 10.0 61.112 0
080627 16.125 10.0 61.05 0
080657 16.125 10.0 61.05 0
080727 16.125 10.0 60.987 0
080758 16.125 10.0 60.987 0
080828 16.125 10.0 60.925 0
080858 16.125 10.0 60.925 0
080929 16.125 10.0 60.925 0
081000 16.125 10.0 60.862 0
081030 16.125 10.0 60.862 0
081102 16.125 10.0 60.8 0
081133 16.125 10.0 60.8 0
081204 16.125 10.0 60.737 0
081234 16.125 10.0 60.737 0
081304 16.125 10.0 60.675 0
081334 16.062 10.0 60.675 0
081404 16.062 10.0 60.675 0
081435 16.062 10.0 60.612 0
081506 16.062 10.0 60.612 0
081536 16.062 10.0 60.55 0
081606 16.062 10.0 60.55 0
081637 16.062 10.0 60.487 0
081707 16.062 10.0 60.487 0
081738 16.062 10.0 60.425 0
081809 16.062 10.0 60.425 0
081839 16.062 10.0 60.425 0
081909 16.062 10.0 60.362 0
081940 16.062 10.0 60.362 0
082010 16.062 10.0 60.3 0
082040 16.062 10.0 60.237 0
082111 16.062 10.0 60.175 0
082141 16.062 10.0 60.112 0
082212 16.062 10.0 60.05 0
082242 16.062 10.0 60.05 0
082312 16.062 10.0 59.987 0
082343 16.062 10.0 59.987 0
082413 16.062 10.0 59.925 0
082444 16.062 10.0 59.862 0
082514 16.062 10.0 59.862 0
082544 16.062 10.0 59.8 0
082615 16.0 10.0 59.8 0
082645 16.0 10.0 59.737 0
082715 16.0 10.0 59.737 0
082746 16.0 10.0 59.737 0
082816 16.0 10.0 59.675 0
082846 16.0 10.0 59.675 0
082916 16.0 10.0 59.612 0
082947 16.0 10.0 59.612 0
083017 16.0 10.0 59.55 0
083047 16.0 10.0 59.55 0
083118 16.0 10.0 59.487 0
083148 16.0 10.0 59.487 0
083219 16.0 10.0 59.425 0
083249 16.0 10.0 59.425 0
083319 16.0 10.0 59.362 0
083350 16.0 10.0 59.362 0
083420 16.0 10.0 59.3 0
083450 16.0 10.0 59.3 0
083520 16.0 10.0 59.3 0
083550 16.0 10.0 59.237 0
083620 16.0 10.0 59.237 0
083651 16.0 10.0 59.175 0
083721 16.0 10.0 59.175 0
083752 16.0 10.0 59.175 0
083822 16.0 10.0 59.175 0
083852 16.0 10.0 59.175 0
083923 16.0 10.0 59.175 0
083953 16.0 10.0 59.175 0
084024 16.0 10.0 59.175 0
084055 16.0 10.0 59.175 0
084125 16.0 10.0 59.112 0
084155 16.0 10.0 59.112 0
084226 16.0 10.0 59.112 0
084256 16.0 10.0 59.05 0
084327 16.0 10.0 59.05 0
084357 16.0 10.0 58.987 0
084428 16.0 10.0 58.925 0
084458 16.0 10.0 58.925 0
084528 16.0 10.0 58.862 0
084559 16.0 10.0 58.862 0
084629 15.937 10.0 58.8 0
084700 15.937 10.0 58.8 0
084730 15.937 10.0 58.737 0
084800 15.937 10.0 58.737 0
084830 15.937 10.0 58.737 0
084901 16.0 10.0 58.675 0
084931 16.0 10.0 58.675 0
085002 16.0 10.0 58.612 0
085032 16.0 10.0 58.612 0
085103 16.0 10.0 58.55 0
085133 15.937 10.0 58.55 0
085204 15.937 10.0 58.487 0
085234 15.937 10.0 58.487 0
085304 15.937 10.0 58.487 0
085334 15.937 10.0 58.425 0
085405 15.937 10.0 58.425 0
085436 15.937 10.0 58.362 0
085506 15.937 10.0 58.362 0
085537 15.937 10.0 58.362 0
085610 15.937 10.0 58.3 0
085640 15.937 10.0 58.3 0
085710 15.937 10.0 58.237 0
085741 15.937 10.0 58.237 0
085812 15.937 10.0 58.237 0
085842 15.937 10.0 58.175 0
085912 15.937 10.0 58.175 0
085943 15.937 10.0 58.112 0
090013 15.937 10.0 58.112 0
090043 15.937 10.0 58.05 0
090113 15.937 10.0 58.05 0
090144 15.937 10.0 58.05 0
090215 15.937 10.0 57.987 0
090245 15.937 10.0 57.987 0
090316 15.937 10.0 57.925 0
090346 15.937 10.0 57.925 0
090416 15.937 10.0 57.925 0
090447 15.937 10.0 57.862 0
090518 15.937 10.0 57.8 0
090548 15.937 10.0 57.737 0
090619 15.937 10.0 57.675 0
090649 15.937 10.0 57.612 0
090719 15.937 10.0 57.55 0
090750 15.937 10.0 57.487 0
090820 15.937 10.0 57.487 0
090851 15.937 10.0 57.487 0
090921 15.937 10.0 57.425 0
090952 15.937 10.0 57.362 0
091022 15.937 10.0 57.362 0
091052 15.937 10.0 57.362 0
091122 15.937 10.0 57.3 0
091153 15.937 10.0 57.3 0
091223 15.937 10.0 57.237 0
091254 15.937 10.0 57.237 0
091324 15.937 10.0 57.175 0
091354 15.875 10.0 57.175 0
091425 15.875 10.0 57.112 0
091455 15.875 10.0 57.112 0
091525 15.875 10.0 57.05 0
091556 15.875 10.0 57.05 0
091626 15.937 10.0 57.05 0
091656 15.937 10.0 56.987 0
091726 15.937 10.0 56.987 0
091756 15.937 10.0 56.925 0
091827 15.937 10.0 56.925 0
091857 15.875 10.0 56.925 0
091927 15.875 10.0 56.862 0
091957 15.875 10.0 56.862 0
092028 15.875 10.0 56.862 0
092059 15.875 10.0 56.862 0
092129 15.875 10.0 56.925 0
092159 15.875 10.0 56.987 0
092230 15.875 10.0 57.237 0
092300 15.875 10.0 57.612 0
092331 15.875 10.0 58.175 0
092401 15.875 10.0 59.05 0
092431 15.875 10.0 59.987 0
092502 15.875 10.0 61.05 0
092532 15.875 10.0 61.987 0
092603 15.875 10.0 63.05 0
092633 15.875 10.0 63.8 0
092703 15.875 10.0 64.425 0
092734 15.875 10.0 64.862 0
092804 15.875 10.0 65.112 0
092835 15.875 10.0 65.3 0
092905 15.875 10.0 65.487 0
092935 15.875 10.0 65.612 0
093006 15.875 10.0 65.675 0
093036 15.875 10.0 65.737 0
093106 15.875 10.0 65.8 0
093136 15.875 10.0 65.8 0
093206 15.875 10.0 65.862 0
093236 15.875 10.0 65.925 0
093307 15.875 10.0 65.987 0
093337 15.875 10.0 66.05 0
093407 15.875 10.0 66.05 0
093438 15.875 10.0 66.112 0
093508 15.875 10.0 66.112 0
093538 15.875 10.0 66.175 0
093609 15.875 10.0 66.175 0
093639 15.875 10.0 66.237 0
093710 15.875 10.0 66.237 0
093740 15.875 10.0 66.3 0
093810 15.875 10.0 66.3 0
093841 15.875 10.0 66.3 0
093911 15.875 10.0 66.362 0
093942 15.875 10.0 66.362 0
094012 15.875 10.0 66.362 0
094042 15.875 10.0 66.362 0
094113 15.875 21.0 66.425 0
094143 15.875 21.0 66.425 50
094214 15.875 21.0 66.425 50
094245 15.875 21.0 66.425 50
094315 15.875 21.0 66.487 50
094345 15.875 21.0 66.487 50
094415 15.875 21.0 66.487 50
094445 15.875 21.0 66.425 50
094515 15.875 21.0 66.487 50
094545 15.875 21.0 66.425 50
094618 15.875 21.0 66.425 50
094649 15.875 21.0 66.425 50
094719 15.875 21.0 66.425 50
094749 15.875 21.0 66.362 50
094820 15.875 21.0 66.3 50
094850 15.937 21.0 66.3 50
094920 15.937 21.0 66.237 50
094950 15.937 21.0 66.175 50
095020 15.937 21.0 65.925 50
095051 15.937 21.0 65.175 50
095121 16.062 21.0 63.05 50
095151 16.062 21.0 59.675 0
095222 16.062 21.0 55.987 0
095252 16.062 21.0 53.675 0
095322 16.062 21.0 52.362 0
095353 16.187 21.0 51.425 0
095423 16.187 21.0 50.925 0
095454 16.187 21.0 50.612 0
095524 16.187 21.0 50.425 0
095555 16.187 21.0 50.237 0
095626 16.312 21.0 50.175 0
095656 16.312 21.0 50.112 0
095727 16.312 21.0 49.925 0
095757 16.312 21.0 49.862 0
095828 16.312 21.0 49.8 0
095858 16.375 21.0 49.8 0
095929 16.375 21.0 49.987 0
095959 16.375 21.0 50.3 0
100030 16.375 21.0 50.862 0
100100 16.375 21.0 51.487 0
100130 16.437 21.0 52.175 0
100200 16.437 21.0 53.112 0
100231 16.437 21.0 54.05 0
100302 16.437 21.0 55.175 0
100332 16.437 21.0 56.487 0
100402 16.437 21.0 57.737 0
100433 16.437 21.0 58.987 0
100503 16.437 21.0 60.112 50
100534 16.437 21.0 61.237 50
100604 16.437 21.0 62.487 50
100635 16.437 21.0 63.425 50
100705 16.437 21.0 64.175 50
100735 16.437 21.0 64.675 50
100806 16.437 21.0 65.05 50
100836 16.437 21.0 65.3 50
100906 16.437 21.0 65.487 50
100937 16.437 21.0 65.612 50
101007 16.437 21.0 65.675 50
101037 16.437 21.0 65.8 50
101107 16.437 21.0 65.8 50
101137 16.437 21.0 65.862 50
101207 16.437 21.0 65.8 50
101238 16.437 21.0 65.737 50
101308 16.437 21.0 65.55 50
101338 16.437 21.0 65.175 50
101409 16.5 21.0 63.8 50
101439 16.5 21.0 61.362 50
101510 16.5 21.0 58.175 0
101540 16.5 21.0 55.362 0
101610 16.5 21.0 53.175 0
101640 16.625 21.0 51.487 0
101711 16.625 21.0 50.237 0
101741 16.625 21.0 49.425 0
101812 16.625 21.0 48.925 0
101842 16.625 21.0 48.737 0
101912 16.687 21.0 48.925 0
101942 16.687 21.0 49.425 0
102013 16.687 21.0 50.112 0
102043 16.687 21.0 51.05 0
102113 16.687 21.0 51.987 0
102143 16.812 21.0 52.8 0
102214 16.812 21.0 53.8 0
102244 16.812 21.0 54.737 0
102314 16.812 21.0 55.612 0
102345 16.812 21.0 56.55 0
102415 16.812 21.0 57.487 0
102446 16.812 21.0 58.362 0
102516 16.812 21.0 59.237 0
102546 16.812 21.0 60.112 50
102616 16.812 21.0 60.987 50
102646 16.875 21.0 61.862 50
102717 16.875 21.0 62.612 50
102747 16.875 21.0 63.175 50
102818 16.875 21.0 63.55 50
102849 16.875 21.0 63.862 50
102920 17.125 21.0 63.987 50
102950 17.125 21.0 64.175 50
103021 17.125 21.0 64.237 50
103051 17.125 21.0 64.362 50
103121 17.125 21.0 64.425 50
103152 17.437 21.0 64.425 50
103223 17.437 21.0 64.487 50
103253 17.437 21.0 64.487 50
103323 17.437 21.0 64.487 50
103353 17.437 21.0 64.425 50
103423 17.812 21.0 64.362 50
103454 17.812 21.0 64.237 50
103524 17.812 21.0 64.05 50
103554 17.812 21.0 63.737 50
103627 18.062 21.0 63.175 50
103657 18.062 21.0 62.3 50
103727 18.062 21.0 61.3 50
103757 18.062 21.0 60.05 50
103827 18.062 21.0 58.737 0
103858 18.312 21.0 57.8 0
103929 18.312 21.0 57.175 0
103959 18.312 21.0 56.8 0
104029 18.312 21.0 56.612 0
104059 18.312 21.0 56.425 0
104129 18.375 21.0 56.3 50
104200 18.375 21.0 55.862 50
104230 18.375 21.0 55.05 50
104301 18.375 21.0 54.487 50
104331 18.375 21.0 54.425 50
104401 18.5 21.0 54.675 50
104431 18.5 21.0 55.05 50
104501 18.5 21.0 55.737 50
104532 18.5 21.0 56.362 50
104602 18.5 21.0 57.05 50
104632 18.562 21.0 57.737 50
104703 18.562 21.0 58.487 50
104733 18.562 21.0 59.112 50
104803 18.562 21.0 59.737 50
104833 18.562 21.0 60.487 50
104903 18.625 21.0 61.175 50
104933 18.625 21.0 61.862 50
105003 18.625 21.0 62.362 50
105034 18.625 21.0 62.737 50
105104 18.625 21.0 63.05 50
105135 18.625 21.0 63.237 50
105205 18.625 21.0 63.362 50
105235 18.625 21.0 63.487 50
105306 18.625 21.0 63.55 50
105336 18.625 21.0 63.612 50
105406 18.75 21.0 63.675 50
105437 18.75 21.0 63.675 50
105507 18.75 21.0 63.675 50
105538 18.75 21.0 63.675 50
105608 18.75 21.0 63.612 50
105639 18.812 21.0 63.55 50
105709 18.812 21.0 63.425 50
105740 18.812 21.0 63.237 50
105810 18.812 21.0 63.05 50
105840 18.812 21.0 62.675 50
105911 18.937 21.0 62.175 50
105941 18.937 21.0 61.487 50
110011 18.937 21.0 60.737 50
110041 18.937 21.0 59.925 50
110111 18.937 21.0 58.987 50
110141 19.0 21.0 58.05 50
110212 19.0 21.0 57.237 50
110242 19.0 21.0 56.425 50
110313 19.0 21.0 55.737 50
110343 19.0 21.0 55.175 50
110413 19.125 21.0 54.737 50
110443 19.125 21.0 54.362 50
110513 19.125 21.0 54.237 50
110543 19.125 21.0 54.362 50
110614 19.125 21.0 54.675 50
110644 19.187 21.0 55.3 50
110714 19.187 21.0 55.862 50
110744 19.187 21.0 56.487 50
110815 19.187 21.0 57.175 50
110845 19.187 21.0 57.862 50
110915 19.0 21.0 58.612 50
110945 19.0 21.0 59.362 50
111015 19.0 21.0 60.05 50
111046 19.0 21.0 60.8 50
111117 19.0 21.0 61.487 50
111147 18.937 21.0 62.175 50
111217 18.937 21.0 62.737 50
111247 18.937 21.0 63.112 50
111318 18.937 21.0 63.362 50
111348 18.937 21.0 63.55 50
111418 19.0 21.0 63.737 50
111449 19.0 21.0 63.8 50
111519 19.0 21.0 63.862 50
111550 19.0 21.0 63.925 50
111620 19.0 21.0 63.987 50
111650 19.0 21.0 63.925 50
111720 19.0 21.0 63.987 50
111751 19.0 21.0 63.987 50
111821 19.0 21.0 63.925 50
111851 19.0 21.0 63.862 50
111921 18.875 21.0 63.8 50
111952 18.875 21.0 63.737 50
112022 18.875 21.0 63.55 50
112052 18.875 21.0 63.3 50
112123 18.875 21.0 62.862 50
112153 19.062 21.0 62.3 50
112223 19.062 21.0 61.487 50
112254 19.062 21.0 60.55 50
112324 19.062 21.0 59.612 50
112354 19.062 21.0 58.612 50
112425 19.187 21.0 57.612 50
112455 19.187 21.0 56.737 50
112525 19.187 21.0 55.987 50
112556 19.187 21.0 55.3 50
112627 19.187 21.0 54.8 50
112657 19.125 21.0 54.362 50
112727 19.125 21.0 54.112 50
112757 19.125 21.0 54.05 50
112828 19.125 21.0 54.362 50
112858 19.125 21.0 54.737 50
112928 19.312 21.0 55.3 50
112958 19.312 21.0 55.925 50
113028 19.312 21.0 56.612 50
113059 19.312 21.0 57.3 50
113129 19.312 21.0 58.05 50
113200 19.5 21.0 58.8 50
113230 19.5 21.0 59.55 50
113300 19.5 21.0 60.362 50
113330 19.5 21.0 61.175 50
113401 19.5 21.0 61.987 50
113431 19.25 21.0 62.675 50
113501 19.25 21.0 63.175 50
113531 19.25 21.0 63.487 50
113601 19.25 21.0 63.737 50
113631 19.25 21.0 63.925 50
113702 19.312 21.0 64.05 50
113732 19.312 21.0 64.175 50
113802 19.312 21.0 64.237 50
113832 19.312 21.0 64.3 50
113904 19.5 21.0 64.3 50
113935 19.5 21.0 64.362 50
114005 19.5 21.0 64.3 50
114035 19.5 21.0 64.237 50
114105 19.5 21.0 64.237 50
114135 19.312 21.0 64.112 50
114206 19.312 21.0 64.05 50
114236 19.312 21.0 63.925 50
114307 19.312 21.0 63.675 50
114337 19.312 21.0 63.175 50
114407 19.375 21.0 62.55 50
114437 19.375 21.0 61.8 50
114507 19.375 21.0 60.862 50
114538 19.375 21.0 59.862 50
114608 19.375 21.0 58.862 50
114638 19.5 21.0 57.862 50
114708 19.5 21.0 56.925 50
114739 19.5 21.0 56.112 50
114809 19.5 21.0 55.425 50
114840 19.5 21.0 54.862 50
114910 19.437 21.0 54.487 50
114941 19.437 21.0 54.3 50
115011 19.437 21.0 54.175 50
115041 19.437 21.0 54.237 50
115112 19.437 21.0 54.487 50
115142 19.5 21.0 55.05 50
115212 19.5 21.0 55.675 50
115242 19.5 21.0 56.362 50
115313 19.5 21.0 57.05 50
115343 19.5 21.0 57.862 50
115413 19.562 21.0 58.737 50
115443 19.562 21.0 59.55 50
115513 19.562 21.0 60.362 50
115543 19.562 21.0 61.3 50
115614 19.562 21.0 62.112 50
115644 19.5 21.0 62.737 50
115715 19.5 21.0 63.3 50
115745 19.5 21.0 63.675 50
115815 19.5 21.0 63.862 50
115846 19.5 21.0 64.05 50
115916 19.437 21.0 64.237 50
115947 19.437 21.0 64.3 50
120017 19.437 21.0 64.425 50
120047 19.437 21.0 64.487 50
120117 19.437 21.0 64.487 50
120147 19.562 21.0 64.55 50
120217 19.562 21.0 64.55 50
120248 19.562 21.0 64.55 50
120318 19.562 21.0 64.487 50
120348 19.562 21.0 64.425 50
120419 19.562 21.0 64.362 50
120449 19.562 21.0 64.237 50
120519 19.562 21.0 63.987 50
120550 19.562 21.0 63.55 50
120620 19.562 21.0 62.675 50
120650 19.5 21.0 61.55 50
120721 19.5 21.0 60.362 50
120751 19.5 21.0 59.237 50
120821 19.5 21.0 58.175 50
120851 19.5 21.0 57.237 50
120922 19.75 21.0 56.425 50
120952 19.75 21.0 55.55 50
121022 19.75 21.0 54.925 50
121053 19.75 21.0 54.487 50
121123 19.75 21.0 54.112 50
121153 19.812 21.0 53.862 0
121223 19.812 21.0 53.862 0
121254 19.812 21.0 54.237 50
121324 19.812 21.0 54.737 50
121354 19.812 21.0 55.362 50
121424 19.687 21.0 56.175 50
121454 19.687 21.0 57.112 50
121524 19.687 21.0 58.112 50
121554 19.687 21.0 59.05 50
121625 19.687 21.0 59.862 50
121655 19.75 21.0 60.675 50
121725 19.75 21.0 61.55 50
121755 19.75 21.0 62.237 50
121825 19.75 21.0 62.987 50
121855 19.75 21.0 63.425 50
121926 19.812 21.0 63.55 50
121956 19.812 21.0 63.8 50
122026 19.812 21.0 63.925 50
122057 19.812 21.0 64.05 50
122127 19.812 21.0 64.112 50
122157 19.687 21.0 64.237 50
122227 19.687 21.0 64.237 50
122257 19.687 21.0 64.3 50
122328 19.687 21.0 64.3 50
122358 19.687 21.0 64.3 50
122428 19.812 21.0 64.237 50
122459 19.812 21.0 64.237 50
122529 19.812 21.0 64.175 50
122559 19.812 21.0 64.05 50
122630 19.812 21.0 63.925 50
122700 19.937 21.0 63.675 50
122730 19.937 21.0 63.237 50
122801 19.937 21.0 62.675 50
122831 19.937 21.0 61.862 50
122901 19.937 21.0 60.925 50
122932 19.875 21.0 59.862 50
123002 19.875 21.0 58.925 50
123032 19.875 21.0 57.8 50
123102 19.875 21.0 56.8 50
123133 19.875 21.0 55.862 50
123203 20.062 21.0 55.175 50
123233 20.062 21.0 54.612 50
123303 20.062 21.0 54.237 50
123333 20.062 21.0 53.987 0
123404 20.062 21.0 53.925 0
123434 20.312 21.0 53.925 0
123505 20.312 21.0 54.112 50
123535 20.312 21.0 54.55 50
123605 20.312 21.0 55.237 50
123635 20.312 21.0 55.925 50
123705 20.125 21.0 56.612 50
123735 20.125 21.0 57.362 50
123806 20.125 21.0 58.112 50
123836 20.125 21.0 58.925 50
123906 20.125 21.0 59.737 50
123937 20.187 21.0 60.612 50
124007 20.187 21.0 61.362 50
124037 20.187 21.0 62.112 50
124107 20.187 21.0 62.737 50
124137 20.187 21.0 63.175 50
124208 20.375 21.0 63.487 50
124238 20.375 21.0 63.737 50
124308 20.375 21.0 63.675 50
124339 20.375 21.0 63.737 50
124409 20.375 21.0 63.862 50
124439 20.25 21.0 63.925 50
124509 20.25 21.0 63.987 50
124540 20.25 21.0 63.987 50
124610 20.25 21.0 63.987 50
124640 20.25 21.0 63.987 50
124710 20.25 21.0 63.925 50
124740 20.25 21.0 63.862 50
124811 20.25 21.0 63.8 50
124841 20.25 21.0 63.675 50
124911 20.25 21.0 63.425 50
124942 20.562 21.0 63.112 50
125012 20.562 21.0 62.612 50
125042 20.562 21.0 61.925 50
125112 20.562 21.0 61.112 50
125142 20.562 21.0 60.175 50
125212 20.625 21.0 59.112 50
125242 20.625 21.0 58.175 50
125313 20.625 21.0 57.175 50
125343 20.625 21.0 56.3 50
125413 20.625 21.0 55.487 50
125443 20.5 21.0 54.8 50
125513 20.5 21.0 54.237 50
125544 20.5 21.0 53.862 0
125614 20.5 21.0 53.675 0
125647 20.812 21.0 53.612 0
125718 20.812 21.0 53.8 0
125748 20.812 21.0 54.175 50
125818 20.812 21.0 54.862 50
125849 20.812 21.0 55.8 50
125919 20.75 21.0 56.675 50
125950 20.75 21.0 57.425 50
130020 20.75 21.0 58.3 50
130050 20.75 21.0 59.237 50
130121 20.75 21.0 60.05 50
130151 20.562 21.0 60.862 50
130222 20.562 21.0 61.737 50
130252 20.562 21.0 62.425 50
130323 20.562 21.0 62.987 50
130353 20.562 21.0 63.362 50
130423 20.75 21.0 63.612 50
130453 20.75 21.0 63.8 50
130524 20.75 21.0 63.987 50
130554 20.75 21.0 64.05 50
130625 20.75 21.0 64.175 50
130655 20.812 21.0 64.237 50
130726 20.812 21.0 64.237 50
130756 20.812 21.0 64.425 50
130826 20.812 21.0 64.487 50
130857 20.812 21.0 64.425 50
130927 20.625 21.0 64.487 50
130957 20.625 21.0 64.425 50
131027 20.625 21.0 64.362 50
131057 20.625 21.0 64.237 50
131127 20.625 21.0 63.987 50
131158 20.875 21.0 63.675 50
131228 20.875 21.0 63.175 50
131258 20.875 21.0 62.487 50
131328 20.875 21.0 61.425 50
131358 20.875 21.0 60.112 50
131429 21.062 21.0 58.675 0
131459 21.062 21.0 57.55 0
131529 21.062 21.0 56.737 0
131600 21.062 21.0 56.237 0
131630 21.062 21.0 55.862 0
131701 20.75 21.0 55.675 0
131731 20.75 21.0 55.55 0
131802 20.75 21.0 55.487 0
131832 20.75 21.0 55.425 0
131903 20.75 21.0 55.55 0
131933 20.937 21.0 55.862 0
132004 20.937 21.0 56.487 0
132035 20.937 21.0 57.362 0
132106 20.937 21.0 58.237 0
132136 20.937 21.0 59.3 0
132206 21.062 21.0 60.362 0
132237 21.062 21.0 61.612 0
132308 21.062 21.0 62.737 0
132339 21.062 21.0 63.737 0
132409 21.062 21.0 64.487 0
132439 20.812 21.0 65.05 50
132510 20.812 21.0 65.55 50
132541 20.812 21.0 65.862 50
132611 20.812 21.0 65.987 50
132641 20.812 21.0 66.05 50
132712 20.75 21.0 66.112 50
132742 20.75 21.0 66.175 50
132812 20.75 21.0 66.425 50
132843 20.75 21.0 66.487 50
132913 20.75 21.0 66.55 50
132943 20.812 21.0 66.487 50
133014 20.812 21.0 66.362 50
133044 20.812 21.0 66.362 50
133115 20.812 21.0 66.362 50
133146 20.812 21.0 66.425 50
133216 20.75 21.0 66.362 50
133246 20.75 21.0 66.487 50
133316 20.75 21.0 66.487 50
133346 20.75 21.0 66.487 50
133417 20.75 21.0 66.425 50
133447 20.812 21.0 66.237 50
133517 20.812 21.0 65.55 50
133547 20.812 21.0 63.987 50
133618 20.812 21.0 61.925 50
133648 20.812 21.0 59.8 0
133719 21.062 21.0 57.925 0
133749 21.062 21.0 56.612 0
133819 21.062 21.0 55.8 0
133850 21.062 21.0 55.3 0
133920 21.062 21.0 54.987 0
133951 21.0 21.0 54.8 0
134021 21.0 21.0 54.675 0
134051 21.0 21.0 54.612 0
134121 21.0 21.0 54.612 0
134151 21.0 21.0 54.8 0
134221 20.937 21.0 55.112 0
134252 20.937 21.0 55.612 0
134323 20.937 21.0 56.362 0
134353 20.937 21.0 57.237 0
134425 21.187 21.0 58.237 0
134456 21.187 21.0 59.55 0
134527 21.187 21.0 60.8 0
134557 21.187 21.0 61.925 0
134628 21.187 21.0 63.05 0
134658 21.062 21.0 63.987 0
134728 21.062 21.0 64.675 0
134759 21.062 21.0 65.3 0
134829 21.062 21.0 65.737 0
134900 21.062 21.0 66.112 0
134930 20.875 21.0 66.425 50
135000 20.875 21.0 66.612 50
135031 20.875 21.0 66.8 50
135101 20.875 21.0 66.987 50
135131 20.875 21.0 67.112 50
135201 21.125 21.0 67.175 0
135231 21.125 21.0 67.237 0
135302 21.125 21.0 67.3 0
135333 21.125 21.0 67.362 0
135403 21.125 21.0 67.362 0
135434 21.125 21.0 67.425 0
135505 21.125 21.0 67.425 0
135535 21.125 21.0 67.425 0
135606 21.125 21.0 67.487 0
135636 21.125 21.0 67.487 0
135706 20.875 21.0 67.487 50
135736 20.875 21.0 67.487 50
135806 20.875 21.0 67.55 50
135837 20.875 21.0 67.55 50
135907 20.875 21.0 67.55 50
135938 20.937 21.0 67.55 50
140009 20.937 21.0 67.55 50
140040 20.937 21.0 67.55 50
140110 20.937 21.0 67.487 50
140141 20.937 21.0 67.487 50
140211 21.062 21.0 67.425 0
140241 21.062 21.0 67.362 0
140312 21.062 21.0 67.362 0
140342 21.062 21.0 67.3 0
140413 21.062 21.0 67.3 0
140443 20.875 21.0 67.237 50
140514 20.875 21.0 67.175 50
140544 20.875 21.0 67.112 50
140614 20.875 21.0 66.925 50
140644 20.875 21.0 66.55 50
140715 21.125 21.0 65.925 0
140745 21.125 21.0 65.3 0
140816 21.125 21.0 64.925 0
140846 21.125 21.0 64.612 0
140917 21.125 21.0 64.425 0
140947 21.312 21.0 64.3 0
141018 21.312 21.0 64.175 0
141048 21.312 21.0 64.112 0
141118 21.312 21.0 63.987 0
141149 21.312 21.0 63.8 0
141219 21.062 21.0 63.675 0
141249 21.062 21.0 63.55 0
141320 21.062 21.0 63.487 0
141350 21.062 21.0 63.425 0
141421 21.062 21.0 63.362 0
141452 21.125 21.0 63.3 0
141522 21.125 21.0 63.237 0
141553 21.125 21.0 63.175 0
141623 21.125 21.0 63.112 0
141654 21.125 21.0 63.05 0
141724 21.312 21.0 62.987 0
141754 21.312 21.0 62.925 0
141824 21.312 21.0 62.862 0
141855 21.312 21.0 62.8 0
141926 21.312 21.0 62.737 0
141956 21.125 21.0 62.675 0
142027 21.125 21.0 62.612 0
142058 21.125 21.0 62.55 0
142128 21.125 21.0 62.487 0
142201 20.937 21.0 62.487 0
142231 20.937 21.0 62.3 50
142302 20.937 21.0 61.8 50
142332 20.937 21.0 60.862 50
142402 20.937 21.0 59.612 0
142432 20.937 21.0 58.425 0
142502 20.937 21.0 57.3 0
142532 20.937 21.0 56.175 0
142603 20.937 21.0 55.05 0
142633 20.937 21.0 54.237 0
142704 20.937 21.0 53.675 0
142735 20.937 21.0 53.3 0
142806 20.937 21.0 53.112 0
142836 20.937 21.0 52.925 0
142906 20.937 21.0 52.862 0
142936 20.812 21.0 52.8 0
143007 20.812 21.0 52.737 0
143037 20.812 21.0 52.737 0
143107 20.812 21.0 52.8 0
143138 20.812 21.0 52.987 0
143208 20.75 21.0 53.425 0
143239 20.75 21.0 54.112 0
143310 20.75 21.0 54.925 0
143340 20.75 21.0 55.925 0
143411 20.75 21.0 56.925 0
143441 20.562 21.0 57.987 0
143511 20.562 21.0 59.112 0
143542 20.562 21.0 60.237 50
143612 20.562 21.0 61.362 50
143643 20.562 21.0 62.487 50
143713 20.437 21.0 63.425 50
143743 20.437 21.0 64.175 50
143813 20.437 21.0 64.737 50
143843 20.437 21.0 65.112 50
143914 20.437 21.0 65.362 50
143944 20.625 21.0 65.487 50
144014 20.625 21.0 65.612 50
144044 20.625 21.0 65.862 50
144115 20.625 21.0 65.8 50
144145 20.625 21.0 65.862 50
144216 20.812 21.0 65.862 50
144246 20.812 21.0 65.862 50
144317 20.812 21.0 65.862 50
144347 20.812 21.0 65.862 50
144417 20.812 21.0 65.8 50
144448 20.75 21.0 65.737 50
144518 20.75 21.0 65.675 50
144549 20.75 21.0 65.487 50
144619 20.75 21.0 64.8 50
144649 20.75 21.0 62.862 50
144720 21.187 21.0 60.05 0
144750 21.187 21.0 57.925 0
144821 21.187 21.0 56.487 0
144851 21.187 21.0 55.737 0
144921 21.187 21.0 55.175 0
144952 21.437 21.0 54.862 0
145022 21.437 21.0 54.675 0
145052 21.437 21.0 54.55 0
145122 21.437 21.0 54.487 0
145153 21.437 21.0 54.362 0
145224 21.25 21.0 54.362 0
145255 21.25 21.0 54.487 0
145325 21.25 21.0 54.8 0
145356 21.25 21.0 55.3 0
145426 21.25 21.0 55.925 0
145456 21.375 21.0 56.862 0
145526 21.375 21.0 57.925 0
145556 21.375 21.0 59.237 0
145627 21.375 21.0 60.425 0
145658 21.375 21.0 61.487 0
145728 21.5 21.0 62.487 0
145759 21.5 21.0 63.487 0
145830 21.5 21.0 64.3 0
145900 21.5 21.0 64.925 0
145930 21.5 21.0 65.362 0
150001 21.25 21.0 65.737 0
150031 21.25 21.0 66.05 0
150101 21.25 21.0 66.237 0
150132 21.25 21.0 66.425 0
150202 21.25 21.0 66.55 0
150233 21.187 21.0 66.675 0
150303 21.187 21.0 66.8 0
150333 21.187 21.0 66.925 0
150403 21.187 21.0 66.987 0
150433 21.187 21.0 67.05 0
150504 21.125 21.0 67.175 0
150535 21.125 21.0 67.237 0
150605 21.125 21.0 67.3 0
150635 21.125 21.0 67.362 0
150705 21.125 21.0 67.425 0
150735 21.0 21.0 67.487 0
150806 21.0 21.0 67.487 0
150836 21.0 21.0 67.55 0
150906 21.0 21.0 67.612 0
150939 20.75 21.0 67.675 50
151010 20.75 21.0 67.675 50
151040 20.75 21.0 67.737 50
151111 20.75 21.0 67.737 50
151141 20.75 21.0 67.8 50
151211 20.562 21.0 67.8 50
151242 20.562 21.0 67.862 50
151312 20.562 21.0 67.862 50
151342 20.562 21.0 67.862 50
151413 20.562 21.0 67.862 50
151443 20.562 21.0 68.05 50
151513 20.562 21.0 68.05 50
151544 20.562 21.0 68.112 50
151614 20.562 21.0 68.05 50
151644 20.562 21.0 68.05 50
151714 20.75 21.0 68.05 50
151744 20.75 21.0 67.987 50
151815 20.75 21.0 67.925 50
151845 20.75 21.0 67.8 50
151916 20.75 21.0 67.55 50
151946 21.062 21.0 66.925 0
152017 21.062 21.0 66.112 0
152047 21.062 21.0 65.55 0
152117 21.062 21.0 65.175 0
152147 21.062 21.0 64.925 0
152218 21.25 21.0 64.737 0
152248 21.25 21.0 64.612 0
152319 21.25 21.0 64.487 0
152349 21.25 21.0 64.362 0
152419 21.25 21.0 64.237 0
152450 21.187 21.0 64.175 0
152520 21.187 21.0 64.112 0
152551 21.187 21.0 63.987 0
152621 21.187 21.0 63.925 0
152651 21.187 21.0 63.862 0
152722 21.25 21.0 63.737 0
152752 21.25 21.0 63.675 0
152822 21.25 21.0 63.612 0
152852 21.25 21.0 63.55 0
152922 21.25 21.0 63.425 0
152952 21.312 21.0 63.362 0
153023 21.312 21.0 63.3 0
153053 21.312 21.0 63.237 0
153124 21.312 21.0 63.175 0
153154 21.312 21.0 63.05 0
153224 21.062 21.0 62.987 0
153255 21.062 21.0 62.925 0
153325 21.062 21.0 62.862 0
153356 21.062 21.0 62.737 0
153426 21.062 21.0 62.675 0
153457 20.937 21.0 62.612 50
153527 20.937 21.0 62.112 50
153557 20.937 21.0 60.925 50
153627 20.937 21.0 59.362 0
153658 20.937 21.0 57.612 0
153729 21.0 21.0 55.987 0
153759 21.0 21.0 54.55 0
153829 21.0 21.0 53.3 0
153900 21.0 21.0 52.675 0
153931 21.0 21.0 52.237 0
154001 20.812 21.0 51.987 0
154031 20.812 21.0 51.8 0
154102 20.812 21.0 51.675 0
154132 20.812 21.0 51.612 0
154202 20.812 21.0 51.612 0
154233 20.875 21.0 51.612 0
154303 20.875 21.0 51.8 0
154334 20.875 21.0 52.3 0
154404 20.875 21.0 52.987 0
154435 20.875 21.0 53.8 0
154505 20.75 21.0 54.737 0
154536 20.75 21.0 55.925 0
154607 20.75 21.0 57.112 0
154637 20.75 21.0 58.3 0
154708 20.75 21.0 59.362 0
154738 20.625 21.0 60.3 50
154808 20.625 21.0 61.3 50
154838 20.625 21.0 62.425 50
154908 20.625 21.0 63.362 50
154939 20.625 21.0 64.112 50
155009 20.562 21.0 64.612 50
155040 20.562 21.0 64.925 50
155110 20.562 21.0 65.175 50
155141 20.562 21.0 65.237 50
155211 20.562 21.0 65.425 50
155241 20.5 21.0 65.487 50
155312 20.5 21.0 65.425 50
155342 20.5 21.0 65.55 50
155413 20.5 21.0 65.55 50
155445 20.625 21.0 65.675 50
155516 20.625 21.0 65.737 50
155547 20.625 21.0 65.675 50
155618 20.625 21.0 65.675 50
155648 20.625 21.0 65.612 50
155719 20.75 21.0 65.55 50
155749 20.75 21.0 65.487 50
155819 20.75 21.0 65.3 50
155850 20.75 21.0 64.8 50
155920 20.75 21.0 63.362 50
155951 20.937 21.0 60.55 50
160021 20.937 21.0 57.487 0
160052 20.937 21.0 54.925 0
160122 20.937 21.0 53.112 0
160152 20.937 21.0 51.8 0
160223 21.125 21.0 50.8 0
160253 21.125 21.0 50.05 0
160324 21.125 21.0 49.55 0
160354 21.125 21.0 49.487 0
160425 21.125 21.0 49.862 0
160455 21.125 21.0 50.362 0
160526 21.125 21.0 50.925 0
160556 21.125 21.0 51.612 0
160626 21.125 21.0 52.487 0
160656 21.125 21.0 53.3 0
160727 21.062 21.0 54.237 0
160757 21.062 21.0 55.175 0
160827 21.062 21.0 56.05 0
160858 21.062 21.0 57.05 0
160929 21.062 21.0 57.862 0
161000 21.187 21.0 58.8 0
161030 21.187 21.0 59.55 0
161101 21.187 21.0 60.612 0
161131 21.187 21.0 61.487 0
161202 21.187 21.0 62.3 0
161232 21.062 21.0 62.987 0
161302 21.062 21.0 63.487 0
161333 21.062 21.0 63.675 0
161403 21.062 21.0 64.175 0
161434 21.062 21.0 64.425 0
161504 21.125 21.0 64.612 0
161534 21.125 21.0 64.737 0
161604 21.125 21.0 64.862 0
161634 21.125 21.0 64.987 0
161705 21.125 21.0 65.05 0
161736 21.187 21.0 65.112 0
161807 21.187 21.0 65.175 0
161837 21.187 21.0 65.175 0
161908 21.187 21.0 65.237 0
161939 21.187 21.0 65.3 0
162009 21.062 21.0 65.3 0
162040 21.062 21.0 65.3 0
162110 21.062 21.0 65.362 0
162140 21.062 21.0 65.362 0
162211 21.062 21.0 65.425 0
162242 21.0 21.0 65.425 0
162312 21.0 21.0 65.425 0
162343 21.0 21.0 65.425 0
162414 21.0 21.0 65.487 0
162444 21.0 21.0 65.487 0
162515 20.875 21.0 65.487 50
162545 20.875 21.0 65.487 50
162616 20.875 21.0 65.487 50
162646 20.875 21.0 65.487 50
162717 20.875 21.0 65.55 50
162747 20.75 21.0 65.55 50
162818 20.75 21.0 65.55 50
162848 20.75 21.0 65.55 50
162918 20.75 21.0 65.487 50
162950 20.875 21.0 65.487 50
163021 20.875 21.0 65.487 50
163051 20.875 21.0 65.425 50
163121 20.875 21.0 65.362 50
163152 20.875 21.0 65.3 50
163222 21.0 21.0 65.05 50
163252 21.0 21.0 64.987 50
163322 21.0 21.0 64.8 50
163352 21.0 21.0 64.3 50
163423 21.0 21.0 63.3 50
163453 21.062 21.0 61.8 0
163523 21.062 21.0 60.112 0
163554 21.062 21.0 58.987 0
163625 21.062 21.0 58.237 0
163656 21.062 21.0 57.8 0
163726 21.25 21.0 57.487 0
163757 21.25 21.0 57.237 0
163827 21.25 21.0 57.112 0
163858 21.25 21.0 56.925 0
163928 21.25 21.0 56.862 0
163959 21.437 21.0 56.862 0
164029 21.437 21.0 56.8 0
164059 21.437 21.0 56.737 0
164130 21.437 21.0 56.675 0
164200 21.437 21.0 56.55 0
164230 21.437 21.0 56.3 0
164301 21.437 21.0 56.112 0
164332 21.437 21.0 56.112 0
164402 21.437 21.0 56.3 0
164432 21.437 21.0 56.737 0
164502 21.312 21.0 57.487 0
164533 21.312 21.0 58.55 0
164604 21.312 21.0 59.737 0
164635 21.312 21.0 60.8 0
164705 21.312 21.0 61.987 0
164735 21.25 21.0 63.112 0
164805 21.25 21.0 63.987 0
164835 21.25 21.0 64.737 0
164906 21.25 21.0 65.237 0
164937 21.25 21.0 65.737 0
165007 21.312 21.0 66.05 0
165037 21.312 21.0 66.362 0
165108 21.312 21.0 66.55 0
165138 21.312 21.0 66.737 0
165209 21.312 21.0 66.862 0
165239 21.187 21.0 66.987 0
165310 21.187 21.0 67.112 0
165340 21.187 21.0 67.112 0
165410 21.187 21.0 67.3 0
165441 21.187 21.0 67.362 0
165511 21.062 21.0 67.425 0
165542 21.062 21.0 67.487 0
165612 21.062 21.0 67.487 0
165642 21.062 21.0 67.55 0
165712 21.062 21.0 67.55 0
165743 21.062 21.0 67.425 0
165813 21.062 21.0 67.487 0
165843 21.062 21.0 67.55 0
165914 21.062 21.0 67.362 0
165944 21.062 21.0 67.55 0
170015 20.875 21.0 67.612 50
170045 20.875 21.0 67.487 50
170116 20.875 21.0 67.55 50
170146 20.875 21.0 67.55 50
170216 20.875 21.0 67.612 50
170247 20.812 21.0 67.675 50
170317 20.812 21.0 67.675 50
170347 20.812 21.0 67.55 50
170418 20.812 21.0 67.362 50
170448 20.812 21.0 67.362 50
170518 20.937 21.0 67.3 50
170548 20.937 21.0 67.3 50
170619 20.937 21.0 67.237 50
170649 20.937 21.0 67.175 50
170720 20.937 21.0 67.112 50
170750 20.937 21.0 66.987 50
170820 20.937 21.0 66.862 50
170851 20.937 21.0 66.612 50
170921 20.937 21.0 66.175 50
170951 20.937 21.0 65.3 50
171021 21.25 21.0 63.987 0
171051 21.25 21.0 62.987 0
171122 21.25 21.0 62.362 0
171153 21.25 21.0 61.925 0
171223 21.25 21.0 61.675 0
171254 21.562 21.0 61.487 0
171324 21.562 21.0 61.3 0
171355 21.562 21.0 61.175 0
171425 21.562 21.0 61.112 0
171458 21.5 21.0 60.987 0
171528 21.5 21.0 60.862 0
171559 21.5 21.0 60.612 0
171629 21.5 21.0 59.675 0
171700 21.5 21.0 58.3 0
171730 21.562 21.0 56.737 0
171800 21.562 21.0 55.362 0
171831 21.562 21.0 54.55 0
171901 21.562 21.0 53.987 0
171932 21.562 21.0 53.675 0
172002 21.562 21.0 53.425 0
172033 21.562 21.0 53.3 0
172103 21.562 21.0 53.175 0
172133 21.562 21.0 53.112 0
172204 21.562 21.0 53.05 0
172235 21.437 21.0 52.987 0
172306 21.437 21.0 52.987 0
172336 21.437 21.0 53.175 0
172407 21.437 21.0 53.612 0
172437 21.437 21.0 54.3 0
172507 21.312 21.0 54.987 0
172538 21.312 21.0 55.862 0
172608 21.312 21.0 56.925 0
172639 21.312 21.0 58.05 0
172710 21.312 21.0 59.112 0
172740 21.312 21.0 60.3 0
172810 21.312 21.0 61.612 0
172840 21.312 21.0 62.737 0
172910 21.312 21.0 63.675 0
172941 21.312 21.0 64.55 0
173011 21.312 21.0 65.175 0
173042 21.312 21.0 65.675 0
173112 21.312 21.0 66.05 0
173143 21.312 21.0 66.362 0
173213 21.312 21.0 66.612 0
173243 21.25 21.0 66.8 0
173314 21.25 21.0 66.987 0
173344 21.25 21.0 67.175 0
173414 21.25 21.0 67.3 0
173445 21.25 21.0 67.425 0
173515 21.187 21.0 67.487 0
173546 21.187 21.0 67.612 0
173616 21.187 21.0 67.675 0
173646 21.187 21.0 67.675 0
173716 21.187 21.0 67.737 0
173746 21.187 21.0 67.8 0
173817 21.187 21.0 67.862 0
173848 21.187 21.0 67.925 0
173918 21.187 21.0 67.925 0
173949 21.187 21.0 67.987 0
174019 21.062 21.0 67.987 0
174049 21.062 21.0 67.987 0
174119 21.062 21.0 67.987 0
174149 21.062 21.0 68.05 0
174220 21.062 21.0 68.05 0
174250 21.062 21.0 68.05 0
174320 21.062 21.0 68.05 0
174351 21.062 21.0 68.05 0
174421 21.062 21.0 68.05 0
174451 21.062 21.0 68.05 0
174522 21.0 21.0 68.05 0
174553 21.0 21.0 68.112 0
174623 21.0 21.0 68.112 0
174653 21.0 21.0 68.112 0
174723 21.0 21.0 68.112 0
174754 20.937 21.0 68.112 50
174824 20.937 21.0 68.112 50
174854 20.937 21.0 68.112 50
174925 20.937 21.0 68.112 50
174956 20.937 21.0 68.112 50
175026 20.875 21.0 68.05 50
175057 20.875 21.0 68.05 50
175128 20.875 21.0 68.05 50
175158 20.875 21.0 67.987 50
175228 20.875 21.0 67.987 50
175259 21.0 21.0 67.925 50
175329 21.0 21.0 67.925 50
175359 21.0 21.0 67.862 50
175429 21.0 21.0 67.8 50
175459 21.0 21.0 67.675 50
175530 21.0 21.0 67.612 50
175601 21.0 21.0 67.425 50
175631 21.0 21.0 67.175 50
175702 21.0 21.0 66.737 50
175733 21.0 21.0 65.862 50
175803 21.312 21.0 64.55 0
175833 21.312 21.0 63.612 0
175904 21.312 21.0 62.987 0
175935 21.312 21.0 62.55 0
180006 21.5 21.0 62.237 0
180036 21.5 21.0 62.05 0
180106 21.5 21.0 61.925 0
180137 21.5 21.0 61.737 0
180207 21.5 21.0 60.987 0
180238 21.5 21.0 59.612 0
180308 21.5 21.0 57.925 0
180339 21.5 21.0 56.612 0
180409 21.5 21.0 55.737 0
180439 21.5 21.0 55.175 0
180509 21.5 21.0 54.862 0
180540 21.5 21.0 54.612 0
180610 21.5 21.0 54.425 0
180640 21.5 21.0 54.362 0
180711 21.5 21.0 54.3 0
180741 21.5 21.0 54.237 0
180812 21.5 21.0 54.112 0
180842 21.5 21.0 54.05 0
180912 21.5 21.0 53.925 0
180943 21.5 21.0 53.925 0
181013 21.375 21.0 53.987 0
181043 21.375 21.0 54.362 0
181114 21.375 21.0 54.862 0
181144 21.375 21.0 55.55 0
181215 21.375 21.0 56.425 0
181246 21.25 21.0 57.55 0
181316 21.25 21.0 58.612 0
181347 21.25 21.0 59.675 0
181417 21.25 21.0 60.8 0
181448 21.25 21.0 61.987 0
181518 21.187 21.0 63.05 0
181549 21.187 21.0 63.925 0
181619 21.187 21.0 64.675 0
181649 21.187 21.0 65.175 0
181719 21.187 21.0 65.612 0
181750 21.125 21.0 65.987 0
181821 21.125 21.0 66.237 0
181851 21.125 21.0 66.425 0
181922 21.125 21.0 66.55 0
181952 21.125 21.0 66.737 0
182022 21.0 21.0 66.8 0
182052 21.0 21.0 66.925 0
182123 21.0 21.0 67.05 0
182154 21.0 21.0 67.05 0
182224 21.0 21.0 67.175 0
182254 20.875 21.0 67.175 50
182325 20.875 21.0 67.237 50
182355 20.875 21.0 67.3 50
182425 20.875 21.0 67.362 50
182456 20.875 21.0 67.425 50
182526 20.812 21.0 67.425 50
182557 20.812 21.0 67.487 50
182628 20.812 21.0 67.487 50
182658 20.812 21.0 67.487 50
182728 20.812 21.0 67.487 50
182758 20.875 21.0 67.487 50
182828 20.875 21.0 67.487 50
182858 20.875 21.0 67.425 50
182929 20.875 21.0 67.425 50
183000 20.875 21.0 67.362 50
183031 21.0 21.0 67.362 50
183101 21.0 21.0 67.3 50
183132 21.0 21.0 67.175 50
183202 21.0 21.0 66.987 50
183233 21.0 21.0 66.362 50
183303 21.187 21.0 65.237 0
183334 21.187 21.0 64.3 0
183404 21.187 21.0 63.737 0
183434 21.187 21.0 63.3 0
183505 21.187 21.0 63.05 0
183535 21.125 21.0 62.862 0
183606 21.125 21.0 62.675 0
183636 21.125 21.0 62.55 0
183706 21.125 21.0 62.487 0
183736 21.125 21.0 62.362 0
183807 21.312 21.0 62.237 0
183837 21.312 21.0 62.175 0
183907 21.312 21.0 62.112 0
183937 21.312 21.0 61.987 0
184008 21.312 21.0 61.925 0
184039 21.312 21.0 61.862 0
184109 21.312 21.0 61.737 0
184139 21.312 21.0 61.675 0
184210 21.312 21.0 61.55 0
184243 21.125 21.0 61.487 0
184313 21.125 21.0 61.425 0
184343 21.125 21.0 61.362 0
184414 21.125 21.0 61.237 0
184444 21.125 21.0 61.175 0
184515 21.187 21.0 61.05 0
184545 21.187 21.0 60.987 0
184616 21.187 21.0 60.925 0
184647 21.187 21.0 60.862 0
184718 21.187 21.0 60.737 0
184748 21.187 21.0 60.675 0
184818 21.187 21.0 60.612 0
184848 21.187 21.0 60.487 0
184919 21.187 21.0 60.425 0
184949 21.187 21.0 60.05 0
185019 21.125 21.0 59.175 0
185049 21.125 21.0 57.987 0
185120 21.125 21.0 56.55 0
185150 21.125 21.0 55.425 0
185220 21.125 21.0 54.675 0
185250 21.062 21.0 54.175 0
185320 21.062 21.0 53.862 0
185351 21.062 21.0 53.675 0
185422 21.062 21.0 53.55 0
185453 21.062 21.0 53.425 0
185523 21.0 21.0 53.362 0
185554 21.0 21.0 53.362 0
185624 21.0 21.0 53.3 0
185654 21.0 21.0 53.425 0
185725 21.0 21.0 53.675 0
185755 21.0 21.0 54.175 0
185825 21.0 21.0 54.862 0
185856 21.0 21.0 55.737 0
185927 21.0 21.0 56.675 0
185958 21.0 21.0 57.862 0
190028 20.875 21.0 59.175 0
190058 20.875 21.0 60.487 50
190128 20.875 21.0 61.737 50
190159 20.875 21.0 62.612 50
190230 20.875 21.0 63.3 50
190300 20.812 21.0 63.925 50
190330 20.812 21.0 64.362 50
190401 20.812 21.0 64.675 50
190432 20.812 21.0 64.925 50
190502 20.812 21.0 65.05 50
190533 20.812 21.0 65.175 50
190603 20.812 21.0 65.3 50
190634 20.812 21.0 65.362 50
190705 20.812 21.0 65.487 50
190735 20.812 21.0 65.612 50
190805 20.875 21.0 65.425 50
190836 20.875 21.0 65.55 50
190907 20.875 21.0 65.425 50
190937 20.875 21.0 65.362 50
191008 20.875 21.0 65.3 50
191038 20.937 21.0 65.237 50
191108 20.937 21.0 65.112 50
191138 20.937 21.0 64.862 50
191208 20.937 21.0 63.862 50
191239 20.937 21.0 61.925 50
191309 21.125 21.0 59.612 0
191339 21.125 21.0 57.8 0
191410 21.125 21.0 56.675 0
191440 21.125 21.0 55.987 0
191511 21.125 21.0 55.55 0
191541 21.187 21.0 55.237 0
191611 21.187 21.0 55.112 0
191642 21.187 21.0 54.987 0
191712 21.187 21.0 54.925 0
191743 21.187 21.0 54.8 0
191813 21.25 21.0 54.675 0
191844 21.25 21.0 54.675 0
191915 21.25 21.0 54.8 0
191945 21.25 21.0 55.175 0
192015 21.25 21.0 55.8 0
192046 21.312 21.0 56.55 0
192116 21.312 21.0 57.362 0
192147 21.312 21.0 58.425 0
192217 21.312 21.0 59.487 0
192247 21.312 21.0 60.675 0
192317 21.25 21.0 61.8 0
192348 21.25 21.0 62.987 0
192419 21.25 21.0 63.862 0
192449 21.25 21.0 64.612 0
192521 21.187 21.0 65.175 0
192551 21.187 21.0 65.612 0
192622 21.187 21.0 65.987 0
192652 21.187 21.0 66.175 0
192722 21.187 21.0 66.362 0
192752 21.125 21.0 66.55 0
192823 21.125 21.0 66.675 0
192853 21.125 21.0 66.8 0
192924 21.125 21.0 66.862 0
192954 21.125 21.0 66.987 0
193024 21.062 21.0 67.05 0
193054 21.062 21.0 67.112 0
193124 21.062 21.0 67.175 0
193154 21.062 21.0 67.237 0
193225 21.062 21.0 67.3 0
193255 21.0 21.0 67.362 0
193325 21.0 21.0 67.425 0
193356 21.0 21.0 67.487 0
193426 21.0 21.0 67.487 0
193457 21.0 21.0 67.55 0
193527 20.937 21.0 67.612 50
193557 20.937 21.0 67.612 50
193627 20.937 21.0 67.675 50
193657 20.937 21.0 67.737 50
193728 20.937 21.0 67.737 50
193758 20.875 21.0 67.737 50
193829 20.875 21.0 67.737 50
193900 20.875 21.0 67.737 50
193931 20.875 21.0 67.737 50
194001 20.875 21.0 67.737 50
194031 20.875 21.0 67.737 50
194102 20.875 21.0 67.737 50
194132 20.875 21.0 67.675 50
194203 20.875 21.0 67.675 50
194234 20.875 21.0 67.612 50
194304 21.0 21.0 67.612 50
194335 21.0 21.0 67.55 50
194405 21.0 21.0 67.425 50
194436 21.0 21.0 67.112 50
194506 21.0 21.0 66.362 50
194537 21.125 21.0 65.112 0
194607 21.125 21.0 63.862 0
194637 21.125 21.0 63.112 0
194708 21.125 21.0 62.55 0
194738 21.125 21.0 62.237 0
194809 21.25 21.0 61.987 0
194840 21.25 21.0 61.8 0
194910 21.25 21.0 61.675 0
194940 21.25 21.0 61.612 0
195010 21.25 21.0 61.487 0
195041 21.312 21.0 61.425 0
195111 21.312 21.0 61.3 0
195141 21.312 21.0 61.237 0
195211 21.312 21.0 61.175 0
195242 21.312 21.0 61.112 0
195313 21.187 21.0 60.987 0
195343 21.187 21.0 60.925 0
195413 21.187 21.0 60.862 0
195443 21.187 21.0 60.8 0
195514 21.187 21.0 60.737 0
195544 21.125 21.0 60.612 0
195614 21.125 21.0 60.55 0
195645 21.125 21.0 60.487 0
195715 21.125 21.0 60.425 0
195746 21.125 21.0 60.3 0
195816 21.062 21.0 60.237 0
195847 21.062 21.0 60.175 0
195917 21.062 21.0 60.112 0
195947 21.062 21.0 60.05 0
200018 21.062 21.0 59.925 0
200049 21.0 21.0 59.862 0
200119 21.0 21.0 59.8 0
200149 21.0 21.0 59.612 0
200220 21.0 21.0 59.05 0
200250 21.0 21.0 58.05 0
200320 21.0 21.0 56.862 0
200351 21.0 21.0 55.737 0
200421 21.0 21.0 54.987 0
200451 21.0 21.0 54.487 0
200522 21.0 21.0 54.175 0
200553 20.875 21.0 53.987 0
200623 20.875 21.0 53.8 0
200653 20.875 21.0 53.737 0
200723 20.875 21.0 53.675 0
200754 20.875 21.0 53.612 0
200824 20.75 21.0 53.55 0
200855 20.75 21.0 53.487 0
200925 20.75 21.0 53.675 0
200956 20.75 21.0 54.112 0
201028 20.75 21.0 54.8 0
201058 20.75 21.0 55.737 0
201129 20.75 21.0 56.8 0
201159 20.75 21.0 57.862 0
201230 20.75 21.0 58.862 0
201300 20.687 21.0 59.8 0
201330 20.687 21.0 60.862 50
201400 20.687 21.0 61.925 50
201430 20.687 21.0 62.925 50
201501 20.687 21.0 63.675 50
201531 20.75 21.0 64.175 50
201602 20.75 21.0 64.55 50
201632 20.75 21.0 64.8 50
201703 20.75 21.0 64.925 50
201733 20.75 21.0 65.05 50
201804 20.687 21.0 65.175 50
201835 20.687 21.0 65.237 50
201905 20.687 21.0 65.237 50
201936 20.687 21.0 65.3 50
202006 20.687 21.0 65.3 50
202036 20.812 21.0 65.3 50
202106 20.812 21.0 65.3 50
202136 20.812 21.0 65.237 50
202206 20.812 21.0 65.175 50
202237 20.812 21.0 65.175 50
202308 20.937 21.0 65.05 50
202338 20.937 21.0 64.925 50
202409 20.937 21.0 64.612 50
202439 20.937 21.0 63.487 50
202510 20.937 21.0 61.05 50
202540 21.062 21.0 58.237 0
202610 21.062 21.0 56.112 0
202640 21.062 21.0 54.8 0
202711 21.062 21.0 53.987 0
202741 21.062 21.0 53.487 0
202811 21.125 21.0 53.175 0
202842 21.125 21.0 52.925 0
202912 21.125 21.0 52.862 0
202943 21.125 21.0 52.862 0
203013 21.125 21.0 52.862 0
203044 21.125 21.0 52.925 0
203115 21.125 21.0 53.237 0
203145 21.125 21.0 53.737 0
203216 21.125 21.0 54.487 0
203246 21.125 21.0 55.425 0
203317 21.25 21.0 56.55 0
203347 21.25 21.0 57.612 0
203418 21.25 21.0 58.8 0
203448 21.25 21.0 59.987 0
203518 21.25 21.0 61.112 0
203549 21.125 21.0 62.175 0
203619 21.125 21.0 63.3 0
203649 21.125 21.0 64.3 0
203720 21.125 21.0 64.987 0
203751 21.125 21.0 65.55 0
203821 21.062 21.0 65.987 0
203851 21.062 21.0 66.237 0
203922 21.062 21.0 66.487 0
203953 21.062 21.0 66.675 0
204023 21.062 21.0 66.8 0
204053 21.0 21.0 66.987 0
204124 21.0 21.0 67.05 0
204154 21.0 21.0 67.175 0
204224 21.0 21.0 67.3 0
204255 21.0 21.0 67.362 0
204325 21.0 21.0 67.425 0
204355 21.0 21.0 67.487 0
204425 21.0 21.0 67.612 0
204455 21.0 21.0 67.675 0
204526 21.0 21.0 67.675 0
204556 20.937 21.0 67.737 50
204626 20.937 21.0 67.8 50
204657 20.937 21.0 67.862 50
204727 20.937 21.0 67.862 50
204757 20.937 21.0 67.925 50
204827 20.937 21.0 67.987 50
204857 20.937 21.0 67.987 50
204927 20.937 21.0 67.987 50
204958 20.937 21.0 67.987 50
205029 20.937 21.0 67.987 50
205059 21.125 21.0 68.05 0
205129 21.125 21.0 68.112 0
205200 21.125 21.0 68.112 0
205230 21.125 21.0 67.987 0
205301 21.125 21.0 68.05 0
205331 21.312 21.0 68.05 0
205401 21.312 21.0 68.112 0
205431 21.312 21.0 68.112 0
205502 21.312 21.0 68.112 0
205534 21.437 21.0 68.112 0
205605 21.437 21.0 68.112 0
205635 21.437 21.0 68.112 0
205705 21.437 21.0 68.112 0
205736 21.437 21.0 68.112 0
205806 21.437 21.0 68.112 0
205837 21.437 21.0 68.05 0
205907 21.437 21.0 68.05 0
205937 21.437 21.0 68.05 0
210008 21.437 21.0 68.05 0
210038 21.312 21.0 68.05 0
210109 21.312 21.0 67.987 0
210139 21.312 21.0 67.987 0
210209 21.312 21.0 67.987 0
210239 21.312 21.0 67.987 0
210310 21.187 21.0 67.987 0
210340 21.187 21.0 67.925 0
210411 21.187 21.0 67.925 0
210442 21.187 21.0 67.925 0
210512 21.187 21.0 67.925 0
210543 21.062 21.0 67.862 0
210613 21.062 21.0 67.862 0
210644 21.062 21.0 67.862 0
210714 21.062 21.0 67.8 0
210744 21.062 21.0 67.8 0
210815 21.062 21.0 67.8 0
210845 21.062 21.0 67.8 0
210915 21.062 21.0 67.737 0
210946 21.062 21.0 67.737 0
211016 21.062 21.0 67.737 0
211047 21.0 21.0 67.675 0
211117 21.0 21.0 67.675 0
211147 21.0 21.0 67.675 0
211217 21.0 21.0 67.612 0
211247 21.0 21.0 67.612 0
211317 21.0 21.0 67.55 0
211347 21.0 21.0 67.55 0
211418 21.0 21.0 67.55 0
211448 21.0 21.0 67.487 0
211519 21.0 21.0 67.487 0
211549 21.0 21.0 67.425 0
211619 21.0 21.0 67.362 0
211650 21.0 21.0 67.362 0
211720 21.0 21.0 67.3 0
211751 21.0 21.0 67.3 0
211821 20.937 21.0 67.237 50
211852 20.937 21.0 67.237 50
211922 20.937 21.0 67.175 50
211953 20.937 21.0 67.05 50
212024 20.937 21.0 66.862 50
212054 20.875 21.0 66.675 50
212125 20.875 21.0 66.237 50
212155 20.875 21.0 65.675 50
212226 20.875 21.0 64.862 50
212256 20.875 21.0 63.737 50
212326 21.0 21.0 62.425 50
212356 21.0 21.0 60.862 50
212426 21.0 21.0 59.112 0
212456 21.0 21.0 57.675 0
212527 21.0 21.0 56.8 0
212557 21.125 21.0 56.237 0
212628 21.125 21.0 55.862 0
212658 21.125 21.0 55.612 0
212728 21.125 21.0 55.487 0
212758 21.125 21.0 55.362 0
212829 21.25 21.0 55.3 0
212859 21.25 21.0 55.237 0
212930 21.25 21.0 55.175 0
213001 21.25 21.0 55.175 0
213032 21.25 21.0 55.112 0
213102 21.25 21.0 55.112 0
213132 21.25 21.0 55.112 0
213202 21.25 21.0 55.112 0
213233 21.25 21.0 55.175 0
213303 21.25 21.0 55.175 0
213333 21.187 21.0 55.237 0
213404 21.187 21.0 55.362 0
213434 21.187 21.0 55.8 0
213505 21.187 21.0 56.362 0
213535 21.187 21.0 57.112 0
213606 21.125 21.0 58.05 0
213636 21.125 21.0 59.112 0
213707 21.125 21.0 60.175 0
213737 21.125 21.0 61.237 0
213807 21.125 21.0 62.425 0
213838 21.187 21.0 63.612 0
213908 21.187 21.0 64.362 0
213939 21.187 21.0 65.175 0
214010 21.187 21.0 65.425 0
214042 21.062 21.0 65.675 0
214112 21.062 21.0 66.05 0
214143 21.062 21.0 66.3 0
214214 21.062 21.0 66.425 0
214244 21.062 21.0 66.487 0
214314 21.0 21.0 66.55 0
214344 21.0 21.0 66.612 0
214414 21.0 21.0 66.675 0
214445 21.0 21.0 66.737 0
214515 21.0 21.0 66.8 0
214545 20.937 21.0 66.8 50
214615 20.937 21.0 66.862 50
214646 20.937 21.0 66.925 50
214716 20.937 21.0 66.925 50
214747 20.937 21.0 66.987 50
214817 20.875 21.0 66.987 50
214848 20.875 21.0 67.05 50
214918 20.875 21.0 67.05 50
214948 20.875 21.0 67.05 50
215018 20.875 21.0 67.05 50
215049 20.937 21.0 67.05 50
215120 20.937 21.0 67.05 50
215150 20.937 21.0 67.05 50
215221 20.937 21.0 67.05 50
215252 20.937 21.0 66.737 50
215322 21.062 21.0 66.675 0
215352 21.062 21.0 66.612 0
215423 21.062 21.0 66.612 0
215453 21.062 21.0 66.675 0
215524 21.062 21.0 66.55 0
215554 21.187 21.0 66.55 0
215625 21.187 21.0 66.487 0
215655 21.187 21.0 66.425 0
215725 21.187 21.0 66.425 0
215756 21.187 21.0 66.425 0
215826 21.312 21.0 66.362 0
215856 21.312 21.0 66.362 0
215927 21.312 21.0 66.3 0
215957 21.312 21.0 66.3 0
220028 21.312 21.0 66.237 0
220058 21.312 21.0 66.237 0
220128 21.312 21.0 66.3 0
220159 21.312 21.0 66.3 0
220230 21.312 21.0 66.112 0
220300 21.312 21.0 66.175 0
220330 21.312 21.0 66.237 0
220400 21.312 21.0 66.175 0
220431 21.312 21.0 66.112 0
220501 21.312 21.0 65.862 0
220532 21.312 21.0 65.862 0
220602 21.125 21.0 65.8 0
220632 21.125 21.0 65.737 0
220703 21.125 21.0 65.55 0
220733 21.125 21.0 65.425 0
220804 21.125 21.0 65.425 0
220834 21.062 21.0 65.425 0
220905 21.062 21.0 65.425 0
220935 21.062 21.0 65.362 0
221006 21.062 21.0 65.3 0
221036 21.062 21.0 65.237 0
221106 20.937 21.0 65.05 50
221137 20.937 21.0 64.862 50
221207 20.937 21.0 64.237 50
221238 20.937 21.0 63.362 50
221308 20.937 21.0 62.175 50
221338 20.937 21.0 60.487 50
221408 20.937 21.0 58.487 0
221439 20.937 21.0 57.05 0
221509 20.937 21.0 56.175 0
221540 20.937 21.0 55.675 0
221610 20.875 21.0 55.425 0
221641 20.875 21.0 55.175 0
221711 20.875 21.0 55.05 0
221741 20.875 21.0 54.987 0
221811 20.875 21.0 54.862 0
221842 21.0 21.0 54.862 0
221912 21.0 21.0 54.8 0
221942 21.0 21.0 54.737 0
222013 21.0 21.0 54.737 0
222043 21.0 21.0 54.737 0
222114 20.937 21.0 54.362 0
222145 20.937 21.0 54.487 0
222216 20.937 21.0 54.987 0
222246 20.937 21.0 55.55 0
222318 20.812 21.0 56.237 0
222349 20.812 21.0 57.237 0
222419 20.812 21.0 58.237 0
222450 20.812 21.0 59.3 0
222520 20.812 21.0 60.425 50
222551 20.812 21.0 61.612 50
222622 20.812 21.0 62.737 50
222652 20.812 21.0 63.675 50
222723 20.812 21.0 64.362 50
222754 20.812 21.0 64.862 50
222824 20.75 21.0 65.175 50
222854 20.75 21.0 65.3 50
222925 20.75 21.0 65.487 50
222955 20.75 21.0 65.55 50
223026 20.75 21.0 65.675 50
223056 20.812 21.0 65.675 50
223126 20.812 21.0 65.737 50
223156 20.812 21.0 65.737 50
223226 20.812 21.0 65.612 50
223257 20.812 21.0 65.675 50
223328 20.937 21.0 65.612 50
223359 20.937 21.0 65.55 50
223429 20.937 21.0 65.487 50
223459 20.937 21.0 65.3 50
223530 20.937 21.0 64.862 50
223600 21.062 21.0 63.925 0
223630 21.062 21.0 62.925 0
223701 21.062 21.0 62.237 0
223732 21.062 21.0 61.8 0
223802 21.062 21.0 61.487 0
223833 21.125 21.0 61.3 0
223903 21.125 21.0 61.112 0
223934 21.125 21.0 60.987 0
224004 21.125 21.0 60.925 0
224034 21.125 21.0 60.8 0
224104 21.25 21.0 60.737 0
224134 21.25 21.0 60.675 0
224204 21.25 21.0 60.55 0
224235 21.25 21.0 60.487 0
224305 21.25 21.0 60.425 0
224336 21.25 21.0 60.237 0
224406 21.25 21.0 60.3 0
224436 21.25 21.0 60.175 0
224506 21.25 21.0 60.112 0
224537 21.25 21.0 60.05 0
224607 21.25 21.0 59.987 0
224637 21.25 21.0 59.925 0
224708 21.25 21.0 59.862 0
224738 21.25 21.0 59.8 0
224809 21.25 21.0 59.675 0
224839 21.187 21.0 59.612 0
224909 21.187 21.0 59.55 0
224940 21.187 21.0 59.487 0
225010 21.187 21.0 59.425 0
225041 21.187 21.0 59.362 0
225111 21.125 21.0 59.3 0
225141 21.125 21.0 59.237 0
225211 21.125 21.0 59.175 0
225242 21.125 21.0 59.05 0
225312 21.125 21.0 58.987 0
225343 21.0 21.0 58.737 0
225413 21.0 21.0 58.05 0
225443 21.0 21.0 57.112 0
225514 21.0 21.0 56.05 0
225544 21.0 21.0 55.237 0
225614 20.937 21.0 54.675 0
225644 20.937 21.0 54.3 0
225714 20.937 21.0 54.112 0
225745 20.937 21.0 53.925 0
225815 20.937 21.0 53.862 0
225846 20.875 21.0 53.737 0
225917 20.875 21.0 53.8 0
225948 20.875 21.0 53.987 0
230018 20.875 10.0 54.362 0
230048 20.875 10.0 54.987 0
230119 20.812 10.0 56.05 0
230149 20.812 10.0 57.175 0
230220 20.812 10.0 58.175 0
230250 20.812 10.0 59.362 0
230321 20.812 10.0 60.612 0
230351 20.75 10.0 61.737 0
230421 20.75 10.0 62.737 0
230452 20.75 10.0 63.55 0
230523 20.75 10.0 64.3 0
230555 20.625 10.0 64.862 0
230626 20.625 10.0 65.3 0
230656 20.625 10.0 65.675 0
230727 20.625 10.0 65.925 0
230757 20.625 10.0 66.175 0
230828 20.437 10.0 66.3 0
230858 20.437 10.0 66.425 0
230928 20.437 10.0 66.55 0
230959 20.437 10.0 66.612 0
231029 20.437 10.0 66.737 0
231100 20.25 10.0 66.8 0
231130 20.25 10.0 66.862 0
231200 20.25 10.0 66.925 0
231231 20.25 10.0 66.987 0
231301 20.25 10.0 67.05 0
231331 20.125 10.0 67.112 0
231401 20.125 10.0 67.175 0
231432 20.125 10.0 67.237 0
231503 20.125 10.0 67.3 0
231533 20.125 10.0 67.362 0
231604 20.0 10.0 67.362 0
231634 20.0 10.0 67.425 0
231705 20.0 10.0 67.425 0
231735 20.0 10.0 67.487 0
231805 20.0 10.0 67.55 0
231835 19.937 10.0 67.55 0
231905 19.937 10.0 67.55 0
231936 19.937 10.0 67.55 0
232007 19.937 10.0 67.55 0
232037 19.937 10.0 67.612 0
232108 19.812 10.0 67.55 0
232138 19.812 10.0 67.55 0
232208 19.812 10.0 67.55 0
232239 19.812 10.0 67.55 0
232309 19.812 10.0 67.612 0
232340 19.75 10.0 67.612 0
232410 19.75 10.0 67.612 0
232440 19.75 10.0 67.612 0
232511 19.75 10.0 67.612 0
232541 19.75 10.0 67.612 0
232612 19.75 10.0 67.612 0
232642 19.75 10.0 67.612 0
232713 19.75 10.0 67.612 0
232743 19.75 10.0 67.612 0
232813 19.75 10.0 67.612 0
232844 19.75 10.0 67.612 0
232914 19.75 10.0 67.612 0
232944 19.75 10.0 67.612 0
233015 19.75 10.0 67.612 0
233045 19.75 10.0 67.612 0
233116 19.75 10.0 67.612 0
233146 19.75 10.0 67.612 0
233217 19.75 10.0 67.612 0
233247 19.75 10.0 67.612 0
233318 19.75 10.0 67.55 0
233348 19.687 10.0 67.55 0
233418 19.687 10.0 67.55 0
233448 19.687 10.0 67.55 0
233519 19.687 10.0 67.55 0
233549 19.687 10.0 67.55 0
233619 19.687 10.0 67.55 0
233650 19.687 10.0 67.487 0
233720 19.687 10.0 67.487 0
233750 19.687 10.0 67.487 0
233821 19.687 10.0 67.487 0
233851 19.625 10.0 67.487 0
233922 19.625 10.0 67.487 0
233952 19.625 10.0 67.487 0
234022 19.625 10.0 67.425 0
234052 19.625 10.0 67.425 0
234122 19.625 10.0 67.425 0
234153 19.625 10.0 67.425 0
234223 19.625 10.0 67.425 0
234254 19.625 10.0 67.362 0
234324 19.625 10.0 67.362 0
234355 19.562 10.0 67.362 0
234425 19.562 10.0 67.362 0
234456 19.562 10.0 67.3 0
234526 19.562 10.0 67.3 0
234557 19.562 10.0 67.3 0
234627 19.5 10.0 67.3 0
234658 19.5 10.0 67.3 0
234729 19.5 10.0 67.237 0
234800 19.5 10.0 67.237 0
234832 19.5 10.0 67.237 0
234903 19.5 10.0 67.237 0
234933 19.5 10.0 67.237 0
235003 19.5 10.0 67.175 0
235033 19.5 10.0 67.175 0
235104 19.437 10.0 67.175 0
235135 19.437 10.0 67.175 0
235205 19.437 10.0 67.112 0
235236 19.437 10.0 67.112 0
235306 19.437 10.0 67.112 0
235336 19.375 10.0 67.112 0
235407 19.375 10.0 67.112 0
235437 19.375 10.0 67.05 0
235508 19.375 10.0 67.05 0
235538 19.375 10.0 67.05 0
235608 19.375 10.0 66.987 0
235638 19.375 10.0 66.987 0
235708 19.375 10.0 66.987 0
235738 19.375 10.0 66.987 0
235809 19.375 10.0 66.925 0
235839 19.312 10.0 66.925 0
